============================================================
 Lattice Reduction Results | Dim=50 | Seed=1
 File: svpchallengedim50seed1.txt
============================================================

--- Initial State ---
  Ratio (‖b₁‖/GH):  1.45440528
  Orthog. Defect:    53.28183241
  Max Cosine:        0.64813679
  Min Cosine:        0.00028815
  b₁ = [480, 60, -86, -664, 76, -41, -546, -115, 278, -71, -85, -42, 466, -155, 28, -247, -2, 255, 608, -142, 647, -294, -416, -386, 173, -645, -116, 295, 71, -266, -106, 201, -723, -681, -276, -70, -507, 326, -444, 590, -264, -572, 690, 253, 22, -149, -276, 29, -96, 1]

--- New Best Found (Episode 1) ---
  Ratio (‖b₁‖/GH):  1.08216974
  Orthog. Defect:    43.15835361
  Max Cosine:        0.58015305
  Min Cosine:        0.00078045
  b₁ = [235, 3, -17, 80, -402, -53, 64, 305, 32, 61, -334, 122, 86, 112, -134, 66, 290, 23, -33, 36, 408, -410, -286, -598, -93, 200, -167, -56, -51, 104, -110, 409, 132, 242, -827, -226, -419, 759, 233, -210, -49, -101, 8, 167, 212, 8, 75, -253, -285, -25]

--- New Best Found (Episode 1) ---
  Ratio (‖b₁‖/GH):  1.06737028
  Orthog. Defect:    41.78016675
  Max Cosine:        0.54603463
  Min Cosine:        0.00009640
  b₁ = [330, 100, 110, 241, 236, -225, -18, -262, -388, 6, -129, 98, -480, 302, 349, 324, -23, -205, 74, 239, 411, 341, 344, 402, -185, -69, 11, -159, -430, -141, -141, 333, -437, -343, -109, 129, 69, -301, -107, -29, -146, -171, 152, 630, 13, -139, -282, 69, -503, 25]
