============================================================
 Lattice Reduction Results | Dim=54 | Seed=0
 File: svpchallengedim54seed0.txt
============================================================

--- Initial State ---
  Ratio (‖b₁‖/GH):  1.82817328
  Orthog. Defect:    60.05738064
  Max Cosine:        0.63098705
  Min Cosine:        0.00059811
  b₁ = [823, -370, 0, 16, -1166, -59, 54, 71, -276, -16, 201, 319, 510, 758, 731, -150, 234, -362, -431, -366, -454, -139, -453, -597, -127, 162, -262, 651, 48, 609, -97, 171, -106, 1149, -141, -398, -878, 89, -233, 449, 643, 557, -367, -40, -211, 316, -591, -585, 321, 193, 696, 8, 0, 0]

--- New Best Found (Episode 2) ---
  Ratio (‖b₁‖/GH):  1.11196603
  Orthog. Defect:    51.94328694
  Max Cosine:        0.56567097
  Min Cosine:        0.00024625
  b₁ = [289, -209, 171, 53, 22, -287, -292, 427, 81, 260, 268, 170, 187, -77, -113, -298, -97, -449, -234, -131, 49, 376, 29, 189, -87, -216, 574, -110, 359, -132, 416, -205, 419, 263, -445, 211, -129, 619, 37, 181, -250, 29, -258, -232, 155, -449, -96, -141, -369, -150, -347, -152, 346, 451]

--- New Best Found (Episode 2) ---
  Ratio (‖b₁‖/GH):  1.07648735
  Orthog. Defect:    50.27459333
  Max Cosine:        0.59052777
  Min Cosine:        0.00007943
  b₁ = [375, -436, 381, 327, -53, -386, -34, -43, 90, 115, 252, 46, 182, -56, 140, -41, -153, -279, 31, 250, -245, 56, -161, 297, -136, 875, -280, 127, -344, 283, -285, 269, -70, 75, 257, 142, 236, -7, 91, -34, 96, 207, -609, 79, 41, -189, 51, 413, -68, -131, -532, 10, 258, -389]

--- New Best Found (Episode 2) ---
  Ratio (‖b₁‖/GH):  1.06111016
  Orthog. Defect:    49.50785280
  Max Cosine:        0.59252757
  Min Cosine:        0.00059633
  b₁ = [-163, 383, -189, 115, 300, -205, -3, 184, 236, -437, 208, -244, 278, -3, 504, 180, -24, -119, -26, -223, -286, 262, -334, 372, 61, -265, -194, 44, 314, 298, -206, -29, -186, 518, -168, 437, -205, 129, 133, 341, -2, 41, -455, -179, -22, -390, 410, -250, 59, -176, -483, 8, 30, 392]

--- New Best Found (Episode 2) ---
  Ratio (‖b₁‖/GH):  1.05371640
  Orthog. Defect:    48.26771961
  Max Cosine:        0.50485617
  Min Cosine:        0.00000690
  b₁ = [-239, -146, -127, -22, 301, -257, -146, 439, -175, -374, 317, 155, -61, 292, -31, -155, -553, 146, 209, -81, -264, 277, 411, -425, 283, 388, -180, -160, -380, -434, 40, -460, 183, -42, 1, 35, 354, -339, 308, 102, -483, 377, 98, 167, -30, 192, 214, -228, 157, 115, 80, 179, -171, 49]

--- New Best Found (Episode 2) ---
  Ratio (‖b₁‖/GH):  1.05161674
  Orthog. Defect:    49.25327612
  Max Cosine:        0.55103594
  Min Cosine:        0.00022231
  b₁ = [-276, 168, -152, -41, 47, 218, 291, 434, 116, 455, -668, -437, -289, 16, 51, 523, 378, 261, -16, 375, -109, -61, 362, 0, -167, 333, 76, 9, 288, 211, -277, 117, 382, -137, 246, -37, -32, -227, -521, -77, 79, 289, -29, -297, 294, 207, 112, -155, 48, -237, -14, -4, 335, -63]
