============================================================
 Dim=57 Seed=0 File=svpchallengedim57seed0.txt
============================================================
--- Initial ---
  Ratio: 1.70266993
  Defect: 65.56526660  MaxCos: 0.620762  MinCos: 0.000276
  b1 = [-1078, 524, 16, 359, 501, -330, -41, 642, 241, 337, 326, -395, 8, -339, 119, 140, -378, -14, -936, 203, -93, -286, -271, 309, 705, 390, -293, -143, -224, 173, 207, 514, 619, 929, -23, 174, 217, -14, 149, 90, 299, 437, 150, -364, -14, -1, 198, -1165, 308, -730, -77, 251, -844, -259, -90, -41, 0]

--- New Best (Episode 1) ---
  Ratio: 1.21362785
  Defect: 58.46627136  MaxCos: 0.593453  MinCos: 0.000003
  b1 = [308, -281, 20, 494, 231, 183, -229, -9, 333, 37, 170, 340, 270, -292, -286, 341, -221, 51, 182, -9, -235, -326, -68, -128, 296, 17, -88, -94, -14, -476, -284, -214, -41, -84, 433, 500, -264, 154, 732, 143, 568, -484, 124, -162, 583, 160, 374, 157, -468, -59, -278, -250, -672, 372, 64, -139, 118]

--- New Best (Episode 1) ---
  Ratio: 1.11391908
  Defect: 54.26839084  MaxCos: 0.522137  MinCos: 0.000048
  b1 = [94, -262, -337, 498, -250, 432, -12, 244, 22, 153, 16, 526, -178, 517, 350, 281, -379, 91, -286, 192, 7, -118, 159, -62, 267, -131, 50, 102, 177, 270, -204, 7, -294, 139, 66, -124, 629, 0, -9, -325, -623, -257, 59, 627, -227, -327, -235, -42, 22, -182, 56, -512, 73, -293, -193, -253, 100]

--- New Best (Episode 6) ---
  Ratio: 1.10021940
  Defect: 55.19336666  MaxCos: 0.608210  MinCos: 0.000092
  b1 = [-293, 323, 128, 94, 296, -88, -330, 99, 95, 98, 209, -116, -313, -158, -417, 494, 130, -262, -114, 322, -366, -166, -297, 3, 232, -129, -198, -782, -129, -80, -343, 121, 175, 282, 79, 258, 446, 22, 443, -91, 162, -152, 171, -14, -85, 407, 81, -324, 154, -69, -198, 38, 139, -512, -265, -666, -101]

--- New Best (Episode 9) ---
  Ratio: 1.06690682
  Defect: 52.49225435  MaxCos: 0.584806  MinCos: 0.000110
  b1 = [78, -144, 343, 105, -141, 159, -423, -241, 404, 143, -434, 105, 225, -122, 192, -347, -562, 130, 10, -10, 227, -216, -160, -149, 182, -160, 24, 132, -413, 164, -295, -265, 22, -332, -342, 134, 195, 562, 372, 318, 314, 164, 338, -37, 43, 100, 53, 357, 35, 374, -330, -4, 323, -5, 595, -227, -113]

--- New Best (Episode 11) ---
  Ratio: 1.05249474
  Defect: 53.66267694  MaxCos: 0.513372  MinCos: 0.000256
  b1 = [-62, -176, -168, -226, 95, -23, -214, 171, -62, 493, 176, -203, -402, 107, 123, -187, -270, -189, -83, 65, -380, -275, -29, 202, -178, -84, -83, 602, 75, -211, -80, 40, -131, 128, 292, -416, 68, -437, 679, 169, 137, -414, 109, 599, 136, -358, 109, 163, -148, 225, 228, 466, 92, -40, -259, 334, -30]
