============================================================
 Dim=66 Seed=3 File=svpchallengedim66seed3.txt
============================================================
--- Initial ---
  Ratio: 1.45936341
  Defect: 87.60256075  MaxCos: 0.698426  MinCos: 0.000069
  b1 = [638, 29, -94, 469, -408, 55, 404, -625, -797, 237, 541, -277, -792, 31, 250, -315, 176, 18, 363, 90, -98, 181, 124, 194, -207, -92, 152, -126, 321, 30, 61, 545, -494, 105, -154, -317, -175, -552, -113, -335, -549, -336, 295, -805, -157, 196, -305, 522, -647, 114, 479, -353, 261, -645, -301, 51, -655, 65, 376, 153, 7, 70, 91, -140, -293, 53]

--- New Best (Episode 1) ---
  Ratio: 1.31550174
  Defect: 75.16215699  MaxCos: 0.523601  MinCos: 0.000214
  b1 = [-255, -230, -191, -174, 260, -90, -18, -84, 40, 79, -23, -159, 101, 429, 107, -327, 218, -617, 364, 100, -268, 194, 221, -519, 25, 214, -287, 632, 525, -155, 149, -498, -529, 221, 529, 340, 312, 765, -77, -443, 47, -307, -168, 411, -397, 231, 19, -742, 449, 391, -230, 416, -65, -212, -438, 297, 322, 410, -247, -136, -66, 169, -90, -14, 408, 202]

--- New Best (Episode 1) ---
  Ratio: 1.27105073
  Defect: 74.91319861  MaxCos: 0.523601  MinCos: 0.000214
  b1 = [-435, 266, -513, -142, -301, -383, 14, 100, 1, 140, 100, -43, 317, 336, -106, -268, 451, 773, 77, -32, 354, 20, 261, 225, -134, 369, -344, -334, -271, -87, -323, 118, 703, -418, 449, -311, 24, -50, 499, 13, 333, 262, 254, 117, -247, -826, -446, 186, -488, 270, -260, -260, 125, 179, 34, 416, -51, -140, 46, 345, 505, -35, 220, 107, 296, 58]

--- New Best (Episode 1) ---
  Ratio: 1.20210075
  Defect: 72.85457793  MaxCos: 0.556891  MinCos: 0.000030
  b1 = [-363, 83, -36, 128, -64, -146, 230, 233, 109, 89, -216, -213, -205, 545, -143, 88, -137, 193, 372, 378, -188, -130, 57, -65, -284, -1, -31, 390, 268, -26, 574, -109, 157, 279, -669, 284, -458, -495, -97, 662, -117, -284, 218, -560, 138, -110, 130, 95, 502, 35, 296, -557, 85, 129, -645, -594, 101, 106, 139, -132, 290, 121, -206, -379, -306, 99]

--- New Best (Episode 1) ---
  Ratio: 1.17466517
  Defect: 70.94244798  MaxCos: 0.544786  MinCos: 0.000270
  b1 = [316, 290, 154, -232, 93, -288, 385, 316, 208, 220, 102, -261, -645, 133, -331, 138, 275, -173, 39, 353, -278, -273, 190, -413, 621, -160, -501, -310, -162, -645, 55, 115, 64, -197, -164, -527, -627, 173, 216, 146, -300, 587, 62, -78, -445, 52, -15, 317, -130, -45, 6, 375, 62, 194, -70, 60, -84, 183, -320, -62, -352, -270, -236, -203, -319, 110]

--- New Best (Episode 1) ---
  Ratio: 1.14631111
  Defect: 70.20998032  MaxCos: 0.571533  MinCos: 0.000109
  b1 = [-113, 335, 92, -469, 271, 435, 234, -294, 115, -155, -366, -595, -364, -104, 150, -365, 363, 243, 364, -330, -7, 129, 170, 447, 672, 497, -113, -232, -312, -129, 26, -84, -163, 133, 399, -339, -112, 242, 258, -576, -206, -62, -91, 268, -188, 66, -40, -313, -24, 316, -59, -74, 517, 367, -121, -65, -384, -216, -207, 335, -84, 323, -63, -110, -71, 126]

--- New Best (Episode 1) ---
  Ratio: 1.13089167
  Defect: 70.07511801  MaxCos: 0.630024  MinCos: 0.000264
  b1 = [142, 57, -371, 188, -51, 370, -257, -388, 447, -71, 148, -312, 295, 329, -528, 125, 409, 489, -420, 394, -557, 20, 90, -74, 242, -131, 510, -107, -247, 4, -62, -514, 81, -147, -415, 180, -98, -50, 39, 142, -458, -302, -340, -435, -190, -76, 284, -292, 316, -310, 203, -56, 206, -344, -44, 349, -378, -217, 114, -14, 154, 62, -17, -139, -211, -288]

--- New Best (Episode 1) ---
  Ratio: 1.10699154
  Defect: 68.94844150  MaxCos: 0.528367  MinCos: 0.000084
  b1 = [-235, 205, -190, 782, -289, 276, 249, 92, 232, -33, 414, -410, -99, -179, 258, 426, 429, -252, -237, 198, -134, -220, -67, -270, -74, -418, -53, -48, 235, 71, -551, -186, 522, 243, -212, -92, 169, -582, 84, -197, -184, -134, 230, -176, 164, -34, -73, 77, 531, 155, 24, 96, -135, -325, 100, 234, -226, -20, -142, 452, -65, 62, 151, 239, -477, -276]

--- New Best (Episode 4) ---
  Ratio: 1.08812759
  Defect: 70.45693990  MaxCos: 0.555648  MinCos: 0.000036
  b1 = [-258, -124, 404, 157, 73, -164, 163, -280, -457, 220, 89, -5, 300, 202, 416, -432, 301, 10, 12, 691, 526, 145, 4, -337, 288, 521, 75, -192, -64, 229, -41, -38, -169, 67, -74, 218, 625, -262, -318, -380, 314, 49, 277, -152, 114, 478, -21, 143, 142, -201, -560, 82, -383, -107, -190, -41, 251, -47, 43, -20, 323, 161, 69, -179, -38, 211]

--- New Best (Episode 12) ---
  Ratio: 1.04507875
  Defect: 68.34045693  MaxCos: 0.519865  MinCos: 0.000074
  b1 = [-142, -10, 575, -216, -38, -288, 21, 60, 396, 79, 259, 255, -323, 108, 19, -105, -84, -533, -36, -7, 164, -74, -82, -37, 336, -166, 67, 280, -615, 282, -555, -13, -297, 319, 411, 4, 264, 97, 183, -72, -250, 171, 267, -25, -209, -137, 223, -523, -114, -115, -208, -361, 10, 61, -126, -17, 346, -5, 14, -620, 464, 297, 165, -68, -143, -90]
