============================================================
 Dim=70 Seed=0 File=svpchallengedim70seed0.txt
============================================================
--- Initial ---
  Ratio: 1.52146335
  Defect: 98.75111146  MaxCos: 0.677929  MinCos: 0.000049
  b1 = [190, 527, 211, 281, 89, 266, 82, -203, 269, 331, 130, 531, 481, -924, -350, -777, -444, 82, -77, -246, 295, 657, -284, -187, 98, 324, -207, 317, 370, -126, 333, 672, -389, -411, -314, 273, -153, 10, 78, 408, 511, 92, -469, 527, -261, 260, -420, 781, -183, 117, 707, -124, 117, 392, 180, 196, 519, -580, 774, -670, -224, -121, -17, -129, -496, 96, 36, 84, 0, 0]

--- New Best (Episode 1) ---
  Ratio: 1.24294094
  Defect: 97.86566376  MaxCos: 0.623464  MinCos: 0.000128
  b1 = [211, 27, -836, 185, -272, -459, 22, 296, 119, -379, -150, 558, -183, 83, 166, -6, 329, 187, -57, -303, -193, -316, -192, 672, -230, 8, -15, 344, 186, 132, 50, -583, -63, 211, -183, 77, 547, 142, 460, 209, 108, -343, -594, 641, 450, 116, 176, -544, -5, -366, -405, 259, 48, 217, 0, 153, -268, 317, 24, -567, -87, 70, -400, -191, -47, 57, 359, 29, -201, 244]

--- New Best (Episode 1) ---
  Ratio: 1.17241178
  Defect: 92.35547705  MaxCos: 0.574661  MinCos: 0.000091
  b1 = [-360, -142, -309, 66, 372, -72, 361, 180, 218, 50, -185, -145, 62, -240, -81, -658, 245, 41, 32, 41, -125, 329, -24, 35, -62, -85, 249, 191, -239, -157, -115, 381, 154, 209, 42, 50, 352, 131, 207, 96, 516, -185, -592, -257, -690, 157, -125, 437, 1000, 263, -522, 196, 125, -31, 42, -83, 118, -151, -11, 250, 169, 502, -349, -457, 284, -508, 58, -85, 161, 61]

--- New Best (Episode 1) ---
  Ratio: 1.15974333
  Defect: 77.77400878  MaxCos: 0.535716  MinCos: 0.000063
  b1 = [-261, 92, 485, 17, -272, -67, -173, 101, -370, 807, -310, 198, 368, -280, 331, -262, 380, 262, -215, -225, 266, 221, -556, 110, -185, 136, 535, -389, 36, 312, -57, -269, 64, 198, 283, 494, 130, 483, -48, -382, 206, 348, -223, -266, -7, 199, -466, 106, -367, 145, 195, 390, -98, 234, 567, -301, 139, -69, 337, -180, 25, -68, 70, -363, 120, -97, -216, 211, -103, 142]

--- New Best (Episode 3) ---
  Ratio: 1.15099198
  Defect: 76.43469600  MaxCos: 0.569719  MinCos: 0.000144
  b1 = [67, -407, -145, -236, 7, -34, 190, -237, -267, -214, -404, -140, -279, 168, -500, -38, 42, -147, 553, -37, -92, -266, -297, -187, -220, 388, -373, -377, -610, -96, -153, -56, 164, -81, 679, 50, -57, 312, 83, 422, -198, -99, 219, 371, 335, -161, 27, 207, 392, -31, 70, 335, 331, -134, -79, -46, -419, 389, 422, 436, 325, -227, 238, -198, 269, 469, 479, 79, -50, 411]

--- New Best (Episode 7) ---
  Ratio: 1.13620121
  Defect: 76.31289512  MaxCos: 0.580052  MinCos: 0.000017
  b1 = [-159, 378, 100, 339, 211, -243, 241, -171, 11, 216, 197, -162, 198, 211, 27, 171, -9, 180, 449, 376, 48, 416, -19, -163, 300, -51, 384, -286, -165, -52, -76, -8, 87, -539, 715, -221, -238, -303, -12, -155, 320, 473, 298, -170, -194, -302, 4, -145, -495, 16, 309, -744, -5, -114, -572, -40, 252, 51, -167, -91, 501, 175, -610, 257, 172, -11, -253, 14, 301, -126]

--- New Best (Episode 7) ---
  Ratio: 1.13064262
  Defect: 76.59801601  MaxCos: 0.538474  MinCos: 0.000010
  b1 = [273, -135, -370, -501, 185, 18, -261, 207, -399, 87, 45, -184, 616, 445, 106, 97, -466, -67, 372, 205, 440, 194, -225, -227, -7, -122, -255, 360, -261, -30, -15, 147, -206, 327, 145, 383, -396, -242, 594, -461, 48, 110, -294, -555, 113, 155, -233, 176, -253, -138, 475, 63, -10, -72, -129, 9, -19, -346, -133, 218, -121, -173, 129, 499, -579, -168, -49, 330, 49, -274]

--- New Best (Episode 8) ---
  Ratio: 1.10872695
  Defect: 76.91911683  MaxCos: 0.639016  MinCos: 0.000002
  b1 = [-78, 163, 367, 299, 11, -514, -429, -337, 386, 39, -102, 96, -106, 285, 430, 789, -99, 47, 361, 283, -68, -363, -282, 67, 323, -297, -227, 515, 154, 397, -132, 242, 428, -132, -131, 123, -215, -94, -151, -206, 19, 7, 162, -291, 358, -45, 68, -138, -225, 405, 68, 493, 190, -11, 250, -213, -20, -222, 250, -169, -579, 287, -233, 368, -38, 390, -114, 5, -129, 98]

--- New Best (Episode 10) ---
  Ratio: 1.09429771
  Defect: 76.18977985  MaxCos: 0.643380  MinCos: 0.000034
  b1 = [374, -532, 262, -235, -10, 59, -135, 38, -386, 97, 193, -227, 9, -392, -118, -442, 218, -155, -81, -273, 240, 336, -273, -168, -643, -180, -85, -156, 115, 358, -163, -213, 425, -372, -14, 351, -437, 366, 119, 86, 357, -13, -487, 14, 318, -36, 98, -128, 397, 279, -192, -126, 131, -564, 156, 117, 363, -10, -327, 189, -113, -4, 459, -504, 278, -58, 38, 112, -167, 112]

--- New Best (Episode 23) ---
  Ratio: 1.06761219
  Defect: 77.86392340  MaxCos: 0.599065  MinCos: 0.000133
  b1 = [-165, 84, 125, -251, 143, -91, 200, 67, -640, 636, -313, 285, -113, -299, -92, 59, -339, -272, -56, -64, 187, -315, 47, 46, 199, -364, 128, -16, -395, -79, -194, 77, -237, 102, 174, 63, 257, 86, -342, 408, -356, 393, 55, -255, -94, -356, 548, 239, -127, 70, 2, 192, -99, 19, -107, 546, -91, 286, 26, 61, 184, -164, 161, 483, 208, 743, 13, 128, -274, 281]
