============================================================
 Dim=79 Seed=0 File=svpchallengedim79seed0.txt
============================================================
--- Initial ---
  Ratio: 1.30070201
  Defect: 127.81227750  MaxCos: 0.620695  MinCos: 0.000099
  b1 = [-316, -403, -109, -563, -187, -372, 6, -95, -124, -32, -18, -723, 21, 293, -95, -35, 477, -99, -357, 279, -153, 329, 136, -682, 288, -237, -303, -72, -483, -70, -385, 146, -93, 115, -425, 157, -88, -63, -667, 378, 128, 291, 110, -37, 81, 98, -157, -23, -262, 318, -442, 260, 198, -139, -104, 238, 54, 90, 171, -599, 462, -242, 57, 321, 602, 629, -125, 152, 398, 294, 876, 123, -305, -303, 132, 9, -563, -643, 117]

--- New Best (Episode 1) ---
  Ratio: 1.24881441
  Defect: 118.94846944  MaxCos: 0.561950  MinCos: 0.000003
  b1 = [253, 120, -407, -170, -14, -97, -47, -118, -276, -139, 317, -386, -98, -390, 184, -293, 611, -403, -474, 114, -24, -505, -403, 144, 455, 102, 267, 741, 344, 256, 774, 138, 175, 168, 257, -91, -35, -868, -114, 392, -127, -289, 388, -15, -77, 134, -91, -218, -156, 276, 150, 121, -265, -19, 324, 52, 424, 160, 141, 131, -305, -508, -150, -109, -117, -295, 90, 446, -309, -83, -130, -185, 606, 620, 288, 39, 153, 340, 132]

--- New Best (Episode 1) ---
  Ratio: 1.23271603
  Defect: 116.62813067  MaxCos: 0.566602  MinCos: 0.000172
  b1 = [667, 549, 86, 520, -261, 188, -70, 59, -207, 128, -461, -601, -336, 188, 441, 286, -163, 100, 185, 791, -204, -264, -284, -243, 134, 367, -492, 140, 181, 259, 81, -45, 173, -145, -276, -131, -341, -2, -266, -98, -464, 198, 661, -33, -67, -387, 362, -253, 350, 234, -286, 149, -291, -16, 395, -8, 226, -8, -548, 610, -26, -241, -240, -548, 272, 100, 133, -142, -271, -213, 253, 445, 69, 46, 247, 128, 35, -199, 170]

--- New Best (Episode 1) ---
  Ratio: 1.22347878
  Defect: 96.53853712  MaxCos: 0.566956  MinCos: 0.000015
  b1 = [-509, -585, 165, 205, -151, -116, -20, -82, 532, 217, 199, -103, -256, 182, 37, 322, 532, -406, 421, -112, 624, 27, -730, 262, -148, 26, -92, 14, -239, -288, -185, -494, 503, 75, -20, -100, 326, -387, 435, -239, -79, -304, 64, 430, -26, -161, -304, 97, -306, -166, 494, 400, -475, 245, 525, 111, 118, 140, 397, -267, -339, 90, 176, 42, 425, -105, -180, 570, 3, 419, -154, 114, 21, 94, 391, 40, 128, 465, 129]

--- New Best (Episode 1) ---
  Ratio: 1.21185584
  Defect: 96.63313602  MaxCos: 0.566956  MinCos: 0.000015
  b1 = [-223, -230, 253, 11, -361, -111, -765, -485, 541, -221, 262, -505, 131, -32, -228, -304, -182, -37, 538, -311, 549, 251, 13, 107, -110, -208, 228, 213, 63, 74, 149, -330, -157, 239, 237, -492, -230, 237, 157, 45, -441, -192, 415, -19, -15, 60, -179, -167, -341, 193, -335, 247, 316, -128, 380, -21, 667, 738, 242, 422, 68, 234, -403, -36, -162, 11, -20, 152, -424, 261, 171, 159, 146, 673, -36, -120, -417, 147, 112]

--- New Best (Episode 1) ---
  Ratio: 1.19759052
  Defect: 96.10738879  MaxCos: 0.620200  MinCos: 0.000115
  b1 = [347, 6, -58, 35, 374, 815, 40, 338, 106, -253, 329, -402, 432, 149, 198, 252, 82, -771, -36, -25, 58, -406, -12, 140, -343, 458, 212, -285, -483, -268, 139, -252, 176, -1, 561, -73, -253, -113, -216, 432, -74, -106, 36, 501, 1, -169, -56, -210, 147, -269, -42, 758, 369, -73, -35, 397, -346, -18, -16, 447, 244, -290, 462, -78, 119, 12, -119, -135, 249, 275, 442, 192, 449, -189, 440, 318, -24, -46, 81]

--- New Best (Episode 1) ---
  Ratio: 1.19486113
  Defect: 94.98765393  MaxCos: 0.620200  MinCos: 0.000098
  b1 = [234, 404, -22, -319, 48, -215, 759, 201, -782, 298, 185, -527, 328, 144, 182, 228, 136, -6, -224, -119, 337, 45, 209, 161, -46, -251, 185, 205, 321, 375, -60, 37, 233, 54, 368, -269, -199, -293, 107, 11, 357, 510, 264, 16, 19, 284, -81, -331, 564, 20, 515, 353, -244, 84, 214, -354, 254, -303, 224, 222, 346, 109, 85, 48, -315, -163, 15, -134, 169, -324, 230, -510, -2, -114, -290, 274, -536, -479, 610]

--- New Best (Episode 1) ---
  Ratio: 1.17102988
  Defect: 95.52466017  MaxCos: 0.561567  MinCos: 0.000029
  b1 = [5, 54, 19, -84, -388, 171, -443, 41, -101, -605, -455, -65, -338, -351, -547, 179, 408, -264, 200, -262, 120, -181, -45, -87, 80, -446, 75, -71, -184, 207, -174, 132, -355, -393, -412, -160, -42, 184, -279, -241, 380, -108, 12, -219, -412, -183, -313, 245, -348, 205, -35, 205, 42, -124, 497, -284, 415, 224, -116, 142, -368, 195, 265, -47, -484, -194, 151, -573, 151, -210, -536, 760, -285, 1, -341, -204, -174, 35, 519]

--- New Best (Episode 2) ---
  Ratio: 1.14754808
  Defect: 94.74058196  MaxCos: 0.567460  MinCos: 0.000030
  b1 = [185, 262, -328, 160, 92, 689, 168, -18, 611, 66, -111, -174, 15, -286, -392, -412, -670, -35, 24, -161, 30, -250, 179, -192, -81, 115, -65, 60, -321, 274, 335, -248, -272, 537, 290, -370, -86, -46, -499, 136, 486, 457, -53, -351, 375, 319, -37, 141, 279, -470, -275, 55, -62, 484, 145, -247, 672, -195, -185, -124, -325, -184, -238, 38, 202, -155, 147, 48, -256, 186, -131, -340, -51, -227, 212, -48, -445, 226, -140]

--- New Best (Episode 3) ---
  Ratio: 1.12112445
  Defect: 96.42820478  MaxCos: 0.518191  MinCos: 0.000009
  b1 = [338, -35, 20, 31, 285, -431, -551, -114, 523, 564, -399, -96, -42, -46, -682, 24, 320, -45, 143, 89, -242, 506, -106, 208, 373, -208, -336, -226, 260, 16, 74, 60, -50, 10, 42, 181, 548, 158, -287, -236, 107, 150, -327, 28, 148, -4, 346, 127, 312, 152, 73, -311, 352, 127, -371, -270, -46, -756, 389, 199, -529, 121, 252, 245, 471, -118, -94, 355, 238, 186, -254, -195, -17, -10, -167, -36, -48, 253, 146]

--- New Best (Episode 6) ---
  Ratio: 1.10845137
  Defect: 94.55507146  MaxCos: 0.612645  MinCos: 0.000017
  b1 = [243, 39, 58, -185, 54, 65, -67, 125, -322, 459, 74, 112, 306, 51, 353, -261, -461, 67, 369, -314, -559, 360, -369, -119, 344, -334, 179, 214, 253, -204, 427, 467, -280, -249, -370, 40, -291, -256, 175, -187, -402, -335, -523, -146, -156, 258, -343, -379, 134, -120, 213, -119, 89, 49, -326, -404, 119, 410, 53, -20, -204, -42, 78, 173, -125, 4, 367, -130, -14, -114, -638, 25, -511, 353, -112, 97, 143, -525, -82]

--- New Best (Episode 10) ---
  Ratio: 1.09639824
  Defect: 94.41137017  MaxCos: 0.509874  MinCos: 0.000010
  b1 = [788, 425, 115, 71, 239, -199, -376, 78, -75, 182, -19, 169, 127, 99, 393, 212, 274, 130, -292, -13, 11, 215, -92, -194, 159, 176, 171, -58, 397, -238, -179, 93, -183, -136, -132, -113, 720, -97, 384, -183, 133, -445, -402, -32, 506, -419, -20, 154, 784, -568, -149, -248, -133, 39, -81, -154, -151, 45, 10, 63, -268, 16, 100, 49, -445, -321, 277, -86, -64, -62, 31, -108, 355, 71, -666, -41, -108, 191, -130]

--- New Best (Episode 16) ---
  Ratio: 1.06904043
  Defect: 95.64591133  MaxCos: 0.534004  MinCos: 0.000021
  b1 = [268, 130, 92, 14, 748, 159, 109, -157, 282, -256, -92, -361, -70, -270, -183, -267, -118, 148, 257, 57, 144, 191, 258, -321, 647, -267, 497, -78, 32, 340, 410, -22, -307, -464, -703, 145, -41, -73, 21, -78, 25, 109, -30, 399, 136, -244, -14, 8, 87, 129, 506, -28, -15, 123, -162, -26, -235, -624, -631, 229, -40, 193, 139, -21, 185, 245, 168, 9, -18, -13, 343, 0, -189, -419, -100, -235, 306, -130, -11]
