============================================================
 Lattice Reduction Results | Dim=54 | Seed=5
 File: svpchallengedim54seed5.txt
============================================================

--- Initial State ---
  Ratio (‖b₁‖/GH):  1.42492109
  Orthog. Defect:    59.07909720
  Max Cosine:        0.59580392
  Min Cosine:        0.00001071
  b₁ = [-451, 90, 598, 125, 209, -382, 104, -124, -328, -111, -170, 401, 78, 547, 12, -449, 191, 122, -183, -929, -68, -320, -537, -37, -655, 107, -503, 336, -200, -353, -486, 38, 26, 176, -210, 98, 593, 190, -348, 434, -136, -459, -220, 425, -293, 111, 392, 197, -797, 57, 29, -375, 148, -264]

--- New Best Found (Episode 10) ---
  Ratio (‖b₁‖/GH):  1.09079409
  Orthog. Defect:    51.72877833
  Max Cosine:        0.57816952
  Min Cosine:        0.00054220
  b₁ = [-273, 265, 25, 37, -126, 220, -287, 326, -312, 381, -670, -100, -95, 4, -246, 59, 46, -122, 427, -268, -260, -157, 92, -418, -1, -94, 300, 226, 57, -71, -27, -24, -722, 150, 101, 48, 487, 131, -145, 111, 189, 368, -190, 178, 385, 167, 59, 508, 51, -656, 9, -134, -18, 2]

--- New Best Found (Episode 10) ---
  Ratio (‖b₁‖/GH):  1.08776594
  Orthog. Defect:    49.23521079
  Max Cosine:        0.54746324
  Min Cosine:        0.00116536
  b₁ = [-4, 129, -338, 66, -92, -106, 324, 203, -218, 186, 179, 265, -47, 340, -432, -243, -254, 129, 418, -135, 524, -73, 212, 238, -148, 312, -493, -478, -194, -145, -299, -515, 120, -56, 77, -85, 264, 439, -229, -263, 428, 266, -1, 254, -141, -285, -127, -30, 135, 417, -202, -233, 267, 335]

--- New Best Found (Episode 10) ---
  Ratio (‖b₁‖/GH):  1.07111823
  Orthog. Defect:    49.92989884
  Max Cosine:        0.54214770
  Min Cosine:        0.00024121
  b₁ = [-162, -459, 84, -288, -89, -135, 110, -88, 310, -108, -51, -442, -302, 289, -68, 394, -208, -11, -76, -178, 45, -20, 22, -322, -110, 227, -641, -459, -53, 246, -87, -483, 7, 6, -129, 434, 202, 283, -247, -292, 378, -3, -159, 291, 132, 379, 129, 283, 142, -447, -284, 133, 262, -393]
