============================================================
 Lattice Reduction Results | Dim=54 | Seed=2
 File: svpchallengedim54seed2.txt
============================================================

--- Initial State ---
  Ratio (‖b₁‖/GH):  1.47890030
  Orthog. Defect:    60.67917063
  Max Cosine:        0.65533346
  Min Cosine:        0.00009889
  b₁ = [76, -153, -610, 154, 16, -219, -173, 20, 42, -338, 531, -185, 218, -242, -202, 80, -396, 440, -212, -550, 28, 17, 467, 239, -547, -119, 642, 317, 162, 488, -188, -65, -506, 460, -1242, -549, -377, -485, -234, -179, 385, -251, -13, -82, -686, -560, 197, 188, -227, 59, 267, 231, -141, -29]

--- New Best Found (Episode 3) ---
  Ratio (‖b₁‖/GH):  1.15405843
  Orthog. Defect:    49.63910160
  Max Cosine:        0.57854760
  Min Cosine:        0.00001986
  b₁ = [129, 129, -218, -204, -217, 3, 212, -415, 102, -72, -768, -573, -113, -23, -297, -23, 496, -522, -101, -266, -32, 358, -39, 566, -185, -27, 62, 156, 296, 167, 199, 337, -75, 402, -248, -24, 52, 194, 483, 78, -185, -479, -32, 266, 62, 210, 121, 369, -104, -23, 212, 507, 496, -70]

--- New Best Found (Episode 3) ---
  Ratio (‖b₁‖/GH):  1.13302959
  Orthog. Defect:    51.43200448
  Max Cosine:        0.53398591
  Min Cosine:        0.00001704
  b₁ = [-201, -82, 15, 723, 241, 209, -468, 97, 348, 342, -356, 330, 395, 4, 233, -568, 53, 398, 3, 222, -466, -296, 244, -3, -4, -92, 537, 356, 428, 126, -43, 323, 388, -135, 38, 203, 43, 306, -293, 295, 37, 29, 197, 326, 112, 148, 61, -175, -337, 354, -147, -148, -243, 71]

--- New Best Found (Episode 3) ---
  Ratio (‖b₁‖/GH):  1.09712313
  Orthog. Defect:    47.92717346
  Max Cosine:        0.57265151
  Min Cosine:        0.00047779
  b₁ = [-429, -60, -721, 24, -213, -373, -439, -8, 296, -33, -209, -291, 363, 311, -42, -106, 125, -496, 343, 69, -78, -275, 196, 186, 286, -223, -223, 472, -194, -428, 235, 88, -400, 265, -149, 293, -203, 219, -101, 444, -180, 222, 496, 204, -71, -9, -81, -62, -185, -43, 340, 73, -201, 11]
