============================================================
 Lattice Reduction Results | Dim=59 | Seed=9
 File: svpchallengedim59seed9.txt
============================================================

--- Initial State ---
  Ratio (‖b₁‖/GH):  1.52885204
  Orthog. Defect:    68.39062500
  Max Cosine:        0.60316116
  Min Cosine:        0.00017688
  b₁ = [509, -346, 197, 605, -446, -229, 496, -253, -69, -674, 339, -821, 797, -443, 550, -172, -657, -197, -598, 399, 460, -224, 132, -83, -206, -681, 24, -155, 516, -581, 274, -487, 270, 158, -175, 42, 460, 186, 283, -101, -365, -217, 78, -17, -639, -107, 560, -357, -7, -92, -224, -2, 183, 169, -112, -76, -451, -76, 25]
