============================================================
 Lattice Reduction Results | Dim=59 | Seed=0
 File: svpchallengedim59seed0.txt
============================================================

--- Initial State ---
  Ratio (‖b₁‖/GH):  1.67693269
  Orthog. Defect:    72.13348389
  Max Cosine:        0.62118489
  Min Cosine:        0.00026108
  b₁ = [120, 53, 96, 47, 847, -457, 717, 37, 315, 534, 42, 133, 6, -561, 337, 328, -26, -81, 373, -476, -213, -774, 485, -31, 395, 169, 10, 559, -263, 799, 114, 210, -519, 257, 221, 875, 400, 60, -109, 245, 125, 1281, 374, -12, 486, 651, 231, -329, -9, 569, -237, 569, -115, -660, 176, -243, -46, 6, 0]
