============================================================
 FINAL SUMMARY | Dim=54
============================================================

Seeds reached goal (<1.05): 3 / 9

  [✓] Seed  1 | Ratio=1.009466 | Found at Ep 1 | File: svpchallengedim54seed1.txt
  [✓] Seed  7 | Ratio=1.024925 | Found at Ep 23 | File: svpchallengedim54seed7.txt
  [✓] Seed  0 | Ratio=1.042180 | Found at Ep 2 | File: svpchallengedim54seed0.txt
  [✗] Seed  3 | Ratio=1.050696 | Found at Ep 28 | File: svpchallengedim54seed3.txt
  [✗] Seed 13 | Ratio=1.050808 | Found at Ep 19 | File: svpchallengedim54seed13.txt
  [✗] Seed 11 | Ratio=1.063711 | Found at Ep 30 | File: svpchallengedim54seed11.txt
  [✗] Seed  2 | Ratio=1.065917 | Found at Ep 3 | File: svpchallengedim54seed2.txt
  [✗] Seed  5 | Ratio=1.071118 | Found at Ep 10 | File: svpchallengedim54seed5.txt
  [✗] Seed  9 | Ratio=1.082165 | Found at Ep 8 | File: svpchallengedim54seed9.txt

============================================================
FULL BASIS MATRICES (ratio < 1.05)
============================================================

--- Seed 1 (ratio=1.009466) ---
[
  [255 -374 328 115 358 -196 175 109 348 -421 167 78 -166 396 145 -152 -335 185 167 76 -82 -295 40 28 -73 0 -24 103 220 336 230 -328 55 -97 453 -315 117 528 191 -12 284 -73 -243 150 -265 -401 295 337 -57 -491 223 35 201 -222]
  [414 -108 -349 -111 -108 -380 -14 381 100 -218 380 11 -49 -535 -500 -237 -288 -88 -17 69 -580 146 114 31 39 100 63 -427 -399 -152 117 122 -458 61 165 326 93 -147 15 314 -138 365 -308 -414 -532 -17 450 -59 393 -259 104 -595 -315 -218]
  [-389 210 -16 103 170 299 -17 -352 21 155 321 138 141 538 248 -223 -603 -143 161 53 296 68 194 -455 -269 -91 398 -403 228 302 420 261 432 -276 -451 -93 -230 -152 -271 122 243 -530 -60 30 692 -397 -5 26 -466 131 -179 128 46 40]
  [-292 -86 -360 504 65 67 -249 529 -116 -143 -10 91 84 225 580 -55 -243 160 -17 -247 -185 303 308 -161 -27 211 -146 217 421 25 119 294 589 29 -665 382 -308 137 -251 54 -68 -491 192 428 534 -291 -93 -416 -243 252 347 559 403 90]
  [-67 232 252 26 -104 -347 45 -46 140 30 102 -14 101 392 -678 149 -392 -123 -325 345 105 -245 -202 42 -217 -481 -43 -482 237 -151 -120 321 -345 -174 399 56 188 214 -255 694 294 81 -19 -358 -473 -311 478 -124 448 -73 -174 -423 -898 -396]
  [251 454 -110 -548 228 -206 -23 -148 -77 -181 327 -415 -5 -603 69 -141 -745 -362 295 699 -195 640 -103 230 -248 362 267 -315 -382 273 412 224 -273 -308 102 -171 -199 -369 129 -207 247 159 -356 225 -7 -195 187 606 -107 -80 -428 -715 -290 251]
  [-236 -102 -338 -210 74 87 230 490 -115 -170 -192 -491 245 -748 185 73 -86 107 -421 4 -172 166 -1 673 -558 65 -445 23 -194 -111 11 -125 241 305 184 578 139 118 196 -115 380 409 -371 -231 -480 319 235 -76 87 -359 618 -221 -283 -288]
  [-406 455 -340 -23 179 -13 85 808 -273 -29 -253 -331 164 -432 621 604 -130 433 127 281 -116 4 -67 215 91 -26 -314 -516 324 -117 -180 -168 89 557 298 392 -132 175 132 -504 -151 57 -421 -207 107 370 82 41 -315 398 102 223 -48 40]
  [67 4 -67 -25 480 351 11 115 -274 104 -481 -455 -57 -115 725 -177 -1031 107 106 250 168 -329 -115 -593 73 -186 322 -492 215 -135 -204 27 -71 -100 -182 -140 -118 477 164 22 164 -564 -478 -40 451 -118 -192 -124 -370 170 -199 -33 -94 256]
  [-259 -113 -244 370 -44 -174 52 80 -43 -147 -508 -563 -456 -376 372 146 -155 125 227 -43 20 -522 81 -285 -83 -337 -153 36 -209 -297 -11 -240 650 659 241 329 169 663 179 -98 -100 -386 -231 -304 159 140 379 -190 390 -69 76 -157 -382 -160]
  [146 225 -10 -412 -213 -209 353 283 15 501 279 166 105 -188 -158 476 -193 278 -35 408 140 -213 -385 527 120 371 177 -102 380 117 20 421 -465 140 794 131 -331 -74 -180 -50 -232 465 -267 256 -296 -56 -359 726 -318 404 -103 227 -43 109]
  [9 -235 -299 -468 77 109 367 301 458 50 620 212 126 -318 -464 238 53 125 -476 41 254 370 216 176 56 -121 -360 -340 -232 -179 330 451 197 194 276 250 120 -563 -252 -57 -19 887 -417 -586 -273 117 -505 -235 36 375 525 9 148 -185]
  [341 124 -77 957 -88 -179 -539 -120 -74 -596 234 486 -84 -26 -430 -298 -268 -44 342 35 -273 44 362 -220 -297 -553 125 -15 394 285 104 218 143 -246 -865 613 102 150 -430 422 -164 -549 653 375 -174 -163 694 -235 -165 -34 -106 -395 -67 48]
  [-310 437 -53 -145 -696 -32 -189 846 -495 637 48 -224 -87 -311 -291 324 420 72 -464 155 -323 -163 -500 452 459 283 -83 102 203 136 -582 -110 -225 186 519 587 -545 -103 10 17 161 -100 179 -194 -88 -202 310 -181 642 266 -128 -140 -318 -52]
  [-530 82 107 -155 83 -146 -220 -106 273 322 -123 -90 523 207 124 62 42 -711 -300 67 -104 683 329 758 -297 167 -688 29 -76 -301 149 -148 17 369 -23 -638 356 -69 236 -32 458 255 464 574 -223 307 82 -148 -19 -99 121 -149 -35 -348]
  [-456 302 387 155 194 116 -30 -223 -420 -202 -659 -304 -454 101 646 568 433 -9 22 203 278 390 -202 -24 215 152 100 -78 157 -116 -341 -535 -36 -96 -195 295 207 273 -67 21 249 -122 -1 -306 363 -166 -61 -19 384 58 -379 -191 -186 -407]
  [-88 -352 -69 558 -62 -47 -241 -117 436 -306 742 317 -326 474 267 -357 145 -625 -58 -296 -412 391 303 264 187 141 -269 -161 -229 -32 153 -94 21 362 -141 388 27 -91 -483 911 -199 -196 559 -62 472 -546 645 -758 784 -244 -111 -67 -362 -657]
  [-34 449 181 177 -651 -173 -90 271 -412 -39 -145 36 303 -176 -516 -170 338 618 -308 18 190 364 -581 -155 -243 169 -98 1014 -7 -410 0 481 887 -168 -359 247 -215 -59 -307 -86 -65 -273 504 433 321 -291 -172 217 49 551 121 366 -81 412]
  [287 -53 116 -94 277 416 313 -9 417 -9 510 907 182 185 108 -532 -85 65 -186 -483 167 115 341 -412 -511 3 -58 -267 -10 -295 359 240 248 567 -573 -38 -72 -559 -241 380 -173 589 119 -276 265 101 -604 -85 -521 458 -198 -215 401 -76]
  [-327 -299 115 88 259 -568 151 429 359 229 -185 -152 -294 363 128 217 199 -156 456 -354 -41 236 296 -485 360 90 75 242 441 346 -98 -19 409 58 -258 -666 -146 403 117 -545 -47 -330 -314 -224 145 -450 -218 -257 182 129 654 1108 516 318]
  [511 -750 565 -168 -199 459 520 -402 129 70 149 360 285 242 -220 -64 120 534 -115 80 636 -773 107 452 -556 -205 115 279 188 498 -363 -109 28 214 689 -28 202 -301 338 106 -136 -107 -118 280 -54 74 27 175 -241 -126 -201 -90 50 -23]
  [37 71 375 13 -30 346 -240 -256 106 166 -875 -393 -144 155 608 -93 297 -96 -314 -495 39 91 -157 -39 238 250 -5 674 -844 -741 -27 -241 -105 294 -579 98 83 80 -173 41 -441 614 125 -199 458 80 -406 -184 17 240 121 311 -54 206]
  [-103 -46 206 131 -122 479 -148 -3 -142 -83 -372 -123 -305 199 63 848 72 -45 -192 -99 560 -210 627 -464 -318 32 -549 944 6 228 186 87 601 103 -52 88 108 -484 141 -476 265 32 -166 -5 47 -149 131 -497 152 433 -173 -43 677 -33]
  [400 -393 -537 478 -600 -79 396 140 85 23 200 262 -34 -215 -268 -138 421 -476 322 -520 -444 -209 -188 -370 162 562 121 511 -432 -232 -47 564 -496 -144 -594 510 -278 115 -138 317 -489 138 -164 -47 -6 534 -139 -110 290 -146 115 1004 371 341]
  [-1047 397 -296 -53 -1 194 141 -232 124 439 50 -340 -235 -246 118 -161 229 51 9 22 292 -687 -23 -124 248 -372 288 -268 560 276 -76 -272 801 4 236 57 -309 240 4 331 -113 -230 274 -219 -126 64 17 76 285 -329 -82 274 -771 -182]
  [36 -176 638 73 176 459 259 61 -253 274 -564 139 467 182 -337 -633 262 596 -1 -906 64 -339 -216 -317 4 257 202 212 449 -23 -756 -127 -6 9 -126 -526 -145 65 818 342 -85 -501 699 7 -333 152 -537 -203 -283 -138 -138 520 181 249]
  [122 186 -304 95 161 -10 309 -144 388 -65 462 -44 453 -129 -457 -677 31 -147 -650 158 519 97 269 365 -815 -442 -256 283 613 -141 84 81 416 34 -215 -113 -133 -340 -126 -20 485 396 423 204 -161 400 239 123 -66 -97 -53 -466 -458 -64]
  [396 -821 554 215 36 31 117 285 36 30 -598 -31 -394 341 502 -666 -400 71 -189 -454 -379 -42 207 211 717 753 98 548 302 -433 -570 -170 -625 349 200 -84 -260 -21 588 136 -93 203 257 574 -345 -357 -62 141 -72 -53 -241 24 439 -260]
  [-353 -5 379 -37 -129 -514 -11 -287 126 -113 -459 54 -504 375 135 -274 759 35 -419 -358 362 42 27 -183 484 175 -165 412 681 -190 -864 -385 266 375 -321 89 241 -35 -19 -35 -327 -43 211 -477 204 -60 -300 -558 658 113 -148 -125 65 -240]
  [-684 -181 -227 -194 -49 -23 112 -718 384 -540 -210 23 47 289 -31 23 211 -859 -247 -17 -11 127 -15 550 -170 32 -749 -378 -250 117 237 -7 403 212 416 -105 686 427 248 -62 421 -105 233 164 -306 753 489 170 229 -410 -375 -9 -123 -131]
  [225 -355 -400 -284 -367 -809 170 155 776 263 -5 -356 -238 179 -82 236 531 39 360 -175 -138 15 467 516 326 304 -233 139 -167 272 69 175 468 908 256 -257 31 -252 269 -752 -78 234 -245 -593 -10 623 42 135 207 596 -72 15 441 600]
  [204 -223 110 839 171 136 361 -78 -253 -97 53 -116 637 404 122 -164 -414 -232 -343 52 556 11 75 80 -984 -377 -465 62 249 -166 294 447 -33 36 -180 -480 -117 138 -7 402 465 -329 600 1096 670 -101 -697 -146 201 268 -146 -626 75 -139]
  [364 -720 -236 -370 -463 346 -25 -416 -106 736 -182 2 -136 -543 -619 31 247 -304 173 -708 55 266 550 81 151 12 460 -333 -110 381 274 161 -91 23 449 -100 259 -484 -1 419 210 -28 -38 -270 -409 295 -582 282 455 149 214 -524 226 273]
  [-12 615 -537 -189 -292 100 -853 1082 -269 718 -249 -92 317 538 -189 304 -691 -269 -150 53 -816 -17 7 -514 363 26 -120 -453 103 -207 -80 125 -760 -236 194 340 -222 -388 109 701 -217 -795 -311 58 -54 74 441 -1023 64 350 -197 -130 40 24]
  [202 82 -288 49 625 99 579 167 545 -132 501 21 -470 -433 -57 76 86 -294 -146 -286 247 334 249 -21 364 395 -154 52 77 -81 262 373 -471 -249 -423 259 2 8 387 93 -178 283 271 339 -167 327 -609 -413 -90 55 -49 -436 837 -325]
  [-637 238 -645 -86 -178 -574 -61 169 308 -125 -3 -218 232 462 190 362 -494 193 92 507 110 -30 60 -43 -678 414 12 483 -362 -119 1093 192 1200 45 432 -220 -63 277 -335 133 467 -59 -346 155 56 -728 346 28 -649 -128 304 329 -302 -309]
  [-73 -391 71 271 -436 -251 -431 -105 208 -86 606 384 246 68 -867 348 -139 393 -351 517 -252 233 236 490 -154 -83 -1 49 -125 265 -150 405 -148 -529 -105 899 -10 91 -63 -129 303 130 -92 543 24 -495 499 -612 -234 -17 690 -899 94 -154]
  [263 -11 -327 355 288 -447 167 583 465 -127 -750 -501 85 50 -5 421 -471 539 73 418 178 -310 563 169 -210 -44 102 -11 370 -443 366 561 356 22 -324 663 208 294 424 546 273 237 -648 473 -179 132 -131 -313 -75 376 360 -498 -413 -188]
  [547 -68 46 -175 -243 -702 78 -72 -367 -467 414 260 18 -1116 -253 -638 -151 -292 391 325 425 23 96 -714 -384 151 776 -172 -413 158 55 321 170 -212 -784 114 363 182 342 245 -379 -239 -505 24 51 -540 -683 176 287 20 -327 -787 -288 360]
  [168 211 -728 112 267 -456 -131 489 -4 -139 405 316 -23 73 104 -443 -55 85 -60 197 -281 41 -212 197 -13 -92 -52 -419 608 84 263 -420 -574 -224 535 -212 -522 375 -429 590 -375 193 205 -22 -85 -423 211 381 70 363 -869 -373 -376 9]
  [-540 280 -441 21 32 212 -165 -236 -263 273 -482 -432 286 -201 -382 379 472 -326 166 -96 48 401 -153 -49 226 -429 -108 -471 206 -100 -148 -857 -149 25 356 -342 118 160 119 -397 138 413 208 108 -1286 733 161 297 -51 175 -190 -75 -308 -127]
  [154 -186 -365 249 44 362 -69 -397 -292 -105 -432 141 -138 153 10 188 441 574 206 -761 -20 -118 23 -321 446 606 562 273 586 -610 -564 213 -445 -16 -45 498 313 345 -170 -379 -159 162 -339 -235 -598 730 -602 539 -186 204 -8 386 421 292]
  [37 353 72 46 298 24 92 60 222 -453 -15 464 466 153 709 54 -41 696 486 139 5 -230 440 -202 86 -305 -110 -324 -108 -9 201 -68 376 39 -127 -526 -174 -743 -2 -16 -524 196 -450 -464 680 -405 -239 -395 488 105 -54 138 40 274]
  [752 -166 350 213 650 674 127 -40 80 -436 72 606 -69 188 -373 -44 127 286 -67 144 643 -256 -121 -454 4 318 447 -488 -477 176 -1 22 -478 -153 -416 266 396 -370 164 -322 -47 15 291 55 693 397 117 -104 -564 -203 -175 204 98 -82]
  [0 -182 195 -157 219 -163 289 -368 -80 355 -223 -101 375 -543 66 -263 25 -459 -221 110 315 -862 -771 229 -204 7 20 6 74 21 -167 -592 -585 626 348 -37 93 -260 272 -61 -663 613 -338 559 -84 618 167 117 -174 -406 -4 91 -228 -663]
  [237 -200 117 28 37 -611 -391 14 223 8 130 -785 15 -675 -4 -19 -867 88 53 355 -330 -342 -281 -90 379 -380 200 -219 -133 137 -67 -190 -446 -105 632 -237 334 237 -32 -136 -295 99 312 363 -1146 159 16 168 -70 21 170 -611 432 704]
  [118 -746 324 56 -11 258 -81 -66 81 116 -420 -247 286 415 -32 10 -355 367 65 -292 278 -693 -43 383 260 -409 -324 540 550 281 -664 63 51 -243 -45 173 6 120 38 120 -447 -244 151 553 -703 -136 -202 -555 447 -359 190 -121 55 -237]
  [511 -105 397 325 80 411 -333 -909 -177 203 -477 21 -235 -311 495 -60 425 482 692 208 145 -548 -499 -307 263 296 243 430 -368 -225 -555 -640 149 -255 -206 -44 255 548 -93 -618 -591 47 117 268 -244 214 -415 263 -77 -110 -496 243 113 90]
  [-185 94 -503 -178 -42 -13 197 83 -283 134 -708 -1137 -188 -928 73 -257 112 -37 -175 -197 -432 257 -25 439 -92 451 206 455 -37 507 10 -294 -69 -224 -271 -79 -108 -154 -128 -353 -66 265 -488 -280 -481 -42 -574 -137 609 -708 268 107 23 90]
  [-417 165 68 426 -90 346 436 410 -123 -251 -706 -605 279 726 546 697 -149 572 -89 329 355 296 -103 -365 -150 71 -9 206 -376 -660 -179 -358 1 -380 537 -129 146 -65 348 129 -98 345 -414 46 509 -252 -139 186 -380 137 -297 386 -311 84]
  [475 96 20 13 -15 37 -143 519 18 -455 677 -80 116 687 170 169 684 -187 -261 -479 -348 260 -37 570 -391 -374 -711 64 551 -118 -100 142 -97 4 389 178 -256 -226 698 -402 569 193 521 526 -62 -266 242 -314 433 -79 -197 -392 -217 283]
  [426 -470 -455 91 -155 181 855 155 666 -391 217 -611 -208 -121 30 -351 316 -247 -10 -143 184 -195 -278 54 184 -166 151 804 -284 -307 -347 -144 144 -49 249 -34 73 -73 -395 529 288 243 -11 -481 -113 -74 -847 -261 47 -180 318 667 -440 -16]
  [28 -652 -304 396 -76 -101 447 -96 387 39 -215 -338 -23 -194 -54 -92 -730 447 -35 161 559 -141 191 -57 43 -502 -93 -609 364 -143 153 187 641 707 176 -905 -91 43 -317 -53 43 -373 10 271 154 185 -124 213 -224 268 294 -370 143 -18]
  [199 -970 375 283 88 266 -49 -308 -131 54 240 326 -985 219 70 543 -451 75 587 -247 166 -1177 -112 -327 336 -441 -324 452 15 126 -91 620 13 247 24 -56 508 439 21 -133 -507 -302 -170 116 95 186 275 -413 -36 482 -322 631 85 159]
]

--- Seed 7 (ratio=1.024925) ---
[
  [18 32 -137 76 -83 109 -83 393 125 -433 -115 -351 481 -93 66 -219 109 -113 -150 77 451 -268 -310 -103 119 -147 -21 -37 943 -66 -287 371 -255 -235 -158 148 -339 -191 285 -80 372 -124 70 -18 367 -12 94 -506 -141 -52 69 -5 71 108]
  [-276 53 27 679 184 189 -109 321 256 -143 -62 470 423 214 265 196 -464 480 -95 527 25 -21 -423 53 209 -42 -7 -4 252 47 98 -331 10 156 268 392 347 601 109 2 448 -120 57 -3 256 -34 -53 -47 115 168 -57 86 -406 -155]
  [88 -173 200 146 -20 269 -284 267 495 -192 154 433 -157 -342 209 -316 66 80 93 -152 310 -306 -106 -229 53 -355 -174 -364 52 503 -191 -249 -88 -197 140 404 -60 -200 12 -28 -95 -169 241 239 -118 -541 200 -564 -494 -286 -428 469 -51 -376]
  [-150 -423 498 191 -8 -402 -91 153 186 209 107 -243 404 42 -625 72 210 -271 50 -116 -363 368 163 122 -393 135 219 174 -653 -186 -267 47 90 -372 506 29 -255 326 399 4 303 116 -123 -507 -251 180 -273 420 380 77 -93 -71 -499 -22]
  [-597 -138 341 629 -24 -289 -547 459 -9 -17 -584 -209 510 63 -246 175 268 380 79 -110 -267 -764 -239 227 -243 -12 77 239 -466 91 7 302 267 -404 234 248 -400 483 113 158 -73 139 56 -25 501 134 26 -47 203 -80 -105 -367 -56 -7]
  [120 -315 -175 -616 -256 395 326 -597 -128 -377 194 -235 -339 449 453 353 -254 82 144 -608 -273 596 23 -257 -41 231 -115 -411 326 -173 354 -50 -416 70 -20 -297 200 -211 -169 -524 24 44 -204 384 -279 466 161 235 128 366 454 276 257 -40]
  [374 63 -19 -75 -172 285 -37 -417 -280 143 25 -208 -150 -390 122 444 124 -366 -135 200 281 257 391 -208 214 98 31 -525 234 71 424 66 45 856 -310 37 128 -527 -367 -238 453 690 386 71 -664 -65 260 -509 -302 -158 95 -243 255 9]
  [122 24 325 375 131 251 -26 -323 -166 416 -273 -277 479 -29 -255 321 600 108 -195 219 376 -273 -232 -92 -340 431 -82 -134 817 352 629 -413 167 -117 448 70 -102 -308 -482 14 436 -61 -21 -455 -196 91 -58 -149 56 -145 -79 -5 -546 49]
  [-13 178 108 243 409 451 176 -604 -196 449 34 368 -892 -484 350 87 -59 -142 52 201 532 -14 349 180 -271 95 -398 -423 11 419 464 -1000 409 310 163 -106 119 85 -898 156 450 -246 -413 121 -464 -401 -34 -472 -253 57 -527 -359 210 153]
  [-139 41 -177 -63 -133 -151 243 281 318 -572 392 -26 58 -255 -156 147 -431 -598 350 -372 171 447 118 324 -38 -312 226 -93 79 -808 -467 -257 -367 -306 280 39 -613 156 -316 -575 385 276 -543 -179 -166 314 -38 305 255 582 188 -212 152 149]
  [122 371 -270 991 -303 808 149 113 244 245 -2 216 -67 -497 -135 -148 476 -123 403 -140 696 -759 62 55 -20 66 -297 -28 619 378 160 -283 40 260 24 302 -183 -37 -760 256 3 41 -1 413 -145 -320 27 -274 -488 -107 -40 -151 -15 445]
  [-177 -55 -278 61 -381 -331 270 297 154 -130 161 -391 268 -643 -140 -34 170 -585 490 -490 318 581 559 778 -294 -462 265 -70 -89 -50 -135 52 208 -46 -115 426 -807 -86 90 -274 400 456 34 332 -347 -221 -121 -227 -531 -235 -179 -479 31 430]
  [-10 246 -644 -20 -351 21 17 184 -76 140 -13 142 -813 42 -36 -10 -31 238 554 219 -181 83 218 1187 408 -176 -156 343 -180 17 -349 69 -11 243 -142 29 -167 112 88 39 -352 -424 259 489 263 238 -154 219 59 216 234 -260 314 380]
  [93 -255 0 275 283 -353 25 -50 -322 155 -328 -138 1057 765 208 30 129 -13 -313 364 492 -162 -285 93 16 203 201 164 -112 -452 237 117 -98 -106 150 57 153 -280 989 -107 56 442 100 -706 383 221 153 -67 406 100 -93 341 -400 -14]
  [-61 130 -274 156 284 34 85 310 -417 -126 -562 -278 -155 -264 435 107 -227 803 102 460 -150 79 -724 438 -9 -64 -58 -117 720 941 365 -113 685 -354 51 -432 -346 359 -258 -212 29 -1019 -201 219 694 56 18 -794 -84 -147 217 -414 -52 -202]
  [193 -37 514 -844 -222 -268 -69 -503 366 -167 270 -264 -602 619 -188 -194 145 -201 -50 -686 -305 -131 -154 386 -377 188 -374 -435 -409 37 -548 342 -168 -593 171 -252 -220 101 116 396 343 -421 42 93 109 246 -442 36 247 214 -188 -87 212 54]
  [185 -231 429 131 9 358 -166 281 298 45 185 226 363 -631 -438 -219 349 -407 -793 -77 489 94 -145 -519 448 -24 -62 528 543 -241 -499 423 -67 -137 -213 277 -31 -419 157 507 -156 254 -129 -289 -518 29 -176 409 -315 -115 -158 314 -194 288]
  [138 61 265 -51 116 119 -38 -945 -300 -109 -65 -62 -474 567 -461 307 276 -506 3 404 290 -220 96 -267 103 260 468 41 298 -152 673 -426 -693 265 -102 -203 96 -809 -855 -509 -32 411 315 -87 -146 317 391 19 289 135 70 10 281 -13]
  [-163 191 -246 218 -160 -719 -10 579 19 -111 -425 351 332 88 2 103 25 -68 336 -304 85 -451 461 610 -169 -79 -205 -105 340 -84 -23 -160 222 160 329 267 -227 80 55 264 27 124 105 14 -112 -267 -166 188 284 532 -317 -32 -110 404]
  [36 -152 314 306 183 298 -46 -371 116 -193 -59 849 171 270 200 -36 213 -141 -29 -441 420 115 -190 391 -265 223 162 -170 277 189 477 -726 -105 6 557 196 -76 99 -159 551 392 103 184 173 -480 435 -17 -54 -323 325 -429 831 -690 -126]
  [-189 -230 484 -916 -17 269 -196 -353 -123 61 -199 -752 -101 208 -216 -216 571 -529 -228 379 475 -197 301 256 -349 300 -234 -466 36 -236 39 -235 -615 41 -153 -9 -342 -182 360 252 708 -436 -1 -634 -212 98 -112 -948 116 -20 -25 -157 -215 -374]
  [-269 -107 680 -83 317 -618 -68 11 388 165 -467 214 -301 -169 -147 -471 116 143 -301 162 453 351 39 253 -217 -67 -395 43 -10 573 178 -780 -160 -376 -55 310 -75 -113 699 273 208 -587 -562 -59 -525 -681 -290 33 18 -529 -979 -129 -172 422]
  [134 -113 18 122 -158 506 -146 -16 800 -67 435 137 324 35 267 -145 573 -135 78 -500 998 -71 -80 -419 -36 3 -216 -330 276 -161 227 -380 -973 248 -25 741 204 -293 32 -630 -364 -136 -84 -248 -525 245 261 193 -312 -48 287 439 -8 -135]
  [13 91 57 -223 299 -138 187 -168 -58 224 119 1 -45 402 271 -363 -177 121 -608 578 268 -27 -122 -18 -36 -294 400 238 172 -434 -145 226 -293 535 -434 -42 -13 259 221 -483 -94 -264 498 -97 733 2 490 -801 -247 26 299 -209 479 -265]
  [-136 -566 228 408 -293 425 -151 -118 434 -446 -273 127 -197 -74 553 23 -623 -53 255 -491 -283 580 -586 -229 490 -3 215 -559 -404 886 640 45 202 413 -179 54 452 311 75 -239 62 537 311 593 -272 -257 -6 -114 -317 -239 -649 -56 105 281]
  [-421 -229 167 88 -198 -114 154 -3 93 220 239 -230 277 -636 233 -131 -346 23 -138 453 -493 560 444 517 -100 -46 317 404 383 -195 -310 -300 -34 463 317 194 213 271 295 39 811 427 -68 -192 -389 -727 -428 277 -190 137 -51 255 -456 110]
  [-402 -311 1 -238 -307 669 -96 306 451 253 -76 -434 50 -567 -674 388 -223 -187 325 -194 -417 214 6 -263 244 -39 -450 -397 -156 -193 -131 253 118 239 -303 486 39 411 866 -14 560 510 11 265 -622 -259 -146 -92 -56 -353 357 -164 -178 193]
  [-149 276 -229 684 210 -551 470 766 148 -512 186 175 -104 81 -61 254 -269 -427 134 674 -140 389 451 52 -20 -655 299 -138 147 -199 -497 -300 319 -626 293 77 -99 94 -4 -3 467 -273 -125 -411 581 -132 8 35 599 205 -622 -390 -449 187]
  [-126 -120 37 112 616 -278 -146 -120 -144 -65 -103 282 -43 16 161 -387 -289 128 10 217 226 -557 -139 -601 24 357 -211 290 -917 299 3 -209 -282 424 248 -156 312 194 816 41 123 129 -336 -389 63 -139 -315 406 199 4 -437 463 129 -281]
  [-199 465 -650 -668 -193 580 191 -500 -130 227 -135 -15 -283 354 55 198 -175 -181 280 -128 -183 680 181 324 -2 -403 -116 -96 672 -506 458 -1104 -179 92 302 -132 -28 -228 -283 -425 -282 -185 122 -82 -55 177 403 350 -211 76 421 -34 -244 90]
  [261 658 -80 202 267 375 119 -61 -336 287 -151 -192 -7 -392 -286 -329 236 -323 -310 -333 834 -675 -498 18 -45 -255 -120 -109 -270 471 -126 2 563 -1005 -97 -541 -1049 -679 169 224 76 -116 -190 96 420 42 232 -412 -689 -166 -410 188 0 -136]
  [112 81 526 -251 92 115 109 -226 43 629 500 -501 -727 -404 -231 20 218 -432 -193 535 196 74 502 709 217 123 250 249 507 -730 -156 325 -13 -259 -598 4 -355 112 -242 175 87 -504 -211 -126 32 -121 -426 82 -245 373 566 -307 287 367]
  [331 -47 -611 -167 -185 254 -174 -579 -362 -102 -171 314 -21 150 -23 91 460 -902 423 -218 478 538 481 58 -288 55 83 345 605 -249 -194 -430 -44 404 -55 -247 206 -476 -373 104 348 78 112 738 -177 420 400 178 25 -81 -28 -348 360 508]
  [-15 574 -129 29 263 -16 -94 -13 -116 -126 118 498 64 -359 -63 224 -405 -307 151 224 314 -8 558 -360 -240 -328 -170 12 -32 64 -164 -405 305 14 -385 415 -271 -49 -662 219 718 121 -174 -220 -144 -921 -492 438 -358 138 26 -435 -98 -173]
  [-205 -48 -292 -181 -467 189 718 504 91 365 474 255 -154 17 -6 51 -163 434 -223 698 -408 379 290 245 467 57 -474 141 2 -175 -295 531 -112 313 -249 19 -204 420 922 405 -422 -837 -180 114 -100 370 -316 459 138 -172 99 103 -164 305]
  [-92 522 -438 -1147 -3 -291 231 36 -241 563 521 371 404 -502 -116 -65 363 338 -10 36 3 355 332 -205 -608 55 111 514 346 -504 147 5 -61 397 144 194 -171 -511 -443 -92 -513 379 -125 220 -198 466 417 598 -130 -605 -358 -105 145 -18]
  [203 25 -257 33 161 113 224 70 31 20 683 650 -212 -422 -26 627 -48 219 367 828 -483 844 8 245 176 -275 287 342 133 -750 35 -20 530 -127 169 -123 634 91 -27 -404 -273 -285 -169 266 -200 559 -72 758 234 127 363 115 -250 -28]
  [224 -243 -69 299 151 791 717 -881 -81 354 591 272 -662 445 103 773 267 -118 -284 -276 164 171 171 554 93 63 -411 -154 118 -180 299 -940 203 86 416 517 124 64 -242 54 844 438 -79 205 -228 -175 -174 302 -415 216 279 124 -2 260]
  [-123 -583 689 -198 124 460 185 -538 177 189 245 -273 -78 140 -297 -99 267 -31 72 -122 -278 1066 816 -117 168 -167 195 281 -199 -135 239 -110 3 27 317 -43 -339 -157 624 -67 112 286 2 207 -832 89 -111 -263 -495 -917 -262 247 -668 -115]
  [-510 108 259 -672 -83 507 -475 -11 -129 -253 -623 -457 624 101 679 927 -190 32 -547 -48 -520 -722 -184 -507 549 176 384 -700 233 -133 138 789 407 -36 -337 202 78 455 -340 434 455 610 74 267 244 348 116 -150 13 -136 -116 339 225 -591]
  [-261 485 460 -936 260 -372 277 496 311 -31 -4 701 -280 -157 436 98 -97 518 -466 394 120 551 619 418 -273 -73 145 203 458 -33 -757 -286 266 118 77 269 365 288 -306 436 160 -370 -162 -225 -73 -352 -389 78 298 328 137 258 -444 -335]
  [101 142 43 -326 284 728 -250 -572 -51 247 89 215 -449 -592 -214 -172 -32 -398 258 4 -296 232 -265 -421 270 -110 -175 193 216 -9 -13 -186 -361 353 -181 -347 -70 -304 -895 -395 -337 261 -3 -311 -1166 -29 567 73 -386 -488 261 353 3 -386]
  [43 -115 147 -194 -172 65 -197 42 36 -115 -66 66 55 143 -760 325 1 -437 -149 -177 -189 -182 219 -321 -345 622 -205 -224 294 -84 -77 134 270 149 -274 -398 51 198 -552 523 441 235 -462 -16 -100 -198 -47 -649 201 65 257 -998 62 -235]
  [89 430 294 -282 -259 -19 461 489 437 -640 140 -478 203 -79 -379 -744 345 -534 332 -1223 186 63 175 -111 -415 424 -589 -583 666 170 158 -541 -31 -349 392 -392 -531 369 317 433 279 -557 -393 -113 71 -309 -137 31 -658 102 -294 332 -296 162]
  [-363 -718 -299 442 -209 154 -177 333 747 89 38 -466 216 425 288 217 196 110 205 159 -71 -138 569 154 -212 -260 -361 -416 224 310 -207 264 -430 181 -73 567 156 -205 819 -696 392 260 254 551 -844 -64 566 -819 -289 -123 29 416 110 -166]
  [-354 505 -58 372 -504 342 266 566 -130 131 -287 326 74 270 544 170 -185 420 -340 -384 -220 -507 146 -125 340 686 -345 -96 -216 -625 685 564 -204 429 -211 -222 -16 727 179 123 -51 519 -286 433 179 415 272 398 329 40 118 97 337 -70]
  [-316 -644 176 -199 304 -342 -124 121 -84 250 -32 -313 -314 -305 7 -269 -472 310 -77 202 475 10 55 604 -173 -536 -396 378 -694 135 -262 -39 -263 -503 25 386 -92 79 308 144 -192 -516 -130 -451 48 -264 -385 165 -107 -356 -456 -250 -234 70]
  [-245 280 590 406 334 -289 -456 1115 201 83 -9 -355 530 -478 -85 72 208 -12 -147 298 -91 -280 228 -738 484 -117 -88 -74 664 -258 -114 391 281 250 156 304 253 -312 -350 168 -32 -308 -108 -778 -67 -208 24 -326 -179 109 13 -328 -301 -110]
  [-168 -620 380 -75 -158 -323 -327 231 61 378 442 120 640 -77 626 49 -287 236 -50 120 -208 655 -138 637 294 330 -243 -305 504 42 89 -165 -117 136 741 482 32 188 212 -907 617 380 250 -333 -240 254 381 -189 155 753 -101 464 104 64]
  [358 75 387 -214 99 81 -313 -273 -136 535 94 296 -32 -678 -444 -119 -202 -543 106 312 -198 28 -286 700 42 -25 -85 476 -364 246 -403 29 479 -429 245 -609 3 -339 -608 -64 -240 -273 -391 -376 87 -54 -383 429 281 153 99 111 -618 -59]
  [-295 -408 97 -673 59 -8 -122 -268 193 191 -417 -5 -153 452 -207 -110 264 101 346 60 -144 298 -52 259 -441 44 411 -463 70 518 86 -773 -250 -463 58 39 126 -255 749 -197 536 -75 -216 -253 -466 233 -305 -3 222 -240 -682 447 -775 -337]
  [176 -148 -147 -389 451 -20 213 -613 -121 570 -497 189 297 140 220 -18 50 525 -49 274 28 62 -309 74 -151 96 -271 99 -56 512 574 -689 594 -144 -397 -68 278 21 -243 -24 -101 -120 -194 253 190 -500 106 -365 -286 -446 618 -709 -61 -503]
  [210 284 -373 -762 -524 35 -141 539 -9 -640 355 -8 -60 14 34 -509 -246 -562 29 -46 -25 -241 65 -847 422 249 291 -144 110 88 145 350 -546 577 20 -377 632 -38 -341 206 -353 20 19 186 5 -438 75 115 -472 259 211 239 -409 -564]
  [461 -280 808 76 58 489 297 -7 -98 139 405 643 222 484 288 286 86 699 -66 -113 546 -167 -519 137 402 32 -175 -369 -272 -224 23 -707 -248 -574 356 -377 -299 12 -275 -334 245 -497 -432 -153 269 181 -246 -397 321 369 -211 696 -308 -392]
]

--- Seed 0 (ratio=1.042180) ---
[
  [-117 651 -402 227 -166 141 -281 -289 275 -76 -317 268 -253 -79 102 230 -97 -62 126 -86 -120 141 309 -28 546 232 83 -4 -290 -190 94 -102 250 -9 14 137 -184 149 440 204 -209 219 -248 -92 -357 161 361 -312 441 -33 -478 246 296 376]
  [-163 383 -189 115 300 -205 -3 184 236 -437 208 -244 278 -3 504 180 -24 -119 -26 -223 -286 262 -334 372 61 -265 -194 44 314 298 -206 -29 -186 518 -168 437 -205 129 133 341 -2 41 -455 -179 -22 -390 410 -250 59 -176 -483 8 30 392]
  [-190 101 -320 22 -148 268 -291 -25 245 117 133 365 -221 23 444 138 -236 573 693 -131 274 327 393 -61 82 136 259 -239 -210 -123 373 62 -15 -218 704 193 -99 77 244 -77 541 433 272 32 -278 341 64 175 464 163 293 13 -315 149]
  [317 -59 377 349 -176 -91 -87 87 -15 -167 -247 206 -206 150 -566 403 -82 -202 -273 26 619 271 327 -71 403 20 -43 378 -466 -59 82 -96 70 145 -260 -193 527 -455 188 198 50 75 -303 -212 94 -140 -183 -360 121 -172 -709 -220 -268 -274]
  [242 390 184 46 244 180 -515 -371 324 -281 206 -447 466 209 -201 179 30 58 -599 252 -93 160 -169 -313 -165 -14 58 53 147 188 269 -554 -216 -355 18 -54 -471 -286 -378 206 -160 -621 271 58 274 -162 7 263 34 -65 -238 -374 -18 -220]
  [329 -4 24 -176 -446 -399 63 -41 146 321 219 -39 -53 -377 480 109 505 130 15 -387 265 -329 -180 135 -583 163 313 -187 256 56 -233 -246 97 15 -298 342 -194 -9 267 179 -308 420 -222 -228 -596 226 -221 550 335 -215 193 153 368 525]
  [341 14 -260 314 -905 -229 160 270 -105 64 40 -262 81 -695 -510 388 78 187 -32 351 622 5 221 276 -64 -127 368 -15 -73 142 284 208 72 308 -235 283 542 -108 163 98 -494 587 -490 -322 -48 404 -398 -371 -148 -289 -326 190 -90 -51]
  [167 -132 191 -333 214 61 -181 100 245 77 -128 255 -126 -7 618 -27 -350 -303 359 -810 -23 50 186 579 518 -602 -588 -36 -5 98 -61 691 181 83 235 175 93 179 755 122 354 249 39 -69 -378 -132 245 107 753 207 198 337 -3 605]
  [82 70 -290 -5 221 498 331 -592 408 27 -22 -654 442 -624 -70 -280 46 -73 -274 673 -90 -210 -224 92 -206 -428 86 -110 207 -71 437 -340 -174 -611 -389 -64 -636 255 -33 391 -425 -320 -287 -83 307 638 -309 -286 540 390 181 -27 145 -138]
  [-65 -120 314 -236 368 -248 247 -243 288 -344 7 -512 484 -85 177 -106 773 562 -214 437 -117 -186 -136 -285 -388 317 235 -102 167 152 162 158 -137 75 37 -453 -892 321 -335 282 79 -176 171 -69 91 269 -274 -436 263 -466 -107 -186 329 2]
  [182 474 90 82 40 -624 -299 -19 35 -56 532 -242 91 225 93 198 375 -24 1 -135 436 -229 248 -698 -118 431 278 -375 585 -269 -111 69 44 -272 -184 -788 -267 -214 -279 609 -26 -40 125 193 62 28 51 -37 316 -580 -441 83 -50 256]
  [-377 -580 587 462 348 53 641 -510 132 -149 -387 719 -270 303 -43 -529 145 80 -86 257 -374 335 232 -285 -347 371 88 178 -307 138 140 -49 -53 765 -423 -55 62 35 194 7 644 476 -153 -317 -354 173 -21 -77 353 398 -199 -409 -194 -123]
  [-398 -60 -658 -99 383 -31 -8 18 -550 135 -350 207 -735 101 -145 -158 -487 180 876 -228 141 -361 308 -70 472 -141 168 -19 101 -279 -231 156 311 -697 299 -850 -112 367 447 135 447 48 -178 -142 319 -360 37 -239 125 358 -10 76 12 132]
  [-118 -486 -124 -128 -736 148 499 -265 309 297 -593 323 -187 -282 576 24 268 -487 -13 0 -94 -188 -316 -328 -54 243 316 222 -415 -581 -576 -241 142 -246 -403 381 -272 -137 446 142 -609 -134 54 91 -197 112 240 96 -186 -39 79 -11 145 278]
  [-103 -322 35 -382 -74 -95 -261 -98 74 -13 234 -5 48 -240 -112 286 -157 -351 125 -452 -427 -184 -484 503 -190 -466 -286 110 -298 -31 -183 278 -366 167 495 -16 486 -280 169 -122 -453 -174 251 -115 119 -243 3 524 -689 133 40 -338 -451 -46]
  [568 -137 159 -10 488 123 393 -199 -433 532 -10 -204 83 -251 -202 -299 176 -328 -403 -131 214 -388 -203 -409 -148 -752 22 -282 730 -304 357 -378 -3 -103 -627 195 182 468 -562 -15 21 -180 76 192 207 -85 -99 259 439 391 298 -47 44 -90]
  [43 -652 -51 -143 -138 -157 308 125 -290 88 -488 110 -273 58 -460 47 210 -496 -410 -272 -151 -92 178 -630 -123 240 106 488 243 209 -19 51 605 -353 -712 52 249 40 238 139 544 72 328 -107 -29 -232 279 92 -189 -102 -26 -476 -234 163]
  [522 -252 31 -201 -92 273 245 117 -178 115 -300 -23 271 165 358 -329 -2 460 390 -38 329 99 -56 37 529 -205 -39 218 -357 -230 -46 -4 -316 156 772 252 188 -277 331 -350 244 -392 596 127 -2 -247 287 247 -179 -517 616 452 -133 121]
  [-39 11 -349 238 -19 -149 365 -315 -190 222 -1 -182 400 200 -249 -415 754 -704 -767 431 -341 -120 -424 -802 -223 188 378 -192 166 -366 150 -345 -35 206 -352 -413 301 -209 -347 511 210 -850 524 270 314 236 389 499 12 121 386 -574 -416 -119]
  [181 336 437 -42 -21 226 -338 44 -107 410 359 53 -182 89 18 -100 314 229 -107 -429 301 68 -8 226 -430 340 -225 209 254 -174 -891 -146 145 -250 19 -63 -465 -82 -139 -731 -539 -8 77 264 -203 314 -284 72 -331 -389 184 109 201 -337]
  [235 -675 434 -474 213 -110 -262 -318 -153 118 -89 -131 248 219 -64 313 574 543 240 -35 490 166 -507 376 241 -97 -174 48 -711 -87 307 248 -198 -95 842 -171 370 16 156 68 228 -375 29 -163 -250 41 -755 719 322 -259 284 22 788 85]
  [273 -280 -225 2 291 72 -340 253 -326 394 516 -191 -166 160 139 633 135 153 -31 -651 108 234 -8 -351 -740 -495 116 52 819 557 -51 -959 -146 -424 -121 745 -200 1 -221 -611 694 -12 -146 201 -463 -353 124 711 -208 -368 -247 -248 278 -15]
  [-32 -689 112 333 643 163 611 -664 -159 24 -471 138 223 319 185 -443 163 473 -347 -229 -369 -85 34 -171 -31 -551 445 -229 432 410 -341 219 12 463 147 28 -430 341 165 -131 526 -555 325 -18 -115 -102 816 35 -78 -412 44 -361 82 303]
  [284 -235 164 30 -87 264 126 57 33 -15 7 470 45 18 -79 -636 215 -56 -577 -13 293 -211 -91 -313 -715 393 -266 540 139 -104 -116 -259 -261 -692 -403 -562 -227 -814 96 162 19 -119 246 -559 106 86 -535 102 269 382 370 -568 -633 -390]
  [-548 -316 136 627 -626 -333 -357 -4 -28 -232 -403 573 186 223 -95 232 28 -530 -521 -48 -186 335 29 119 -104 -244 -248 122 -29 240 -45 1084 258 511 28 -288 442 110 441 -319 -650 -283 -335 126 0 -42 150 -256 -70 -288 -462 -147 -81 -9]
  [251 -136 61 -2 -17 -571 -262 250 -65 -204 435 -46 -204 -70 -27 137 697 -667 -251 -497 238 -41 -353 -242 -203 61 -434 426 358 -3 -239 -17 -149 -23 -476 -923 5 -23 393 34 433 -311 -167 -459 -439 -564 132 -325 402 -677 -258 -361 -12 12]
  [346 318 -162 -84 240 543 293 -121 -618 140 219 312 -632 119 -155 -222 86 85 -4 -281 -62 301 238 -390 36 368 -141 300 148 -623 -171 -675 -69 -641 -393 -691 -146 -83 500 76 371 97 6 -200 -14 341 -407 35 17 -155 -467 114 162 -207]
  [145 99 327 -190 -452 313 -722 -65 -53 -207 -162 215 -188 -275 193 -57 236 342 -406 156 182 228 180 -302 -492 548 315 351 -154 -271 106 -118 36 -56 46 -368 -387 -555 -213 409 -493 86 332 -68 565 24 -491 -306 -467 359 -824 -420 -443 -32]
  [-108 297 60 -122 490 733 789 271 289 -149 495 -139 266 -2 1 -55 -117 10 179 88 -547 325 -184 531 -227 -87 206 99 -20 -219 -322 -791 -108 336 18 78 -436 -280 34 -264 174 -342 106 -219 240 521 351 -15 -20 -13 325 31 -437 -651]
  [-406 -744 747 -363 333 572 -113 -540 89 87 189 705 -32 -596 -43 66 16 412 258 -74 214 163 -210 39 -74 152 -155 259 -6 -348 420 971 -72 236 648 5 -6 197 -147 -784 74 -140 548 98 -130 447 -142 19 -67 107 336 118 -426 -69]
  [-406 136 -293 357 340 238 -115 14 -137 157 -132 -133 104 -204 -149 -587 -348 -82 -381 409 513 -252 683 18 -404 43 109 -347 523 382 505 488 368 -160 -280 -600 -96 76 -370 -247 278 -90 -572 82 144 139 -102 99 45 565 149 207 -270 -92]
  [-146 -898 168 63 195 -58 526 258 603 72 -895 454 -87 99 -160 -109 25 -879 -668 40 -64 26 364 -7 815 99 -514 707 -506 423 -176 584 312 290 -211 -197 -137 -50 359 -411 191 -322 -220 -120 -265 334 -192 -925 -99 -13 35 -178 -394 -395]
  [-39 228 -973 180 -655 -107 -126 341 -212 -368 -46 -110 174 -158 148 49 -162 144 -314 337 -965 -378 360 77 -697 24 -46 -259 368 703 105 -95 -170 345 -457 -52 -529 -44 433 843 267 354 273 -332 -60 50 366 -120 -323 -229 -303 68 277 230]
  [95 -53 -125 181 -401 -64 191 -103 -325 -558 -231 214 182 -17 -42 261 35 167 77 347 46 145 -270 -95 12 -111 157 306 294 -414 238 -704 337 294 -437 642 -309 604 44 264 -615 622 -690 -544 -75 -160 -199 -840 -217 -234 -485 400 854 131]
  [322 20 226 819 -5 -151 -86 254 -166 267 511 616 -413 279 298 137 -424 -23 -345 -264 250 321 -60 -298 -403 -174 -606 -282 663 304 -235 -308 -490 307 -515 -240 314 340 -318 -279 -103 807 -120 47 -52 -94 205 -283 364 -140 -460 -98 -113 -545]
  [-586 367 -536 145 -218 -149 -436 -39 -253 -216 -184 219 -214 59 170 -390 29 -222 236 -389 -872 -576 295 618 -359 -443 146 432 -476 928 -24 -128 86 71 465 335 359 -399 799 -108 419 164 -216 -114 -752 64 561 400 -281 247 290 -83 -402 541]
  [-503 -185 -556 762 456 394 322 231 189 162 -434 141 235 2 -51 -160 103 -68 -536 -94 -677 -419 -218 -58 -373 -233 267 -50 468 98 -481 304 -105 672 -382 325 -533 354 -598 17 169 -414 -54 134 90 -207 159 146 103 386 298 -308 -9 -245]
  [68 569 107 302 10 460 -331 -507 57 179 -304 75 -32 189 -420 -135 -449 -111 -82 327 630 40 12 -211 819 -638 -107 266 -248 -483 619 -825 -476 -335 299 43 191 327 339 -509 -280 -353 -188 -292 79 193 -292 -397 273 435 -251 -390 -549 -857]
  [160 -183 -175 183 -348 -72 -57 18 406 216 386 -57 293 11 236 120 247 -397 -165 -667 7 245 -173 470 -7 -527 459 -291 195 -70 -198 178 -445 468 56 868 159 -243 252 -161 39 -141 -164 -475 -791 -27 357 50 460 194 135 266 505 496]
  [-164 -720 286 71 611 270 456 -168 -130 503 93 -93 -49 308 241 -389 -306 170 517 160 -313 -473 -166 -564 -40 -878 312 -99 741 -186 -602 524 121 256 -666 -208 -619 196 -238 399 584 -303 236 326 644 -278 197 165 357 86 -4 -104 80 37]
  [108 7 -250 237 -195 -457 209 669 -101 -62 47 112 -566 -509 145 224 53 -213 264 -593 -221 -399 242 -447 -459 476 125 -352 583 332 -57 -245 -84 310 -623 372 287 168 -745 185 -97 904 -442 255 -729 126 765 -527 276 -261 -438 25 452 614]
  [100 258 -280 76 -926 337 91 -117 41 403 571 232 326 -441 341 -830 154 -155 12 -95 200 -226 699 74 -198 98 97 -136 107 -431 -169 108 49 -162 -295 242 466 -886 440 83 428 588 -246 -58 -275 758 -156 59 620 427 397 378 -571 362]
  [488 12 194 133 -25 543 -284 335 719 -10 -416 -74 185 -497 -36 310 169 254 -342 116 611 255 342 162 318 1 169 -18 -428 173 481 -133 343 -356 445 628 -283 184 -221 -768 -459 -138 535 566 172 16 -400 -367 95 452 358 -409 -396 12]
  [-358 731 -718 570 827 352 -101 -735 -43 -15 243 -558 -34 72 -255 -156 186 -469 26 172 -443 126 -11 -29 -152 100 187 -199 516 -54 -203 54 228 256 -744 522 53 348 -525 769 -28 234 -332 146 255 442 217 -372 -8 -54 -604 -2 -22 273]
  [-111 24 -244 -169 -68 114 17 -912 -29 195 129 -474 59 -435 52 38 152 31 762 183 -519 729 106 -437 484 -522 -311 -237 -106 -124 206 701 -511 72 234 -20 -34 23 479 -118 -51 180 359 398 216 505 622 -246 631 -37 -279 532 -446 380]
  [425 -150 86 -197 -538 130 -27 -457 217 -439 -100 -93 514 -12 235 167 163 30 -732 -2 -112 316 -18 -414 110 -313 -470 179 311 336 360 201 -530 1 60 404 -656 118 150 -153 406 -422 579 271 -42 -623 417 -174 419 -674 -710 156 192 317]
  [50 622 -364 -115 -225 -154 -131 -229 64 -86 -451 -716 329 -56 -276 -249 138 -353 106 715 -279 71 -298 48 534 612 -190 212 -290 -89 298 -298 -233 198 409 -643 440 467 -860 -121 -457 -645 247 164 13 -206 -14 158 -571 -439 198 -137 77 -324]
  [203 -583 586 -191 641 -257 -154 68 -34 -140 497 247 176 221 -250 195 85 92 211 -737 636 242 -160 69 -48 141 -213 18 245 51 -253 228 109 -560 -215 -483 76 -88 67 125 123 -293 106 -448 826 291 -558 -106 304 -393 -70 75 -409 174]
  [-173 440 30 76 582 359 -291 -329 329 234 -376 63 -391 67 -231 -527 117 77 -100 -117 155 -216 -254 -326 115 -215 228 216 119 -497 -373 -866 60 -503 -399 146 -637 592 -116 155 -496 -319 -130 -225 -129 -6 171 -516 -205 -295 191 -227 626 -236]
  [-116 140 569 264 238 -690 -25 -295 -279 262 -256 89 485 637 -538 -763 -333 -343 21 -192 136 -130 487 -482 387 431 -553 149 -4 418 75 1293 392 -290 -146 -579 381 -119 135 -310 -165 112 17 6 -137 -449 -227 -264 -142 -482 -502 688 146 595]
  [-8 -277 86 -295 -312 45 160 -148 16 -105 -243 -193 -663 20 -342 645 -613 153 -117 466 -300 -96 306 -115 -273 96 136 417 -554 802 26 -90 93 62 -238 256 427 -758 -143 -230 303 -109 561 63 265 -248 272 75 -807 65 -374 -399 -29 -448]
  [-209 -256 -598 -155 -85 472 335 582 -618 -422 -82 244 -131 -375 180 471 -58 -89 207 -107 143 -13 -24 -72 514 -205 -220 2 -352 -897 220 426 254 310 82 -29 704 -43 -43 617 329 -309 -401 -407 441 -494 -21 -405 -543 365 -148 158 -514 384]
  [-871 756 -659 -113 -79 -528 -569 -13 -406 381 215 47 -622 -379 202 40 237 -164 465 -351 108 326 213 -124 49 447 308 180 307 -380 -95 234 568 -113 250 173 -269 532 -39 -180 165 645 -90 77 114 232 -124 127 -510 -411 608 145 18 209]
  [-633 -78 -366 78 729 -289 4 418 77 10 620 -305 202 310 228 -390 -128 -210 168 -130 -138 33 -906 99 -121 372 72 403 322 -169 -584 -172 -40 -261 92 468 597 107 -260 111 -51 -689 55 264 159 563 -73 382 -249 -467 732 12 -349 169]
]
