============================================================
 Lattice Reduction Results | Dim=54 | Seed=2
 File: svpchallengedim54seed2.txt
============================================================

--- Initial State ---
  Ratio (‖b₁‖/GH):  1.47890030
  Orthog. Defect:    60.67917063
  Max Cosine:        0.65533346
  Min Cosine:        0.00009889
  b₁ = [76, -153, -610, 154, 16, -219, -173, 20, 42, -338, 531, -185, 218, -242, -202, 80, -396, 440, -212, -550, 28, 17, 467, 239, -547, -119, 642, 317, 162, 488, -188, -65, -506, 460, -1242, -549, -377, -485, -234, -179, 385, -251, -13, -82, -686, -560, 197, 188, -227, 59, 267, 231, -141, -29]

--- New Best Found (Episode 3) ---
  Ratio (‖b₁‖/GH):  1.11975891
  Orthog. Defect:    50.56515998
  Max Cosine:        0.61406809
  Min Cosine:        0.00031091
  b₁ = [-152, -305, -332, -35, -182, 328, -491, -97, 118, 113, -92, -497, 162, 169, -139, 58, 55, -333, -86, -166, 257, 362, 119, 172, 3, 59, -118, -79, -289, 145, 185, 57, -440, 11, -496, -41, 290, 42, 447, -513, 104, 358, 130, 170, -243, -163, -635, -306, -219, -65, -538, -59, -702, -157]

--- New Best Found (Episode 3) ---
  Ratio (‖b₁‖/GH):  1.10336999
  Orthog. Defect:    49.71405529
  Max Cosine:        0.54951018
  Min Cosine:        0.00021424
  b₁ = [263, 151, -73, 189, 70, 394, -412, -193, -322, -367, -28, 457, -251, 2, -297, -91, -397, 450, 44, -25, -424, -67, -271, 398, 588, 510, 24, -5, -294, -208, -387, 167, -112, 404, 160, 538, 86, 285, -229, 91, 178, 465, -79, 295, 297, 17, -51, 265, 136, -39, -148, 9, 28, 218]

--- New Best Found (Episode 3) ---
  Ratio (‖b₁‖/GH):  1.07202468
  Orthog. Defect:    51.35489788
  Max Cosine:        0.55791354
  Min Cosine:        0.00008921
  b₁ = [-376, 89, 6, -305, -357, 275, -175, -305, -61, 413, 49, -125, -129, 149, 472, 27, 92, 86, 156, 480, 47, -37, -328, 159, -115, 42, -447, 75, -219, -347, 43, -57, -233, -197, 57, 97, 62, 660, -181, -450, -301, 95, 378, 150, -299, 664, 136, -361, 25, -77, -378, 266, -31, -192]
