[[6342164653787899189427784249703041097785565223885509844514833576899571487942864128829214963737431109463825377269585912273541707621768823057128690403978283383272586642018341544615116686504900267839803135712881692057091849916772780737227752790175116484615062298372994132548787 0 0 0 0 0 0 0 0 0 0 0 0 0 0 0 0 0 0 0 0 0 0 0 0 0 0 0 0 0 0 0 0 0 0 0 0 0 0 0 0 0 0 0 0 0 0 0 0 0 0 0 0 0 0 0 0 0 0 0 0 0 0 0 0 0 0 0 0 0 0 0 0 0 0 0 0 0 0 0 0 0 0 0 0 0 0 0 0 0 0]
[2537860984640369487598240168405954650749796198450569831667823994422928247100028282717634636574777436539204092319319144969125409566341194155050755862419680524460559150819391094373016602552764392568431836304631340150800835062047286993516719197396981223056489912579205874837950 1 0 0 0 0 0 0 0 0 0 0 0 0 0 0 0 0 0 0 0 0 0 0 0 0 0 0 0 0 0 0 0 0 0 0 0 0 0 0 0 0 0 0 0 0 0 0 0 0 0 0 0 0 0 0 0 0 0 0 0 0 0 0 0 0 0 0 0 0 0 0 0 0 0 0 0 0 0 0 0 0 0 0 0 0 0 0 0 0 0]
[5741638313599461617385757860138879631072626059234812747703482956626508934220588290806529232665532292371484945109466676953502800046514604140111730553557691222780237738687288793158980159638533426675390994943201170506346829871397540651494157188741625951419127365366809802435026 0 1 0 0 0 0 0 0 0 0 0 0 0 0 0 0 0 0 0 0 0 0 0 0 0 0 0 0 0 0 0 0 0 0 0 0 0 0 0 0 0 0 0 0 0 0 0 0 0 0 0 0 0 0 0 0 0 0 0 0 0 0 0 0 0 0 0 0 0 0 0 0 0 0 0 0 0 0 0 0 0 0 0 0 0 0 0 0 0 0]
[393775376935438081159875051224522228290393428855615811260786774458138121282203725816798975910277504748319758655901143463228200277292127879895624309473405321037295131384948529674494524742419149009939910237647656247974003343060546634110846526230746363681839677933229926189320 0 0 1 0 0 0 0 0 0 0 0 0 0 0 0 0 0 0 0 0 0 0 0 0 0 0 0 0 0 0 0 0 0 0 0 0 0 0 0 0 0 0 0 0 0 0 0 0 0 0 0 0 0 0 0 0 0 0 0 0 0 0 0 0 0 0 0 0 0 0 0 0 0 0 0 0 0 0 0 0 0 0 0 0 0 0 0 0 0 0]
[4900511274993916002206960803367048829556805117412031036409129579741170836755002920229566813120674655021136033044704369213057783962444602652735688363689999340472526930728236125917314300114339525379911733685391135854681004347533547800886787666375092250511830500599079522514205 0 0 0 1 0 0 0 0 0 0 0 0 0 0 0 0 0 0 0 0 0 0 0 0 0 0 0 0 0 0 0 0 0 0 0 0 0 0 0 0 0 0 0 0 0 0 0 0 0 0 0 0 0 0 0 0 0 0 0 0 0 0 0 0 0 0 0 0 0 0 0 0 0 0 0 0 0 0 0 0 0 0 0 0 0 0 0 0 0 0]
[4382252544508218231447262470351166570658998698272750480759597661324849373067782311974429500613522841970399325085218144497490520793130774528086999643564086320557107328160550786309636279760960968865238452270479128610071111132119282313845934990584114952894907162638483697521147 0 0 0 0 1 0 0 0 0 0 0 0 0 0 0 0 0 0 0 0 0 0 0 0 0 0 0 0 0 0 0 0 0 0 0 0 0 0 0 0 0 0 0 0 0 0 0 0 0 0 0 0 0 0 0 0 0 0 0 0 0 0 0 0 0 0 0 0 0 0 0 0 0 0 0 0 0 0 0 0 0 0 0 0 0 0 0 0 0 0]
[1496705479529553608163086345129559843491671512591344378723518681438959764444823095281632785555967269377134030778319011723048078048312325046202152185151407520806851465070697973351385377983155095794036453108405910449989842306676439591575684025655335097568847191685735652799145 0 0 0 0 0 1 0 0 0 0 0 0 0 0 0 0 0 0 0 0 0 0 0 0 0 0 0 0 0 0 0 0 0 0 0 0 0 0 0 0 0 0 0 0 0 0 0 0 0 0 0 0 0 0 0 0 0 0 0 0 0 0 0 0 0 0 0 0 0 0 0 0 0 0 0 0 0 0 0 0 0 0 0 0 0 0 0 0 0 0]
[2661027137364324851516258011051025077888799946308979599711969070164140514072418227803927006583637392162012407686117269786288302761132863670444942243630984974812536525916342560089295860453544190285153407803429915246591501257891443016582449769116455332149517111216237780524071 0 0 0 0 0 0 1 0 0 0 0 0 0 0 0 0 0 0 0 0 0 0 0 0 0 0 0 0 0 0 0 0 0 0 0 0 0 0 0 0 0 0 0 0 0 0 0 0 0 0 0 0 0 0 0 0 0 0 0 0 0 0 0 0 0 0 0 0 0 0 0 0 0 0 0 0 0 0 0 0 0 0 0 0 0 0 0 0 0 0]
[4295660196201558748798155141706615103255294419235305191416061241976725710610461589763644841211648250133755759714310987017322335860042919565376139553139832665704113518687480805386031512333617264520563771139285659418918711416395168899069102562283062119594380680463822159778771 0 0 0 0 0 0 0 1 0 0 0 0 0 0 0 0 0 0 0 0 0 0 0 0 0 0 0 0 0 0 0 0 0 0 0 0 0 0 0 0 0 0 0 0 0 0 0 0 0 0 0 0 0 0 0 0 0 0 0 0 0 0 0 0 0 0 0 0 0 0 0 0 0 0 0 0 0 0 0 0 0 0 0 0 0 0 0 0 0 0]
[1804422263258753327234765528664278322911701966249001537966847016309617971442037808957899059504046598048529060229100957099956176892514079934215854714365217954929414900148610709475656342881779219472472540621576818681770682989166105455896024666681022332808824729302895801288772 0 0 0 0 0 0 0 0 1 0 0 0 0 0 0 0 0 0 0 0 0 0 0 0 0 0 0 0 0 0 0 0 0 0 0 0 0 0 0 0 0 0 0 0 0 0 0 0 0 0 0 0 0 0 0 0 0 0 0 0 0 0 0 0 0 0 0 0 0 0 0 0 0 0 0 0 0 0 0 0 0 0 0 0 0 0 0 0 0 0]
[1632260477168411764402218997258522530896113702442575921018657716553454877821119223456056633545039043732074600251945673414475685020528806658632902820565646725290805563761060449219836894221034478829984750604968869013148103267438083214497243194080843905541148276046955316454153 0 0 0 0 0 0 0 0 0 1 0 0 0 0 0 0 0 0 0 0 0 0 0 0 0 0 0 0 0 0 0 0 0 0 0 0 0 0 0 0 0 0 0 0 0 0 0 0 0 0 0 0 0 0 0 0 0 0 0 0 0 0 0 0 0 0 0 0 0 0 0 0 0 0 0 0 0 0 0 0 0 0 0 0 0 0 0 0 0 0]
[6305217950722577229842532864944707484106961270790126771216402614930111118111143608529353047336582072344734534245362823663780768934599761896859133945993007247156824882489173518081396946687995290463205751949289719749041648659908908242737801593482964190644756955158588776978584 0 0 0 0 0 0 0 0 0 0 1 0 0 0 0 0 0 0 0 0 0 0 0 0 0 0 0 0 0 0 0 0 0 0 0 0 0 0 0 0 0 0 0 0 0 0 0 0 0 0 0 0 0 0 0 0 0 0 0 0 0 0 0 0 0 0 0 0 0 0 0 0 0 0 0 0 0 0 0 0 0 0 0 0 0 0 0 0 0 0]
[5796210077102379248642961162215076337048057054374904702670158537907027993851318875268303813682945514043089666824894100409241952277984329804188975131220661521556404656685050450718483807392941558819388930056545211269895836019572954589649367149998241585206605855764491563148882 0 0 0 0 0 0 0 0 0 0 0 1 0 0 0 0 0 0 0 0 0 0 0 0 0 0 0 0 0 0 0 0 0 0 0 0 0 0 0 0 0 0 0 0 0 0 0 0 0 0 0 0 0 0 0 0 0 0 0 0 0 0 0 0 0 0 0 0 0 0 0 0 0 0 0 0 0 0 0 0 0 0 0 0 0 0 0 0 0 0]
[808641793173659298896823469007928625598311524868825773652738017021638399188154720854320460776451757034510322938524690213246475705817398937417232180694148069332005492775992060853243175404821304164996861748845404234748463525800131120325698900080058390563733998258213141606466 0 0 0 0 0 0 0 0 0 0 0 0 1 0 0 0 0 0 0 0 0 0 0 0 0 0 0 0 0 0 0 0 0 0 0 0 0 0 0 0 0 0 0 0 0 0 0 0 0 0 0 0 0 0 0 0 0 0 0 0 0 0 0 0 0 0 0 0 0 0 0 0 0 0 0 0 0 0 0 0 0 0 0 0 0 0 0 0 0 0]
[5298301584572701101954961318289998896008866390898361794849900866363380520885461161471321754637866484427043667639222077918792569924544344615732888954142083466400406984736606155466325795739805340304900642231246873398421566951025926620816678175414180989799943472687581736881464 0 0 0 0 0 0 0 0 0 0 0 0 0 1 0 0 0 0 0 0 0 0 0 0 0 0 0 0 0 0 0 0 0 0 0 0 0 0 0 0 0 0 0 0 0 0 0 0 0 0 0 0 0 0 0 0 0 0 0 0 0 0 0 0 0 0 0 0 0 0 0 0 0 0 0 0 0 0 0 0 0 0 0 0 0 0 0 0 0 0]
[875347473820547055802207205287297634478783498826966249300671057791805238783866620836448034071244609580037859858716175439152370572265070573117897764789457147956117896045101415730906700630822521208573626021039613410015771075857637628622176431155522259538682987654547176773653 0 0 0 0 0 0 0 0 0 0 0 0 0 0 1 0 0 0 0 0 0 0 0 0 0 0 0 0 0 0 0 0 0 0 0 0 0 0 0 0 0 0 0 0 0 0 0 0 0 0 0 0 0 0 0 0 0 0 0 0 0 0 0 0 0 0 0 0 0 0 0 0 0 0 0 0 0 0 0 0 0 0 0 0 0 0 0 0 0 0]
[5782787706433442431457108261028918831202337693335016132719411170934740798707562127605449874320794435516784227638799696823995247597014165789524412237736728915338892354741570058650106056403358504035233145349130776228287189603943137065499132516736570622291241202749487789709678 0 0 0 0 0 0 0 0 0 0 0 0 0 0 0 1 0 0 0 0 0 0 0 0 0 0 0 0 0 0 0 0 0 0 0 0 0 0 0 0 0 0 0 0 0 0 0 0 0 0 0 0 0 0 0 0 0 0 0 0 0 0 0 0 0 0 0 0 0 0 0 0 0 0 0 0 0 0 0 0 0 0 0 0 0 0 0 0 0 0]
[1196171180081730022723446099478830395992673471274040684199894956855593415350140822220383047066274516038596884508865984928527941910761740627313055017981680043798853687652044121083626282481814686935571944756750309024331670429577928879786199615087849289894305753115408534730045 0 0 0 0 0 0 0 0 0 0 0 0 0 0 0 0 1 0 0 0 0 0 0 0 0 0 0 0 0 0 0 0 0 0 0 0 0 0 0 0 0 0 0 0 0 0 0 0 0 0 0 0 0 0 0 0 0 0 0 0 0 0 0 0 0 0 0 0 0 0 0 0 0 0 0 0 0 0 0 0 0 0 0 0 0 0 0 0 0 0]
[897869828662562291608858319092793206441904764912856776581920876631380987534890176297112280593304270409672086383963921039354078042396589814906285153997774465088399851252867238123591169074181901901512249749698072387041682395158576750250544174025016884838388955214807371354638 0 0 0 0 0 0 0 0 0 0 0 0 0 0 0 0 0 1 0 0 0 0 0 0 0 0 0 0 0 0 0 0 0 0 0 0 0 0 0 0 0 0 0 0 0 0 0 0 0 0 0 0 0 0 0 0 0 0 0 0 0 0 0 0 0 0 0 0 0 0 0 0 0 0 0 0 0 0 0 0 0 0 0 0 0 0 0 0 0 0]
[4534100590734586982374885042487774051338089702799642972313504120512577376495635735054734722765334675070150964256715550574585629556253352975325851410766797600178317839789293776748190049423417753823237526771683389568746461786003465582720910119429372389117414850246877207776163 0 0 0 0 0 0 0 0 0 0 0 0 0 0 0 0 0 0 1 0 0 0 0 0 0 0 0 0 0 0 0 0 0 0 0 0 0 0 0 0 0 0 0 0 0 0 0 0 0 0 0 0 0 0 0 0 0 0 0 0 0 0 0 0 0 0 0 0 0 0 0 0 0 0 0 0 0 0 0 0 0 0 0 0 0 0 0 0 0 0]
[5532058815401073469034099264981305628502096644731731503589564693885257004223868722985947728426189454348310852552727854064854582958631682604926198841407338755932857996275096896278151621769155274506368610792296644264087910007470889569505293241681750447145644058880393209707027 0 0 0 0 0 0 0 0 0 0 0 0 0 0 0 0 0 0 0 1 0 0 0 0 0 0 0 0 0 0 0 0 0 0 0 0 0 0 0 0 0 0 0 0 0 0 0 0 0 0 0 0 0 0 0 0 0 0 0 0 0 0 0 0 0 0 0 0 0 0 0 0 0 0 0 0 0 0 0 0 0 0 0 0 0 0 0 0 0 0]
[1476976553766043096163145593344169694642004630356832733090921048056948330265355998543672309593470457923647017591174258605183399760995342068063821417556504529793291337831889363170073014895831496050534965978598023131474851402488108466200127906267914761441131490911021189372762 0 0 0 0 0 0 0 0 0 0 0 0 0 0 0 0 0 0 0 0 1 0 0 0 0 0 0 0 0 0 0 0 0 0 0 0 0 0 0 0 0 0 0 0 0 0 0 0 0 0 0 0 0 0 0 0 0 0 0 0 0 0 0 0 0 0 0 0 0 0 0 0 0 0 0 0 0 0 0 0 0 0 0 0 0 0 0 0 0 0]
[1180912180178588071259010203850908622176424980756918434785902027568706119080046701356583726560779634764561119255746661342631826463015906786694435212870626624439563143186312523280814122621557290418291304251722890533058467230143428646495855794877479502982184269861405580044864 0 0 0 0 0 0 0 0 0 0 0 0 0 0 0 0 0 0 0 0 0 1 0 0 0 0 0 0 0 0 0 0 0 0 0 0 0 0 0 0 0 0 0 0 0 0 0 0 0 0 0 0 0 0 0 0 0 0 0 0 0 0 0 0 0 0 0 0 0 0 0 0 0 0 0 0 0 0 0 0 0 0 0 0 0 0 0 0 0 0]
[694400824482827653380793649217982496036897243694912641773516235083942950813315633426468491843418060081578608160342429446068062458416117600469408787085135664734664323671498060855488175753575684336926794921221957452068611190576398457525578569278099222871748706320113880196427 0 0 0 0 0 0 0 0 0 0 0 0 0 0 0 0 0 0 0 0 0 0 1 0 0 0 0 0 0 0 0 0 0 0 0 0 0 0 0 0 0 0 0 0 0 0 0 0 0 0 0 0 0 0 0 0 0 0 0 0 0 0 0 0 0 0 0 0 0 0 0 0 0 0 0 0 0 0 0 0 0 0 0 0 0 0 0 0 0 0]
[5403797336733133655181171643842667694627463758116851586784896217208526394007644509210433653026658852832886090699922880535446544792763303144580734227438752285148471869753514912671441549144336768331179067176716269141021941916170909926663012386895052907153961608939724209972557 0 0 0 0 0 0 0 0 0 0 0 0 0 0 0 0 0 0 0 0 0 0 0 1 0 0 0 0 0 0 0 0 0 0 0 0 0 0 0 0 0 0 0 0 0 0 0 0 0 0 0 0 0 0 0 0 0 0 0 0 0 0 0 0 0 0 0 0 0 0 0 0 0 0 0 0 0 0 0 0 0 0 0 0 0 0 0 0 0 0]
[2574214414548460686867176932852196676818515774897927238692746915334129716883909833315953446197340514954328674012722729381449238001746504908048322598872143243774948337919208710129560860731766103836369562933000129996203297790186277428117119288447883642056195005308664148639532 0 0 0 0 0 0 0 0 0 0 0 0 0 0 0 0 0 0 0 0 0 0 0 0 1 0 0 0 0 0 0 0 0 0 0 0 0 0 0 0 0 0 0 0 0 0 0 0 0 0 0 0 0 0 0 0 0 0 0 0 0 0 0 0 0 0 0 0 0 0 0 0 0 0 0 0 0 0 0 0 0 0 0 0 0 0 0 0 0 0]
[5341143127149611701132673642823945190875881278792144334213592744554605388113885863856656896820526008366334440620764040795347246657472253374323288763888530883852091019718265729401605624175215998353149773123226664363655722507640446181814232798567681869282137122015228670284234 0 0 0 0 0 0 0 0 0 0 0 0 0 0 0 0 0 0 0 0 0 0 0 0 0 1 0 0 0 0 0 0 0 0 0 0 0 0 0 0 0 0 0 0 0 0 0 0 0 0 0 0 0 0 0 0 0 0 0 0 0 0 0 0 0 0 0 0 0 0 0 0 0 0 0 0 0 0 0 0 0 0 0 0 0 0 0 0 0 0]
[858418536564649307309226568043819124135086114330711530861485201717307269853378505179626458192721994637227899315991595611484729392002143177106761432769422868002217515723984326633573861537529594181920178667320988753180952832919284662073782385301608560163138313225893176989230 0 0 0 0 0 0 0 0 0 0 0 0 0 0 0 0 0 0 0 0 0 0 0 0 0 0 1 0 0 0 0 0 0 0 0 0 0 0 0 0 0 0 0 0 0 0 0 0 0 0 0 0 0 0 0 0 0 0 0 0 0 0 0 0 0 0 0 0 0 0 0 0 0 0 0 0 0 0 0 0 0 0 0 0 0 0 0 0 0 0]
[5702834319290114114566026277817454046783160828046611862053620784224525222751899449330765845640558511786232104067907199849999452859599112659629442581480811397203428592764196335570972435103580596449862534739503011953751822001543838832981242221660836142034113267819196601293296 0 0 0 0 0 0 0 0 0 0 0 0 0 0 0 0 0 0 0 0 0 0 0 0 0 0 0 1 0 0 0 0 0 0 0 0 0 0 0 0 0 0 0 0 0 0 0 0 0 0 0 0 0 0 0 0 0 0 0 0 0 0 0 0 0 0 0 0 0 0 0 0 0 0 0 0 0 0 0 0 0 0 0 0 0 0 0 0 0 0]
[3953975730919832908899279052568315379003272919189199963495926854615964675521417070951606048518149576399440367145017287027050104546496180436700442416092376343021467236967587165634477858335883031137088390560628839351935526497837087691592861591084143541944066565708900779032152 0 0 0 0 0 0 0 0 0 0 0 0 0 0 0 0 0 0 0 0 0 0 0 0 0 0 0 0 1 0 0 0 0 0 0 0 0 0 0 0 0 0 0 0 0 0 0 0 0 0 0 0 0 0 0 0 0 0 0 0 0 0 0 0 0 0 0 0 0 0 0 0 0 0 0 0 0 0 0 0 0 0 0 0 0 0 0 0 0 0]
[1531130107770402252386545189404799017482794759159098554402697406847337293418421549184187809065000303761701944231107087656077883197287119656375669962904936478080401890293919146845424027100389729280963364501962252692922525715831406537537154884945249779938730649462544405237085 0 0 0 0 0 0 0 0 0 0 0 0 0 0 0 0 0 0 0 0 0 0 0 0 0 0 0 0 0 1 0 0 0 0 0 0 0 0 0 0 0 0 0 0 0 0 0 0 0 0 0 0 0 0 0 0 0 0 0 0 0 0 0 0 0 0 0 0 0 0 0 0 0 0 0 0 0 0 0 0 0 0 0 0 0 0 0 0 0 0]
[734465436117620495311458856126720608432338453622229081832508380440760793270720535775800412527949852404611269532695710212036111175499560915453973376968072898810567840215220907307483033982480989037628720092847729736395076369993470530964464705475396062975261942030171743750199 0 0 0 0 0 0 0 0 0 0 0 0 0 0 0 0 0 0 0 0 0 0 0 0 0 0 0 0 0 0 1 0 0 0 0 0 0 0 0 0 0 0 0 0 0 0 0 0 0 0 0 0 0 0 0 0 0 0 0 0 0 0 0 0 0 0 0 0 0 0 0 0 0 0 0 0 0 0 0 0 0 0 0 0 0 0 0 0 0 0]
[3380831662945214462634326205978434858274415773687361308456434344777904370412335348907103295564042638023513860243206827354464469197236408442360262710949166034668232757363672519378007692648738031122839137353312487774850802643850309017902692847650992720257408519044805194820411 0 0 0 0 0 0 0 0 0 0 0 0 0 0 0 0 0 0 0 0 0 0 0 0 0 0 0 0 0 0 0 1 0 0 0 0 0 0 0 0 0 0 0 0 0 0 0 0 0 0 0 0 0 0 0 0 0 0 0 0 0 0 0 0 0 0 0 0 0 0 0 0 0 0 0 0 0 0 0 0 0 0 0 0 0 0 0 0 0 0]
[1454994938333433424796735309943845689937605763745605892097021950578393061079506747305059644572824659178129210204631572826200690760067566057639240457140973863212118244645909419822114898899824000187866585078483669774416953587826399363099617347670157331829330923889618903272100 0 0 0 0 0 0 0 0 0 0 0 0 0 0 0 0 0 0 0 0 0 0 0 0 0 0 0 0 0 0 0 0 1 0 0 0 0 0 0 0 0 0 0 0 0 0 0 0 0 0 0 0 0 0 0 0 0 0 0 0 0 0 0 0 0 0 0 0 0 0 0 0 0 0 0 0 0 0 0 0 0 0 0 0 0 0 0 0 0 0]
[760494800861550137385376433161744809434100248177130442019048832438950663768033707814997185331669156357480908641207132934554469614022168809373614708128390912621712183862306273393971840254342546035038388168425663631108737820741054606267939895759926300603562964117423807672671 0 0 0 0 0 0 0 0 0 0 0 0 0 0 0 0 0 0 0 0 0 0 0 0 0 0 0 0 0 0 0 0 0 1 0 0 0 0 0 0 0 0 0 0 0 0 0 0 0 0 0 0 0 0 0 0 0 0 0 0 0 0 0 0 0 0 0 0 0 0 0 0 0 0 0 0 0 0 0 0 0 0 0 0 0 0 0 0 0 0]
[1088536632180682559881162672878594768839368793551800319421777189233276103583749418594093967212464727342996905020494337772876140218435284409273974623962097484842523257613134315932484847403114197430217254915238906508866552696019290008522610015520821627865753395922531545368714 0 0 0 0 0 0 0 0 0 0 0 0 0 0 0 0 0 0 0 0 0 0 0 0 0 0 0 0 0 0 0 0 0 0 1 0 0 0 0 0 0 0 0 0 0 0 0 0 0 0 0 0 0 0 0 0 0 0 0 0 0 0 0 0 0 0 0 0 0 0 0 0 0 0 0 0 0 0 0 0 0 0 0 0 0 0 0 0 0 0]
[3715530167324332461966156780348668191578519023774475861989081584691487794292120454316461750028758325203303917884771894146779544879665160300468195321315221138717458062617743386990244894136676597092400417137230740773852346963647956261397305527340051710490972289815455682108548 0 0 0 0 0 0 0 0 0 0 0 0 0 0 0 0 0 0 0 0 0 0 0 0 0 0 0 0 0 0 0 0 0 0 0 1 0 0 0 0 0 0 0 0 0 0 0 0 0 0 0 0 0 0 0 0 0 0 0 0 0 0 0 0 0 0 0 0 0 0 0 0 0 0 0 0 0 0 0 0 0 0 0 0 0 0 0 0 0 0]
[3295460935595286534671690342441587826904318505515277288950841814431270098778885178325747647005242608081247200476060035460294666378321641550455031604441341607765572617479918851492849966973040397412660761076437036539554823025553749711016617494309573714987892197781013479470651 0 0 0 0 0 0 0 0 0 0 0 0 0 0 0 0 0 0 0 0 0 0 0 0 0 0 0 0 0 0 0 0 0 0 0 0 1 0 0 0 0 0 0 0 0 0 0 0 0 0 0 0 0 0 0 0 0 0 0 0 0 0 0 0 0 0 0 0 0 0 0 0 0 0 0 0 0 0 0 0 0 0 0 0 0 0 0 0 0 0]
[3152049648014974306838325294072209540260554883062896827251989135027421420175370218737432410348418967340325191819779227037958139443551231487324761653325412886815290493735534166287850209706218523241298124323061812580966802825080251644713093493586951628464096657212578212904113 0 0 0 0 0 0 0 0 0 0 0 0 0 0 0 0 0 0 0 0 0 0 0 0 0 0 0 0 0 0 0 0 0 0 0 0 0 1 0 0 0 0 0 0 0 0 0 0 0 0 0 0 0 0 0 0 0 0 0 0 0 0 0 0 0 0 0 0 0 0 0 0 0 0 0 0 0 0 0 0 0 0 0 0 0 0 0 0 0 0]
[3972387993063282904445596291506835647371868885174632097433347345076873680096280093119410451463830665594262512216822268991917872503767949089990876842059787098732974070190357804540775557306465176847095098457605872358941245805532865794382522458797684326233237860629628607830745 0 0 0 0 0 0 0 0 0 0 0 0 0 0 0 0 0 0 0 0 0 0 0 0 0 0 0 0 0 0 0 0 0 0 0 0 0 0 1 0 0 0 0 0 0 0 0 0 0 0 0 0 0 0 0 0 0 0 0 0 0 0 0 0 0 0 0 0 0 0 0 0 0 0 0 0 0 0 0 0 0 0 0 0 0 0 0 0 0 0]
[1667244446117345416359736278982477657894603370385449812939031886215117511455806048844324237236694888985986120818514069056403511615856946687704878160356846069817355448399501124280068171925646524195107655124248219752246701833892586606099075646871983338892920095192563925841736 0 0 0 0 0 0 0 0 0 0 0 0 0 0 0 0 0 0 0 0 0 0 0 0 0 0 0 0 0 0 0 0 0 0 0 0 0 0 0 1 0 0 0 0 0 0 0 0 0 0 0 0 0 0 0 0 0 0 0 0 0 0 0 0 0 0 0 0 0 0 0 0 0 0 0 0 0 0 0 0 0 0 0 0 0 0 0 0 0 0]
[5904770080053616569631931821890696839312618453029906285523289606548408875763318567061181581980348295397613879482719459146365618185220419522411817621141486099073771628540676555321364595568606269127327211565789930626408038781191621337073201089924714803396318676831140827548808 0 0 0 0 0 0 0 0 0 0 0 0 0 0 0 0 0 0 0 0 0 0 0 0 0 0 0 0 0 0 0 0 0 0 0 0 0 0 0 0 1 0 0 0 0 0 0 0 0 0 0 0 0 0 0 0 0 0 0 0 0 0 0 0 0 0 0 0 0 0 0 0 0 0 0 0 0 0 0 0 0 0 0 0 0 0 0 0 0 0]
[290367168127203338957329221784910117461803988410960667798696616361093252875608592175436069859214629913177051803272727003845134750496000619894426682783855817146305036187416584401148350624100227856365884005570169712744926728598167610022485967110508830002154666747761982108689 0 0 0 0 0 0 0 0 0 0 0 0 0 0 0 0 0 0 0 0 0 0 0 0 0 0 0 0 0 0 0 0 0 0 0 0 0 0 0 0 0 1 0 0 0 0 0 0 0 0 0 0 0 0 0 0 0 0 0 0 0 0 0 0 0 0 0 0 0 0 0 0 0 0 0 0 0 0 0 0 0 0 0 0 0 0 0 0 0 0]
[5440971782244182885119042971878573389298451419895881826831953970886537419333753472718759836780008861348802881399366383926009309963665279803237375210481932411258577179161351516502324786587349863904403509344253867556733667509205982449244695276181881483894279277832089572710581 0 0 0 0 0 0 0 0 0 0 0 0 0 0 0 0 0 0 0 0 0 0 0 0 0 0 0 0 0 0 0 0 0 0 0 0 0 0 0 0 0 0 1 0 0 0 0 0 0 0 0 0 0 0 0 0 0 0 0 0 0 0 0 0 0 0 0 0 0 0 0 0 0 0 0 0 0 0 0 0 0 0 0 0 0 0 0 0 0 0]
[4440109586160306031741822547129531594529503802229296916872750740602096882758021314173099571377748888837381273735804071368869781557236369883041226799856864728232477020285117196927277796958303580889105018086334363302152083646879359981602837443791501333332545329373233254638247 0 0 0 0 0 0 0 0 0 0 0 0 0 0 0 0 0 0 0 0 0 0 0 0 0 0 0 0 0 0 0 0 0 0 0 0 0 0 0 0 0 0 0 1 0 0 0 0 0 0 0 0 0 0 0 0 0 0 0 0 0 0 0 0 0 0 0 0 0 0 0 0 0 0 0 0 0 0 0 0 0 0 0 0 0 0 0 0 0 0]
[2992322199532659892161055022418296181738418416939947742272827479043150283441603273528814050220714121326904886024119430615154240798796376149463448593078185311323953562694375930859121507033138623091891580426918796813501623884904920468143144898938696109563860969042263603683265 0 0 0 0 0 0 0 0 0 0 0 0 0 0 0 0 0 0 0 0 0 0 0 0 0 0 0 0 0 0 0 0 0 0 0 0 0 0 0 0 0 0 0 0 1 0 0 0 0 0 0 0 0 0 0 0 0 0 0 0 0 0 0 0 0 0 0 0 0 0 0 0 0 0 0 0 0 0 0 0 0 0 0 0 0 0 0 0 0 0]
[2575593368919990857237761940014489518883862167352035570951183234233408751434493113826466896050668632245842218667256325059108766453114002383362176508432747518306235474412127983823663011881969449257181292571091977197271756724011807822722731150849240566473802360571503512021087 0 0 0 0 0 0 0 0 0 0 0 0 0 0 0 0 0 0 0 0 0 0 0 0 0 0 0 0 0 0 0 0 0 0 0 0 0 0 0 0 0 0 0 0 0 1 0 0 0 0 0 0 0 0 0 0 0 0 0 0 0 0 0 0 0 0 0 0 0 0 0 0 0 0 0 0 0 0 0 0 0 0 0 0 0 0 0 0 0 0]
[2769566603808905969242033943288851473936544036388973463978930718151189410627329893840228972741727595092844008557645336206867945550970713590237038279711477405402080092518385376207963809117636530648754059965879613325378550953167443194503494134550578863029302086472014099321304 0 0 0 0 0 0 0 0 0 0 0 0 0 0 0 0 0 0 0 0 0 0 0 0 0 0 0 0 0 0 0 0 0 0 0 0 0 0 0 0 0 0 0 0 0 0 1 0 0 0 0 0 0 0 0 0 0 0 0 0 0 0 0 0 0 0 0 0 0 0 0 0 0 0 0 0 0 0 0 0 0 0 0 0 0 0 0 0 0 0]
[4879226491834689119336918549530185274799310863081439595459122118529120567468343427763504529837608343419185469288673679988899163711368138706468673812530109683773469284215309371669469758729740591105885589552820803213825570121147634607526070528657634246233474154998733922915511 0 0 0 0 0 0 0 0 0 0 0 0 0 0 0 0 0 0 0 0 0 0 0 0 0 0 0 0 0 0 0 0 0 0 0 0 0 0 0 0 0 0 0 0 0 0 0 1 0 0 0 0 0 0 0 0 0 0 0 0 0 0 0 0 0 0 0 0 0 0 0 0 0 0 0 0 0 0 0 0 0 0 0 0 0 0 0 0 0 0]
[3100088447674111450623524128102531086320305054487053524696327991970175790259816686389893981442849330664496863943628078393897373581423976555646009471770680785505139954050707866947318035469220228031485687243095958103093607623948602761459217442957539719751025023552879603850641 0 0 0 0 0 0 0 0 0 0 0 0 0 0 0 0 0 0 0 0 0 0 0 0 0 0 0 0 0 0 0 0 0 0 0 0 0 0 0 0 0 0 0 0 0 0 0 0 1 0 0 0 0 0 0 0 0 0 0 0 0 0 0 0 0 0 0 0 0 0 0 0 0 0 0 0 0 0 0 0 0 0 0 0 0 0 0 0 0 0]
[3736458374224188058617761013808243856101832303029955806917936203197889884911013941020935728620647664010847738774306827669273368993980319035445079465153528249036941118389253926952511249703808484184709337875841845796411878074947144080016629609121707553860039854386064697305607 0 0 0 0 0 0 0 0 0 0 0 0 0 0 0 0 0 0 0 0 0 0 0 0 0 0 0 0 0 0 0 0 0 0 0 0 0 0 0 0 0 0 0 0 0 0 0 0 0 1 0 0 0 0 0 0 0 0 0 0 0 0 0 0 0 0 0 0 0 0 0 0 0 0 0 0 0 0 0 0 0 0 0 0 0 0 0 0 0 0]
[989464725531560723250938042597871974434821473636338485435395353768056400665033354226370884182472303980190575426085033226727198561570502635685212982463642923899865637651205638755324043940107533064671892281886040067285255319566495227512340341621322082248632892281561213565519 0 0 0 0 0 0 0 0 0 0 0 0 0 0 0 0 0 0 0 0 0 0 0 0 0 0 0 0 0 0 0 0 0 0 0 0 0 0 0 0 0 0 0 0 0 0 0 0 0 0 1 0 0 0 0 0 0 0 0 0 0 0 0 0 0 0 0 0 0 0 0 0 0 0 0 0 0 0 0 0 0 0 0 0 0 0 0 0 0 0]
[2634628993461222043708900211310139103416948601790574726981559932049322112369841355246756584618074500751965387433592779909222495618505858410752446848145410826159064496897127868285977897468145346056678955113224730865407641013973000595366275818224833306846248945127910319806730 0 0 0 0 0 0 0 0 0 0 0 0 0 0 0 0 0 0 0 0 0 0 0 0 0 0 0 0 0 0 0 0 0 0 0 0 0 0 0 0 0 0 0 0 0 0 0 0 0 0 0 1 0 0 0 0 0 0 0 0 0 0 0 0 0 0 0 0 0 0 0 0 0 0 0 0 0 0 0 0 0 0 0 0 0 0 0 0 0 0]
[6105906921066940302070403784684403854122525392909370825990431013319947484526435445261664831589672061978178715096276253361358367734214945767517075156800087132818937604031412122918747516524224460993206604994796525241146711068900312215845896222881346555223454840313690686575449 0 0 0 0 0 0 0 0 0 0 0 0 0 0 0 0 0 0 0 0 0 0 0 0 0 0 0 0 0 0 0 0 0 0 0 0 0 0 0 0 0 0 0 0 0 0 0 0 0 0 0 0 1 0 0 0 0 0 0 0 0 0 0 0 0 0 0 0 0 0 0 0 0 0 0 0 0 0 0 0 0 0 0 0 0 0 0 0 0 0]
[965382177426820739654720740570349818334613863239806972334894273426530911209299267646980142299396117966406185020822807680582992176977915780054857961475658333269754735662351081494476713231770113162311623725396184344306090055166462265560135443376267807646393665605623679445581 0 0 0 0 0 0 0 0 0 0 0 0 0 0 0 0 0 0 0 0 0 0 0 0 0 0 0 0 0 0 0 0 0 0 0 0 0 0 0 0 0 0 0 0 0 0 0 0 0 0 0 0 0 1 0 0 0 0 0 0 0 0 0 0 0 0 0 0 0 0 0 0 0 0 0 0 0 0 0 0 0 0 0 0 0 0 0 0 0 0]
[4723205761122995705752720113463735678532048619082433458489191716876840230523082573202515916924079353944490902959979544233559167666161777825839293045359216449486426613419109715062622715552348680123080505870374761418907166830535739595781249534541135166092722338581731117357759 0 0 0 0 0 0 0 0 0 0 0 0 0 0 0 0 0 0 0 0 0 0 0 0 0 0 0 0 0 0 0 0 0 0 0 0 0 0 0 0 0 0 0 0 0 0 0 0 0 0 0 0 0 0 1 0 0 0 0 0 0 0 0 0 0 0 0 0 0 0 0 0 0 0 0 0 0 0 0 0 0 0 0 0 0 0 0 0 0 0]
[3323383334439741987299846611578951792045213390316918609838374036953532275167530936849110305837557409969303807126406556360756834335850071260403170200859683362119007512846613464310641660507530203373781797118787742870154963359134923350979195356067357973558633864761151033228598 0 0 0 0 0 0 0 0 0 0 0 0 0 0 0 0 0 0 0 0 0 0 0 0 0 0 0 0 0 0 0 0 0 0 0 0 0 0 0 0 0 0 0 0 0 0 0 0 0 0 0 0 0 0 0 1 0 0 0 0 0 0 0 0 0 0 0 0 0 0 0 0 0 0 0 0 0 0 0 0 0 0 0 0 0 0 0 0 0 0]
[73389614405415283409456940863769183950281235607007922805238090334702324547379640081476417879499188849138714375533803131794545967240304671941534362083687221253116062794156841395583961322850086506363497634100438963093605048419717319502356815712322618816263832654231735526342 0 0 0 0 0 0 0 0 0 0 0 0 0 0 0 0 0 0 0 0 0 0 0 0 0 0 0 0 0 0 0 0 0 0 0 0 0 0 0 0 0 0 0 0 0 0 0 0 0 0 0 0 0 0 0 0 1 0 0 0 0 0 0 0 0 0 0 0 0 0 0 0 0 0 0 0 0 0 0 0 0 0 0 0 0 0 0 0 0 0]
[5272537687495205381314136841798845588125844298825424739998580559087600033341507173878983735155509187822952369050680306599983926398861270642575519173526907496041530785135068218188605047051003610568474778868953106610390677760962742905347995418052131070425119097420361339261096 0 0 0 0 0 0 0 0 0 0 0 0 0 0 0 0 0 0 0 0 0 0 0 0 0 0 0 0 0 0 0 0 0 0 0 0 0 0 0 0 0 0 0 0 0 0 0 0 0 0 0 0 0 0 0 0 0 1 0 0 0 0 0 0 0 0 0 0 0 0 0 0 0 0 0 0 0 0 0 0 0 0 0 0 0 0 0 0 0 0]
[6048317521229799325199794215454871199492690573491560473616665144964428772024815362806422117790341291979692853118368809140476160725101221254476781745172155139936885468048749624347880961162287804469748382701194067904302871012825534961514610168428334156446012753940947087310056 0 0 0 0 0 0 0 0 0 0 0 0 0 0 0 0 0 0 0 0 0 0 0 0 0 0 0 0 0 0 0 0 0 0 0 0 0 0 0 0 0 0 0 0 0 0 0 0 0 0 0 0 0 0 0 0 0 0 1 0 0 0 0 0 0 0 0 0 0 0 0 0 0 0 0 0 0 0 0 0 0 0 0 0 0 0 0 0 0 0]
[1722266092758758592553691806336616778411467866101945722279030110418220892148843419212719668885555044003351848858586433327190709774046849668793818301153020011620768210105098436567230059836745433705004805310479947260241705372242335089425864983333119298916782070648932504573079 0 0 0 0 0 0 0 0 0 0 0 0 0 0 0 0 0 0 0 0 0 0 0 0 0 0 0 0 0 0 0 0 0 0 0 0 0 0 0 0 0 0 0 0 0 0 0 0 0 0 0 0 0 0 0 0 0 0 0 1 0 0 0 0 0 0 0 0 0 0 0 0 0 0 0 0 0 0 0 0 0 0 0 0 0 0 0 0 0 0]
[1046659808359773342743201361832685963088929386349216472614483192917906514948286374141068710141568606839657789717573789281879153281966416227322928879367149194419568145969570638200885919459862508308487505675589862073744677582651856943305319570345397783791754666623391688530371 0 0 0 0 0 0 0 0 0 0 0 0 0 0 0 0 0 0 0 0 0 0 0 0 0 0 0 0 0 0 0 0 0 0 0 0 0 0 0 0 0 0 0 0 0 0 0 0 0 0 0 0 0 0 0 0 0 0 0 0 1 0 0 0 0 0 0 0 0 0 0 0 0 0 0 0 0 0 0 0 0 0 0 0 0 0 0 0 0 0]
[1274285522754137384716371229666871655983974032739401016904706725699323079578403673935769853186048859317808367505109542025429687335804295925550633194735911248287307573485069777304939699121759655317782617954741683000850674936450320879541751377745297616799767470260968136608080 0 0 0 0 0 0 0 0 0 0 0 0 0 0 0 0 0 0 0 0 0 0 0 0 0 0 0 0 0 0 0 0 0 0 0 0 0 0 0 0 0 0 0 0 0 0 0 0 0 0 0 0 0 0 0 0 0 0 0 0 0 1 0 0 0 0 0 0 0 0 0 0 0 0 0 0 0 0 0 0 0 0 0 0 0 0 0 0 0 0]
[2204671438008845285665630959511653457841852432859845786565663705529280998024866713711786059518586783833737900013812090519681935751400302123491193222585489978845949280691509163401841916311311944091643965536842162723899847710268665057361124243132752936290482547529707692939466 0 0 0 0 0 0 0 0 0 0 0 0 0 0 0 0 0 0 0 0 0 0 0 0 0 0 0 0 0 0 0 0 0 0 0 0 0 0 0 0 0 0 0 0 0 0 0 0 0 0 0 0 0 0 0 0 0 0 0 0 0 0 1 0 0 0 0 0 0 0 0 0 0 0 0 0 0 0 0 0 0 0 0 0 0 0 0 0 0 0]
[3370651502774438829469990392035647861973486249627244011053189825752869089496770440428967555582501144883098102224071082164186874164377490476318664798853864270154012457655887213291966274243162134680424417875482795519701074234146421741691259568018253517799846951367635584860093 0 0 0 0 0 0 0 0 0 0 0 0 0 0 0 0 0 0 0 0 0 0 0 0 0 0 0 0 0 0 0 0 0 0 0 0 0 0 0 0 0 0 0 0 0 0 0 0 0 0 0 0 0 0 0 0 0 0 0 0 0 0 0 1 0 0 0 0 0 0 0 0 0 0 0 0 0 0 0 0 0 0 0 0 0 0 0 0 0 0]
[6102042058810861275834699304949345564610326647742249089438211344148273692034456163557925057885425766528632200937870071734378891415963190369165596268987136203466028983987567514270168534254548290296878865717666913997207874719421414560772666799404456645253837401475449068473698 0 0 0 0 0 0 0 0 0 0 0 0 0 0 0 0 0 0 0 0 0 0 0 0 0 0 0 0 0 0 0 0 0 0 0 0 0 0 0 0 0 0 0 0 0 0 0 0 0 0 0 0 0 0 0 0 0 0 0 0 0 0 0 0 1 0 0 0 0 0 0 0 0 0 0 0 0 0 0 0 0 0 0 0 0 0 0 0 0 0]
[3441439291337726522373117001913853483163666094980210573180628763905578946336370386060254886400819049065334619955495392194199279525083858073844473408521635650288040203974349726265107694218557463461657179385747072451449547447104670742036244668601438421390201724863413689864130 0 0 0 0 0 0 0 0 0 0 0 0 0 0 0 0 0 0 0 0 0 0 0 0 0 0 0 0 0 0 0 0 0 0 0 0 0 0 0 0 0 0 0 0 0 0 0 0 0 0 0 0 0 0 0 0 0 0 0 0 0 0 0 0 0 1 0 0 0 0 0 0 0 0 0 0 0 0 0 0 0 0 0 0 0 0 0 0 0 0]
[5915694644782214413244717704927060449622567353112227420235183121721723192146793219195301232378272347272985201717132049116026190870153804683931058873645914039628650011326076143684389685171249948252381726730517717204088161568551475771107119733284293768725898432971787115195765 0 0 0 0 0 0 0 0 0 0 0 0 0 0 0 0 0 0 0 0 0 0 0 0 0 0 0 0 0 0 0 0 0 0 0 0 0 0 0 0 0 0 0 0 0 0 0 0 0 0 0 0 0 0 0 0 0 0 0 0 0 0 0 0 0 0 1 0 0 0 0 0 0 0 0 0 0 0 0 0 0 0 0 0 0 0 0 0 0 0]
[5738019306014640188916019962741940772908177644238227376759806323032885638719191312240488289206832580090333703295916161338372625466609041528776709154669653314406009312282654969259031626457171876455087428030091038622118891098879902371754274149040275231292949943558290408904019 0 0 0 0 0 0 0 0 0 0 0 0 0 0 0 0 0 0 0 0 0 0 0 0 0 0 0 0 0 0 0 0 0 0 0 0 0 0 0 0 0 0 0 0 0 0 0 0 0 0 0 0 0 0 0 0 0 0 0 0 0 0 0 0 0 0 0 1 0 0 0 0 0 0 0 0 0 0 0 0 0 0 0 0 0 0 0 0 0 0]
[5333444460120863222249418239007287574648710640230529841963271282646942443856495725032254676311641658494891517868936375946784940784955915441901829079479543930935436559378631466547725267088353413963161502717332924441250288687894046155473080757283777422145314844389822662155473 0 0 0 0 0 0 0 0 0 0 0 0 0 0 0 0 0 0 0 0 0 0 0 0 0 0 0 0 0 0 0 0 0 0 0 0 0 0 0 0 0 0 0 0 0 0 0 0 0 0 0 0 0 0 0 0 0 0 0 0 0 0 0 0 0 0 0 0 1 0 0 0 0 0 0 0 0 0 0 0 0 0 0 0 0 0 0 0 0 0]
[2148912606639351738482741577583918680365945020105858151297560272045212043849945884085679634643960558394561426566274118374340589921590403608980189112142805120201666897692585634841359684905268414253528401958812679443361306787717340414450765058206448453898412102277044075205514 0 0 0 0 0 0 0 0 0 0 0 0 0 0 0 0 0 0 0 0 0 0 0 0 0 0 0 0 0 0 0 0 0 0 0 0 0 0 0 0 0 0 0 0 0 0 0 0 0 0 0 0 0 0 0 0 0 0 0 0 0 0 0 0 0 0 0 0 0 1 0 0 0 0 0 0 0 0 0 0 0 0 0 0 0 0 0 0 0 0]
[1486365806292246935816545553185867795958106360188413931837992654201143874315840954963604269820070572360851500413742644380984986933832818646560435499634396308189147990385579732462008042393368273685504760629889907772397375308462582085489558446064962425773571851281439387659868 0 0 0 0 0 0 0 0 0 0 0 0 0 0 0 0 0 0 0 0 0 0 0 0 0 0 0 0 0 0 0 0 0 0 0 0 0 0 0 0 0 0 0 0 0 0 0 0 0 0 0 0 0 0 0 0 0 0 0 0 0 0 0 0 0 0 0 0 0 0 1 0 0 0 0 0 0 0 0 0 0 0 0 0 0 0 0 0 0 0]
[552058056723495052921508001457303144888714919870864717565294169508497286904886463538305006023919823676542944755887435487112222933942227237449600133358705614443673016960998752008995715274561944420514871682917484843503579858034474733531302657985361209638471918296016111516388 0 0 0 0 0 0 0 0 0 0 0 0 0 0 0 0 0 0 0 0 0 0 0 0 0 0 0 0 0 0 0 0 0 0 0 0 0 0 0 0 0 0 0 0 0 0 0 0 0 0 0 0 0 0 0 0 0 0 0 0 0 0 0 0 0 0 0 0 0 0 0 1 0 0 0 0 0 0 0 0 0 0 0 0 0 0 0 0 0 0]
[2764621740178872549535985838303128579830256431697171503191679789615673945628684885256593557920293431658575307827506753958873885805633482898645465971453161015130819506767572650167383197402946007896977101127523726638909497690016713534116040240476591925408191845003206535569414 0 0 0 0 0 0 0 0 0 0 0 0 0 0 0 0 0 0 0 0 0 0 0 0 0 0 0 0 0 0 0 0 0 0 0 0 0 0 0 0 0 0 0 0 0 0 0 0 0 0 0 0 0 0 0 0 0 0 0 0 0 0 0 0 0 0 0 0 0 0 0 0 1 0 0 0 0 0 0 0 0 0 0 0 0 0 0 0 0 0]
[1133198594766440540482383476680412840225388677522963947516386726776215988372722929173111093063888200252914507686716070371167435064666688673290263930291172686912732341893495980268418238493080863395706368619296373728175269123802880617110013041180456255165110684114819374978937 0 0 0 0 0 0 0 0 0 0 0 0 0 0 0 0 0 0 0 0 0 0 0 0 0 0 0 0 0 0 0 0 0 0 0 0 0 0 0 0 0 0 0 0 0 0 0 0 0 0 0 0 0 0 0 0 0 0 0 0 0 0 0 0 0 0 0 0 0 0 0 0 0 1 0 0 0 0 0 0 0 0 0 0 0 0 0 0 0 0]
[3753128481775131112886144058438270470782554475050208429637145557588109488147088388416305972296064925896466187964722778671772234357695005422014333643761030328964719769051067154563067031721191089771559642505973474006387693139618470338984567220786497324382999268243122412665693 0 0 0 0 0 0 0 0 0 0 0 0 0 0 0 0 0 0 0 0 0 0 0 0 0 0 0 0 0 0 0 0 0 0 0 0 0 0 0 0 0 0 0 0 0 0 0 0 0 0 0 0 0 0 0 0 0 0 0 0 0 0 0 0 0 0 0 0 0 0 0 0 0 0 1 0 0 0 0 0 0 0 0 0 0 0 0 0 0 0]
[6241751873469792420634596236714098952413662692708206165513773189042770993137938897972254051926994000656452508408379715375555359167652244895184035264469896604110860776394181191004581193911492149633672998825182782039693368628301378242504686906034704926226937156765426159038918 0 0 0 0 0 0 0 0 0 0 0 0 0 0 0 0 0 0 0 0 0 0 0 0 0 0 0 0 0 0 0 0 0 0 0 0 0 0 0 0 0 0 0 0 0 0 0 0 0 0 0 0 0 0 0 0 0 0 0 0 0 0 0 0 0 0 0 0 0 0 0 0 0 0 0 1 0 0 0 0 0 0 0 0 0 0 0 0 0 0]
[2162588913908724275022518898978777461757799150446556762764796572870329092902526485789866045248542017562944691451497996919081824791941912914445234854301783737948061132344590078295472887264387991117612753098030473131307998306474950275058597785804348954550334689507992514504536 0 0 0 0 0 0 0 0 0 0 0 0 0 0 0 0 0 0 0 0 0 0 0 0 0 0 0 0 0 0 0 0 0 0 0 0 0 0 0 0 0 0 0 0 0 0 0 0 0 0 0 0 0 0 0 0 0 0 0 0 0 0 0 0 0 0 0 0 0 0 0 0 0 0 0 0 1 0 0 0 0 0 0 0 0 0 0 0 0 0]
[6150997987359920397216338318590720577787203421424958032974398305161234368493131372023969283471330081928969399991712012460561773817679184241311634206906349592870700176879743156530572386272441307425143319909973266414944093850648918346189001676331371860510553610813690960669239 0 0 0 0 0 0 0 0 0 0 0 0 0 0 0 0 0 0 0 0 0 0 0 0 0 0 0 0 0 0 0 0 0 0 0 0 0 0 0 0 0 0 0 0 0 0 0 0 0 0 0 0 0 0 0 0 0 0 0 0 0 0 0 0 0 0 0 0 0 0 0 0 0 0 0 0 0 1 0 0 0 0 0 0 0 0 0 0 0 0]
[3504080179980568037253360234085127267815859601384068646221777958955415208035365951635769638118273940814169616187804331481659181514376443728567752918509470755121955972044500441662640384369669158531688712295780212751890549699790591358104516538206762691701860170333944212887564 0 0 0 0 0 0 0 0 0 0 0 0 0 0 0 0 0 0 0 0 0 0 0 0 0 0 0 0 0 0 0 0 0 0 0 0 0 0 0 0 0 0 0 0 0 0 0 0 0 0 0 0 0 0 0 0 0 0 0 0 0 0 0 0 0 0 0 0 0 0 0 0 0 0 0 0 0 0 1 0 0 0 0 0 0 0 0 0 0 0]
[689185172662076395609492758585697127373090520994299704429837259500905865319221001619139448423474005289362664268899082547265619154781573859136819249597585550729305446528350707121075285370301430085375849526556681027861343268701650213494555174509916468513703629683142867328393 0 0 0 0 0 0 0 0 0 0 0 0 0 0 0 0 0 0 0 0 0 0 0 0 0 0 0 0 0 0 0 0 0 0 0 0 0 0 0 0 0 0 0 0 0 0 0 0 0 0 0 0 0 0 0 0 0 0 0 0 0 0 0 0 0 0 0 0 0 0 0 0 0 0 0 0 0 0 0 1 0 0 0 0 0 0 0 0 0 0]
[3777429336630466665586124891598091446572076771327535178021030697639743502629796184769982790692455301919067527324560366671828044254114418617822403090508414084952195618395488514194423105475565857372234057550510907855688594353015052074902878982305252324420110759980951195018800 0 0 0 0 0 0 0 0 0 0 0 0 0 0 0 0 0 0 0 0 0 0 0 0 0 0 0 0 0 0 0 0 0 0 0 0 0 0 0 0 0 0 0 0 0 0 0 0 0 0 0 0 0 0 0 0 0 0 0 0 0 0 0 0 0 0 0 0 0 0 0 0 0 0 0 0 0 0 0 0 1 0 0 0 0 0 0 0 0 0]
[6320324605384965044781193056708021243437049704660360954627665940452852566464093633772951683747234170045118239954978019431353984750767739537445925616343732099050472724738284131117367813610990855514511737911827191327509115889038759232533193630375443132103338515785632709032853 0 0 0 0 0 0 0 0 0 0 0 0 0 0 0 0 0 0 0 0 0 0 0 0 0 0 0 0 0 0 0 0 0 0 0 0 0 0 0 0 0 0 0 0 0 0 0 0 0 0 0 0 0 0 0 0 0 0 0 0 0 0 0 0 0 0 0 0 0 0 0 0 0 0 0 0 0 0 0 0 0 1 0 0 0 0 0 0 0 0]
[3362334373382445003803031373675432313593029734435173613692887552857146564943699970351323827978614643291735776768402449727540661687669906836990018231525277867644829520159189972858517281440118725277768553591186548935133720876144132386819507382302481269931700668746833507880598 0 0 0 0 0 0 0 0 0 0 0 0 0 0 0 0 0 0 0 0 0 0 0 0 0 0 0 0 0 0 0 0 0 0 0 0 0 0 0 0 0 0 0 0 0 0 0 0 0 0 0 0 0 0 0 0 0 0 0 0 0 0 0 0 0 0 0 0 0 0 0 0 0 0 0 0 0 0 0 0 0 0 1 0 0 0 0 0 0 0]
[163443836470438347818010998144811546225997015936441606833278098106174497427537030056021554790203680917730228906713246117378901659998998709004303122090222974839348617812124574449006620269299515436446233684645171837689873623594365895916219963368110055371236031524554683100257 0 0 0 0 0 0 0 0 0 0 0 0 0 0 0 0 0 0 0 0 0 0 0 0 0 0 0 0 0 0 0 0 0 0 0 0 0 0 0 0 0 0 0 0 0 0 0 0 0 0 0 0 0 0 0 0 0 0 0 0 0 0 0 0 0 0 0 0 0 0 0 0 0 0 0 0 0 0 0 0 0 0 0 1 0 0 0 0 0 0]
[4463283979685503388799188862689062408135708425018440326921268887017149605723217966676319168771679130066006189455965386867674863135400092824404525762763043847099552849795498680866194713968768569032216974023349302140462113391460887587836907627771337866944868981747750629111031 0 0 0 0 0 0 0 0 0 0 0 0 0 0 0 0 0 0 0 0 0 0 0 0 0 0 0 0 0 0 0 0 0 0 0 0 0 0 0 0 0 0 0 0 0 0 0 0 0 0 0 0 0 0 0 0 0 0 0 0 0 0 0 0 0 0 0 0 0 0 0 0 0 0 0 0 0 0 0 0 0 0 0 0 1 0 0 0 0 0]
[2332952980609145422096678709261380213757578996307733404899336155670045850789176095460955671701473341216704169228266310198654397757425089478064433717684090934983351756486933144215972715897088341722465223109831125680933663602049340322041754878029891456987126057216560914801571 0 0 0 0 0 0 0 0 0 0 0 0 0 0 0 0 0 0 0 0 0 0 0 0 0 0 0 0 0 0 0 0 0 0 0 0 0 0 0 0 0 0 0 0 0 0 0 0 0 0 0 0 0 0 0 0 0 0 0 0 0 0 0 0 0 0 0 0 0 0 0 0 0 0 0 0 0 0 0 0 0 0 0 0 0 1 0 0 0 0]
[4069845851964478346252007561674905157204487583492698277163708603036396176404188513128303882259376741576496224103343736347682106005022079972968482063014361467657509860264722237415564413111424840486577735692598719964672095750057136860430922643510887784887789756532451765532025 0 0 0 0 0 0 0 0 0 0 0 0 0 0 0 0 0 0 0 0 0 0 0 0 0 0 0 0 0 0 0 0 0 0 0 0 0 0 0 0 0 0 0 0 0 0 0 0 0 0 0 0 0 0 0 0 0 0 0 0 0 0 0 0 0 0 0 0 0 0 0 0 0 0 0 0 0 0 0 0 0 0 0 0 0 0 1 0 0 0]
[6278135076895318236581831863440865007494722449931722099907791517359742030123826793274146446375991105980381156539013424064163056627031707215303463386662279083547459161437581430255571060908861197170405266135154487310744313983022508990722583166259902083886721290619391774590326 0 0 0 0 0 0 0 0 0 0 0 0 0 0 0 0 0 0 0 0 0 0 0 0 0 0 0 0 0 0 0 0 0 0 0 0 0 0 0 0 0 0 0 0 0 0 0 0 0 0 0 0 0 0 0 0 0 0 0 0 0 0 0 0 0 0 0 0 0 0 0 0 0 0 0 0 0 0 0 0 0 0 0 0 0 0 0 1 0 0]
[5618607026997964374732458382882128095606097991527538009476791930353082098294369323245116192159782132581697475964765438931275758728651194096510060281880487821880079600148577046635748318382422203823719194020789489660896229262718055980811921740177000813104060710110646934781237 0 0 0 0 0 0 0 0 0 0 0 0 0 0 0 0 0 0 0 0 0 0 0 0 0 0 0 0 0 0 0 0 0 0 0 0 0 0 0 0 0 0 0 0 0 0 0 0 0 0 0 0 0 0 0 0 0 0 0 0 0 0 0 0 0 0 0 0 0 0 0 0 0 0 0 0 0 0 0 0 0 0 0 0 0 0 0 0 1 0]
[2198160198281639081427854598022415112289642868494452634707388584035429805313429845533894393406476866914321575934663294485651345227543220086864017397010755810882060092231113209222843885910845300483686831008423416278504817502903836439369736990978076591643811086747461503596176 0 0 0 0 0 0 0 0 0 0 0 0 0 0 0 0 0 0 0 0 0 0 0 0 0 0 0 0 0 0 0 0 0 0 0 0 0 0 0 0 0 0 0 0 0 0 0 0 0 0 0 0 0 0 0 0 0 0 0 0 0 0 0 0 0 0 0 0 0 0 0 0 0 0 0 0 0 0 0 0 0 0 0 0 0 0 0 0 0 1]
]
