[[2052447995663687673238443488898188463796541641642597452360329486725296768685892541719349195437297957567131485568944396175753705264135646711424918132059929908256347205480473310919 0 0 0 0 0 0 0 0 0 0 0 0 0 0 0 0 0 0 0 0 0 0 0 0 0 0 0 0 0 0 0 0 0 0 0 0 0 0 0 0 0 0 0 0 0 0 0 0 0 0 0 0 0 0 0 0 0 0]
[311971578356744672768122354971241657795463022623332762613780901518769426333968106396519575020146360771890348018670670184188680799276043336888825427033122355264479971058602717507 1 0 0 0 0 0 0 0 0 0 0 0 0 0 0 0 0 0 0 0 0 0 0 0 0 0 0 0 0 0 0 0 0 0 0 0 0 0 0 0 0 0 0 0 0 0 0 0 0 0 0 0 0 0 0 0 0 0]
[1559702011389683419883139710169768830313838550879287589010627507488335283399002592766340853970461800771276307648196330157236897754229912862331149182255922576035809980334648585326 0 1 0 0 0 0 0 0 0 0 0 0 0 0 0 0 0 0 0 0 0 0 0 0 0 0 0 0 0 0 0 0 0 0 0 0 0 0 0 0 0 0 0 0 0 0 0 0 0 0 0 0 0 0 0 0 0 0]
[261473855397897143941135570693846248122186323423467148895575609649698234556626988421727754755961021738440418354915325888993804137229222683800117775749360954457435936932118849040 0 0 1 0 0 0 0 0 0 0 0 0 0 0 0 0 0 0 0 0 0 0 0 0 0 0 0 0 0 0 0 0 0 0 0 0 0 0 0 0 0 0 0 0 0 0 0 0 0 0 0 0 0 0 0 0 0 0]
[746939417400850452661863898524379714111316375624496765290151819929730263447772771621087694142217675198341129761013233533363634333592106549518126286340554278102523898263980445736 0 0 0 1 0 0 0 0 0 0 0 0 0 0 0 0 0 0 0 0 0 0 0 0 0 0 0 0 0 0 0 0 0 0 0 0 0 0 0 0 0 0 0 0 0 0 0 0 0 0 0 0 0 0 0 0 0 0]
[880484801175298587080876877477102341316473899439743455302607145663885332662169814351016122434097602186863627824432409664843721226236939592141576587428258463598809441430101398467 0 0 0 0 1 0 0 0 0 0 0 0 0 0 0 0 0 0 0 0 0 0 0 0 0 0 0 0 0 0 0 0 0 0 0 0 0 0 0 0 0 0 0 0 0 0 0 0 0 0 0 0 0 0 0 0 0 0]
[1603690977846935464069048038538598916153722233956863704154844509905514646452853285354025298894861924161660223906758056368230727400123791635618938297880893804916242066780538171339 0 0 0 0 0 1 0 0 0 0 0 0 0 0 0 0 0 0 0 0 0 0 0 0 0 0 0 0 0 0 0 0 0 0 0 0 0 0 0 0 0 0 0 0 0 0 0 0 0 0 0 0 0 0 0 0 0 0]
[284317518444938622542323681576913597209838884219690770534085491184447408696431008480812907662710306699960126856829791054809559129963948317221982717649274097447000145596358969040 0 0 0 0 0 0 1 0 0 0 0 0 0 0 0 0 0 0 0 0 0 0 0 0 0 0 0 0 0 0 0 0 0 0 0 0 0 0 0 0 0 0 0 0 0 0 0 0 0 0 0 0 0 0 0 0 0 0]
[1461853295711801107705641477082498435026886346050769781737094866374886911622921277325531324658997086515453181957512720815315336801671792955797895387247597972523906872186422209466 0 0 0 0 0 0 0 1 0 0 0 0 0 0 0 0 0 0 0 0 0 0 0 0 0 0 0 0 0 0 0 0 0 0 0 0 0 0 0 0 0 0 0 0 0 0 0 0 0 0 0 0 0 0 0 0 0 0]
[78173309127684810002351591715859991726074080625980488808148848733953917819984925493144523784981792145012108407925266787611797842245241206068583249590309719373724808996962984707 0 0 0 0 0 0 0 0 1 0 0 0 0 0 0 0 0 0 0 0 0 0 0 0 0 0 0 0 0 0 0 0 0 0 0 0 0 0 0 0 0 0 0 0 0 0 0 0 0 0 0 0 0 0 0 0 0 0]
[450530683871999728921952037412815667241567517444300953950997388063600443380207536398536685737185573657488361214894892136439698698281900796554507972838058590552472967412024885432 0 0 0 0 0 0 0 0 0 1 0 0 0 0 0 0 0 0 0 0 0 0 0 0 0 0 0 0 0 0 0 0 0 0 0 0 0 0 0 0 0 0 0 0 0 0 0 0 0 0 0 0 0 0 0 0 0 0]
[1975767319015960509470977385578207557767689118072435379073069702654476860467515326432832071623863268764114983154854341406930243365978857573677625575117505259757097003331385289680 0 0 0 0 0 0 0 0 0 0 1 0 0 0 0 0 0 0 0 0 0 0 0 0 0 0 0 0 0 0 0 0 0 0 0 0 0 0 0 0 0 0 0 0 0 0 0 0 0 0 0 0 0 0 0 0 0 0]
[1388585965974186933537822511705664371419938338552654717289500774835669408211407197610894387927861416340542191919587066904063678619044624796912441726468472623217981833675172696028 0 0 0 0 0 0 0 0 0 0 0 1 0 0 0 0 0 0 0 0 0 0 0 0 0 0 0 0 0 0 0 0 0 0 0 0 0 0 0 0 0 0 0 0 0 0 0 0 0 0 0 0 0 0 0 0 0 0]
[911747431819821133093508512111879827860724338973928733659731216178380386206815094534506910823090264022872794866489178055802752783654793546452807176023528349529240147534127176628 0 0 0 0 0 0 0 0 0 0 0 0 1 0 0 0 0 0 0 0 0 0 0 0 0 0 0 0 0 0 0 0 0 0 0 0 0 0 0 0 0 0 0 0 0 0 0 0 0 0 0 0 0 0 0 0 0 0]
[496440180321427528457198703518832789119614640315878495801879259876971752389295764771704170429406756652416842185057632078567471881800160447238821615436444772239570148941720365965 0 0 0 0 0 0 0 0 0 0 0 0 0 1 0 0 0 0 0 0 0 0 0 0 0 0 0 0 0 0 0 0 0 0 0 0 0 0 0 0 0 0 0 0 0 0 0 0 0 0 0 0 0 0 0 0 0 0]
[1909570832887393537468673785582981994110584258248566346225957050042878219451722316930930579440152292718324717133303358203676705081582704343667287928047812546978495912937284810465 0 0 0 0 0 0 0 0 0 0 0 0 0 0 1 0 0 0 0 0 0 0 0 0 0 0 0 0 0 0 0 0 0 0 0 0 0 0 0 0 0 0 0 0 0 0 0 0 0 0 0 0 0 0 0 0 0 0]
[1038838003370368349764180047339466864696334542825192703673033246715071531595380312339385182366897195089826621913466991489389807737384624084922196565644556857070735173015160999259 0 0 0 0 0 0 0 0 0 0 0 0 0 0 0 1 0 0 0 0 0 0 0 0 0 0 0 0 0 0 0 0 0 0 0 0 0 0 0 0 0 0 0 0 0 0 0 0 0 0 0 0 0 0 0 0 0 0]
[978137588212859054032873278308674393997999289462897576364253552252485961792941802973112453379546640557303390983830063359776794921541630809824901261698803060164827433849701174752 0 0 0 0 0 0 0 0 0 0 0 0 0 0 0 0 1 0 0 0 0 0 0 0 0 0 0 0 0 0 0 0 0 0 0 0 0 0 0 0 0 0 0 0 0 0 0 0 0 0 0 0 0 0 0 0 0 0]
[1759115858021269576127693461648688603143152175824341759721817530280833345841225024859001545274456762906252597214795838206239958085377548982709092585297990297432610556728279177508 0 0 0 0 0 0 0 0 0 0 0 0 0 0 0 0 0 1 0 0 0 0 0 0 0 0 0 0 0 0 0 0 0 0 0 0 0 0 0 0 0 0 0 0 0 0 0 0 0 0 0 0 0 0 0 0 0 0]
[799143948557397461574678631638104924712741739166536882121330798290781753215272292502146212419728873562416240164847710610023911549493384913971391730255945573617243192814680194162 0 0 0 0 0 0 0 0 0 0 0 0 0 0 0 0 0 0 1 0 0 0 0 0 0 0 0 0 0 0 0 0 0 0 0 0 0 0 0 0 0 0 0 0 0 0 0 0 0 0 0 0 0 0 0 0 0 0]
[403999791617484789256594446718710326364464058145682016716335532627609703738457988098826590601347880002255002132117725405351664423874143812482390642882900270170274994521273100866 0 0 0 0 0 0 0 0 0 0 0 0 0 0 0 0 0 0 0 1 0 0 0 0 0 0 0 0 0 0 0 0 0 0 0 0 0 0 0 0 0 0 0 0 0 0 0 0 0 0 0 0 0 0 0 0 0 0]
[1219122892539851925366158180064061070087787097306187771983807030829855205368813080121724634999389146710510248970141991395022442312156628221548118886028316785622556907541366436758 0 0 0 0 0 0 0 0 0 0 0 0 0 0 0 0 0 0 0 0 1 0 0 0 0 0 0 0 0 0 0 0 0 0 0 0 0 0 0 0 0 0 0 0 0 0 0 0 0 0 0 0 0 0 0 0 0 0]
[681915238690773187771368004461947105806834494169030088333484931160416451089545787504622744383823628586206080504862445389402170675799405916290023992856831706330218985761372892083 0 0 0 0 0 0 0 0 0 0 0 0 0 0 0 0 0 0 0 0 0 1 0 0 0 0 0 0 0 0 0 0 0 0 0 0 0 0 0 0 0 0 0 0 0 0 0 0 0 0 0 0 0 0 0 0 0 0]
[1088384369715530334766840859749714536247825293777539830905840904914911308317887058921628662592917716794261818298410354719139603686648434022744483182634603389955931986154864011578 0 0 0 0 0 0 0 0 0 0 0 0 0 0 0 0 0 0 0 0 0 0 1 0 0 0 0 0 0 0 0 0 0 0 0 0 0 0 0 0 0 0 0 0 0 0 0 0 0 0 0 0 0 0 0 0 0 0]
[1640635762797531299774409378048723741635478384033581386782192616475167055955416888057011726342529842750637513255214527954770827580420229435148662712919592856530827864459507264504 0 0 0 0 0 0 0 0 0 0 0 0 0 0 0 0 0 0 0 0 0 0 0 1 0 0 0 0 0 0 0 0 0 0 0 0 0 0 0 0 0 0 0 0 0 0 0 0 0 0 0 0 0 0 0 0 0 0]
[1520448421674280738389297466269627650959409805281495742898273302636534737699920724839643281570535967802239114389851417152808057691399994332678564085127748543352656329878065680864 0 0 0 0 0 0 0 0 0 0 0 0 0 0 0 0 0 0 0 0 0 0 0 0 1 0 0 0 0 0 0 0 0 0 0 0 0 0 0 0 0 0 0 0 0 0 0 0 0 0 0 0 0 0 0 0 0 0]
[523880423337777603568905482608263332380450413928616321206750926567663395131309535345510427479542404654784269748318138372007813432612796928703428644906430360436627225111007794898 0 0 0 0 0 0 0 0 0 0 0 0 0 0 0 0 0 0 0 0 0 0 0 0 0 1 0 0 0 0 0 0 0 0 0 0 0 0 0 0 0 0 0 0 0 0 0 0 0 0 0 0 0 0 0 0 0 0]
[788010900067512644535361522984416991547096353455861534435658783384008827528986780992448039575257433084305036149373131795458517685963444223963047932157988195747617492384283069450 0 0 0 0 0 0 0 0 0 0 0 0 0 0 0 0 0 0 0 0 0 0 0 0 0 0 1 0 0 0 0 0 0 0 0 0 0 0 0 0 0 0 0 0 0 0 0 0 0 0 0 0 0 0 0 0 0 0]
[343182398846332809329151133386518776775626171179562746402021875723025388560253056495121446122144897014043323694415210372501052142809861086432946750614122769739949706844954960104 0 0 0 0 0 0 0 0 0 0 0 0 0 0 0 0 0 0 0 0 0 0 0 0 0 0 0 1 0 0 0 0 0 0 0 0 0 0 0 0 0 0 0 0 0 0 0 0 0 0 0 0 0 0 0 0 0 0]
[992171269149554613992530679269202279744591170016750863211851839845684092165735964031996735355426950905918908013554076809154692560486819972220348051507483211829550274790377408161 0 0 0 0 0 0 0 0 0 0 0 0 0 0 0 0 0 0 0 0 0 0 0 0 0 0 0 0 1 0 0 0 0 0 0 0 0 0 0 0 0 0 0 0 0 0 0 0 0 0 0 0 0 0 0 0 0 0]
[1244449926859139895130092010940504867941177777188867507665716969420798532597535360824561725558806601730596896690912967027386510436297720993828900751719778707790082427423852160658 0 0 0 0 0 0 0 0 0 0 0 0 0 0 0 0 0 0 0 0 0 0 0 0 0 0 0 0 0 1 0 0 0 0 0 0 0 0 0 0 0 0 0 0 0 0 0 0 0 0 0 0 0 0 0 0 0 0]
[714030685287055241112107615112254402402509913574758445924919751034177264571614174792414761444666068776660930708616638372681929252998984379300107020626883401078682270970229313979 0 0 0 0 0 0 0 0 0 0 0 0 0 0 0 0 0 0 0 0 0 0 0 0 0 0 0 0 0 0 1 0 0 0 0 0 0 0 0 0 0 0 0 0 0 0 0 0 0 0 0 0 0 0 0 0 0 0]
[728682025781492259928550021345044231188521299093951729156489883938842817974062570245765722011886567744172566413690388749280662088831350425749322508215052595416801921055001282705 0 0 0 0 0 0 0 0 0 0 0 0 0 0 0 0 0 0 0 0 0 0 0 0 0 0 0 0 0 0 0 1 0 0 0 0 0 0 0 0 0 0 0 0 0 0 0 0 0 0 0 0 0 0 0 0 0 0]
[1417365589891168202910001790882188061711315588612216163698180090462675484394472992514556515176089861523711872063693643495958508697675607048445804497606668486612855073315794360317 0 0 0 0 0 0 0 0 0 0 0 0 0 0 0 0 0 0 0 0 0 0 0 0 0 0 0 0 0 0 0 0 1 0 0 0 0 0 0 0 0 0 0 0 0 0 0 0 0 0 0 0 0 0 0 0 0 0]
[1265048351384174266090509540301283715024753932375834019495062494677377755274260425976387241178856174947335994942817539232039127869282555819881898331435937935742127912899885405243 0 0 0 0 0 0 0 0 0 0 0 0 0 0 0 0 0 0 0 0 0 0 0 0 0 0 0 0 0 0 0 0 0 1 0 0 0 0 0 0 0 0 0 0 0 0 0 0 0 0 0 0 0 0 0 0 0 0]
[1044879072615294905638735814321292389165141463676093379247470679471091884604333205747300111347228552069344457919717474991563737554125186890079212696950433767748347140426251291665 0 0 0 0 0 0 0 0 0 0 0 0 0 0 0 0 0 0 0 0 0 0 0 0 0 0 0 0 0 0 0 0 0 0 1 0 0 0 0 0 0 0 0 0 0 0 0 0 0 0 0 0 0 0 0 0 0 0]
[395034600205783007111841165549911161965818578682660595557938575723256690308671089284537458253281961889946658475831661579338201195050822805450172455513707157545086429453470869365 0 0 0 0 0 0 0 0 0 0 0 0 0 0 0 0 0 0 0 0 0 0 0 0 0 0 0 0 0 0 0 0 0 0 0 1 0 0 0 0 0 0 0 0 0 0 0 0 0 0 0 0 0 0 0 0 0 0]
[1833260226186572208428793279968745416074357590084050821887332978145010597466201317761981980595460605427537768913371346675262653330217354827343400000508353418762365046400770508092 0 0 0 0 0 0 0 0 0 0 0 0 0 0 0 0 0 0 0 0 0 0 0 0 0 0 0 0 0 0 0 0 0 0 0 0 1 0 0 0 0 0 0 0 0 0 0 0 0 0 0 0 0 0 0 0 0 0]
[269316969645059401605384747001818742131499226717420611209673310466875605066184682178956357022755442872987729273711731095067156030090020563849753909037432902256187698078099553360 0 0 0 0 0 0 0 0 0 0 0 0 0 0 0 0 0 0 0 0 0 0 0 0 0 0 0 0 0 0 0 0 0 0 0 0 0 1 0 0 0 0 0 0 0 0 0 0 0 0 0 0 0 0 0 0 0 0]
[1672631444420176519992918435126239318130604572826919976267561898570069385839599930206762733983560910144021252623787680597772864864460581039169633340046813756797591046942276593583 0 0 0 0 0 0 0 0 0 0 0 0 0 0 0 0 0 0 0 0 0 0 0 0 0 0 0 0 0 0 0 0 0 0 0 0 0 0 1 0 0 0 0 0 0 0 0 0 0 0 0 0 0 0 0 0 0 0]
[1310483274819160798977912839719873620013311500984092930488500460599471664767793212751402047723952536612838905718645201672038185725279527639708493567767986833873046247829740897624 0 0 0 0 0 0 0 0 0 0 0 0 0 0 0 0 0 0 0 0 0 0 0 0 0 0 0 0 0 0 0 0 0 0 0 0 0 0 0 1 0 0 0 0 0 0 0 0 0 0 0 0 0 0 0 0 0 0]
[1129460472372985519064995626466003811664776878996799979849576463302231742825360177319522578943226422497053881846527209871726788880971410853522456720747747413724849355062157933815 0 0 0 0 0 0 0 0 0 0 0 0 0 0 0 0 0 0 0 0 0 0 0 0 0 0 0 0 0 0 0 0 0 0 0 0 0 0 0 0 1 0 0 0 0 0 0 0 0 0 0 0 0 0 0 0 0 0]
[686153161102556649654283908072118555559324098451718540898305437672473113633273671913846463820104896224766106150439560441692820250145513129291503556587629513293153414669951161236 0 0 0 0 0 0 0 0 0 0 0 0 0 0 0 0 0 0 0 0 0 0 0 0 0 0 0 0 0 0 0 0 0 0 0 0 0 0 0 0 0 1 0 0 0 0 0 0 0 0 0 0 0 0 0 0 0 0]
[676895932261749446659284258965225149814503915368158002447164124096250500854506611574085435948159386150883726957026890743738759233684433930870964380162065078136564575238416545279 0 0 0 0 0 0 0 0 0 0 0 0 0 0 0 0 0 0 0 0 0 0 0 0 0 0 0 0 0 0 0 0 0 0 0 0 0 0 0 0 0 0 1 0 0 0 0 0 0 0 0 0 0 0 0 0 0 0]
[472820066192498880096170429750282253782597382524084084010200667923712966021241666936612972800538118912187180020683295273760811124136775521111602987210698390515098301434118543945 0 0 0 0 0 0 0 0 0 0 0 0 0 0 0 0 0 0 0 0 0 0 0 0 0 0 0 0 0 0 0 0 0 0 0 0 0 0 0 0 0 0 0 1 0 0 0 0 0 0 0 0 0 0 0 0 0 0]
[1816836793701652180534617758037462124236492748135068104567470719596174056196515427043595099429850288094107535073431454636462984733136450995723035325018504406907772781550450036740 0 0 0 0 0 0 0 0 0 0 0 0 0 0 0 0 0 0 0 0 0 0 0 0 0 0 0 0 0 0 0 0 0 0 0 0 0 0 0 0 0 0 0 0 1 0 0 0 0 0 0 0 0 0 0 0 0 0]
[623610785480791758922572251019777270299004471627109595535729813858721565337365875230117476469865008967786694734466400198511930544243947625905276666144982015965348763051806767483 0 0 0 0 0 0 0 0 0 0 0 0 0 0 0 0 0 0 0 0 0 0 0 0 0 0 0 0 0 0 0 0 0 0 0 0 0 0 0 0 0 0 0 0 0 1 0 0 0 0 0 0 0 0 0 0 0 0]
[2019764601779944496472521944425160748735802255855838628856303380610827434948345907281877003516650329894513743549625593478574156897483253432901157881408331653501361854950907125177 0 0 0 0 0 0 0 0 0 0 0 0 0 0 0 0 0 0 0 0 0 0 0 0 0 0 0 0 0 0 0 0 0 0 0 0 0 0 0 0 0 0 0 0 0 0 1 0 0 0 0 0 0 0 0 0 0 0]
[897841138455661579104487796172235415867988946458470779594983618615157326737728773803449772266895142000351767567281507322179600031292117971356482079668048039356589072302813932291 0 0 0 0 0 0 0 0 0 0 0 0 0 0 0 0 0 0 0 0 0 0 0 0 0 0 0 0 0 0 0 0 0 0 0 0 0 0 0 0 0 0 0 0 0 0 0 1 0 0 0 0 0 0 0 0 0 0]
[1277714839659933963750131917036813895391117136632853160734266711582983151866299628586465475641690925811252128121572412392771662481894689786886711189226082564529464030197309588023 0 0 0 0 0 0 0 0 0 0 0 0 0 0 0 0 0 0 0 0 0 0 0 0 0 0 0 0 0 0 0 0 0 0 0 0 0 0 0 0 0 0 0 0 0 0 0 0 1 0 0 0 0 0 0 0 0 0]
[481706373796687304290353264333520438468055641493649784471546686002901077424252132313889437225474235271012598158524009121724919665570225849203499359065204822859700357375972641008 0 0 0 0 0 0 0 0 0 0 0 0 0 0 0 0 0 0 0 0 0 0 0 0 0 0 0 0 0 0 0 0 0 0 0 0 0 0 0 0 0 0 0 0 0 0 0 0 0 1 0 0 0 0 0 0 0 0]
[1817522113790685158541762109159863311994969477660739131951864841878184097025476312518645876223902315192015890996540518241710563368896091101843347915678426235588505624981856151088 0 0 0 0 0 0 0 0 0 0 0 0 0 0 0 0 0 0 0 0 0 0 0 0 0 0 0 0 0 0 0 0 0 0 0 0 0 0 0 0 0 0 0 0 0 0 0 0 0 0 1 0 0 0 0 0 0 0]
[1385420748470559148125157955766025732809011054477846493994671266807626379553017239263397162874889681344569905775231360094871454742114688603925254199499043224626256059923775172207 0 0 0 0 0 0 0 0 0 0 0 0 0 0 0 0 0 0 0 0 0 0 0 0 0 0 0 0 0 0 0 0 0 0 0 0 0 0 0 0 0 0 0 0 0 0 0 0 0 0 0 1 0 0 0 0 0 0]
[996817201106205148506612017436468290238521299447079826380235169289540693662494592496445795049615612150016981052299228978308308495175308977907645140287585953934099783448604432601 0 0 0 0 0 0 0 0 0 0 0 0 0 0 0 0 0 0 0 0 0 0 0 0 0 0 0 0 0 0 0 0 0 0 0 0 0 0 0 0 0 0 0 0 0 0 0 0 0 0 0 0 1 0 0 0 0 0]
[2015209465951673344604031983558922439158572578751104081455978821787149994710028500753653301888050075800777489832341682652714074349907752629719308080457886816211343863665817704613 0 0 0 0 0 0 0 0 0 0 0 0 0 0 0 0 0 0 0 0 0 0 0 0 0 0 0 0 0 0 0 0 0 0 0 0 0 0 0 0 0 0 0 0 0 0 0 0 0 0 0 0 0 1 0 0 0 0]
[1123387518226062295063946676376145126463891861777802618700764398495504710214998463948598396088249990577630843469185664677481268854862053895035482060655231167996704471877888406046 0 0 0 0 0 0 0 0 0 0 0 0 0 0 0 0 0 0 0 0 0 0 0 0 0 0 0 0 0 0 0 0 0 0 0 0 0 0 0 0 0 0 0 0 0 0 0 0 0 0 0 0 0 0 1 0 0 0]
[1504185577333872034040245547907909392299078524387913924095977130554649208492374976520460783753332691100657332523760545522823858425636742044801196248560680653903183164023220558857 0 0 0 0 0 0 0 0 0 0 0 0 0 0 0 0 0 0 0 0 0 0 0 0 0 0 0 0 0 0 0 0 0 0 0 0 0 0 0 0 0 0 0 0 0 0 0 0 0 0 0 0 0 0 0 1 0 0]
[676692299198660792517458470850771883166271166601837421005197898715625111605781796451460091643244010486855736472778093691412480386352767798318699049970873446677163498272432831926 0 0 0 0 0 0 0 0 0 0 0 0 0 0 0 0 0 0 0 0 0 0 0 0 0 0 0 0 0 0 0 0 0 0 0 0 0 0 0 0 0 0 0 0 0 0 0 0 0 0 0 0 0 0 0 0 1 0]
[1629185951653568365461984169980407449698649935971250353080217497461819621975525501739490721618784373810356039356680679321892727481790890793773284888271452224781420694728954446632 0 0 0 0 0 0 0 0 0 0 0 0 0 0 0 0 0 0 0 0 0 0 0 0 0 0 0 0 0 0 0 0 0 0 0 0 0 0 0 0 0 0 0 0 0 0 0 0 0 0 0 0 0 0 0 0 0 1]
]
