[[5193918302305131851408433854372840253806136096763713040903402600649855255932023125065669031071499420766529911304289682931697046315223668119412296699039379364701269336303595379472281923828152084998556141624926356254407 0 0 0 0 0 0 0 0 0 0 0 0 0 0 0 0 0 0 0 0 0 0 0 0 0 0 0 0 0 0 0 0 0 0 0 0 0 0 0 0 0 0 0 0 0 0 0 0 0 0 0 0 0 0 0 0 0 0 0 0 0 0 0 0 0 0 0 0 0 0 0]
[1368651593374933555803631247987123128691874237147514316785925293863607221152667272023833011607504103082293653289169574589281725608019030883947252478743712383578748607249617851475718823002398197016932017191484600530044 1 0 0 0 0 0 0 0 0 0 0 0 0 0 0 0 0 0 0 0 0 0 0 0 0 0 0 0 0 0 0 0 0 0 0 0 0 0 0 0 0 0 0 0 0 0 0 0 0 0 0 0 0 0 0 0 0 0 0 0 0 0 0 0 0 0 0 0 0 0 0]
[3212909795624397643540273787997400836894668382354894728838889235634534400683126878261396654286626300431497814770281778234972053525134108155014950325672924070461395679382758997053313003627467806616881479731255729841156 0 1 0 0 0 0 0 0 0 0 0 0 0 0 0 0 0 0 0 0 0 0 0 0 0 0 0 0 0 0 0 0 0 0 0 0 0 0 0 0 0 0 0 0 0 0 0 0 0 0 0 0 0 0 0 0 0 0 0 0 0 0 0 0 0 0 0 0 0 0 0]
[3066145368586693113978252037170618742868266791105230688558051275476770191639892498454663860166832595086725467658365906235982461197980099415726408778381584793209857878323630210540266906991181277836584555283216083174101 0 0 1 0 0 0 0 0 0 0 0 0 0 0 0 0 0 0 0 0 0 0 0 0 0 0 0 0 0 0 0 0 0 0 0 0 0 0 0 0 0 0 0 0 0 0 0 0 0 0 0 0 0 0 0 0 0 0 0 0 0 0 0 0 0 0 0 0 0 0 0]
[4430986960849580591634373210855613606863693772802985603092969409402712629584693127838035941505795706697306277202896099885424654373441391429939835028382508323008261571902112775463282208030161989609464178423336374337274 0 0 0 1 0 0 0 0 0 0 0 0 0 0 0 0 0 0 0 0 0 0 0 0 0 0 0 0 0 0 0 0 0 0 0 0 0 0 0 0 0 0 0 0 0 0 0 0 0 0 0 0 0 0 0 0 0 0 0 0 0 0 0 0 0 0 0 0 0 0 0]
[4256167944167195943736200174226349585474402416823151202189606798976886425032577599363654210589054128123130496298768818773917314408052334896454328377909263188240806208473283221562948036784658903810013196341259163376722 0 0 0 0 1 0 0 0 0 0 0 0 0 0 0 0 0 0 0 0 0 0 0 0 0 0 0 0 0 0 0 0 0 0 0 0 0 0 0 0 0 0 0 0 0 0 0 0 0 0 0 0 0 0 0 0 0 0 0 0 0 0 0 0 0 0 0 0 0 0 0]
[939013624118490671192936967888274377716906637209849353195600267943703477008477061189883150082187850542192427285982962250279253633771677142991772497872527305775981156277009685637598765683656926409883391957276583105231 0 0 0 0 0 1 0 0 0 0 0 0 0 0 0 0 0 0 0 0 0 0 0 0 0 0 0 0 0 0 0 0 0 0 0 0 0 0 0 0 0 0 0 0 0 0 0 0 0 0 0 0 0 0 0 0 0 0 0 0 0 0 0 0 0 0 0 0 0 0 0]
[4556073502597846658197338757227246415449501514734683931632816289958350995431004707043482664537935309590612844498429666379514948493120713584022545317882903882968882468343633601131096056068193449674846888027014165453116 0 0 0 0 0 0 1 0 0 0 0 0 0 0 0 0 0 0 0 0 0 0 0 0 0 0 0 0 0 0 0 0 0 0 0 0 0 0 0 0 0 0 0 0 0 0 0 0 0 0 0 0 0 0 0 0 0 0 0 0 0 0 0 0 0 0 0 0 0 0 0]
[4373967485001271753244185764464773656139204877641712630463640701378999607915021208691262742069811269015289097142590718078298333576759419928666305412898603867318107239214982873485190682210499063829529794531480973537886 0 0 0 0 0 0 0 1 0 0 0 0 0 0 0 0 0 0 0 0 0 0 0 0 0 0 0 0 0 0 0 0 0 0 0 0 0 0 0 0 0 0 0 0 0 0 0 0 0 0 0 0 0 0 0 0 0 0 0 0 0 0 0 0 0 0 0 0 0 0 0]
[2010449431221028403804226017560731281267198284822761287888856509134666001776303201975167083902580677671546436896713093846980490111333014684471399959869526479654389154686236579933229251324069493459592590433940362754099 0 0 0 0 0 0 0 0 1 0 0 0 0 0 0 0 0 0 0 0 0 0 0 0 0 0 0 0 0 0 0 0 0 0 0 0 0 0 0 0 0 0 0 0 0 0 0 0 0 0 0 0 0 0 0 0 0 0 0 0 0 0 0 0 0 0 0 0 0 0 0]
[886681146915235761629501626397319179948308276767869516825669064207426121991335134793831756341849700418020400158353773953582976532384647985356564905031480350552956611024897341656240995362085923044427013790401061481055 0 0 0 0 0 0 0 0 0 1 0 0 0 0 0 0 0 0 0 0 0 0 0 0 0 0 0 0 0 0 0 0 0 0 0 0 0 0 0 0 0 0 0 0 0 0 0 0 0 0 0 0 0 0 0 0 0 0 0 0 0 0 0 0 0 0 0 0 0 0 0]
[1988911559445808999315334241020588802723548552016456980336579312391663518558292443707928226738643203777061013665067244342153260408871003468284173343226002905533119761123009837073152338989606228075311401930950065897558 0 0 0 0 0 0 0 0 0 0 1 0 0 0 0 0 0 0 0 0 0 0 0 0 0 0 0 0 0 0 0 0 0 0 0 0 0 0 0 0 0 0 0 0 0 0 0 0 0 0 0 0 0 0 0 0 0 0 0 0 0 0 0 0 0 0 0 0 0 0 0]
[4328140058208580590405503714102721269091336131208263041728343587386480211516001296204210306407432017121295386178418078459768055064234588683733558439150920221441237118053755210906874880761460275719988818823411973606659 0 0 0 0 0 0 0 0 0 0 0 1 0 0 0 0 0 0 0 0 0 0 0 0 0 0 0 0 0 0 0 0 0 0 0 0 0 0 0 0 0 0 0 0 0 0 0 0 0 0 0 0 0 0 0 0 0 0 0 0 0 0 0 0 0 0 0 0 0 0 0]
[5132586281472863423559191298911444628273868199677259965630142259977795420604172659463437002486670658553346656177879549149783254392626205834175553169474329130445929817936311991774270967476759108838227118294537031047006 0 0 0 0 0 0 0 0 0 0 0 0 1 0 0 0 0 0 0 0 0 0 0 0 0 0 0 0 0 0 0 0 0 0 0 0 0 0 0 0 0 0 0 0 0 0 0 0 0 0 0 0 0 0 0 0 0 0 0 0 0 0 0 0 0 0 0 0 0 0 0]
[4894831051049998397636339091903820721518684775210326639730429281018104956674775779311298887403440440430473358090155236792001788049451304931414676491787977041793316145041125061381874933861916910038501174965280343438970 0 0 0 0 0 0 0 0 0 0 0 0 0 1 0 0 0 0 0 0 0 0 0 0 0 0 0 0 0 0 0 0 0 0 0 0 0 0 0 0 0 0 0 0 0 0 0 0 0 0 0 0 0 0 0 0 0 0 0 0 0 0 0 0 0 0 0 0 0 0 0]
[4543200517188726264303176377255776366879675950791902876707007511476257222746313279900216548934752410951776630409349470197180986610911977215231212882001289821164877472778949990944201449518859534169054653748571169336954 0 0 0 0 0 0 0 0 0 0 0 0 0 0 1 0 0 0 0 0 0 0 0 0 0 0 0 0 0 0 0 0 0 0 0 0 0 0 0 0 0 0 0 0 0 0 0 0 0 0 0 0 0 0 0 0 0 0 0 0 0 0 0 0 0 0 0 0 0 0 0]
[2927085396608460490066241857868960501629157328257610146788797141186461387922523952242044393316734173883581394136660843971067851120162034589439355382194580521894622303901541446309378659521505991403111188506183293545797 0 0 0 0 0 0 0 0 0 0 0 0 0 0 0 1 0 0 0 0 0 0 0 0 0 0 0 0 0 0 0 0 0 0 0 0 0 0 0 0 0 0 0 0 0 0 0 0 0 0 0 0 0 0 0 0 0 0 0 0 0 0 0 0 0 0 0 0 0 0 0]
[938746205229625567817510986447749725520928274582604874456939925036054067812876591196978755226723617575648909139566693301440103256772615930315156380802124523323397373331656823342491261872080066953596362945246917997481 0 0 0 0 0 0 0 0 0 0 0 0 0 0 0 0 1 0 0 0 0 0 0 0 0 0 0 0 0 0 0 0 0 0 0 0 0 0 0 0 0 0 0 0 0 0 0 0 0 0 0 0 0 0 0 0 0 0 0 0 0 0 0 0 0 0 0 0 0 0 0]
[4041701352240128617768229591360830625917443734029893353185036579011058933407293219269130229391869648281858096013321596311025459942260226898335411970915632140827818008059762191838408648655391748429982146936709101793381 0 0 0 0 0 0 0 0 0 0 0 0 0 0 0 0 0 1 0 0 0 0 0 0 0 0 0 0 0 0 0 0 0 0 0 0 0 0 0 0 0 0 0 0 0 0 0 0 0 0 0 0 0 0 0 0 0 0 0 0 0 0 0 0 0 0 0 0 0 0 0]
[63826329258003187625546126439774837455061902843605327692628891937516577319486743502436791909652967495476055937433153344700980423779254599394913829253216265385129840784462815579612621824791651907459673498207711905411 0 0 0 0 0 0 0 0 0 0 0 0 0 0 0 0 0 0 1 0 0 0 0 0 0 0 0 0 0 0 0 0 0 0 0 0 0 0 0 0 0 0 0 0 0 0 0 0 0 0 0 0 0 0 0 0 0 0 0 0 0 0 0 0 0 0 0 0 0 0 0]
[4918820610538564075911802583923549086808131072582183971144728585116937203003075400696334260939685597284791253310538456788601964292038016385017076902804436966552557360244075324809872651520765408926115578053752807122543 0 0 0 0 0 0 0 0 0 0 0 0 0 0 0 0 0 0 0 1 0 0 0 0 0 0 0 0 0 0 0 0 0 0 0 0 0 0 0 0 0 0 0 0 0 0 0 0 0 0 0 0 0 0 0 0 0 0 0 0 0 0 0 0 0 0 0 0 0 0 0]
[495931211149968386850784558775655531517961927876023720870534724813766268092960760286306645839804722974947681351860525888199747534968976675431972181757565134199920921095256351102484890969915275688238118654255382302467 0 0 0 0 0 0 0 0 0 0 0 0 0 0 0 0 0 0 0 0 1 0 0 0 0 0 0 0 0 0 0 0 0 0 0 0 0 0 0 0 0 0 0 0 0 0 0 0 0 0 0 0 0 0 0 0 0 0 0 0 0 0 0 0 0 0 0 0 0 0 0]
[2513897642042217017633122529989970785814014823322309962685409959621671080544255888652730144555336782567325619431301131105594611480537619628676559276349842860853802019819304663763527794985016981216005553850756639450277 0 0 0 0 0 0 0 0 0 0 0 0 0 0 0 0 0 0 0 0 0 1 0 0 0 0 0 0 0 0 0 0 0 0 0 0 0 0 0 0 0 0 0 0 0 0 0 0 0 0 0 0 0 0 0 0 0 0 0 0 0 0 0 0 0 0 0 0 0 0 0]
[3827182735189637669536645979945281761122295035775162249264935693311068444406428358604921876868334723109816525236725468609878524721171897388734858685344207851101587747129031835672324040566205644897936865251821022670777 0 0 0 0 0 0 0 0 0 0 0 0 0 0 0 0 0 0 0 0 0 0 1 0 0 0 0 0 0 0 0 0 0 0 0 0 0 0 0 0 0 0 0 0 0 0 0 0 0 0 0 0 0 0 0 0 0 0 0 0 0 0 0 0 0 0 0 0 0 0 0]
[2751049713637007005168891220287524528985484521587542816011363827350378159504922350239911837840151629641477363271818925882150234790224604424933425953972732326236025084131660534495731209657897398784227887433519570523541 0 0 0 0 0 0 0 0 0 0 0 0 0 0 0 0 0 0 0 0 0 0 0 1 0 0 0 0 0 0 0 0 0 0 0 0 0 0 0 0 0 0 0 0 0 0 0 0 0 0 0 0 0 0 0 0 0 0 0 0 0 0 0 0 0 0 0 0 0 0 0]
[2852495281731782135487981100167816745752618540638505723831600781970406566129016516977978070336135407779812453773596903937094646178941042028460480484017198078907432987002463886732928139658075548345671061250258835767502 0 0 0 0 0 0 0 0 0 0 0 0 0 0 0 0 0 0 0 0 0 0 0 0 1 0 0 0 0 0 0 0 0 0 0 0 0 0 0 0 0 0 0 0 0 0 0 0 0 0 0 0 0 0 0 0 0 0 0 0 0 0 0 0 0 0 0 0 0 0 0]
[4899574764994268103208643815889876726234839781261845316252765591115334812442720481215505401732837468499070539861552661158634717834298651941782756605117734859433076364029915044045079164383118786477817051970368559882150 0 0 0 0 0 0 0 0 0 0 0 0 0 0 0 0 0 0 0 0 0 0 0 0 0 1 0 0 0 0 0 0 0 0 0 0 0 0 0 0 0 0 0 0 0 0 0 0 0 0 0 0 0 0 0 0 0 0 0 0 0 0 0 0 0 0 0 0 0 0 0]
[2599383435897024700365861622321963394718742821672453533994965576108416866969268631077230783797300291148088505468334070120445872430399069902856631159451559869730634706495963677751033932141802589916546828289343532760927 0 0 0 0 0 0 0 0 0 0 0 0 0 0 0 0 0 0 0 0 0 0 0 0 0 0 1 0 0 0 0 0 0 0 0 0 0 0 0 0 0 0 0 0 0 0 0 0 0 0 0 0 0 0 0 0 0 0 0 0 0 0 0 0 0 0 0 0 0 0 0]
[1451079869790565473441347247089150549125252860217176464950679042843072131911209045775209759183902125305669517441407290755612018498837699068239921643486356614283247485055264972860833171365948279911061144804344082464551 0 0 0 0 0 0 0 0 0 0 0 0 0 0 0 0 0 0 0 0 0 0 0 0 0 0 0 1 0 0 0 0 0 0 0 0 0 0 0 0 0 0 0 0 0 0 0 0 0 0 0 0 0 0 0 0 0 0 0 0 0 0 0 0 0 0 0 0 0 0 0]
[4935152856169638847314700131015679663485187514020448077726243841097818892320875552131989422129534055906614864616046533191989426873618555701219688732804113862435125846332458666470780953750917399730361409134329480501752 0 0 0 0 0 0 0 0 0 0 0 0 0 0 0 0 0 0 0 0 0 0 0 0 0 0 0 0 1 0 0 0 0 0 0 0 0 0 0 0 0 0 0 0 0 0 0 0 0 0 0 0 0 0 0 0 0 0 0 0 0 0 0 0 0 0 0 0 0 0 0]
[4429962308711060154689099958306519172452828676098167513441552789533825746696714639070977913212385831895133334774768859430265597755979965729150494539042947138833356160459450487447509946865680085933621108285258662919714 0 0 0 0 0 0 0 0 0 0 0 0 0 0 0 0 0 0 0 0 0 0 0 0 0 0 0 0 0 1 0 0 0 0 0 0 0 0 0 0 0 0 0 0 0 0 0 0 0 0 0 0 0 0 0 0 0 0 0 0 0 0 0 0 0 0 0 0 0 0 0]
[3909153923237840507138705278434822948292752432830323708165450347550203275639652027810176872717110872885179812286162250535527584497062903966099139041408459635342738536006551126290077665986586346522370798039519183315455 0 0 0 0 0 0 0 0 0 0 0 0 0 0 0 0 0 0 0 0 0 0 0 0 0 0 0 0 0 0 1 0 0 0 0 0 0 0 0 0 0 0 0 0 0 0 0 0 0 0 0 0 0 0 0 0 0 0 0 0 0 0 0 0 0 0 0 0 0 0 0]
[601178091252235472012510079808908617952596100414657441491704151743626431729411787832009194761300006993101648097819870418723001851386071990249718486766434649793093775156371617683555026658491293064969122737787748297991 0 0 0 0 0 0 0 0 0 0 0 0 0 0 0 0 0 0 0 0 0 0 0 0 0 0 0 0 0 0 0 1 0 0 0 0 0 0 0 0 0 0 0 0 0 0 0 0 0 0 0 0 0 0 0 0 0 0 0 0 0 0 0 0 0 0 0 0 0 0 0]
[4519522882138861638283812076694178791188251248506951300878245536705788466597094010696225520793741295945353018301029285500819743308809119952366910749132341219935328520648324885596900855020434715934214117260269188187886 0 0 0 0 0 0 0 0 0 0 0 0 0 0 0 0 0 0 0 0 0 0 0 0 0 0 0 0 0 0 0 0 1 0 0 0 0 0 0 0 0 0 0 0 0 0 0 0 0 0 0 0 0 0 0 0 0 0 0 0 0 0 0 0 0 0 0 0 0 0 0]
[5122818831894960891617394941708254393353825721202404939766375139284325297445375087810571174964385761768804749246620536516712399924785788374908104638522888114171191325261118548658665548345023574199622407689031157506875 0 0 0 0 0 0 0 0 0 0 0 0 0 0 0 0 0 0 0 0 0 0 0 0 0 0 0 0 0 0 0 0 0 1 0 0 0 0 0 0 0 0 0 0 0 0 0 0 0 0 0 0 0 0 0 0 0 0 0 0 0 0 0 0 0 0 0 0 0 0 0]
[3927209637434607063470509443518363132765819102525188351836255730097619377304213537605999185516989160435251600388210886778033033314884501153747892947430632401617041307555806166444337249156504266171146598151052237129825 0 0 0 0 0 0 0 0 0 0 0 0 0 0 0 0 0 0 0 0 0 0 0 0 0 0 0 0 0 0 0 0 0 0 1 0 0 0 0 0 0 0 0 0 0 0 0 0 0 0 0 0 0 0 0 0 0 0 0 0 0 0 0 0 0 0 0 0 0 0 0]
[1153493138709864130827793262871462403156776116773279597978113187029764625027074234719424033077261756687413202367963588824464010793000925886053677550796485907551613354218948497928546983278921076400232330283082511155746 0 0 0 0 0 0 0 0 0 0 0 0 0 0 0 0 0 0 0 0 0 0 0 0 0 0 0 0 0 0 0 0 0 0 0 1 0 0 0 0 0 0 0 0 0 0 0 0 0 0 0 0 0 0 0 0 0 0 0 0 0 0 0 0 0 0 0 0 0 0 0]
[4757611585255573060664360397218075622064660887641974448487059837032997472463520095823074685403085808202956406408915623611556907487568585805604657141570231868190597970813572783739883940684675273569379688701948400591944 0 0 0 0 0 0 0 0 0 0 0 0 0 0 0 0 0 0 0 0 0 0 0 0 0 0 0 0 0 0 0 0 0 0 0 0 1 0 0 0 0 0 0 0 0 0 0 0 0 0 0 0 0 0 0 0 0 0 0 0 0 0 0 0 0 0 0 0 0 0 0]
[3410517765112833875802236550783079204357406810137728586629566085296179297497455560719131663111209844075345490610793457410851489594391994901220109262886895301830450216970275841286421282752177269920901512101224223998507 0 0 0 0 0 0 0 0 0 0 0 0 0 0 0 0 0 0 0 0 0 0 0 0 0 0 0 0 0 0 0 0 0 0 0 0 0 1 0 0 0 0 0 0 0 0 0 0 0 0 0 0 0 0 0 0 0 0 0 0 0 0 0 0 0 0 0 0 0 0 0]
[2793038576739635895592316757164147110686417999068868382382675769183309358089195024073893097189673514659357884972958288045595453191919237142553524660417220621767575925475901774479248006133858106433548926785135162128829 0 0 0 0 0 0 0 0 0 0 0 0 0 0 0 0 0 0 0 0 0 0 0 0 0 0 0 0 0 0 0 0 0 0 0 0 0 0 1 0 0 0 0 0 0 0 0 0 0 0 0 0 0 0 0 0 0 0 0 0 0 0 0 0 0 0 0 0 0 0 0]
[3185615587564317556809326602483557797583608277903564693191171387324510723932932248327161171545850861694291450776705996169539187698252068723333260900356835476314923975927906211242564519780147763135729074216015988304368 0 0 0 0 0 0 0 0 0 0 0 0 0 0 0 0 0 0 0 0 0 0 0 0 0 0 0 0 0 0 0 0 0 0 0 0 0 0 0 1 0 0 0 0 0 0 0 0 0 0 0 0 0 0 0 0 0 0 0 0 0 0 0 0 0 0 0 0 0 0 0]
[2602324159249931360484818633974971396217912365649886042845308653485143599590747768867998222539091294699915170781370168967441354534929602781012698726940383804197785196860876357066544099037227474177628659377843906643367 0 0 0 0 0 0 0 0 0 0 0 0 0 0 0 0 0 0 0 0 0 0 0 0 0 0 0 0 0 0 0 0 0 0 0 0 0 0 0 0 1 0 0 0 0 0 0 0 0 0 0 0 0 0 0 0 0 0 0 0 0 0 0 0 0 0 0 0 0 0 0]
[4757568158009236673509414836212048704825618735317671873435063344847706524315917006853948247262360195796754712893220139835830509754283231610444743838658561582170248475315689464395925166900858536466196023756373752607548 0 0 0 0 0 0 0 0 0 0 0 0 0 0 0 0 0 0 0 0 0 0 0 0 0 0 0 0 0 0 0 0 0 0 0 0 0 0 0 0 0 1 0 0 0 0 0 0 0 0 0 0 0 0 0 0 0 0 0 0 0 0 0 0 0 0 0 0 0 0 0]
[1097003119068587009651186052061581510674584351925715831668467638128513606890687353369753123554634339549184352665960348713816027227143359422613744855163907981258781357704386969287434346744987649417972248567971467202089 0 0 0 0 0 0 0 0 0 0 0 0 0 0 0 0 0 0 0 0 0 0 0 0 0 0 0 0 0 0 0 0 0 0 0 0 0 0 0 0 0 0 1 0 0 0 0 0 0 0 0 0 0 0 0 0 0 0 0 0 0 0 0 0 0 0 0 0 0 0 0]
[1113608600592293706120757328307714572109761250169192290776663930529563434745596426992322720410421605319379434209720327322525938755137034118062947051831816856488615715862948719446954721929107728037826473522155496677891 0 0 0 0 0 0 0 0 0 0 0 0 0 0 0 0 0 0 0 0 0 0 0 0 0 0 0 0 0 0 0 0 0 0 0 0 0 0 0 0 0 0 0 1 0 0 0 0 0 0 0 0 0 0 0 0 0 0 0 0 0 0 0 0 0 0 0 0 0 0 0]
[3314578141511836854966615258696106503865943395244696479410580593752635494988801781048451618623632888218219944508379515793334176258867385903921792411253578448601431867395956103171794778549963115486921440485166077419642 0 0 0 0 0 0 0 0 0 0 0 0 0 0 0 0 0 0 0 0 0 0 0 0 0 0 0 0 0 0 0 0 0 0 0 0 0 0 0 0 0 0 0 0 1 0 0 0 0 0 0 0 0 0 0 0 0 0 0 0 0 0 0 0 0 0 0 0 0 0 0]
[1400696196827334536985866685013847016133854132823687759459862278885657642105684921582097411489882824831119648361139904882803395897836231362861856774860525012042082627272392076348925557632489042459140662684190373649844 0 0 0 0 0 0 0 0 0 0 0 0 0 0 0 0 0 0 0 0 0 0 0 0 0 0 0 0 0 0 0 0 0 0 0 0 0 0 0 0 0 0 0 0 0 1 0 0 0 0 0 0 0 0 0 0 0 0 0 0 0 0 0 0 0 0 0 0 0 0 0]
[2988790245993816484285849833214857469211417079238192026728624006472012420269690339781053308061483380556470002622357914268998211420316754388422001749930749622644508271305488245846798980864300798143255283038365972930990 0 0 0 0 0 0 0 0 0 0 0 0 0 0 0 0 0 0 0 0 0 0 0 0 0 0 0 0 0 0 0 0 0 0 0 0 0 0 0 0 0 0 0 0 0 0 1 0 0 0 0 0 0 0 0 0 0 0 0 0 0 0 0 0 0 0 0 0 0 0 0]
[1591174831625817556701835458828424197376537218233100044984922697399381493883310670417195467397035543463636898740927202896217836445520944620295072933930067031681946655422963090539078480177361559050277253318251858507723 0 0 0 0 0 0 0 0 0 0 0 0 0 0 0 0 0 0 0 0 0 0 0 0 0 0 0 0 0 0 0 0 0 0 0 0 0 0 0 0 0 0 0 0 0 0 0 1 0 0 0 0 0 0 0 0 0 0 0 0 0 0 0 0 0 0 0 0 0 0 0]
[2219709903107926445192186468745233947963200862001146240197670256769244991352760447786702766394522461138573494659052608765320480565387896881216017756948373263563880787354465631699399708915691022131676731439237527975533 0 0 0 0 0 0 0 0 0 0 0 0 0 0 0 0 0 0 0 0 0 0 0 0 0 0 0 0 0 0 0 0 0 0 0 0 0 0 0 0 0 0 0 0 0 0 0 0 1 0 0 0 0 0 0 0 0 0 0 0 0 0 0 0 0 0 0 0 0 0 0]
[58669595211336280108524847521474621486130809054264424681843589335761913196023451884899008627328700640835785469333737054588072619439594074377403543412859104787080471227453405399626126090455167898454764820962431914160 0 0 0 0 0 0 0 0 0 0 0 0 0 0 0 0 0 0 0 0 0 0 0 0 0 0 0 0 0 0 0 0 0 0 0 0 0 0 0 0 0 0 0 0 0 0 0 0 0 1 0 0 0 0 0 0 0 0 0 0 0 0 0 0 0 0 0 0 0 0 0]
[4621083990863024776402640778056432244155408722297353243857261290127187119880974288951525130319163332505942634362318644185071976135078473782615241183743074419170781363597402448925112479712727315616155370366004096361518 0 0 0 0 0 0 0 0 0 0 0 0 0 0 0 0 0 0 0 0 0 0 0 0 0 0 0 0 0 0 0 0 0 0 0 0 0 0 0 0 0 0 0 0 0 0 0 0 0 0 1 0 0 0 0 0 0 0 0 0 0 0 0 0 0 0 0 0 0 0 0]
[3356613173663129015318612465800047175937291390003739240349472178350019131712107806488729362934383064268318353234554497842124223455458026642650302452294440775091909032964637677954832610639206713116273742590456231700247 0 0 0 0 0 0 0 0 0 0 0 0 0 0 0 0 0 0 0 0 0 0 0 0 0 0 0 0 0 0 0 0 0 0 0 0 0 0 0 0 0 0 0 0 0 0 0 0 0 0 0 1 0 0 0 0 0 0 0 0 0 0 0 0 0 0 0 0 0 0 0]
[3634253280360683417719293034729640725985896625517274767086686032970434035434717830393516583000674863140112484455701049674235948082844221458016289695031475656359613087184053155688689226486652471401951377201310182083422 0 0 0 0 0 0 0 0 0 0 0 0 0 0 0 0 0 0 0 0 0 0 0 0 0 0 0 0 0 0 0 0 0 0 0 0 0 0 0 0 0 0 0 0 0 0 0 0 0 0 0 0 1 0 0 0 0 0 0 0 0 0 0 0 0 0 0 0 0 0 0]
[3103427359559997405951879566132707507517140815936432711085310277712033837681454918049235125988168219301437797438675724801365376763144997077182329512779614741996099395964645405831744941897540501728141036730226504965307 0 0 0 0 0 0 0 0 0 0 0 0 0 0 0 0 0 0 0 0 0 0 0 0 0 0 0 0 0 0 0 0 0 0 0 0 0 0 0 0 0 0 0 0 0 0 0 0 0 0 0 0 0 1 0 0 0 0 0 0 0 0 0 0 0 0 0 0 0 0 0]
[4699408081949533901836755378049563987423403414316179623148164972523020582817830481794797641183422040102951819296486342685885933583341901692960489309176103995874445550578379211891495862976958706036277720950718680009724 0 0 0 0 0 0 0 0 0 0 0 0 0 0 0 0 0 0 0 0 0 0 0 0 0 0 0 0 0 0 0 0 0 0 0 0 0 0 0 0 0 0 0 0 0 0 0 0 0 0 0 0 0 0 1 0 0 0 0 0 0 0 0 0 0 0 0 0 0 0 0]
[1057273727243942676030961668055406263299526393365173663994618912777675698277790721777231318658478307472607348262693251959210126436326636904675118781520450203406626843493150292912693348850416381506647625314599098267675 0 0 0 0 0 0 0 0 0 0 0 0 0 0 0 0 0 0 0 0 0 0 0 0 0 0 0 0 0 0 0 0 0 0 0 0 0 0 0 0 0 0 0 0 0 0 0 0 0 0 0 0 0 0 0 1 0 0 0 0 0 0 0 0 0 0 0 0 0 0 0]
[1167095190255090778805377031023162970049136590828345896997761573725291919963627286125324810080048961433786566722062635412521753991661844028460505490216488800714802615185381797698949013884424005927240834662017123418102 0 0 0 0 0 0 0 0 0 0 0 0 0 0 0 0 0 0 0 0 0 0 0 0 0 0 0 0 0 0 0 0 0 0 0 0 0 0 0 0 0 0 0 0 0 0 0 0 0 0 0 0 0 0 0 0 1 0 0 0 0 0 0 0 0 0 0 0 0 0 0]
[4243612316645491697707082216806243081059269008030856066194463289732403862314724686194761388698253293158651249359117779593245096220091080467904290201045526257490086725717105643152744670219085784709082668906091211776902 0 0 0 0 0 0 0 0 0 0 0 0 0 0 0 0 0 0 0 0 0 0 0 0 0 0 0 0 0 0 0 0 0 0 0 0 0 0 0 0 0 0 0 0 0 0 0 0 0 0 0 0 0 0 0 0 0 1 0 0 0 0 0 0 0 0 0 0 0 0 0]
[2870944987261447776306704686368243700968701107349163834817475658568658002725611335381743997708172747041496147890797598726255850304252820708858078440759998060618626258162973465514293032922683828952992840412479902756445 0 0 0 0 0 0 0 0 0 0 0 0 0 0 0 0 0 0 0 0 0 0 0 0 0 0 0 0 0 0 0 0 0 0 0 0 0 0 0 0 0 0 0 0 0 0 0 0 0 0 0 0 0 0 0 0 0 0 1 0 0 0 0 0 0 0 0 0 0 0 0]
[2637701642132961405316269285816579519167237900503027428129865382722159848129780367740681304423298868081708777639095310354736624363056342030954429880090991009585880266706278656356050930920165921747263074145473310754525 0 0 0 0 0 0 0 0 0 0 0 0 0 0 0 0 0 0 0 0 0 0 0 0 0 0 0 0 0 0 0 0 0 0 0 0 0 0 0 0 0 0 0 0 0 0 0 0 0 0 0 0 0 0 0 0 0 0 0 1 0 0 0 0 0 0 0 0 0 0 0]
[3238147868675729391689529044634914701677612833158005780814774103455295557170267962280074435149400330193766521583778733335485289575567244082136701907543842565067983952356721967166825225660913257999230962374707212264145 0 0 0 0 0 0 0 0 0 0 0 0 0 0 0 0 0 0 0 0 0 0 0 0 0 0 0 0 0 0 0 0 0 0 0 0 0 0 0 0 0 0 0 0 0 0 0 0 0 0 0 0 0 0 0 0 0 0 0 0 1 0 0 0 0 0 0 0 0 0 0]
[1757303166146442980151044003719117061457228005773482496350803833134095901703637013722194869517501293252591731384467271461201228370078844851774119755873525186781209681498686305512947719057265011579893626085201814879774 0 0 0 0 0 0 0 0 0 0 0 0 0 0 0 0 0 0 0 0 0 0 0 0 0 0 0 0 0 0 0 0 0 0 0 0 0 0 0 0 0 0 0 0 0 0 0 0 0 0 0 0 0 0 0 0 0 0 0 0 0 1 0 0 0 0 0 0 0 0 0]
[3002416132646332659410214958694640117932614359568605322486272568094866095498062839144424512650161197824450007517196494977919763116678618020231379471841490479535781745681650169655784964676486741771071521878163736928707 0 0 0 0 0 0 0 0 0 0 0 0 0 0 0 0 0 0 0 0 0 0 0 0 0 0 0 0 0 0 0 0 0 0 0 0 0 0 0 0 0 0 0 0 0 0 0 0 0 0 0 0 0 0 0 0 0 0 0 0 0 0 1 0 0 0 0 0 0 0 0]
[4848180408108794335991904254495015707331057690301709360627370615247261428176385593187433699233566220741954754905089279012526702957257938801797650479292385116861339487326128420744805804785569363830811526255698527217263 0 0 0 0 0 0 0 0 0 0 0 0 0 0 0 0 0 0 0 0 0 0 0 0 0 0 0 0 0 0 0 0 0 0 0 0 0 0 0 0 0 0 0 0 0 0 0 0 0 0 0 0 0 0 0 0 0 0 0 0 0 0 0 1 0 0 0 0 0 0 0]
[980233437432453704492080438767679639415260619144048159851426574998084406692506253126357801749694235295713954947075526056045154786684138734823491616414392545124659284946641470461031496481041050536266390845801633308182 0 0 0 0 0 0 0 0 0 0 0 0 0 0 0 0 0 0 0 0 0 0 0 0 0 0 0 0 0 0 0 0 0 0 0 0 0 0 0 0 0 0 0 0 0 0 0 0 0 0 0 0 0 0 0 0 0 0 0 0 0 0 0 0 1 0 0 0 0 0 0]
[280446673856253930141518478079421506418674956863819635445712767025450116630001349865118346747731811849019412975316183839879162185320471913209818614435055315839712775141613968293132961406801014355216022836146917809350 0 0 0 0 0 0 0 0 0 0 0 0 0 0 0 0 0 0 0 0 0 0 0 0 0 0 0 0 0 0 0 0 0 0 0 0 0 0 0 0 0 0 0 0 0 0 0 0 0 0 0 0 0 0 0 0 0 0 0 0 0 0 0 0 0 1 0 0 0 0 0]
[277446227801575369295462875302042991777878663630740513035268783745715137046554497606512998918961030359809294297328675856193524077982145441677169398667053117235615076722187773491924927439637895386413389188982666644525 0 0 0 0 0 0 0 0 0 0 0 0 0 0 0 0 0 0 0 0 0 0 0 0 0 0 0 0 0 0 0 0 0 0 0 0 0 0 0 0 0 0 0 0 0 0 0 0 0 0 0 0 0 0 0 0 0 0 0 0 0 0 0 0 0 0 1 0 0 0 0]
[2255458029640567699968980274153897153332119219596853220138443415577133355150574047039949908497419089163022760506477649933707172470303603167931365757928937392923823042408654107999757052706630776228204173096275094858525 0 0 0 0 0 0 0 0 0 0 0 0 0 0 0 0 0 0 0 0 0 0 0 0 0 0 0 0 0 0 0 0 0 0 0 0 0 0 0 0 0 0 0 0 0 0 0 0 0 0 0 0 0 0 0 0 0 0 0 0 0 0 0 0 0 0 0 1 0 0 0]
[3320054594717286100530162142027325529190069196903213622571302164473829475434885412381722002992050103602224057873718993709878952598943190722378422369136438136906059277508102746522644409232992063373190786788787022526066 0 0 0 0 0 0 0 0 0 0 0 0 0 0 0 0 0 0 0 0 0 0 0 0 0 0 0 0 0 0 0 0 0 0 0 0 0 0 0 0 0 0 0 0 0 0 0 0 0 0 0 0 0 0 0 0 0 0 0 0 0 0 0 0 0 0 0 0 1 0 0]
[3763430130711162940381554156435478087582957826742276598106720868379866569062769815782768555926050591348902621520459898098276412837211223793550403240691640854423653040530625312951227697189130725672912162977762887569536 0 0 0 0 0 0 0 0 0 0 0 0 0 0 0 0 0 0 0 0 0 0 0 0 0 0 0 0 0 0 0 0 0 0 0 0 0 0 0 0 0 0 0 0 0 0 0 0 0 0 0 0 0 0 0 0 0 0 0 0 0 0 0 0 0 0 0 0 0 1 0]
[169474870392338122696776695161283719933644424897305635713849348071794818900320637356827820519556046651459203082209934302515966538061104476833695510271381672953321795146887374646255979825577016636029921908359645695604 0 0 0 0 0 0 0 0 0 0 0 0 0 0 0 0 0 0 0 0 0 0 0 0 0 0 0 0 0 0 0 0 0 0 0 0 0 0 0 0 0 0 0 0 0 0 0 0 0 0 0 0 0 0 0 0 0 0 0 0 0 0 0 0 0 0 0 0 0 0 1]
]
