[[4890305853160378989398920010212800179687023681827218539306328297344548522498215264258281393982955779889101503569855101335222750994748855532997100198770156233175675669620215326314385835796192136850069602848747397436630830172900938823276663907001207047494549210177404959 0 0 0 0 0 0 0 0 0 0 0 0 0 0 0 0 0 0 0 0 0 0 0 0 0 0 0 0 0 0 0 0 0 0 0 0 0 0 0 0 0 0 0 0 0 0 0 0 0 0 0 0 0 0 0 0 0 0 0 0 0 0 0 0 0 0 0 0 0 0 0 0 0 0 0 0 0 0 0 0 0 0 0 0 0 0 0 0]
[1787836923972553204922434598958473508902604953092805496244263091214580446937404953229104577633215739475339011273969426123824489323190451350638614173705594964986106476956539086845308149218027248844743772121128733655921088012028288058315283604054535743436617563247106432 1 0 0 0 0 0 0 0 0 0 0 0 0 0 0 0 0 0 0 0 0 0 0 0 0 0 0 0 0 0 0 0 0 0 0 0 0 0 0 0 0 0 0 0 0 0 0 0 0 0 0 0 0 0 0 0 0 0 0 0 0 0 0 0 0 0 0 0 0 0 0 0 0 0 0 0 0 0 0 0 0 0 0 0 0 0 0 0]
[1536017527438707907070748586670325285743815190398437259478081423072466442318913685477145608782204540888607907773543934450133142836640471208272125202903803250880211887397088763491267377174915595357206076416947287324333996690524547038227307630598021935637996439349688893 0 1 0 0 0 0 0 0 0 0 0 0 0 0 0 0 0 0 0 0 0 0 0 0 0 0 0 0 0 0 0 0 0 0 0 0 0 0 0 0 0 0 0 0 0 0 0 0 0 0 0 0 0 0 0 0 0 0 0 0 0 0 0 0 0 0 0 0 0 0 0 0 0 0 0 0 0 0 0 0 0 0 0 0 0 0 0 0]
[1859010994409274130852905928497207698046998641188461516470406960903814899124366473872313164011704748933949401721985720016279305501904661508019980567184732577939763395393852964017797869393490409705621980136369639544863910829415567154022295478143278171710174922902477877 0 0 1 0 0 0 0 0 0 0 0 0 0 0 0 0 0 0 0 0 0 0 0 0 0 0 0 0 0 0 0 0 0 0 0 0 0 0 0 0 0 0 0 0 0 0 0 0 0 0 0 0 0 0 0 0 0 0 0 0 0 0 0 0 0 0 0 0 0 0 0 0 0 0 0 0 0 0 0 0 0 0 0 0 0 0 0 0]
[1304642959758277404541854054364158827152713212145226777307415719007058317413378980443797881004033750961180223151384000627403486377994085977350282499301845013618752759991096428159014353738501049928294741834002328594235254388649814871956458591935681210875281403259271809 0 0 0 1 0 0 0 0 0 0 0 0 0 0 0 0 0 0 0 0 0 0 0 0 0 0 0 0 0 0 0 0 0 0 0 0 0 0 0 0 0 0 0 0 0 0 0 0 0 0 0 0 0 0 0 0 0 0 0 0 0 0 0 0 0 0 0 0 0 0 0 0 0 0 0 0 0 0 0 0 0 0 0 0 0 0 0 0]
[862317394445421277094106375703101830347843338048358085791371983185065909790969332624823659982834674888623480444289519651885594797046534444226980665593561757441352453544122865942379968590180471974243292909052806979294591036928842659678204822596903670894358106883718228 0 0 0 0 1 0 0 0 0 0 0 0 0 0 0 0 0 0 0 0 0 0 0 0 0 0 0 0 0 0 0 0 0 0 0 0 0 0 0 0 0 0 0 0 0 0 0 0 0 0 0 0 0 0 0 0 0 0 0 0 0 0 0 0 0 0 0 0 0 0 0 0 0 0 0 0 0 0 0 0 0 0 0 0 0 0 0 0]
[1361161257001060732900418272340817726357189297790358889027578337220915683002029362693286392213315285617408849484175482304518337657042045292691259993359502780853191838118616187594461518498591470226173744193989057950588487953657987495488505942356391824916276143546857446 0 0 0 0 0 1 0 0 0 0 0 0 0 0 0 0 0 0 0 0 0 0 0 0 0 0 0 0 0 0 0 0 0 0 0 0 0 0 0 0 0 0 0 0 0 0 0 0 0 0 0 0 0 0 0 0 0 0 0 0 0 0 0 0 0 0 0 0 0 0 0 0 0 0 0 0 0 0 0 0 0 0 0 0 0 0 0 0]
[2101611127447056121951201433290414024982793141088706508988751484194671144101638021331739738523540898360705603637252893688386561530412651025787040762323432795463449878242707123619121899790676404844447527256153846726609295271509432588375746732157110428985097038557764765 0 0 0 0 0 0 1 0 0 0 0 0 0 0 0 0 0 0 0 0 0 0 0 0 0 0 0 0 0 0 0 0 0 0 0 0 0 0 0 0 0 0 0 0 0 0 0 0 0 0 0 0 0 0 0 0 0 0 0 0 0 0 0 0 0 0 0 0 0 0 0 0 0 0 0 0 0 0 0 0 0 0 0 0 0 0 0 0]
[4000775413982350672033163118977379071115309253234422968783608812398418517739286554840533548731157433567157401474357797650424027931996889130494733037548712690533081971138584696026814375107305591410611128993980895727780876946402263561308330010218778652652021410807198968 0 0 0 0 0 0 0 1 0 0 0 0 0 0 0 0 0 0 0 0 0 0 0 0 0 0 0 0 0 0 0 0 0 0 0 0 0 0 0 0 0 0 0 0 0 0 0 0 0 0 0 0 0 0 0 0 0 0 0 0 0 0 0 0 0 0 0 0 0 0 0 0 0 0 0 0 0 0 0 0 0 0 0 0 0 0 0 0]
[2966404437001227280969777609708648065422859941121984083747152831696381661821698106833513475565825733874943545205538647136704569225516301644224522466585307222863456691069196650123344056330451655805125131952085674048233403643334297645177835550918340128124400513183583903 0 0 0 0 0 0 0 0 1 0 0 0 0 0 0 0 0 0 0 0 0 0 0 0 0 0 0 0 0 0 0 0 0 0 0 0 0 0 0 0 0 0 0 0 0 0 0 0 0 0 0 0 0 0 0 0 0 0 0 0 0 0 0 0 0 0 0 0 0 0 0 0 0 0 0 0 0 0 0 0 0 0 0 0 0 0 0 0]
[4206683071042317330880109133789855125890939251739547470184356395931621922466096550074602566431124344549534736493288421927536008759321229484094083899588288108064812761630237914707064661808893426585849738855139385286300335388356766902138919858631483592990105834957794768 0 0 0 0 0 0 0 0 0 1 0 0 0 0 0 0 0 0 0 0 0 0 0 0 0 0 0 0 0 0 0 0 0 0 0 0 0 0 0 0 0 0 0 0 0 0 0 0 0 0 0 0 0 0 0 0 0 0 0 0 0 0 0 0 0 0 0 0 0 0 0 0 0 0 0 0 0 0 0 0 0 0 0 0 0 0 0 0]
[3081773385464848434625248466980146695046870009757354787644508937714499474407439315183618366477623772500420798142892820932882247581954951738982676881489493485719685492359774128157950904170208855410573743304524265259492922629269045433934742951891659096157934008341409904 0 0 0 0 0 0 0 0 0 0 1 0 0 0 0 0 0 0 0 0 0 0 0 0 0 0 0 0 0 0 0 0 0 0 0 0 0 0 0 0 0 0 0 0 0 0 0 0 0 0 0 0 0 0 0 0 0 0 0 0 0 0 0 0 0 0 0 0 0 0 0 0 0 0 0 0 0 0 0 0 0 0 0 0 0 0 0 0]
[408942879821042373573003191582226561699232908466997171072293366426941282892807677943397695122394752804171914777088819711020241747225919226943507260641454048730830785148553123189064771843464939763830549707712673209293115482522165925161679094369224675520802089652409340 0 0 0 0 0 0 0 0 0 0 0 1 0 0 0 0 0 0 0 0 0 0 0 0 0 0 0 0 0 0 0 0 0 0 0 0 0 0 0 0 0 0 0 0 0 0 0 0 0 0 0 0 0 0 0 0 0 0 0 0 0 0 0 0 0 0 0 0 0 0 0 0 0 0 0 0 0 0 0 0 0 0 0 0 0 0 0 0]
[407660143253145961452497085159633238183395817972522957312589116486403668452796036074903022312559584914436542566830813953678041828274287972705389210610236790538733998554425684930868068436101929201994020151130940848474338327941656805807381617351315522992127239387101713 0 0 0 0 0 0 0 0 0 0 0 0 1 0 0 0 0 0 0 0 0 0 0 0 0 0 0 0 0 0 0 0 0 0 0 0 0 0 0 0 0 0 0 0 0 0 0 0 0 0 0 0 0 0 0 0 0 0 0 0 0 0 0 0 0 0 0 0 0 0 0 0 0 0 0 0 0 0 0 0 0 0 0 0 0 0 0 0]
[2095397860968318146138207562001847523298769706924979985051423139255985835723540775954272721333149737156464204363977307228041597462482040547417717475441371915556498772879830779512233636675891372774008595455407316775588240861653879986782438564598334894877972939660377203 0 0 0 0 0 0 0 0 0 0 0 0 0 1 0 0 0 0 0 0 0 0 0 0 0 0 0 0 0 0 0 0 0 0 0 0 0 0 0 0 0 0 0 0 0 0 0 0 0 0 0 0 0 0 0 0 0 0 0 0 0 0 0 0 0 0 0 0 0 0 0 0 0 0 0 0 0 0 0 0 0 0 0 0 0 0 0 0]
[1608001612699248722600989684291601296777532446555872559270150520907361646261301185086315534335134949165635408802063156677482098025793373882801103616232403685689503860255751086249322230211163067636084311301371618497981325136749190004929934834993371883360118803846499954 0 0 0 0 0 0 0 0 0 0 0 0 0 0 1 0 0 0 0 0 0 0 0 0 0 0 0 0 0 0 0 0 0 0 0 0 0 0 0 0 0 0 0 0 0 0 0 0 0 0 0 0 0 0 0 0 0 0 0 0 0 0 0 0 0 0 0 0 0 0 0 0 0 0 0 0 0 0 0 0 0 0 0 0 0 0 0 0]
[532685510336118116463436623533392828484371419791640397770573128780897709587162269862535546053269247120281553455007304123794230871067106822755141359210955677399812643451471321168009172127892016610728740954918278116567229831145121980045515423597172838213351949494512317 0 0 0 0 0 0 0 0 0 0 0 0 0 0 0 1 0 0 0 0 0 0 0 0 0 0 0 0 0 0 0 0 0 0 0 0 0 0 0 0 0 0 0 0 0 0 0 0 0 0 0 0 0 0 0 0 0 0 0 0 0 0 0 0 0 0 0 0 0 0 0 0 0 0 0 0 0 0 0 0 0 0 0 0 0 0 0 0]
[1914872358806159326320754097274422930136331097824836640404651453598119529276518568477190701952007183905471682021418491902705866651186866376681367774247939714845238660463692664729163268603697974375325429338819363212931433176043718760616743065573563772268538981705189385 0 0 0 0 0 0 0 0 0 0 0 0 0 0 0 0 1 0 0 0 0 0 0 0 0 0 0 0 0 0 0 0 0 0 0 0 0 0 0 0 0 0 0 0 0 0 0 0 0 0 0 0 0 0 0 0 0 0 0 0 0 0 0 0 0 0 0 0 0 0 0 0 0 0 0 0 0 0 0 0 0 0 0 0 0 0 0 0]
[3843309683047670005782805985905173044204481689959597008936455093915125126954978729119238826391234374777114242498309170483237904186614014653668906681574142219159496095755155290073110756599839649586470515673318628988308091249780650343253376088550816472407541674663614199 0 0 0 0 0 0 0 0 0 0 0 0 0 0 0 0 0 1 0 0 0 0 0 0 0 0 0 0 0 0 0 0 0 0 0 0 0 0 0 0 0 0 0 0 0 0 0 0 0 0 0 0 0 0 0 0 0 0 0 0 0 0 0 0 0 0 0 0 0 0 0 0 0 0 0 0 0 0 0 0 0 0 0 0 0 0 0 0]
[4018441204220471529039115420785242895023072114554377471230822014052499181375450678398490080818405790874513911947610047855911373930502762168050632912301910553213222436976154922535996536992471616594507617240618789842308359254899628270763465279244780158378732039948185774 0 0 0 0 0 0 0 0 0 0 0 0 0 0 0 0 0 0 1 0 0 0 0 0 0 0 0 0 0 0 0 0 0 0 0 0 0 0 0 0 0 0 0 0 0 0 0 0 0 0 0 0 0 0 0 0 0 0 0 0 0 0 0 0 0 0 0 0 0 0 0 0 0 0 0 0 0 0 0 0 0 0 0 0 0 0 0 0]
[196678662366346739702559792372059009177636776471048821785842476814430873619675078383363577607371793222715712129310077113584143752356378243186856873429050756567754182786521516330962506955690919623835730603229790517474745767214508364095137107969038902276404521759486841 0 0 0 0 0 0 0 0 0 0 0 0 0 0 0 0 0 0 0 1 0 0 0 0 0 0 0 0 0 0 0 0 0 0 0 0 0 0 0 0 0 0 0 0 0 0 0 0 0 0 0 0 0 0 0 0 0 0 0 0 0 0 0 0 0 0 0 0 0 0 0 0 0 0 0 0 0 0 0 0 0 0 0 0 0 0 0 0]
[3747328412581209971716076929532690892393201807152061731160825365998237792310182834914576755055227537881845765834103076484301380800843255528199449199380833563410040339936737959375335397686862974769605943719686168437874848706100775740443606809856748932992074251569048770 0 0 0 0 0 0 0 0 0 0 0 0 0 0 0 0 0 0 0 0 1 0 0 0 0 0 0 0 0 0 0 0 0 0 0 0 0 0 0 0 0 0 0 0 0 0 0 0 0 0 0 0 0 0 0 0 0 0 0 0 0 0 0 0 0 0 0 0 0 0 0 0 0 0 0 0 0 0 0 0 0 0 0 0 0 0 0 0]
[3439736365535327028937459240039414998098119288432731066629839694963009240595813061865202528879681173553631091971910565369119642689374542235738041392869787941628128862015485507968651747023263422204804513758152211999958485737522918447056800439538449077796514965140861501 0 0 0 0 0 0 0 0 0 0 0 0 0 0 0 0 0 0 0 0 0 1 0 0 0 0 0 0 0 0 0 0 0 0 0 0 0 0 0 0 0 0 0 0 0 0 0 0 0 0 0 0 0 0 0 0 0 0 0 0 0 0 0 0 0 0 0 0 0 0 0 0 0 0 0 0 0 0 0 0 0 0 0 0 0 0 0 0]
[3121618320068401623423061983565045764817296510921648699710821641081370120826850470805949214801510609812729096698172302196482765607642229547767133926924589305636514558842155954398709432309795212215069020988349285452826978122229476238273422240461330844727951920221368499 0 0 0 0 0 0 0 0 0 0 0 0 0 0 0 0 0 0 0 0 0 0 1 0 0 0 0 0 0 0 0 0 0 0 0 0 0 0 0 0 0 0 0 0 0 0 0 0 0 0 0 0 0 0 0 0 0 0 0 0 0 0 0 0 0 0 0 0 0 0 0 0 0 0 0 0 0 0 0 0 0 0 0 0 0 0 0 0]
[3467977659457948265687389473778975501591571041452960204987711038017278510859408546585887260618139456638387877071878897151061466220725671057280526530221412583634254003001542332930827028725027800322685512110729987374746588813868108000718604743315999693718831425242675779 0 0 0 0 0 0 0 0 0 0 0 0 0 0 0 0 0 0 0 0 0 0 0 1 0 0 0 0 0 0 0 0 0 0 0 0 0 0 0 0 0 0 0 0 0 0 0 0 0 0 0 0 0 0 0 0 0 0 0 0 0 0 0 0 0 0 0 0 0 0 0 0 0 0 0 0 0 0 0 0 0 0 0 0 0 0 0 0]
[127551698011277955013143544104373110969486737567648652554011949173385860415763129181021061379964074731729624364603391092689777149388314589447967603672770350696390181860249552899640683383306580001875500317491991008004201546459904496221883777345424571660255668577242116 0 0 0 0 0 0 0 0 0 0 0 0 0 0 0 0 0 0 0 0 0 0 0 0 1 0 0 0 0 0 0 0 0 0 0 0 0 0 0 0 0 0 0 0 0 0 0 0 0 0 0 0 0 0 0 0 0 0 0 0 0 0 0 0 0 0 0 0 0 0 0 0 0 0 0 0 0 0 0 0 0 0 0 0 0 0 0 0]
[1000921515229569473873446214823608292923814277897224847733134483815359115517496647606965375797991549884492236828912722983553884764725285292657238447926277459431532666193067397632162440266402228885413477841670682941280805590784531207841614208032694608892737756236738485 0 0 0 0 0 0 0 0 0 0 0 0 0 0 0 0 0 0 0 0 0 0 0 0 0 1 0 0 0 0 0 0 0 0 0 0 0 0 0 0 0 0 0 0 0 0 0 0 0 0 0 0 0 0 0 0 0 0 0 0 0 0 0 0 0 0 0 0 0 0 0 0 0 0 0 0 0 0 0 0 0 0 0 0 0 0 0 0]
[4346115210806617587786277521636747367373131919009021911707660081650784764063207026293511190176759976362896494729592022834571034966955437289823081631567760059998786419107125616034955231057360851566844602747871941104014961886199775569386618993360083660844583628484391595 0 0 0 0 0 0 0 0 0 0 0 0 0 0 0 0 0 0 0 0 0 0 0 0 0 0 1 0 0 0 0 0 0 0 0 0 0 0 0 0 0 0 0 0 0 0 0 0 0 0 0 0 0 0 0 0 0 0 0 0 0 0 0 0 0 0 0 0 0 0 0 0 0 0 0 0 0 0 0 0 0 0 0 0 0 0 0 0]
[3543090287824411517710082986825047329740168912319501969187136662878025023620319231939568473019710730535589032125750056407902060626543375254327272513124165798087521017501823394756358707368767124927432016220383097920596058261325163897859083909876754953279393753413590943 0 0 0 0 0 0 0 0 0 0 0 0 0 0 0 0 0 0 0 0 0 0 0 0 0 0 0 1 0 0 0 0 0 0 0 0 0 0 0 0 0 0 0 0 0 0 0 0 0 0 0 0 0 0 0 0 0 0 0 0 0 0 0 0 0 0 0 0 0 0 0 0 0 0 0 0 0 0 0 0 0 0 0 0 0 0 0 0]
[1342274842470711023243092810103530430079253352830966099680064902658962820380979217311043582288176699359876165980448758497267570189363144887392944676186505104652738807441814719774215212125397845132044195717582683555230436615301951523407171425766778695223855345551706985 0 0 0 0 0 0 0 0 0 0 0 0 0 0 0 0 0 0 0 0 0 0 0 0 0 0 0 0 1 0 0 0 0 0 0 0 0 0 0 0 0 0 0 0 0 0 0 0 0 0 0 0 0 0 0 0 0 0 0 0 0 0 0 0 0 0 0 0 0 0 0 0 0 0 0 0 0 0 0 0 0 0 0 0 0 0 0 0]
[4575193724089226575364229937835066079138440051724074682407826440202951302140747785910302291476172444664508806854396180289391412503492743528980863004256201910401449113514382925639801691725372434502444002931581758790466640023767439597782482256243906793575048453637270465 0 0 0 0 0 0 0 0 0 0 0 0 0 0 0 0 0 0 0 0 0 0 0 0 0 0 0 0 0 1 0 0 0 0 0 0 0 0 0 0 0 0 0 0 0 0 0 0 0 0 0 0 0 0 0 0 0 0 0 0 0 0 0 0 0 0 0 0 0 0 0 0 0 0 0 0 0 0 0 0 0 0 0 0 0 0 0 0]
[93694314574094532332831491375622324513552112584876064330970438562464540780497663147690536078325879898803800892566138206519942747237442224049085578144252701279624241359067131337616348734510974955101767475003640277919486640559615851538498637501385651004274199519152974 0 0 0 0 0 0 0 0 0 0 0 0 0 0 0 0 0 0 0 0 0 0 0 0 0 0 0 0 0 0 1 0 0 0 0 0 0 0 0 0 0 0 0 0 0 0 0 0 0 0 0 0 0 0 0 0 0 0 0 0 0 0 0 0 0 0 0 0 0 0 0 0 0 0 0 0 0 0 0 0 0 0 0 0 0 0 0 0]
[2602360447464613824809868722773358089791759642246453711075691143682229222387402090896900978209610495875436055399354431729630741801554585753871501415282499298724791807728104465229533209142578976496337097543841680699985420467728845484460124844782977393054967956887515351 0 0 0 0 0 0 0 0 0 0 0 0 0 0 0 0 0 0 0 0 0 0 0 0 0 0 0 0 0 0 0 1 0 0 0 0 0 0 0 0 0 0 0 0 0 0 0 0 0 0 0 0 0 0 0 0 0 0 0 0 0 0 0 0 0 0 0 0 0 0 0 0 0 0 0 0 0 0 0 0 0 0 0 0 0 0 0 0]
[596300747310420029802510394475490257161332719635026603891942876507077045124462832610588093109139470781295171298732927296768953511571915627194151908889144436923105071219176118833589521021504504988458293411231410180056344482025155372377700085741582364083875389626108651 0 0 0 0 0 0 0 0 0 0 0 0 0 0 0 0 0 0 0 0 0 0 0 0 0 0 0 0 0 0 0 0 1 0 0 0 0 0 0 0 0 0 0 0 0 0 0 0 0 0 0 0 0 0 0 0 0 0 0 0 0 0 0 0 0 0 0 0 0 0 0 0 0 0 0 0 0 0 0 0 0 0 0 0 0 0 0 0]
[855619929405451835785337492428929715360656440919796726421208977819971048929342659634113720920680705157840241414745875636176429845629634104644158612467132166617683696021223536014441893894569494192873899936865295561701956948329960871612803552263826521274500011851346665 0 0 0 0 0 0 0 0 0 0 0 0 0 0 0 0 0 0 0 0 0 0 0 0 0 0 0 0 0 0 0 0 0 1 0 0 0 0 0 0 0 0 0 0 0 0 0 0 0 0 0 0 0 0 0 0 0 0 0 0 0 0 0 0 0 0 0 0 0 0 0 0 0 0 0 0 0 0 0 0 0 0 0 0 0 0 0 0]
[250189700049815595459963941228899370019740466531024356046015874354282723775874760947064693973576800925397627694771127485153807414395937553199467162148748859877681974677735178813969248072669410094663003100351297339458676888911230428769610346041708150335856966773684774 0 0 0 0 0 0 0 0 0 0 0 0 0 0 0 0 0 0 0 0 0 0 0 0 0 0 0 0 0 0 0 0 0 0 1 0 0 0 0 0 0 0 0 0 0 0 0 0 0 0 0 0 0 0 0 0 0 0 0 0 0 0 0 0 0 0 0 0 0 0 0 0 0 0 0 0 0 0 0 0 0 0 0 0 0 0 0 0]
[802272951365636643011606962549303198157695126069430057724711441328251231114255358214521267176138833010080524857043568149614252806253197379605119601558360310185004717940194393144424242934810058386089039348819383042408844770213624541997714646773851293256190481926137128 0 0 0 0 0 0 0 0 0 0 0 0 0 0 0 0 0 0 0 0 0 0 0 0 0 0 0 0 0 0 0 0 0 0 0 1 0 0 0 0 0 0 0 0 0 0 0 0 0 0 0 0 0 0 0 0 0 0 0 0 0 0 0 0 0 0 0 0 0 0 0 0 0 0 0 0 0 0 0 0 0 0 0 0 0 0 0 0]
[1351528226001966709600725324984339597178725210611686622898241773660101361375870653599510563715561031229225667608821480121950021189731748474744149391710125901349694807822905531689534535749636344245000764044819222355503965964672530616432405796777482062539001330635422093 0 0 0 0 0 0 0 0 0 0 0 0 0 0 0 0 0 0 0 0 0 0 0 0 0 0 0 0 0 0 0 0 0 0 0 0 1 0 0 0 0 0 0 0 0 0 0 0 0 0 0 0 0 0 0 0 0 0 0 0 0 0 0 0 0 0 0 0 0 0 0 0 0 0 0 0 0 0 0 0 0 0 0 0 0 0 0 0]
[921401308068993301849432512547192087453334680362348624608991979097216915332327149502243745224421866128438679585341175689285489719310198247272358505601354889070248303981774912086305973394944746166500051548776579749621300233280158474583396387403203983027390091082180515 0 0 0 0 0 0 0 0 0 0 0 0 0 0 0 0 0 0 0 0 0 0 0 0 0 0 0 0 0 0 0 0 0 0 0 0 0 1 0 0 0 0 0 0 0 0 0 0 0 0 0 0 0 0 0 0 0 0 0 0 0 0 0 0 0 0 0 0 0 0 0 0 0 0 0 0 0 0 0 0 0 0 0 0 0 0 0 0]
[3593919776138390323599772961110036324858046354234866648586464843036478516299003952909706812841714480506971936511938936814350813051648203871917921230929200522675371443928191052104366935812643169046188877530836189103576293647315989996566941038100323829659026787762555092 0 0 0 0 0 0 0 0 0 0 0 0 0 0 0 0 0 0 0 0 0 0 0 0 0 0 0 0 0 0 0 0 0 0 0 0 0 0 1 0 0 0 0 0 0 0 0 0 0 0 0 0 0 0 0 0 0 0 0 0 0 0 0 0 0 0 0 0 0 0 0 0 0 0 0 0 0 0 0 0 0 0 0 0 0 0 0 0]
[3377566731612584473134159928930200464773827374912336869126161374247442612291876343511188216573610394948806278584121987040316859718645087025964393412446844701845622671081924841698027316301966976563938582142043848691886573393196106070674941026587555076350714192179666126 0 0 0 0 0 0 0 0 0 0 0 0 0 0 0 0 0 0 0 0 0 0 0 0 0 0 0 0 0 0 0 0 0 0 0 0 0 0 0 1 0 0 0 0 0 0 0 0 0 0 0 0 0 0 0 0 0 0 0 0 0 0 0 0 0 0 0 0 0 0 0 0 0 0 0 0 0 0 0 0 0 0 0 0 0 0 0 0]
[2541423094824068504971641800559463052475708936867109646940835544862473406577433163329574630363220058027985618471271611856283016985170415427290641538833576486203012021274357236754900880577608687092014690569891826466522501817195123416883083141514165341887384341985734461 0 0 0 0 0 0 0 0 0 0 0 0 0 0 0 0 0 0 0 0 0 0 0 0 0 0 0 0 0 0 0 0 0 0 0 0 0 0 0 0 1 0 0 0 0 0 0 0 0 0 0 0 0 0 0 0 0 0 0 0 0 0 0 0 0 0 0 0 0 0 0 0 0 0 0 0 0 0 0 0 0 0 0 0 0 0 0 0]
[3176829507647995210832001593670699457602491419938072564774720440562280433276608309274770612129267828440406352072297567076863445475379389302573968355030766519658317381391867844350610196229226999867766778175285665484317336856098116863077151316578087552512161752019732 0 0 0 0 0 0 0 0 0 0 0 0 0 0 0 0 0 0 0 0 0 0 0 0 0 0 0 0 0 0 0 0 0 0 0 0 0 0 0 0 0 1 0 0 0 0 0 0 0 0 0 0 0 0 0 0 0 0 0 0 0 0 0 0 0 0 0 0 0 0 0 0 0 0 0 0 0 0 0 0 0 0 0 0 0 0 0 0]
[4295500980057512649033095757087274048575479371219424827519476069101091007587335472078078728684731707231339361855416652359437977796292737632779200720531820763109180221319948286484903950698746477335303123539480270325413489698582806477507954229348955533083985026343414457 0 0 0 0 0 0 0 0 0 0 0 0 0 0 0 0 0 0 0 0 0 0 0 0 0 0 0 0 0 0 0 0 0 0 0 0 0 0 0 0 0 0 1 0 0 0 0 0 0 0 0 0 0 0 0 0 0 0 0 0 0 0 0 0 0 0 0 0 0 0 0 0 0 0 0 0 0 0 0 0 0 0 0 0 0 0 0 0]
[4211312171660655208230970688157608419690717250265374564950421344151382722555472841482629599641946277913965532474845489134998596854442283802976790398857132422249416569900082650982008998126774097978124998587948111826857232847115681084883529847580219125845420821563289842 0 0 0 0 0 0 0 0 0 0 0 0 0 0 0 0 0 0 0 0 0 0 0 0 0 0 0 0 0 0 0 0 0 0 0 0 0 0 0 0 0 0 0 1 0 0 0 0 0 0 0 0 0 0 0 0 0 0 0 0 0 0 0 0 0 0 0 0 0 0 0 0 0 0 0 0 0 0 0 0 0 0 0 0 0 0 0 0]
[1545716697511920812771491333817203653217614408696046123619806278907204498402792647770249911820500129078022161645128140826910442628729206522521252428067156452399388501397526648735224708451156752499230057082751536011479721245631244996227191358215101691238020910701521667 0 0 0 0 0 0 0 0 0 0 0 0 0 0 0 0 0 0 0 0 0 0 0 0 0 0 0 0 0 0 0 0 0 0 0 0 0 0 0 0 0 0 0 0 1 0 0 0 0 0 0 0 0 0 0 0 0 0 0 0 0 0 0 0 0 0 0 0 0 0 0 0 0 0 0 0 0 0 0 0 0 0 0 0 0 0 0 0]
[3154349258671058735928914514810784283065053028462425819724463051367216678917161561218309726943209004850720275009308668539428624950463669592417225435496504658697741365545044637142767350039595523922826449177892452696346540646582908530138212433333360266366528391930295033 0 0 0 0 0 0 0 0 0 0 0 0 0 0 0 0 0 0 0 0 0 0 0 0 0 0 0 0 0 0 0 0 0 0 0 0 0 0 0 0 0 0 0 0 0 1 0 0 0 0 0 0 0 0 0 0 0 0 0 0 0 0 0 0 0 0 0 0 0 0 0 0 0 0 0 0 0 0 0 0 0 0 0 0 0 0 0 0]
[3044211737454284130823042233103941537282665287701250433074136552451866532204348642475628852922892222146816608572009491155499742434656847471190890959155318520929596300149572436493181082410443503550289436490341866451960214462267677374761890890623468532865336629768890372 0 0 0 0 0 0 0 0 0 0 0 0 0 0 0 0 0 0 0 0 0 0 0 0 0 0 0 0 0 0 0 0 0 0 0 0 0 0 0 0 0 0 0 0 0 0 1 0 0 0 0 0 0 0 0 0 0 0 0 0 0 0 0 0 0 0 0 0 0 0 0 0 0 0 0 0 0 0 0 0 0 0 0 0 0 0 0 0]
[358985387480581417723766258703671178822391632043931332114185120564829177265798272066614142567414692733190752332642706405383726782870420545882088821895131435495706417488941478592402152248625573490839725658495338035654576129432425728003668073684723693214349142742186301 0 0 0 0 0 0 0 0 0 0 0 0 0 0 0 0 0 0 0 0 0 0 0 0 0 0 0 0 0 0 0 0 0 0 0 0 0 0 0 0 0 0 0 0 0 0 0 1 0 0 0 0 0 0 0 0 0 0 0 0 0 0 0 0 0 0 0 0 0 0 0 0 0 0 0 0 0 0 0 0 0 0 0 0 0 0 0 0]
[247464902799392132944518195712465075937559510636365304576746976952162779214531048162860595005919165268390976404926954389477075591959273511528773500050418424322647236468934892218914412897860533286075830256661382605760318981403994899900778414390612314668276312100895488 0 0 0 0 0 0 0 0 0 0 0 0 0 0 0 0 0 0 0 0 0 0 0 0 0 0 0 0 0 0 0 0 0 0 0 0 0 0 0 0 0 0 0 0 0 0 0 0 1 0 0 0 0 0 0 0 0 0 0 0 0 0 0 0 0 0 0 0 0 0 0 0 0 0 0 0 0 0 0 0 0 0 0 0 0 0 0 0]
[1142498041473390120589621012898497456004869410722742719057836131104510272750456741329331659964290838660039950937464007294178823916164457769823598083345101832960253213442649751236551418997247193000824032165854827518702805892437431948975940487108780247916449959659669993 0 0 0 0 0 0 0 0 0 0 0 0 0 0 0 0 0 0 0 0 0 0 0 0 0 0 0 0 0 0 0 0 0 0 0 0 0 0 0 0 0 0 0 0 0 0 0 0 0 1 0 0 0 0 0 0 0 0 0 0 0 0 0 0 0 0 0 0 0 0 0 0 0 0 0 0 0 0 0 0 0 0 0 0 0 0 0 0]
[4408344930150344797811998969441621401095297087530941089994224686472263165730399975643288286078692235329302358045529560117794714260667095251632406116554065994008043051505924472314033404166793868159459298919493927545740548801497107122268630613309032365040768616110719913 0 0 0 0 0 0 0 0 0 0 0 0 0 0 0 0 0 0 0 0 0 0 0 0 0 0 0 0 0 0 0 0 0 0 0 0 0 0 0 0 0 0 0 0 0 0 0 0 0 0 1 0 0 0 0 0 0 0 0 0 0 0 0 0 0 0 0 0 0 0 0 0 0 0 0 0 0 0 0 0 0 0 0 0 0 0 0 0]
[3143747616289467099972809298745025560346129434678701798790817114056198338495887110840189198954834027517673796355367071243635493455536616689415369579488772416992545602672790986468381202518517342328685611844837032383228015759877137081773879444796062092180292828827101620 0 0 0 0 0 0 0 0 0 0 0 0 0 0 0 0 0 0 0 0 0 0 0 0 0 0 0 0 0 0 0 0 0 0 0 0 0 0 0 0 0 0 0 0 0 0 0 0 0 0 0 1 0 0 0 0 0 0 0 0 0 0 0 0 0 0 0 0 0 0 0 0 0 0 0 0 0 0 0 0 0 0 0 0 0 0 0 0]
[1066731665888120005493542304748113915793754929395086002417367697519573863702615292769893726048917412069485008252483007066626233118967511113247403833109598454414113457367642301043704195157964715761171017234770816932188747744156154823370580562218189836767161380169689451 0 0 0 0 0 0 0 0 0 0 0 0 0 0 0 0 0 0 0 0 0 0 0 0 0 0 0 0 0 0 0 0 0 0 0 0 0 0 0 0 0 0 0 0 0 0 0 0 0 0 0 0 1 0 0 0 0 0 0 0 0 0 0 0 0 0 0 0 0 0 0 0 0 0 0 0 0 0 0 0 0 0 0 0 0 0 0 0]
[4439151898671698484914081322990502889296048431315809062694730248104429848538818498677579126932841071647874864138643303767993829367514579193415087738423683122093674779001199014021823782769069225994593605006604637938018156318419088484899949380990581067445348549872192788 0 0 0 0 0 0 0 0 0 0 0 0 0 0 0 0 0 0 0 0 0 0 0 0 0 0 0 0 0 0 0 0 0 0 0 0 0 0 0 0 0 0 0 0 0 0 0 0 0 0 0 0 0 1 0 0 0 0 0 0 0 0 0 0 0 0 0 0 0 0 0 0 0 0 0 0 0 0 0 0 0 0 0 0 0 0 0 0]
[3942605157227781508236965584791474289699152169424900620225571325123522368436520463158593364507895627084982380691966410139293904799397634484560504917381857457111087756865837930384831599720151486318095444844808782889653039206326434172995342486723850504019169166318447888 0 0 0 0 0 0 0 0 0 0 0 0 0 0 0 0 0 0 0 0 0 0 0 0 0 0 0 0 0 0 0 0 0 0 0 0 0 0 0 0 0 0 0 0 0 0 0 0 0 0 0 0 0 0 1 0 0 0 0 0 0 0 0 0 0 0 0 0 0 0 0 0 0 0 0 0 0 0 0 0 0 0 0 0 0 0 0 0]
[2760407549052099910739156427078295121852945202238310413522961123199328028277770068403329465598918204325746209970435053916159235602652684936459360225286278626243186133221584897942662910737617007919132045241951714585013511942090150855244867388299842005856637225887206398 0 0 0 0 0 0 0 0 0 0 0 0 0 0 0 0 0 0 0 0 0 0 0 0 0 0 0 0 0 0 0 0 0 0 0 0 0 0 0 0 0 0 0 0 0 0 0 0 0 0 0 0 0 0 0 1 0 0 0 0 0 0 0 0 0 0 0 0 0 0 0 0 0 0 0 0 0 0 0 0 0 0 0 0 0 0 0 0]
[655961581192072382182647986845595518128904987597710949995058404004466404671354489227671904763628144271096931766423176342732560391971212335138214816187245499500262020254740002403389080749497309853600230139313086951814884461217793579864896416599512647672545796416283948 0 0 0 0 0 0 0 0 0 0 0 0 0 0 0 0 0 0 0 0 0 0 0 0 0 0 0 0 0 0 0 0 0 0 0 0 0 0 0 0 0 0 0 0 0 0 0 0 0 0 0 0 0 0 0 0 1 0 0 0 0 0 0 0 0 0 0 0 0 0 0 0 0 0 0 0 0 0 0 0 0 0 0 0 0 0 0 0]
[2239561364267129850750541894269132900945773958726236589432754765291198187966122945866987718866537117450882979925925524878921484411809938538446806834004003389442525263212913933273915467489936590508293218332568280011924505679543926894959716021101521215945989079812176805 0 0 0 0 0 0 0 0 0 0 0 0 0 0 0 0 0 0 0 0 0 0 0 0 0 0 0 0 0 0 0 0 0 0 0 0 0 0 0 0 0 0 0 0 0 0 0 0 0 0 0 0 0 0 0 0 0 1 0 0 0 0 0 0 0 0 0 0 0 0 0 0 0 0 0 0 0 0 0 0 0 0 0 0 0 0 0 0]
[2789496234313572363308336886416071142295969690067363700816461833680306061086934212772418745361277499735377765369887387686736483354044288529289133768817495643517203776802065888655160980831420381840714576042444857011050584533734275443639308912888892088751439154873758769 0 0 0 0 0 0 0 0 0 0 0 0 0 0 0 0 0 0 0 0 0 0 0 0 0 0 0 0 0 0 0 0 0 0 0 0 0 0 0 0 0 0 0 0 0 0 0 0 0 0 0 0 0 0 0 0 0 0 1 0 0 0 0 0 0 0 0 0 0 0 0 0 0 0 0 0 0 0 0 0 0 0 0 0 0 0 0 0]
[2382263585878526922162592278552631533312576457377518557041893588188954433354257968530445579822539997254895993517811084255573557791620556167902813298721385207291781576988475981174937184605841401207843421169479844947381321320657739885217286486214382757961189310311270831 0 0 0 0 0 0 0 0 0 0 0 0 0 0 0 0 0 0 0 0 0 0 0 0 0 0 0 0 0 0 0 0 0 0 0 0 0 0 0 0 0 0 0 0 0 0 0 0 0 0 0 0 0 0 0 0 0 0 0 1 0 0 0 0 0 0 0 0 0 0 0 0 0 0 0 0 0 0 0 0 0 0 0 0 0 0 0 0]
[2709373303164690362709350263216085968736236484176077961039507025167461738277473799646945062867371521499364659445255128864279018907837660175644587544730132540405701449517816447163775276066175596355937307984468474653396550130007917460355430796582399703925060764538968549 0 0 0 0 0 0 0 0 0 0 0 0 0 0 0 0 0 0 0 0 0 0 0 0 0 0 0 0 0 0 0 0 0 0 0 0 0 0 0 0 0 0 0 0 0 0 0 0 0 0 0 0 0 0 0 0 0 0 0 0 1 0 0 0 0 0 0 0 0 0 0 0 0 0 0 0 0 0 0 0 0 0 0 0 0 0 0 0]
[1678342873434527306064165510533371084650063940602870522178039744030460525026968527313106203923796498217556324406703349748118381738788108761563346181477322161221927176401410100612577902178690197844870957617688331495895427183328134371877741797786092766876879647355333734 0 0 0 0 0 0 0 0 0 0 0 0 0 0 0 0 0 0 0 0 0 0 0 0 0 0 0 0 0 0 0 0 0 0 0 0 0 0 0 0 0 0 0 0 0 0 0 0 0 0 0 0 0 0 0 0 0 0 0 0 0 1 0 0 0 0 0 0 0 0 0 0 0 0 0 0 0 0 0 0 0 0 0 0 0 0 0 0]
[3021286747334112227243959141950112227316405109084003420318319538561563501027684732653685881604159337779322752257066433298434714741951233017522696358664644228894497756831025244513791035565312160223885133358163959344959692490206724257002488883975275133738340443316035212 0 0 0 0 0 0 0 0 0 0 0 0 0 0 0 0 0 0 0 0 0 0 0 0 0 0 0 0 0 0 0 0 0 0 0 0 0 0 0 0 0 0 0 0 0 0 0 0 0 0 0 0 0 0 0 0 0 0 0 0 0 0 1 0 0 0 0 0 0 0 0 0 0 0 0 0 0 0 0 0 0 0 0 0 0 0 0 0]
[2868286100134721391376673369167453704914202832048223811841678775178987239292370447799819747611117914971211770550341989146880422077290331014269154079571790960652730775513487093211149106558031250578272458945609327363956387313455768766022837259477457357608892075934646748 0 0 0 0 0 0 0 0 0 0 0 0 0 0 0 0 0 0 0 0 0 0 0 0 0 0 0 0 0 0 0 0 0 0 0 0 0 0 0 0 0 0 0 0 0 0 0 0 0 0 0 0 0 0 0 0 0 0 0 0 0 0 0 1 0 0 0 0 0 0 0 0 0 0 0 0 0 0 0 0 0 0 0 0 0 0 0 0]
[2251220923313463411378555917230096602224249820402727716239224749561896839218569441584994296248450796933061210383266495699316685103310396031697869271735485927067567647692916565739345521481715837304470712214413516061350910662603731614634976131501387576868038072314927651 0 0 0 0 0 0 0 0 0 0 0 0 0 0 0 0 0 0 0 0 0 0 0 0 0 0 0 0 0 0 0 0 0 0 0 0 0 0 0 0 0 0 0 0 0 0 0 0 0 0 0 0 0 0 0 0 0 0 0 0 0 0 0 0 1 0 0 0 0 0 0 0 0 0 0 0 0 0 0 0 0 0 0 0 0 0 0 0]
[4437810971694269543014506700361701654162879398665592628035515705610381004583759971032514589026732088715794008956372232031968586771068465744047360226604519318943152223712859494387404410498476147199175537202591378509489503792029032994988552088162766353967895486611126942 0 0 0 0 0 0 0 0 0 0 0 0 0 0 0 0 0 0 0 0 0 0 0 0 0 0 0 0 0 0 0 0 0 0 0 0 0 0 0 0 0 0 0 0 0 0 0 0 0 0 0 0 0 0 0 0 0 0 0 0 0 0 0 0 0 1 0 0 0 0 0 0 0 0 0 0 0 0 0 0 0 0 0 0 0 0 0 0]
[1843375753303961897661100535081254900254211024073390437602295546894644660388627819497268505560726709327659198806897932720520150386619545341308734874550924777812057723733409556361632334671846076917645484374295739561135088482249497454719062141068414252288286515029232442 0 0 0 0 0 0 0 0 0 0 0 0 0 0 0 0 0 0 0 0 0 0 0 0 0 0 0 0 0 0 0 0 0 0 0 0 0 0 0 0 0 0 0 0 0 0 0 0 0 0 0 0 0 0 0 0 0 0 0 0 0 0 0 0 0 0 1 0 0 0 0 0 0 0 0 0 0 0 0 0 0 0 0 0 0 0 0 0]
[1988300549560404208260976694294312899301030384546873156014663769036367712824341240404508614724887390850795488213133714505866090133168825733698157357894022687073750400464713657722786504972486089326949173079036513954558521970421619421955069925790554768638816157285941188 0 0 0 0 0 0 0 0 0 0 0 0 0 0 0 0 0 0 0 0 0 0 0 0 0 0 0 0 0 0 0 0 0 0 0 0 0 0 0 0 0 0 0 0 0 0 0 0 0 0 0 0 0 0 0 0 0 0 0 0 0 0 0 0 0 0 0 1 0 0 0 0 0 0 0 0 0 0 0 0 0 0 0 0 0 0 0 0]
[3218178134383952390395155033433927496229062135290578402418535110412996600087134429806108984474100594670875177480230583187489258609668060902154119407053379864426857650892705161144226935329589936245350988609928710177168554952563062402805972781468433767519459453810356507 0 0 0 0 0 0 0 0 0 0 0 0 0 0 0 0 0 0 0 0 0 0 0 0 0 0 0 0 0 0 0 0 0 0 0 0 0 0 0 0 0 0 0 0 0 0 0 0 0 0 0 0 0 0 0 0 0 0 0 0 0 0 0 0 0 0 0 0 1 0 0 0 0 0 0 0 0 0 0 0 0 0 0 0 0 0 0 0]
[3029543470333192512161947279580146369698042837764052363856362281650674566062063764591676263226492566029994406461554947331381369125319255352322645321717832513015466066007248581367637707281648580227763432122834206736847555223651549233365023992792007458437840777507958276 0 0 0 0 0 0 0 0 0 0 0 0 0 0 0 0 0 0 0 0 0 0 0 0 0 0 0 0 0 0 0 0 0 0 0 0 0 0 0 0 0 0 0 0 0 0 0 0 0 0 0 0 0 0 0 0 0 0 0 0 0 0 0 0 0 0 0 0 0 1 0 0 0 0 0 0 0 0 0 0 0 0 0 0 0 0 0 0]
[741236501533190340840385751229545572455783957440777113840771168657156861577047963067702680616122560134693127545085850070246269717981035697268358944689523484229428882074793247497798732569532695602212102570852706697271288875362681090903046976642340390720941951040949915 0 0 0 0 0 0 0 0 0 0 0 0 0 0 0 0 0 0 0 0 0 0 0 0 0 0 0 0 0 0 0 0 0 0 0 0 0 0 0 0 0 0 0 0 0 0 0 0 0 0 0 0 0 0 0 0 0 0 0 0 0 0 0 0 0 0 0 0 0 0 1 0 0 0 0 0 0 0 0 0 0 0 0 0 0 0 0 0]
[1240815269914967478232713332262887525136721315038014305905953898573146848072829278292985424859773583594204605036832449284125906710303358099014113102584555098576099500896623333191874027160799092336864416193796255662057301127720545563406460232355752234710396139254227002 0 0 0 0 0 0 0 0 0 0 0 0 0 0 0 0 0 0 0 0 0 0 0 0 0 0 0 0 0 0 0 0 0 0 0 0 0 0 0 0 0 0 0 0 0 0 0 0 0 0 0 0 0 0 0 0 0 0 0 0 0 0 0 0 0 0 0 0 0 0 0 1 0 0 0 0 0 0 0 0 0 0 0 0 0 0 0 0]
[2336670367017381574238006073585795785470977668042263472517471357386804044656568253577964953413124506375247382534527781389925694302640204155280880090548457799653148156994914285944377009484671841486051429118918055262373497873595088791495415587652706621544255031323681736 0 0 0 0 0 0 0 0 0 0 0 0 0 0 0 0 0 0 0 0 0 0 0 0 0 0 0 0 0 0 0 0 0 0 0 0 0 0 0 0 0 0 0 0 0 0 0 0 0 0 0 0 0 0 0 0 0 0 0 0 0 0 0 0 0 0 0 0 0 0 0 0 1 0 0 0 0 0 0 0 0 0 0 0 0 0 0 0]
[1619689558797595148891898073619782036015155305136325297821799679833374433593276433884369483700214432549538011954102081179096698251334266361830764064950155558395137368868794275403973602578597673377816802199464920451775201446579183079288356756704954650850317817756866124 0 0 0 0 0 0 0 0 0 0 0 0 0 0 0 0 0 0 0 0 0 0 0 0 0 0 0 0 0 0 0 0 0 0 0 0 0 0 0 0 0 0 0 0 0 0 0 0 0 0 0 0 0 0 0 0 0 0 0 0 0 0 0 0 0 0 0 0 0 0 0 0 0 1 0 0 0 0 0 0 0 0 0 0 0 0 0 0]
[2021087381128340250779205530202301334673366907932563024878676627514790518027269412957016807302558988382027844402097916237316943512884052452179859775764069802605873593987925341564394948040416512453024646584036804714821942070257479210250145014773945497063897551471012178 0 0 0 0 0 0 0 0 0 0 0 0 0 0 0 0 0 0 0 0 0 0 0 0 0 0 0 0 0 0 0 0 0 0 0 0 0 0 0 0 0 0 0 0 0 0 0 0 0 0 0 0 0 0 0 0 0 0 0 0 0 0 0 0 0 0 0 0 0 0 0 0 0 0 1 0 0 0 0 0 0 0 0 0 0 0 0 0]
[490152557029879932816222357747280007619960665448805952011294156782810238589858607978283245574960261775778462985710520756444016146323708613661015215642901322819966636560854324438336797586204734894004033321908979011605306171389270321289841224851624935968108183341473763 0 0 0 0 0 0 0 0 0 0 0 0 0 0 0 0 0 0 0 0 0 0 0 0 0 0 0 0 0 0 0 0 0 0 0 0 0 0 0 0 0 0 0 0 0 0 0 0 0 0 0 0 0 0 0 0 0 0 0 0 0 0 0 0 0 0 0 0 0 0 0 0 0 0 0 1 0 0 0 0 0 0 0 0 0 0 0 0]
[2836406815836309358154407920037284640127562471862503054399628074926974118224012712123015903260779924279067771074627394259696774869064883285870300374447416890753725592877302033619256876809527911105551259641116989284776622392910900046494808613702247244454473685933713016 0 0 0 0 0 0 0 0 0 0 0 0 0 0 0 0 0 0 0 0 0 0 0 0 0 0 0 0 0 0 0 0 0 0 0 0 0 0 0 0 0 0 0 0 0 0 0 0 0 0 0 0 0 0 0 0 0 0 0 0 0 0 0 0 0 0 0 0 0 0 0 0 0 0 0 0 1 0 0 0 0 0 0 0 0 0 0 0]
[2840393967849246401905736337481722057255395646322338641569612386096811322582165069770993475107700969393288662944129539248265858196634739975762296622113773321973981829511950385943602269769188999415517354656082278057715840768497499337955337364689717831249855638224000445 0 0 0 0 0 0 0 0 0 0 0 0 0 0 0 0 0 0 0 0 0 0 0 0 0 0 0 0 0 0 0 0 0 0 0 0 0 0 0 0 0 0 0 0 0 0 0 0 0 0 0 0 0 0 0 0 0 0 0 0 0 0 0 0 0 0 0 0 0 0 0 0 0 0 0 0 0 1 0 0 0 0 0 0 0 0 0 0]
[4038079225588957793350925891280743789430962029097257864898145793801850988362257828517778447431471369352246316832322973543506240415223439674413759806166905875645593662111057112812850657129347186244983542434892369342145685576358047648713795737201625773858546739140096956 0 0 0 0 0 0 0 0 0 0 0 0 0 0 0 0 0 0 0 0 0 0 0 0 0 0 0 0 0 0 0 0 0 0 0 0 0 0 0 0 0 0 0 0 0 0 0 0 0 0 0 0 0 0 0 0 0 0 0 0 0 0 0 0 0 0 0 0 0 0 0 0 0 0 0 0 0 0 1 0 0 0 0 0 0 0 0 0]
[1266771999098126152118452182386644001121368436349260627233672197386323348451253385735021636118598854262668091066195307848138412835277844826583678019804820274659348616285719664511781343372596134324782280013514421028087305268615025747839092882643999821189414357629048934 0 0 0 0 0 0 0 0 0 0 0 0 0 0 0 0 0 0 0 0 0 0 0 0 0 0 0 0 0 0 0 0 0 0 0 0 0 0 0 0 0 0 0 0 0 0 0 0 0 0 0 0 0 0 0 0 0 0 0 0 0 0 0 0 0 0 0 0 0 0 0 0 0 0 0 0 0 0 0 1 0 0 0 0 0 0 0 0]
[1540052987201524083472123167618675752176687524513212126300505885123096706897284075498556877994717471984770681426655441156353029115824150794209717194123652669620253195632731931303036405867126892993246804081214130817638661394865558079136170456803133227934685453718816973 0 0 0 0 0 0 0 0 0 0 0 0 0 0 0 0 0 0 0 0 0 0 0 0 0 0 0 0 0 0 0 0 0 0 0 0 0 0 0 0 0 0 0 0 0 0 0 0 0 0 0 0 0 0 0 0 0 0 0 0 0 0 0 0 0 0 0 0 0 0 0 0 0 0 0 0 0 0 0 0 1 0 0 0 0 0 0 0]
[4311201986649154556779840217542966067592312092778736331092774586021488263980036506582228830732744736023651480236023523841042570200097749345629294921206244937642801344087324910809844554290113475789454575877560664958600714806795370098962554631950193585922942084299468153 0 0 0 0 0 0 0 0 0 0 0 0 0 0 0 0 0 0 0 0 0 0 0 0 0 0 0 0 0 0 0 0 0 0 0 0 0 0 0 0 0 0 0 0 0 0 0 0 0 0 0 0 0 0 0 0 0 0 0 0 0 0 0 0 0 0 0 0 0 0 0 0 0 0 0 0 0 0 0 0 0 1 0 0 0 0 0 0]
[4170520006450728089527614956146694482212364681775738097590351605556223672521905556393619213391547701481703337670336478472110742932436811773194102929799483683374839689663686407739414320968722120634080325341308637211228237016070221615339805503518926528298881344164301995 0 0 0 0 0 0 0 0 0 0 0 0 0 0 0 0 0 0 0 0 0 0 0 0 0 0 0 0 0 0 0 0 0 0 0 0 0 0 0 0 0 0 0 0 0 0 0 0 0 0 0 0 0 0 0 0 0 0 0 0 0 0 0 0 0 0 0 0 0 0 0 0 0 0 0 0 0 0 0 0 0 0 1 0 0 0 0 0]
[3652826430943265007941698465803284196199051380423058586110129964315242399337063020693908533696465639593480090281248788129807112263621310187238926175758409923339503080404893794246987763422707477205208093849629749174642519967856290924963542430047250291731635844990535099 0 0 0 0 0 0 0 0 0 0 0 0 0 0 0 0 0 0 0 0 0 0 0 0 0 0 0 0 0 0 0 0 0 0 0 0 0 0 0 0 0 0 0 0 0 0 0 0 0 0 0 0 0 0 0 0 0 0 0 0 0 0 0 0 0 0 0 0 0 0 0 0 0 0 0 0 0 0 0 0 0 0 0 1 0 0 0 0]
[1151796113282446912355238617651595028860740104838139898919119296797404382466618186788815434738743746930888889883799838079827144003054803164172025978912744286352558566280607877208577926574963717479908770797491440153139454473073501912612314805508054685338930064122923125 0 0 0 0 0 0 0 0 0 0 0 0 0 0 0 0 0 0 0 0 0 0 0 0 0 0 0 0 0 0 0 0 0 0 0 0 0 0 0 0 0 0 0 0 0 0 0 0 0 0 0 0 0 0 0 0 0 0 0 0 0 0 0 0 0 0 0 0 0 0 0 0 0 0 0 0 0 0 0 0 0 0 0 0 1 0 0 0]
[891350971721422802249841148747364764200362764378893406604542568480783939391026804240040255498596408622498469515634538496262684955241608566296279585614226738428689851185087991357525977950570551235737143078001265091634665799912914724600093026287538925561303656216734674 0 0 0 0 0 0 0 0 0 0 0 0 0 0 0 0 0 0 0 0 0 0 0 0 0 0 0 0 0 0 0 0 0 0 0 0 0 0 0 0 0 0 0 0 0 0 0 0 0 0 0 0 0 0 0 0 0 0 0 0 0 0 0 0 0 0 0 0 0 0 0 0 0 0 0 0 0 0 0 0 0 0 0 0 0 1 0 0]
[3033738954826213853246672491383973606596172279657430042821891700432228101155963817275647827581332097088853679400681982927274477846242866214559495451926432809633859389422880880521535557499899248096772986963773082319939930302357453305411878685876682833338061065955653997 0 0 0 0 0 0 0 0 0 0 0 0 0 0 0 0 0 0 0 0 0 0 0 0 0 0 0 0 0 0 0 0 0 0 0 0 0 0 0 0 0 0 0 0 0 0 0 0 0 0 0 0 0 0 0 0 0 0 0 0 0 0 0 0 0 0 0 0 0 0 0 0 0 0 0 0 0 0 0 0 0 0 0 0 0 0 1 0]
[2919424731050391946778722352670613724234297947158978579601998535713438531862203208885120746991755583526622858970344671693761792221206507496157937727313308468974054602700365550453042413872576034056338723737329132490973675412435384323381808749831593696687921018190584410 0 0 0 0 0 0 0 0 0 0 0 0 0 0 0 0 0 0 0 0 0 0 0 0 0 0 0 0 0 0 0 0 0 0 0 0 0 0 0 0 0 0 0 0 0 0 0 0 0 0 0 0 0 0 0 0 0 0 0 0 0 0 0 0 0 0 0 0 0 0 0 0 0 0 0 0 0 0 0 0 0 0 0 0 0 0 0 1]
]
