[[8660286036346146723929520476918212142708154658546361882112654751463374095255024571127906955251683101409141447578207211847836048664524503142592050970476204300910702050786157645358694962308621423664605096110743152714439266845174346411677534483893328842454663799327903797889957695621130446245002967721837718628289745213996290746602317527829479337848336129871 0 0 0 0 0 0 0 0 0 0 0 0 0 0 0 0 0 0 0 0 0 0 0 0 0 0 0 0 0 0 0 0 0 0 0 0 0 0 0 0 0 0 0 0 0 0 0 0 0 0 0 0 0 0 0 0 0 0 0 0 0 0 0 0 0 0 0 0 0 0 0 0 0 0 0 0 0 0 0 0 0 0 0 0 0 0 0 0 0 0 0 0 0 0 0 0 0 0 0 0 0 0 0 0 0 0 0 0 0 0 0 0 0 0 0 0 0]
[4009544904375724161509083387190056889754261335620392833225987056118698067068953093622301627046325414239808179964329079906846481644446845204889464228929093836946385121503759924195821305887142635501648233169224594240506485318565447080205598659268425912581351216845523413981503091896573522506360772642779277027039353257629566029047266261623630854083921364252 1 0 0 0 0 0 0 0 0 0 0 0 0 0 0 0 0 0 0 0 0 0 0 0 0 0 0 0 0 0 0 0 0 0 0 0 0 0 0 0 0 0 0 0 0 0 0 0 0 0 0 0 0 0 0 0 0 0 0 0 0 0 0 0 0 0 0 0 0 0 0 0 0 0 0 0 0 0 0 0 0 0 0 0 0 0 0 0 0 0 0 0 0 0 0 0 0 0 0 0 0 0 0 0 0 0 0 0 0 0 0 0 0 0 0 0 0]
[3207940465831418898347083529692293076007386744160098935448105810696369560019096707898309653192803255590190324078976544040696401162719539560975263396170942998174620560400065942030977025339620151854412536478797687533012285145092815468008231649039795958314200874417207822225757194717637699377934362476287313458073714378720793016745018758033994148960570997143 0 1 0 0 0 0 0 0 0 0 0 0 0 0 0 0 0 0 0 0 0 0 0 0 0 0 0 0 0 0 0 0 0 0 0 0 0 0 0 0 0 0 0 0 0 0 0 0 0 0 0 0 0 0 0 0 0 0 0 0 0 0 0 0 0 0 0 0 0 0 0 0 0 0 0 0 0 0 0 0 0 0 0 0 0 0 0 0 0 0 0 0 0 0 0 0 0 0 0 0 0 0 0 0 0 0 0 0 0 0 0 0 0 0 0 0 0]
[8447755691254079822036901460861397893366872466557218019407876007460436140103830581197860796395343669743101115305686380936137881282814055888615229022783823608711706373160371331740205745386607362616415027208561441334748810886069590540255729876451967129878789522283354702225776063386400022362616276584497155657342986741921551822770323457186720722139473445165 0 0 1 0 0 0 0 0 0 0 0 0 0 0 0 0 0 0 0 0 0 0 0 0 0 0 0 0 0 0 0 0 0 0 0 0 0 0 0 0 0 0 0 0 0 0 0 0 0 0 0 0 0 0 0 0 0 0 0 0 0 0 0 0 0 0 0 0 0 0 0 0 0 0 0 0 0 0 0 0 0 0 0 0 0 0 0 0 0 0 0 0 0 0 0 0 0 0 0 0 0 0 0 0 0 0 0 0 0 0 0 0 0 0 0 0 0]
[8646251661126046288872010365685188223817627089014944755756343982746878418447870519276882982006935941363669815056535121931524721551771389802831585566785251378926542648596701558801310416323362466588982414754516930699151268465797842900474896607557302126921351511820831359364218837072442759760893301094942341926742017687713093744364203610936300015112579809743 0 0 0 1 0 0 0 0 0 0 0 0 0 0 0 0 0 0 0 0 0 0 0 0 0 0 0 0 0 0 0 0 0 0 0 0 0 0 0 0 0 0 0 0 0 0 0 0 0 0 0 0 0 0 0 0 0 0 0 0 0 0 0 0 0 0 0 0 0 0 0 0 0 0 0 0 0 0 0 0 0 0 0 0 0 0 0 0 0 0 0 0 0 0 0 0 0 0 0 0 0 0 0 0 0 0 0 0 0 0 0 0 0 0 0 0 0]
[1944456670630890621842372679120066127984048468830525416162414179440418825719330440212571864409381982645086632358763273010601416705484643191635464113578744886061918165966702725127733650111238096058678331985077526115790558349869852270450717679121411206356117557911497354209181459468379988264564181533048845615520673999562915169695386723776219733333545962446 0 0 0 0 1 0 0 0 0 0 0 0 0 0 0 0 0 0 0 0 0 0 0 0 0 0 0 0 0 0 0 0 0 0 0 0 0 0 0 0 0 0 0 0 0 0 0 0 0 0 0 0 0 0 0 0 0 0 0 0 0 0 0 0 0 0 0 0 0 0 0 0 0 0 0 0 0 0 0 0 0 0 0 0 0 0 0 0 0 0 0 0 0 0 0 0 0 0 0 0 0 0 0 0 0 0 0 0 0 0 0 0 0 0 0 0 0]
[4912348815800639391861558003422337680897956101216073627443549631707094071712841762857097511459220202531195886486904336992756695543377268015368537161310484567460336719853335524988104712209108513636795515140701569878665224573152096574073139614131569480399984962306208506256151943435064339594024984819640336462009653677556248245736875819125798186264833481445 0 0 0 0 0 1 0 0 0 0 0 0 0 0 0 0 0 0 0 0 0 0 0 0 0 0 0 0 0 0 0 0 0 0 0 0 0 0 0 0 0 0 0 0 0 0 0 0 0 0 0 0 0 0 0 0 0 0 0 0 0 0 0 0 0 0 0 0 0 0 0 0 0 0 0 0 0 0 0 0 0 0 0 0 0 0 0 0 0 0 0 0 0 0 0 0 0 0 0 0 0 0 0 0 0 0 0 0 0 0 0 0 0 0 0 0 0]
[6355021767817165646578394304992104927681262348716678292999387936388669488304930299373482176144516794149055269435655096516389309929794223005036618460848796922304330666307006023664171950990069111678265514775256638104184743452951604088420333518451557201417694979656551746724217058858331965928027653279011011884715518317629714155940322937864070821391435769383 0 0 0 0 0 0 1 0 0 0 0 0 0 0 0 0 0 0 0 0 0 0 0 0 0 0 0 0 0 0 0 0 0 0 0 0 0 0 0 0 0 0 0 0 0 0 0 0 0 0 0 0 0 0 0 0 0 0 0 0 0 0 0 0 0 0 0 0 0 0 0 0 0 0 0 0 0 0 0 0 0 0 0 0 0 0 0 0 0 0 0 0 0 0 0 0 0 0 0 0 0 0 0 0 0 0 0 0 0 0 0 0 0 0 0 0 0]
[936806963146838810601628993502334705709483306323934434009509691335600805855921552619720197679027946807756226666732721091602874850217850376811867296176230911138924869299424310986660788427829572993130464267370906985283437269521137050399535527269107958880887598013666509862337549531132640801742767955307533298827853296659744376310169849305056674105431773267 0 0 0 0 0 0 0 1 0 0 0 0 0 0 0 0 0 0 0 0 0 0 0 0 0 0 0 0 0 0 0 0 0 0 0 0 0 0 0 0 0 0 0 0 0 0 0 0 0 0 0 0 0 0 0 0 0 0 0 0 0 0 0 0 0 0 0 0 0 0 0 0 0 0 0 0 0 0 0 0 0 0 0 0 0 0 0 0 0 0 0 0 0 0 0 0 0 0 0 0 0 0 0 0 0 0 0 0 0 0 0 0 0 0 0 0 0]
[7800508105826477970903569790090976034163233646250114653315562994291685837006279018355288764171068071784772344167111960122853711600101600093722848189419050371795802256532589643107019116700355143914843845066315206194045998926930412007825716301306197054385708557381773516343728588567244424333998428376123972344283768279869996831092929018614870303491552168532 0 0 0 0 0 0 0 0 1 0 0 0 0 0 0 0 0 0 0 0 0 0 0 0 0 0 0 0 0 0 0 0 0 0 0 0 0 0 0 0 0 0 0 0 0 0 0 0 0 0 0 0 0 0 0 0 0 0 0 0 0 0 0 0 0 0 0 0 0 0 0 0 0 0 0 0 0 0 0 0 0 0 0 0 0 0 0 0 0 0 0 0 0 0 0 0 0 0 0 0 0 0 0 0 0 0 0 0 0 0 0 0 0 0 0 0 0]
[8491303514999686652099621779695778581339526787586232749808826130175345798142588157383335507240175111524207343139802976859542671373038396017826776220759349832898205601756617194505806481338111391933825728392636048080706717534540629418109576380516479258718670206584117955508386575848989651404174144332563665746063181828908127927429845601045933859819681824860 0 0 0 0 0 0 0 0 0 1 0 0 0 0 0 0 0 0 0 0 0 0 0 0 0 0 0 0 0 0 0 0 0 0 0 0 0 0 0 0 0 0 0 0 0 0 0 0 0 0 0 0 0 0 0 0 0 0 0 0 0 0 0 0 0 0 0 0 0 0 0 0 0 0 0 0 0 0 0 0 0 0 0 0 0 0 0 0 0 0 0 0 0 0 0 0 0 0 0 0 0 0 0 0 0 0 0 0 0 0 0 0 0 0 0 0 0]
[265151646479089717697587791710434886875525217152657278591333225777335394244441955843403846244490085739091009438912250371526741910199275301097677211090359700027544703075239508192071603719900174314755057337753968052218708566764928785073321428972014684075176672872662414159888669746292514864922044911053164318729621825423776545016292112713962402583236439228 0 0 0 0 0 0 0 0 0 0 1 0 0 0 0 0 0 0 0 0 0 0 0 0 0 0 0 0 0 0 0 0 0 0 0 0 0 0 0 0 0 0 0 0 0 0 0 0 0 0 0 0 0 0 0 0 0 0 0 0 0 0 0 0 0 0 0 0 0 0 0 0 0 0 0 0 0 0 0 0 0 0 0 0 0 0 0 0 0 0 0 0 0 0 0 0 0 0 0 0 0 0 0 0 0 0 0 0 0 0 0 0 0 0 0 0 0]
[4373703509526634640215337052948689158586278749250362442623001446987445871392136548486042374624357016797230299130604668342104365548303634457019937614726884768681261546374972539938113020676419751970493644540056718782288972272102025062148881766668849208629696095604681540920198535286351691809963268660562957457353861843403979289177985721003443592247836595401 0 0 0 0 0 0 0 0 0 0 0 1 0 0 0 0 0 0 0 0 0 0 0 0 0 0 0 0 0 0 0 0 0 0 0 0 0 0 0 0 0 0 0 0 0 0 0 0 0 0 0 0 0 0 0 0 0 0 0 0 0 0 0 0 0 0 0 0 0 0 0 0 0 0 0 0 0 0 0 0 0 0 0 0 0 0 0 0 0 0 0 0 0 0 0 0 0 0 0 0 0 0 0 0 0 0 0 0 0 0 0 0 0 0 0 0 0]
[7707854662690937068836683577458343973866118379865140237356615587648488601814726968246383453124613116620115103312054668466302665580178760527797040911250807262392301754122981130014171213949857216696244474187867835632786344915980985022696414534573635609453705928309204344981805401247230060794482448115600244760620563727057565373585558710067469964689186619032 0 0 0 0 0 0 0 0 0 0 0 0 1 0 0 0 0 0 0 0 0 0 0 0 0 0 0 0 0 0 0 0 0 0 0 0 0 0 0 0 0 0 0 0 0 0 0 0 0 0 0 0 0 0 0 0 0 0 0 0 0 0 0 0 0 0 0 0 0 0 0 0 0 0 0 0 0 0 0 0 0 0 0 0 0 0 0 0 0 0 0 0 0 0 0 0 0 0 0 0 0 0 0 0 0 0 0 0 0 0 0 0 0 0 0 0 0]
[2940857452118039540880102361956365795581873133990760606132124015677488823366660914822381944117470475727421070116874457437838576547683087605032128854047815346730312509922950439656996824416266455148727553597101560784947275946074286343662800157154367957660738850322211203996146634667740046172093296894151752535655023162625215509699867561695943176282496678525 0 0 0 0 0 0 0 0 0 0 0 0 0 1 0 0 0 0 0 0 0 0 0 0 0 0 0 0 0 0 0 0 0 0 0 0 0 0 0 0 0 0 0 0 0 0 0 0 0 0 0 0 0 0 0 0 0 0 0 0 0 0 0 0 0 0 0 0 0 0 0 0 0 0 0 0 0 0 0 0 0 0 0 0 0 0 0 0 0 0 0 0 0 0 0 0 0 0 0 0 0 0 0 0 0 0 0 0 0 0 0 0 0 0 0 0 0]
[7815413912008248151356192113783606564214097997352593776535678457900852418047542461179717143425800154073906593269139086887122093026171934084126946139962675420974642828095371712100891167239147731234790512847666225844523399504029013552681465231004715841029120531652099782323392972519443896704701104799801768362359384593421007335341247315094525573102854786782 0 0 0 0 0 0 0 0 0 0 0 0 0 0 1 0 0 0 0 0 0 0 0 0 0 0 0 0 0 0 0 0 0 0 0 0 0 0 0 0 0 0 0 0 0 0 0 0 0 0 0 0 0 0 0 0 0 0 0 0 0 0 0 0 0 0 0 0 0 0 0 0 0 0 0 0 0 0 0 0 0 0 0 0 0 0 0 0 0 0 0 0 0 0 0 0 0 0 0 0 0 0 0 0 0 0 0 0 0 0 0 0 0 0 0 0 0]
[5256648828141424372925196712949626469310419769168714915386922746042350117859900076596495453810250840347051888874632059075635836396369973346830751547404915292497348317793606191704410852786516426556384896272394111236010270222610385305991930121598588381923022644103822759651422990188791196104115661235600765434862613619667417919545825255673241895144622966566 0 0 0 0 0 0 0 0 0 0 0 0 0 0 0 1 0 0 0 0 0 0 0 0 0 0 0 0 0 0 0 0 0 0 0 0 0 0 0 0 0 0 0 0 0 0 0 0 0 0 0 0 0 0 0 0 0 0 0 0 0 0 0 0 0 0 0 0 0 0 0 0 0 0 0 0 0 0 0 0 0 0 0 0 0 0 0 0 0 0 0 0 0 0 0 0 0 0 0 0 0 0 0 0 0 0 0 0 0 0 0 0 0 0 0 0 0]
[3928080625685844646199338500971198235677613546448383534852256611543484533901682032707930736093993588627301584376645264377417382934674624827420734880528030770968807530765516440207632097397826067717553971197943165009789439510331248305122888805362121422859537319543991846720182636878401075675576391007676196232600061563581726029708823628075298081414299218735 0 0 0 0 0 0 0 0 0 0 0 0 0 0 0 0 1 0 0 0 0 0 0 0 0 0 0 0 0 0 0 0 0 0 0 0 0 0 0 0 0 0 0 0 0 0 0 0 0 0 0 0 0 0 0 0 0 0 0 0 0 0 0 0 0 0 0 0 0 0 0 0 0 0 0 0 0 0 0 0 0 0 0 0 0 0 0 0 0 0 0 0 0 0 0 0 0 0 0 0 0 0 0 0 0 0 0 0 0 0 0 0 0 0 0 0 0]
[1983585976712956022359141351346399530382604996988894888845296035208125533868086799923436245319832389494291399656272484721345259402715029217639626428383583119972754950317698868025979341487883805743914138117537553939138918882237819832382237980229608644563115085686507309937464427451504588428814381520183672657511213778189090860539943305237308076619564077769 0 0 0 0 0 0 0 0 0 0 0 0 0 0 0 0 0 1 0 0 0 0 0 0 0 0 0 0 0 0 0 0 0 0 0 0 0 0 0 0 0 0 0 0 0 0 0 0 0 0 0 0 0 0 0 0 0 0 0 0 0 0 0 0 0 0 0 0 0 0 0 0 0 0 0 0 0 0 0 0 0 0 0 0 0 0 0 0 0 0 0 0 0 0 0 0 0 0 0 0 0 0 0 0 0 0 0 0 0 0 0 0 0 0 0 0 0]
[504622203143957692218412376306451674075672537149277558613640823501176281870248290913597139273541789626492231861810325654577064781937277052704062264403251038317764986864992242622030687887972131959257427941404157585732497253908553193006266252486712335832813625730027589028968985872387346814920054140142664225413910739238495731191330752107775189465075619981 0 0 0 0 0 0 0 0 0 0 0 0 0 0 0 0 0 0 1 0 0 0 0 0 0 0 0 0 0 0 0 0 0 0 0 0 0 0 0 0 0 0 0 0 0 0 0 0 0 0 0 0 0 0 0 0 0 0 0 0 0 0 0 0 0 0 0 0 0 0 0 0 0 0 0 0 0 0 0 0 0 0 0 0 0 0 0 0 0 0 0 0 0 0 0 0 0 0 0 0 0 0 0 0 0 0 0 0 0 0 0 0 0 0 0 0 0]
[3238995632769457898924953691795128786520697516179527546641175932183031011121339055298018381967976546441178870152383710455491834330130818889403261613538201027278880061426608802941056240089622943194073190822114112163939798593662555798525933835321105386441383888876389492312971445804304673650032212472662578452375211329297448546584997306036310465346009265813 0 0 0 0 0 0 0 0 0 0 0 0 0 0 0 0 0 0 0 1 0 0 0 0 0 0 0 0 0 0 0 0 0 0 0 0 0 0 0 0 0 0 0 0 0 0 0 0 0 0 0 0 0 0 0 0 0 0 0 0 0 0 0 0 0 0 0 0 0 0 0 0 0 0 0 0 0 0 0 0 0 0 0 0 0 0 0 0 0 0 0 0 0 0 0 0 0 0 0 0 0 0 0 0 0 0 0 0 0 0 0 0 0 0 0 0 0]
[2842417916538036548241088643079087688001419667955173617484756010511891686746576649703191889327959632696814752994499922002612102271286277438297482939762626140827472233262727110495428002612913978000797246944934546715934163664952883199757816496909003561878583801597421145685273998650208426538868512757893967071863305322491684825639640023120508445927631347101 0 0 0 0 0 0 0 0 0 0 0 0 0 0 0 0 0 0 0 0 1 0 0 0 0 0 0 0 0 0 0 0 0 0 0 0 0 0 0 0 0 0 0 0 0 0 0 0 0 0 0 0 0 0 0 0 0 0 0 0 0 0 0 0 0 0 0 0 0 0 0 0 0 0 0 0 0 0 0 0 0 0 0 0 0 0 0 0 0 0 0 0 0 0 0 0 0 0 0 0 0 0 0 0 0 0 0 0 0 0 0 0 0 0 0 0 0]
[4867440315591945612374416345912768691206033727419334150951230590524836125510772656642723303161325614032360779697698208528750537788714669166983371303397268573141206112301890214705747312353303045717404402180152760371445395775724962421015172053420951155913707388272858311164734955793000108653435339498793446387360605282398690776749990109107402749036002374946 0 0 0 0 0 0 0 0 0 0 0 0 0 0 0 0 0 0 0 0 0 1 0 0 0 0 0 0 0 0 0 0 0 0 0 0 0 0 0 0 0 0 0 0 0 0 0 0 0 0 0 0 0 0 0 0 0 0 0 0 0 0 0 0 0 0 0 0 0 0 0 0 0 0 0 0 0 0 0 0 0 0 0 0 0 0 0 0 0 0 0 0 0 0 0 0 0 0 0 0 0 0 0 0 0 0 0 0 0 0 0 0 0 0 0 0 0]
[7252609808171450611194708332663580239439309092921358790651709798943091101748986455289982139099471081760710346960094920614870427795393990198952717812445663305704479881770524473727920288203564728758446682712750823607421273301381060736493372225248760728749174473889659116861366964374731101595231337904591921193577325376606188610812552231335276690508751039464 0 0 0 0 0 0 0 0 0 0 0 0 0 0 0 0 0 0 0 0 0 0 1 0 0 0 0 0 0 0 0 0 0 0 0 0 0 0 0 0 0 0 0 0 0 0 0 0 0 0 0 0 0 0 0 0 0 0 0 0 0 0 0 0 0 0 0 0 0 0 0 0 0 0 0 0 0 0 0 0 0 0 0 0 0 0 0 0 0 0 0 0 0 0 0 0 0 0 0 0 0 0 0 0 0 0 0 0 0 0 0 0 0 0 0 0 0]
[8356821516308269730518281124715333064097367167885646158911685504727370280594671832946419256200238750064953668803292305337520384880813099850673217652623696308510323882092167219403648501762802164222350372710330643354715443644509374828772802368086289035857886938682307543024991768164270049758196388505887734305173768793583582826641063100589310085186781782423 0 0 0 0 0 0 0 0 0 0 0 0 0 0 0 0 0 0 0 0 0 0 0 1 0 0 0 0 0 0 0 0 0 0 0 0 0 0 0 0 0 0 0 0 0 0 0 0 0 0 0 0 0 0 0 0 0 0 0 0 0 0 0 0 0 0 0 0 0 0 0 0 0 0 0 0 0 0 0 0 0 0 0 0 0 0 0 0 0 0 0 0 0 0 0 0 0 0 0 0 0 0 0 0 0 0 0 0 0 0 0 0 0 0 0 0 0]
[2599250647867101696724915517163384384030954406085377150647933265097166172375368999024380713962077780149829543061624418543072437108769511040198647015999763729258894942963836111732210640117872139730981531576458779790034365057568905460685433163294884938992188535137751715297999919603979338973896774429776754651445833432795581190832660343573660896747889590371 0 0 0 0 0 0 0 0 0 0 0 0 0 0 0 0 0 0 0 0 0 0 0 0 1 0 0 0 0 0 0 0 0 0 0 0 0 0 0 0 0 0 0 0 0 0 0 0 0 0 0 0 0 0 0 0 0 0 0 0 0 0 0 0 0 0 0 0 0 0 0 0 0 0 0 0 0 0 0 0 0 0 0 0 0 0 0 0 0 0 0 0 0 0 0 0 0 0 0 0 0 0 0 0 0 0 0 0 0 0 0 0 0 0 0 0 0]
[7989725563311247106104870184009145632090379363921055530570485873751987765465945818985747185017595579431225365144995221459678490717209496974539412271644641361290619736373005147539426889903224183763168012215862839307131218853169431008682143477923677264094449696051431923514180401485095112532271702174883386714361013493969769757517093438550105872134858546773 0 0 0 0 0 0 0 0 0 0 0 0 0 0 0 0 0 0 0 0 0 0 0 0 0 1 0 0 0 0 0 0 0 0 0 0 0 0 0 0 0 0 0 0 0 0 0 0 0 0 0 0 0 0 0 0 0 0 0 0 0 0 0 0 0 0 0 0 0 0 0 0 0 0 0 0 0 0 0 0 0 0 0 0 0 0 0 0 0 0 0 0 0 0 0 0 0 0 0 0 0 0 0 0 0 0 0 0 0 0 0 0 0 0 0 0 0]
[6590387108666193796062678634437420362708701868649739082647434758930344802584130924100288850440007918184790044633648498824432407353415373759321420929498455407859186791085460080791045952974584233157019595922988601383278443259334381086117834934399428645717150371694340156115998720929235237468090726445228010819792529145041023836542446268945431083791684274506 0 0 0 0 0 0 0 0 0 0 0 0 0 0 0 0 0 0 0 0 0 0 0 0 0 0 1 0 0 0 0 0 0 0 0 0 0 0 0 0 0 0 0 0 0 0 0 0 0 0 0 0 0 0 0 0 0 0 0 0 0 0 0 0 0 0 0 0 0 0 0 0 0 0 0 0 0 0 0 0 0 0 0 0 0 0 0 0 0 0 0 0 0 0 0 0 0 0 0 0 0 0 0 0 0 0 0 0 0 0 0 0 0 0 0 0 0]
[7644091206333758018456925309124959950437549219798790513075896311105747611355520525964840034657733825022493121738065265139927677221112445665054436753239450808778164266427100737895428571582269287976181692219416825417500512628271708254298662520851226245189486303109997335341947427865080907529890388342507942304853115351495837422214377724897403320888411620787 0 0 0 0 0 0 0 0 0 0 0 0 0 0 0 0 0 0 0 0 0 0 0 0 0 0 0 1 0 0 0 0 0 0 0 0 0 0 0 0 0 0 0 0 0 0 0 0 0 0 0 0 0 0 0 0 0 0 0 0 0 0 0 0 0 0 0 0 0 0 0 0 0 0 0 0 0 0 0 0 0 0 0 0 0 0 0 0 0 0 0 0 0 0 0 0 0 0 0 0 0 0 0 0 0 0 0 0 0 0 0 0 0 0 0 0 0]
[2602548915662860841930113665701339913418635202288742667423523785971301861158966210208112841065729968065699114056535455372680875808732514236713843827150791385513621878843780281101946696314739533434235775174177995822888663968867307820825943228742307335228374234358465837308385097829933786390591238882286580431783678139297998900359916485331769603845952741457 0 0 0 0 0 0 0 0 0 0 0 0 0 0 0 0 0 0 0 0 0 0 0 0 0 0 0 0 1 0 0 0 0 0 0 0 0 0 0 0 0 0 0 0 0 0 0 0 0 0 0 0 0 0 0 0 0 0 0 0 0 0 0 0 0 0 0 0 0 0 0 0 0 0 0 0 0 0 0 0 0 0 0 0 0 0 0 0 0 0 0 0 0 0 0 0 0 0 0 0 0 0 0 0 0 0 0 0 0 0 0 0 0 0 0 0 0]
[8491961093649608843828312286574326018177942589913355550511866332061718849179189169691371230198040855784537650131704358646720632230182678519883859881435855728512178051732000976340810626167401301045171280317091505128389898203575633062521006615504872912196806078939033977757933201048935265062553591081462027364216305362381419244042124362983267853970242413702 0 0 0 0 0 0 0 0 0 0 0 0 0 0 0 0 0 0 0 0 0 0 0 0 0 0 0 0 0 1 0 0 0 0 0 0 0 0 0 0 0 0 0 0 0 0 0 0 0 0 0 0 0 0 0 0 0 0 0 0 0 0 0 0 0 0 0 0 0 0 0 0 0 0 0 0 0 0 0 0 0 0 0 0 0 0 0 0 0 0 0 0 0 0 0 0 0 0 0 0 0 0 0 0 0 0 0 0 0 0 0 0 0 0 0 0 0]
[7335502147118552155535959734834650873423768821705959923448133670427026316175503823414175682115256033823312987586350647802622944209656080819779613128851779295219817212427455959501662393401722152478265390500715428482014840674975047478400222643571959063793905279668044857464375501515196623504835824495612378735279409129582070700159717461638730045420687192853 0 0 0 0 0 0 0 0 0 0 0 0 0 0 0 0 0 0 0 0 0 0 0 0 0 0 0 0 0 0 1 0 0 0 0 0 0 0 0 0 0 0 0 0 0 0 0 0 0 0 0 0 0 0 0 0 0 0 0 0 0 0 0 0 0 0 0 0 0 0 0 0 0 0 0 0 0 0 0 0 0 0 0 0 0 0 0 0 0 0 0 0 0 0 0 0 0 0 0 0 0 0 0 0 0 0 0 0 0 0 0 0 0 0 0 0 0]
[1250087311294816065924383073101183511634953275253626703984213462626332855908306563416814669197851745892537858208492982267488736964288971427097940933013299202415055621939073453803134211174637164572145989082533667373666106226977178850206613610380802923229343024317562119560575057630236608077458883304623870206811667857959778734808144786028826634956440442931 0 0 0 0 0 0 0 0 0 0 0 0 0 0 0 0 0 0 0 0 0 0 0 0 0 0 0 0 0 0 0 1 0 0 0 0 0 0 0 0 0 0 0 0 0 0 0 0 0 0 0 0 0 0 0 0 0 0 0 0 0 0 0 0 0 0 0 0 0 0 0 0 0 0 0 0 0 0 0 0 0 0 0 0 0 0 0 0 0 0 0 0 0 0 0 0 0 0 0 0 0 0 0 0 0 0 0 0 0 0 0 0 0 0 0 0 0]
[47717255669445701694356378186009461060860164522645203388138040450378891983199405534342144734122181229755945697600875144292131210024023188012125821712912484416444216649388304064997760299990751746069718401999716315005635969174462963459026610309027448964484184728722451205594408972669482422685911150446610457754464562545593333762312341572023987120351893448 0 0 0 0 0 0 0 0 0 0 0 0 0 0 0 0 0 0 0 0 0 0 0 0 0 0 0 0 0 0 0 0 1 0 0 0 0 0 0 0 0 0 0 0 0 0 0 0 0 0 0 0 0 0 0 0 0 0 0 0 0 0 0 0 0 0 0 0 0 0 0 0 0 0 0 0 0 0 0 0 0 0 0 0 0 0 0 0 0 0 0 0 0 0 0 0 0 0 0 0 0 0 0 0 0 0 0 0 0 0 0 0 0 0 0 0 0]
[3427456728439302101522774739006055066016122761945872939909512463342138347911871383680174182343450619868666377007673863363092442442195239238214370641075860148000763279456353887271676531226378692789871665931239484435550959440368721669515824308975559220575332029869804456877317653982067531098736438724887144658023024550582385932308782291575955564039240461263 0 0 0 0 0 0 0 0 0 0 0 0 0 0 0 0 0 0 0 0 0 0 0 0 0 0 0 0 0 0 0 0 0 1 0 0 0 0 0 0 0 0 0 0 0 0 0 0 0 0 0 0 0 0 0 0 0 0 0 0 0 0 0 0 0 0 0 0 0 0 0 0 0 0 0 0 0 0 0 0 0 0 0 0 0 0 0 0 0 0 0 0 0 0 0 0 0 0 0 0 0 0 0 0 0 0 0 0 0 0 0 0 0 0 0 0 0]
[4705100949997394275216491030427581246678373783985994638316537378876566950999599165641405530982186683132668183557791025922762385797108245388466558652108137363219622947161509545811885985464003562707291127373377906702784863134065699245328978136509315220612345385066399186473657147109147191978493841377188385104030694491263531009237123289619344935959677585478 0 0 0 0 0 0 0 0 0 0 0 0 0 0 0 0 0 0 0 0 0 0 0 0 0 0 0 0 0 0 0 0 0 0 1 0 0 0 0 0 0 0 0 0 0 0 0 0 0 0 0 0 0 0 0 0 0 0 0 0 0 0 0 0 0 0 0 0 0 0 0 0 0 0 0 0 0 0 0 0 0 0 0 0 0 0 0 0 0 0 0 0 0 0 0 0 0 0 0 0 0 0 0 0 0 0 0 0 0 0 0 0 0 0 0 0 0]
[144961591225841072854754275854855474590231010701900984129247070377808626958494319443050332035877672807888503511496295006702910375253310489843023157050656698003780736330125334937288445975231520610876237840193628590133022395189023361533289114067701040535676539625220521694650663168115784787739665143928398494934070583641011389341792622406294488518457298982 0 0 0 0 0 0 0 0 0 0 0 0 0 0 0 0 0 0 0 0 0 0 0 0 0 0 0 0 0 0 0 0 0 0 0 1 0 0 0 0 0 0 0 0 0 0 0 0 0 0 0 0 0 0 0 0 0 0 0 0 0 0 0 0 0 0 0 0 0 0 0 0 0 0 0 0 0 0 0 0 0 0 0 0 0 0 0 0 0 0 0 0 0 0 0 0 0 0 0 0 0 0 0 0 0 0 0 0 0 0 0 0 0 0 0 0 0]
[6698083842935155365156099005629933690629699835931471630944774151860219103803992778765110195705504332337225384243782367004437977614069139630744265742438917189244500971541779969685242307450463690718303278398867241350834387284931236032343080874241208559750790346377806757421582318576428089274656179438037686616362656906890762159714795199024212916507108357222 0 0 0 0 0 0 0 0 0 0 0 0 0 0 0 0 0 0 0 0 0 0 0 0 0 0 0 0 0 0 0 0 0 0 0 0 1 0 0 0 0 0 0 0 0 0 0 0 0 0 0 0 0 0 0 0 0 0 0 0 0 0 0 0 0 0 0 0 0 0 0 0 0 0 0 0 0 0 0 0 0 0 0 0 0 0 0 0 0 0 0 0 0 0 0 0 0 0 0 0 0 0 0 0 0 0 0 0 0 0 0 0 0 0 0 0 0]
[43643631501370052002376304475483316813607820277063833719402277215364989980681646427015742448190303599066412951318528842085495501135476016790243703223872404169430784833115736180201863102440192967105869664389216209686800210363546680681069970270444996582230067117479940098579104315111316763258601138232212883215745689661470796621210591989165696220972024785 0 0 0 0 0 0 0 0 0 0 0 0 0 0 0 0 0 0 0 0 0 0 0 0 0 0 0 0 0 0 0 0 0 0 0 0 0 1 0 0 0 0 0 0 0 0 0 0 0 0 0 0 0 0 0 0 0 0 0 0 0 0 0 0 0 0 0 0 0 0 0 0 0 0 0 0 0 0 0 0 0 0 0 0 0 0 0 0 0 0 0 0 0 0 0 0 0 0 0 0 0 0 0 0 0 0 0 0 0 0 0 0 0 0 0 0 0]
[4547294436607707514866042486567873664891399940875371870193457197578922700672693730946892484628075148434677853175367082514074260612674728657018772338545247439610245539328157389778697324200108066720984666577770317589646746578609575912382673954308794655447838097278102198304291813884875878292707924475345798900184064615627440589446928909902042859991601100252 0 0 0 0 0 0 0 0 0 0 0 0 0 0 0 0 0 0 0 0 0 0 0 0 0 0 0 0 0 0 0 0 0 0 0 0 0 0 1 0 0 0 0 0 0 0 0 0 0 0 0 0 0 0 0 0 0 0 0 0 0 0 0 0 0 0 0 0 0 0 0 0 0 0 0 0 0 0 0 0 0 0 0 0 0 0 0 0 0 0 0 0 0 0 0 0 0 0 0 0 0 0 0 0 0 0 0 0 0 0 0 0 0 0 0 0 0]
[2260074893874868839107676849392669084993591143683270933576672071175504984191962732175970723624774222517445915904157830352740078018850326213089206285938871106683478758412298125237533588689194355729656976118312359193490295322290638743539276258637234218799760458035753683476755118623394609103540633506482522511575188441778483886078898647381521636027617587221 0 0 0 0 0 0 0 0 0 0 0 0 0 0 0 0 0 0 0 0 0 0 0 0 0 0 0 0 0 0 0 0 0 0 0 0 0 0 0 1 0 0 0 0 0 0 0 0 0 0 0 0 0 0 0 0 0 0 0 0 0 0 0 0 0 0 0 0 0 0 0 0 0 0 0 0 0 0 0 0 0 0 0 0 0 0 0 0 0 0 0 0 0 0 0 0 0 0 0 0 0 0 0 0 0 0 0 0 0 0 0 0 0 0 0 0 0]
[6712379405048707585030602173158783564515553688144135806268943804419219792162861650531505324289834489566500008312475957529393349312317475208170787054383731033649493511927135081788033506572203892946306983062514381138354925066252400082167747939175841849779348305841459675661699398418218853219704006924020022255245680830588185530912917358055766769608344547602 0 0 0 0 0 0 0 0 0 0 0 0 0 0 0 0 0 0 0 0 0 0 0 0 0 0 0 0 0 0 0 0 0 0 0 0 0 0 0 0 1 0 0 0 0 0 0 0 0 0 0 0 0 0 0 0 0 0 0 0 0 0 0 0 0 0 0 0 0 0 0 0 0 0 0 0 0 0 0 0 0 0 0 0 0 0 0 0 0 0 0 0 0 0 0 0 0 0 0 0 0 0 0 0 0 0 0 0 0 0 0 0 0 0 0 0 0]
[1583600221783680656778533718306920471210326968234694578923678304614869950617172044573138055922298281686993579282568034887823066092529639479152814804735695667401637771676841353891667760854235765893603198903725761331557895067957702298674859115993445593263129671521644403517374130871904903542486918062176078284387721562585448949602478079454418923970456278122 0 0 0 0 0 0 0 0 0 0 0 0 0 0 0 0 0 0 0 0 0 0 0 0 0 0 0 0 0 0 0 0 0 0 0 0 0 0 0 0 0 1 0 0 0 0 0 0 0 0 0 0 0 0 0 0 0 0 0 0 0 0 0 0 0 0 0 0 0 0 0 0 0 0 0 0 0 0 0 0 0 0 0 0 0 0 0 0 0 0 0 0 0 0 0 0 0 0 0 0 0 0 0 0 0 0 0 0 0 0 0 0 0 0 0 0 0]
[1764655881404469854790759555191021260608157653885613056608142511574518785201010764799358801248991091586533108777572763581661964930099962959941048533062328722980156667180485297751065621900260317243332266593551427690107597159023162946216412311296813692884874797359272570072469667310743032867895942160441663282609169672598508277531119411582627605427290584638 0 0 0 0 0 0 0 0 0 0 0 0 0 0 0 0 0 0 0 0 0 0 0 0 0 0 0 0 0 0 0 0 0 0 0 0 0 0 0 0 0 0 1 0 0 0 0 0 0 0 0 0 0 0 0 0 0 0 0 0 0 0 0 0 0 0 0 0 0 0 0 0 0 0 0 0 0 0 0 0 0 0 0 0 0 0 0 0 0 0 0 0 0 0 0 0 0 0 0 0 0 0 0 0 0 0 0 0 0 0 0 0 0 0 0 0 0]
[8550720717275706921327707004046402645934770469992937993168111612920741597672056259739573111502752638530075434401970660338791120957355438772771196246021447263587489817992571308748479534693134816850825749952161674243124972696745753430007964965386422178822683464341227548180486281095771571708426412987332667363874529901654264205240406407300579838645336850575 0 0 0 0 0 0 0 0 0 0 0 0 0 0 0 0 0 0 0 0 0 0 0 0 0 0 0 0 0 0 0 0 0 0 0 0 0 0 0 0 0 0 0 1 0 0 0 0 0 0 0 0 0 0 0 0 0 0 0 0 0 0 0 0 0 0 0 0 0 0 0 0 0 0 0 0 0 0 0 0 0 0 0 0 0 0 0 0 0 0 0 0 0 0 0 0 0 0 0 0 0 0 0 0 0 0 0 0 0 0 0 0 0 0 0 0 0]
[889345852368341530425053058229228375757589902331129946298471251700573232758622476788476166675806980634085011027214979766732897937021037459542956386157860832632665417062093008217982347305612492922082698192848952200458017364133698359228028811249752240988735442449376814621001133127941900315182190074314435631255530985680451157262959469702437670313466932756 0 0 0 0 0 0 0 0 0 0 0 0 0 0 0 0 0 0 0 0 0 0 0 0 0 0 0 0 0 0 0 0 0 0 0 0 0 0 0 0 0 0 0 0 1 0 0 0 0 0 0 0 0 0 0 0 0 0 0 0 0 0 0 0 0 0 0 0 0 0 0 0 0 0 0 0 0 0 0 0 0 0 0 0 0 0 0 0 0 0 0 0 0 0 0 0 0 0 0 0 0 0 0 0 0 0 0 0 0 0 0 0 0 0 0 0 0]
[5786368507382677055483700095833648916911340774628070208339044675508312946121252078677423417891259820014808342390019084801203336911113688190854682164747738940309887546122142788181037638437757003976819911001440544763294733308723445416121856811185148369718373055580142583507505680746811453380313612891353482398677276772529600961354551239626763910591259344981 0 0 0 0 0 0 0 0 0 0 0 0 0 0 0 0 0 0 0 0 0 0 0 0 0 0 0 0 0 0 0 0 0 0 0 0 0 0 0 0 0 0 0 0 0 1 0 0 0 0 0 0 0 0 0 0 0 0 0 0 0 0 0 0 0 0 0 0 0 0 0 0 0 0 0 0 0 0 0 0 0 0 0 0 0 0 0 0 0 0 0 0 0 0 0 0 0 0 0 0 0 0 0 0 0 0 0 0 0 0 0 0 0 0 0 0 0]
[5565566131690093314652068206881951926375086486708069068351720557582087721649682144724913552752574766363251520640584403711775273488819296779374545736084843907566760358896731079028349436848200825568943443095285658615553742306291940090579326998885346967003980940959004810075830534630075194175070807871074904385374337438071051986347265907819440301736403413406 0 0 0 0 0 0 0 0 0 0 0 0 0 0 0 0 0 0 0 0 0 0 0 0 0 0 0 0 0 0 0 0 0 0 0 0 0 0 0 0 0 0 0 0 0 0 1 0 0 0 0 0 0 0 0 0 0 0 0 0 0 0 0 0 0 0 0 0 0 0 0 0 0 0 0 0 0 0 0 0 0 0 0 0 0 0 0 0 0 0 0 0 0 0 0 0 0 0 0 0 0 0 0 0 0 0 0 0 0 0 0 0 0 0 0 0 0]
[4041650444788536247316251802900454263770331378931974715958888475709038528886562695672914939815194756121700949923470602741533168140825837163706729698481057014438821074162457394151466708686517551613543201662362860817857995097126666351029073390247377371553213549109219149354881537284397044265338798037479462536267466842353837262009217189870316576924977692812 0 0 0 0 0 0 0 0 0 0 0 0 0 0 0 0 0 0 0 0 0 0 0 0 0 0 0 0 0 0 0 0 0 0 0 0 0 0 0 0 0 0 0 0 0 0 0 1 0 0 0 0 0 0 0 0 0 0 0 0 0 0 0 0 0 0 0 0 0 0 0 0 0 0 0 0 0 0 0 0 0 0 0 0 0 0 0 0 0 0 0 0 0 0 0 0 0 0 0 0 0 0 0 0 0 0 0 0 0 0 0 0 0 0 0 0 0]
[2677159878579112168759992844751279141751589006691681998512490327863468979645807646938482939321339417472071628160526243647207863350038872359645682493372658044130101556167476424597635312014143285838741363714073157188688858076289198929314101869293897332320953457299456143563407644769713792048041722294828156883775098533669996756237678789343249581243224520712 0 0 0 0 0 0 0 0 0 0 0 0 0 0 0 0 0 0 0 0 0 0 0 0 0 0 0 0 0 0 0 0 0 0 0 0 0 0 0 0 0 0 0 0 0 0 0 0 1 0 0 0 0 0 0 0 0 0 0 0 0 0 0 0 0 0 0 0 0 0 0 0 0 0 0 0 0 0 0 0 0 0 0 0 0 0 0 0 0 0 0 0 0 0 0 0 0 0 0 0 0 0 0 0 0 0 0 0 0 0 0 0 0 0 0 0 0]
[5018276850666340642363915244094019482544803899975890464975572711392778011056969794355380885317248830092282749559616684650673800413784259100922882245596515989722015441970240159853570609198594278874026102449474226193266826864986009490484476890483496104310397894640892926016887522393404455517948211537531694096050325135865991195998232255937991324452331321423 0 0 0 0 0 0 0 0 0 0 0 0 0 0 0 0 0 0 0 0 0 0 0 0 0 0 0 0 0 0 0 0 0 0 0 0 0 0 0 0 0 0 0 0 0 0 0 0 0 1 0 0 0 0 0 0 0 0 0 0 0 0 0 0 0 0 0 0 0 0 0 0 0 0 0 0 0 0 0 0 0 0 0 0 0 0 0 0 0 0 0 0 0 0 0 0 0 0 0 0 0 0 0 0 0 0 0 0 0 0 0 0 0 0 0 0 0]
[3369058757746540318339387800945650354538711437550145172448593854165048302965730204919585198384430329848153511556051707307264943783408267494304684898316426089643942618993487766067260873360374031625881618670542392994577901952955115358314121723951995586357486060544945034880107049950953219635235531917292076529347795762600850452340915359549165358262997403107 0 0 0 0 0 0 0 0 0 0 0 0 0 0 0 0 0 0 0 0 0 0 0 0 0 0 0 0 0 0 0 0 0 0 0 0 0 0 0 0 0 0 0 0 0 0 0 0 0 0 1 0 0 0 0 0 0 0 0 0 0 0 0 0 0 0 0 0 0 0 0 0 0 0 0 0 0 0 0 0 0 0 0 0 0 0 0 0 0 0 0 0 0 0 0 0 0 0 0 0 0 0 0 0 0 0 0 0 0 0 0 0 0 0 0 0 0]
[6485088539016644725394875129405583498520161468080201846856594361609476481399044093969227773364692934462963400784875457563323246454052583379671001473256707210728099926487716521168759537670915310036143943264415284816886627093241501809108680995094384844896923678352555015784369851740402046059291151728383176345158305892490963838687389354372174919172808001047 0 0 0 0 0 0 0 0 0 0 0 0 0 0 0 0 0 0 0 0 0 0 0 0 0 0 0 0 0 0 0 0 0 0 0 0 0 0 0 0 0 0 0 0 0 0 0 0 0 0 0 1 0 0 0 0 0 0 0 0 0 0 0 0 0 0 0 0 0 0 0 0 0 0 0 0 0 0 0 0 0 0 0 0 0 0 0 0 0 0 0 0 0 0 0 0 0 0 0 0 0 0 0 0 0 0 0 0 0 0 0 0 0 0 0 0 0]
[8482220673362962500445107567039804800877793055275852119514194469080452121129095820326255338685955095237349960455046605561758117199502233249664895019272006187395718596879412618871722636494888408055987778871645740785894039158555998743675805975235629862270579408108192000116095240658542695341232649679133689683702640682782677234727832212336841514844617339931 0 0 0 0 0 0 0 0 0 0 0 0 0 0 0 0 0 0 0 0 0 0 0 0 0 0 0 0 0 0 0 0 0 0 0 0 0 0 0 0 0 0 0 0 0 0 0 0 0 0 0 0 1 0 0 0 0 0 0 0 0 0 0 0 0 0 0 0 0 0 0 0 0 0 0 0 0 0 0 0 0 0 0 0 0 0 0 0 0 0 0 0 0 0 0 0 0 0 0 0 0 0 0 0 0 0 0 0 0 0 0 0 0 0 0 0 0]
[7329821033828069429823709417771863768882811103287186584292729973147219602365598900235303064035372455903047211793605470271282562855562280807432692261279981817891354863846213136314421996604290569275857871713633652725461460261933190508386722387423817464370287993186497978730857521112242092549642514205295404845115295566247486320579289005318416266927347622850 0 0 0 0 0 0 0 0 0 0 0 0 0 0 0 0 0 0 0 0 0 0 0 0 0 0 0 0 0 0 0 0 0 0 0 0 0 0 0 0 0 0 0 0 0 0 0 0 0 0 0 0 0 1 0 0 0 0 0 0 0 0 0 0 0 0 0 0 0 0 0 0 0 0 0 0 0 0 0 0 0 0 0 0 0 0 0 0 0 0 0 0 0 0 0 0 0 0 0 0 0 0 0 0 0 0 0 0 0 0 0 0 0 0 0 0 0]
[2831812722334429395222363961605701109047935944522258403807362174563709908399531133411398251105530590873809490033769647742984285544686634434099555627481151634614689763579119875488214791500830492397748358671488900885836019897632751033105171377149796541018952906107590162239963132634724777475164157654158438801623091672260234072811270269434931253811091495839 0 0 0 0 0 0 0 0 0 0 0 0 0 0 0 0 0 0 0 0 0 0 0 0 0 0 0 0 0 0 0 0 0 0 0 0 0 0 0 0 0 0 0 0 0 0 0 0 0 0 0 0 0 0 1 0 0 0 0 0 0 0 0 0 0 0 0 0 0 0 0 0 0 0 0 0 0 0 0 0 0 0 0 0 0 0 0 0 0 0 0 0 0 0 0 0 0 0 0 0 0 0 0 0 0 0 0 0 0 0 0 0 0 0 0 0 0]
[5545340893514818787139524257146253785029916040186937561487492958532980114396748223799273028965022790020303478071629509927834258825030516189026299476246913529555532447282291217593966920319283033805311870571570270075214193890530702606463981889016477644166443209684898444121652761179693675829146007978339735775226182735828098430032413238614429607906793326144 0 0 0 0 0 0 0 0 0 0 0 0 0 0 0 0 0 0 0 0 0 0 0 0 0 0 0 0 0 0 0 0 0 0 0 0 0 0 0 0 0 0 0 0 0 0 0 0 0 0 0 0 0 0 0 1 0 0 0 0 0 0 0 0 0 0 0 0 0 0 0 0 0 0 0 0 0 0 0 0 0 0 0 0 0 0 0 0 0 0 0 0 0 0 0 0 0 0 0 0 0 0 0 0 0 0 0 0 0 0 0 0 0 0 0 0 0]
[300621227444200419470078984321821430912973977220303842459655894999242928069197363195084218694018386069287935164320742075607260676069103570874593622304026614157902704380881646719305660497283392340667335144035890347766787374930957636060174530830416300136492073099457298225776670661461983796665893999460293050626574108157142381512458548179009448403384427056 0 0 0 0 0 0 0 0 0 0 0 0 0 0 0 0 0 0 0 0 0 0 0 0 0 0 0 0 0 0 0 0 0 0 0 0 0 0 0 0 0 0 0 0 0 0 0 0 0 0 0 0 0 0 0 0 1 0 0 0 0 0 0 0 0 0 0 0 0 0 0 0 0 0 0 0 0 0 0 0 0 0 0 0 0 0 0 0 0 0 0 0 0 0 0 0 0 0 0 0 0 0 0 0 0 0 0 0 0 0 0 0 0 0 0 0 0]
[5011302362015644320965569060218314570414287004572479065901149629540932509407655655357023976054922396883417902276826867084762001000729615220204295737306296402234004066607818787698978618357311654621675027677459935449489428160314941737459352384119461715837091657645017911191253949813049888482062434666962833583893401203594387454364294937524557501732357114612 0 0 0 0 0 0 0 0 0 0 0 0 0 0 0 0 0 0 0 0 0 0 0 0 0 0 0 0 0 0 0 0 0 0 0 0 0 0 0 0 0 0 0 0 0 0 0 0 0 0 0 0 0 0 0 0 0 1 0 0 0 0 0 0 0 0 0 0 0 0 0 0 0 0 0 0 0 0 0 0 0 0 0 0 0 0 0 0 0 0 0 0 0 0 0 0 0 0 0 0 0 0 0 0 0 0 0 0 0 0 0 0 0 0 0 0 0]
[5981894200496308833972355382841049168696626190857970727379213664855800732224172985952039787369141190416628367714145782315321172239055391549395338474347796873401899010944213052534767555214612594424036993648995633785224542996862868768158984184787212320934863418404615433383295976674469910282825845623872150210272234561721217846940976627181683272017470949990 0 0 0 0 0 0 0 0 0 0 0 0 0 0 0 0 0 0 0 0 0 0 0 0 0 0 0 0 0 0 0 0 0 0 0 0 0 0 0 0 0 0 0 0 0 0 0 0 0 0 0 0 0 0 0 0 0 0 1 0 0 0 0 0 0 0 0 0 0 0 0 0 0 0 0 0 0 0 0 0 0 0 0 0 0 0 0 0 0 0 0 0 0 0 0 0 0 0 0 0 0 0 0 0 0 0 0 0 0 0 0 0 0 0 0 0 0]
[7524886576983515343388195296792360248628696903348462325682087420733601902382891822874667444099208442073074915652239720685499166991212904854395678651061750521876539975661975362566424745183884487022286652069226582334569156479189588383118406109767254416114742461048689687418308210702582362316365437364570366404069018145394480630605870669899620116598383381307 0 0 0 0 0 0 0 0 0 0 0 0 0 0 0 0 0 0 0 0 0 0 0 0 0 0 0 0 0 0 0 0 0 0 0 0 0 0 0 0 0 0 0 0 0 0 0 0 0 0 0 0 0 0 0 0 0 0 0 1 0 0 0 0 0 0 0 0 0 0 0 0 0 0 0 0 0 0 0 0 0 0 0 0 0 0 0 0 0 0 0 0 0 0 0 0 0 0 0 0 0 0 0 0 0 0 0 0 0 0 0 0 0 0 0 0 0]
[4385042879327019249866483094226744825719233738148120986931205376777617596425204200079023690019361022892084399917947061484918492358324513818901231522854824992968991239286725857599195701918254861202431239998689725979113412520695091560930283679081625466260307048219381143720692266868878298543386467585843888300484937994032545344827795394096570297713109484905 0 0 0 0 0 0 0 0 0 0 0 0 0 0 0 0 0 0 0 0 0 0 0 0 0 0 0 0 0 0 0 0 0 0 0 0 0 0 0 0 0 0 0 0 0 0 0 0 0 0 0 0 0 0 0 0 0 0 0 0 1 0 0 0 0 0 0 0 0 0 0 0 0 0 0 0 0 0 0 0 0 0 0 0 0 0 0 0 0 0 0 0 0 0 0 0 0 0 0 0 0 0 0 0 0 0 0 0 0 0 0 0 0 0 0 0 0]
[7813291155621211281280355954729983127550417209478353984849768596744511577493261632175860273590546292617353040536668010362939313249776827254565664573293262927751657454721410781192824185053071588716379848652979765701537486880301701856328193168723130362441309292903875468911752579271881785895689155289726602382330389850069620631006550979709110716627483421099 0 0 0 0 0 0 0 0 0 0 0 0 0 0 0 0 0 0 0 0 0 0 0 0 0 0 0 0 0 0 0 0 0 0 0 0 0 0 0 0 0 0 0 0 0 0 0 0 0 0 0 0 0 0 0 0 0 0 0 0 0 1 0 0 0 0 0 0 0 0 0 0 0 0 0 0 0 0 0 0 0 0 0 0 0 0 0 0 0 0 0 0 0 0 0 0 0 0 0 0 0 0 0 0 0 0 0 0 0 0 0 0 0 0 0 0 0]
[3125356174664960459818912923408074985977123683848646110181810966605857342989581002504752013907788361656192605432040243953509501971031669113824817814472323412200556080967666937933175948084462939403212366330878466657535674195253673627136025715149089885076307294933175621062919305888666034519129851604667857298068518271744283557859460823987870328512312539431 0 0 0 0 0 0 0 0 0 0 0 0 0 0 0 0 0 0 0 0 0 0 0 0 0 0 0 0 0 0 0 0 0 0 0 0 0 0 0 0 0 0 0 0 0 0 0 0 0 0 0 0 0 0 0 0 0 0 0 0 0 0 1 0 0 0 0 0 0 0 0 0 0 0 0 0 0 0 0 0 0 0 0 0 0 0 0 0 0 0 0 0 0 0 0 0 0 0 0 0 0 0 0 0 0 0 0 0 0 0 0 0 0 0 0 0 0]
[2592935052656230066628597611718784599160993013720369115086166485431404552968536967804945824247818995896556094227506025600880124744054727675402120648411364473732089013650897112351547841796638839225947480648571488386214285301992674081159380371153038790294733098157514551302178245588027048154002117778965045443154337089690158109238290219058783271943459940003 0 0 0 0 0 0 0 0 0 0 0 0 0 0 0 0 0 0 0 0 0 0 0 0 0 0 0 0 0 0 0 0 0 0 0 0 0 0 0 0 0 0 0 0 0 0 0 0 0 0 0 0 0 0 0 0 0 0 0 0 0 0 0 1 0 0 0 0 0 0 0 0 0 0 0 0 0 0 0 0 0 0 0 0 0 0 0 0 0 0 0 0 0 0 0 0 0 0 0 0 0 0 0 0 0 0 0 0 0 0 0 0 0 0 0 0 0]
[5677039132016365063519025166953583096212526631462851181485785847350449458166657919124405111239368649175575768768410838886327263307760409490382141960240221165202132629760584904280619561920918287945416927799475940535991226804518308729826391993757318787998968672653550043422638076961948180596810216242628873358353238722929200195039335026313464627248679051428 0 0 0 0 0 0 0 0 0 0 0 0 0 0 0 0 0 0 0 0 0 0 0 0 0 0 0 0 0 0 0 0 0 0 0 0 0 0 0 0 0 0 0 0 0 0 0 0 0 0 0 0 0 0 0 0 0 0 0 0 0 0 0 0 1 0 0 0 0 0 0 0 0 0 0 0 0 0 0 0 0 0 0 0 0 0 0 0 0 0 0 0 0 0 0 0 0 0 0 0 0 0 0 0 0 0 0 0 0 0 0 0 0 0 0 0 0]
[4725097683667558996484980595109519541935494254946263454180101897029517955360195648274640855444306310950323761101006715272085752525385251349159810039475189987252889180000618388343248821270516589918607380480145566774157632779680495087036231455523900473223299748554656987950001311791652146145085425474351445673159532758152453628901482188087863200236123500399 0 0 0 0 0 0 0 0 0 0 0 0 0 0 0 0 0 0 0 0 0 0 0 0 0 0 0 0 0 0 0 0 0 0 0 0 0 0 0 0 0 0 0 0 0 0 0 0 0 0 0 0 0 0 0 0 0 0 0 0 0 0 0 0 0 1 0 0 0 0 0 0 0 0 0 0 0 0 0 0 0 0 0 0 0 0 0 0 0 0 0 0 0 0 0 0 0 0 0 0 0 0 0 0 0 0 0 0 0 0 0 0 0 0 0 0 0]
[3599091801375063224421153418113665368188445595561804350445216776144806434550144303124465462190854511391728102277944019483315794002093275027283818504434673583682352246845515262095759232716777293414841777088866573016433678913085015012602846216811226384162587992957327114219792610252300740419844952424000239912794541745186970886140674585099333755889356883945 0 0 0 0 0 0 0 0 0 0 0 0 0 0 0 0 0 0 0 0 0 0 0 0 0 0 0 0 0 0 0 0 0 0 0 0 0 0 0 0 0 0 0 0 0 0 0 0 0 0 0 0 0 0 0 0 0 0 0 0 0 0 0 0 0 0 1 0 0 0 0 0 0 0 0 0 0 0 0 0 0 0 0 0 0 0 0 0 0 0 0 0 0 0 0 0 0 0 0 0 0 0 0 0 0 0 0 0 0 0 0 0 0 0 0 0 0]
[2577329561708967629258645757897765420048590505373075358878340215188486293872420650886317058874867338587926901760257960198717385703731449490718638431042926889611114134909913428388548011426208555187723340857891312573634414285248010748158027342324508273547123231132996705208640411544213065687327621566341728138580585727810764558273708681387381817318182515353 0 0 0 0 0 0 0 0 0 0 0 0 0 0 0 0 0 0 0 0 0 0 0 0 0 0 0 0 0 0 0 0 0 0 0 0 0 0 0 0 0 0 0 0 0 0 0 0 0 0 0 0 0 0 0 0 0 0 0 0 0 0 0 0 0 0 0 1 0 0 0 0 0 0 0 0 0 0 0 0 0 0 0 0 0 0 0 0 0 0 0 0 0 0 0 0 0 0 0 0 0 0 0 0 0 0 0 0 0 0 0 0 0 0 0 0 0]
[7552549386626709043169542469253162544309410958722364669471274996440521622604446026926570319610251877027151114900720410928627579396868232279099832887295787019814181097312017818732051480028369063677431308790827944468051980109789917160408861792547280835069511738702148770691414360745449896233005043809352557809304096770796968281606162961622657157731197970511 0 0 0 0 0 0 0 0 0 0 0 0 0 0 0 0 0 0 0 0 0 0 0 0 0 0 0 0 0 0 0 0 0 0 0 0 0 0 0 0 0 0 0 0 0 0 0 0 0 0 0 0 0 0 0 0 0 0 0 0 0 0 0 0 0 0 0 0 1 0 0 0 0 0 0 0 0 0 0 0 0 0 0 0 0 0 0 0 0 0 0 0 0 0 0 0 0 0 0 0 0 0 0 0 0 0 0 0 0 0 0 0 0 0 0 0 0]
[4964778267822962222629831431386420751923469150518509577369643626781436797194714187724509023932454963080857423083734114825888337992824160977165671258865333716935076465371569746663899799335424549530912401565006579956345915731243325041265183788537149734717839119377507908729108181941482583073804104901847078266127169761559008905676141375270320148611761229236 0 0 0 0 0 0 0 0 0 0 0 0 0 0 0 0 0 0 0 0 0 0 0 0 0 0 0 0 0 0 0 0 0 0 0 0 0 0 0 0 0 0 0 0 0 0 0 0 0 0 0 0 0 0 0 0 0 0 0 0 0 0 0 0 0 0 0 0 0 1 0 0 0 0 0 0 0 0 0 0 0 0 0 0 0 0 0 0 0 0 0 0 0 0 0 0 0 0 0 0 0 0 0 0 0 0 0 0 0 0 0 0 0 0 0 0 0]
[5478868095852678942576910377473213866114456897698210223830202751934130804581316279362729608387542437768103883477185719422285720018285169658712516577284613179525207927735180573487399083270314072925848819774105349104909315993208566787196803365979926554919929846280410915110006621277883195739575267542927673537431024096669657964238731121482515296242074964773 0 0 0 0 0 0 0 0 0 0 0 0 0 0 0 0 0 0 0 0 0 0 0 0 0 0 0 0 0 0 0 0 0 0 0 0 0 0 0 0 0 0 0 0 0 0 0 0 0 0 0 0 0 0 0 0 0 0 0 0 0 0 0 0 0 0 0 0 0 0 1 0 0 0 0 0 0 0 0 0 0 0 0 0 0 0 0 0 0 0 0 0 0 0 0 0 0 0 0 0 0 0 0 0 0 0 0 0 0 0 0 0 0 0 0 0 0]
[7828889922237116019621490763549204792473560909664415643315430349855295125114346268588723882898060176200775110792348982262354425959685418919732824568034105305576750045333885102295317095380220792205618693607937081578876766694353923299299030267773971368877334632762293954667080902504399002599580764654627810531195100657344094829451238901197413332327423577621 0 0 0 0 0 0 0 0 0 0 0 0 0 0 0 0 0 0 0 0 0 0 0 0 0 0 0 0 0 0 0 0 0 0 0 0 0 0 0 0 0 0 0 0 0 0 0 0 0 0 0 0 0 0 0 0 0 0 0 0 0 0 0 0 0 0 0 0 0 0 0 1 0 0 0 0 0 0 0 0 0 0 0 0 0 0 0 0 0 0 0 0 0 0 0 0 0 0 0 0 0 0 0 0 0 0 0 0 0 0 0 0 0 0 0 0 0]
[31605314102705873846024574012624149154281101834092911397136379525103316841952253452821519787998122231283874752381239759615453109200379869249627691023085032507756513716010223159441575489739069421558231364635298254010238537900657881175255793783955151361565046420966347392726893357146984090153926044851726596954242146441119712455141582945309943371038694197 0 0 0 0 0 0 0 0 0 0 0 0 0 0 0 0 0 0 0 0 0 0 0 0 0 0 0 0 0 0 0 0 0 0 0 0 0 0 0 0 0 0 0 0 0 0 0 0 0 0 0 0 0 0 0 0 0 0 0 0 0 0 0 0 0 0 0 0 0 0 0 0 1 0 0 0 0 0 0 0 0 0 0 0 0 0 0 0 0 0 0 0 0 0 0 0 0 0 0 0 0 0 0 0 0 0 0 0 0 0 0 0 0 0 0 0 0]
[98538160344221784721584188196054519460367966428067553991004668573830328964716008696361553351093602266578156058601893165387975432450746157861192604163521061261649736020601770685078138680220548236606652040326429536407081754667766596342082838961129861805259715781668149294400156118992975685116976771948448192670373576610402374453495323635600118887596871305 0 0 0 0 0 0 0 0 0 0 0 0 0 0 0 0 0 0 0 0 0 0 0 0 0 0 0 0 0 0 0 0 0 0 0 0 0 0 0 0 0 0 0 0 0 0 0 0 0 0 0 0 0 0 0 0 0 0 0 0 0 0 0 0 0 0 0 0 0 0 0 0 0 1 0 0 0 0 0 0 0 0 0 0 0 0 0 0 0 0 0 0 0 0 0 0 0 0 0 0 0 0 0 0 0 0 0 0 0 0 0 0 0 0 0 0 0]
[1211467072142624596460364253702848325596004047014784791978265523603944165675980289891653972970282258283855679068143059380575260726174397407803194732112918948355252115597168817707876326125512506807937224525252807136624951683867860865070771578197877427050066730626510100765231957778298647344880870505949857217679743583018556573561946166793462359386237109695 0 0 0 0 0 0 0 0 0 0 0 0 0 0 0 0 0 0 0 0 0 0 0 0 0 0 0 0 0 0 0 0 0 0 0 0 0 0 0 0 0 0 0 0 0 0 0 0 0 0 0 0 0 0 0 0 0 0 0 0 0 0 0 0 0 0 0 0 0 0 0 0 0 0 1 0 0 0 0 0 0 0 0 0 0 0 0 0 0 0 0 0 0 0 0 0 0 0 0 0 0 0 0 0 0 0 0 0 0 0 0 0 0 0 0 0 0]
[7148289306589117906774546974659057372358012997379929823719227710241862695137760764374660601567461698526704778622665533006267049853930386509967615577381623245718050623113172799294828407966465316234495267835639796711120755413434998390754839144223598799258178430719502232523630267791243270083421735892333552610761665710080937981203668520097618460393602636011 0 0 0 0 0 0 0 0 0 0 0 0 0 0 0 0 0 0 0 0 0 0 0 0 0 0 0 0 0 0 0 0 0 0 0 0 0 0 0 0 0 0 0 0 0 0 0 0 0 0 0 0 0 0 0 0 0 0 0 0 0 0 0 0 0 0 0 0 0 0 0 0 0 0 0 1 0 0 0 0 0 0 0 0 0 0 0 0 0 0 0 0 0 0 0 0 0 0 0 0 0 0 0 0 0 0 0 0 0 0 0 0 0 0 0 0 0]
[3158405708136288049163301846675283296048040818882541089748903165210156240695088570470426538235164612337886976517505395781731486196904827540243407378774944816240849018936983634034037366909920007092778245718737295814263731804952693559518218757860087641029542228436428401905653585404123859291852755341838008131325188842382024969474364846371747112163899792372 0 0 0 0 0 0 0 0 0 0 0 0 0 0 0 0 0 0 0 0 0 0 0 0 0 0 0 0 0 0 0 0 0 0 0 0 0 0 0 0 0 0 0 0 0 0 0 0 0 0 0 0 0 0 0 0 0 0 0 0 0 0 0 0 0 0 0 0 0 0 0 0 0 0 0 0 1 0 0 0 0 0 0 0 0 0 0 0 0 0 0 0 0 0 0 0 0 0 0 0 0 0 0 0 0 0 0 0 0 0 0 0 0 0 0 0 0]
[8462155625232648611699827422263950699473484870542100314278267370657986092304208788230969709546347142433901356012827027912986308051697048201027978763130594972400228949059205950066495118883020809250393272501214517174221311643009847585667902668395614721964970398750749603573419890365988413380536576123749607627820654910529177197519797489025560486963539959708 0 0 0 0 0 0 0 0 0 0 0 0 0 0 0 0 0 0 0 0 0 0 0 0 0 0 0 0 0 0 0 0 0 0 0 0 0 0 0 0 0 0 0 0 0 0 0 0 0 0 0 0 0 0 0 0 0 0 0 0 0 0 0 0 0 0 0 0 0 0 0 0 0 0 0 0 0 1 0 0 0 0 0 0 0 0 0 0 0 0 0 0 0 0 0 0 0 0 0 0 0 0 0 0 0 0 0 0 0 0 0 0 0 0 0 0 0]
[8255745329617979406318722736758419996564947074773332259036565271023790021082027056779145200726095918590941484613840182271615329825060736770551132505068388546320849505260669192575346214400284506748327503516100232063098097377415603132813511119573536455120880307788668044832193530187383295623305460676796746420276238204512088508499423299223567902282354703434 0 0 0 0 0 0 0 0 0 0 0 0 0 0 0 0 0 0 0 0 0 0 0 0 0 0 0 0 0 0 0 0 0 0 0 0 0 0 0 0 0 0 0 0 0 0 0 0 0 0 0 0 0 0 0 0 0 0 0 0 0 0 0 0 0 0 0 0 0 0 0 0 0 0 0 0 0 0 1 0 0 0 0 0 0 0 0 0 0 0 0 0 0 0 0 0 0 0 0 0 0 0 0 0 0 0 0 0 0 0 0 0 0 0 0 0 0]
[753006505123068471501107162509134433998407870079923642695327832637702381923376049424387330446394908216733157627872445390590350190271006116933660340791956653451707277977326282630977860246492053568956148362441576129955021294321401110682035732354971483366582103932291178994128060998215317762407029274903935781860154049351808625737449141041002598760466244901 0 0 0 0 0 0 0 0 0 0 0 0 0 0 0 0 0 0 0 0 0 0 0 0 0 0 0 0 0 0 0 0 0 0 0 0 0 0 0 0 0 0 0 0 0 0 0 0 0 0 0 0 0 0 0 0 0 0 0 0 0 0 0 0 0 0 0 0 0 0 0 0 0 0 0 0 0 0 0 1 0 0 0 0 0 0 0 0 0 0 0 0 0 0 0 0 0 0 0 0 0 0 0 0 0 0 0 0 0 0 0 0 0 0 0 0 0]
[2103806329260902977670440255307899769036817034706227375644790529221077578810321962194126058142997314077064510508787754990389925368212676106088606036620879131206313982226117700839744024502107814370627757092618154838713984275538334322298180482373765260217353661424477662701622335138815334921590922202038076195872159965732677368651188159632130629100255097440 0 0 0 0 0 0 0 0 0 0 0 0 0 0 0 0 0 0 0 0 0 0 0 0 0 0 0 0 0 0 0 0 0 0 0 0 0 0 0 0 0 0 0 0 0 0 0 0 0 0 0 0 0 0 0 0 0 0 0 0 0 0 0 0 0 0 0 0 0 0 0 0 0 0 0 0 0 0 0 0 1 0 0 0 0 0 0 0 0 0 0 0 0 0 0 0 0 0 0 0 0 0 0 0 0 0 0 0 0 0 0 0 0 0 0 0 0]
[802934726204590569401638115613887310782855212284102124048453454961071885608556365309014386557684343631680876232940782207074330192414413101025897246446361853655022982542553496662648367222513189512972443799235453388318668460228188150795386868012663765208746142837126218826215517679288668826887172908860335958323039364370619065501016394013840324530692781146 0 0 0 0 0 0 0 0 0 0 0 0 0 0 0 0 0 0 0 0 0 0 0 0 0 0 0 0 0 0 0 0 0 0 0 0 0 0 0 0 0 0 0 0 0 0 0 0 0 0 0 0 0 0 0 0 0 0 0 0 0 0 0 0 0 0 0 0 0 0 0 0 0 0 0 0 0 0 0 0 0 1 0 0 0 0 0 0 0 0 0 0 0 0 0 0 0 0 0 0 0 0 0 0 0 0 0 0 0 0 0 0 0 0 0 0 0]
[2013869907733684948007149660112418851965530852855056067829990943847441733206919482592335993967339218371831690554038437321969613815669601639953225717013827046736425868397181435000251901702168731162357751668494980454772143177716649513488254750829366969171980998766711220783010682671682144437549611172601719977939597760055647804610932299938849670298736395872 0 0 0 0 0 0 0 0 0 0 0 0 0 0 0 0 0 0 0 0 0 0 0 0 0 0 0 0 0 0 0 0 0 0 0 0 0 0 0 0 0 0 0 0 0 0 0 0 0 0 0 0 0 0 0 0 0 0 0 0 0 0 0 0 0 0 0 0 0 0 0 0 0 0 0 0 0 0 0 0 0 0 1 0 0 0 0 0 0 0 0 0 0 0 0 0 0 0 0 0 0 0 0 0 0 0 0 0 0 0 0 0 0 0 0 0 0]
[4173065350272761963054735207075875918845602605123562449335370294795926543641746278878476366553941375576066734187160783751404117952196678405426522760261164258491190650061596646926026833723607500613327862607133610093086244262084616921116864553316585567856898265970241965871083105854739366107702932396874811288245351206581674916550176246448341739852460580358 0 0 0 0 0 0 0 0 0 0 0 0 0 0 0 0 0 0 0 0 0 0 0 0 0 0 0 0 0 0 0 0 0 0 0 0 0 0 0 0 0 0 0 0 0 0 0 0 0 0 0 0 0 0 0 0 0 0 0 0 0 0 0 0 0 0 0 0 0 0 0 0 0 0 0 0 0 0 0 0 0 0 0 1 0 0 0 0 0 0 0 0 0 0 0 0 0 0 0 0 0 0 0 0 0 0 0 0 0 0 0 0 0 0 0 0 0]
[5108208858999767271588727945927338471592310780332432945379744523565164364017517174387626649469752367842655080022570301708863071828146031579433480705956629399514061153279190645270978076855297820461900463766791650766276682817693055234950648554853543336311517621724231541765525729186764955780699953402799341917974838612630232838620391691008005080556556741480 0 0 0 0 0 0 0 0 0 0 0 0 0 0 0 0 0 0 0 0 0 0 0 0 0 0 0 0 0 0 0 0 0 0 0 0 0 0 0 0 0 0 0 0 0 0 0 0 0 0 0 0 0 0 0 0 0 0 0 0 0 0 0 0 0 0 0 0 0 0 0 0 0 0 0 0 0 0 0 0 0 0 0 0 1 0 0 0 0 0 0 0 0 0 0 0 0 0 0 0 0 0 0 0 0 0 0 0 0 0 0 0 0 0 0 0 0]
[4645861273925564880757333935329197960830385274906825929475570197134572147373255288799311657860722450913890890955518988834576412732134543011299726692644289709807705731357304704968775666172991870466742370569220097294587580423678419744273303491032248126305665922485515169577856299271203251894956216851297753504054775982088648742280615655725233833669179648105 0 0 0 0 0 0 0 0 0 0 0 0 0 0 0 0 0 0 0 0 0 0 0 0 0 0 0 0 0 0 0 0 0 0 0 0 0 0 0 0 0 0 0 0 0 0 0 0 0 0 0 0 0 0 0 0 0 0 0 0 0 0 0 0 0 0 0 0 0 0 0 0 0 0 0 0 0 0 0 0 0 0 0 0 0 1 0 0 0 0 0 0 0 0 0 0 0 0 0 0 0 0 0 0 0 0 0 0 0 0 0 0 0 0 0 0 0]
[868337369642281191872482588358037626147862955496871157831193085619943908686159091507279406961592704681164340180061699514214304728362120441962615834339342926113581378861246367668816427071068840962337310872951756306306071298059065922519432962140033878621674200844075715366304914632904215686037953571904964469309328693759307478063977311800585481801071341728 0 0 0 0 0 0 0 0 0 0 0 0 0 0 0 0 0 0 0 0 0 0 0 0 0 0 0 0 0 0 0 0 0 0 0 0 0 0 0 0 0 0 0 0 0 0 0 0 0 0 0 0 0 0 0 0 0 0 0 0 0 0 0 0 0 0 0 0 0 0 0 0 0 0 0 0 0 0 0 0 0 0 0 0 0 0 1 0 0 0 0 0 0 0 0 0 0 0 0 0 0 0 0 0 0 0 0 0 0 0 0 0 0 0 0 0 0]
[2093096162753968588207940049466010999512216433070522598098608639202799586404168538991120888088259765731310217907013507692341783424839111110264065951357447951699456741840041981113685468082444326412116238908130595175512222332080753968312185266914100838313794574630486849550058934536738551625473328732161453617869849166074198296893292883276756649006142063578 0 0 0 0 0 0 0 0 0 0 0 0 0 0 0 0 0 0 0 0 0 0 0 0 0 0 0 0 0 0 0 0 0 0 0 0 0 0 0 0 0 0 0 0 0 0 0 0 0 0 0 0 0 0 0 0 0 0 0 0 0 0 0 0 0 0 0 0 0 0 0 0 0 0 0 0 0 0 0 0 0 0 0 0 0 0 0 1 0 0 0 0 0 0 0 0 0 0 0 0 0 0 0 0 0 0 0 0 0 0 0 0 0 0 0 0 0]
[2440392834985795605891725065572802393507864470678572286246138204267678209792652820519388426588237094443787181974401512209749655926811502017253110231010605899929397697943168071154832364669998821893490536396459821941059553361838757920957433868917813544115447787023579248113509516645333820492771025374854149533654492683869070569188827307660518352655039489925 0 0 0 0 0 0 0 0 0 0 0 0 0 0 0 0 0 0 0 0 0 0 0 0 0 0 0 0 0 0 0 0 0 0 0 0 0 0 0 0 0 0 0 0 0 0 0 0 0 0 0 0 0 0 0 0 0 0 0 0 0 0 0 0 0 0 0 0 0 0 0 0 0 0 0 0 0 0 0 0 0 0 0 0 0 0 0 0 1 0 0 0 0 0 0 0 0 0 0 0 0 0 0 0 0 0 0 0 0 0 0 0 0 0 0 0 0]
[5155169770848769792182033624057195604490153546211875646405606721831497944557260535487828015971587267577737531418249982330685941126390489493672469139623449699147713135655338391683542957913464952190516314896754437614592135321367923813133414413140218295044792931627289417349012370924353638600766294570158550180237379980279587701076971736238557801722118151011 0 0 0 0 0 0 0 0 0 0 0 0 0 0 0 0 0 0 0 0 0 0 0 0 0 0 0 0 0 0 0 0 0 0 0 0 0 0 0 0 0 0 0 0 0 0 0 0 0 0 0 0 0 0 0 0 0 0 0 0 0 0 0 0 0 0 0 0 0 0 0 0 0 0 0 0 0 0 0 0 0 0 0 0 0 0 0 0 0 1 0 0 0 0 0 0 0 0 0 0 0 0 0 0 0 0 0 0 0 0 0 0 0 0 0 0 0]
[6854363884566809098687466636702514474899820861382799828912375455736973143477076293423694704720255950217586520031124760332659950992548275258878133613218284902806968635676906960294534814646118690323168658748666955927384809123991252635986983128853068717022131685569613031946526392608224154577349480652890253728333646952426325188197159900497703881660501455322 0 0 0 0 0 0 0 0 0 0 0 0 0 0 0 0 0 0 0 0 0 0 0 0 0 0 0 0 0 0 0 0 0 0 0 0 0 0 0 0 0 0 0 0 0 0 0 0 0 0 0 0 0 0 0 0 0 0 0 0 0 0 0 0 0 0 0 0 0 0 0 0 0 0 0 0 0 0 0 0 0 0 0 0 0 0 0 0 0 0 1 0 0 0 0 0 0 0 0 0 0 0 0 0 0 0 0 0 0 0 0 0 0 0 0 0 0]
[5838032027334216463030409832492959609613748646812316674310757140719469019833143956495751466735098988233927078034604408072967761906993707093880552609488840351320113908958182575265556236837741409751403568263828331419490609396313168383917403412672495295331879555956753217253901542424183779304724384730380499048284338496559867900201341254881510390238278819021 0 0 0 0 0 0 0 0 0 0 0 0 0 0 0 0 0 0 0 0 0 0 0 0 0 0 0 0 0 0 0 0 0 0 0 0 0 0 0 0 0 0 0 0 0 0 0 0 0 0 0 0 0 0 0 0 0 0 0 0 0 0 0 0 0 0 0 0 0 0 0 0 0 0 0 0 0 0 0 0 0 0 0 0 0 0 0 0 0 0 0 1 0 0 0 0 0 0 0 0 0 0 0 0 0 0 0 0 0 0 0 0 0 0 0 0 0]
[431548404861608990973637602052554553475385887844812017153553312561233892986054786292870350005322726627345948499542398222251697868085406132491699520319055550610119098707657097888584678754606873575505553513269947461487089472058693251151613960852227573306220649969378053133603977736093567613401690685169151832545289042876770473544990720303293693325100580703 0 0 0 0 0 0 0 0 0 0 0 0 0 0 0 0 0 0 0 0 0 0 0 0 0 0 0 0 0 0 0 0 0 0 0 0 0 0 0 0 0 0 0 0 0 0 0 0 0 0 0 0 0 0 0 0 0 0 0 0 0 0 0 0 0 0 0 0 0 0 0 0 0 0 0 0 0 0 0 0 0 0 0 0 0 0 0 0 0 0 0 0 1 0 0 0 0 0 0 0 0 0 0 0 0 0 0 0 0 0 0 0 0 0 0 0 0]
[2905759404173228288323042776316804038087252286322877801350395265066615467197364452747870283656555830145497278890704005263427677949322621274974211694229019408431910512889269340721615059939955658065482209551678550497055647124180441569238973128814484131753882934461830395509923038797052039949335081916794740549291568920396963693073680717831464758796490704529 0 0 0 0 0 0 0 0 0 0 0 0 0 0 0 0 0 0 0 0 0 0 0 0 0 0 0 0 0 0 0 0 0 0 0 0 0 0 0 0 0 0 0 0 0 0 0 0 0 0 0 0 0 0 0 0 0 0 0 0 0 0 0 0 0 0 0 0 0 0 0 0 0 0 0 0 0 0 0 0 0 0 0 0 0 0 0 0 0 0 0 0 0 1 0 0 0 0 0 0 0 0 0 0 0 0 0 0 0 0 0 0 0 0 0 0 0]
[7416891656790722500925542479359678871702019658217855838538927543244367027671409959897265570150745943153168694491682768899597464263395436766570181837546608407967082892583906630356093838763196935165324898676813124883913422831981363983491127588919151588809498268169661162666463606158652326116644395437196662694196937868024125352135963993404683443427205990743 0 0 0 0 0 0 0 0 0 0 0 0 0 0 0 0 0 0 0 0 0 0 0 0 0 0 0 0 0 0 0 0 0 0 0 0 0 0 0 0 0 0 0 0 0 0 0 0 0 0 0 0 0 0 0 0 0 0 0 0 0 0 0 0 0 0 0 0 0 0 0 0 0 0 0 0 0 0 0 0 0 0 0 0 0 0 0 0 0 0 0 0 0 0 1 0 0 0 0 0 0 0 0 0 0 0 0 0 0 0 0 0 0 0 0 0 0]
[2044433916956859535625753669720884406664028294105214062431941793773272217548533291766182703259168370867517443354353536208749188933658148988042705195818058855469016343873947864074256839751834541606634874840608455576150512190133177234024682203355926881077332735835323890778672437735789987518153224507095134349039704030650755194498367976553185393997732772960 0 0 0 0 0 0 0 0 0 0 0 0 0 0 0 0 0 0 0 0 0 0 0 0 0 0 0 0 0 0 0 0 0 0 0 0 0 0 0 0 0 0 0 0 0 0 0 0 0 0 0 0 0 0 0 0 0 0 0 0 0 0 0 0 0 0 0 0 0 0 0 0 0 0 0 0 0 0 0 0 0 0 0 0 0 0 0 0 0 0 0 0 0 0 0 1 0 0 0 0 0 0 0 0 0 0 0 0 0 0 0 0 0 0 0 0 0]
[8327138048008694915594483683952705657946546256522559136394956640396750095152054152770212866205919080796375765606913279257694105612980024341262195231088422431325559789159241043834574239248235721543075663455384375538369088899754484344498062495933974746357206327843559738847560607488468554342560717713831366511824364021431221405413181561998520798254529355776 0 0 0 0 0 0 0 0 0 0 0 0 0 0 0 0 0 0 0 0 0 0 0 0 0 0 0 0 0 0 0 0 0 0 0 0 0 0 0 0 0 0 0 0 0 0 0 0 0 0 0 0 0 0 0 0 0 0 0 0 0 0 0 0 0 0 0 0 0 0 0 0 0 0 0 0 0 0 0 0 0 0 0 0 0 0 0 0 0 0 0 0 0 0 0 0 1 0 0 0 0 0 0 0 0 0 0 0 0 0 0 0 0 0 0 0 0]
[433268166266052505671305178263388304833736231974494522937274253106894165925217986519440312559959546090967082938926300647558180035773564902821301508559999796797841457975666245015114489380877276780046876028267031201543869311823900624428822362649587528484623992780523650933321995864626198155257512586555285689290668938878572344337327678162430157584646158100 0 0 0 0 0 0 0 0 0 0 0 0 0 0 0 0 0 0 0 0 0 0 0 0 0 0 0 0 0 0 0 0 0 0 0 0 0 0 0 0 0 0 0 0 0 0 0 0 0 0 0 0 0 0 0 0 0 0 0 0 0 0 0 0 0 0 0 0 0 0 0 0 0 0 0 0 0 0 0 0 0 0 0 0 0 0 0 0 0 0 0 0 0 0 0 0 0 1 0 0 0 0 0 0 0 0 0 0 0 0 0 0 0 0 0 0 0]
[2762304450191189140812265113393036133871533602539290844682820563316747340663211976812678125207984624095758771823666629596447609799435442182792494417559205404642654456841883386887446585489848637614311359161557940064044473263617853332194011633102036096339553599053952174418712362101457556738787014702346206127032744712417958086325172825825468988530596206135 0 0 0 0 0 0 0 0 0 0 0 0 0 0 0 0 0 0 0 0 0 0 0 0 0 0 0 0 0 0 0 0 0 0 0 0 0 0 0 0 0 0 0 0 0 0 0 0 0 0 0 0 0 0 0 0 0 0 0 0 0 0 0 0 0 0 0 0 0 0 0 0 0 0 0 0 0 0 0 0 0 0 0 0 0 0 0 0 0 0 0 0 0 0 0 0 0 0 1 0 0 0 0 0 0 0 0 0 0 0 0 0 0 0 0 0 0]
[5589748753068993478123897866638377741122136134969546570833069093148430922118278179933217561585543042097470034874218444702388443302155417381377856266992117799242952316141739161479935617231356415490426990566119018673049648573553912041100784347641804197855433494102004161259079536477267705666547590949956088757493567413514736279608747526857681046149678294391 0 0 0 0 0 0 0 0 0 0 0 0 0 0 0 0 0 0 0 0 0 0 0 0 0 0 0 0 0 0 0 0 0 0 0 0 0 0 0 0 0 0 0 0 0 0 0 0 0 0 0 0 0 0 0 0 0 0 0 0 0 0 0 0 0 0 0 0 0 0 0 0 0 0 0 0 0 0 0 0 0 0 0 0 0 0 0 0 0 0 0 0 0 0 0 0 0 0 0 1 0 0 0 0 0 0 0 0 0 0 0 0 0 0 0 0 0]
[7027788868850624154209925067065589927646745697913001333465517480745941740576015374744959007998443041470544439227717433993934646010533702930774079282615187237331295658071222611541577230288265955687899292302680643473271887175943743252824160317453992065756418083157011639086903939663185461667544657092305687088876831447007493288633050526558464428062015932678 0 0 0 0 0 0 0 0 0 0 0 0 0 0 0 0 0 0 0 0 0 0 0 0 0 0 0 0 0 0 0 0 0 0 0 0 0 0 0 0 0 0 0 0 0 0 0 0 0 0 0 0 0 0 0 0 0 0 0 0 0 0 0 0 0 0 0 0 0 0 0 0 0 0 0 0 0 0 0 0 0 0 0 0 0 0 0 0 0 0 0 0 0 0 0 0 0 0 0 0 1 0 0 0 0 0 0 0 0 0 0 0 0 0 0 0 0]
[3304315888554889681092637465979677414860927174478518757123148577107523263175902698652596453884063712047025463172376714811400323855316441543752087341478417296799576927648410970285137402300476730146100782664095528083494141138186588627998085205387193923512750344976795993907069154687473800101209826376576454477654368458978314748954331837583093297334503007281 0 0 0 0 0 0 0 0 0 0 0 0 0 0 0 0 0 0 0 0 0 0 0 0 0 0 0 0 0 0 0 0 0 0 0 0 0 0 0 0 0 0 0 0 0 0 0 0 0 0 0 0 0 0 0 0 0 0 0 0 0 0 0 0 0 0 0 0 0 0 0 0 0 0 0 0 0 0 0 0 0 0 0 0 0 0 0 0 0 0 0 0 0 0 0 0 0 0 0 0 0 1 0 0 0 0 0 0 0 0 0 0 0 0 0 0 0]
[7128498627012074647405092774970898324205811278645036029973265745110601527306120366318110611826447795204940962009596323342400790400999952328122523977936528161032546832886108348627077189902981225709673885787974816486356354306724938305937933466057125207507499122726537362184157380420917091732963620464447202765893388855789139757938227631612222849227994698075 0 0 0 0 0 0 0 0 0 0 0 0 0 0 0 0 0 0 0 0 0 0 0 0 0 0 0 0 0 0 0 0 0 0 0 0 0 0 0 0 0 0 0 0 0 0 0 0 0 0 0 0 0 0 0 0 0 0 0 0 0 0 0 0 0 0 0 0 0 0 0 0 0 0 0 0 0 0 0 0 0 0 0 0 0 0 0 0 0 0 0 0 0 0 0 0 0 0 0 0 0 0 1 0 0 0 0 0 0 0 0 0 0 0 0 0 0]
[3730257469538846938410992981810184055767479996629518239588202113742998543947735845099960723462469341711894419463703983446127313457786746082836769640884062104722826463083375346155331560197538859687789671512057462646961136146262538935118360500547242463949617463815160186554125429258074375301541630402789116418689474401832018879336224868980367270726986772160 0 0 0 0 0 0 0 0 0 0 0 0 0 0 0 0 0 0 0 0 0 0 0 0 0 0 0 0 0 0 0 0 0 0 0 0 0 0 0 0 0 0 0 0 0 0 0 0 0 0 0 0 0 0 0 0 0 0 0 0 0 0 0 0 0 0 0 0 0 0 0 0 0 0 0 0 0 0 0 0 0 0 0 0 0 0 0 0 0 0 0 0 0 0 0 0 0 0 0 0 0 0 0 1 0 0 0 0 0 0 0 0 0 0 0 0 0]
[7752092927924292227785292815074814088427329153837333235108915140027450400173576281134124540512896819874405140185694305055684632519314767565569486148995247397474439529546212574170999863701925383805179483303980987707726057975338676753287117136301107521499972401207166962701713600715646820042156429077740308618544949762923193800889785071850254806186323078844 0 0 0 0 0 0 0 0 0 0 0 0 0 0 0 0 0 0 0 0 0 0 0 0 0 0 0 0 0 0 0 0 0 0 0 0 0 0 0 0 0 0 0 0 0 0 0 0 0 0 0 0 0 0 0 0 0 0 0 0 0 0 0 0 0 0 0 0 0 0 0 0 0 0 0 0 0 0 0 0 0 0 0 0 0 0 0 0 0 0 0 0 0 0 0 0 0 0 0 0 0 0 0 0 1 0 0 0 0 0 0 0 0 0 0 0 0]
[6088316288672777518254940439051512719832748534551365941371719072433030586157541188747800986791427957937937656595199077566825489451027752339893353729696918889351468915120294579656015225419970514324463963576971509717950545113840792227823943165476165313805510073881320751584953005161965040786030204937339008122800819060596878447177537940630099485292299584835 0 0 0 0 0 0 0 0 0 0 0 0 0 0 0 0 0 0 0 0 0 0 0 0 0 0 0 0 0 0 0 0 0 0 0 0 0 0 0 0 0 0 0 0 0 0 0 0 0 0 0 0 0 0 0 0 0 0 0 0 0 0 0 0 0 0 0 0 0 0 0 0 0 0 0 0 0 0 0 0 0 0 0 0 0 0 0 0 0 0 0 0 0 0 0 0 0 0 0 0 0 0 0 0 0 1 0 0 0 0 0 0 0 0 0 0 0]
[1420666430154481156701355003796708562562763918229203240288420543009267710908276684897984730838858243088175640677536806506003598705238820762128574183730317266066254980252186152162037921650965463081666441383656669718790307552645648963010656061987021319041820923194770797189824732641940750881774030826444094620115374509628310870633346546239614974001450072646 0 0 0 0 0 0 0 0 0 0 0 0 0 0 0 0 0 0 0 0 0 0 0 0 0 0 0 0 0 0 0 0 0 0 0 0 0 0 0 0 0 0 0 0 0 0 0 0 0 0 0 0 0 0 0 0 0 0 0 0 0 0 0 0 0 0 0 0 0 0 0 0 0 0 0 0 0 0 0 0 0 0 0 0 0 0 0 0 0 0 0 0 0 0 0 0 0 0 0 0 0 0 0 0 0 0 1 0 0 0 0 0 0 0 0 0 0]
[4005318140605253419303599165119533368975845260945511000391666033797331468044908411667479334117698485795626232713707122425171130659479333740764850554528658462178231111189616242405433084312403874226806367783438779385291762513011336634358868395397693650901643466773029269004967176331093157178480746499583981414745700831210282407056112577612067171952383961186 0 0 0 0 0 0 0 0 0 0 0 0 0 0 0 0 0 0 0 0 0 0 0 0 0 0 0 0 0 0 0 0 0 0 0 0 0 0 0 0 0 0 0 0 0 0 0 0 0 0 0 0 0 0 0 0 0 0 0 0 0 0 0 0 0 0 0 0 0 0 0 0 0 0 0 0 0 0 0 0 0 0 0 0 0 0 0 0 0 0 0 0 0 0 0 0 0 0 0 0 0 0 0 0 0 0 0 1 0 0 0 0 0 0 0 0 0]
[3964205792767735170143740764951170009826418741555838879641360574367712196964674466947183172688083746871125218554202770788972899646083248563350531254238415938254487242045519218228780381859583072566420141573399081213784663593747777344770155670910629961092198343625696546090648811549163423040673798427361133237894449731812572095768543989119439411009725729195 0 0 0 0 0 0 0 0 0 0 0 0 0 0 0 0 0 0 0 0 0 0 0 0 0 0 0 0 0 0 0 0 0 0 0 0 0 0 0 0 0 0 0 0 0 0 0 0 0 0 0 0 0 0 0 0 0 0 0 0 0 0 0 0 0 0 0 0 0 0 0 0 0 0 0 0 0 0 0 0 0 0 0 0 0 0 0 0 0 0 0 0 0 0 0 0 0 0 0 0 0 0 0 0 0 0 0 0 1 0 0 0 0 0 0 0 0]
[299886235414256042244877834562630079233195307839130427608658095144890160547591426636994088402093502486183549436534445102942045292970065316940806288713125443542822385096244545979598589267968269460477625492958699269669541515442126173826274203654484523119439302928070498449058500604797477213578718968698351478070268173949003492101036878758737936688418734402 0 0 0 0 0 0 0 0 0 0 0 0 0 0 0 0 0 0 0 0 0 0 0 0 0 0 0 0 0 0 0 0 0 0 0 0 0 0 0 0 0 0 0 0 0 0 0 0 0 0 0 0 0 0 0 0 0 0 0 0 0 0 0 0 0 0 0 0 0 0 0 0 0 0 0 0 0 0 0 0 0 0 0 0 0 0 0 0 0 0 0 0 0 0 0 0 0 0 0 0 0 0 0 0 0 0 0 0 0 1 0 0 0 0 0 0 0]
[1196808559215390513910867179137728403389535013434129710961672284967361196582572260074604632166565278061618873406000070201563425123067739241320000845207633528637546376678233752232339252726339994459497016097228389975333139598269766931596587904299924954472629609213323796598020911079368230436171268205240266549265730136650404904819682021291841330726766304468 0 0 0 0 0 0 0 0 0 0 0 0 0 0 0 0 0 0 0 0 0 0 0 0 0 0 0 0 0 0 0 0 0 0 0 0 0 0 0 0 0 0 0 0 0 0 0 0 0 0 0 0 0 0 0 0 0 0 0 0 0 0 0 0 0 0 0 0 0 0 0 0 0 0 0 0 0 0 0 0 0 0 0 0 0 0 0 0 0 0 0 0 0 0 0 0 0 0 0 0 0 0 0 0 0 0 0 0 0 0 1 0 0 0 0 0 0]
[4173935960548150574205351283926960456781813395647362641534164275825076662843894098885658923821000506096303131398586615108783540622753006654063082420721171766289170318451802125217795757197656205211756959945357072890177557720008646521430987186612699090070678721061195025676270974974532388533446775190170091101398168696247233726758312860608697619939674196564 0 0 0 0 0 0 0 0 0 0 0 0 0 0 0 0 0 0 0 0 0 0 0 0 0 0 0 0 0 0 0 0 0 0 0 0 0 0 0 0 0 0 0 0 0 0 0 0 0 0 0 0 0 0 0 0 0 0 0 0 0 0 0 0 0 0 0 0 0 0 0 0 0 0 0 0 0 0 0 0 0 0 0 0 0 0 0 0 0 0 0 0 0 0 0 0 0 0 0 0 0 0 0 0 0 0 0 0 0 0 0 1 0 0 0 0 0]
[5677519852173506916542709996112917575881632864569620830689851023803147451498331532382844856181363426245532252966934908860414453357723102115795643732946209369940788115475358237901225017475259558513174074794562190742940044410576720982110115226399905843898369519745799185110866560602406077658620986423246170292652222161683610558040337363616408491270224983968 0 0 0 0 0 0 0 0 0 0 0 0 0 0 0 0 0 0 0 0 0 0 0 0 0 0 0 0 0 0 0 0 0 0 0 0 0 0 0 0 0 0 0 0 0 0 0 0 0 0 0 0 0 0 0 0 0 0 0 0 0 0 0 0 0 0 0 0 0 0 0 0 0 0 0 0 0 0 0 0 0 0 0 0 0 0 0 0 0 0 0 0 0 0 0 0 0 0 0 0 0 0 0 0 0 0 0 0 0 0 0 0 1 0 0 0 0]
[1628497907179732695958182186562595485919798053363524190169846150592628895256051424971816235318156630510997584578542013250722100075200759207520153707424760885858038506788211581832995312787978572263694138561201918319805785560839241059092032959709026278615673755155502130950213479874721356183872498675200297317863240921626420799780936321309611982968394438283 0 0 0 0 0 0 0 0 0 0 0 0 0 0 0 0 0 0 0 0 0 0 0 0 0 0 0 0 0 0 0 0 0 0 0 0 0 0 0 0 0 0 0 0 0 0 0 0 0 0 0 0 0 0 0 0 0 0 0 0 0 0 0 0 0 0 0 0 0 0 0 0 0 0 0 0 0 0 0 0 0 0 0 0 0 0 0 0 0 0 0 0 0 0 0 0 0 0 0 0 0 0 0 0 0 0 0 0 0 0 0 0 0 1 0 0 0]
[3587105066775892013316978366058898539949488296138013345544819845957673044709018741880496424239451594473036060640494388893957382603508857956281618405498219708551631358804603642044338878286722072905799771761962766928236103032165136022338871239146381749801666902319827553665222205724420411053328535176880067201346686018517703506137602104434355740217623451770 0 0 0 0 0 0 0 0 0 0 0 0 0 0 0 0 0 0 0 0 0 0 0 0 0 0 0 0 0 0 0 0 0 0 0 0 0 0 0 0 0 0 0 0 0 0 0 0 0 0 0 0 0 0 0 0 0 0 0 0 0 0 0 0 0 0 0 0 0 0 0 0 0 0 0 0 0 0 0 0 0 0 0 0 0 0 0 0 0 0 0 0 0 0 0 0 0 0 0 0 0 0 0 0 0 0 0 0 0 0 0 0 0 0 1 0 0]
[4922251019236234663302175060578069611302876523075873775692145140440524198246389248866204301461490312632814855560683758507065110366951694539264678140962200744375035193808583640207221214461748319968240773109351097318512840093600655243069980135658254526009889889019088602941630069877399730740919645712267870702911542679861270300228502390590831012471560986247 0 0 0 0 0 0 0 0 0 0 0 0 0 0 0 0 0 0 0 0 0 0 0 0 0 0 0 0 0 0 0 0 0 0 0 0 0 0 0 0 0 0 0 0 0 0 0 0 0 0 0 0 0 0 0 0 0 0 0 0 0 0 0 0 0 0 0 0 0 0 0 0 0 0 0 0 0 0 0 0 0 0 0 0 0 0 0 0 0 0 0 0 0 0 0 0 0 0 0 0 0 0 0 0 0 0 0 0 0 0 0 0 0 0 0 1 0]
[3392245777727887279935025084365389108351611365234257604190715360789649436784807247072166559319230715746357296521882816682610369194176798445295882783332931074199111278861378425349235187138350414786163077616487165618841578888800505274112733583337556133428075067322028774825768188231585119262695324100522691051488033566710066656518924083763951204599277903004 0 0 0 0 0 0 0 0 0 0 0 0 0 0 0 0 0 0 0 0 0 0 0 0 0 0 0 0 0 0 0 0 0 0 0 0 0 0 0 0 0 0 0 0 0 0 0 0 0 0 0 0 0 0 0 0 0 0 0 0 0 0 0 0 0 0 0 0 0 0 0 0 0 0 0 0 0 0 0 0 0 0 0 0 0 0 0 0 0 0 0 0 0 0 0 0 0 0 0 0 0 0 0 0 0 0 0 0 0 0 0 0 0 0 0 0 1]
]
