[[8481356295162973571218633964331372592354793327266565005112391067458387355087915587420328544186833116604268592631137898697005411162307309758553438924691681557063596807219516636778881251516474599689842387361478205859645265407124531424312431340130571525817999025576106008464427639058603586283 0 0 0 0 0 0 0 0 0 0 0 0 0 0 0 0 0 0 0 0 0 0 0 0 0 0 0 0 0 0 0 0 0 0 0 0 0 0 0 0 0 0 0 0 0 0 0 0 0 0 0 0 0 0 0 0 0 0 0 0 0 0 0 0 0 0 0 0 0 0 0 0 0 0 0 0 0 0 0 0 0 0 0 0 0 0 0 0 0 0 0 0 0 0 0]
[4838002724980451146397117137841267460119847431342340618738906297150800270220994593037807770591627625885961806584554325083096005411050862109978187780140321486162773823539268164070496497572980366884210227682700117500893448044035771769091161871850939690479307439700004418119234194132471724267 1 0 0 0 0 0 0 0 0 0 0 0 0 0 0 0 0 0 0 0 0 0 0 0 0 0 0 0 0 0 0 0 0 0 0 0 0 0 0 0 0 0 0 0 0 0 0 0 0 0 0 0 0 0 0 0 0 0 0 0 0 0 0 0 0 0 0 0 0 0 0 0 0 0 0 0 0 0 0 0 0 0 0 0 0 0 0 0 0 0 0 0 0 0 0]
[7115085173508312054767684822016945558641701115716475991822823322448089192456809092340377090253098381190652062184259445874497720530228781079766856940713297639975847072746677755600447017998359187864767429482373049496779739153154314516473518002196380490811463285277075156851436782306237142870 0 1 0 0 0 0 0 0 0 0 0 0 0 0 0 0 0 0 0 0 0 0 0 0 0 0 0 0 0 0 0 0 0 0 0 0 0 0 0 0 0 0 0 0 0 0 0 0 0 0 0 0 0 0 0 0 0 0 0 0 0 0 0 0 0 0 0 0 0 0 0 0 0 0 0 0 0 0 0 0 0 0 0 0 0 0 0 0 0 0 0 0 0 0 0]
[5189693195980757100043200506488227158506711221713834079265179709824635655900710108927356528882954815152073709703517481941089456267896496928477935989761621671191355300142417231592332250339139786209526730249936728957668911072526122210265390356858184896683042535817275024759662905593289465835 0 0 1 0 0 0 0 0 0 0 0 0 0 0 0 0 0 0 0 0 0 0 0 0 0 0 0 0 0 0 0 0 0 0 0 0 0 0 0 0 0 0 0 0 0 0 0 0 0 0 0 0 0 0 0 0 0 0 0 0 0 0 0 0 0 0 0 0 0 0 0 0 0 0 0 0 0 0 0 0 0 0 0 0 0 0 0 0 0 0 0 0 0 0 0]
[3023364243324361996661014577835610076181611646241612855372204501959163900242462439222831684193725942766767830371117586838711984664887284165021842617142322305168670659333566582058020026770672037870616415422854383318571235112837703097665577652929470072127564336856477712020031258092286961038 0 0 0 1 0 0 0 0 0 0 0 0 0 0 0 0 0 0 0 0 0 0 0 0 0 0 0 0 0 0 0 0 0 0 0 0 0 0 0 0 0 0 0 0 0 0 0 0 0 0 0 0 0 0 0 0 0 0 0 0 0 0 0 0 0 0 0 0 0 0 0 0 0 0 0 0 0 0 0 0 0 0 0 0 0 0 0 0 0 0 0 0 0 0 0]
[2278447057647485866493186223756021456485087107522228091733498434973413945992530477568831890388677283860450001944557837148650951053058034464687553168178402460701560419029987539949277344973204240535606285605535124269414264532299223820231947907961628597121220913511503458437049878753032627586 0 0 0 0 1 0 0 0 0 0 0 0 0 0 0 0 0 0 0 0 0 0 0 0 0 0 0 0 0 0 0 0 0 0 0 0 0 0 0 0 0 0 0 0 0 0 0 0 0 0 0 0 0 0 0 0 0 0 0 0 0 0 0 0 0 0 0 0 0 0 0 0 0 0 0 0 0 0 0 0 0 0 0 0 0 0 0 0 0 0 0 0 0 0 0]
[8297991359657738182440238391331302854450283104982332765234996821881951719979390688420603082863832472736614853376478276690434896590416246847582718387204078139435805926364245714657477110922339141870432909079475688511596917172990038187577147707529725417394423639695651696856719757579665755837 0 0 0 0 0 1 0 0 0 0 0 0 0 0 0 0 0 0 0 0 0 0 0 0 0 0 0 0 0 0 0 0 0 0 0 0 0 0 0 0 0 0 0 0 0 0 0 0 0 0 0 0 0 0 0 0 0 0 0 0 0 0 0 0 0 0 0 0 0 0 0 0 0 0 0 0 0 0 0 0 0 0 0 0 0 0 0 0 0 0 0 0 0 0 0]
[982038780045327328194209376721872422216208658344996185026039236955209054374475111440638838005986179360109412925218784740213934807896042576312656419977638152077430692719147817528427687995442341829391316586845112375394156357765288967657091929366820298483093232846978244596303686501711559315 0 0 0 0 0 0 1 0 0 0 0 0 0 0 0 0 0 0 0 0 0 0 0 0 0 0 0 0 0 0 0 0 0 0 0 0 0 0 0 0 0 0 0 0 0 0 0 0 0 0 0 0 0 0 0 0 0 0 0 0 0 0 0 0 0 0 0 0 0 0 0 0 0 0 0 0 0 0 0 0 0 0 0 0 0 0 0 0 0 0 0 0 0 0 0]
[1915884239328733614458455155673331482692679479719936426492833316631377107946660755594847704462288359751520613616961059993479301793237153574797006001346174414063715066027317736945739189224887053946608268972688579633362064135135811432642083072582314021728636584723213754054392060253704932982 0 0 0 0 0 0 0 1 0 0 0 0 0 0 0 0 0 0 0 0 0 0 0 0 0 0 0 0 0 0 0 0 0 0 0 0 0 0 0 0 0 0 0 0 0 0 0 0 0 0 0 0 0 0 0 0 0 0 0 0 0 0 0 0 0 0 0 0 0 0 0 0 0 0 0 0 0 0 0 0 0 0 0 0 0 0 0 0 0 0 0 0 0 0 0]
[3097637180183653529555103092515317532781965801260806573779218071157281201408898868474362860397840059501887299747976849500804473068876460783643671200529563067394174311672478806919638637187036002221697460963474631006847251336157773847951181591192205735539759671039273894147846639717456611770 0 0 0 0 0 0 0 0 1 0 0 0 0 0 0 0 0 0 0 0 0 0 0 0 0 0 0 0 0 0 0 0 0 0 0 0 0 0 0 0 0 0 0 0 0 0 0 0 0 0 0 0 0 0 0 0 0 0 0 0 0 0 0 0 0 0 0 0 0 0 0 0 0 0 0 0 0 0 0 0 0 0 0 0 0 0 0 0 0 0 0 0 0 0 0]
[3460139687823227780113914866735457168985137024863948207436399709235708478921533135207687275719823781965041603583920456349824069590038706914189369641189167462449446641919395731375318751685521268941431642002314271038133312149787947241334016987090615516369417539415931323763010243330604930587 0 0 0 0 0 0 0 0 0 1 0 0 0 0 0 0 0 0 0 0 0 0 0 0 0 0 0 0 0 0 0 0 0 0 0 0 0 0 0 0 0 0 0 0 0 0 0 0 0 0 0 0 0 0 0 0 0 0 0 0 0 0 0 0 0 0 0 0 0 0 0 0 0 0 0 0 0 0 0 0 0 0 0 0 0 0 0 0 0 0 0 0 0 0 0]
[5819217817967652829030628790033944489509214383054800476072129309395011431434389491931400009170685472191856154445618327698500123911332935354672111417367427896535651959665244044401341914764256285443847315153160082769647130258129231430807358026377277959746977545369518683130189881069807454545 0 0 0 0 0 0 0 0 0 0 1 0 0 0 0 0 0 0 0 0 0 0 0 0 0 0 0 0 0 0 0 0 0 0 0 0 0 0 0 0 0 0 0 0 0 0 0 0 0 0 0 0 0 0 0 0 0 0 0 0 0 0 0 0 0 0 0 0 0 0 0 0 0 0 0 0 0 0 0 0 0 0 0 0 0 0 0 0 0 0 0 0 0 0 0]
[1787413663114279609282375794924770369073439026284661175648365431262654172695457157066540003075090231761796311551747863926208839136754455136591010238894894902711294663701671984350083582432500525694543658758248383688190402061073139242630776774934861056087076184277538948787146421996404131546 0 0 0 0 0 0 0 0 0 0 0 1 0 0 0 0 0 0 0 0 0 0 0 0 0 0 0 0 0 0 0 0 0 0 0 0 0 0 0 0 0 0 0 0 0 0 0 0 0 0 0 0 0 0 0 0 0 0 0 0 0 0 0 0 0 0 0 0 0 0 0 0 0 0 0 0 0 0 0 0 0 0 0 0 0 0 0 0 0 0 0 0 0 0 0]
[7833911444860824365839628423214847761419554081116739660372954923238415892408602573489496492876009456954058479923086266851268235070835616713027591159458381381424165962444061711400276119225491690901170472598989540523592562347389361052003765216327204243412249817725418011642590228497782071187 0 0 0 0 0 0 0 0 0 0 0 0 1 0 0 0 0 0 0 0 0 0 0 0 0 0 0 0 0 0 0 0 0 0 0 0 0 0 0 0 0 0 0 0 0 0 0 0 0 0 0 0 0 0 0 0 0 0 0 0 0 0 0 0 0 0 0 0 0 0 0 0 0 0 0 0 0 0 0 0 0 0 0 0 0 0 0 0 0 0 0 0 0 0 0]
[327534362140791151093641645724008204125370407134231180731936297662713422187860782920318496704849580996024498933189452525924731016966287292182352618939207910236493987945970243388433694815461372274626823753933603787328156907487400247402515068812479703309442318454993140893722548222190537543 0 0 0 0 0 0 0 0 0 0 0 0 0 1 0 0 0 0 0 0 0 0 0 0 0 0 0 0 0 0 0 0 0 0 0 0 0 0 0 0 0 0 0 0 0 0 0 0 0 0 0 0 0 0 0 0 0 0 0 0 0 0 0 0 0 0 0 0 0 0 0 0 0 0 0 0 0 0 0 0 0 0 0 0 0 0 0 0 0 0 0 0 0 0 0]
[1383426271931879635554261164347495494560741107124208082444854840711396631228905240443351694538670877192326415956244941009232676457452389894757296929662583606269294290394170854569175613300175361682031548085078199312945019400955127981025764344835034551780700642454738444255740330482744922520 0 0 0 0 0 0 0 0 0 0 0 0 0 0 1 0 0 0 0 0 0 0 0 0 0 0 0 0 0 0 0 0 0 0 0 0 0 0 0 0 0 0 0 0 0 0 0 0 0 0 0 0 0 0 0 0 0 0 0 0 0 0 0 0 0 0 0 0 0 0 0 0 0 0 0 0 0 0 0 0 0 0 0 0 0 0 0 0 0 0 0 0 0 0 0]
[7183388847275406525643342749839192000377953356361211676783283154795484290748189105314482657104137176423592866222616167764788274974106965091879739810592549938105578593937446305167786259278357118682417267009684279471084648663160253345333749358389538214116880927647429632751569329679619013975 0 0 0 0 0 0 0 0 0 0 0 0 0 0 0 1 0 0 0 0 0 0 0 0 0 0 0 0 0 0 0 0 0 0 0 0 0 0 0 0 0 0 0 0 0 0 0 0 0 0 0 0 0 0 0 0 0 0 0 0 0 0 0 0 0 0 0 0 0 0 0 0 0 0 0 0 0 0 0 0 0 0 0 0 0 0 0 0 0 0 0 0 0 0 0]
[6169854529172086091517380640717067678935776713118008897039914552061648365468681769407916192869527805742433692667223624091602410186384023849727352686211265295116360388129783350404962466585053895922975406074260098533098980259246052654377789348355932782828211146518904454065651119956593649071 0 0 0 0 0 0 0 0 0 0 0 0 0 0 0 0 1 0 0 0 0 0 0 0 0 0 0 0 0 0 0 0 0 0 0 0 0 0 0 0 0 0 0 0 0 0 0 0 0 0 0 0 0 0 0 0 0 0 0 0 0 0 0 0 0 0 0 0 0 0 0 0 0 0 0 0 0 0 0 0 0 0 0 0 0 0 0 0 0 0 0 0 0 0 0]
[3576032514505860771072573709957435500195923529136176701325444824952640926078458967433419480962316931783974089812340649223382004115894226688809138590986224303643279293360576034154147317402179846637414116497476568375212604293716117750051665317637121363498085510041704358819337081556672799134 0 0 0 0 0 0 0 0 0 0 0 0 0 0 0 0 0 1 0 0 0 0 0 0 0 0 0 0 0 0 0 0 0 0 0 0 0 0 0 0 0 0 0 0 0 0 0 0 0 0 0 0 0 0 0 0 0 0 0 0 0 0 0 0 0 0 0 0 0 0 0 0 0 0 0 0 0 0 0 0 0 0 0 0 0 0 0 0 0 0 0 0 0 0 0]
[2399917914241161068925494883517725484841144717358859211291401321966350835128356684517028443066176187260884778423239188415022017791605130863224537029014801882889554007061753558449509535897271864580405137166079268813936390962839902895508507361361396677544395396033030533059337004915834386046 0 0 0 0 0 0 0 0 0 0 0 0 0 0 0 0 0 0 1 0 0 0 0 0 0 0 0 0 0 0 0 0 0 0 0 0 0 0 0 0 0 0 0 0 0 0 0 0 0 0 0 0 0 0 0 0 0 0 0 0 0 0 0 0 0 0 0 0 0 0 0 0 0 0 0 0 0 0 0 0 0 0 0 0 0 0 0 0 0 0 0 0 0 0 0]
[547530054126102339553250482816619232308980779770304939516099095383409704449014681906462734671200196648889601756240833891282026945204920295507522120145411126122737574847362311272002081881597956178604040017148505482826093719211206874298836313942744545453136738441803762027022335510310500210 0 0 0 0 0 0 0 0 0 0 0 0 0 0 0 0 0 0 0 1 0 0 0 0 0 0 0 0 0 0 0 0 0 0 0 0 0 0 0 0 0 0 0 0 0 0 0 0 0 0 0 0 0 0 0 0 0 0 0 0 0 0 0 0 0 0 0 0 0 0 0 0 0 0 0 0 0 0 0 0 0 0 0 0 0 0 0 0 0 0 0 0 0 0 0]
[2373965785514290827387120733970707721418430563813551744864999944363723494578004732988128187167202943135250400939904243015406774593830744656844936267267172463884804071030572083792696880295741804813745473989883992841912825601633374482905344732315879098575041224673809538377099869693781316575 0 0 0 0 0 0 0 0 0 0 0 0 0 0 0 0 0 0 0 0 1 0 0 0 0 0 0 0 0 0 0 0 0 0 0 0 0 0 0 0 0 0 0 0 0 0 0 0 0 0 0 0 0 0 0 0 0 0 0 0 0 0 0 0 0 0 0 0 0 0 0 0 0 0 0 0 0 0 0 0 0 0 0 0 0 0 0 0 0 0 0 0 0 0 0]
[1058824778405517442106140503935430261761141105770559684379466641178723042360255031453657640554750656981972160452801821803130041266128532637354486335892479898886791932935919071332329415754915052255254469660949793467504714720126673159255239610746212170881980675170884222390932473555385801122 0 0 0 0 0 0 0 0 0 0 0 0 0 0 0 0 0 0 0 0 0 1 0 0 0 0 0 0 0 0 0 0 0 0 0 0 0 0 0 0 0 0 0 0 0 0 0 0 0 0 0 0 0 0 0 0 0 0 0 0 0 0 0 0 0 0 0 0 0 0 0 0 0 0 0 0 0 0 0 0 0 0 0 0 0 0 0 0 0 0 0 0 0 0 0]
[4992737501157523199518065825708569487406458707134185209440013586379868754675379945444740216546486636482394475450784340244150782593151615376103279357415231459345810650681099149811855785058533179389054155134734293755891314713774560916457179174475428611656376915623640323398957767327931441417 0 0 0 0 0 0 0 0 0 0 0 0 0 0 0 0 0 0 0 0 0 0 1 0 0 0 0 0 0 0 0 0 0 0 0 0 0 0 0 0 0 0 0 0 0 0 0 0 0 0 0 0 0 0 0 0 0 0 0 0 0 0 0 0 0 0 0 0 0 0 0 0 0 0 0 0 0 0 0 0 0 0 0 0 0 0 0 0 0 0 0 0 0 0 0]
[8093546639260184339163947648452896283842686229014490705079248684105028669887274016869354428946866937726442299094348695099438512405059454507779426396274376249427252673440466779985561974261789563440565488791705660357593102539873872985220287820326005920653638104816526858474075641461899230036 0 0 0 0 0 0 0 0 0 0 0 0 0 0 0 0 0 0 0 0 0 0 0 1 0 0 0 0 0 0 0 0 0 0 0 0 0 0 0 0 0 0 0 0 0 0 0 0 0 0 0 0 0 0 0 0 0 0 0 0 0 0 0 0 0 0 0 0 0 0 0 0 0 0 0 0 0 0 0 0 0 0 0 0 0 0 0 0 0 0 0 0 0 0 0]
[911042058487502668794563517116273904923575338097205236305976649882323688031291256454464909574233471469075355949001250894552681096466767124730911759576091877558921970438121724884880924989343341361185612120213847234082947762101694118487097876880595869626040279714474601906904698659323896246 0 0 0 0 0 0 0 0 0 0 0 0 0 0 0 0 0 0 0 0 0 0 0 0 1 0 0 0 0 0 0 0 0 0 0 0 0 0 0 0 0 0 0 0 0 0 0 0 0 0 0 0 0 0 0 0 0 0 0 0 0 0 0 0 0 0 0 0 0 0 0 0 0 0 0 0 0 0 0 0 0 0 0 0 0 0 0 0 0 0 0 0 0 0 0]
[1409871301504661561595236443806401424507229588397433055253740791009882129042324604840662370904358084943448604316246475978095784807216087673137782323377177958982755121425034306543900539616191378583927538733722062005918466758212532960092864679622875639124375111620158340202955299958623722811 0 0 0 0 0 0 0 0 0 0 0 0 0 0 0 0 0 0 0 0 0 0 0 0 0 1 0 0 0 0 0 0 0 0 0 0 0 0 0 0 0 0 0 0 0 0 0 0 0 0 0 0 0 0 0 0 0 0 0 0 0 0 0 0 0 0 0 0 0 0 0 0 0 0 0 0 0 0 0 0 0 0 0 0 0 0 0 0 0 0 0 0 0 0 0]
[2494288217404080431388973704072357232568375045863054557388438866605411296060349991018375392686019438950755949840779484272124250409920053704549367796728275498723169241502144670220029578837339684340055626371270332437791056680598105067847929402610069773478044722005568682564396256625075733271 0 0 0 0 0 0 0 0 0 0 0 0 0 0 0 0 0 0 0 0 0 0 0 0 0 0 1 0 0 0 0 0 0 0 0 0 0 0 0 0 0 0 0 0 0 0 0 0 0 0 0 0 0 0 0 0 0 0 0 0 0 0 0 0 0 0 0 0 0 0 0 0 0 0 0 0 0 0 0 0 0 0 0 0 0 0 0 0 0 0 0 0 0 0 0]
[4735175213680588921944917704988470119466413232458341585887175846204706969243820944614589174597726042011050092475335308251788055417181976607281403841794688128382235209851705699200697567609008276474777026885592159059752064840019695362686333812184149858368225739755879415538701130969369335628 0 0 0 0 0 0 0 0 0 0 0 0 0 0 0 0 0 0 0 0 0 0 0 0 0 0 0 1 0 0 0 0 0 0 0 0 0 0 0 0 0 0 0 0 0 0 0 0 0 0 0 0 0 0 0 0 0 0 0 0 0 0 0 0 0 0 0 0 0 0 0 0 0 0 0 0 0 0 0 0 0 0 0 0 0 0 0 0 0 0 0 0 0 0 0]
[3735713906960689720856250594030895999504904988652768886759385951678841976797552421259686353404700032464719502294444739148447189722273124864261133640531936158473171598349201594293428563171954604587536476479157537382719105399872715654188177009071797614298241103444360176858991128936302881287 0 0 0 0 0 0 0 0 0 0 0 0 0 0 0 0 0 0 0 0 0 0 0 0 0 0 0 0 1 0 0 0 0 0 0 0 0 0 0 0 0 0 0 0 0 0 0 0 0 0 0 0 0 0 0 0 0 0 0 0 0 0 0 0 0 0 0 0 0 0 0 0 0 0 0 0 0 0 0 0 0 0 0 0 0 0 0 0 0 0 0 0 0 0 0]
[1170288436299048430686103174321997937732998627467754418176616042853695536488430315764258743150326381736410283847162830721494746271673521897931450757845046650024068022860580139618389488878911264132598353722728579443723204408733057739969486027795942723945522436768834371490715707060950555401 0 0 0 0 0 0 0 0 0 0 0 0 0 0 0 0 0 0 0 0 0 0 0 0 0 0 0 0 0 1 0 0 0 0 0 0 0 0 0 0 0 0 0 0 0 0 0 0 0 0 0 0 0 0 0 0 0 0 0 0 0 0 0 0 0 0 0 0 0 0 0 0 0 0 0 0 0 0 0 0 0 0 0 0 0 0 0 0 0 0 0 0 0 0 0]
[4619346518681697792393811752373243657065945494274151612452640536146776961632588127552694504276349510202051799672911361962824465340165672762041990417404926761286911162466218868643048666021367797669221462231510817549428932302000252136021374461926191867863608155793214422917305805892476919193 0 0 0 0 0 0 0 0 0 0 0 0 0 0 0 0 0 0 0 0 0 0 0 0 0 0 0 0 0 0 1 0 0 0 0 0 0 0 0 0 0 0 0 0 0 0 0 0 0 0 0 0 0 0 0 0 0 0 0 0 0 0 0 0 0 0 0 0 0 0 0 0 0 0 0 0 0 0 0 0 0 0 0 0 0 0 0 0 0 0 0 0 0 0 0]
[7030225602938562006147993524238708247940439645384919525521956701068093943014110772289920535269622225321805973147150200136426792716509396489576042214260730166309092056565033131367230017995105042676223008427582556733271959567143684527587989131980203199653934654918233680484881712224441183493 0 0 0 0 0 0 0 0 0 0 0 0 0 0 0 0 0 0 0 0 0 0 0 0 0 0 0 0 0 0 0 1 0 0 0 0 0 0 0 0 0 0 0 0 0 0 0 0 0 0 0 0 0 0 0 0 0 0 0 0 0 0 0 0 0 0 0 0 0 0 0 0 0 0 0 0 0 0 0 0 0 0 0 0 0 0 0 0 0 0 0 0 0 0 0]
[4301141523725147945647078720056239036352042685438040248657119368668335454316709285792257644470461928925927087850355645811728043257679237750546668213313758815987268028577336781536155699157389886473098359573648456840351253024753773809331415003100850825717241058521440350776941380130934275052 0 0 0 0 0 0 0 0 0 0 0 0 0 0 0 0 0 0 0 0 0 0 0 0 0 0 0 0 0 0 0 0 1 0 0 0 0 0 0 0 0 0 0 0 0 0 0 0 0 0 0 0 0 0 0 0 0 0 0 0 0 0 0 0 0 0 0 0 0 0 0 0 0 0 0 0 0 0 0 0 0 0 0 0 0 0 0 0 0 0 0 0 0 0 0]
[1456395748378863023502302920836965745616905016473224717757298287564024314661779679448495029357428664535069856106475746666467047489540187148612086330704132921962546409262483112560895102353783570820750338442100964606129784272611360165550855616201357313333760518319669219135483760083871404948 0 0 0 0 0 0 0 0 0 0 0 0 0 0 0 0 0 0 0 0 0 0 0 0 0 0 0 0 0 0 0 0 0 1 0 0 0 0 0 0 0 0 0 0 0 0 0 0 0 0 0 0 0 0 0 0 0 0 0 0 0 0 0 0 0 0 0 0 0 0 0 0 0 0 0 0 0 0 0 0 0 0 0 0 0 0 0 0 0 0 0 0 0 0 0]
[6392774785610451907248437572218263063804428896537258303588865613400445296349875584262031286564552281976261478574526320939626045422415066796006384768115624538787699249034804519535295309121260736676906259248082803481109722486790874025846953960278812742863619206718629050917526323542018477552 0 0 0 0 0 0 0 0 0 0 0 0 0 0 0 0 0 0 0 0 0 0 0 0 0 0 0 0 0 0 0 0 0 0 1 0 0 0 0 0 0 0 0 0 0 0 0 0 0 0 0 0 0 0 0 0 0 0 0 0 0 0 0 0 0 0 0 0 0 0 0 0 0 0 0 0 0 0 0 0 0 0 0 0 0 0 0 0 0 0 0 0 0 0 0]
[2384398039901356288118915337556692027027378097474276061547060720561051019926486684747521942509511494977425485931235641425341830937956829512255888558034765903182542679543021721814958707868535675136504201189835248485339150893862069946075592212331479033886332379129268718162720961972913728658 0 0 0 0 0 0 0 0 0 0 0 0 0 0 0 0 0 0 0 0 0 0 0 0 0 0 0 0 0 0 0 0 0 0 0 1 0 0 0 0 0 0 0 0 0 0 0 0 0 0 0 0 0 0 0 0 0 0 0 0 0 0 0 0 0 0 0 0 0 0 0 0 0 0 0 0 0 0 0 0 0 0 0 0 0 0 0 0 0 0 0 0 0 0 0]
[5260760450993076727153086004355393480743759276584481385317807662584279508691629182222527478236505807338437085976224485095811048222360739047174942221703808069642675483327067146715675341314377347094579619074538711744179134508918970708784513177865842146860347952312815777557674181070233792130 0 0 0 0 0 0 0 0 0 0 0 0 0 0 0 0 0 0 0 0 0 0 0 0 0 0 0 0 0 0 0 0 0 0 0 0 1 0 0 0 0 0 0 0 0 0 0 0 0 0 0 0 0 0 0 0 0 0 0 0 0 0 0 0 0 0 0 0 0 0 0 0 0 0 0 0 0 0 0 0 0 0 0 0 0 0 0 0 0 0 0 0 0 0 0]
[3050552113860382382866394611476654915268414501287052719812682410864751249370695599458538521877685913644943641052551204740775106742336938971989139322092205668381495361053616637066413429468540410932640416298293485103748318976890489650518272456740386120924813852452530056878872363183580710190 0 0 0 0 0 0 0 0 0 0 0 0 0 0 0 0 0 0 0 0 0 0 0 0 0 0 0 0 0 0 0 0 0 0 0 0 0 1 0 0 0 0 0 0 0 0 0 0 0 0 0 0 0 0 0 0 0 0 0 0 0 0 0 0 0 0 0 0 0 0 0 0 0 0 0 0 0 0 0 0 0 0 0 0 0 0 0 0 0 0 0 0 0 0 0]
[3520086294418038752618666895318567127173359182907707601055009827028988656749666011860308690442676396857471197825070375922969061568843444437020821093739073318906181563246786816173126140731867905852035738588117932277644977645194823833829952220983142861315845495844860631085591702791243656642 0 0 0 0 0 0 0 0 0 0 0 0 0 0 0 0 0 0 0 0 0 0 0 0 0 0 0 0 0 0 0 0 0 0 0 0 0 0 1 0 0 0 0 0 0 0 0 0 0 0 0 0 0 0 0 0 0 0 0 0 0 0 0 0 0 0 0 0 0 0 0 0 0 0 0 0 0 0 0 0 0 0 0 0 0 0 0 0 0 0 0 0 0 0 0]
[6737946060016519843512501742211885542704237576364156557839245871923235464883930280922562695051473100637579234612602136154987514520620054384280296714905686508044621854765729211806640210799114318938961499866117273798335888728842810054947263779262676424742121322921999601579882274243530072994 0 0 0 0 0 0 0 0 0 0 0 0 0 0 0 0 0 0 0 0 0 0 0 0 0 0 0 0 0 0 0 0 0 0 0 0 0 0 0 1 0 0 0 0 0 0 0 0 0 0 0 0 0 0 0 0 0 0 0 0 0 0 0 0 0 0 0 0 0 0 0 0 0 0 0 0 0 0 0 0 0 0 0 0 0 0 0 0 0 0 0 0 0 0 0]
[1955057310702154374037613085497485316762888502493665932750191765575749896865677977660739145031115685339871665448416525739177190565207877515053689862574218078470154572028537262216536793998381138518176276208763724780414515255150623422081800905223186895428753879785226763575818175593490491857 0 0 0 0 0 0 0 0 0 0 0 0 0 0 0 0 0 0 0 0 0 0 0 0 0 0 0 0 0 0 0 0 0 0 0 0 0 0 0 0 1 0 0 0 0 0 0 0 0 0 0 0 0 0 0 0 0 0 0 0 0 0 0 0 0 0 0 0 0 0 0 0 0 0 0 0 0 0 0 0 0 0 0 0 0 0 0 0 0 0 0 0 0 0 0]
[7065240713286639647800881064365001738940160394420064806082130490680425510940723477225377539400402682360687744950220503851435617260961039119416355222593939451674138407377838431609326187968208409584473742568440943987604910893598909448677505351275669140891515476440013983389909126387475870720 0 0 0 0 0 0 0 0 0 0 0 0 0 0 0 0 0 0 0 0 0 0 0 0 0 0 0 0 0 0 0 0 0 0 0 0 0 0 0 0 0 1 0 0 0 0 0 0 0 0 0 0 0 0 0 0 0 0 0 0 0 0 0 0 0 0 0 0 0 0 0 0 0 0 0 0 0 0 0 0 0 0 0 0 0 0 0 0 0 0 0 0 0 0 0]
[1068057444795812921818122715977787793003909339509111277828912117844018890752576510434515384377402216973423091895015448473448825884931666619191985490078607271057747483699662016536936037662096156565894055578964703931494437892113329800243660234829617729942326844542709374437938338943973211026 0 0 0 0 0 0 0 0 0 0 0 0 0 0 0 0 0 0 0 0 0 0 0 0 0 0 0 0 0 0 0 0 0 0 0 0 0 0 0 0 0 0 1 0 0 0 0 0 0 0 0 0 0 0 0 0 0 0 0 0 0 0 0 0 0 0 0 0 0 0 0 0 0 0 0 0 0 0 0 0 0 0 0 0 0 0 0 0 0 0 0 0 0 0 0]
[6526279167223676566535940591185248215763458387891183340603723329005861569997296863998372309336620452062237719055059282397743929934319238228145964222618345465237325866032283786874718315984646958606480109288768967406573901683072218382323368811208918103918511659829401973908816534649502666313 0 0 0 0 0 0 0 0 0 0 0 0 0 0 0 0 0 0 0 0 0 0 0 0 0 0 0 0 0 0 0 0 0 0 0 0 0 0 0 0 0 0 0 1 0 0 0 0 0 0 0 0 0 0 0 0 0 0 0 0 0 0 0 0 0 0 0 0 0 0 0 0 0 0 0 0 0 0 0 0 0 0 0 0 0 0 0 0 0 0 0 0 0 0 0]
[6162740705746840265240566696307074187365705298896557806333785417499726173976981303124345327455521244308450390480474649017428009256231252026838019837081728165715552072646858464690982109359656912014884205897962912413203467723509292513132859423944181151400150817967733884823295308314892192619 0 0 0 0 0 0 0 0 0 0 0 0 0 0 0 0 0 0 0 0 0 0 0 0 0 0 0 0 0 0 0 0 0 0 0 0 0 0 0 0 0 0 0 0 1 0 0 0 0 0 0 0 0 0 0 0 0 0 0 0 0 0 0 0 0 0 0 0 0 0 0 0 0 0 0 0 0 0 0 0 0 0 0 0 0 0 0 0 0 0 0 0 0 0 0]
[1267496665448336011088012253116123738556991078351191786611365810382447193133706509979551073117440935640572881914138045728786128905505929795279589838618518164873108445061097455302294847982949373937734989449784168903147790814287356626947749194067812526138668025564871214050771250227660224355 0 0 0 0 0 0 0 0 0 0 0 0 0 0 0 0 0 0 0 0 0 0 0 0 0 0 0 0 0 0 0 0 0 0 0 0 0 0 0 0 0 0 0 0 0 1 0 0 0 0 0 0 0 0 0 0 0 0 0 0 0 0 0 0 0 0 0 0 0 0 0 0 0 0 0 0 0 0 0 0 0 0 0 0 0 0 0 0 0 0 0 0 0 0 0]
[1465334125484725116011921873412192265900967969477315111306285868497438027403545599705554977509621349036213260233274140225352962796127801849624628277529115140044951197063386927225193633565874119922716304336415470974662135209003003901821766888468249358516858691986848932109217822940089827731 0 0 0 0 0 0 0 0 0 0 0 0 0 0 0 0 0 0 0 0 0 0 0 0 0 0 0 0 0 0 0 0 0 0 0 0 0 0 0 0 0 0 0 0 0 0 1 0 0 0 0 0 0 0 0 0 0 0 0 0 0 0 0 0 0 0 0 0 0 0 0 0 0 0 0 0 0 0 0 0 0 0 0 0 0 0 0 0 0 0 0 0 0 0 0]
[1552551814830784808653238381373479300709953696175107644265556169512270376903233780283534985115804661023305032623588026280235727438570652414165138359419110617368218303566742885901342725088789812010270997863381263984728068111855805149868234419167012024706778021052603567213877562515275462974 0 0 0 0 0 0 0 0 0 0 0 0 0 0 0 0 0 0 0 0 0 0 0 0 0 0 0 0 0 0 0 0 0 0 0 0 0 0 0 0 0 0 0 0 0 0 0 1 0 0 0 0 0 0 0 0 0 0 0 0 0 0 0 0 0 0 0 0 0 0 0 0 0 0 0 0 0 0 0 0 0 0 0 0 0 0 0 0 0 0 0 0 0 0 0]
[6476503238049426656385441628852704894987697038630797556772093144613230709761327570785927380364694655841810916420340542071007410989328804362584746033599701789766071308558774542159636188494932787819560231800188288826385449792818884304751974814147770827454846530928646259480432788219870130727 0 0 0 0 0 0 0 0 0 0 0 0 0 0 0 0 0 0 0 0 0 0 0 0 0 0 0 0 0 0 0 0 0 0 0 0 0 0 0 0 0 0 0 0 0 0 0 0 1 0 0 0 0 0 0 0 0 0 0 0 0 0 0 0 0 0 0 0 0 0 0 0 0 0 0 0 0 0 0 0 0 0 0 0 0 0 0 0 0 0 0 0 0 0 0]
[7041297064813318558777054591392730461662773533915912799329239335786937787423257724963118530115074428683634934809392835638961108264874507268276912260008391696693924827505768003705447684872740556233390602910859867195076385731593318372288168406142038290404395004995344747887321078801275343751 0 0 0 0 0 0 0 0 0 0 0 0 0 0 0 0 0 0 0 0 0 0 0 0 0 0 0 0 0 0 0 0 0 0 0 0 0 0 0 0 0 0 0 0 0 0 0 0 0 1 0 0 0 0 0 0 0 0 0 0 0 0 0 0 0 0 0 0 0 0 0 0 0 0 0 0 0 0 0 0 0 0 0 0 0 0 0 0 0 0 0 0 0 0 0]
[1456721109875829566611115384958763780941357203026080793812662710252586187520279628820301852152512159552629730197636359917812734556397267258091386958269817507297078567721913455920189197481477939762932946544657022725103966121236596812817046070830631981708823213634098265772046968268960092930 0 0 0 0 0 0 0 0 0 0 0 0 0 0 0 0 0 0 0 0 0 0 0 0 0 0 0 0 0 0 0 0 0 0 0 0 0 0 0 0 0 0 0 0 0 0 0 0 0 0 1 0 0 0 0 0 0 0 0 0 0 0 0 0 0 0 0 0 0 0 0 0 0 0 0 0 0 0 0 0 0 0 0 0 0 0 0 0 0 0 0 0 0 0 0]
[7882323738971051803963382585350362785828244643198702229333953882897675955828251911511909896548637566107615490750531340161020858220971364455943289918626810682367225187989085190673363383913309492434725910912962397581235962927649389174926698278555485673672758498753371082608460792332126715056 0 0 0 0 0 0 0 0 0 0 0 0 0 0 0 0 0 0 0 0 0 0 0 0 0 0 0 0 0 0 0 0 0 0 0 0 0 0 0 0 0 0 0 0 0 0 0 0 0 0 0 1 0 0 0 0 0 0 0 0 0 0 0 0 0 0 0 0 0 0 0 0 0 0 0 0 0 0 0 0 0 0 0 0 0 0 0 0 0 0 0 0 0 0 0]
[2824911894052181612203439160259952973684788346286769441709696805267297345631144818910862298129136229345861864016496362384267301848910083361808402857217486691967128820430821440129856319395040616034321129969380229574993440967538499064653819381117861403710848761097809560156335985750960425548 0 0 0 0 0 0 0 0 0 0 0 0 0 0 0 0 0 0 0 0 0 0 0 0 0 0 0 0 0 0 0 0 0 0 0 0 0 0 0 0 0 0 0 0 0 0 0 0 0 0 0 0 1 0 0 0 0 0 0 0 0 0 0 0 0 0 0 0 0 0 0 0 0 0 0 0 0 0 0 0 0 0 0 0 0 0 0 0 0 0 0 0 0 0 0]
[782454997561946212352704157336015572221514955175710254620625264797544917076400633658923071734284509013771306283785534981421453102306081859193476897225940276532189871027961549484168348097387963758785432037576266815960884221307724335784645335185826800197662827711039838555244400615651343499 0 0 0 0 0 0 0 0 0 0 0 0 0 0 0 0 0 0 0 0 0 0 0 0 0 0 0 0 0 0 0 0 0 0 0 0 0 0 0 0 0 0 0 0 0 0 0 0 0 0 0 0 0 1 0 0 0 0 0 0 0 0 0 0 0 0 0 0 0 0 0 0 0 0 0 0 0 0 0 0 0 0 0 0 0 0 0 0 0 0 0 0 0 0 0]
[8084528296924861182942686688273864889218337536967567431531760288005736372598167651002644229965625636680080867691491462613717626439657979673491315920508117529918140092193797373025531679556161525887579771879004175777324160739423697984731400952792721852601563204204979696845134032455630759608 0 0 0 0 0 0 0 0 0 0 0 0 0 0 0 0 0 0 0 0 0 0 0 0 0 0 0 0 0 0 0 0 0 0 0 0 0 0 0 0 0 0 0 0 0 0 0 0 0 0 0 0 0 0 1 0 0 0 0 0 0 0 0 0 0 0 0 0 0 0 0 0 0 0 0 0 0 0 0 0 0 0 0 0 0 0 0 0 0 0 0 0 0 0 0]
[4413301581395130390105307538425182089238595074010901322491983874108346882380576291222865451168684126951068958585701852861934803244322219898890753779861872854922145144613289337086836240816289319783968315696012006823922316909667996794577610073526464749886856881717241312216006006086779499548 0 0 0 0 0 0 0 0 0 0 0 0 0 0 0 0 0 0 0 0 0 0 0 0 0 0 0 0 0 0 0 0 0 0 0 0 0 0 0 0 0 0 0 0 0 0 0 0 0 0 0 0 0 0 0 1 0 0 0 0 0 0 0 0 0 0 0 0 0 0 0 0 0 0 0 0 0 0 0 0 0 0 0 0 0 0 0 0 0 0 0 0 0 0 0]
[4802092319652438306371716152965538285659227353123381041697476455433752149737674160733658120865968670979742391007214925755730097228092118021485120340717871218835040038452216325504925685543490280671573814916354925075299976902764135766760344158815339211744464802990311041734837030149254693971 0 0 0 0 0 0 0 0 0 0 0 0 0 0 0 0 0 0 0 0 0 0 0 0 0 0 0 0 0 0 0 0 0 0 0 0 0 0 0 0 0 0 0 0 0 0 0 0 0 0 0 0 0 0 0 0 1 0 0 0 0 0 0 0 0 0 0 0 0 0 0 0 0 0 0 0 0 0 0 0 0 0 0 0 0 0 0 0 0 0 0 0 0 0 0]
[3537610014277702753197057808518638586828371702975948000213822379843392623166601253129995939205879307790976179516454872516095487132674483247092870658298634881910967334172559008408439804603438398260594816752383543326824791400392797631499377902244372571071478622868715577957298659992045652011 0 0 0 0 0 0 0 0 0 0 0 0 0 0 0 0 0 0 0 0 0 0 0 0 0 0 0 0 0 0 0 0 0 0 0 0 0 0 0 0 0 0 0 0 0 0 0 0 0 0 0 0 0 0 0 0 0 1 0 0 0 0 0 0 0 0 0 0 0 0 0 0 0 0 0 0 0 0 0 0 0 0 0 0 0 0 0 0 0 0 0 0 0 0 0]
[153913469578600580009643453346480363955996147895413717436302975689669341358770286284347295051079882216136991911601027829065339674134558335058123162137873114551328621620079470552151486573080714560294589425528941615629796771219417083400765919914927465996910253676717814439393391999815022866 0 0 0 0 0 0 0 0 0 0 0 0 0 0 0 0 0 0 0 0 0 0 0 0 0 0 0 0 0 0 0 0 0 0 0 0 0 0 0 0 0 0 0 0 0 0 0 0 0 0 0 0 0 0 0 0 0 0 1 0 0 0 0 0 0 0 0 0 0 0 0 0 0 0 0 0 0 0 0 0 0 0 0 0 0 0 0 0 0 0 0 0 0 0 0]
[3087412763287092564688373976841938339280477749423092340683443354338341630226860383496891439606921384980664475592911664031610870348626417847072808546784662234195467357702654210938547765635745122551910526113233307432158439049268908379833140771880830585222115279023078293283370694052382761089 0 0 0 0 0 0 0 0 0 0 0 0 0 0 0 0 0 0 0 0 0 0 0 0 0 0 0 0 0 0 0 0 0 0 0 0 0 0 0 0 0 0 0 0 0 0 0 0 0 0 0 0 0 0 0 0 0 0 0 1 0 0 0 0 0 0 0 0 0 0 0 0 0 0 0 0 0 0 0 0 0 0 0 0 0 0 0 0 0 0 0 0 0 0 0]
[6679009004081215827746899399021220078670906154355079878856180031924989683704668037948212513937939298048406771670751737315364299774765401784296456876879938916972180762143153938988584490366530427536841817905628824376614579236431797371302486773542700055110633090189638656019117182109741394503 0 0 0 0 0 0 0 0 0 0 0 0 0 0 0 0 0 0 0 0 0 0 0 0 0 0 0 0 0 0 0 0 0 0 0 0 0 0 0 0 0 0 0 0 0 0 0 0 0 0 0 0 0 0 0 0 0 0 0 0 1 0 0 0 0 0 0 0 0 0 0 0 0 0 0 0 0 0 0 0 0 0 0 0 0 0 0 0 0 0 0 0 0 0 0]
[608931846362376982425610800355055098644914316561239911623389994416427798437776866020636821297505152667690943307756415401861640209420863245068939947567328833394478623226634077582528717483934331158061902701205057187341298586662393411315122094740010594319961657052083784438041510453589001390 0 0 0 0 0 0 0 0 0 0 0 0 0 0 0 0 0 0 0 0 0 0 0 0 0 0 0 0 0 0 0 0 0 0 0 0 0 0 0 0 0 0 0 0 0 0 0 0 0 0 0 0 0 0 0 0 0 0 0 0 0 1 0 0 0 0 0 0 0 0 0 0 0 0 0 0 0 0 0 0 0 0 0 0 0 0 0 0 0 0 0 0 0 0 0]
[1197560307725583375741507746157226484650347751630643019466162640684945329214102422989705848646326532500727471678341906468472985858179586309261908908596278156368212985737892965127580294077728983504895404013014569671163965855284700164145381408955875598686834888207062150030807968162440028528 0 0 0 0 0 0 0 0 0 0 0 0 0 0 0 0 0 0 0 0 0 0 0 0 0 0 0 0 0 0 0 0 0 0 0 0 0 0 0 0 0 0 0 0 0 0 0 0 0 0 0 0 0 0 0 0 0 0 0 0 0 0 1 0 0 0 0 0 0 0 0 0 0 0 0 0 0 0 0 0 0 0 0 0 0 0 0 0 0 0 0 0 0 0 0]
[5636827727643270681899987103832724396704973623105409522696219648306321850270550517386915199077612862489181620248780469228568652100061440064829337390640249074164225469936581883991879280444696654433427393627526666785390364994478081313534320375354361827980106014310871336668628630999658844005 0 0 0 0 0 0 0 0 0 0 0 0 0 0 0 0 0 0 0 0 0 0 0 0 0 0 0 0 0 0 0 0 0 0 0 0 0 0 0 0 0 0 0 0 0 0 0 0 0 0 0 0 0 0 0 0 0 0 0 0 0 0 0 1 0 0 0 0 0 0 0 0 0 0 0 0 0 0 0 0 0 0 0 0 0 0 0 0 0 0 0 0 0 0 0]
[2428059797328901471040926446638089441125322907200257698262784252938249181465314559834783572291164033759013760064230327581840792100146187131187056388258153568011961477040051842677308836498745110945587838976555988439977449069185648431329905441570808660319332960070948896594590024376152387770 0 0 0 0 0 0 0 0 0 0 0 0 0 0 0 0 0 0 0 0 0 0 0 0 0 0 0 0 0 0 0 0 0 0 0 0 0 0 0 0 0 0 0 0 0 0 0 0 0 0 0 0 0 0 0 0 0 0 0 0 0 0 0 0 1 0 0 0 0 0 0 0 0 0 0 0 0 0 0 0 0 0 0 0 0 0 0 0 0 0 0 0 0 0 0]
[1731340660047248003971974121616955628008368327572627542805030634129724320204253947168915936721529949633325601304948228247211973975745937977657921663767155319829535435455995059739208196385872349768627059457212372921504574505338934972741538272192383430939662959703751933453809754467833188593 0 0 0 0 0 0 0 0 0 0 0 0 0 0 0 0 0 0 0 0 0 0 0 0 0 0 0 0 0 0 0 0 0 0 0 0 0 0 0 0 0 0 0 0 0 0 0 0 0 0 0 0 0 0 0 0 0 0 0 0 0 0 0 0 0 1 0 0 0 0 0 0 0 0 0 0 0 0 0 0 0 0 0 0 0 0 0 0 0 0 0 0 0 0 0]
[2118229622569210421496750033166562166514176276364689096476828721635518222827757587593492578815389568603869137361817306586444818332557461481272607327744713743386003651818219976806349569959681948803271661406194646815260398756840698972538680044671054059533807184876376284730113463433410909015 0 0 0 0 0 0 0 0 0 0 0 0 0 0 0 0 0 0 0 0 0 0 0 0 0 0 0 0 0 0 0 0 0 0 0 0 0 0 0 0 0 0 0 0 0 0 0 0 0 0 0 0 0 0 0 0 0 0 0 0 0 0 0 0 0 0 1 0 0 0 0 0 0 0 0 0 0 0 0 0 0 0 0 0 0 0 0 0 0 0 0 0 0 0 0]
[8331905583928509956797408147868412514291150915207760758855487217181316979917669135455670424717321410520566256412520975830746971638611463818805823932757742108145516780832594710713124928271232604211699186010334448147004983659852339922246951060403443690575459195524884559784619053489924625125 0 0 0 0 0 0 0 0 0 0 0 0 0 0 0 0 0 0 0 0 0 0 0 0 0 0 0 0 0 0 0 0 0 0 0 0 0 0 0 0 0 0 0 0 0 0 0 0 0 0 0 0 0 0 0 0 0 0 0 0 0 0 0 0 0 0 0 1 0 0 0 0 0 0 0 0 0 0 0 0 0 0 0 0 0 0 0 0 0 0 0 0 0 0 0]
[6497752018648745924435418796256338164024215184220032350832678205158257403126866789547078191842974819209479520620961364085987183724112066537797285562315614899722742131423607886900590677612126922660558964129803804086526948979769170453903569781728818640979022151927240992351055919662749766586 0 0 0 0 0 0 0 0 0 0 0 0 0 0 0 0 0 0 0 0 0 0 0 0 0 0 0 0 0 0 0 0 0 0 0 0 0 0 0 0 0 0 0 0 0 0 0 0 0 0 0 0 0 0 0 0 0 0 0 0 0 0 0 0 0 0 0 0 1 0 0 0 0 0 0 0 0 0 0 0 0 0 0 0 0 0 0 0 0 0 0 0 0 0 0]
[3059586113568614136569477728848140219155307995828839181719696152377934803542272154294722187076407331836023703763106161722208604184584123675474163026330172456807655662195778561382318696231055902726172381006323984471228690016615718528355048789981478830031255890122223154875225595596519792622 0 0 0 0 0 0 0 0 0 0 0 0 0 0 0 0 0 0 0 0 0 0 0 0 0 0 0 0 0 0 0 0 0 0 0 0 0 0 0 0 0 0 0 0 0 0 0 0 0 0 0 0 0 0 0 0 0 0 0 0 0 0 0 0 0 0 0 0 0 1 0 0 0 0 0 0 0 0 0 0 0 0 0 0 0 0 0 0 0 0 0 0 0 0 0]
[7042555909169243856776473681582660534064613381272614827968077356110625496945224761715400189344828723771450481946227817407466292562432963579022392584100789713187216526394392534910852409012182829819219642118689277464231222464512072076706916324169512428126405963309502150988723703410104036152 0 0 0 0 0 0 0 0 0 0 0 0 0 0 0 0 0 0 0 0 0 0 0 0 0 0 0 0 0 0 0 0 0 0 0 0 0 0 0 0 0 0 0 0 0 0 0 0 0 0 0 0 0 0 0 0 0 0 0 0 0 0 0 0 0 0 0 0 0 0 1 0 0 0 0 0 0 0 0 0 0 0 0 0 0 0 0 0 0 0 0 0 0 0 0]
[5562914780114292403654348497127393852997444307841926093474250846507651036599907005422152357636729401307858325954527855327345097606495714586012996522811099174074221136056324562651600487998133256472141328621786811574691540308741013260801217401774745334868198230944862169885585742504698143384 0 0 0 0 0 0 0 0 0 0 0 0 0 0 0 0 0 0 0 0 0 0 0 0 0 0 0 0 0 0 0 0 0 0 0 0 0 0 0 0 0 0 0 0 0 0 0 0 0 0 0 0 0 0 0 0 0 0 0 0 0 0 0 0 0 0 0 0 0 0 0 1 0 0 0 0 0 0 0 0 0 0 0 0 0 0 0 0 0 0 0 0 0 0 0]
[65435166407932823074700572872221940656020501388179026967566592904495590070839187495343215515790497044795213694920731057659758250393270800005228335622956210947316067871978455929885704578480553896628188128958168783289562598948265435997706556523891942659401101197540598219197624048896916098 0 0 0 0 0 0 0 0 0 0 0 0 0 0 0 0 0 0 0 0 0 0 0 0 0 0 0 0 0 0 0 0 0 0 0 0 0 0 0 0 0 0 0 0 0 0 0 0 0 0 0 0 0 0 0 0 0 0 0 0 0 0 0 0 0 0 0 0 0 0 0 0 1 0 0 0 0 0 0 0 0 0 0 0 0 0 0 0 0 0 0 0 0 0 0]
[3148258582410190951375404610659016895501110011269321570442675715064575191100245710116880501637440048202147195963928050957430266210302848777814447815761541262748793940427814045992676155037089389620271212902938887036597366789621197853191479940586577222763876278567214663518590332180844809465 0 0 0 0 0 0 0 0 0 0 0 0 0 0 0 0 0 0 0 0 0 0 0 0 0 0 0 0 0 0 0 0 0 0 0 0 0 0 0 0 0 0 0 0 0 0 0 0 0 0 0 0 0 0 0 0 0 0 0 0 0 0 0 0 0 0 0 0 0 0 0 0 0 1 0 0 0 0 0 0 0 0 0 0 0 0 0 0 0 0 0 0 0 0 0]
[93011459250575179113339023094678810591939424704537688245754201002333997466532209720679793753935896813936235293425271660809112612387600498308315344440279332025419672055782182885076060016996782070707677705286892347655323650822574606542733932471961200054571822680435768132609141216590126692 0 0 0 0 0 0 0 0 0 0 0 0 0 0 0 0 0 0 0 0 0 0 0 0 0 0 0 0 0 0 0 0 0 0 0 0 0 0 0 0 0 0 0 0 0 0 0 0 0 0 0 0 0 0 0 0 0 0 0 0 0 0 0 0 0 0 0 0 0 0 0 0 0 0 1 0 0 0 0 0 0 0 0 0 0 0 0 0 0 0 0 0 0 0 0]
[7394646677518538175919411348322854262472252163200289095677139946442180348658361859307248916370193059531453869367325769284653283547060673821025607533053544489192631152951769957808662599689493751009916954419079281915273590227796805142738106745959387830530344738017264727179158342081199642339 0 0 0 0 0 0 0 0 0 0 0 0 0 0 0 0 0 0 0 0 0 0 0 0 0 0 0 0 0 0 0 0 0 0 0 0 0 0 0 0 0 0 0 0 0 0 0 0 0 0 0 0 0 0 0 0 0 0 0 0 0 0 0 0 0 0 0 0 0 0 0 0 0 0 0 1 0 0 0 0 0 0 0 0 0 0 0 0 0 0 0 0 0 0 0]
[1072613349464516707244825993473292639296497438608650643894613710541386107352843152652103188190392393009220959388534852023479584238199133649774607297472408198082323838292550631884501692201078614358642332427177571226225843765100173829394824675203072862162396298703745687306511228178558509123 0 0 0 0 0 0 0 0 0 0 0 0 0 0 0 0 0 0 0 0 0 0 0 0 0 0 0 0 0 0 0 0 0 0 0 0 0 0 0 0 0 0 0 0 0 0 0 0 0 0 0 0 0 0 0 0 0 0 0 0 0 0 0 0 0 0 0 0 0 0 0 0 0 0 0 0 1 0 0 0 0 0 0 0 0 0 0 0 0 0 0 0 0 0 0]
[6788500325978730814909429955808352176410760195460412588519418045203437385696282987743638818222449633905334844281643560936601732327373086845355121501255501059261165040073838687039750902851569746820465421675062060011307844727875582345139273740032294187727369547061893601255963305992441795074 0 0 0 0 0 0 0 0 0 0 0 0 0 0 0 0 0 0 0 0 0 0 0 0 0 0 0 0 0 0 0 0 0 0 0 0 0 0 0 0 0 0 0 0 0 0 0 0 0 0 0 0 0 0 0 0 0 0 0 0 0 0 0 0 0 0 0 0 0 0 0 0 0 0 0 0 0 1 0 0 0 0 0 0 0 0 0 0 0 0 0 0 0 0 0]
[7012051635168009545060333746048546564319005393357064000193552342216355996242296503056608136207948201535092788509830671044060869381797557999416217603463103659421149933429477361290500571594496835318908942766949243224251108556562443446149841597036189940228090870042188385842678164796554650647 0 0 0 0 0 0 0 0 0 0 0 0 0 0 0 0 0 0 0 0 0 0 0 0 0 0 0 0 0 0 0 0 0 0 0 0 0 0 0 0 0 0 0 0 0 0 0 0 0 0 0 0 0 0 0 0 0 0 0 0 0 0 0 0 0 0 0 0 0 0 0 0 0 0 0 0 0 0 1 0 0 0 0 0 0 0 0 0 0 0 0 0 0 0 0]
[6499023274275577137677854383533843671518044168967518570117455590675546397104481372877808475325243427896771080406767488135127280520142675589116277882429156697987312440235343617309658276669063840456366234921525478620148405509325049379645507178919212422735455721267967735153376362749242539947 0 0 0 0 0 0 0 0 0 0 0 0 0 0 0 0 0 0 0 0 0 0 0 0 0 0 0 0 0 0 0 0 0 0 0 0 0 0 0 0 0 0 0 0 0 0 0 0 0 0 0 0 0 0 0 0 0 0 0 0 0 0 0 0 0 0 0 0 0 0 0 0 0 0 0 0 0 0 0 1 0 0 0 0 0 0 0 0 0 0 0 0 0 0 0]
[8053928584925839872721605501738105944767553772907604942490390554445122346590856571386694757849178227247902902032458751883770402136728461164122040433942721077383180046662132754256735710579416763726896105452368687379942347163196596543266717525996296803093711696859715105208176119866122079568 0 0 0 0 0 0 0 0 0 0 0 0 0 0 0 0 0 0 0 0 0 0 0 0 0 0 0 0 0 0 0 0 0 0 0 0 0 0 0 0 0 0 0 0 0 0 0 0 0 0 0 0 0 0 0 0 0 0 0 0 0 0 0 0 0 0 0 0 0 0 0 0 0 0 0 0 0 0 0 0 1 0 0 0 0 0 0 0 0 0 0 0 0 0 0]
[1317857375698692112024888867902857235861311010113181746379962030660117280971188116172606552836648872541825315384047938833436108825510500645553416344374896431140924969616109261093131775319140239016123002587377908201668850566556035138117479013002798736375245683983850988640795588243519431934 0 0 0 0 0 0 0 0 0 0 0 0 0 0 0 0 0 0 0 0 0 0 0 0 0 0 0 0 0 0 0 0 0 0 0 0 0 0 0 0 0 0 0 0 0 0 0 0 0 0 0 0 0 0 0 0 0 0 0 0 0 0 0 0 0 0 0 0 0 0 0 0 0 0 0 0 0 0 0 0 0 1 0 0 0 0 0 0 0 0 0 0 0 0 0]
[2905007225307697822934992320765799136979528124732424082714785962914622853604166832379514041154925310133534467150239230749519325126290134571407473984355305691966847854864141274620176464863578198678246324317855633045610999046339072447507083387457265721105625472354215450802078807060608862045 0 0 0 0 0 0 0 0 0 0 0 0 0 0 0 0 0 0 0 0 0 0 0 0 0 0 0 0 0 0 0 0 0 0 0 0 0 0 0 0 0 0 0 0 0 0 0 0 0 0 0 0 0 0 0 0 0 0 0 0 0 0 0 0 0 0 0 0 0 0 0 0 0 0 0 0 0 0 0 0 0 0 1 0 0 0 0 0 0 0 0 0 0 0 0]
[1662224777492457863508751557901124426587688510275681878054343463344481453220511135503503025776567441316879170691403425337699355101307971918701652578659464852544029081759105498065817731325374584933026949793071740061015942217355590699825521920679055537544454015594299685584298438288665604870 0 0 0 0 0 0 0 0 0 0 0 0 0 0 0 0 0 0 0 0 0 0 0 0 0 0 0 0 0 0 0 0 0 0 0 0 0 0 0 0 0 0 0 0 0 0 0 0 0 0 0 0 0 0 0 0 0 0 0 0 0 0 0 0 0 0 0 0 0 0 0 0 0 0 0 0 0 0 0 0 0 0 0 1 0 0 0 0 0 0 0 0 0 0 0]
[6849496811815636019925957757211012516343896194894375669655557296691066952996075869548942717616635624790034017398799480529777187418589068013715807726836062503493654595511744767221326648520254312340105068968657400785930191507878474896811076450969824331542084471256524168267981814657401200049 0 0 0 0 0 0 0 0 0 0 0 0 0 0 0 0 0 0 0 0 0 0 0 0 0 0 0 0 0 0 0 0 0 0 0 0 0 0 0 0 0 0 0 0 0 0 0 0 0 0 0 0 0 0 0 0 0 0 0 0 0 0 0 0 0 0 0 0 0 0 0 0 0 0 0 0 0 0 0 0 0 0 0 0 1 0 0 0 0 0 0 0 0 0 0]
[5625420103384482248767470094934247781938873397432634853824878352327217615606549333968512317074183414119181363981618555296737375548588169476129290907622678302928552991340850053737608218718051624563426322222832694561749683171500707025638904821264989470634604949778677731894506016837822929956 0 0 0 0 0 0 0 0 0 0 0 0 0 0 0 0 0 0 0 0 0 0 0 0 0 0 0 0 0 0 0 0 0 0 0 0 0 0 0 0 0 0 0 0 0 0 0 0 0 0 0 0 0 0 0 0 0 0 0 0 0 0 0 0 0 0 0 0 0 0 0 0 0 0 0 0 0 0 0 0 0 0 0 0 0 1 0 0 0 0 0 0 0 0 0]
[1589670254623421914871406580346467224757574978997701381244114953863675249854321995053377714226723325769574408902760183637772612746991380821673004794627428151860094749558961135454129469389606219938255190644736727029027261169958348619991037682497329059091039257183111364293387791379985705290 0 0 0 0 0 0 0 0 0 0 0 0 0 0 0 0 0 0 0 0 0 0 0 0 0 0 0 0 0 0 0 0 0 0 0 0 0 0 0 0 0 0 0 0 0 0 0 0 0 0 0 0 0 0 0 0 0 0 0 0 0 0 0 0 0 0 0 0 0 0 0 0 0 0 0 0 0 0 0 0 0 0 0 0 0 0 1 0 0 0 0 0 0 0 0]
[4047083217470846274592594718532719954379268268990177286612522021546385794787780309753395759696391896578084332242992324873753355921728454653680027454956687401849338664135250850101643108882842242220874104413614431345654756071576586934084116818927996899289831028981460708984153001492989986128 0 0 0 0 0 0 0 0 0 0 0 0 0 0 0 0 0 0 0 0 0 0 0 0 0 0 0 0 0 0 0 0 0 0 0 0 0 0 0 0 0 0 0 0 0 0 0 0 0 0 0 0 0 0 0 0 0 0 0 0 0 0 0 0 0 0 0 0 0 0 0 0 0 0 0 0 0 0 0 0 0 0 0 0 0 0 0 1 0 0 0 0 0 0 0]
[7709035947429723526042368267772658907455262782377455135100095662552990521757942960669147221207589451084206330924057392963904642883466591124886763207152223139740679745889122502410747144545641512724033314508795898697965273353613795542395166576999429853505921381627620766068076074978352629661 0 0 0 0 0 0 0 0 0 0 0 0 0 0 0 0 0 0 0 0 0 0 0 0 0 0 0 0 0 0 0 0 0 0 0 0 0 0 0 0 0 0 0 0 0 0 0 0 0 0 0 0 0 0 0 0 0 0 0 0 0 0 0 0 0 0 0 0 0 0 0 0 0 0 0 0 0 0 0 0 0 0 0 0 0 0 0 0 1 0 0 0 0 0 0]
[5830680797064870997462994459313988626580190352393680859801796682015588934337360004775926281042581904707178434109729979538028787806343685953570805694993404240548437863394836446634509159104831733301576637968759067179016172672712202138336450040200923039659402208405144993062688277122021768859 0 0 0 0 0 0 0 0 0 0 0 0 0 0 0 0 0 0 0 0 0 0 0 0 0 0 0 0 0 0 0 0 0 0 0 0 0 0 0 0 0 0 0 0 0 0 0 0 0 0 0 0 0 0 0 0 0 0 0 0 0 0 0 0 0 0 0 0 0 0 0 0 0 0 0 0 0 0 0 0 0 0 0 0 0 0 0 0 0 1 0 0 0 0 0]
[8132039769348350855203401092456033675695437295601822076498126062053032694942198285233037266990537635816039571159965814912329586386667288372901290697410376161067966953944418576910091401735791272781665670883667167868169615480249601311268599202242168562593262855643048186985735751791366662807 0 0 0 0 0 0 0 0 0 0 0 0 0 0 0 0 0 0 0 0 0 0 0 0 0 0 0 0 0 0 0 0 0 0 0 0 0 0 0 0 0 0 0 0 0 0 0 0 0 0 0 0 0 0 0 0 0 0 0 0 0 0 0 0 0 0 0 0 0 0 0 0 0 0 0 0 0 0 0 0 0 0 0 0 0 0 0 0 0 0 1 0 0 0 0]
[6355341215261241986735335438845304465299498016223423497644391419320939669932765890519125351958917404388045754906595405027122174653404464674068925467918987626018449875936140033364170469402671396120399909965308096596657958291168676514339894961326681084222429892296381009663875440062856544899 0 0 0 0 0 0 0 0 0 0 0 0 0 0 0 0 0 0 0 0 0 0 0 0 0 0 0 0 0 0 0 0 0 0 0 0 0 0 0 0 0 0 0 0 0 0 0 0 0 0 0 0 0 0 0 0 0 0 0 0 0 0 0 0 0 0 0 0 0 0 0 0 0 0 0 0 0 0 0 0 0 0 0 0 0 0 0 0 0 0 0 1 0 0 0]
[7595031380983888041508098275806525414319008903151979970507064021519277946449283881202442426888629269505825082842463751112828211119483320717729366917175741677736847335140050647916502550034706545263565318980285431752818788113667521289132989264485872608014227975859623668177304548119450077422 0 0 0 0 0 0 0 0 0 0 0 0 0 0 0 0 0 0 0 0 0 0 0 0 0 0 0 0 0 0 0 0 0 0 0 0 0 0 0 0 0 0 0 0 0 0 0 0 0 0 0 0 0 0 0 0 0 0 0 0 0 0 0 0 0 0 0 0 0 0 0 0 0 0 0 0 0 0 0 0 0 0 0 0 0 0 0 0 0 0 0 0 1 0 0]
[8363831298444361350865932886390469459306211058584091716669889581681352941846273392390334403962363438346005641005870997010830378137802901907903148456055824995049237607015878852247355198420467421440257232302089707494651070118936385973776118050314039298779550561227805690290178599850930755562 0 0 0 0 0 0 0 0 0 0 0 0 0 0 0 0 0 0 0 0 0 0 0 0 0 0 0 0 0 0 0 0 0 0 0 0 0 0 0 0 0 0 0 0 0 0 0 0 0 0 0 0 0 0 0 0 0 0 0 0 0 0 0 0 0 0 0 0 0 0 0 0 0 0 0 0 0 0 0 0 0 0 0 0 0 0 0 0 0 0 0 0 0 1 0]
[1363802783647549738153566376436556667886854637708768162185415003134543686654425617873012371085328422454762044538557802663264025909569391939846998850590554692602696608367672276209958881694791153842209157146555447038682325611556573089380102133405044613483514135306085883675744952528729099857 0 0 0 0 0 0 0 0 0 0 0 0 0 0 0 0 0 0 0 0 0 0 0 0 0 0 0 0 0 0 0 0 0 0 0 0 0 0 0 0 0 0 0 0 0 0 0 0 0 0 0 0 0 0 0 0 0 0 0 0 0 0 0 0 0 0 0 0 0 0 0 0 0 0 0 0 0 0 0 0 0 0 0 0 0 0 0 0 0 0 0 0 0 0 1]
]
