[[2740572495890952849256520999317424920473016285707914850346909733518529825162182855034460430615424571083120173712969728386257765445700851767628980656996267694608683183338172899 0 0 0 0 0 0 0 0 0 0 0 0 0 0 0 0 0 0 0 0 0 0 0 0 0 0 0 0 0 0 0 0 0 0 0 0 0 0 0 0 0 0 0 0 0 0 0 0 0 0 0 0 0 0 0 0 0]
[2072366978590779941359411997923836355643994765088234429629461970896257170091843394103501382840193982443565792563468406304009845188281128952803734193942191633737140494703832778 1 0 0 0 0 0 0 0 0 0 0 0 0 0 0 0 0 0 0 0 0 0 0 0 0 0 0 0 0 0 0 0 0 0 0 0 0 0 0 0 0 0 0 0 0 0 0 0 0 0 0 0 0 0 0 0 0]
[1964264194323109441023645496564335608016850706799798531437052933919902114968159038094099795487833541597535829306333084984023737859692363448280389540026882728738080562355765009 0 1 0 0 0 0 0 0 0 0 0 0 0 0 0 0 0 0 0 0 0 0 0 0 0 0 0 0 0 0 0 0 0 0 0 0 0 0 0 0 0 0 0 0 0 0 0 0 0 0 0 0 0 0 0 0 0]
[2409823673043743487794643248678016708481358892243024089706438811042364991458994888324058247394569238180104268421790505806167327363619545962802696458721375998043611968650124108 0 0 1 0 0 0 0 0 0 0 0 0 0 0 0 0 0 0 0 0 0 0 0 0 0 0 0 0 0 0 0 0 0 0 0 0 0 0 0 0 0 0 0 0 0 0 0 0 0 0 0 0 0 0 0 0 0]
[506692421450393365543667875523517929292367191487267031650554112454729217875532672554682676298569934081734979496652404677569890714688377627112462236563965638934916407588203906 0 0 0 1 0 0 0 0 0 0 0 0 0 0 0 0 0 0 0 0 0 0 0 0 0 0 0 0 0 0 0 0 0 0 0 0 0 0 0 0 0 0 0 0 0 0 0 0 0 0 0 0 0 0 0 0 0]
[1629081472245562412908263702081664584815908756454319992979659869005645291378852940033015963079220223367108500219853827104233191676228921067442539487610142047304706341214317911 0 0 0 0 1 0 0 0 0 0 0 0 0 0 0 0 0 0 0 0 0 0 0 0 0 0 0 0 0 0 0 0 0 0 0 0 0 0 0 0 0 0 0 0 0 0 0 0 0 0 0 0 0 0 0 0 0]
[2127844686372634236216497639685886073347613544889896141047178724300840064492512943151771194869958256223566851357388954044032453325867614870385686497929852910809403670921529667 0 0 0 0 0 1 0 0 0 0 0 0 0 0 0 0 0 0 0 0 0 0 0 0 0 0 0 0 0 0 0 0 0 0 0 0 0 0 0 0 0 0 0 0 0 0 0 0 0 0 0 0 0 0 0 0 0]
[1202386515963447296105297735880021600226688849461471999351757499696135272280576381693775508779370341701912943384295926374095393946769726169482491274823275143660742604149693545 0 0 0 0 0 0 1 0 0 0 0 0 0 0 0 0 0 0 0 0 0 0 0 0 0 0 0 0 0 0 0 0 0 0 0 0 0 0 0 0 0 0 0 0 0 0 0 0 0 0 0 0 0 0 0 0 0]
[578153945139394196192740541833002961072994149309674413613262401590078462097363638249063253743878119687850382455935900910556237096226503622086189433781260149797697031486463845 0 0 0 0 0 0 0 1 0 0 0 0 0 0 0 0 0 0 0 0 0 0 0 0 0 0 0 0 0 0 0 0 0 0 0 0 0 0 0 0 0 0 0 0 0 0 0 0 0 0 0 0 0 0 0 0 0]
[529589687460736082691272517431033605946511744739058682670325262658847989106216475342886416418829655304067923596625013485923537335466056398419798262814163811492187128112891940 0 0 0 0 0 0 0 0 1 0 0 0 0 0 0 0 0 0 0 0 0 0 0 0 0 0 0 0 0 0 0 0 0 0 0 0 0 0 0 0 0 0 0 0 0 0 0 0 0 0 0 0 0 0 0 0 0]
[2232784699070519090887828373067868891879721409488369270051158441346494738262477121820249760510070475023997889664525607804106148945424942487427715578882421273527952435148343088 0 0 0 0 0 0 0 0 0 1 0 0 0 0 0 0 0 0 0 0 0 0 0 0 0 0 0 0 0 0 0 0 0 0 0 0 0 0 0 0 0 0 0 0 0 0 0 0 0 0 0 0 0 0 0 0 0]
[2411643901262339092069416750172129091033199309255004297752371167766113488246232667066116069804335346329317865070266955147410722969599767332870425367108536797224568003061196958 0 0 0 0 0 0 0 0 0 0 1 0 0 0 0 0 0 0 0 0 0 0 0 0 0 0 0 0 0 0 0 0 0 0 0 0 0 0 0 0 0 0 0 0 0 0 0 0 0 0 0 0 0 0 0 0 0]
[2374379159341080672545446133371698476920738660841003229176411771540826125002525177329130321509556822304118805149624289400025681983854305212367443349427096803855435743408365452 0 0 0 0 0 0 0 0 0 0 0 1 0 0 0 0 0 0 0 0 0 0 0 0 0 0 0 0 0 0 0 0 0 0 0 0 0 0 0 0 0 0 0 0 0 0 0 0 0 0 0 0 0 0 0 0 0]
[2266471099481961615476798052673572907892712325422250063619596573955560337073436143444220959646866309711087856081599404742136209747855870684772154171930875749423038761701228553 0 0 0 0 0 0 0 0 0 0 0 0 1 0 0 0 0 0 0 0 0 0 0 0 0 0 0 0 0 0 0 0 0 0 0 0 0 0 0 0 0 0 0 0 0 0 0 0 0 0 0 0 0 0 0 0 0]
[1525608849192142809580402533207073456804410104675828576990561082317643717005021579138931237052763825268691827826148821635133593512052927530697728405317281779397912549699562738 0 0 0 0 0 0 0 0 0 0 0 0 0 1 0 0 0 0 0 0 0 0 0 0 0 0 0 0 0 0 0 0 0 0 0 0 0 0 0 0 0 0 0 0 0 0 0 0 0 0 0 0 0 0 0 0 0]
[2411728429080887248891419860521003600464211856212302323426860667773261186343095116344860724295752405942900152807438429143941109749721714944565342898620538276450280346478341710 0 0 0 0 0 0 0 0 0 0 0 0 0 0 1 0 0 0 0 0 0 0 0 0 0 0 0 0 0 0 0 0 0 0 0 0 0 0 0 0 0 0 0 0 0 0 0 0 0 0 0 0 0 0 0 0 0]
[999328213285695262412369552177335859162321651769550425993738306778243776925439419703561426858040931765608570145128961965113790010245169775212202955626816359118220063498168174 0 0 0 0 0 0 0 0 0 0 0 0 0 0 0 1 0 0 0 0 0 0 0 0 0 0 0 0 0 0 0 0 0 0 0 0 0 0 0 0 0 0 0 0 0 0 0 0 0 0 0 0 0 0 0 0 0]
[892031411648676847388729703386211567700382777190549267507265661981898429030597439336989945282963524678325770895492087987293860214949473572626288490776887135739198827151939368 0 0 0 0 0 0 0 0 0 0 0 0 0 0 0 0 1 0 0 0 0 0 0 0 0 0 0 0 0 0 0 0 0 0 0 0 0 0 0 0 0 0 0 0 0 0 0 0 0 0 0 0 0 0 0 0 0]
[1523714038071712412559255149506344516597248363070184556778247684867542224664744377313183536233429762971395378433575292029522909993204021365407728711799586185765238515149309601 0 0 0 0 0 0 0 0 0 0 0 0 0 0 0 0 0 1 0 0 0 0 0 0 0 0 0 0 0 0 0 0 0 0 0 0 0 0 0 0 0 0 0 0 0 0 0 0 0 0 0 0 0 0 0 0 0]
[1471141048414135561514632414361369244335140910714775417714157046247906837136998826483681008524197872385682393576487379302579838468133721979602763421947635603623255751355801249 0 0 0 0 0 0 0 0 0 0 0 0 0 0 0 0 0 0 1 0 0 0 0 0 0 0 0 0 0 0 0 0 0 0 0 0 0 0 0 0 0 0 0 0 0 0 0 0 0 0 0 0 0 0 0 0 0]
[2108630383023185753876363890527929879024839453275405304504832356203618829957814977921900260175804887725221229758562960270517456645574658034465126597194864095568073486701902119 0 0 0 0 0 0 0 0 0 0 0 0 0 0 0 0 0 0 0 1 0 0 0 0 0 0 0 0 0 0 0 0 0 0 0 0 0 0 0 0 0 0 0 0 0 0 0 0 0 0 0 0 0 0 0 0 0]
[1226412891244341035838205282825496726830970610118281080591411025280541933063268383819935530945559582480880227078684159781242489663318240756033789889757031265335441308024265171 0 0 0 0 0 0 0 0 0 0 0 0 0 0 0 0 0 0 0 0 1 0 0 0 0 0 0 0 0 0 0 0 0 0 0 0 0 0 0 0 0 0 0 0 0 0 0 0 0 0 0 0 0 0 0 0 0]
[62513861394118769916903821307958619964444196795104851582464782472082017269226365978440534083512746306433929944628821824956917292668397470123680861594602001153135027871254453 0 0 0 0 0 0 0 0 0 0 0 0 0 0 0 0 0 0 0 0 0 1 0 0 0 0 0 0 0 0 0 0 0 0 0 0 0 0 0 0 0 0 0 0 0 0 0 0 0 0 0 0 0 0 0 0 0]
[801606216955226777973923830117079303068415779626462927206518260712900870525897993261935275238939359295057041921403172482494150942584530462284728759945807355876811132985822010 0 0 0 0 0 0 0 0 0 0 0 0 0 0 0 0 0 0 0 0 0 0 1 0 0 0 0 0 0 0 0 0 0 0 0 0 0 0 0 0 0 0 0 0 0 0 0 0 0 0 0 0 0 0 0 0 0]
[2321490486017681083770530231359382171009730584673007421440959650964259691084714063368626059450425824292490181091366451765385345402689585457290337932381807174680256967188123196 0 0 0 0 0 0 0 0 0 0 0 0 0 0 0 0 0 0 0 0 0 0 0 1 0 0 0 0 0 0 0 0 0 0 0 0 0 0 0 0 0 0 0 0 0 0 0 0 0 0 0 0 0 0 0 0 0]
[350156028042793651090384719034425919379210089849087542196119632325062871539198910708273751057223752146524067407132779923811330078947314911333938525235021349128557968053566214 0 0 0 0 0 0 0 0 0 0 0 0 0 0 0 0 0 0 0 0 0 0 0 0 1 0 0 0 0 0 0 0 0 0 0 0 0 0 0 0 0 0 0 0 0 0 0 0 0 0 0 0 0 0 0 0 0]
[12666536936055086099975932377014493115517324987051175078374722479052977444146762530817050585178884013213380246431070628315256789899906568534526009930279993018283458395101670 0 0 0 0 0 0 0 0 0 0 0 0 0 0 0 0 0 0 0 0 0 0 0 0 0 1 0 0 0 0 0 0 0 0 0 0 0 0 0 0 0 0 0 0 0 0 0 0 0 0 0 0 0 0 0 0 0]
[1103182271781564273173880047395922442771503953698016527699911732761853583262044749386925592220607368792447812675710703714123189716295923683739338228510492395096924009145931062 0 0 0 0 0 0 0 0 0 0 0 0 0 0 0 0 0 0 0 0 0 0 0 0 0 0 1 0 0 0 0 0 0 0 0 0 0 0 0 0 0 0 0 0 0 0 0 0 0 0 0 0 0 0 0 0 0]
[140411221884199382785904315917881566020184692614794983738054586233733482731291050062115405543281929317723124778506377293690544990238719794354649174554999295539828652234607047 0 0 0 0 0 0 0 0 0 0 0 0 0 0 0 0 0 0 0 0 0 0 0 0 0 0 0 1 0 0 0 0 0 0 0 0 0 0 0 0 0 0 0 0 0 0 0 0 0 0 0 0 0 0 0 0 0]
[2638859084781844806418985466438121351245661625259967604792068544333224189208241393361406264102735461232010744207464444863174019510429530158551478945441959373410595622527885103 0 0 0 0 0 0 0 0 0 0 0 0 0 0 0 0 0 0 0 0 0 0 0 0 0 0 0 0 1 0 0 0 0 0 0 0 0 0 0 0 0 0 0 0 0 0 0 0 0 0 0 0 0 0 0 0 0]
[1901650367909352135242840185113843714729720929190028696739633168508639759181665734501288817427037558468225378617386478025301709118225653354819548827464036249556690969515291029 0 0 0 0 0 0 0 0 0 0 0 0 0 0 0 0 0 0 0 0 0 0 0 0 0 0 0 0 0 1 0 0 0 0 0 0 0 0 0 0 0 0 0 0 0 0 0 0 0 0 0 0 0 0 0 0 0]
[132934373992218899219077027049975009170866037934370639860949314349323577083019100443389925472328798572948090876450934096273365873420215763200243200329092819747394055084796572 0 0 0 0 0 0 0 0 0 0 0 0 0 0 0 0 0 0 0 0 0 0 0 0 0 0 0 0 0 0 1 0 0 0 0 0 0 0 0 0 0 0 0 0 0 0 0 0 0 0 0 0 0 0 0 0 0]
[630459853146090312103933208013524879360083263809126240228962727661681088236620871420938412124694869280801045685288745082575957662361029993316697561437926015208030997181763653 0 0 0 0 0 0 0 0 0 0 0 0 0 0 0 0 0 0 0 0 0 0 0 0 0 0 0 0 0 0 0 1 0 0 0 0 0 0 0 0 0 0 0 0 0 0 0 0 0 0 0 0 0 0 0 0 0]
[1833965142639442152484366055951853054361186745757305981860538643082602130960281504625479454665233602672374925406891559153965406756636644320759830752413670011690464420043515987 0 0 0 0 0 0 0 0 0 0 0 0 0 0 0 0 0 0 0 0 0 0 0 0 0 0 0 0 0 0 0 0 1 0 0 0 0 0 0 0 0 0 0 0 0 0 0 0 0 0 0 0 0 0 0 0 0]
[2461410237536877032353847298322095300111243308393881101286798567302589593139912594850039218364150505259748626256680792701625939377603557727953195432237438048234119347745896388 0 0 0 0 0 0 0 0 0 0 0 0 0 0 0 0 0 0 0 0 0 0 0 0 0 0 0 0 0 0 0 0 0 1 0 0 0 0 0 0 0 0 0 0 0 0 0 0 0 0 0 0 0 0 0 0 0]
[536807280813004479016763598507240026639923160674092771367581415893318855470289725065655199883313061531728264912197248834324907182885885197551688537577860363240065675535517293 0 0 0 0 0 0 0 0 0 0 0 0 0 0 0 0 0 0 0 0 0 0 0 0 0 0 0 0 0 0 0 0 0 0 1 0 0 0 0 0 0 0 0 0 0 0 0 0 0 0 0 0 0 0 0 0 0]
[2240715788849403631855081980396956124091057227320174136102546435441380940618876745426185805082927496508347267733734035562597105117651222104362896134744893410932919732638438981 0 0 0 0 0 0 0 0 0 0 0 0 0 0 0 0 0 0 0 0 0 0 0 0 0 0 0 0 0 0 0 0 0 0 0 1 0 0 0 0 0 0 0 0 0 0 0 0 0 0 0 0 0 0 0 0 0]
[1649732598322197959643825196767325958070676460315621363200362251467818049918041055931820504077110144944320362884231094373126704970235223470450442379892394409324334424142576412 0 0 0 0 0 0 0 0 0 0 0 0 0 0 0 0 0 0 0 0 0 0 0 0 0 0 0 0 0 0 0 0 0 0 0 0 1 0 0 0 0 0 0 0 0 0 0 0 0 0 0 0 0 0 0 0 0]
[1703788268195824083202119355105772290206173258647862550131567361689858151338473196304264582315870713024000411979523928349157003732602962471866650773252147877586235000271083619 0 0 0 0 0 0 0 0 0 0 0 0 0 0 0 0 0 0 0 0 0 0 0 0 0 0 0 0 0 0 0 0 0 0 0 0 0 1 0 0 0 0 0 0 0 0 0 0 0 0 0 0 0 0 0 0 0]
[128053388856155473745115081751707974679867790468871038149673381882384209914645382770387667142974944047424479228868557248667858938709944624800345625422003068516920882801507696 0 0 0 0 0 0 0 0 0 0 0 0 0 0 0 0 0 0 0 0 0 0 0 0 0 0 0 0 0 0 0 0 0 0 0 0 0 0 1 0 0 0 0 0 0 0 0 0 0 0 0 0 0 0 0 0 0]
[1457687077872405293830755309989158406352029887219126168769452380345839038848133327820500257832063786942941811164968934162102664818052200880755633559374561863020602511454021748 0 0 0 0 0 0 0 0 0 0 0 0 0 0 0 0 0 0 0 0 0 0 0 0 0 0 0 0 0 0 0 0 0 0 0 0 0 0 0 1 0 0 0 0 0 0 0 0 0 0 0 0 0 0 0 0 0]
[493216446034853495827591493359113959695594639116853929638600645021839331654486979953175035647185755633418364332716833765122427144182691957653560623304791372106506814183566354 0 0 0 0 0 0 0 0 0 0 0 0 0 0 0 0 0 0 0 0 0 0 0 0 0 0 0 0 0 0 0 0 0 0 0 0 0 0 0 0 1 0 0 0 0 0 0 0 0 0 0 0 0 0 0 0 0]
[1266419212353869705634049390701604040910047290844315417644128432601902357380068139507263702970912353652839780902383733459237753101565909658728674650883903682424177237027013178 0 0 0 0 0 0 0 0 0 0 0 0 0 0 0 0 0 0 0 0 0 0 0 0 0 0 0 0 0 0 0 0 0 0 0 0 0 0 0 0 0 1 0 0 0 0 0 0 0 0 0 0 0 0 0 0 0]
[2414061414611668781590999022907705846419320088441049776966828568813209637645684696044086087558878519774355297530170681088056274892862269959828577074984346103585695233967812679 0 0 0 0 0 0 0 0 0 0 0 0 0 0 0 0 0 0 0 0 0 0 0 0 0 0 0 0 0 0 0 0 0 0 0 0 0 0 0 0 0 0 1 0 0 0 0 0 0 0 0 0 0 0 0 0 0]
[1733735888459610754178658611013175064590251278576264768036485108332763323358086839262221347059608779504788912436642059075016894727274342711699122619093771179163339209539782550 0 0 0 0 0 0 0 0 0 0 0 0 0 0 0 0 0 0 0 0 0 0 0 0 0 0 0 0 0 0 0 0 0 0 0 0 0 0 0 0 0 0 0 1 0 0 0 0 0 0 0 0 0 0 0 0 0]
[553037984314951703063148297600288125456618768665330271467052990611943145209225766884013885188515035468056367447142844510683881588114555564957777503163826869386909802716543529 0 0 0 0 0 0 0 0 0 0 0 0 0 0 0 0 0 0 0 0 0 0 0 0 0 0 0 0 0 0 0 0 0 0 0 0 0 0 0 0 0 0 0 0 1 0 0 0 0 0 0 0 0 0 0 0 0]
[2105573020536185387876957991278435031402517151663992118926509512379015753152907394842119292148427329556988233566850464659881233762880030595332097592217391329691562965700211176 0 0 0 0 0 0 0 0 0 0 0 0 0 0 0 0 0 0 0 0 0 0 0 0 0 0 0 0 0 0 0 0 0 0 0 0 0 0 0 0 0 0 0 0 0 1 0 0 0 0 0 0 0 0 0 0 0]
[1961108270632276565935887082440535961115685055163880038483888705358994602264430640307883367848835478497980991813580644407087952413741412322538384514410776347846051455527242064 0 0 0 0 0 0 0 0 0 0 0 0 0 0 0 0 0 0 0 0 0 0 0 0 0 0 0 0 0 0 0 0 0 0 0 0 0 0 0 0 0 0 0 0 0 0 1 0 0 0 0 0 0 0 0 0 0]
[1661643857773952313173867884887373920427121859487287411548897963889739303982423970500139887326128251214328847617667827097966713249135626984878982341632772545494355712721026846 0 0 0 0 0 0 0 0 0 0 0 0 0 0 0 0 0 0 0 0 0 0 0 0 0 0 0 0 0 0 0 0 0 0 0 0 0 0 0 0 0 0 0 0 0 0 0 1 0 0 0 0 0 0 0 0 0]
[2001187094394037974836996806357201972046413673906304093268988051872996352145534966918227783994499289375624956655448098670231355992424413951524387812028084007498293477268284038 0 0 0 0 0 0 0 0 0 0 0 0 0 0 0 0 0 0 0 0 0 0 0 0 0 0 0 0 0 0 0 0 0 0 0 0 0 0 0 0 0 0 0 0 0 0 0 0 1 0 0 0 0 0 0 0 0]
[861718287357315478350169392603866221468885133474873538613151549908110723539823754062166945019614885664121213635715772598155705211366975788063138055090965405925967351388709989 0 0 0 0 0 0 0 0 0 0 0 0 0 0 0 0 0 0 0 0 0 0 0 0 0 0 0 0 0 0 0 0 0 0 0 0 0 0 0 0 0 0 0 0 0 0 0 0 0 1 0 0 0 0 0 0 0]
[168058119569533153584356323095090444313986786784119235332180028706186729609175261557326530380571182111769556628589301821843829013430553939891083565647901790781827874367321933 0 0 0 0 0 0 0 0 0 0 0 0 0 0 0 0 0 0 0 0 0 0 0 0 0 0 0 0 0 0 0 0 0 0 0 0 0 0 0 0 0 0 0 0 0 0 0 0 0 0 1 0 0 0 0 0 0]
[2632032092047044632493827752061719658340895057657706171896351154184550637437617281477739683634573910363220758908998700282675417941137571584617413150542693826360425420618832448 0 0 0 0 0 0 0 0 0 0 0 0 0 0 0 0 0 0 0 0 0 0 0 0 0 0 0 0 0 0 0 0 0 0 0 0 0 0 0 0 0 0 0 0 0 0 0 0 0 0 0 1 0 0 0 0 0]
[2619421271069140268199166000120309045447968143946059828725432653646329427939508963043793636375910278079782464630364110591303400994790348267989822134556235729483559743247542441 0 0 0 0 0 0 0 0 0 0 0 0 0 0 0 0 0 0 0 0 0 0 0 0 0 0 0 0 0 0 0 0 0 0 0 0 0 0 0 0 0 0 0 0 0 0 0 0 0 0 0 0 1 0 0 0 0]
[553079062477367046838487325466156386656294495469978267345625521338331080350168610139135631783279933043822639928714014309076886285251722901732279799278305476130054815072544795 0 0 0 0 0 0 0 0 0 0 0 0 0 0 0 0 0 0 0 0 0 0 0 0 0 0 0 0 0 0 0 0 0 0 0 0 0 0 0 0 0 0 0 0 0 0 0 0 0 0 0 0 0 1 0 0 0]
[2460825604117577172015619955312264450608472777385313187694430277704100635753459713509075846283849989547398760105319811414882288569717070811085036680378045978785914853049012423 0 0 0 0 0 0 0 0 0 0 0 0 0 0 0 0 0 0 0 0 0 0 0 0 0 0 0 0 0 0 0 0 0 0 0 0 0 0 0 0 0 0 0 0 0 0 0 0 0 0 0 0 0 0 1 0 0]
[1934084424215168677437861111245342983558159052513083912498849655659504660607562650547436994441138020837100381223044406797392279982205833699305494375914183764970242858189011376 0 0 0 0 0 0 0 0 0 0 0 0 0 0 0 0 0 0 0 0 0 0 0 0 0 0 0 0 0 0 0 0 0 0 0 0 0 0 0 0 0 0 0 0 0 0 0 0 0 0 0 0 0 0 0 1 0]
[1458285523596400095074502406509595751483981281814294067428999130179993946231161243479880373552014295124424034620100794961807441990055540900833436288767595339908935081414653927 0 0 0 0 0 0 0 0 0 0 0 0 0 0 0 0 0 0 0 0 0 0 0 0 0 0 0 0 0 0 0 0 0 0 0 0 0 0 0 0 0 0 0 0 0 0 0 0 0 0 0 0 0 0 0 0 1]
]
