[[4170494180406371419661615723319385105951636473418971713552502792678324388452609529586783877416449200254711597680914998385997991292730648439485944574236028395182495409527788981157925494926432355774927 0 0 0 0 0 0 0 0 0 0 0 0 0 0 0 0 0 0 0 0 0 0 0 0 0 0 0 0 0 0 0 0 0 0 0 0 0 0 0 0 0 0 0 0 0 0 0 0 0 0 0 0 0 0 0 0 0 0 0 0 0 0 0 0 0]
[2102770001363950070598988494337097754670416303738085111630021832306580901843919129788024052825922067009937919238779448139487210252564492123380908241563182427718691067430112102232899821541813890847186 1 0 0 0 0 0 0 0 0 0 0 0 0 0 0 0 0 0 0 0 0 0 0 0 0 0 0 0 0 0 0 0 0 0 0 0 0 0 0 0 0 0 0 0 0 0 0 0 0 0 0 0 0 0 0 0 0 0 0 0 0 0 0 0 0]
[1180011725860796969636474213087504306971248065097805944609322841000689606180398796360180619729253624181105577674523784637662397532130390631605487309184388120821623568169224094297726737875831345862750 0 1 0 0 0 0 0 0 0 0 0 0 0 0 0 0 0 0 0 0 0 0 0 0 0 0 0 0 0 0 0 0 0 0 0 0 0 0 0 0 0 0 0 0 0 0 0 0 0 0 0 0 0 0 0 0 0 0 0 0 0 0 0 0 0]
[286264313963879497119579428870068428744952227777846261993612101016711993043375148739673028932069043156386539666941795123095393871625170566785126730771356581482552827238252878096142674702636608425408 0 0 1 0 0 0 0 0 0 0 0 0 0 0 0 0 0 0 0 0 0 0 0 0 0 0 0 0 0 0 0 0 0 0 0 0 0 0 0 0 0 0 0 0 0 0 0 0 0 0 0 0 0 0 0 0 0 0 0 0 0 0 0 0 0]
[1786724317615332390862785609843467061277526554056979852786442363687683457608264500231714390887607197772133025386277727237644320142794653976789206098813383923760731308061961528272374782886958287047358 0 0 0 1 0 0 0 0 0 0 0 0 0 0 0 0 0 0 0 0 0 0 0 0 0 0 0 0 0 0 0 0 0 0 0 0 0 0 0 0 0 0 0 0 0 0 0 0 0 0 0 0 0 0 0 0 0 0 0 0 0 0 0 0 0]
[3361827120907176850772029383583560931940027433758235292055486917121087797084759268649340067307451171671579043022083547485387524581896884516865307551684271359007196835944079140601024249480007353845523 0 0 0 0 1 0 0 0 0 0 0 0 0 0 0 0 0 0 0 0 0 0 0 0 0 0 0 0 0 0 0 0 0 0 0 0 0 0 0 0 0 0 0 0 0 0 0 0 0 0 0 0 0 0 0 0 0 0 0 0 0 0 0 0 0]
[2962014593724677595169134555121536417163657179753241750602901822506340482385665825220251408070742699410254898087809830921915977790157294380597061019163336955570381369127308300868415469316173971331905 0 0 0 0 0 1 0 0 0 0 0 0 0 0 0 0 0 0 0 0 0 0 0 0 0 0 0 0 0 0 0 0 0 0 0 0 0 0 0 0 0 0 0 0 0 0 0 0 0 0 0 0 0 0 0 0 0 0 0 0 0 0 0 0 0]
[3763562933447808647351103521447135738574470531010537012983430770289423836807433707457643838182950665978447621973852425471332521944134848561697839135467422509595779218761690401130349735280509585560088 0 0 0 0 0 0 1 0 0 0 0 0 0 0 0 0 0 0 0 0 0 0 0 0 0 0 0 0 0 0 0 0 0 0 0 0 0 0 0 0 0 0 0 0 0 0 0 0 0 0 0 0 0 0 0 0 0 0 0 0 0 0 0 0 0]
[1687866509459593060653946900696308654329511746288037170819057103316726224269742491402572193158542294921733430965049266843558623158105233433915699683752143581481458158280472209467631231856305491789949 0 0 0 0 0 0 0 1 0 0 0 0 0 0 0 0 0 0 0 0 0 0 0 0 0 0 0 0 0 0 0 0 0 0 0 0 0 0 0 0 0 0 0 0 0 0 0 0 0 0 0 0 0 0 0 0 0 0 0 0 0 0 0 0 0]
[1294076563112556199742548503978420323278403840421386546802290031765298420539089084656993055975547992154290725358250128588858195025745437061570397998435543082941630628003315587067489022388934295863962 0 0 0 0 0 0 0 0 1 0 0 0 0 0 0 0 0 0 0 0 0 0 0 0 0 0 0 0 0 0 0 0 0 0 0 0 0 0 0 0 0 0 0 0 0 0 0 0 0 0 0 0 0 0 0 0 0 0 0 0 0 0 0 0 0]
[1435808427839416873018392418786073715211420700242278088898572718062275938716673581466377720954686296378722187998931425476555323026645473324794509467547929534572646951640129553131854291802676012282041 0 0 0 0 0 0 0 0 0 1 0 0 0 0 0 0 0 0 0 0 0 0 0 0 0 0 0 0 0 0 0 0 0 0 0 0 0 0 0 0 0 0 0 0 0 0 0 0 0 0 0 0 0 0 0 0 0 0 0 0 0 0 0 0 0]
[2944297074084822749485329399444778249563710489799447927078672363025448359945904041702041071239159313012092478413300231857666138324667591093019503278560357636885747092601210805313925206212376260893261 0 0 0 0 0 0 0 0 0 0 1 0 0 0 0 0 0 0 0 0 0 0 0 0 0 0 0 0 0 0 0 0 0 0 0 0 0 0 0 0 0 0 0 0 0 0 0 0 0 0 0 0 0 0 0 0 0 0 0 0 0 0 0 0 0]
[1180387167881450897285704416873566484100577330951845476294293596569164279626653487198896213940272865173768722331804674957191356132368085679541741554915975086498204080426835537066808319032275870941887 0 0 0 0 0 0 0 0 0 0 0 1 0 0 0 0 0 0 0 0 0 0 0 0 0 0 0 0 0 0 0 0 0 0 0 0 0 0 0 0 0 0 0 0 0 0 0 0 0 0 0 0 0 0 0 0 0 0 0 0 0 0 0 0 0]
[3422646246928843825109148826240301680659914294582535668064538341967066976868117940019993221195318828233137799658627805536606284201993465024892833224821340042210857174191825972178695666501331514798834 0 0 0 0 0 0 0 0 0 0 0 0 1 0 0 0 0 0 0 0 0 0 0 0 0 0 0 0 0 0 0 0 0 0 0 0 0 0 0 0 0 0 0 0 0 0 0 0 0 0 0 0 0 0 0 0 0 0 0 0 0 0 0 0 0]
[2894497021706909854008688794760096287585834605955768908112927211159011379385813430382285699808298536853945883630295590170987031086491714209601088259949132246470544508010565431486612238143458494526782 0 0 0 0 0 0 0 0 0 0 0 0 0 1 0 0 0 0 0 0 0 0 0 0 0 0 0 0 0 0 0 0 0 0 0 0 0 0 0 0 0 0 0 0 0 0 0 0 0 0 0 0 0 0 0 0 0 0 0 0 0 0 0 0 0]
[3952655417912393187591404803306820680620447221382733179101324045337701974816043604015313936817456420702512605697382333820328755151097160543397904568721411944287319968767711860434437079385475440485024 0 0 0 0 0 0 0 0 0 0 0 0 0 0 1 0 0 0 0 0 0 0 0 0 0 0 0 0 0 0 0 0 0 0 0 0 0 0 0 0 0 0 0 0 0 0 0 0 0 0 0 0 0 0 0 0 0 0 0 0 0 0 0 0 0]
[3918419455016546453016772182193288754313728700285701018974377457405748749727734667200753399857926114475824563466780046527376163328237750429156364910114440182726015324012984345285821407844986411973884 0 0 0 0 0 0 0 0 0 0 0 0 0 0 0 1 0 0 0 0 0 0 0 0 0 0 0 0 0 0 0 0 0 0 0 0 0 0 0 0 0 0 0 0 0 0 0 0 0 0 0 0 0 0 0 0 0 0 0 0 0 0 0 0 0]
[1681749854456245038583073998572702654671339620759025801701435437227161864375997576374375545479106249284441661362429811436768509401326514712399473436153354447021658800102911800834062699256446618341011 0 0 0 0 0 0 0 0 0 0 0 0 0 0 0 0 1 0 0 0 0 0 0 0 0 0 0 0 0 0 0 0 0 0 0 0 0 0 0 0 0 0 0 0 0 0 0 0 0 0 0 0 0 0 0 0 0 0 0 0 0 0 0 0 0]
[117418530827228867734698595905989210222434941053092940717680618711850766052533658211087441045412494216856667968535214145625333754924192552302755176555536073927205582071548558494493758325914525353701 0 0 0 0 0 0 0 0 0 0 0 0 0 0 0 0 0 1 0 0 0 0 0 0 0 0 0 0 0 0 0 0 0 0 0 0 0 0 0 0 0 0 0 0 0 0 0 0 0 0 0 0 0 0 0 0 0 0 0 0 0 0 0 0 0]
[2461091667649845705314538959229249083483822872565033500655348562610195537157489411595232306063756513705137531914728737266138119105332897974368071029281484911064632096880676093508515200828169665791069 0 0 0 0 0 0 0 0 0 0 0 0 0 0 0 0 0 0 1 0 0 0 0 0 0 0 0 0 0 0 0 0 0 0 0 0 0 0 0 0 0 0 0 0 0 0 0 0 0 0 0 0 0 0 0 0 0 0 0 0 0 0 0 0 0]
[500673056132864868707181813966381409760520685015385963102486581515835080849330120635936264778904558667860384921116093345370648748858969960288020488540894806497273358076898916971323712534159370192619 0 0 0 0 0 0 0 0 0 0 0 0 0 0 0 0 0 0 0 1 0 0 0 0 0 0 0 0 0 0 0 0 0 0 0 0 0 0 0 0 0 0 0 0 0 0 0 0 0 0 0 0 0 0 0 0 0 0 0 0 0 0 0 0 0]
[3041867301316868559446763877726355786972248596432527240159924779130712018343213878992331303446903044282013103683944074069982688780993320229002571241839245966429070154935429513434423504724916426719355 0 0 0 0 0 0 0 0 0 0 0 0 0 0 0 0 0 0 0 0 1 0 0 0 0 0 0 0 0 0 0 0 0 0 0 0 0 0 0 0 0 0 0 0 0 0 0 0 0 0 0 0 0 0 0 0 0 0 0 0 0 0 0 0 0]
[1389516237927067197946569896758523756569162330066316265285047486661453117277998002876179161115789586978464843968887118976818537728112552849344789649453667686344131247556642964240664587057126759194413 0 0 0 0 0 0 0 0 0 0 0 0 0 0 0 0 0 0 0 0 0 1 0 0 0 0 0 0 0 0 0 0 0 0 0 0 0 0 0 0 0 0 0 0 0 0 0 0 0 0 0 0 0 0 0 0 0 0 0 0 0 0 0 0 0]
[1050186487260559849665488735566698071171299198023808963842224127152050049620394046568594294188035155380403233270929358766726007668884584141513118890803253512720230252224196022006827120504912782520346 0 0 0 0 0 0 0 0 0 0 0 0 0 0 0 0 0 0 0 0 0 0 1 0 0 0 0 0 0 0 0 0 0 0 0 0 0 0 0 0 0 0 0 0 0 0 0 0 0 0 0 0 0 0 0 0 0 0 0 0 0 0 0 0 0]
[726665012268882162861583660972471123057104456324664247606220132516356763463977623579686904254634931104576963169801155091734548310955932101125966543527601456461412247150182487205170234399531157451728 0 0 0 0 0 0 0 0 0 0 0 0 0 0 0 0 0 0 0 0 0 0 0 1 0 0 0 0 0 0 0 0 0 0 0 0 0 0 0 0 0 0 0 0 0 0 0 0 0 0 0 0 0 0 0 0 0 0 0 0 0 0 0 0 0]
[2483877878581203173179346677080253432574688258027544748675462217897526550126664289862077054688947455867955653104529719131278171261936907851008147628799810686563536648297681497997316557526043392486122 0 0 0 0 0 0 0 0 0 0 0 0 0 0 0 0 0 0 0 0 0 0 0 0 1 0 0 0 0 0 0 0 0 0 0 0 0 0 0 0 0 0 0 0 0 0 0 0 0 0 0 0 0 0 0 0 0 0 0 0 0 0 0 0 0]
[159599015568105093069417774951093398863931149273311161819171226053091212151565126130957885223796959530404965614926960625092976788851710315640780674499590322415001231898394453453049503631980161680881 0 0 0 0 0 0 0 0 0 0 0 0 0 0 0 0 0 0 0 0 0 0 0 0 0 1 0 0 0 0 0 0 0 0 0 0 0 0 0 0 0 0 0 0 0 0 0 0 0 0 0 0 0 0 0 0 0 0 0 0 0 0 0 0 0]
[1577862505622865502029478875415339668179299499085356927633475005912011403497373352120057191148080156948537506543099454608700670325750090152853175625850857289535214797933497075582576962243518911376619 0 0 0 0 0 0 0 0 0 0 0 0 0 0 0 0 0 0 0 0 0 0 0 0 0 0 1 0 0 0 0 0 0 0 0 0 0 0 0 0 0 0 0 0 0 0 0 0 0 0 0 0 0 0 0 0 0 0 0 0 0 0 0 0 0]
[790721697208267212591660902768099131698611693308084129156556256641905393697184646616466672693984783976227565265194293828446020373127818412494558837494774508202785105613477629913385640002526965149699 0 0 0 0 0 0 0 0 0 0 0 0 0 0 0 0 0 0 0 0 0 0 0 0 0 0 0 1 0 0 0 0 0 0 0 0 0 0 0 0 0 0 0 0 0 0 0 0 0 0 0 0 0 0 0 0 0 0 0 0 0 0 0 0 0]
[2443685416821354862104055896410105460600884038040385133984161665940122338940170691054595405974285477229511641339301656005770467316035396353698552281352637098925008927520887454435749203823106079751160 0 0 0 0 0 0 0 0 0 0 0 0 0 0 0 0 0 0 0 0 0 0 0 0 0 0 0 0 1 0 0 0 0 0 0 0 0 0 0 0 0 0 0 0 0 0 0 0 0 0 0 0 0 0 0 0 0 0 0 0 0 0 0 0 0]
[1618553255817473668005459241595991234271046353488662736120149025832103349772149975064055537084730830842431576030852663585873016074168381496415486137833580122518719886542862168231522390287299917995648 0 0 0 0 0 0 0 0 0 0 0 0 0 0 0 0 0 0 0 0 0 0 0 0 0 0 0 0 0 1 0 0 0 0 0 0 0 0 0 0 0 0 0 0 0 0 0 0 0 0 0 0 0 0 0 0 0 0 0 0 0 0 0 0 0]
[3805556925348254501583148766180089682410832176416639263637554577203128422456795740966035249146331225606786485298003291235289991612556060657590046936666806349348048167016022537896366170638778208516775 0 0 0 0 0 0 0 0 0 0 0 0 0 0 0 0 0 0 0 0 0 0 0 0 0 0 0 0 0 0 1 0 0 0 0 0 0 0 0 0 0 0 0 0 0 0 0 0 0 0 0 0 0 0 0 0 0 0 0 0 0 0 0 0 0]
[3912073384984989863844944331253739925209129449205648010215355158534486203835596352761799147055001309441829051128838847308656904771307481184833583089677800321245213685687274915005057413422492200035169 0 0 0 0 0 0 0 0 0 0 0 0 0 0 0 0 0 0 0 0 0 0 0 0 0 0 0 0 0 0 0 1 0 0 0 0 0 0 0 0 0 0 0 0 0 0 0 0 0 0 0 0 0 0 0 0 0 0 0 0 0 0 0 0 0]
[2869056155885975094533489130570220489142697708942543962285506500471967719446205216330213003047760566905299547193749638539808149189751945003128802952198013379006660095406082547226111026968639997733348 0 0 0 0 0 0 0 0 0 0 0 0 0 0 0 0 0 0 0 0 0 0 0 0 0 0 0 0 0 0 0 0 1 0 0 0 0 0 0 0 0 0 0 0 0 0 0 0 0 0 0 0 0 0 0 0 0 0 0 0 0 0 0 0 0]
[661700648842769110697174746547333584588573805119281663622861692577110097293063675190893751848851821491587464571305999429594682186778059430973991765300864116729242826672508101156568759085607355521432 0 0 0 0 0 0 0 0 0 0 0 0 0 0 0 0 0 0 0 0 0 0 0 0 0 0 0 0 0 0 0 0 0 1 0 0 0 0 0 0 0 0 0 0 0 0 0 0 0 0 0 0 0 0 0 0 0 0 0 0 0 0 0 0 0]
[4024267411457278431530207766649504034406845431390938408236353148027192098390527488519160313624638149276491782687267171612948642025588823015095020545861581902951303106965292433610830744303514172083598 0 0 0 0 0 0 0 0 0 0 0 0 0 0 0 0 0 0 0 0 0 0 0 0 0 0 0 0 0 0 0 0 0 0 1 0 0 0 0 0 0 0 0 0 0 0 0 0 0 0 0 0 0 0 0 0 0 0 0 0 0 0 0 0 0]
[3983828837054500870407819964823485624989098312394380647439474730007180488613112401127856652918739045119976487098176638599436950966582510499287596772692746987520639366059647846225391272568210637350090 0 0 0 0 0 0 0 0 0 0 0 0 0 0 0 0 0 0 0 0 0 0 0 0 0 0 0 0 0 0 0 0 0 0 0 1 0 0 0 0 0 0 0 0 0 0 0 0 0 0 0 0 0 0 0 0 0 0 0 0 0 0 0 0 0]
[3226895896932049141378588755605616942635513823969679239606872698502540134412039653690250176140092836431375312908773915588015206964044987930885850262404622640884474095868467699314665281562987858806543 0 0 0 0 0 0 0 0 0 0 0 0 0 0 0 0 0 0 0 0 0 0 0 0 0 0 0 0 0 0 0 0 0 0 0 0 1 0 0 0 0 0 0 0 0 0 0 0 0 0 0 0 0 0 0 0 0 0 0 0 0 0 0 0 0]
[1243371742120926694217870009830458659274142734683456651326965656783910754585352601933302941342699177000748691465382128430345184793786235067478329691110409647644778610883672633078288939955502347236386 0 0 0 0 0 0 0 0 0 0 0 0 0 0 0 0 0 0 0 0 0 0 0 0 0 0 0 0 0 0 0 0 0 0 0 0 0 1 0 0 0 0 0 0 0 0 0 0 0 0 0 0 0 0 0 0 0 0 0 0 0 0 0 0 0]
[1903227184969835426328498271447875780333180208960281356721447229008902967907836301204400188443223453050024579502480948160253501169363943622180837507848770959869415254344471126937558198529675391231750 0 0 0 0 0 0 0 0 0 0 0 0 0 0 0 0 0 0 0 0 0 0 0 0 0 0 0 0 0 0 0 0 0 0 0 0 0 0 1 0 0 0 0 0 0 0 0 0 0 0 0 0 0 0 0 0 0 0 0 0 0 0 0 0 0]
[1055852956257593044417454973151657656907591935652288557964822873830340727383946136060658835718547908043850496463055343860255520601720124933256423386940160459741743542854622291702647043935633077176112 0 0 0 0 0 0 0 0 0 0 0 0 0 0 0 0 0 0 0 0 0 0 0 0 0 0 0 0 0 0 0 0 0 0 0 0 0 0 0 1 0 0 0 0 0 0 0 0 0 0 0 0 0 0 0 0 0 0 0 0 0 0 0 0 0]
[1431605296092457033790731586027790363610435729065545689093574097885118780558612875927594774544362681949449141739780917268772391881320294274508951859478513035573626297263100540143183477998221709489031 0 0 0 0 0 0 0 0 0 0 0 0 0 0 0 0 0 0 0 0 0 0 0 0 0 0 0 0 0 0 0 0 0 0 0 0 0 0 0 0 1 0 0 0 0 0 0 0 0 0 0 0 0 0 0 0 0 0 0 0 0 0 0 0 0]
[1589606908948182874255095397959895001796362779221784612266144121423288147201320051695728931891663777427012297026312867300381965948789417518505937107638768016564290503161038248685920400550949886679252 0 0 0 0 0 0 0 0 0 0 0 0 0 0 0 0 0 0 0 0 0 0 0 0 0 0 0 0 0 0 0 0 0 0 0 0 0 0 0 0 0 1 0 0 0 0 0 0 0 0 0 0 0 0 0 0 0 0 0 0 0 0 0 0 0]
[2939907231376524821451103893937553745126720338315722581707371563232594594098770973218242860096143653899865864537787588724818182238060220908397090515194942014931953385808994564465785446234294501827761 0 0 0 0 0 0 0 0 0 0 0 0 0 0 0 0 0 0 0 0 0 0 0 0 0 0 0 0 0 0 0 0 0 0 0 0 0 0 0 0 0 0 1 0 0 0 0 0 0 0 0 0 0 0 0 0 0 0 0 0 0 0 0 0 0]
[853820332828769953216951902408114151460535708473968753162005083226310760380522436557996563992409617533780661673530802650279553187911184092039017755224420456428449347802263041405216144960593458605242 0 0 0 0 0 0 0 0 0 0 0 0 0 0 0 0 0 0 0 0 0 0 0 0 0 0 0 0 0 0 0 0 0 0 0 0 0 0 0 0 0 0 0 1 0 0 0 0 0 0 0 0 0 0 0 0 0 0 0 0 0 0 0 0 0]
[640864912453233724465278726757111567806207778236659550905800840786966219258856674513111042378991933699584301086403259252771666101931567946789377751338745686703957386661244818164371529393821176197860 0 0 0 0 0 0 0 0 0 0 0 0 0 0 0 0 0 0 0 0 0 0 0 0 0 0 0 0 0 0 0 0 0 0 0 0 0 0 0 0 0 0 0 0 1 0 0 0 0 0 0 0 0 0 0 0 0 0 0 0 0 0 0 0 0]
[305606051465445198270282640405864232367797567549283506012172382768005520340120120034747444012406546299145840330922355071064196191234712982403266669860875270453781629253654160916885506818579342174686 0 0 0 0 0 0 0 0 0 0 0 0 0 0 0 0 0 0 0 0 0 0 0 0 0 0 0 0 0 0 0 0 0 0 0 0 0 0 0 0 0 0 0 0 0 1 0 0 0 0 0 0 0 0 0 0 0 0 0 0 0 0 0 0 0]
[263112161639575713812937267859932589272353030056560651640747503047337125042392544048207153381422882157568851022746378926729095836650498072192212535986041904079719465513604122991266575182728396178431 0 0 0 0 0 0 0 0 0 0 0 0 0 0 0 0 0 0 0 0 0 0 0 0 0 0 0 0 0 0 0 0 0 0 0 0 0 0 0 0 0 0 0 0 0 0 1 0 0 0 0 0 0 0 0 0 0 0 0 0 0 0 0 0 0]
[3622888528894141322185882661218507056157719613678177882480904099563569198422456154848139409472067655262710376226105712093660242861333603917683421458425091642669828295948288148632485579985353609643510 0 0 0 0 0 0 0 0 0 0 0 0 0 0 0 0 0 0 0 0 0 0 0 0 0 0 0 0 0 0 0 0 0 0 0 0 0 0 0 0 0 0 0 0 0 0 0 1 0 0 0 0 0 0 0 0 0 0 0 0 0 0 0 0 0]
[2158523806265960801023404635022073105706966398513110953838263602292251824298654457154964863672559038990677044155323866461921991430947139874743151502103840594035911660514475449985676060388177704232406 0 0 0 0 0 0 0 0 0 0 0 0 0 0 0 0 0 0 0 0 0 0 0 0 0 0 0 0 0 0 0 0 0 0 0 0 0 0 0 0 0 0 0 0 0 0 0 0 1 0 0 0 0 0 0 0 0 0 0 0 0 0 0 0 0]
[3146030725538962194921428708226467079251017162564972089348040844100469052363670587827075098987706159510658316821474501764086786565175569905549851810109127117354147068522146283304000273257045157297631 0 0 0 0 0 0 0 0 0 0 0 0 0 0 0 0 0 0 0 0 0 0 0 0 0 0 0 0 0 0 0 0 0 0 0 0 0 0 0 0 0 0 0 0 0 0 0 0 0 1 0 0 0 0 0 0 0 0 0 0 0 0 0 0 0]
[3578807624843322702542532338603725710482696651372856809190201462864385423307157037735021399803313445835579261338915302467639220703511297760315454374695251329697383970726470507219938224917709586985900 0 0 0 0 0 0 0 0 0 0 0 0 0 0 0 0 0 0 0 0 0 0 0 0 0 0 0 0 0 0 0 0 0 0 0 0 0 0 0 0 0 0 0 0 0 0 0 0 0 0 1 0 0 0 0 0 0 0 0 0 0 0 0 0 0]
[268547292337857585222059973028666149926049416668497007993719025748671225829801759422029097629989227858616453605167357425209817579130433024852849540102142952649176227300395826034614394978460373477894 0 0 0 0 0 0 0 0 0 0 0 0 0 0 0 0 0 0 0 0 0 0 0 0 0 0 0 0 0 0 0 0 0 0 0 0 0 0 0 0 0 0 0 0 0 0 0 0 0 0 0 1 0 0 0 0 0 0 0 0 0 0 0 0 0]
[2377246989701078056756619732256935450155887624878784606949808917170135267464002737350364998707147501152001576352697405106200373126095963434214561621767737486542569136356099550821655420022944941471715 0 0 0 0 0 0 0 0 0 0 0 0 0 0 0 0 0 0 0 0 0 0 0 0 0 0 0 0 0 0 0 0 0 0 0 0 0 0 0 0 0 0 0 0 0 0 0 0 0 0 0 0 1 0 0 0 0 0 0 0 0 0 0 0 0]
[3347233360244059617306887013373509684426871720550966322638019460565618317210341928961649952665835494158977924461030793871108768568402861776889403380331402516200593729861220867382719339070271707616410 0 0 0 0 0 0 0 0 0 0 0 0 0 0 0 0 0 0 0 0 0 0 0 0 0 0 0 0 0 0 0 0 0 0 0 0 0 0 0 0 0 0 0 0 0 0 0 0 0 0 0 0 0 1 0 0 0 0 0 0 0 0 0 0 0]
[674190586444077711071608994014453758797373443762195856217194207193898480545462123189419910845805225375848530918869961056332730480735207031646967661778348158340012132747768200465585612653857968056695 0 0 0 0 0 0 0 0 0 0 0 0 0 0 0 0 0 0 0 0 0 0 0 0 0 0 0 0 0 0 0 0 0 0 0 0 0 0 0 0 0 0 0 0 0 0 0 0 0 0 0 0 0 0 1 0 0 0 0 0 0 0 0 0 0]
[798248959512329471046164389681177806375748116088185530511396860379897757508816276787765379762257867385487732072627124981008802708012019834532181649218640689652752266001546420468951012246243302242113 0 0 0 0 0 0 0 0 0 0 0 0 0 0 0 0 0 0 0 0 0 0 0 0 0 0 0 0 0 0 0 0 0 0 0 0 0 0 0 0 0 0 0 0 0 0 0 0 0 0 0 0 0 0 0 1 0 0 0 0 0 0 0 0 0]
[1111054117796060215946077538543427188987645421262139438424179318191893817177648218037924887272600343767151407175453292533573063399681958370255077913222018585904036014975684376320341566281163813388863 0 0 0 0 0 0 0 0 0 0 0 0 0 0 0 0 0 0 0 0 0 0 0 0 0 0 0 0 0 0 0 0 0 0 0 0 0 0 0 0 0 0 0 0 0 0 0 0 0 0 0 0 0 0 0 0 1 0 0 0 0 0 0 0 0]
[3467633042579901291183869495566233537998003597188569754900553778787733502660955894639780284876751984188090417189743234113281454411387609270301887846995369980247551923067178860874764609178174100241232 0 0 0 0 0 0 0 0 0 0 0 0 0 0 0 0 0 0 0 0 0 0 0 0 0 0 0 0 0 0 0 0 0 0 0 0 0 0 0 0 0 0 0 0 0 0 0 0 0 0 0 0 0 0 0 0 0 1 0 0 0 0 0 0 0]
[3352586399585220237971347889478070849103822822693267092082686517228087198669701464056459175578464944887399905076096577734697766987639299168132262350986471188335530823289652796130922168911729397924424 0 0 0 0 0 0 0 0 0 0 0 0 0 0 0 0 0 0 0 0 0 0 0 0 0 0 0 0 0 0 0 0 0 0 0 0 0 0 0 0 0 0 0 0 0 0 0 0 0 0 0 0 0 0 0 0 0 0 1 0 0 0 0 0 0]
[4049076387019805226382818717215673550342134771217593576238571286106646852774279102404204538343045463271845003108821399216994787040453345660585887785497782369334268260983490234359811866087918945731837 0 0 0 0 0 0 0 0 0 0 0 0 0 0 0 0 0 0 0 0 0 0 0 0 0 0 0 0 0 0 0 0 0 0 0 0 0 0 0 0 0 0 0 0 0 0 0 0 0 0 0 0 0 0 0 0 0 0 0 1 0 0 0 0 0]
[1231723885121684986026116583323435032944798487802681635824439197122711706088129423753343320116541464387967165259777214981574218385313452449947727305811296057968638069779493372163600844720728566077207 0 0 0 0 0 0 0 0 0 0 0 0 0 0 0 0 0 0 0 0 0 0 0 0 0 0 0 0 0 0 0 0 0 0 0 0 0 0 0 0 0 0 0 0 0 0 0 0 0 0 0 0 0 0 0 0 0 0 0 0 1 0 0 0 0]
[332990337855124433038996715047455672619258721266879368000015192716504353744814581457602668999254122351958364330585302632389086851155243715857595424627499620687176472908353461791599287709008763984745 0 0 0 0 0 0 0 0 0 0 0 0 0 0 0 0 0 0 0 0 0 0 0 0 0 0 0 0 0 0 0 0 0 0 0 0 0 0 0 0 0 0 0 0 0 0 0 0 0 0 0 0 0 0 0 0 0 0 0 0 0 1 0 0 0]
[2931037897591400213474733620793730999350896603996106815308934563011898946315591208028153454973572335289310278170646961945857354025929939995253387265215429927222231209086666211085145804937629780315983 0 0 0 0 0 0 0 0 0 0 0 0 0 0 0 0 0 0 0 0 0 0 0 0 0 0 0 0 0 0 0 0 0 0 0 0 0 0 0 0 0 0 0 0 0 0 0 0 0 0 0 0 0 0 0 0 0 0 0 0 0 0 1 0 0]
[288324390370613388280242676971327972286021839613661278544984236747046556469574282468013560245630172339796207472579439849008019932562880807884201618048369450994577181379711654763194903476244237495788 0 0 0 0 0 0 0 0 0 0 0 0 0 0 0 0 0 0 0 0 0 0 0 0 0 0 0 0 0 0 0 0 0 0 0 0 0 0 0 0 0 0 0 0 0 0 0 0 0 0 0 0 0 0 0 0 0 0 0 0 0 0 0 1 0]
[3090546668004688353650708292531264622036717873013187838321285277884421877901905006496543211187715626161101518385631143503935651022279913649350113271147307802897211827461897794779133909663780497647159 0 0 0 0 0 0 0 0 0 0 0 0 0 0 0 0 0 0 0 0 0 0 0 0 0 0 0 0 0 0 0 0 0 0 0 0 0 0 0 0 0 0 0 0 0 0 0 0 0 0 0 0 0 0 0 0 0 0 0 0 0 0 0 0 1]
]
