[[2986771254321905527753285750651680275438493451565425215828265216076762173564556215362620681884788699457097807778602026124435586081881227897990780763156434284342217361223761359 0 0 0 0 0 0 0 0 0 0 0 0 0 0 0 0 0 0 0 0 0 0 0 0 0 0 0 0 0 0 0 0 0 0 0 0 0 0 0 0 0 0 0 0 0 0 0 0 0 0 0 0 0 0 0 0 0]
[709722110968125455434748177335312736937909076742017310260808199252746306966692593519454389190482495338808610869283157886970806162864193883240212074001101767199973214685443692 1 0 0 0 0 0 0 0 0 0 0 0 0 0 0 0 0 0 0 0 0 0 0 0 0 0 0 0 0 0 0 0 0 0 0 0 0 0 0 0 0 0 0 0 0 0 0 0 0 0 0 0 0 0 0 0 0]
[2126820764444945461660487877908410817032181647222681732903313026439866183670385375026424968314260706284272671247676088332320505256998411470146271057090923805090159329228727945 0 1 0 0 0 0 0 0 0 0 0 0 0 0 0 0 0 0 0 0 0 0 0 0 0 0 0 0 0 0 0 0 0 0 0 0 0 0 0 0 0 0 0 0 0 0 0 0 0 0 0 0 0 0 0 0 0]
[202644737765541503459988208412520517439716683771937209015380924402884431273865562413110229402941975745292376990104640513323889832933158018418465055595005263513215011837806412 0 0 1 0 0 0 0 0 0 0 0 0 0 0 0 0 0 0 0 0 0 0 0 0 0 0 0 0 0 0 0 0 0 0 0 0 0 0 0 0 0 0 0 0 0 0 0 0 0 0 0 0 0 0 0 0 0]
[1511920040294317066655037744033419780865937041464196731900083423765483562087350871226859864169819867078550245570156686502178789971376102677698766390286404018646424535138058919 0 0 0 1 0 0 0 0 0 0 0 0 0 0 0 0 0 0 0 0 0 0 0 0 0 0 0 0 0 0 0 0 0 0 0 0 0 0 0 0 0 0 0 0 0 0 0 0 0 0 0 0 0 0 0 0 0]
[2013513772046393970461775567613394121177257472912307284985655881840897533060906473518086443534744917497946338885860469337796952038340136519162288605129825591778708262890307531 0 0 0 0 1 0 0 0 0 0 0 0 0 0 0 0 0 0 0 0 0 0 0 0 0 0 0 0 0 0 0 0 0 0 0 0 0 0 0 0 0 0 0 0 0 0 0 0 0 0 0 0 0 0 0 0 0]
[508694824403542819372336102778823608221743196941464859934736812287535611458218302421895315257421769679608865221680534379569099864183042232487660781305824898350081693407846213 0 0 0 0 0 1 0 0 0 0 0 0 0 0 0 0 0 0 0 0 0 0 0 0 0 0 0 0 0 0 0 0 0 0 0 0 0 0 0 0 0 0 0 0 0 0 0 0 0 0 0 0 0 0 0 0 0]
[2095619609387036549082735123102327337180180883802939735434343906852747527386635791388802939738236487938315446827514123607802933666136666143887980505791689235518800944079051642 0 0 0 0 0 0 1 0 0 0 0 0 0 0 0 0 0 0 0 0 0 0 0 0 0 0 0 0 0 0 0 0 0 0 0 0 0 0 0 0 0 0 0 0 0 0 0 0 0 0 0 0 0 0 0 0 0]
[2133275235490416092302862519378441176641834248639891714134935207639013141019581067204922765290047233355982900458964084575969454393995557029930675170539417863221952953538480781 0 0 0 0 0 0 0 1 0 0 0 0 0 0 0 0 0 0 0 0 0 0 0 0 0 0 0 0 0 0 0 0 0 0 0 0 0 0 0 0 0 0 0 0 0 0 0 0 0 0 0 0 0 0 0 0 0]
[2808022921875864338043746138677203834299731303809366845357962090079633212557354260966189076724860616488561507296912888297395627493462147481848520284650398196016423813218821556 0 0 0 0 0 0 0 0 1 0 0 0 0 0 0 0 0 0 0 0 0 0 0 0 0 0 0 0 0 0 0 0 0 0 0 0 0 0 0 0 0 0 0 0 0 0 0 0 0 0 0 0 0 0 0 0 0]
[2984227670117216457089354149960977955833205187197933060038669821677239465036191021959554494081256453551298082495067354921717095696755499660160202992465348496186763739526160285 0 0 0 0 0 0 0 0 0 1 0 0 0 0 0 0 0 0 0 0 0 0 0 0 0 0 0 0 0 0 0 0 0 0 0 0 0 0 0 0 0 0 0 0 0 0 0 0 0 0 0 0 0 0 0 0 0]
[147735583886652918310451114129946236988183877500746981874518067078099264363407645878749708774821844198152974218898747235362213996232477550362614534916581585276054413578089270 0 0 0 0 0 0 0 0 0 0 1 0 0 0 0 0 0 0 0 0 0 0 0 0 0 0 0 0 0 0 0 0 0 0 0 0 0 0 0 0 0 0 0 0 0 0 0 0 0 0 0 0 0 0 0 0 0]
[1376652150941414414171578454622495470752359727372441814984256844188780764740659633275754833308417566781940861879859768295731872616089981889806374579719696572710923800636794410 0 0 0 0 0 0 0 0 0 0 0 1 0 0 0 0 0 0 0 0 0 0 0 0 0 0 0 0 0 0 0 0 0 0 0 0 0 0 0 0 0 0 0 0 0 0 0 0 0 0 0 0 0 0 0 0 0]
[842320846838647165556171761727995170606531580667362699536306152523081134147189314450671352813609518826873295081925027817957790865690152821105220052186803740149539252282909463 0 0 0 0 0 0 0 0 0 0 0 0 1 0 0 0 0 0 0 0 0 0 0 0 0 0 0 0 0 0 0 0 0 0 0 0 0 0 0 0 0 0 0 0 0 0 0 0 0 0 0 0 0 0 0 0 0]
[826419777966444150432132264405494958315991099074610007604428565016690373446862894709017398940307833552370828962365866759408019103643792196008178770885329242307126312186148286 0 0 0 0 0 0 0 0 0 0 0 0 0 1 0 0 0 0 0 0 0 0 0 0 0 0 0 0 0 0 0 0 0 0 0 0 0 0 0 0 0 0 0 0 0 0 0 0 0 0 0 0 0 0 0 0 0]
[480698229178160764022490576435715868953805512749240996428288270232599803982879851841428282628234046664670734729182540195647705753427372788297621731094429407369106273295653064 0 0 0 0 0 0 0 0 0 0 0 0 0 0 1 0 0 0 0 0 0 0 0 0 0 0 0 0 0 0 0 0 0 0 0 0 0 0 0 0 0 0 0 0 0 0 0 0 0 0 0 0 0 0 0 0 0]
[1317143090621441792033014730217145765134521194487456956059752046755810632157349062244551882330314063080855268308849011821609007881999915454267474666676114568161222428644530933 0 0 0 0 0 0 0 0 0 0 0 0 0 0 0 1 0 0 0 0 0 0 0 0 0 0 0 0 0 0 0 0 0 0 0 0 0 0 0 0 0 0 0 0 0 0 0 0 0 0 0 0 0 0 0 0 0]
[2614247902763124378308338681342590722423476265905528000236359823234183204116455819347477866718377278687815277713323898305960765139142928111126927542955916054944377826979268852 0 0 0 0 0 0 0 0 0 0 0 0 0 0 0 0 1 0 0 0 0 0 0 0 0 0 0 0 0 0 0 0 0 0 0 0 0 0 0 0 0 0 0 0 0 0 0 0 0 0 0 0 0 0 0 0 0]
[1652853518154462641647168121899768022086456506754792803497097195307022117429038916447560338047487047700708636682749942081499537861416779956250096637899016813308348477729342569 0 0 0 0 0 0 0 0 0 0 0 0 0 0 0 0 0 1 0 0 0 0 0 0 0 0 0 0 0 0 0 0 0 0 0 0 0 0 0 0 0 0 0 0 0 0 0 0 0 0 0 0 0 0 0 0 0]
[348512044508050866214444396317811627700973778115526356641485120149145514568378883933170281588200609757726321884679990966737199722104680628993560365614288502019007505365142034 0 0 0 0 0 0 0 0 0 0 0 0 0 0 0 0 0 0 1 0 0 0 0 0 0 0 0 0 0 0 0 0 0 0 0 0 0 0 0 0 0 0 0 0 0 0 0 0 0 0 0 0 0 0 0 0 0]
[65087141899170782995733212037044222059609660361093083305828453701135100723441405631615220600503085345803196866174307082368806359133985433186124469909076641349974097107782160 0 0 0 0 0 0 0 0 0 0 0 0 0 0 0 0 0 0 0 1 0 0 0 0 0 0 0 0 0 0 0 0 0 0 0 0 0 0 0 0 0 0 0 0 0 0 0 0 0 0 0 0 0 0 0 0 0]
[823322263006731006645374768090623600589500575077463502365085048880820924483085341277480426209380433682567335758108526638927766624663356438708335296257643335385438220513023690 0 0 0 0 0 0 0 0 0 0 0 0 0 0 0 0 0 0 0 0 1 0 0 0 0 0 0 0 0 0 0 0 0 0 0 0 0 0 0 0 0 0 0 0 0 0 0 0 0 0 0 0 0 0 0 0 0]
[1938585868907028831691327551778767084706428008353334140210988393875376594621919506585228677828301066095996789146039344149673525784864379265321654288464644623864550022732957823 0 0 0 0 0 0 0 0 0 0 0 0 0 0 0 0 0 0 0 0 0 1 0 0 0 0 0 0 0 0 0 0 0 0 0 0 0 0 0 0 0 0 0 0 0 0 0 0 0 0 0 0 0 0 0 0 0]
[740765854231369986693690399754505694687307476592193385121352713819000479832036058947087460383435463545831943716742326229796191599720103318074307723922873627162762374408053872 0 0 0 0 0 0 0 0 0 0 0 0 0 0 0 0 0 0 0 0 0 0 1 0 0 0 0 0 0 0 0 0 0 0 0 0 0 0 0 0 0 0 0 0 0 0 0 0 0 0 0 0 0 0 0 0 0]
[2480270805560169002996709701294758618809994537953168975635260935971398036986854107371259698926638680067739235636901402374658360528337680271887320554182500764808872430190006177 0 0 0 0 0 0 0 0 0 0 0 0 0 0 0 0 0 0 0 0 0 0 0 1 0 0 0 0 0 0 0 0 0 0 0 0 0 0 0 0 0 0 0 0 0 0 0 0 0 0 0 0 0 0 0 0 0]
[1087072935894417370245614984897764217680288169341952924444167030721413572161763592029326493393327113524391429057711007539826716712876033642819545411405735172001114850182771975 0 0 0 0 0 0 0 0 0 0 0 0 0 0 0 0 0 0 0 0 0 0 0 0 1 0 0 0 0 0 0 0 0 0 0 0 0 0 0 0 0 0 0 0 0 0 0 0 0 0 0 0 0 0 0 0 0]
[2945565894525737027146933823500127585697077426444998557976465168857535106262176817750091589469934967095325658251858377079367410911681847796706334295019315807050086973679566359 0 0 0 0 0 0 0 0 0 0 0 0 0 0 0 0 0 0 0 0 0 0 0 0 0 1 0 0 0 0 0 0 0 0 0 0 0 0 0 0 0 0 0 0 0 0 0 0 0 0 0 0 0 0 0 0 0]
[831428315845207736299091601039498695172693812958139872889755299983554145833703786976188000191223472428330665340416149739702553295223121111890931800171499268043282798114672125 0 0 0 0 0 0 0 0 0 0 0 0 0 0 0 0 0 0 0 0 0 0 0 0 0 0 1 0 0 0 0 0 0 0 0 0 0 0 0 0 0 0 0 0 0 0 0 0 0 0 0 0 0 0 0 0 0]
[1762947169743868035508500120622500778667738502168997102329065809188422145610472057571225019575169334026494136255372460932680098947190187366793450473451110022440410152830988107 0 0 0 0 0 0 0 0 0 0 0 0 0 0 0 0 0 0 0 0 0 0 0 0 0 0 0 1 0 0 0 0 0 0 0 0 0 0 0 0 0 0 0 0 0 0 0 0 0 0 0 0 0 0 0 0 0]
[2595637903137148779141543107618101666937725954123231602649306552037140304002810446476034507984670638029250384618653060607341690907666775232643371531853623633640579166472779505 0 0 0 0 0 0 0 0 0 0 0 0 0 0 0 0 0 0 0 0 0 0 0 0 0 0 0 0 1 0 0 0 0 0 0 0 0 0 0 0 0 0 0 0 0 0 0 0 0 0 0 0 0 0 0 0 0]
[1132333719567708722006376737529615052399673841120046544083120462930999778043714735919325292543835236746112603000445381337337039299852426018070019567253532025341058219925698151 0 0 0 0 0 0 0 0 0 0 0 0 0 0 0 0 0 0 0 0 0 0 0 0 0 0 0 0 0 1 0 0 0 0 0 0 0 0 0 0 0 0 0 0 0 0 0 0 0 0 0 0 0 0 0 0 0]
[2075689172844050473038669282121772274587781221239063757682472491651611522332672712331535698960337994583704152922913035874158793030683093807486953432430646266762017133640301215 0 0 0 0 0 0 0 0 0 0 0 0 0 0 0 0 0 0 0 0 0 0 0 0 0 0 0 0 0 0 1 0 0 0 0 0 0 0 0 0 0 0 0 0 0 0 0 0 0 0 0 0 0 0 0 0 0]
[1033489955402353104414131879721376973123189826422173874092314159435756738512371981843775555356243312933248272059235236572804711164067106245184030382078945404587035827527735061 0 0 0 0 0 0 0 0 0 0 0 0 0 0 0 0 0 0 0 0 0 0 0 0 0 0 0 0 0 0 0 1 0 0 0 0 0 0 0 0 0 0 0 0 0 0 0 0 0 0 0 0 0 0 0 0 0]
[2626386463497192905295825603706940434082889883927245553963454091710799299655148871448689934525880121914306960639176423416970385324302188947412416785714468277714773518719785758 0 0 0 0 0 0 0 0 0 0 0 0 0 0 0 0 0 0 0 0 0 0 0 0 0 0 0 0 0 0 0 0 1 0 0 0 0 0 0 0 0 0 0 0 0 0 0 0 0 0 0 0 0 0 0 0 0]
[2776990088306100113532252134810655618776473054151089198707726356416403858042218242128522573206832234969205465414599969334252502137826573864661538218640425976371676822489377420 0 0 0 0 0 0 0 0 0 0 0 0 0 0 0 0 0 0 0 0 0 0 0 0 0 0 0 0 0 0 0 0 0 1 0 0 0 0 0 0 0 0 0 0 0 0 0 0 0 0 0 0 0 0 0 0 0]
[798589873307969604340854029086086547963083880008731544055995427481873248976695526544845280304685297788823258321057898605647493297244819252227963674670098303318348246988154665 0 0 0 0 0 0 0 0 0 0 0 0 0 0 0 0 0 0 0 0 0 0 0 0 0 0 0 0 0 0 0 0 0 0 1 0 0 0 0 0 0 0 0 0 0 0 0 0 0 0 0 0 0 0 0 0 0]
[2104169284144074172825109153468528579757876390910152435808578552021941217306499112931530627723419069047355463925771586846235950401692243295741571837925514639404094709692851740 0 0 0 0 0 0 0 0 0 0 0 0 0 0 0 0 0 0 0 0 0 0 0 0 0 0 0 0 0 0 0 0 0 0 0 1 0 0 0 0 0 0 0 0 0 0 0 0 0 0 0 0 0 0 0 0 0]
[2228045760433012998202264016297838742554533033903874667220187188397616187630916107957067748528576772188982606397959823793481598588977830182514527605763952975098761121183565982 0 0 0 0 0 0 0 0 0 0 0 0 0 0 0 0 0 0 0 0 0 0 0 0 0 0 0 0 0 0 0 0 0 0 0 0 1 0 0 0 0 0 0 0 0 0 0 0 0 0 0 0 0 0 0 0 0]
[1293117865690089275063340540639552773610445176026221797886323822675109600538202710451911453881710947292990509331595167503577700749402862752080179935532509732173094033837113773 0 0 0 0 0 0 0 0 0 0 0 0 0 0 0 0 0 0 0 0 0 0 0 0 0 0 0 0 0 0 0 0 0 0 0 0 0 1 0 0 0 0 0 0 0 0 0 0 0 0 0 0 0 0 0 0 0]
[2536554839534800543802233530616657765349901725419541475754190048205822587088205816296568270334423044478868093377775356016853762370414683144370165193948909630940075207885934927 0 0 0 0 0 0 0 0 0 0 0 0 0 0 0 0 0 0 0 0 0 0 0 0 0 0 0 0 0 0 0 0 0 0 0 0 0 0 1 0 0 0 0 0 0 0 0 0 0 0 0 0 0 0 0 0 0]
[2143624937728357425849282331202925451714688820365921122713189859650703423506417469886234637180417823178281831540545636661034748958637513831362623618953544474497906622002758622 0 0 0 0 0 0 0 0 0 0 0 0 0 0 0 0 0 0 0 0 0 0 0 0 0 0 0 0 0 0 0 0 0 0 0 0 0 0 0 1 0 0 0 0 0 0 0 0 0 0 0 0 0 0 0 0 0]
[1085086676690222212291829770626182892515791361275856318988669640616317514402716116180392508043500861648586871482805766183028132705279574656679337351451050780270553563542939922 0 0 0 0 0 0 0 0 0 0 0 0 0 0 0 0 0 0 0 0 0 0 0 0 0 0 0 0 0 0 0 0 0 0 0 0 0 0 0 0 1 0 0 0 0 0 0 0 0 0 0 0 0 0 0 0 0]
[2540111957458128489442355227029836264194076294359532945667781870336539021141296512733199772767525183174601493229063495594210805496124005382466769917721383293181352020862294242 0 0 0 0 0 0 0 0 0 0 0 0 0 0 0 0 0 0 0 0 0 0 0 0 0 0 0 0 0 0 0 0 0 0 0 0 0 0 0 0 0 1 0 0 0 0 0 0 0 0 0 0 0 0 0 0 0]
[2310081449358367138760408605518670105366100836425845083343673903965126743165500057754878303725025232812625363689997751598275115137007488012771268078962781212566934402948006241 0 0 0 0 0 0 0 0 0 0 0 0 0 0 0 0 0 0 0 0 0 0 0 0 0 0 0 0 0 0 0 0 0 0 0 0 0 0 0 0 0 0 1 0 0 0 0 0 0 0 0 0 0 0 0 0 0]
[968348416393792400493390392338879635774484397878980410223118542922678777768580666182922242496687916989149327758624164465110891622354052147260580445582078209524534069562461346 0 0 0 0 0 0 0 0 0 0 0 0 0 0 0 0 0 0 0 0 0 0 0 0 0 0 0 0 0 0 0 0 0 0 0 0 0 0 0 0 0 0 0 1 0 0 0 0 0 0 0 0 0 0 0 0 0]
[1829274636300911195305019126593376107618716314761477470681459507283764937305682125479468856078706720640833029745100000094177820771359018136214270774821533370161286512524619372 0 0 0 0 0 0 0 0 0 0 0 0 0 0 0 0 0 0 0 0 0 0 0 0 0 0 0 0 0 0 0 0 0 0 0 0 0 0 0 0 0 0 0 0 1 0 0 0 0 0 0 0 0 0 0 0 0]
[399878261468882756451647021936474022531854352606506581096947029363721820177258507206363096669820771454244431006824087914647443508318373976280513929977696614984063225806787042 0 0 0 0 0 0 0 0 0 0 0 0 0 0 0 0 0 0 0 0 0 0 0 0 0 0 0 0 0 0 0 0 0 0 0 0 0 0 0 0 0 0 0 0 0 1 0 0 0 0 0 0 0 0 0 0 0]
[1796979533535654121915576133291209220114873264292189185494879628276588162024003658313844165464678908339251493693756441192086072208952138782850077627400129127084413785321140315 0 0 0 0 0 0 0 0 0 0 0 0 0 0 0 0 0 0 0 0 0 0 0 0 0 0 0 0 0 0 0 0 0 0 0 0 0 0 0 0 0 0 0 0 0 0 1 0 0 0 0 0 0 0 0 0 0]
[2056078534488072704554436812973024417525994365721538726485828582757315160773723517884386637684170531579870708682230094575924026586207684492671734428043015329199975640669064657 0 0 0 0 0 0 0 0 0 0 0 0 0 0 0 0 0 0 0 0 0 0 0 0 0 0 0 0 0 0 0 0 0 0 0 0 0 0 0 0 0 0 0 0 0 0 0 1 0 0 0 0 0 0 0 0 0]
[202132019207488436398570101037199474451008347801626496837412640821446827994365644168995265421440965765392746225782079871143246269763355030854976428014453799666366957396417931 0 0 0 0 0 0 0 0 0 0 0 0 0 0 0 0 0 0 0 0 0 0 0 0 0 0 0 0 0 0 0 0 0 0 0 0 0 0 0 0 0 0 0 0 0 0 0 0 1 0 0 0 0 0 0 0 0]
[1548165788021127782306344810351281306126306487095769001537084350707851125654539695722128686786944148296940880702331180424448426541493040447260513173271693803820941351634898505 0 0 0 0 0 0 0 0 0 0 0 0 0 0 0 0 0 0 0 0 0 0 0 0 0 0 0 0 0 0 0 0 0 0 0 0 0 0 0 0 0 0 0 0 0 0 0 0 0 1 0 0 0 0 0 0 0]
[782983121910702648003348918142034252985925377260884869483785547150302135192433015845024139711124716550913145170061457162176989023376840826079857325437005646536403038274360805 0 0 0 0 0 0 0 0 0 0 0 0 0 0 0 0 0 0 0 0 0 0 0 0 0 0 0 0 0 0 0 0 0 0 0 0 0 0 0 0 0 0 0 0 0 0 0 0 0 0 1 0 0 0 0 0 0]
[1899505215722941072142424829583364790902349254406786630518154638541941803684994633485554985046198386735693895725704071209536448804991151993316378062456453920328420880519320578 0 0 0 0 0 0 0 0 0 0 0 0 0 0 0 0 0 0 0 0 0 0 0 0 0 0 0 0 0 0 0 0 0 0 0 0 0 0 0 0 0 0 0 0 0 0 0 0 0 0 0 1 0 0 0 0 0]
[663602954938554290268173384754287059530066339580719572912735634405306038549736196749506172159189831371846584971121312989619536610150917208684256818153530052082417233495955696 0 0 0 0 0 0 0 0 0 0 0 0 0 0 0 0 0 0 0 0 0 0 0 0 0 0 0 0 0 0 0 0 0 0 0 0 0 0 0 0 0 0 0 0 0 0 0 0 0 0 0 0 1 0 0 0 0]
[1651927194253062989754181966130616251408815684254064525705796968049897033819464341146289092950247308020596728060065039565505759324331104218920248470000368006155822490580540907 0 0 0 0 0 0 0 0 0 0 0 0 0 0 0 0 0 0 0 0 0 0 0 0 0 0 0 0 0 0 0 0 0 0 0 0 0 0 0 0 0 0 0 0 0 0 0 0 0 0 0 0 0 1 0 0 0]
[170530297515998391231468094970420786161597454368173613778301561662710959573369508132030832762806063138915617255096602745740854739832703558381081370208972271638024035274991437 0 0 0 0 0 0 0 0 0 0 0 0 0 0 0 0 0 0 0 0 0 0 0 0 0 0 0 0 0 0 0 0 0 0 0 0 0 0 0 0 0 0 0 0 0 0 0 0 0 0 0 0 0 0 1 0 0]
[128203471324090957678516681064091319388313891922464575532612782496212962141594042931705658934014987599804986246918371273217397997267740651845005925662026787572413623698129597 0 0 0 0 0 0 0 0 0 0 0 0 0 0 0 0 0 0 0 0 0 0 0 0 0 0 0 0 0 0 0 0 0 0 0 0 0 0 0 0 0 0 0 0 0 0 0 0 0 0 0 0 0 0 0 1 0]
[568027626090671532991329355389093516797664022316294976383205218745756958381912891298702386812357253179511563032789945893997369991026600835897984442304752114099538688744367995 0 0 0 0 0 0 0 0 0 0 0 0 0 0 0 0 0 0 0 0 0 0 0 0 0 0 0 0 0 0 0 0 0 0 0 0 0 0 0 0 0 0 0 0 0 0 0 0 0 0 0 0 0 0 0 0 1]
]
