[[2843743730202449135262269049057442281080829837005123794200832585138679082427148241497166243030262802460263183645630178101726446062562467402792475933949804448938165536728913894766342534051910045535092673076138981914961 0 0 0 0 0 0 0 0 0 0 0 0 0 0 0 0 0 0 0 0 0 0 0 0 0 0 0 0 0 0 0 0 0 0 0 0 0 0 0 0 0 0 0 0 0 0 0 0 0 0 0 0 0 0 0 0 0 0 0 0 0 0 0 0 0 0 0 0 0 0 0]
[2307449523651062041549514615156975871412178840095273161148057321130507814966585141339872708007630599266155477638243536390667800835797279233801572801760012520767948318325010130058406766679899194037384567601961324691182 1 0 0 0 0 0 0 0 0 0 0 0 0 0 0 0 0 0 0 0 0 0 0 0 0 0 0 0 0 0 0 0 0 0 0 0 0 0 0 0 0 0 0 0 0 0 0 0 0 0 0 0 0 0 0 0 0 0 0 0 0 0 0 0 0 0 0 0 0 0 0]
[278454726078625199701042004799891133724600186090742764663264384071257225841234502614616634182570812647364792566020011590625112125307365326545305120480562001839599844685158050563901910662396990905072526993540493080128 0 1 0 0 0 0 0 0 0 0 0 0 0 0 0 0 0 0 0 0 0 0 0 0 0 0 0 0 0 0 0 0 0 0 0 0 0 0 0 0 0 0 0 0 0 0 0 0 0 0 0 0 0 0 0 0 0 0 0 0 0 0 0 0 0 0 0 0 0 0 0]
[1871206557180598625845245772516821797449264007115502709609638578226373061346479851616294590486140169479167079096155546641265564642443671903178906781543366043004171495919842166409145805036568428689017086218769512924488 0 0 1 0 0 0 0 0 0 0 0 0 0 0 0 0 0 0 0 0 0 0 0 0 0 0 0 0 0 0 0 0 0 0 0 0 0 0 0 0 0 0 0 0 0 0 0 0 0 0 0 0 0 0 0 0 0 0 0 0 0 0 0 0 0 0 0 0 0 0 0]
[2565577285218282053745980544336898027973793180789956664830575145720114778774010124451064705317835631198651289868156655786508672160573442594788155480173465240923515614290591493266678624522888549936862748838340551985385 0 0 0 1 0 0 0 0 0 0 0 0 0 0 0 0 0 0 0 0 0 0 0 0 0 0 0 0 0 0 0 0 0 0 0 0 0 0 0 0 0 0 0 0 0 0 0 0 0 0 0 0 0 0 0 0 0 0 0 0 0 0 0 0 0 0 0 0 0 0 0]
[1030582368461412217630460955843002639421129631264341941111696588920530930050517376823378571315496806814933277391649015048846957441999631917156552097220554843657188246257033680247179125853990356100188203130023107298903 0 0 0 0 1 0 0 0 0 0 0 0 0 0 0 0 0 0 0 0 0 0 0 0 0 0 0 0 0 0 0 0 0 0 0 0 0 0 0 0 0 0 0 0 0 0 0 0 0 0 0 0 0 0 0 0 0 0 0 0 0 0 0 0 0 0 0 0 0 0 0]
[1910152479123361026583276630245011749203258518351190216250754712588904077810608649904027231844103005950046556053632685801033134549915374138209372748451513892259771624740500058255694098315307536170338162882598024005809 0 0 0 0 0 1 0 0 0 0 0 0 0 0 0 0 0 0 0 0 0 0 0 0 0 0 0 0 0 0 0 0 0 0 0 0 0 0 0 0 0 0 0 0 0 0 0 0 0 0 0 0 0 0 0 0 0 0 0 0 0 0 0 0 0 0 0 0 0 0 0]
[1917218865825708855552052338266977343296685568137032718822253631603714433381377928642639090979630727970598875253178836457624825657735200422450340887319786810562439531505168656267031924490479478177438987425180985676689 0 0 0 0 0 0 1 0 0 0 0 0 0 0 0 0 0 0 0 0 0 0 0 0 0 0 0 0 0 0 0 0 0 0 0 0 0 0 0 0 0 0 0 0 0 0 0 0 0 0 0 0 0 0 0 0 0 0 0 0 0 0 0 0 0 0 0 0 0 0 0]
[436209492360051232987948661487874448182096912415121152438927401973125331300594134836299053627424399467358630664648840583397383202225601832966837140654690271818970603140463570536280680447005221248496565785786810575002 0 0 0 0 0 0 0 1 0 0 0 0 0 0 0 0 0 0 0 0 0 0 0 0 0 0 0 0 0 0 0 0 0 0 0 0 0 0 0 0 0 0 0 0 0 0 0 0 0 0 0 0 0 0 0 0 0 0 0 0 0 0 0 0 0 0 0 0 0 0 0]
[1757006381781191331959060158143929626401476615345116838598879295626648989909002376983225030985563841412122429812934950817906856665935344246795861881222225128946732921213494601386798281411146999975966946055274671166045 0 0 0 0 0 0 0 0 1 0 0 0 0 0 0 0 0 0 0 0 0 0 0 0 0 0 0 0 0 0 0 0 0 0 0 0 0 0 0 0 0 0 0 0 0 0 0 0 0 0 0 0 0 0 0 0 0 0 0 0 0 0 0 0 0 0 0 0 0 0 0]
[1379028934789220717654708412008996678474564087834718715849608167051842313855958124507170839961063508030174483861643794639626930809947830397237996920746505552752649329128472865491535272457615546537575745396114877399990 0 0 0 0 0 0 0 0 0 1 0 0 0 0 0 0 0 0 0 0 0 0 0 0 0 0 0 0 0 0 0 0 0 0 0 0 0 0 0 0 0 0 0 0 0 0 0 0 0 0 0 0 0 0 0 0 0 0 0 0 0 0 0 0 0 0 0 0 0 0 0]
[417752419190501998007324943852187317717677658460597048470681573857911847944841158852232306304896764135678105402009128227699150863013995239926212106336098142101705979415211003736261596280093865803579194705347378805901 0 0 0 0 0 0 0 0 0 0 1 0 0 0 0 0 0 0 0 0 0 0 0 0 0 0 0 0 0 0 0 0 0 0 0 0 0 0 0 0 0 0 0 0 0 0 0 0 0 0 0 0 0 0 0 0 0 0 0 0 0 0 0 0 0 0 0 0 0 0 0]
[2291460915207760912440240708730005027712889283740524669170753485359900799835104574266776888275487160538688327699844941714822311905660005514858118065323692750734954453254362911239479842872643316377038318728575116238248 0 0 0 0 0 0 0 0 0 0 0 1 0 0 0 0 0 0 0 0 0 0 0 0 0 0 0 0 0 0 0 0 0 0 0 0 0 0 0 0 0 0 0 0 0 0 0 0 0 0 0 0 0 0 0 0 0 0 0 0 0 0 0 0 0 0 0 0 0 0 0]
[306925560702882693307697405486269383796677186103455683646793487156867040392083506944704866058111349483036274109178354845426083763929964572048613867486593835816861866491128429834633980463361575502774161857774984895149 0 0 0 0 0 0 0 0 0 0 0 0 1 0 0 0 0 0 0 0 0 0 0 0 0 0 0 0 0 0 0 0 0 0 0 0 0 0 0 0 0 0 0 0 0 0 0 0 0 0 0 0 0 0 0 0 0 0 0 0 0 0 0 0 0 0 0 0 0 0 0]
[1857875402700315966762650789814446147970973719410074561640744171804365371552478994926598037713954604974756997017346092549427160004120998976453502577498079889846772574707181390566817555049467375443706494076122575647917 0 0 0 0 0 0 0 0 0 0 0 0 0 1 0 0 0 0 0 0 0 0 0 0 0 0 0 0 0 0 0 0 0 0 0 0 0 0 0 0 0 0 0 0 0 0 0 0 0 0 0 0 0 0 0 0 0 0 0 0 0 0 0 0 0 0 0 0 0 0 0]
[203150156300741325669141940174677978846858262430075844743361278819401817919419389664426671707474081852620679667475942917270014238893885016702135441766279226935902528020562179745656417591530085931047769691812543831690 0 0 0 0 0 0 0 0 0 0 0 0 0 0 1 0 0 0 0 0 0 0 0 0 0 0 0 0 0 0 0 0 0 0 0 0 0 0 0 0 0 0 0 0 0 0 0 0 0 0 0 0 0 0 0 0 0 0 0 0 0 0 0 0 0 0 0 0 0 0 0]
[71765475410875875422615471634178223812741389535851741166092283408691310645154624216999168109371940379975549351697711719284916158418611600527925080466017539888502259741417301582477240140261298957950951333054815864637 0 0 0 0 0 0 0 0 0 0 0 0 0 0 0 1 0 0 0 0 0 0 0 0 0 0 0 0 0 0 0 0 0 0 0 0 0 0 0 0 0 0 0 0 0 0 0 0 0 0 0 0 0 0 0 0 0 0 0 0 0 0 0 0 0 0 0 0 0 0 0]
[832501008904379261768249689072742239962976909515201940604711387382334295533680550520069440836053169726170495613848927983614805170081586644605580578355351502901597211525157274694973846098252746218745207363406120461879 0 0 0 0 0 0 0 0 0 0 0 0 0 0 0 0 1 0 0 0 0 0 0 0 0 0 0 0 0 0 0 0 0 0 0 0 0 0 0 0 0 0 0 0 0 0 0 0 0 0 0 0 0 0 0 0 0 0 0 0 0 0 0 0 0 0 0 0 0 0 0]
[160197577588384632214498155211326029582175498235605818109180872967798549914948362195414413866340824624573931830121050679416482371617675319360071551807689964595018340447919055509029352433203434754967091920507411357867 0 0 0 0 0 0 0 0 0 0 0 0 0 0 0 0 0 1 0 0 0 0 0 0 0 0 0 0 0 0 0 0 0 0 0 0 0 0 0 0 0 0 0 0 0 0 0 0 0 0 0 0 0 0 0 0 0 0 0 0 0 0 0 0 0 0 0 0 0 0 0]
[993012126104373372699751544371280349951731637352362337610431206411248588113380544963677428198009797120131236080655422734225453847772662324181082095259618007747805342409057727058663937936671542327364057225392223091455 0 0 0 0 0 0 0 0 0 0 0 0 0 0 0 0 0 0 1 0 0 0 0 0 0 0 0 0 0 0 0 0 0 0 0 0 0 0 0 0 0 0 0 0 0 0 0 0 0 0 0 0 0 0 0 0 0 0 0 0 0 0 0 0 0 0 0 0 0 0 0]
[1714566365949264566323553128481223011786965841342448745710056574712457405874754665395614052518155389941904944920940811041940003967378090274900803121584659158266010623691220910671401955162143041643161786945915195655716 0 0 0 0 0 0 0 0 0 0 0 0 0 0 0 0 0 0 0 1 0 0 0 0 0 0 0 0 0 0 0 0 0 0 0 0 0 0 0 0 0 0 0 0 0 0 0 0 0 0 0 0 0 0 0 0 0 0 0 0 0 0 0 0 0 0 0 0 0 0 0]
[493219459310786373353679451836466977231270255902129879384192631122022483356286191337315309984492740952599680630556384555860760985954925198598514928797655459876788224783194259667375528722890845822555176144988090758245 0 0 0 0 0 0 0 0 0 0 0 0 0 0 0 0 0 0 0 0 1 0 0 0 0 0 0 0 0 0 0 0 0 0 0 0 0 0 0 0 0 0 0 0 0 0 0 0 0 0 0 0 0 0 0 0 0 0 0 0 0 0 0 0 0 0 0 0 0 0 0]
[2708537441279810785672966353506891600235710451926020599211602481659032786085149097416029217844503328583830355939464638730005922065685491606195938839777907498569739236291512138832081069034116271215972622635058186395831 0 0 0 0 0 0 0 0 0 0 0 0 0 0 0 0 0 0 0 0 0 1 0 0 0 0 0 0 0 0 0 0 0 0 0 0 0 0 0 0 0 0 0 0 0 0 0 0 0 0 0 0 0 0 0 0 0 0 0 0 0 0 0 0 0 0 0 0 0 0 0]
[374195372831849074920358815214364759726029764777698696457506033646762482327903700654734043110857153321692694584496427197422633919642519524286261298243096900550723066346627824252631218214175367250598136601272827726834 0 0 0 0 0 0 0 0 0 0 0 0 0 0 0 0 0 0 0 0 0 0 1 0 0 0 0 0 0 0 0 0 0 0 0 0 0 0 0 0 0 0 0 0 0 0 0 0 0 0 0 0 0 0 0 0 0 0 0 0 0 0 0 0 0 0 0 0 0 0 0]
[697143568312459822882048706432995417299043196206133068376544112478508999830362111951302564553458545956293434116870897653880193898231624341263219810710671775331457009443431980552534691431872153461061588478075857776593 0 0 0 0 0 0 0 0 0 0 0 0 0 0 0 0 0 0 0 0 0 0 0 1 0 0 0 0 0 0 0 0 0 0 0 0 0 0 0 0 0 0 0 0 0 0 0 0 0 0 0 0 0 0 0 0 0 0 0 0 0 0 0 0 0 0 0 0 0 0 0]
[1510030447496294858357338566125295632877736344561664357643209868581930401496763558552374243156101169900141035100975033455974610940612160508443856382819407097873899294046622701909646147727013861265393910768006818228053 0 0 0 0 0 0 0 0 0 0 0 0 0 0 0 0 0 0 0 0 0 0 0 0 1 0 0 0 0 0 0 0 0 0 0 0 0 0 0 0 0 0 0 0 0 0 0 0 0 0 0 0 0 0 0 0 0 0 0 0 0 0 0 0 0 0 0 0 0 0 0]
[1033915153870595143857795985484668479491551294880580628062566094206754344286606820222974500799795242192437114218859018425351262694489338630275976808377860715106312827743992299616867949755935828975469342432103989152789 0 0 0 0 0 0 0 0 0 0 0 0 0 0 0 0 0 0 0 0 0 0 0 0 0 1 0 0 0 0 0 0 0 0 0 0 0 0 0 0 0 0 0 0 0 0 0 0 0 0 0 0 0 0 0 0 0 0 0 0 0 0 0 0 0 0 0 0 0 0 0]
[361026611155917518791050459085626394899835605047533345043180860621189549643186701330155603003551023943492404627736753361375817184785662443775854568451306086151684364131121648273143662695179871828788799044606841467361 0 0 0 0 0 0 0 0 0 0 0 0 0 0 0 0 0 0 0 0 0 0 0 0 0 0 1 0 0 0 0 0 0 0 0 0 0 0 0 0 0 0 0 0 0 0 0 0 0 0 0 0 0 0 0 0 0 0 0 0 0 0 0 0 0 0 0 0 0 0 0]
[763093864715136747869131114487005149885083040840773907686584761423002790887569609559094773799906965373827096356317727289443163608573438110589857021948867842350380902986432640619223497146210276083957852684622428500958 0 0 0 0 0 0 0 0 0 0 0 0 0 0 0 0 0 0 0 0 0 0 0 0 0 0 0 1 0 0 0 0 0 0 0 0 0 0 0 0 0 0 0 0 0 0 0 0 0 0 0 0 0 0 0 0 0 0 0 0 0 0 0 0 0 0 0 0 0 0 0]
[1945704821606583421403863281187705020381391860396775554695346123777721258649003516698542120314058534815974857985052870874842204697968851977736044912865680053587451183247197528381443607777753949585579787265957882897541 0 0 0 0 0 0 0 0 0 0 0 0 0 0 0 0 0 0 0 0 0 0 0 0 0 0 0 0 1 0 0 0 0 0 0 0 0 0 0 0 0 0 0 0 0 0 0 0 0 0 0 0 0 0 0 0 0 0 0 0 0 0 0 0 0 0 0 0 0 0 0]
[1698740632339949810891227451479449571388630780374668099909742828522445757205706330268979859880433051096521941388530220053661254945237677364751673473615185236945555909829738363695222085675952850116871323054742318283975 0 0 0 0 0 0 0 0 0 0 0 0 0 0 0 0 0 0 0 0 0 0 0 0 0 0 0 0 0 1 0 0 0 0 0 0 0 0 0 0 0 0 0 0 0 0 0 0 0 0 0 0 0 0 0 0 0 0 0 0 0 0 0 0 0 0 0 0 0 0 0]
[396931940414837158851933787605167401121411438868279620747208958160599538783329845127243511632630880950034782589800398283218606624840948063741551368791944995423145322862783357931819537601836811762580349006502005063066 0 0 0 0 0 0 0 0 0 0 0 0 0 0 0 0 0 0 0 0 0 0 0 0 0 0 0 0 0 0 1 0 0 0 0 0 0 0 0 0 0 0 0 0 0 0 0 0 0 0 0 0 0 0 0 0 0 0 0 0 0 0 0 0 0 0 0 0 0 0 0]
[1352104007312334694711971771979884180782260742664389349789367530168234160752960032072349102471918885168809226318973423220031019445497218364128487954883837638656673335615339111603747766947024672793434364601353425501656 0 0 0 0 0 0 0 0 0 0 0 0 0 0 0 0 0 0 0 0 0 0 0 0 0 0 0 0 0 0 0 1 0 0 0 0 0 0 0 0 0 0 0 0 0 0 0 0 0 0 0 0 0 0 0 0 0 0 0 0 0 0 0 0 0 0 0 0 0 0 0]
[2099111453309900365606516048837272627033050126271814658218116430495801289544551824597029853710936896228890405848557840522894461736011043239200186038029710199466756808239420841002797999166368395628255583621880578164123 0 0 0 0 0 0 0 0 0 0 0 0 0 0 0 0 0 0 0 0 0 0 0 0 0 0 0 0 0 0 0 0 1 0 0 0 0 0 0 0 0 0 0 0 0 0 0 0 0 0 0 0 0 0 0 0 0 0 0 0 0 0 0 0 0 0 0 0 0 0 0]
[1186013832601180686780323437239754115799086742071441598490065437856648714177926757614327718727066889974693582389923020347030951275633294699696973240809670723810035133544959540065255830837721603552468333619285564672564 0 0 0 0 0 0 0 0 0 0 0 0 0 0 0 0 0 0 0 0 0 0 0 0 0 0 0 0 0 0 0 0 0 1 0 0 0 0 0 0 0 0 0 0 0 0 0 0 0 0 0 0 0 0 0 0 0 0 0 0 0 0 0 0 0 0 0 0 0 0 0]
[1889107695240801023635430734048010107504952361561251373275710843614413814437994322001000962337451363656227079941825058887695669726780859727168359061867474526291032613042570429157650853684180940194375904399958881756647 0 0 0 0 0 0 0 0 0 0 0 0 0 0 0 0 0 0 0 0 0 0 0 0 0 0 0 0 0 0 0 0 0 0 1 0 0 0 0 0 0 0 0 0 0 0 0 0 0 0 0 0 0 0 0 0 0 0 0 0 0 0 0 0 0 0 0 0 0 0 0]
[2833110208994910273946222198094594829674570136933064642393491801667297006713092809903545883191335068059048944611426127775297184113331170945476262175132746035672360494468214952543387893390692102197822257698928956249793 0 0 0 0 0 0 0 0 0 0 0 0 0 0 0 0 0 0 0 0 0 0 0 0 0 0 0 0 0 0 0 0 0 0 0 1 0 0 0 0 0 0 0 0 0 0 0 0 0 0 0 0 0 0 0 0 0 0 0 0 0 0 0 0 0 0 0 0 0 0 0]
[1444399906328618970073717256580586214023797510793369077449405937589522403606587436164163903894664723637118947578829432187825204897405116149860645714099640675423810369045710739192568469673111882737176082130558747104979 0 0 0 0 0 0 0 0 0 0 0 0 0 0 0 0 0 0 0 0 0 0 0 0 0 0 0 0 0 0 0 0 0 0 0 0 1 0 0 0 0 0 0 0 0 0 0 0 0 0 0 0 0 0 0 0 0 0 0 0 0 0 0 0 0 0 0 0 0 0 0]
[1638220941670102201442541935503655282192328401933610086691102435108345173853673569318518901514265621664290448097440983898006320120894925328690937705075288728398803594650967175818979552332021681095756143945092740019028 0 0 0 0 0 0 0 0 0 0 0 0 0 0 0 0 0 0 0 0 0 0 0 0 0 0 0 0 0 0 0 0 0 0 0 0 0 1 0 0 0 0 0 0 0 0 0 0 0 0 0 0 0 0 0 0 0 0 0 0 0 0 0 0 0 0 0 0 0 0 0]
[1610794130908016389422704813250447239520751844923217761422020152190656272305729500757470382462944260258630968522786612600278570842504030911534472382183727820520134988802957669428308499607929290969606123484275036662442 0 0 0 0 0 0 0 0 0 0 0 0 0 0 0 0 0 0 0 0 0 0 0 0 0 0 0 0 0 0 0 0 0 0 0 0 0 0 1 0 0 0 0 0 0 0 0 0 0 0 0 0 0 0 0 0 0 0 0 0 0 0 0 0 0 0 0 0 0 0 0]
[1568291083443101061514904749795826869537651996050091070732658601377806033802477051362234328442331444760407187617452506511404445383051196735782573599778466967304802203350622059255596378310092450149672262943644641201740 0 0 0 0 0 0 0 0 0 0 0 0 0 0 0 0 0 0 0 0 0 0 0 0 0 0 0 0 0 0 0 0 0 0 0 0 0 0 0 1 0 0 0 0 0 0 0 0 0 0 0 0 0 0 0 0 0 0 0 0 0 0 0 0 0 0 0 0 0 0 0]
[2789983499443701892691990974531685839915064467868809117104147857456468894536275796037203470085703503571105390053925943089818665855894480616144839857278614507157988478108016750847468977649947690628932947155332802915992 0 0 0 0 0 0 0 0 0 0 0 0 0 0 0 0 0 0 0 0 0 0 0 0 0 0 0 0 0 0 0 0 0 0 0 0 0 0 0 0 1 0 0 0 0 0 0 0 0 0 0 0 0 0 0 0 0 0 0 0 0 0 0 0 0 0 0 0 0 0 0]
[2543704210399434838779131483885783002037137915935595962914528112599050008216918350623424224652495120460330706271536542878437966402420360772320164012313314468074350533328977182481498159771429374720338545702089684828368 0 0 0 0 0 0 0 0 0 0 0 0 0 0 0 0 0 0 0 0 0 0 0 0 0 0 0 0 0 0 0 0 0 0 0 0 0 0 0 0 0 1 0 0 0 0 0 0 0 0 0 0 0 0 0 0 0 0 0 0 0 0 0 0 0 0 0 0 0 0 0]
[18855945084890553258225689965714026753649026270883065354880009323621399962968560805351641281488372615988198035838877542041806689384342322730337389562024221591684493437932883170635918106562266201326002744571511697756 0 0 0 0 0 0 0 0 0 0 0 0 0 0 0 0 0 0 0 0 0 0 0 0 0 0 0 0 0 0 0 0 0 0 0 0 0 0 0 0 0 0 1 0 0 0 0 0 0 0 0 0 0 0 0 0 0 0 0 0 0 0 0 0 0 0 0 0 0 0 0]
[224476942380837241691429218642887621502503030744265518667643099913487946448769912771839198978947340392274884318972579192805715829295116380589970940155488491161784201711640352670909439398749903362317318541547436767474 0 0 0 0 0 0 0 0 0 0 0 0 0 0 0 0 0 0 0 0 0 0 0 0 0 0 0 0 0 0 0 0 0 0 0 0 0 0 0 0 0 0 0 1 0 0 0 0 0 0 0 0 0 0 0 0 0 0 0 0 0 0 0 0 0 0 0 0 0 0 0]
[1781572650868019243028927930182908367744468380126178070539720594405419164163018302339836045073763352807194895812768906373415305294878443813905849432112781351128115598294408653003681908846476436039870804264083561820507 0 0 0 0 0 0 0 0 0 0 0 0 0 0 0 0 0 0 0 0 0 0 0 0 0 0 0 0 0 0 0 0 0 0 0 0 0 0 0 0 0 0 0 0 1 0 0 0 0 0 0 0 0 0 0 0 0 0 0 0 0 0 0 0 0 0 0 0 0 0 0]
[1841252679784044212003889385731561545135868852581100458244150501277817186467542224948976550862993014338055278927476964945752063753220303901792564997198429264792686876584791326260532136084749665224130161223908551380138 0 0 0 0 0 0 0 0 0 0 0 0 0 0 0 0 0 0 0 0 0 0 0 0 0 0 0 0 0 0 0 0 0 0 0 0 0 0 0 0 0 0 0 0 0 1 0 0 0 0 0 0 0 0 0 0 0 0 0 0 0 0 0 0 0 0 0 0 0 0 0]
[810651366903949162593680838030150699729400188486631803788232647935472228509840721207809153764235536938855313718446722329643383580477197322209455147072239342257421377308052678955648021579011810158263760876614106838274 0 0 0 0 0 0 0 0 0 0 0 0 0 0 0 0 0 0 0 0 0 0 0 0 0 0 0 0 0 0 0 0 0 0 0 0 0 0 0 0 0 0 0 0 0 0 1 0 0 0 0 0 0 0 0 0 0 0 0 0 0 0 0 0 0 0 0 0 0 0 0]
[2080233973110558252777572412285659315022835797406363180601638922747233227321603941929736611907033888202885704811836441018011043050353367316834788363400844900406710581034467281823499684776420473965257183153118923385210 0 0 0 0 0 0 0 0 0 0 0 0 0 0 0 0 0 0 0 0 0 0 0 0 0 0 0 0 0 0 0 0 0 0 0 0 0 0 0 0 0 0 0 0 0 0 0 1 0 0 0 0 0 0 0 0 0 0 0 0 0 0 0 0 0 0 0 0 0 0 0]
[2339796707978943329164909056492011377019430388998279496822319296917016481895310196940540757009370479537274996507291345899658558312943364947289206316327605544607359311659399355136210287448504569734089786961590468525888 0 0 0 0 0 0 0 0 0 0 0 0 0 0 0 0 0 0 0 0 0 0 0 0 0 0 0 0 0 0 0 0 0 0 0 0 0 0 0 0 0 0 0 0 0 0 0 0 1 0 0 0 0 0 0 0 0 0 0 0 0 0 0 0 0 0 0 0 0 0 0]
[625660712754001463784162701952099781828871567304570759380465517337157479160331584472205117757034272670922607655135786021439277466477099349816644175105247656698135861566233111914560610419084667750076754275814100650906 0 0 0 0 0 0 0 0 0 0 0 0 0 0 0 0 0 0 0 0 0 0 0 0 0 0 0 0 0 0 0 0 0 0 0 0 0 0 0 0 0 0 0 0 0 0 0 0 0 1 0 0 0 0 0 0 0 0 0 0 0 0 0 0 0 0 0 0 0 0 0]
[2692940218123903263360710066869191749666813151326222058274266810014468743712259895900383536162699122694833074140694778036806042495813215321461283715887990287505654175375459650799190056500644924916783497954603470453508 0 0 0 0 0 0 0 0 0 0 0 0 0 0 0 0 0 0 0 0 0 0 0 0 0 0 0 0 0 0 0 0 0 0 0 0 0 0 0 0 0 0 0 0 0 0 0 0 0 0 1 0 0 0 0 0 0 0 0 0 0 0 0 0 0 0 0 0 0 0 0]
[2670457037727253690622822648864978336279130396613477681102538427224815852563377776767463458848890796385441936752900054788504964303854222903174266513154715397550719694905419710574012054316054544628219510837353982030947 0 0 0 0 0 0 0 0 0 0 0 0 0 0 0 0 0 0 0 0 0 0 0 0 0 0 0 0 0 0 0 0 0 0 0 0 0 0 0 0 0 0 0 0 0 0 0 0 0 0 0 1 0 0 0 0 0 0 0 0 0 0 0 0 0 0 0 0 0 0 0]
[1342240848295099732205409063220930954457785737101228376637505480832756623223374652852355018340528622963894960058373507762124419456982228089532993788182801101363830422740525785496727183344965931681751788979247164007104 0 0 0 0 0 0 0 0 0 0 0 0 0 0 0 0 0 0 0 0 0 0 0 0 0 0 0 0 0 0 0 0 0 0 0 0 0 0 0 0 0 0 0 0 0 0 0 0 0 0 0 0 1 0 0 0 0 0 0 0 0 0 0 0 0 0 0 0 0 0 0]
[409063290790631965662356717145973834613362332275332284069710944340632310094780437406500423172791826710708792958160988393280554018255381894601229392819566616060703042322335057218527726514038961777023109594424843200774 0 0 0 0 0 0 0 0 0 0 0 0 0 0 0 0 0 0 0 0 0 0 0 0 0 0 0 0 0 0 0 0 0 0 0 0 0 0 0 0 0 0 0 0 0 0 0 0 0 0 0 0 0 1 0 0 0 0 0 0 0 0 0 0 0 0 0 0 0 0 0]
[191294837737531016845440934739105491668501697020417331155308694529638507591452006131078149988543370014878458000467153156545826538057212683884522228489750113272976314699018919681616496841331657906541255334594034518886 0 0 0 0 0 0 0 0 0 0 0 0 0 0 0 0 0 0 0 0 0 0 0 0 0 0 0 0 0 0 0 0 0 0 0 0 0 0 0 0 0 0 0 0 0 0 0 0 0 0 0 0 0 0 1 0 0 0 0 0 0 0 0 0 0 0 0 0 0 0 0]
[1011001334052272772463761777892484464905329183883129802371521373008178115041028808448174214220145480022230005577467306577554031352466702810584693804014897527001540088155009568340571030598106716712857062282198665783199 0 0 0 0 0 0 0 0 0 0 0 0 0 0 0 0 0 0 0 0 0 0 0 0 0 0 0 0 0 0 0 0 0 0 0 0 0 0 0 0 0 0 0 0 0 0 0 0 0 0 0 0 0 0 0 1 0 0 0 0 0 0 0 0 0 0 0 0 0 0 0]
[853295146003871900631924970469614316178891832958012551007951028836591087322029400092550812247197301173970377220724690750749435895858679078032707058295918947426006557132043568919222442599009808919896025112765418675873 0 0 0 0 0 0 0 0 0 0 0 0 0 0 0 0 0 0 0 0 0 0 0 0 0 0 0 0 0 0 0 0 0 0 0 0 0 0 0 0 0 0 0 0 0 0 0 0 0 0 0 0 0 0 0 0 1 0 0 0 0 0 0 0 0 0 0 0 0 0 0]
[465607464015298821635772689301427419891955262043930842853321982390345592781811507350547195613839608331946026013746865610994098106484503821838853631949250468289330589617798308155918919435687431434204707779019202159123 0 0 0 0 0 0 0 0 0 0 0 0 0 0 0 0 0 0 0 0 0 0 0 0 0 0 0 0 0 0 0 0 0 0 0 0 0 0 0 0 0 0 0 0 0 0 0 0 0 0 0 0 0 0 0 0 0 1 0 0 0 0 0 0 0 0 0 0 0 0 0]
[1009110663835612564390246932015185535744209681938963092134890536166643358014357376905445936345560285418070111657419318777263756884140666963484150620838786454388557545783421045585054995370797392007918251813325063056839 0 0 0 0 0 0 0 0 0 0 0 0 0 0 0 0 0 0 0 0 0 0 0 0 0 0 0 0 0 0 0 0 0 0 0 0 0 0 0 0 0 0 0 0 0 0 0 0 0 0 0 0 0 0 0 0 0 0 1 0 0 0 0 0 0 0 0 0 0 0 0]
[17243860089594032872850548135320007227681851076496592414397261249992467360147647266961844953092502793266157409586386780245455483247256175129324619266045517980641943243828925788364279134508748079941073808872371561389 0 0 0 0 0 0 0 0 0 0 0 0 0 0 0 0 0 0 0 0 0 0 0 0 0 0 0 0 0 0 0 0 0 0 0 0 0 0 0 0 0 0 0 0 0 0 0 0 0 0 0 0 0 0 0 0 0 0 0 1 0 0 0 0 0 0 0 0 0 0 0]
[843635730853456199983830027617940961652677617431934067354056319026641444539260965739870735434256570580429873787959307833808971584120528542755245522570398999166318409123450021409599855354318900847642643681751770950853 0 0 0 0 0 0 0 0 0 0 0 0 0 0 0 0 0 0 0 0 0 0 0 0 0 0 0 0 0 0 0 0 0 0 0 0 0 0 0 0 0 0 0 0 0 0 0 0 0 0 0 0 0 0 0 0 0 0 0 0 1 0 0 0 0 0 0 0 0 0 0]
[495615756533834331608529158529509322979913607098167206027274429344082960083463980821023365276496693611301524695031005633829471656573091956966601768305539845529099093043285707740463137364620892406635264228142974952983 0 0 0 0 0 0 0 0 0 0 0 0 0 0 0 0 0 0 0 0 0 0 0 0 0 0 0 0 0 0 0 0 0 0 0 0 0 0 0 0 0 0 0 0 0 0 0 0 0 0 0 0 0 0 0 0 0 0 0 0 0 1 0 0 0 0 0 0 0 0 0]
[978145281882150107955295911387613806420458912976919553646357488228880452372804283239430218631460392711070931909071671152433270123800560012571726018621253739038260193949255282277730238540065164779904529835143272943771 0 0 0 0 0 0 0 0 0 0 0 0 0 0 0 0 0 0 0 0 0 0 0 0 0 0 0 0 0 0 0 0 0 0 0 0 0 0 0 0 0 0 0 0 0 0 0 0 0 0 0 0 0 0 0 0 0 0 0 0 0 0 1 0 0 0 0 0 0 0 0]
[882463459417076561647922740424344546015525885433705981652023655363535463017464319911597134713145214781559945367560821815162241115147135244990103847551811092099250633103288226194404500040379409182839780754317706216698 0 0 0 0 0 0 0 0 0 0 0 0 0 0 0 0 0 0 0 0 0 0 0 0 0 0 0 0 0 0 0 0 0 0 0 0 0 0 0 0 0 0 0 0 0 0 0 0 0 0 0 0 0 0 0 0 0 0 0 0 0 0 0 1 0 0 0 0 0 0 0]
[2219053370114340366305515714961922460483953004112201241009747215610656469561276067853071031800224653602904331436915744969161353698272189150491922098297177336356290947460476900919141902370553319102342847968422950873074 0 0 0 0 0 0 0 0 0 0 0 0 0 0 0 0 0 0 0 0 0 0 0 0 0 0 0 0 0 0 0 0 0 0 0 0 0 0 0 0 0 0 0 0 0 0 0 0 0 0 0 0 0 0 0 0 0 0 0 0 0 0 0 0 1 0 0 0 0 0 0]
[370849297794980918007592776889759540838900433403432646046721638051905775630268038053871574088340467091421269870620173633353017547877632158998130603679870994967097300143867144156754969233431672269124179043017035281874 0 0 0 0 0 0 0 0 0 0 0 0 0 0 0 0 0 0 0 0 0 0 0 0 0 0 0 0 0 0 0 0 0 0 0 0 0 0 0 0 0 0 0 0 0 0 0 0 0 0 0 0 0 0 0 0 0 0 0 0 0 0 0 0 0 1 0 0 0 0 0]
[1094330245870442790874247799326509432807389882195178973692197093681188820441144165518423522286383929997923678476216337005059946723835785308902918466141030543243994292674621599433055428592653266485940249655353856676886 0 0 0 0 0 0 0 0 0 0 0 0 0 0 0 0 0 0 0 0 0 0 0 0 0 0 0 0 0 0 0 0 0 0 0 0 0 0 0 0 0 0 0 0 0 0 0 0 0 0 0 0 0 0 0 0 0 0 0 0 0 0 0 0 0 0 1 0 0 0 0]
[1779497443617341715635699760293310544428940983170779755624776904197560198170412894672608865484788218828623260953713724825839999740885704610513016392105940684638618459372427767217042797207774172079510211276938704180396 0 0 0 0 0 0 0 0 0 0 0 0 0 0 0 0 0 0 0 0 0 0 0 0 0 0 0 0 0 0 0 0 0 0 0 0 0 0 0 0 0 0 0 0 0 0 0 0 0 0 0 0 0 0 0 0 0 0 0 0 0 0 0 0 0 0 0 1 0 0 0]
[1506659180813030350358654337859480465510828079197757436600663392531599804457418724095679710630295466679366393268663784232825587306423972065610309439896244780268222305755317934549695315888548976628183311419411253890993 0 0 0 0 0 0 0 0 0 0 0 0 0 0 0 0 0 0 0 0 0 0 0 0 0 0 0 0 0 0 0 0 0 0 0 0 0 0 0 0 0 0 0 0 0 0 0 0 0 0 0 0 0 0 0 0 0 0 0 0 0 0 0 0 0 0 0 0 1 0 0]
[1010872299017505942759774838532823323342187065379479158212302946961512053963174818246479710705767336763395405955189993241894693376981435604700035828725846790551674907692830976906220165344634108141471751751182979841883 0 0 0 0 0 0 0 0 0 0 0 0 0 0 0 0 0 0 0 0 0 0 0 0 0 0 0 0 0 0 0 0 0 0 0 0 0 0 0 0 0 0 0 0 0 0 0 0 0 0 0 0 0 0 0 0 0 0 0 0 0 0 0 0 0 0 0 0 0 1 0]
[442367958991777735959348227418523303329018490099662423518155871006528816647552845680556371574233748441877264107597499743169256739704311767155938187448647374692533219488980929250936189910078839933867497311139292718192 0 0 0 0 0 0 0 0 0 0 0 0 0 0 0 0 0 0 0 0 0 0 0 0 0 0 0 0 0 0 0 0 0 0 0 0 0 0 0 0 0 0 0 0 0 0 0 0 0 0 0 0 0 0 0 0 0 0 0 0 0 0 0 0 0 0 0 0 0 0 1]
]
