[[9702330137091377723267107410618779608699697986689094207531080017530817735438036103202413618089659584599384271563589346486775512375898112751000853036893722236953891723070161884764390293694900258165881872120833715959250470480659088070960547029061710761364765048095133979317306525531905590674396377042908011608539062929287530255912481409 0 0 0 0 0 0 0 0 0 0 0 0 0 0 0 0 0 0 0 0 0 0 0 0 0 0 0 0 0 0 0 0 0 0 0 0 0 0 0 0 0 0 0 0 0 0 0 0 0 0 0 0 0 0 0 0 0 0 0 0 0 0 0 0 0 0 0 0 0 0 0 0 0 0 0 0 0 0 0 0 0 0 0 0 0 0 0 0 0 0 0 0 0 0 0 0 0 0 0 0 0 0 0 0 0 0 0 0 0 0]
[26810455853337708777754061604659806837067525487828364204572094661976459116726798744462666070007303050831480691095014610945214690936213724687442637340466820855362425250346626201118887446858589653487192376312790452135850895412544668357876481080015272137174447191884544422338672060622576613356787642518261010389654753372453659381807287 1 0 0 0 0 0 0 0 0 0 0 0 0 0 0 0 0 0 0 0 0 0 0 0 0 0 0 0 0 0 0 0 0 0 0 0 0 0 0 0 0 0 0 0 0 0 0 0 0 0 0 0 0 0 0 0 0 0 0 0 0 0 0 0 0 0 0 0 0 0 0 0 0 0 0 0 0 0 0 0 0 0 0 0 0 0 0 0 0 0 0 0 0 0 0 0 0 0 0 0 0 0 0 0 0 0 0 0 0 0]
[7916707790240652865742254789302010948448844312250583401405017093921976487960472892827782534964612583434921146419492125693324126581902703690650564155548872291425097789421922462230295189965528745705070046993402554707318157228303580286605347640998143452814318316767824987639382272660326778728860833651928751843413676910372779562642172305 0 1 0 0 0 0 0 0 0 0 0 0 0 0 0 0 0 0 0 0 0 0 0 0 0 0 0 0 0 0 0 0 0 0 0 0 0 0 0 0 0 0 0 0 0 0 0 0 0 0 0 0 0 0 0 0 0 0 0 0 0 0 0 0 0 0 0 0 0 0 0 0 0 0 0 0 0 0 0 0 0 0 0 0 0 0 0 0 0 0 0 0 0 0 0 0 0 0 0 0 0 0 0 0 0 0 0 0 0 0]
[1194271262289692239031371589211312592026455014858473356194453803087672332543596340660293873942734251282645385012149035181425489819113677202466327581122535147167304058210931464664677486719726187685308605266355574861769405974466996693942712442808784223787815030813523557014455133963217572603481244630583183725890838808045514568046963993 0 0 1 0 0 0 0 0 0 0 0 0 0 0 0 0 0 0 0 0 0 0 0 0 0 0 0 0 0 0 0 0 0 0 0 0 0 0 0 0 0 0 0 0 0 0 0 0 0 0 0 0 0 0 0 0 0 0 0 0 0 0 0 0 0 0 0 0 0 0 0 0 0 0 0 0 0 0 0 0 0 0 0 0 0 0 0 0 0 0 0 0 0 0 0 0 0 0 0 0 0 0 0 0 0 0 0 0 0 0]
[5075614004405105337881619601649900900938819718104735014827446133607164576061921295923282407092761591398897028746656332938014124880585318204754967167661994893348544420254784716778265339071944466040942476307625272025769783398116556596913854796633758400041329145165869582664150643945814611148232962370479347838428823570031099900973283031 0 0 0 1 0 0 0 0 0 0 0 0 0 0 0 0 0 0 0 0 0 0 0 0 0 0 0 0 0 0 0 0 0 0 0 0 0 0 0 0 0 0 0 0 0 0 0 0 0 0 0 0 0 0 0 0 0 0 0 0 0 0 0 0 0 0 0 0 0 0 0 0 0 0 0 0 0 0 0 0 0 0 0 0 0 0 0 0 0 0 0 0 0 0 0 0 0 0 0 0 0 0 0 0 0 0 0 0 0 0]
[1984215309603641527801159338620543855138993930960225563978275089680808859353324903541055858763626177627883022625859445539470725842282221881422140451406485935914936449872091106382639798527318807926688879506741464992790560529159129411320356361659150006975699342534710008553374341441258908577003965859966078867106431793305556718021623588 0 0 0 0 1 0 0 0 0 0 0 0 0 0 0 0 0 0 0 0 0 0 0 0 0 0 0 0 0 0 0 0 0 0 0 0 0 0 0 0 0 0 0 0 0 0 0 0 0 0 0 0 0 0 0 0 0 0 0 0 0 0 0 0 0 0 0 0 0 0 0 0 0 0 0 0 0 0 0 0 0 0 0 0 0 0 0 0 0 0 0 0 0 0 0 0 0 0 0 0 0 0 0 0 0 0 0 0 0 0]
[7527848286383903735605499328914805538130733234424660237265530527034903133486063273074549509227919388176249691323645267331343263638147844535925199033200190152402013110825156315082079000731925000813076675057774648250556752427743241536627541066607884073943495804238947133317772105204646491033973599666970341569102501449943235531480375332 0 0 0 0 0 1 0 0 0 0 0 0 0 0 0 0 0 0 0 0 0 0 0 0 0 0 0 0 0 0 0 0 0 0 0 0 0 0 0 0 0 0 0 0 0 0 0 0 0 0 0 0 0 0 0 0 0 0 0 0 0 0 0 0 0 0 0 0 0 0 0 0 0 0 0 0 0 0 0 0 0 0 0 0 0 0 0 0 0 0 0 0 0 0 0 0 0 0 0 0 0 0 0 0 0 0 0 0 0 0]
[6138254181856406440761885108609368877569587679685121249948435073475913691439582360692548063310300210746085799188491051679518732961584901228455539341641559921171585776405773197880909487072239361282649962716807667329095432695302243653660852226153031583555932962840753041849108470175940714770976352777491244627012368570458463336633810471 0 0 0 0 0 0 1 0 0 0 0 0 0 0 0 0 0 0 0 0 0 0 0 0 0 0 0 0 0 0 0 0 0 0 0 0 0 0 0 0 0 0 0 0 0 0 0 0 0 0 0 0 0 0 0 0 0 0 0 0 0 0 0 0 0 0 0 0 0 0 0 0 0 0 0 0 0 0 0 0 0 0 0 0 0 0 0 0 0 0 0 0 0 0 0 0 0 0 0 0 0 0 0 0 0 0 0 0 0 0]
[2501550810188400993161256071919377452354514261634529394026675802651013275809639945181432574391627113524080675674967166148196240604532119822440720219148214266720923479930471845188168037158027837518018796965970733061100961729653090466238950283259652702421288917778066890150391369577381474675223664589857647821872365695167966654827523373 0 0 0 0 0 0 0 1 0 0 0 0 0 0 0 0 0 0 0 0 0 0 0 0 0 0 0 0 0 0 0 0 0 0 0 0 0 0 0 0 0 0 0 0 0 0 0 0 0 0 0 0 0 0 0 0 0 0 0 0 0 0 0 0 0 0 0 0 0 0 0 0 0 0 0 0 0 0 0 0 0 0 0 0 0 0 0 0 0 0 0 0 0 0 0 0 0 0 0 0 0 0 0 0 0 0 0 0 0 0]
[5007224480538767673724999232607429893844347234545132760090140888290997805855559971684516370658941953762038285601632967685079225226263857651876342865240197033819110531771098708342869221120474909505953687287795994315658349635999278460293155319553328623325106186764896817113163045566439213909079501441918430957156733098348208797603812063 0 0 0 0 0 0 0 0 1 0 0 0 0 0 0 0 0 0 0 0 0 0 0 0 0 0 0 0 0 0 0 0 0 0 0 0 0 0 0 0 0 0 0 0 0 0 0 0 0 0 0 0 0 0 0 0 0 0 0 0 0 0 0 0 0 0 0 0 0 0 0 0 0 0 0 0 0 0 0 0 0 0 0 0 0 0 0 0 0 0 0 0 0 0 0 0 0 0 0 0 0 0 0 0 0 0 0 0 0 0]
[2124065745497241469735539593411591840560310198710421951714693878369350858255891870371268729142918544249493230419590296245840427941795773354893897590099773800783141568286821056557916388730308008016350727702289992172014074542223920852632396796831549121057746975094292714897077422570059611879260604114634934085928095695482474242542597189 0 0 0 0 0 0 0 0 0 1 0 0 0 0 0 0 0 0 0 0 0 0 0 0 0 0 0 0 0 0 0 0 0 0 0 0 0 0 0 0 0 0 0 0 0 0 0 0 0 0 0 0 0 0 0 0 0 0 0 0 0 0 0 0 0 0 0 0 0 0 0 0 0 0 0 0 0 0 0 0 0 0 0 0 0 0 0 0 0 0 0 0 0 0 0 0 0 0 0 0 0 0 0 0 0 0 0 0 0 0]
[1253364067336957403945582940361786569402367980860716421384433584121818336704989865579091050026114653702688612206205335837014407865442042219158512236850094109768241665351653499875538899054676796110225385005554846591230878377858385818669896608177932531269023386642414552900319402222921915699735389333464207384233467981551752938230278363 0 0 0 0 0 0 0 0 0 0 1 0 0 0 0 0 0 0 0 0 0 0 0 0 0 0 0 0 0 0 0 0 0 0 0 0 0 0 0 0 0 0 0 0 0 0 0 0 0 0 0 0 0 0 0 0 0 0 0 0 0 0 0 0 0 0 0 0 0 0 0 0 0 0 0 0 0 0 0 0 0 0 0 0 0 0 0 0 0 0 0 0 0 0 0 0 0 0 0 0 0 0 0 0 0 0 0 0 0 0]
[7655535036014323120157667049627399508837569008097479045753114948015559844712624124186487183825657824431862894582036373150336776678333275842092903290375991406100394561562443930258995039263663177509653176123567605513674223315660031583131868299628561115099770121762299924341868538911718596498696545098507088336144171857641097122753880452 0 0 0 0 0 0 0 0 0 0 0 1 0 0 0 0 0 0 0 0 0 0 0 0 0 0 0 0 0 0 0 0 0 0 0 0 0 0 0 0 0 0 0 0 0 0 0 0 0 0 0 0 0 0 0 0 0 0 0 0 0 0 0 0 0 0 0 0 0 0 0 0 0 0 0 0 0 0 0 0 0 0 0 0 0 0 0 0 0 0 0 0 0 0 0 0 0 0 0 0 0 0 0 0 0 0 0 0 0 0]
[2307505520723337601963975212240651888733672299005823126207426627183386339290102196103393882143274520543148414126714384809484175081195679425729994572787942569348498246866058840132229213202438319516553442264910203156068723607589410871508478008613185109848467472212665193199707873561269695394715760441485502571168367391309204642977279091 0 0 0 0 0 0 0 0 0 0 0 0 1 0 0 0 0 0 0 0 0 0 0 0 0 0 0 0 0 0 0 0 0 0 0 0 0 0 0 0 0 0 0 0 0 0 0 0 0 0 0 0 0 0 0 0 0 0 0 0 0 0 0 0 0 0 0 0 0 0 0 0 0 0 0 0 0 0 0 0 0 0 0 0 0 0 0 0 0 0 0 0 0 0 0 0 0 0 0 0 0 0 0 0 0 0 0 0 0 0]
[5567638529159883036639718344682956209705153379013740557568981263304613640203370363031035057425993986995643880665384270176010396893133513995025083554532225986324599925174267064389734907551687526782007233987566822311573059205987124200158866558311618949525628570365898116132446501625877318132520714766878728336649271697495454184756969876 0 0 0 0 0 0 0 0 0 0 0 0 0 1 0 0 0 0 0 0 0 0 0 0 0 0 0 0 0 0 0 0 0 0 0 0 0 0 0 0 0 0 0 0 0 0 0 0 0 0 0 0 0 0 0 0 0 0 0 0 0 0 0 0 0 0 0 0 0 0 0 0 0 0 0 0 0 0 0 0 0 0 0 0 0 0 0 0 0 0 0 0 0 0 0 0 0 0 0 0 0 0 0 0 0 0 0 0 0 0]
[6399622764472072250801274789416468550205804696971247741522313714900143020183191900577759793848931886660046827929103882788876202594721580241075721748929870305454514918340569268958626382297521130594409479558465966109841178833687491728952164452581503062196582456762364026042057610238002142876777414826917505570140042217917639812070940558 0 0 0 0 0 0 0 0 0 0 0 0 0 0 1 0 0 0 0 0 0 0 0 0 0 0 0 0 0 0 0 0 0 0 0 0 0 0 0 0 0 0 0 0 0 0 0 0 0 0 0 0 0 0 0 0 0 0 0 0 0 0 0 0 0 0 0 0 0 0 0 0 0 0 0 0 0 0 0 0 0 0 0 0 0 0 0 0 0 0 0 0 0 0 0 0 0 0 0 0 0 0 0 0 0 0 0 0 0 0]
[2576643135127828078963322211714639088893226624630367916919968397500201208383797543976385315400530655955101017042136013054035912695247133003120374068928437891452692799690101524188654811514158967519234384615398580760215470700058272959770987443887800837612809623380660032843634598555159948378247134717186241983684332312995707594405240392 0 0 0 0 0 0 0 0 0 0 0 0 0 0 0 1 0 0 0 0 0 0 0 0 0 0 0 0 0 0 0 0 0 0 0 0 0 0 0 0 0 0 0 0 0 0 0 0 0 0 0 0 0 0 0 0 0 0 0 0 0 0 0 0 0 0 0 0 0 0 0 0 0 0 0 0 0 0 0 0 0 0 0 0 0 0 0 0 0 0 0 0 0 0 0 0 0 0 0 0 0 0 0 0 0 0 0 0 0 0]
[8889633573966400569720429495120233509991358840834193622133083089096328722417762906348570616297101431295588702279870675590893386295465962584141830848312273053891338051543184968130233215468000559049162862903761229839379451304900818429257191465019204981841506091161092456400787783077125924898895253680927102654295333445771199356946591965 0 0 0 0 0 0 0 0 0 0 0 0 0 0 0 0 1 0 0 0 0 0 0 0 0 0 0 0 0 0 0 0 0 0 0 0 0 0 0 0 0 0 0 0 0 0 0 0 0 0 0 0 0 0 0 0 0 0 0 0 0 0 0 0 0 0 0 0 0 0 0 0 0 0 0 0 0 0 0 0 0 0 0 0 0 0 0 0 0 0 0 0 0 0 0 0 0 0 0 0 0 0 0 0 0 0 0 0 0 0]
[4803029015402779385747684836157935643697073127082825428106956659103198716817487511061291742972178571147529205800677699667380264026498586082668160713547082443453155231385114893561307081846569723812908964708328782839212164057294762579845563768339059503243135070186803241173631524367356882207689641447371986440505906898737001153608578049 0 0 0 0 0 0 0 0 0 0 0 0 0 0 0 0 0 1 0 0 0 0 0 0 0 0 0 0 0 0 0 0 0 0 0 0 0 0 0 0 0 0 0 0 0 0 0 0 0 0 0 0 0 0 0 0 0 0 0 0 0 0 0 0 0 0 0 0 0 0 0 0 0 0 0 0 0 0 0 0 0 0 0 0 0 0 0 0 0 0 0 0 0 0 0 0 0 0 0 0 0 0 0 0 0 0 0 0 0 0]
[1644315909608435417963443574825008748261533319742424657784990129877494593623342762723384980486223519276767494120637540571098242959502642251501211619617046674308404815954707016893062697575515494962700659395623420264178504301527127725003878975478511361613845897864662581931645819748122216291069354040705943201242233400071024820676562579 0 0 0 0 0 0 0 0 0 0 0 0 0 0 0 0 0 0 1 0 0 0 0 0 0 0 0 0 0 0 0 0 0 0 0 0 0 0 0 0 0 0 0 0 0 0 0 0 0 0 0 0 0 0 0 0 0 0 0 0 0 0 0 0 0 0 0 0 0 0 0 0 0 0 0 0 0 0 0 0 0 0 0 0 0 0 0 0 0 0 0 0 0 0 0 0 0 0 0 0 0 0 0 0 0 0 0 0 0 0]
[3392172463755438906148165168249935789749136128038819836870738519175422643395020596785115823113955809369841232088341667466106221916831206675844835433736951454309752367546685183717933542199732720324481460862260282891341527267532569562444532084052698127975365429370467296122754547864256600425648861152734968214211291579170480259297234264 0 0 0 0 0 0 0 0 0 0 0 0 0 0 0 0 0 0 0 1 0 0 0 0 0 0 0 0 0 0 0 0 0 0 0 0 0 0 0 0 0 0 0 0 0 0 0 0 0 0 0 0 0 0 0 0 0 0 0 0 0 0 0 0 0 0 0 0 0 0 0 0 0 0 0 0 0 0 0 0 0 0 0 0 0 0 0 0 0 0 0 0 0 0 0 0 0 0 0 0 0 0 0 0 0 0 0 0 0 0]
[6550463710880457996169389599222374191509687240543934428185212585240638751459638883977492061923981794412556944814457116520061339118745310671684267246478574715507658573285818873323891179383600823615372681423557592306160925612996061702842853774445815184912476379188381198025228004471506787047749049230789147945311171528503895988932783984 0 0 0 0 0 0 0 0 0 0 0 0 0 0 0 0 0 0 0 0 1 0 0 0 0 0 0 0 0 0 0 0 0 0 0 0 0 0 0 0 0 0 0 0 0 0 0 0 0 0 0 0 0 0 0 0 0 0 0 0 0 0 0 0 0 0 0 0 0 0 0 0 0 0 0 0 0 0 0 0 0 0 0 0 0 0 0 0 0 0 0 0 0 0 0 0 0 0 0 0 0 0 0 0 0 0 0 0 0 0]
[2235006957931947028475708636704764926228676661634618102599510929876731941496150075734686245898134023297613134458011123792503124939357892350817870014576915759309555271762162808256981315799761320804374352852424518227911090769781778255955056842690517586261318021604380674388830730734345725869601943135957805824070781915395445168907825790 0 0 0 0 0 0 0 0 0 0 0 0 0 0 0 0 0 0 0 0 0 1 0 0 0 0 0 0 0 0 0 0 0 0 0 0 0 0 0 0 0 0 0 0 0 0 0 0 0 0 0 0 0 0 0 0 0 0 0 0 0 0 0 0 0 0 0 0 0 0 0 0 0 0 0 0 0 0 0 0 0 0 0 0 0 0 0 0 0 0 0 0 0 0 0 0 0 0 0 0 0 0 0 0 0 0 0 0 0 0]
[3151440255150455568091842970217712686768833858625944710936496518795933157509497146447394727068669146088492112164520226588225667649625429778704531719152664899789613426060973564666640716972274882515739329139977619466772173695744611538848539986184639991336536783719280587049001046174913494247524184431925661249893358913322326390911927718 0 0 0 0 0 0 0 0 0 0 0 0 0 0 0 0 0 0 0 0 0 0 1 0 0 0 0 0 0 0 0 0 0 0 0 0 0 0 0 0 0 0 0 0 0 0 0 0 0 0 0 0 0 0 0 0 0 0 0 0 0 0 0 0 0 0 0 0 0 0 0 0 0 0 0 0 0 0 0 0 0 0 0 0 0 0 0 0 0 0 0 0 0 0 0 0 0 0 0 0 0 0 0 0 0 0 0 0 0 0]
[2422844674800377055637051009427572856023448961285020860222210092139850700095116284216161165656979800577482569892279075162960296765378523624495617265091353741482945382164736016109083127273235971140114450287772588977964511900642758603481355961820027883648298230963725823457698619428046731385974504405272118171235252804718775031347468806 0 0 0 0 0 0 0 0 0 0 0 0 0 0 0 0 0 0 0 0 0 0 0 1 0 0 0 0 0 0 0 0 0 0 0 0 0 0 0 0 0 0 0 0 0 0 0 0 0 0 0 0 0 0 0 0 0 0 0 0 0 0 0 0 0 0 0 0 0 0 0 0 0 0 0 0 0 0 0 0 0 0 0 0 0 0 0 0 0 0 0 0 0 0 0 0 0 0 0 0 0 0 0 0 0 0 0 0 0 0]
[2279011492261519509925502457871642197250627896131191875204503618611551623861153264993696506406360161414700162916101592248557042325613413876401742538297587006346211412993203972718218969649587074263458207694394544436743051567670245078303686916820330797684021503270829771289433694343689420398150344217388170987627835350254224351617224436 0 0 0 0 0 0 0 0 0 0 0 0 0 0 0 0 0 0 0 0 0 0 0 0 1 0 0 0 0 0 0 0 0 0 0 0 0 0 0 0 0 0 0 0 0 0 0 0 0 0 0 0 0 0 0 0 0 0 0 0 0 0 0 0 0 0 0 0 0 0 0 0 0 0 0 0 0 0 0 0 0 0 0 0 0 0 0 0 0 0 0 0 0 0 0 0 0 0 0 0 0 0 0 0 0 0 0 0 0 0]
[269927926962603716382509884338711816773497265919814779955334280678820475462447074492622635290676707061187899900668066830464754056229526095354749914709660389390592669429362577323414053976955418435514153444770640297315071686115450140762873653717486183628500920381619073892739495610776363005699678134776744832121264625834122936263950786 0 0 0 0 0 0 0 0 0 0 0 0 0 0 0 0 0 0 0 0 0 0 0 0 0 1 0 0 0 0 0 0 0 0 0 0 0 0 0 0 0 0 0 0 0 0 0 0 0 0 0 0 0 0 0 0 0 0 0 0 0 0 0 0 0 0 0 0 0 0 0 0 0 0 0 0 0 0 0 0 0 0 0 0 0 0 0 0 0 0 0 0 0 0 0 0 0 0 0 0 0 0 0 0 0 0 0 0 0 0]
[6703933992966110453979088473905426602973518392506524784774240448047332121044051257873992042277429375541017887776644790624249510972970075804803766639176834281326205505175625611424828817229645897700185780656923878661773262905800950146842408993309487732780342543473810886983170124501504359623562823061541585350460683405321909006898143555 0 0 0 0 0 0 0 0 0 0 0 0 0 0 0 0 0 0 0 0 0 0 0 0 0 0 1 0 0 0 0 0 0 0 0 0 0 0 0 0 0 0 0 0 0 0 0 0 0 0 0 0 0 0 0 0 0 0 0 0 0 0 0 0 0 0 0 0 0 0 0 0 0 0 0 0 0 0 0 0 0 0 0 0 0 0 0 0 0 0 0 0 0 0 0 0 0 0 0 0 0 0 0 0 0 0 0 0 0 0]
[801566587106018653108034702704347574262917066460657487367111419240451383581601588354687029336159650709290284805579795515040367945100135464722791671735787137668986660484565475263318331966822397776453010711924706676628036700913380635614234289074887196638037476145402440046799621733326773477512463945579066805304451213377104101326962822 0 0 0 0 0 0 0 0 0 0 0 0 0 0 0 0 0 0 0 0 0 0 0 0 0 0 0 1 0 0 0 0 0 0 0 0 0 0 0 0 0 0 0 0 0 0 0 0 0 0 0 0 0 0 0 0 0 0 0 0 0 0 0 0 0 0 0 0 0 0 0 0 0 0 0 0 0 0 0 0 0 0 0 0 0 0 0 0 0 0 0 0 0 0 0 0 0 0 0 0 0 0 0 0 0 0 0 0 0 0]
[2682899397747814518394011459041358471465701634265744141524707196030438339437512505449239600715002161753712663438957451324593464463316158367806733859349628921669699190122505164153155930476688238767725423354027051467480212668897180633748468416754300588056183707675970755362072554117483549058154216631199416491238362117851269508173881791 0 0 0 0 0 0 0 0 0 0 0 0 0 0 0 0 0 0 0 0 0 0 0 0 0 0 0 0 1 0 0 0 0 0 0 0 0 0 0 0 0 0 0 0 0 0 0 0 0 0 0 0 0 0 0 0 0 0 0 0 0 0 0 0 0 0 0 0 0 0 0 0 0 0 0 0 0 0 0 0 0 0 0 0 0 0 0 0 0 0 0 0 0 0 0 0 0 0 0 0 0 0 0 0 0 0 0 0 0 0]
[5576120071138212809713211829530918164141574394261353563844729680340753000256477014871684349976924328167140639834625049969372870540451674248559608925367628957080399611026128753504094129071994003642251123638725064469094962532179335430966284076289839849217961141329909745017115343748044345878679649573436324757771995883654214112865651251 0 0 0 0 0 0 0 0 0 0 0 0 0 0 0 0 0 0 0 0 0 0 0 0 0 0 0 0 0 1 0 0 0 0 0 0 0 0 0 0 0 0 0 0 0 0 0 0 0 0 0 0 0 0 0 0 0 0 0 0 0 0 0 0 0 0 0 0 0 0 0 0 0 0 0 0 0 0 0 0 0 0 0 0 0 0 0 0 0 0 0 0 0 0 0 0 0 0 0 0 0 0 0 0 0 0 0 0 0 0]
[6011568058444630086718597603549466420687898473124174209347324235385047670485651171209241562375440453561166530752209713980185112391352403303142040754264869242788495082196922702834834737183623192855155996136338976821998324215119440086993524065243064867958333353016278545167071857138390937519688297427631979341472898949099293113222078620 0 0 0 0 0 0 0 0 0 0 0 0 0 0 0 0 0 0 0 0 0 0 0 0 0 0 0 0 0 0 1 0 0 0 0 0 0 0 0 0 0 0 0 0 0 0 0 0 0 0 0 0 0 0 0 0 0 0 0 0 0 0 0 0 0 0 0 0 0 0 0 0 0 0 0 0 0 0 0 0 0 0 0 0 0 0 0 0 0 0 0 0 0 0 0 0 0 0 0 0 0 0 0 0 0 0 0 0 0 0]
[3616402056411081426022362646205768385596044545634035955390421115677246983825955519661664981676802268254652439137688369668530171699759436663357928814631137985672053385300149530896880567945745540067529190193102316354198041644017691452985686337509540696529955893285731409654770730696581158873174270316066808727655825253815179844501980868 0 0 0 0 0 0 0 0 0 0 0 0 0 0 0 0 0 0 0 0 0 0 0 0 0 0 0 0 0 0 0 1 0 0 0 0 0 0 0 0 0 0 0 0 0 0 0 0 0 0 0 0 0 0 0 0 0 0 0 0 0 0 0 0 0 0 0 0 0 0 0 0 0 0 0 0 0 0 0 0 0 0 0 0 0 0 0 0 0 0 0 0 0 0 0 0 0 0 0 0 0 0 0 0 0 0 0 0 0 0]
[6199396680439257925918155847258344761027084778701623187344280693591440106591647510347350788903070046114278012794432937016287027994316486552739590475116946456565884922563913652662620546177854200071374613200952416441715382128373290399881773126306594951990565963327220942123319412571979099732291535795184024866158722953012805781841177414 0 0 0 0 0 0 0 0 0 0 0 0 0 0 0 0 0 0 0 0 0 0 0 0 0 0 0 0 0 0 0 0 1 0 0 0 0 0 0 0 0 0 0 0 0 0 0 0 0 0 0 0 0 0 0 0 0 0 0 0 0 0 0 0 0 0 0 0 0 0 0 0 0 0 0 0 0 0 0 0 0 0 0 0 0 0 0 0 0 0 0 0 0 0 0 0 0 0 0 0 0 0 0 0 0 0 0 0 0 0]
[2494023630726022402926612672062942426519603760922585191645996649188227643368081248051623118171604351997188589958519691573707580082370553551729830968849246130575127950690022713868713994460875620341829010542221107451284451251858616729198195083361593636840622572789765947915290216956790705927378397781571336627256068971823561832701534521 0 0 0 0 0 0 0 0 0 0 0 0 0 0 0 0 0 0 0 0 0 0 0 0 0 0 0 0 0 0 0 0 0 1 0 0 0 0 0 0 0 0 0 0 0 0 0 0 0 0 0 0 0 0 0 0 0 0 0 0 0 0 0 0 0 0 0 0 0 0 0 0 0 0 0 0 0 0 0 0 0 0 0 0 0 0 0 0 0 0 0 0 0 0 0 0 0 0 0 0 0 0 0 0 0 0 0 0 0 0]
[7979504842144413341966375654487432992803637183795078084667588819645095658067730274915523396045028031714250742220593779234185747841382528627614671031582497617589474684370201272195529574854999676018220622095666355674053375770814937215528963964487799682587242955075766314251189345701878826533786323454903518475184587191521944742421627876 0 0 0 0 0 0 0 0 0 0 0 0 0 0 0 0 0 0 0 0 0 0 0 0 0 0 0 0 0 0 0 0 0 0 1 0 0 0 0 0 0 0 0 0 0 0 0 0 0 0 0 0 0 0 0 0 0 0 0 0 0 0 0 0 0 0 0 0 0 0 0 0 0 0 0 0 0 0 0 0 0 0 0 0 0 0 0 0 0 0 0 0 0 0 0 0 0 0 0 0 0 0 0 0 0 0 0 0 0 0]
[9036477927787390686322297679944275025139430344442067913139829725771132827624757595754924694695845555964017170386306734538446818733332870793439328337720957639852023988798731758678988438494938867139224555161845606548625651264061379642235180019960569052384435138938559727264084525366630683098323851271697262467390782085950739997944733495 0 0 0 0 0 0 0 0 0 0 0 0 0 0 0 0 0 0 0 0 0 0 0 0 0 0 0 0 0 0 0 0 0 0 0 1 0 0 0 0 0 0 0 0 0 0 0 0 0 0 0 0 0 0 0 0 0 0 0 0 0 0 0 0 0 0 0 0 0 0 0 0 0 0 0 0 0 0 0 0 0 0 0 0 0 0 0 0 0 0 0 0 0 0 0 0 0 0 0 0 0 0 0 0 0 0 0 0 0 0]
[6210767639314671201307757361694834647060456665120088056468129782942940482102247788997321079577633409415903270727460079230192251902512499356571638441627685389308373003934450996006056864473835524605332518330774918681055563984280612527548767505294901548239038591324444892607942273681200029546158170448204798093699833940166629711861747085 0 0 0 0 0 0 0 0 0 0 0 0 0 0 0 0 0 0 0 0 0 0 0 0 0 0 0 0 0 0 0 0 0 0 0 0 1 0 0 0 0 0 0 0 0 0 0 0 0 0 0 0 0 0 0 0 0 0 0 0 0 0 0 0 0 0 0 0 0 0 0 0 0 0 0 0 0 0 0 0 0 0 0 0 0 0 0 0 0 0 0 0 0 0 0 0 0 0 0 0 0 0 0 0 0 0 0 0 0 0]
[8675084431040103054124355157946993452963541280659222263328312463780930034071047215734509469324575886989212527174822274814669681123450719388878026604115979533791058299704112839867187656375479553777481381133689419084480212024185727730718428330536103433211705722430103793518053851456770108785310145162695910787337730540075405643709394869 0 0 0 0 0 0 0 0 0 0 0 0 0 0 0 0 0 0 0 0 0 0 0 0 0 0 0 0 0 0 0 0 0 0 0 0 0 1 0 0 0 0 0 0 0 0 0 0 0 0 0 0 0 0 0 0 0 0 0 0 0 0 0 0 0 0 0 0 0 0 0 0 0 0 0 0 0 0 0 0 0 0 0 0 0 0 0 0 0 0 0 0 0 0 0 0 0 0 0 0 0 0 0 0 0 0 0 0 0 0]
[9701288314245876566212900039239255258267390355770533213912015715729299371846268467849153518825313790730242122376734474532769564206922376095865977547041000882362181130379958999308155829380754538829664311350734928664027398923095735432984410358908657760520899759336994491664762025617940362086331384857900743451693003907021714509589030825 0 0 0 0 0 0 0 0 0 0 0 0 0 0 0 0 0 0 0 0 0 0 0 0 0 0 0 0 0 0 0 0 0 0 0 0 0 0 1 0 0 0 0 0 0 0 0 0 0 0 0 0 0 0 0 0 0 0 0 0 0 0 0 0 0 0 0 0 0 0 0 0 0 0 0 0 0 0 0 0 0 0 0 0 0 0 0 0 0 0 0 0 0 0 0 0 0 0 0 0 0 0 0 0 0 0 0 0 0 0]
[4179671677123529182343151689983639725515843288336956156341212398645812972657350559017277511506700571599915220224880576786382553700272496734232686249558946678838123570225661413611248072352667986890731838435673765087693170911458433095443199715805469249664142133172595920415201423676347016779034557181661211249308050702271723562091765488 0 0 0 0 0 0 0 0 0 0 0 0 0 0 0 0 0 0 0 0 0 0 0 0 0 0 0 0 0 0 0 0 0 0 0 0 0 0 0 1 0 0 0 0 0 0 0 0 0 0 0 0 0 0 0 0 0 0 0 0 0 0 0 0 0 0 0 0 0 0 0 0 0 0 0 0 0 0 0 0 0 0 0 0 0 0 0 0 0 0 0 0 0 0 0 0 0 0 0 0 0 0 0 0 0 0 0 0 0 0]
[1194467763683554549537795260773327975196506438289434295186077808956492702326747553125773745998559311365939277514441266355483489710822900448698361789308540464978791941953333842691831514926484286862684083078059515368113477330004283813287715582237589446304234285776590150816273186604683950829840307796223043325807079432174941714747783912 0 0 0 0 0 0 0 0 0 0 0 0 0 0 0 0 0 0 0 0 0 0 0 0 0 0 0 0 0 0 0 0 0 0 0 0 0 0 0 0 1 0 0 0 0 0 0 0 0 0 0 0 0 0 0 0 0 0 0 0 0 0 0 0 0 0 0 0 0 0 0 0 0 0 0 0 0 0 0 0 0 0 0 0 0 0 0 0 0 0 0 0 0 0 0 0 0 0 0 0 0 0 0 0 0 0 0 0 0 0]
[8950813789377277864366429919279019391977175396570787935209769789922359206773509021295688170150196101454826218693334420605613351895145272834705353507943071009133292568030885216596396541850294193057809374240927736624454220533987806863294008298331641613623102037008537507892296254157551706981553672499671705375610451667127930266343291003 0 0 0 0 0 0 0 0 0 0 0 0 0 0 0 0 0 0 0 0 0 0 0 0 0 0 0 0 0 0 0 0 0 0 0 0 0 0 0 0 0 1 0 0 0 0 0 0 0 0 0 0 0 0 0 0 0 0 0 0 0 0 0 0 0 0 0 0 0 0 0 0 0 0 0 0 0 0 0 0 0 0 0 0 0 0 0 0 0 0 0 0 0 0 0 0 0 0 0 0 0 0 0 0 0 0 0 0 0 0]
[2490652187774780319938806438048789822739567435495550716261147666606496729770241138273690979315442924659148182493119050997233091206219356116504692005224087093070665391844077262726816895333478487153185760741292171200527644513805306308341076371283042455174184710861458677117226495204154447999799479483587906453995121122642644573319062403 0 0 0 0 0 0 0 0 0 0 0 0 0 0 0 0 0 0 0 0 0 0 0 0 0 0 0 0 0 0 0 0 0 0 0 0 0 0 0 0 0 0 1 0 0 0 0 0 0 0 0 0 0 0 0 0 0 0 0 0 0 0 0 0 0 0 0 0 0 0 0 0 0 0 0 0 0 0 0 0 0 0 0 0 0 0 0 0 0 0 0 0 0 0 0 0 0 0 0 0 0 0 0 0 0 0 0 0 0 0]
[715871186519247994218218157251748902235441449123258795603979806359290970552482399389264173137297862582786348419610977633541887746547641375760130365564798680589845132014891259366242648890305277442418760814705471901517287922574746041601708894448916197400958339901437369159972981037163183561587760273400876070471050452673693954761935918 0 0 0 0 0 0 0 0 0 0 0 0 0 0 0 0 0 0 0 0 0 0 0 0 0 0 0 0 0 0 0 0 0 0 0 0 0 0 0 0 0 0 0 1 0 0 0 0 0 0 0 0 0 0 0 0 0 0 0 0 0 0 0 0 0 0 0 0 0 0 0 0 0 0 0 0 0 0 0 0 0 0 0 0 0 0 0 0 0 0 0 0 0 0 0 0 0 0 0 0 0 0 0 0 0 0 0 0 0 0]
[5174664524771136363317705413079789371544841463032139349018973859938629955755188560332583075039693092944930308238890491771365041916370052640995672366344106039472563239764020626533704064871666335354918872575760665145814074068756590660684064021846935241372917273532767967206530885865433925636872735725512335398278552546957519846235987026 0 0 0 0 0 0 0 0 0 0 0 0 0 0 0 0 0 0 0 0 0 0 0 0 0 0 0 0 0 0 0 0 0 0 0 0 0 0 0 0 0 0 0 0 1 0 0 0 0 0 0 0 0 0 0 0 0 0 0 0 0 0 0 0 0 0 0 0 0 0 0 0 0 0 0 0 0 0 0 0 0 0 0 0 0 0 0 0 0 0 0 0 0 0 0 0 0 0 0 0 0 0 0 0 0 0 0 0 0 0]
[6386953958315824739803555749201717164895122043090821648137186217609274849755006280558947141250190641625574413830593673558973647097862600048969844704168793354442775728134052099175678705297856573104567429248886864381929799093005463253093852421790330759388705180673672116664904007192191859044378855391416588952772542135537489501146865128 0 0 0 0 0 0 0 0 0 0 0 0 0 0 0 0 0 0 0 0 0 0 0 0 0 0 0 0 0 0 0 0 0 0 0 0 0 0 0 0 0 0 0 0 0 1 0 0 0 0 0 0 0 0 0 0 0 0 0 0 0 0 0 0 0 0 0 0 0 0 0 0 0 0 0 0 0 0 0 0 0 0 0 0 0 0 0 0 0 0 0 0 0 0 0 0 0 0 0 0 0 0 0 0 0 0 0 0 0 0]
[4703936665162243217809150949108279510115512213382660777751755917770419071143113700928250248886483335200682213751960109780108282180853722734805226560242037108279208909617877117938077483530920372826634865511379114766616964286823638916182672403689240469510643019767234857992444105759568649868311211779644561743490088739891687676531824316 0 0 0 0 0 0 0 0 0 0 0 0 0 0 0 0 0 0 0 0 0 0 0 0 0 0 0 0 0 0 0 0 0 0 0 0 0 0 0 0 0 0 0 0 0 0 1 0 0 0 0 0 0 0 0 0 0 0 0 0 0 0 0 0 0 0 0 0 0 0 0 0 0 0 0 0 0 0 0 0 0 0 0 0 0 0 0 0 0 0 0 0 0 0 0 0 0 0 0 0 0 0 0 0 0 0 0 0 0 0]
[8603741064371263207961006085058203910609387970130018339372052815251691959795580283522190710725652817417111705211331081300390399337445553663047300248561509335731624956778841476721870179658436561330298471482628558525243048967818484503836010313788528338626885324976357016729506309669877775125162996664850714591865496133864382682618696836 0 0 0 0 0 0 0 0 0 0 0 0 0 0 0 0 0 0 0 0 0 0 0 0 0 0 0 0 0 0 0 0 0 0 0 0 0 0 0 0 0 0 0 0 0 0 0 1 0 0 0 0 0 0 0 0 0 0 0 0 0 0 0 0 0 0 0 0 0 0 0 0 0 0 0 0 0 0 0 0 0 0 0 0 0 0 0 0 0 0 0 0 0 0 0 0 0 0 0 0 0 0 0 0 0 0 0 0 0 0]
[8163077639658270549798880509739746669901789215405608880584522888974397912214374385917768735083185029832077284065861529535526951562911863726939123006176254372182834986483092886855980892997900406033907520085106485952362139738571716847128164144513768543202372844480300343326771643064071677870499253963725285332015291193481978447088619142 0 0 0 0 0 0 0 0 0 0 0 0 0 0 0 0 0 0 0 0 0 0 0 0 0 0 0 0 0 0 0 0 0 0 0 0 0 0 0 0 0 0 0 0 0 0 0 0 1 0 0 0 0 0 0 0 0 0 0 0 0 0 0 0 0 0 0 0 0 0 0 0 0 0 0 0 0 0 0 0 0 0 0 0 0 0 0 0 0 0 0 0 0 0 0 0 0 0 0 0 0 0 0 0 0 0 0 0 0 0]
[550915109598145190120528430994045526635990932298086005542104777842042849092464310390914317006676732209177864861901336914631976714099819346408258684078251041949339361319220389417083463909438985552759763782686853871245867328427006887663516511438771981196642251896084147268838260550792785249087594600672054932482035802468725701774247173 0 0 0 0 0 0 0 0 0 0 0 0 0 0 0 0 0 0 0 0 0 0 0 0 0 0 0 0 0 0 0 0 0 0 0 0 0 0 0 0 0 0 0 0 0 0 0 0 0 1 0 0 0 0 0 0 0 0 0 0 0 0 0 0 0 0 0 0 0 0 0 0 0 0 0 0 0 0 0 0 0 0 0 0 0 0 0 0 0 0 0 0 0 0 0 0 0 0 0 0 0 0 0 0 0 0 0 0 0 0]
[3993556390455511886617635299925879723420419599005459369018971007360757076679083279114397665747875327249030919244946635774187483258165673311003317222390048340498925511293340820580219051839980328990858564715156950849576786273313713845934390877055138200787399962991162500132395459967899515178333361299065478586259019028958848292045983915 0 0 0 0 0 0 0 0 0 0 0 0 0 0 0 0 0 0 0 0 0 0 0 0 0 0 0 0 0 0 0 0 0 0 0 0 0 0 0 0 0 0 0 0 0 0 0 0 0 0 1 0 0 0 0 0 0 0 0 0 0 0 0 0 0 0 0 0 0 0 0 0 0 0 0 0 0 0 0 0 0 0 0 0 0 0 0 0 0 0 0 0 0 0 0 0 0 0 0 0 0 0 0 0 0 0 0 0 0 0]
[5196751516800956467726869893260819106138042346323639573877137357961097164263010457956059643344594936401513160101279180814052655918790401538924334010698436649338580868340173182349359891043585274231483524063798696431217751524638160211912195638457148086245920809618246352174507333441931303639490438317550672764428192749401603257765840340 0 0 0 0 0 0 0 0 0 0 0 0 0 0 0 0 0 0 0 0 0 0 0 0 0 0 0 0 0 0 0 0 0 0 0 0 0 0 0 0 0 0 0 0 0 0 0 0 0 0 0 1 0 0 0 0 0 0 0 0 0 0 0 0 0 0 0 0 0 0 0 0 0 0 0 0 0 0 0 0 0 0 0 0 0 0 0 0 0 0 0 0 0 0 0 0 0 0 0 0 0 0 0 0 0 0 0 0 0 0]
[6971668735737036455092255044584507993655180788060006321631665292017087803112429426785911056981555809789621014444659096377582515128950131844105680863784125924855545876088155638161461319076546928589308795066871719317139932595129621337297953559218238232016714279148127427902523734850736489770216155101203853016244362497502062262281622217 0 0 0 0 0 0 0 0 0 0 0 0 0 0 0 0 0 0 0 0 0 0 0 0 0 0 0 0 0 0 0 0 0 0 0 0 0 0 0 0 0 0 0 0 0 0 0 0 0 0 0 0 1 0 0 0 0 0 0 0 0 0 0 0 0 0 0 0 0 0 0 0 0 0 0 0 0 0 0 0 0 0 0 0 0 0 0 0 0 0 0 0 0 0 0 0 0 0 0 0 0 0 0 0 0 0 0 0 0 0]
[7001912777461402955035203556334663694393735378200962085464445112872660104633613883197810464582881104092664659489313304419791214028131121046016662084042745740367226633548585253403514967189844813856758456567308551643222370534203476221963232463578265799083023605156337492454555451478487108057954207161058454612961483232716492075520263553 0 0 0 0 0 0 0 0 0 0 0 0 0 0 0 0 0 0 0 0 0 0 0 0 0 0 0 0 0 0 0 0 0 0 0 0 0 0 0 0 0 0 0 0 0 0 0 0 0 0 0 0 0 1 0 0 0 0 0 0 0 0 0 0 0 0 0 0 0 0 0 0 0 0 0 0 0 0 0 0 0 0 0 0 0 0 0 0 0 0 0 0 0 0 0 0 0 0 0 0 0 0 0 0 0 0 0 0 0 0]
[5945356527111250690095818645754526589282736274877274602150339956383037731205776070589068790870553950553680212731441644950509889405119142866101995844372643655625012661206278976972062144340482277903205913360092120533481428373232483067852772602643595579684991424104644193496795386381140682657775078723435775996433301944293498232919835123 0 0 0 0 0 0 0 0 0 0 0 0 0 0 0 0 0 0 0 0 0 0 0 0 0 0 0 0 0 0 0 0 0 0 0 0 0 0 0 0 0 0 0 0 0 0 0 0 0 0 0 0 0 0 1 0 0 0 0 0 0 0 0 0 0 0 0 0 0 0 0 0 0 0 0 0 0 0 0 0 0 0 0 0 0 0 0 0 0 0 0 0 0 0 0 0 0 0 0 0 0 0 0 0 0 0 0 0 0 0]
[8151264295237491850743579672906051233321140039577486393252680118808999754374551801422160479932558428666200592124882950743842217377945616197387673686261857665348795680493541987728645073809520544517288144641850313200857270490785955208680014657767617384839166790824383220562714169479660221339290676761442449966768641862972854451859471245 0 0 0 0 0 0 0 0 0 0 0 0 0 0 0 0 0 0 0 0 0 0 0 0 0 0 0 0 0 0 0 0 0 0 0 0 0 0 0 0 0 0 0 0 0 0 0 0 0 0 0 0 0 0 0 1 0 0 0 0 0 0 0 0 0 0 0 0 0 0 0 0 0 0 0 0 0 0 0 0 0 0 0 0 0 0 0 0 0 0 0 0 0 0 0 0 0 0 0 0 0 0 0 0 0 0 0 0 0 0]
[7753245783857106932191749893434223377491994680326877622970786627390480755298463970561440768232080267363778128187424579963424338715504257911038691112005856190444140987820497906859762422509157491573300953619536256859566265702889237333209265783464253477728867027557096346200679472246312072484411686738449893688074976226096526427028536956 0 0 0 0 0 0 0 0 0 0 0 0 0 0 0 0 0 0 0 0 0 0 0 0 0 0 0 0 0 0 0 0 0 0 0 0 0 0 0 0 0 0 0 0 0 0 0 0 0 0 0 0 0 0 0 0 1 0 0 0 0 0 0 0 0 0 0 0 0 0 0 0 0 0 0 0 0 0 0 0 0 0 0 0 0 0 0 0 0 0 0 0 0 0 0 0 0 0 0 0 0 0 0 0 0 0 0 0 0 0]
[5756293993678147158399031164296094761646827809547179319917072727505699067483164397207857988806532461236848847130154492083798896730211193930410335763790300681193993564535120391014958228351996105594912209012898230046090385310497086773069865349890390103394400214767999632766401875951402723230483367421895918527613471184188502617915874702 0 0 0 0 0 0 0 0 0 0 0 0 0 0 0 0 0 0 0 0 0 0 0 0 0 0 0 0 0 0 0 0 0 0 0 0 0 0 0 0 0 0 0 0 0 0 0 0 0 0 0 0 0 0 0 0 0 1 0 0 0 0 0 0 0 0 0 0 0 0 0 0 0 0 0 0 0 0 0 0 0 0 0 0 0 0 0 0 0 0 0 0 0 0 0 0 0 0 0 0 0 0 0 0 0 0 0 0 0 0]
[2062379329434942226370592216788102480378285590374403229140911497970639230130552777682915515303419583446374281958515425127338472793444978051707172014759218522271895449575091483702140769301563981775546270900684719579363500059285461795938819244581249851312170752893516517775287522504074305238357366172171403957820223936823803821557576812 0 0 0 0 0 0 0 0 0 0 0 0 0 0 0 0 0 0 0 0 0 0 0 0 0 0 0 0 0 0 0 0 0 0 0 0 0 0 0 0 0 0 0 0 0 0 0 0 0 0 0 0 0 0 0 0 0 0 1 0 0 0 0 0 0 0 0 0 0 0 0 0 0 0 0 0 0 0 0 0 0 0 0 0 0 0 0 0 0 0 0 0 0 0 0 0 0 0 0 0 0 0 0 0 0 0 0 0 0 0]
[7772435531378259387228034949872924331600511917416376985437905060691128505114755172953266539203189962451105100378674222920171528664961356031614983905183118491801828377620571923621878622053985616997413538482709203944393968427734873019220257375229076283780198272223976509219930858318846024100561503925583423625058467226009240419385462146 0 0 0 0 0 0 0 0 0 0 0 0 0 0 0 0 0 0 0 0 0 0 0 0 0 0 0 0 0 0 0 0 0 0 0 0 0 0 0 0 0 0 0 0 0 0 0 0 0 0 0 0 0 0 0 0 0 0 0 1 0 0 0 0 0 0 0 0 0 0 0 0 0 0 0 0 0 0 0 0 0 0 0 0 0 0 0 0 0 0 0 0 0 0 0 0 0 0 0 0 0 0 0 0 0 0 0 0 0 0]
[1377579258481692136427601696981335241839623954154655327557942204762971467316217970202925375143576797811783253349108898721043445023189394498050702387108649512277218979747358199075424503009969263624227968783648318763104746521056772916578128521752416604049906615999231327445777124436795214805769496400853091192107819180344399904457776913 0 0 0 0 0 0 0 0 0 0 0 0 0 0 0 0 0 0 0 0 0 0 0 0 0 0 0 0 0 0 0 0 0 0 0 0 0 0 0 0 0 0 0 0 0 0 0 0 0 0 0 0 0 0 0 0 0 0 0 0 1 0 0 0 0 0 0 0 0 0 0 0 0 0 0 0 0 0 0 0 0 0 0 0 0 0 0 0 0 0 0 0 0 0 0 0 0 0 0 0 0 0 0 0 0 0 0 0 0 0]
[5672531928992269308479586333411374770356496040895673747695726733425994609044333390789281609084448607499293826824291536662468179686694006042077158976554962644101680224788255299297626555838759050751074320633191532441900316185052775291041095557379443583950454185233257824087412014524153677907953142507730330077581106698117066918960034152 0 0 0 0 0 0 0 0 0 0 0 0 0 0 0 0 0 0 0 0 0 0 0 0 0 0 0 0 0 0 0 0 0 0 0 0 0 0 0 0 0 0 0 0 0 0 0 0 0 0 0 0 0 0 0 0 0 0 0 0 0 1 0 0 0 0 0 0 0 0 0 0 0 0 0 0 0 0 0 0 0 0 0 0 0 0 0 0 0 0 0 0 0 0 0 0 0 0 0 0 0 0 0 0 0 0 0 0 0 0]
[9581552332211565461373394516119355708392375745156753576780166689970933543304045759373055185085564996680954034277252276555538366652919123298789834597046534960805039827200388192934468536905627411768113254428644519193542394473250418327757615860405883425885253271514469240156687063596736321825814536388811392315177273875546688189920062267 0 0 0 0 0 0 0 0 0 0 0 0 0 0 0 0 0 0 0 0 0 0 0 0 0 0 0 0 0 0 0 0 0 0 0 0 0 0 0 0 0 0 0 0 0 0 0 0 0 0 0 0 0 0 0 0 0 0 0 0 0 0 1 0 0 0 0 0 0 0 0 0 0 0 0 0 0 0 0 0 0 0 0 0 0 0 0 0 0 0 0 0 0 0 0 0 0 0 0 0 0 0 0 0 0 0 0 0 0 0]
[2774717444754346971092359706446973746841697507011649873454107611416014195806098776634005867568211368416851253736772228134479371829673245949215341831764963146198986765256620981864771081559664687404551837298108843564927446879687670849666204941280971891689349450743202884974874002078990599459282045966517875027317593830415334286828256515 0 0 0 0 0 0 0 0 0 0 0 0 0 0 0 0 0 0 0 0 0 0 0 0 0 0 0 0 0 0 0 0 0 0 0 0 0 0 0 0 0 0 0 0 0 0 0 0 0 0 0 0 0 0 0 0 0 0 0 0 0 0 0 1 0 0 0 0 0 0 0 0 0 0 0 0 0 0 0 0 0 0 0 0 0 0 0 0 0 0 0 0 0 0 0 0 0 0 0 0 0 0 0 0 0 0 0 0 0 0]
[7360581768387714100701295097752766224568578209809945788634122916973108283516258409468219694278903811512643220954365302703214614387761026126045366230706203049497040694885110708896523673589937307910185856980764777143274279506170476053946004759115363394094271863597410740833993807175362203073155399620961665151507702020260041745937462467 0 0 0 0 0 0 0 0 0 0 0 0 0 0 0 0 0 0 0 0 0 0 0 0 0 0 0 0 0 0 0 0 0 0 0 0 0 0 0 0 0 0 0 0 0 0 0 0 0 0 0 0 0 0 0 0 0 0 0 0 0 0 0 0 1 0 0 0 0 0 0 0 0 0 0 0 0 0 0 0 0 0 0 0 0 0 0 0 0 0 0 0 0 0 0 0 0 0 0 0 0 0 0 0 0 0 0 0 0 0]
[1703884904019098227228888191806197739461440928178157283449337857264510222089530986617590635489151555912929074713474719756944750842274614839319086052045164486863044517405076761151748169684569683984412811978561266873462939742380346903956166765657869385121218152027169993600001864184074051361236433265052627675913838401450614993680100118 0 0 0 0 0 0 0 0 0 0 0 0 0 0 0 0 0 0 0 0 0 0 0 0 0 0 0 0 0 0 0 0 0 0 0 0 0 0 0 0 0 0 0 0 0 0 0 0 0 0 0 0 0 0 0 0 0 0 0 0 0 0 0 0 0 1 0 0 0 0 0 0 0 0 0 0 0 0 0 0 0 0 0 0 0 0 0 0 0 0 0 0 0 0 0 0 0 0 0 0 0 0 0 0 0 0 0 0 0 0]
[2400374284577248156693455318495484936953112595581116307089629843017420774755005441951214920145800671780867486052654143827395717663577032001885384065154706757314124843814520340530636446261784715340759318461589273043576540162246477018427660700165947339994602696132700677512602240026631348534405253042822202572857383045016003218611041019 0 0 0 0 0 0 0 0 0 0 0 0 0 0 0 0 0 0 0 0 0 0 0 0 0 0 0 0 0 0 0 0 0 0 0 0 0 0 0 0 0 0 0 0 0 0 0 0 0 0 0 0 0 0 0 0 0 0 0 0 0 0 0 0 0 0 1 0 0 0 0 0 0 0 0 0 0 0 0 0 0 0 0 0 0 0 0 0 0 0 0 0 0 0 0 0 0 0 0 0 0 0 0 0 0 0 0 0 0 0]
[5399319057057710917355401465976959651160531040166345041568534938289720633182655905247699525825122369827993614838526798842196208997279403337414677095887044115076438305329970857300561489188528565636917624756191470222914057373371663961945786776043453284075687990743818248094006120538118690874777540000939227397629808595558460990563546586 0 0 0 0 0 0 0 0 0 0 0 0 0 0 0 0 0 0 0 0 0 0 0 0 0 0 0 0 0 0 0 0 0 0 0 0 0 0 0 0 0 0 0 0 0 0 0 0 0 0 0 0 0 0 0 0 0 0 0 0 0 0 0 0 0 0 0 1 0 0 0 0 0 0 0 0 0 0 0 0 0 0 0 0 0 0 0 0 0 0 0 0 0 0 0 0 0 0 0 0 0 0 0 0 0 0 0 0 0 0]
[5906781148787974731152973364098579278165023018288530899311076302217935880979125238608358053451726621084169037725198726037646195973508878214895503205676175153143951045903771609076372787392039365093542384071452379409707517736098338911567172699522941821732750691193883703418059225625222635048698427538953262058689404698754306317767932346 0 0 0 0 0 0 0 0 0 0 0 0 0 0 0 0 0 0 0 0 0 0 0 0 0 0 0 0 0 0 0 0 0 0 0 0 0 0 0 0 0 0 0 0 0 0 0 0 0 0 0 0 0 0 0 0 0 0 0 0 0 0 0 0 0 0 0 0 1 0 0 0 0 0 0 0 0 0 0 0 0 0 0 0 0 0 0 0 0 0 0 0 0 0 0 0 0 0 0 0 0 0 0 0 0 0 0 0 0 0]
[9066703997056524469693010448207629382808873824417334299865867683628584525761024702658280054423628199859137571344092425579058487083708789622775307552835264154738763515727219507665415642312623196079601776994618952015511196511662174602410474113566449390851936769409504238423133690859915701456367461880273931240735930995500788151800807961 0 0 0 0 0 0 0 0 0 0 0 0 0 0 0 0 0 0 0 0 0 0 0 0 0 0 0 0 0 0 0 0 0 0 0 0 0 0 0 0 0 0 0 0 0 0 0 0 0 0 0 0 0 0 0 0 0 0 0 0 0 0 0 0 0 0 0 0 0 1 0 0 0 0 0 0 0 0 0 0 0 0 0 0 0 0 0 0 0 0 0 0 0 0 0 0 0 0 0 0 0 0 0 0 0 0 0 0 0 0]
[9184012055044959498888777793150731885129088123254583652687705511179615694041436305240884384373175874546476699331941658363174914693431174102135159096206662134820876482849025892257062468297362807599804062077657588662842071095035054227092104655950312354378560014396747374005800504697372182573343468873705217801365658883336336570336785692 0 0 0 0 0 0 0 0 0 0 0 0 0 0 0 0 0 0 0 0 0 0 0 0 0 0 0 0 0 0 0 0 0 0 0 0 0 0 0 0 0 0 0 0 0 0 0 0 0 0 0 0 0 0 0 0 0 0 0 0 0 0 0 0 0 0 0 0 0 0 1 0 0 0 0 0 0 0 0 0 0 0 0 0 0 0 0 0 0 0 0 0 0 0 0 0 0 0 0 0 0 0 0 0 0 0 0 0 0 0]
[5348237782540340376214202989970418839737626686037956822250108823001839808800862993002963442078357911245057845875576782406426987049401478287017477824466034993261120488879154043872176924053540890188167920466253652999805922103581052417783359371816984552080352617685093012866699669932016297136277182956797802628256253371163191823473285944 0 0 0 0 0 0 0 0 0 0 0 0 0 0 0 0 0 0 0 0 0 0 0 0 0 0 0 0 0 0 0 0 0 0 0 0 0 0 0 0 0 0 0 0 0 0 0 0 0 0 0 0 0 0 0 0 0 0 0 0 0 0 0 0 0 0 0 0 0 0 0 1 0 0 0 0 0 0 0 0 0 0 0 0 0 0 0 0 0 0 0 0 0 0 0 0 0 0 0 0 0 0 0 0 0 0 0 0 0 0]
[7431628846037946642446223111263741903053363192080800988494336853258974926973028891364546108398440113356961573184594573153949091476708781719249668347562023137918181369737743309704275158438082606248602357443290234394831534113080464420100975433009171944722401626083521595106487693823186911111595616376229717479186324930965942731783203462 0 0 0 0 0 0 0 0 0 0 0 0 0 0 0 0 0 0 0 0 0 0 0 0 0 0 0 0 0 0 0 0 0 0 0 0 0 0 0 0 0 0 0 0 0 0 0 0 0 0 0 0 0 0 0 0 0 0 0 0 0 0 0 0 0 0 0 0 0 0 0 0 1 0 0 0 0 0 0 0 0 0 0 0 0 0 0 0 0 0 0 0 0 0 0 0 0 0 0 0 0 0 0 0 0 0 0 0 0 0]
[5698792507074948960691800927707237028840172050404491660901321362557177053605717033631412477068666049708968231440960234357803526656747484687023429532033832827866595454311673162831378470694179384863459978977091232148788884411846693733655117127429398951674174805496089854561426800597085640193917478041709836494648467224567791088469723755 0 0 0 0 0 0 0 0 0 0 0 0 0 0 0 0 0 0 0 0 0 0 0 0 0 0 0 0 0 0 0 0 0 0 0 0 0 0 0 0 0 0 0 0 0 0 0 0 0 0 0 0 0 0 0 0 0 0 0 0 0 0 0 0 0 0 0 0 0 0 0 0 0 1 0 0 0 0 0 0 0 0 0 0 0 0 0 0 0 0 0 0 0 0 0 0 0 0 0 0 0 0 0 0 0 0 0 0 0 0]
[1369367619324453974479198359716586358167148731652261014219646456151048510831431769107075543724182399074041567430618148000838752578001710813325920239120830898987394825862008844570831208053016370731022332756616970073554393117227721962677360994934102259556967494034783687262369956944885758286647586674770733536567232538401683642929139019 0 0 0 0 0 0 0 0 0 0 0 0 0 0 0 0 0 0 0 0 0 0 0 0 0 0 0 0 0 0 0 0 0 0 0 0 0 0 0 0 0 0 0 0 0 0 0 0 0 0 0 0 0 0 0 0 0 0 0 0 0 0 0 0 0 0 0 0 0 0 0 0 0 0 1 0 0 0 0 0 0 0 0 0 0 0 0 0 0 0 0 0 0 0 0 0 0 0 0 0 0 0 0 0 0 0 0 0 0 0]
[297596284410975690198985895714108940177308395703145861795567741148650289994399600225569890123610186793080299694325177634658633205255020760652544615441575210493822715981120433812252452052774425939203519453756993125035493968696192093466833937719590970192602077597915933863048819647484246806759232483731901287305826791897163839010414728 0 0 0 0 0 0 0 0 0 0 0 0 0 0 0 0 0 0 0 0 0 0 0 0 0 0 0 0 0 0 0 0 0 0 0 0 0 0 0 0 0 0 0 0 0 0 0 0 0 0 0 0 0 0 0 0 0 0 0 0 0 0 0 0 0 0 0 0 0 0 0 0 0 0 0 1 0 0 0 0 0 0 0 0 0 0 0 0 0 0 0 0 0 0 0 0 0 0 0 0 0 0 0 0 0 0 0 0 0 0]
[3793368950110591262906937982014883794799915540578895146895970440761157689922957125868396162492259276118710029286824734538559454241185652271561731871776792480502376677786262357252685394792313613723646431764107808583000441537606311636199378498143764945790851431488821126517553051805571640894910908550691975817130201076342159020429284545 0 0 0 0 0 0 0 0 0 0 0 0 0 0 0 0 0 0 0 0 0 0 0 0 0 0 0 0 0 0 0 0 0 0 0 0 0 0 0 0 0 0 0 0 0 0 0 0 0 0 0 0 0 0 0 0 0 0 0 0 0 0 0 0 0 0 0 0 0 0 0 0 0 0 0 0 1 0 0 0 0 0 0 0 0 0 0 0 0 0 0 0 0 0 0 0 0 0 0 0 0 0 0 0 0 0 0 0 0 0]
[7695919127545598889486768663119777093293936107716964617135117172172085508043822552596504916919618390247039677783619132010769417490147653014059832006542349312712817320322476766342275643569194497540251210134908158091147008649020095447149633635900877623922853215243828537790619844678083355314669908493025113716708287948965736245384966256 0 0 0 0 0 0 0 0 0 0 0 0 0 0 0 0 0 0 0 0 0 0 0 0 0 0 0 0 0 0 0 0 0 0 0 0 0 0 0 0 0 0 0 0 0 0 0 0 0 0 0 0 0 0 0 0 0 0 0 0 0 0 0 0 0 0 0 0 0 0 0 0 0 0 0 0 0 1 0 0 0 0 0 0 0 0 0 0 0 0 0 0 0 0 0 0 0 0 0 0 0 0 0 0 0 0 0 0 0 0]
[8217036202809359911298363057414443896355654690904524798166367610630555435644386755353831806844062250272553781368865890211177427534850353803379576236152265093407750363242554138411531165534379352122944075238612695286712229253890806995397945414405748529539430011372416985141600319731878119213508152952525872030527259957136545207476695879 0 0 0 0 0 0 0 0 0 0 0 0 0 0 0 0 0 0 0 0 0 0 0 0 0 0 0 0 0 0 0 0 0 0 0 0 0 0 0 0 0 0 0 0 0 0 0 0 0 0 0 0 0 0 0 0 0 0 0 0 0 0 0 0 0 0 0 0 0 0 0 0 0 0 0 0 0 0 1 0 0 0 0 0 0 0 0 0 0 0 0 0 0 0 0 0 0 0 0 0 0 0 0 0 0 0 0 0 0 0]
[5688624137301889986377581672898089299963545485674422777327473617316278441409098772179827790108500428108972078657038484178918127430124849021063558769464528319968974124320941939951687993041065330945164261727430647653769428999714784958430149437916196471242986021475471988632164637868788757533862260167834941922227124320212985284594984291 0 0 0 0 0 0 0 0 0 0 0 0 0 0 0 0 0 0 0 0 0 0 0 0 0 0 0 0 0 0 0 0 0 0 0 0 0 0 0 0 0 0 0 0 0 0 0 0 0 0 0 0 0 0 0 0 0 0 0 0 0 0 0 0 0 0 0 0 0 0 0 0 0 0 0 0 0 0 0 1 0 0 0 0 0 0 0 0 0 0 0 0 0 0 0 0 0 0 0 0 0 0 0 0 0 0 0 0 0 0]
[6542928628650299769656071161036984602592717975099860192120819353799995053296558036157287573919302141933142656638141434055306109069698471389787422034511386993546976592610188382637475510562269355947551087284543970157488918194040600278558534200943500776401882655293152257886773638020806609028727212037128941209609353597442609529288784094 0 0 0 0 0 0 0 0 0 0 0 0 0 0 0 0 0 0 0 0 0 0 0 0 0 0 0 0 0 0 0 0 0 0 0 0 0 0 0 0 0 0 0 0 0 0 0 0 0 0 0 0 0 0 0 0 0 0 0 0 0 0 0 0 0 0 0 0 0 0 0 0 0 0 0 0 0 0 0 0 1 0 0 0 0 0 0 0 0 0 0 0 0 0 0 0 0 0 0 0 0 0 0 0 0 0 0 0 0 0]
[3530079610173136375727271160782281663261625856049100475801655792079834756996995355646510574326773968347037247413194285286124515530453361992483957088990364287660766488878255784113400646797072992987520778002037735184911964493221715014725251570290995751667958240604171884660863248152309421681393878374307701157405938145249206027060025258 0 0 0 0 0 0 0 0 0 0 0 0 0 0 0 0 0 0 0 0 0 0 0 0 0 0 0 0 0 0 0 0 0 0 0 0 0 0 0 0 0 0 0 0 0 0 0 0 0 0 0 0 0 0 0 0 0 0 0 0 0 0 0 0 0 0 0 0 0 0 0 0 0 0 0 0 0 0 0 0 0 1 0 0 0 0 0 0 0 0 0 0 0 0 0 0 0 0 0 0 0 0 0 0 0 0 0 0 0 0]
[1439008415042635609051302887605177725577718722050415577175664197665870503191410315461688395369987612596264660223868976665314395440644176926395881264409138614420221867018686525763780763960688948824014109760156366523959018493146156070027572555092605944695502364288009420400265317873731610680394313246097364369598432675213709500317297399 0 0 0 0 0 0 0 0 0 0 0 0 0 0 0 0 0 0 0 0 0 0 0 0 0 0 0 0 0 0 0 0 0 0 0 0 0 0 0 0 0 0 0 0 0 0 0 0 0 0 0 0 0 0 0 0 0 0 0 0 0 0 0 0 0 0 0 0 0 0 0 0 0 0 0 0 0 0 0 0 0 0 1 0 0 0 0 0 0 0 0 0 0 0 0 0 0 0 0 0 0 0 0 0 0 0 0 0 0 0]
[5288378752790390093659564498014560714429680506197697600602004417043062603713272809792749531624383003387819380593492024435820486288262375575260044922506623398691753891936432792383157038626834119222654074632660775527902171617215310851586246330207501328462733128949089703629414446689217445580043775223683943097634805438739653019569008087 0 0 0 0 0 0 0 0 0 0 0 0 0 0 0 0 0 0 0 0 0 0 0 0 0 0 0 0 0 0 0 0 0 0 0 0 0 0 0 0 0 0 0 0 0 0 0 0 0 0 0 0 0 0 0 0 0 0 0 0 0 0 0 0 0 0 0 0 0 0 0 0 0 0 0 0 0 0 0 0 0 0 0 1 0 0 0 0 0 0 0 0 0 0 0 0 0 0 0 0 0 0 0 0 0 0 0 0 0 0]
[3686232486387933146581724395848708726107550517102771356079372182943406849979462498213533206887339751798760091601989074048737938187647230187951637215982064216352560512538400701486248393995363848340978106934828376542293352664635071141098502551895517495770810816441068216099022468575622361861253291228300039618087577540795840135818527047 0 0 0 0 0 0 0 0 0 0 0 0 0 0 0 0 0 0 0 0 0 0 0 0 0 0 0 0 0 0 0 0 0 0 0 0 0 0 0 0 0 0 0 0 0 0 0 0 0 0 0 0 0 0 0 0 0 0 0 0 0 0 0 0 0 0 0 0 0 0 0 0 0 0 0 0 0 0 0 0 0 0 0 0 1 0 0 0 0 0 0 0 0 0 0 0 0 0 0 0 0 0 0 0 0 0 0 0 0 0]
[7267006198913949781418236280198310056622774567699931289165462932113609091075191290666159740891269307731214263760037430915946769790238857517169291264770107601287751941328290814984336405307481231209099950020690747057749732110633452243483426573626500657230088758337312255549325485626368927970559244787354305793000420556212144122169193406 0 0 0 0 0 0 0 0 0 0 0 0 0 0 0 0 0 0 0 0 0 0 0 0 0 0 0 0 0 0 0 0 0 0 0 0 0 0 0 0 0 0 0 0 0 0 0 0 0 0 0 0 0 0 0 0 0 0 0 0 0 0 0 0 0 0 0 0 0 0 0 0 0 0 0 0 0 0 0 0 0 0 0 0 0 1 0 0 0 0 0 0 0 0 0 0 0 0 0 0 0 0 0 0 0 0 0 0 0 0]
[5293102136244209613862229875779946417615573974371185928888038062456438982338470364486682978422425987634282206383059125667994264390110173676495053411062765025120112295656652355840382555108625320077877888429511821869945760046081167496121867017383665046434260822479512148853327169248239163340660106824907839870277201721673939368731086039 0 0 0 0 0 0 0 0 0 0 0 0 0 0 0 0 0 0 0 0 0 0 0 0 0 0 0 0 0 0 0 0 0 0 0 0 0 0 0 0 0 0 0 0 0 0 0 0 0 0 0 0 0 0 0 0 0 0 0 0 0 0 0 0 0 0 0 0 0 0 0 0 0 0 0 0 0 0 0 0 0 0 0 0 0 0 1 0 0 0 0 0 0 0 0 0 0 0 0 0 0 0 0 0 0 0 0 0 0 0]
[9137313061295803679533261298247027244601110256086073559336834932700321872673521008634661539534762525500063224122523339022357085255264184257140465687873961973862599709099127665012226186991056279229535519478577450470454621813600030620576632144969860951707181138700044637895793114074712478581149748765341711080216640606071256535176371156 0 0 0 0 0 0 0 0 0 0 0 0 0 0 0 0 0 0 0 0 0 0 0 0 0 0 0 0 0 0 0 0 0 0 0 0 0 0 0 0 0 0 0 0 0 0 0 0 0 0 0 0 0 0 0 0 0 0 0 0 0 0 0 0 0 0 0 0 0 0 0 0 0 0 0 0 0 0 0 0 0 0 0 0 0 0 0 1 0 0 0 0 0 0 0 0 0 0 0 0 0 0 0 0 0 0 0 0 0 0]
[9122452492844355918244335985201433700857017299989156411464045111691907011663317585982524198918475169435258413100586436648796915168797624860484549155422953715316964559598400270110689055067472996479360792395299153364691014519873319596039450268736803920665525563396568544257673215863377596588207826623367871861913143809601967674149793868 0 0 0 0 0 0 0 0 0 0 0 0 0 0 0 0 0 0 0 0 0 0 0 0 0 0 0 0 0 0 0 0 0 0 0 0 0 0 0 0 0 0 0 0 0 0 0 0 0 0 0 0 0 0 0 0 0 0 0 0 0 0 0 0 0 0 0 0 0 0 0 0 0 0 0 0 0 0 0 0 0 0 0 0 0 0 0 0 1 0 0 0 0 0 0 0 0 0 0 0 0 0 0 0 0 0 0 0 0 0]
[4227020769189184691114216365063191106945758416120330583763030656297778203695133162784812026960742906382672733147191175667355883728754240955808047902596367988669851817317155627345968308677926440555842991646685635823895274200465218877189671196849948568175414176650606292985124870876984177395007787363146755109125055928806760575462927546 0 0 0 0 0 0 0 0 0 0 0 0 0 0 0 0 0 0 0 0 0 0 0 0 0 0 0 0 0 0 0 0 0 0 0 0 0 0 0 0 0 0 0 0 0 0 0 0 0 0 0 0 0 0 0 0 0 0 0 0 0 0 0 0 0 0 0 0 0 0 0 0 0 0 0 0 0 0 0 0 0 0 0 0 0 0 0 0 0 1 0 0 0 0 0 0 0 0 0 0 0 0 0 0 0 0 0 0 0 0]
[378375000848461254213480160966502776243702707305171423316333477603627304169648103279647340715347732388998013104557116459078693886213780540351342381723829282519108447392409083194707012094359727843567443723836674734902993922856890385098810516002430879187795395724237557086043710410103762822851108144597283898381748202768028385784769661 0 0 0 0 0 0 0 0 0 0 0 0 0 0 0 0 0 0 0 0 0 0 0 0 0 0 0 0 0 0 0 0 0 0 0 0 0 0 0 0 0 0 0 0 0 0 0 0 0 0 0 0 0 0 0 0 0 0 0 0 0 0 0 0 0 0 0 0 0 0 0 0 0 0 0 0 0 0 0 0 0 0 0 0 0 0 0 0 0 0 1 0 0 0 0 0 0 0 0 0 0 0 0 0 0 0 0 0 0 0]
[569502431319572228991042643758033303945910861296696880803606113158877507355195646705692899882361980999348521378485375663585274611499495404418450374069585370285899549865643113386963646598329412993251117302018247230817244446986442180091481057061485955856601448662028406143952570361471780021998939606939042153929858448564587125429218638 0 0 0 0 0 0 0 0 0 0 0 0 0 0 0 0 0 0 0 0 0 0 0 0 0 0 0 0 0 0 0 0 0 0 0 0 0 0 0 0 0 0 0 0 0 0 0 0 0 0 0 0 0 0 0 0 0 0 0 0 0 0 0 0 0 0 0 0 0 0 0 0 0 0 0 0 0 0 0 0 0 0 0 0 0 0 0 0 0 0 0 1 0 0 0 0 0 0 0 0 0 0 0 0 0 0 0 0 0 0]
[5265958576676846588939970718485309674548324162753096179692697057931575601065081124695200132308673854152280188800087782485705181590334971983394637375938731455586020664629185008698858057009094812039141157017110861025170923851926658050717557234494979653583841191899557842694637942661111185401086792737383640509644935342586972207350060997 0 0 0 0 0 0 0 0 0 0 0 0 0 0 0 0 0 0 0 0 0 0 0 0 0 0 0 0 0 0 0 0 0 0 0 0 0 0 0 0 0 0 0 0 0 0 0 0 0 0 0 0 0 0 0 0 0 0 0 0 0 0 0 0 0 0 0 0 0 0 0 0 0 0 0 0 0 0 0 0 0 0 0 0 0 0 0 0 0 0 0 0 1 0 0 0 0 0 0 0 0 0 0 0 0 0 0 0 0 0]
[6127057540913041191154176507535999021274346667516883474124511451486606189336648594504122136194125640529222224220815950628125524057340848739149697127751938259097638274511227642305325415583621721453084580642339920891615461016821424210424837983130318332822141319086493110280068816251320784443805758266990479577641773197049780517300250761 0 0 0 0 0 0 0 0 0 0 0 0 0 0 0 0 0 0 0 0 0 0 0 0 0 0 0 0 0 0 0 0 0 0 0 0 0 0 0 0 0 0 0 0 0 0 0 0 0 0 0 0 0 0 0 0 0 0 0 0 0 0 0 0 0 0 0 0 0 0 0 0 0 0 0 0 0 0 0 0 0 0 0 0 0 0 0 0 0 0 0 0 0 1 0 0 0 0 0 0 0 0 0 0 0 0 0 0 0 0]
[8316644011326426198267200464140785686759200132224187524645436987411149769476183418751480514109325046779877345200717027030885092921630046261623403350557325691967768593227806731582407423514138731801150106306323144832547718354184424081516526399215287841161855919391813045584947400009250627233156999448402184527584905101794734290235413303 0 0 0 0 0 0 0 0 0 0 0 0 0 0 0 0 0 0 0 0 0 0 0 0 0 0 0 0 0 0 0 0 0 0 0 0 0 0 0 0 0 0 0 0 0 0 0 0 0 0 0 0 0 0 0 0 0 0 0 0 0 0 0 0 0 0 0 0 0 0 0 0 0 0 0 0 0 0 0 0 0 0 0 0 0 0 0 0 0 0 0 0 0 0 1 0 0 0 0 0 0 0 0 0 0 0 0 0 0 0]
[9430004872688225640937507949312135006864392411932223894909970881483412135970052171332558554508596980020570088995083645113578874715203305780176897526360193057117216537870663143658612870621991967874888174100242473978881385060847039790147512316986986826161649492274711945396375083565111675242662833796513543475144573502381046344122962081 0 0 0 0 0 0 0 0 0 0 0 0 0 0 0 0 0 0 0 0 0 0 0 0 0 0 0 0 0 0 0 0 0 0 0 0 0 0 0 0 0 0 0 0 0 0 0 0 0 0 0 0 0 0 0 0 0 0 0 0 0 0 0 0 0 0 0 0 0 0 0 0 0 0 0 0 0 0 0 0 0 0 0 0 0 0 0 0 0 0 0 0 0 0 0 1 0 0 0 0 0 0 0 0 0 0 0 0 0 0]
[7511552276158329212439114069689157201580751572811480327766408188296156952601565649910351728890301514430747436478121799849844349467138607847378839223299251659523817273696853711742251165051688694649498360583886602165569646325879531046537751642735883599616966175496821957936437580051462065097064495004742679229612506085556190507524853023 0 0 0 0 0 0 0 0 0 0 0 0 0 0 0 0 0 0 0 0 0 0 0 0 0 0 0 0 0 0 0 0 0 0 0 0 0 0 0 0 0 0 0 0 0 0 0 0 0 0 0 0 0 0 0 0 0 0 0 0 0 0 0 0 0 0 0 0 0 0 0 0 0 0 0 0 0 0 0 0 0 0 0 0 0 0 0 0 0 0 0 0 0 0 0 0 1 0 0 0 0 0 0 0 0 0 0 0 0 0]
[428576136479836605552540409799364446068230917228108395939189651002638773321795029913138559671492796268518550457060812847383362444716398537710372410932902431665173961691978400327422055492729187408836265667791795555754082351157156421470102628009468187924130109728112500852511916814275069949607087997048037776805846881867477760169176048 0 0 0 0 0 0 0 0 0 0 0 0 0 0 0 0 0 0 0 0 0 0 0 0 0 0 0 0 0 0 0 0 0 0 0 0 0 0 0 0 0 0 0 0 0 0 0 0 0 0 0 0 0 0 0 0 0 0 0 0 0 0 0 0 0 0 0 0 0 0 0 0 0 0 0 0 0 0 0 0 0 0 0 0 0 0 0 0 0 0 0 0 0 0 0 0 0 1 0 0 0 0 0 0 0 0 0 0 0 0]
[2236505290239131389307454549841071536154262897728819964732902445179942652500412408501648021436242762968235940856235982097655793170458907877385554098287058176391133746492321418373284135214614804861066587663066763749349883084249406616867801766565741600765348380422630361464820020505023508245346528719825980970897427761712527264884306179 0 0 0 0 0 0 0 0 0 0 0 0 0 0 0 0 0 0 0 0 0 0 0 0 0 0 0 0 0 0 0 0 0 0 0 0 0 0 0 0 0 0 0 0 0 0 0 0 0 0 0 0 0 0 0 0 0 0 0 0 0 0 0 0 0 0 0 0 0 0 0 0 0 0 0 0 0 0 0 0 0 0 0 0 0 0 0 0 0 0 0 0 0 0 0 0 0 0 1 0 0 0 0 0 0 0 0 0 0 0]
[3492696686951312037362820273530852761734892077145528471465656739412879959322253955824029999772925983524691732806236203398340442351262886637584337928683901957894850900863350049341426856416926158069464239774871879500618620768639832950017970567780908722739942145405845898154143971213590341047907454945954590143882670615828731413833352757 0 0 0 0 0 0 0 0 0 0 0 0 0 0 0 0 0 0 0 0 0 0 0 0 0 0 0 0 0 0 0 0 0 0 0 0 0 0 0 0 0 0 0 0 0 0 0 0 0 0 0 0 0 0 0 0 0 0 0 0 0 0 0 0 0 0 0 0 0 0 0 0 0 0 0 0 0 0 0 0 0 0 0 0 0 0 0 0 0 0 0 0 0 0 0 0 0 0 0 1 0 0 0 0 0 0 0 0 0 0]
[1035233845814992888341582153053634289998229579431390031658320622411795818217453973238889631022775459650654252408764403523575139752630089769630345644573313671703207511817736603886984988339985244106532361272307431214277481605894754297639222424954989038875949390501477162997660833780717362430144660201199047706770706805328516698755716457 0 0 0 0 0 0 0 0 0 0 0 0 0 0 0 0 0 0 0 0 0 0 0 0 0 0 0 0 0 0 0 0 0 0 0 0 0 0 0 0 0 0 0 0 0 0 0 0 0 0 0 0 0 0 0 0 0 0 0 0 0 0 0 0 0 0 0 0 0 0 0 0 0 0 0 0 0 0 0 0 0 0 0 0 0 0 0 0 0 0 0 0 0 0 0 0 0 0 0 0 1 0 0 0 0 0 0 0 0 0]
[1258772552288908082184176108537706221255831160302497388800140517639883719293690453574723762740001245174260020659810532686188488457243917263605981358131452275598859587056573147551960254221148303651446715816056211858343768227046127330036104581752589394146566413125952498643913836067358961293326158622980602257542795078481150284218912763 0 0 0 0 0 0 0 0 0 0 0 0 0 0 0 0 0 0 0 0 0 0 0 0 0 0 0 0 0 0 0 0 0 0 0 0 0 0 0 0 0 0 0 0 0 0 0 0 0 0 0 0 0 0 0 0 0 0 0 0 0 0 0 0 0 0 0 0 0 0 0 0 0 0 0 0 0 0 0 0 0 0 0 0 0 0 0 0 0 0 0 0 0 0 0 0 0 0 0 0 0 1 0 0 0 0 0 0 0 0]
[1685281844044349751314984281097155469479586214687353998692350279122636325374112676426573018374277493117751373697717138049508739179365635194408224658350551480562339511847129736531399871225905737557475663808021165368737872106733715754873958549506237224417030134456393903726345836430688832675156528318844786972369714606675884052656507947 0 0 0 0 0 0 0 0 0 0 0 0 0 0 0 0 0 0 0 0 0 0 0 0 0 0 0 0 0 0 0 0 0 0 0 0 0 0 0 0 0 0 0 0 0 0 0 0 0 0 0 0 0 0 0 0 0 0 0 0 0 0 0 0 0 0 0 0 0 0 0 0 0 0 0 0 0 0 0 0 0 0 0 0 0 0 0 0 0 0 0 0 0 0 0 0 0 0 0 0 0 0 1 0 0 0 0 0 0 0]
[6451233184702930148072987956956672929376762969277720288447204695744583436327575273538913465485325089902231140037253088912232152315216293660494450780297219483857140473512767039761877788893414384179849944437563221902257231825597023047131777439252831942798991556452598605574738870781463521371993686622100787442881301003447151027081096442 0 0 0 0 0 0 0 0 0 0 0 0 0 0 0 0 0 0 0 0 0 0 0 0 0 0 0 0 0 0 0 0 0 0 0 0 0 0 0 0 0 0 0 0 0 0 0 0 0 0 0 0 0 0 0 0 0 0 0 0 0 0 0 0 0 0 0 0 0 0 0 0 0 0 0 0 0 0 0 0 0 0 0 0 0 0 0 0 0 0 0 0 0 0 0 0 0 0 0 0 0 0 0 1 0 0 0 0 0 0]
[4207722360429480920575315528609142272636659759787147044387534308910296349263890147355643343736557977377871253426603083127483750094063746909788587014419769603388370446430541639222876374627452886809200076779115900513900307602677723804298216135777937786253944474455556366810905752837634290234374951492883819732370826736175914831028102273 0 0 0 0 0 0 0 0 0 0 0 0 0 0 0 0 0 0 0 0 0 0 0 0 0 0 0 0 0 0 0 0 0 0 0 0 0 0 0 0 0 0 0 0 0 0 0 0 0 0 0 0 0 0 0 0 0 0 0 0 0 0 0 0 0 0 0 0 0 0 0 0 0 0 0 0 0 0 0 0 0 0 0 0 0 0 0 0 0 0 0 0 0 0 0 0 0 0 0 0 0 0 0 0 1 0 0 0 0 0]
[6870603772898667737448513337076350635401875095928144936221169691018744125021004391428270296993707841646466322807615408715872600913512381594052756110910546613079297810426187068755507492769045577758512700792813164044021411311624886561726316319958855096321100931797308321358833758878903727846337562983487348959869061201422731836695724869 0 0 0 0 0 0 0 0 0 0 0 0 0 0 0 0 0 0 0 0 0 0 0 0 0 0 0 0 0 0 0 0 0 0 0 0 0 0 0 0 0 0 0 0 0 0 0 0 0 0 0 0 0 0 0 0 0 0 0 0 0 0 0 0 0 0 0 0 0 0 0 0 0 0 0 0 0 0 0 0 0 0 0 0 0 0 0 0 0 0 0 0 0 0 0 0 0 0 0 0 0 0 0 0 0 1 0 0 0 0]
[3994261811379203868080801129044514780364153951192535660764370324065249523044415188207514577629790445457168204377190937304602607227834383380273810559244237000768613486939082572458113052437724009098430572601124577576338997404461547994440489940843999181511401402226784877592484184554119461922276937694162377881937921715067511280512898415 0 0 0 0 0 0 0 0 0 0 0 0 0 0 0 0 0 0 0 0 0 0 0 0 0 0 0 0 0 0 0 0 0 0 0 0 0 0 0 0 0 0 0 0 0 0 0 0 0 0 0 0 0 0 0 0 0 0 0 0 0 0 0 0 0 0 0 0 0 0 0 0 0 0 0 0 0 0 0 0 0 0 0 0 0 0 0 0 0 0 0 0 0 0 0 0 0 0 0 0 0 0 0 0 0 0 1 0 0 0]
[5605063494461778561870402909175302155936683776393765009885655313040892012640262559728261417802850774180739956465957360896597372925632469239669726748406426616682084503946563373146785451328394457381166792260112710018771039069986431238261982672429561577303199249472514763118052480662047898976582712154435651074600802598630844759400590682 0 0 0 0 0 0 0 0 0 0 0 0 0 0 0 0 0 0 0 0 0 0 0 0 0 0 0 0 0 0 0 0 0 0 0 0 0 0 0 0 0 0 0 0 0 0 0 0 0 0 0 0 0 0 0 0 0 0 0 0 0 0 0 0 0 0 0 0 0 0 0 0 0 0 0 0 0 0 0 0 0 0 0 0 0 0 0 0 0 0 0 0 0 0 0 0 0 0 0 0 0 0 0 0 0 0 0 1 0 0]
[4770662801102107598131026952640973204050804295992441286847765095634041226708355488646448536530220204339270329482017070064490425194100710493975401791721615465216542681573606974096865229917428318339806018553165687963496738440970973221019460824403638394776523345095688407175675030598771151112345133945959936194106654588354623462583738792 0 0 0 0 0 0 0 0 0 0 0 0 0 0 0 0 0 0 0 0 0 0 0 0 0 0 0 0 0 0 0 0 0 0 0 0 0 0 0 0 0 0 0 0 0 0 0 0 0 0 0 0 0 0 0 0 0 0 0 0 0 0 0 0 0 0 0 0 0 0 0 0 0 0 0 0 0 0 0 0 0 0 0 0 0 0 0 0 0 0 0 0 0 0 0 0 0 0 0 0 0 0 0 0 0 0 0 0 1 0]
[4153758377274609081626282279966566211745771011048649887639099743115318347806240308376912176907007089602523631908960497185826540986354336951394241209469711966389199122669768745759689550907922525407752297902322586760483302591560425498930057923959888257542116646764452791808645165901659539626343102197405502163059553495775793539074408808 0 0 0 0 0 0 0 0 0 0 0 0 0 0 0 0 0 0 0 0 0 0 0 0 0 0 0 0 0 0 0 0 0 0 0 0 0 0 0 0 0 0 0 0 0 0 0 0 0 0 0 0 0 0 0 0 0 0 0 0 0 0 0 0 0 0 0 0 0 0 0 0 0 0 0 0 0 0 0 0 0 0 0 0 0 0 0 0 0 0 0 0 0 0 0 0 0 0 0 0 0 0 0 0 0 0 0 0 0 1]
]
