[[3430719551021927426686039549956358612802309107567238544878548133253572720458376714998752006532703901793524263890968990683458109754583007187160887383808300046694605151497710469865051176593437147789283457558445652657889445977 0 0 0 0 0 0 0 0 0 0 0 0 0 0 0 0 0 0 0 0 0 0 0 0 0 0 0 0 0 0 0 0 0 0 0 0 0 0 0 0 0 0 0 0 0 0 0 0 0 0 0 0 0 0 0 0 0 0 0 0 0 0 0 0 0 0 0 0 0 0 0 0 0]
[3096967207356070321072690661413527903591264925380160449339675970819295283931478278407542470577806345673620903968158636382078070345584864935661239644334196821060843338934682895525402830374010934770637403837045986258648797129 1 0 0 0 0 0 0 0 0 0 0 0 0 0 0 0 0 0 0 0 0 0 0 0 0 0 0 0 0 0 0 0 0 0 0 0 0 0 0 0 0 0 0 0 0 0 0 0 0 0 0 0 0 0 0 0 0 0 0 0 0 0 0 0 0 0 0 0 0 0 0 0 0]
[1634887577380745448091217084593209650873148041963212954716617877033890532530964467077722409310810163769538346191609100420363120349712741012837121993375753697707354225176723108926715481710147814134002687363657747791474531510 0 1 0 0 0 0 0 0 0 0 0 0 0 0 0 0 0 0 0 0 0 0 0 0 0 0 0 0 0 0 0 0 0 0 0 0 0 0 0 0 0 0 0 0 0 0 0 0 0 0 0 0 0 0 0 0 0 0 0 0 0 0 0 0 0 0 0 0 0 0 0 0 0]
[1250267394357218832931421555076215265184278911947725618827498415733214879227863090749406237724239908777850470953132810022647354287657009167648608965137886087888269827299200028353166791681753280880116830652189070488750617964 0 0 1 0 0 0 0 0 0 0 0 0 0 0 0 0 0 0 0 0 0 0 0 0 0 0 0 0 0 0 0 0 0 0 0 0 0 0 0 0 0 0 0 0 0 0 0 0 0 0 0 0 0 0 0 0 0 0 0 0 0 0 0 0 0 0 0 0 0 0 0 0 0]
[399248791531018001497987134510760107562036252098743650605436815401935688378114995093888722373201797479986755497829174261039558138000663489667428442252824812028277727777434270923332665105280346239487841323403794579612745033 0 0 0 1 0 0 0 0 0 0 0 0 0 0 0 0 0 0 0 0 0 0 0 0 0 0 0 0 0 0 0 0 0 0 0 0 0 0 0 0 0 0 0 0 0 0 0 0 0 0 0 0 0 0 0 0 0 0 0 0 0 0 0 0 0 0 0 0 0 0 0 0 0]
[1979293199172013746026531085385008094891872195356308222151082919107471219422032537421885302159392692896944973567280101539094388403195665672829438282460592719881237577221134133548623326153567721451379421440016755124447788657 0 0 0 0 1 0 0 0 0 0 0 0 0 0 0 0 0 0 0 0 0 0 0 0 0 0 0 0 0 0 0 0 0 0 0 0 0 0 0 0 0 0 0 0 0 0 0 0 0 0 0 0 0 0 0 0 0 0 0 0 0 0 0 0 0 0 0 0 0 0 0 0 0]
[1853069943609048554013729032715708783735388086047307177180147332913506993771876760681252714599614557597148783116596235319400679039548020359696995990695404178900966383107413367201920325121922060974689615536802997735457341558 0 0 0 0 0 1 0 0 0 0 0 0 0 0 0 0 0 0 0 0 0 0 0 0 0 0 0 0 0 0 0 0 0 0 0 0 0 0 0 0 0 0 0 0 0 0 0 0 0 0 0 0 0 0 0 0 0 0 0 0 0 0 0 0 0 0 0 0 0 0 0 0 0]
[2253547750758263942099129362950671118913561956356559698445416862016592436963597994048521880647424179216700322719105441680749625590166035867142122407092970736960713539021009174218803647230941042390311274950946548507900106116 0 0 0 0 0 0 1 0 0 0 0 0 0 0 0 0 0 0 0 0 0 0 0 0 0 0 0 0 0 0 0 0 0 0 0 0 0 0 0 0 0 0 0 0 0 0 0 0 0 0 0 0 0 0 0 0 0 0 0 0 0 0 0 0 0 0 0 0 0 0 0 0 0]
[945473018075486220412403925301283006876828268458318697513188175124192267708977320858747363531093132973358142084358597464104146468878929310177368803904424813559533952657504679925543860270531587535659451525868739532810738761 0 0 0 0 0 0 0 1 0 0 0 0 0 0 0 0 0 0 0 0 0 0 0 0 0 0 0 0 0 0 0 0 0 0 0 0 0 0 0 0 0 0 0 0 0 0 0 0 0 0 0 0 0 0 0 0 0 0 0 0 0 0 0 0 0 0 0 0 0 0 0 0 0]
[2716236631279360899529207840320124426515356159410909331082203429849641908643894281203816313140815453705073153775226420772342206125871650612536088256494820250847157946514288377416985510432699461962667426809363345396040767067 0 0 0 0 0 0 0 0 1 0 0 0 0 0 0 0 0 0 0 0 0 0 0 0 0 0 0 0 0 0 0 0 0 0 0 0 0 0 0 0 0 0 0 0 0 0 0 0 0 0 0 0 0 0 0 0 0 0 0 0 0 0 0 0 0 0 0 0 0 0 0 0 0]
[2479801422357298313889814163636776053425256812253539407879137071541855251213329626291749215991788877452671556636550640291531869499879867427677233735915012084928588124033578275177306110710622120401856839509172668922351590603 0 0 0 0 0 0 0 0 0 1 0 0 0 0 0 0 0 0 0 0 0 0 0 0 0 0 0 0 0 0 0 0 0 0 0 0 0 0 0 0 0 0 0 0 0 0 0 0 0 0 0 0 0 0 0 0 0 0 0 0 0 0 0 0 0 0 0 0 0 0 0 0 0]
[1009765576981015482848680234223487808332671778419018504823330978733645733072770514420538478797397113334022683808850544315401914006511708860757955964424057643603284098498295112352757825865152007000629333745452924835523354000 0 0 0 0 0 0 0 0 0 0 1 0 0 0 0 0 0 0 0 0 0 0 0 0 0 0 0 0 0 0 0 0 0 0 0 0 0 0 0 0 0 0 0 0 0 0 0 0 0 0 0 0 0 0 0 0 0 0 0 0 0 0 0 0 0 0 0 0 0 0 0 0 0]
[840399452428101470518361904051067685459047681601192314438156037578353083640742072240004437912490078087522852319526986847912371937068843995201573911363298333349938965717747671822758431240513371806784004398740578414095210537 0 0 0 0 0 0 0 0 0 0 0 1 0 0 0 0 0 0 0 0 0 0 0 0 0 0 0 0 0 0 0 0 0 0 0 0 0 0 0 0 0 0 0 0 0 0 0 0 0 0 0 0 0 0 0 0 0 0 0 0 0 0 0 0 0 0 0 0 0 0 0 0 0]
[828867552706178469439558664012405281498153284627578236177957297132317402989582298519398627321115457541781031791861385801730738780234155660493316877269759231091725808477616529723626347816608088779112763268733361748144514284 0 0 0 0 0 0 0 0 0 0 0 0 1 0 0 0 0 0 0 0 0 0 0 0 0 0 0 0 0 0 0 0 0 0 0 0 0 0 0 0 0 0 0 0 0 0 0 0 0 0 0 0 0 0 0 0 0 0 0 0 0 0 0 0 0 0 0 0 0 0 0 0 0]
[239797369264282425808668235125514848196654109211632855137200967690925705374562189366971774384893841549542682272521437957969894739280971993256233292858529125299783109497582283839616585111644415442063374490616593920837040736 0 0 0 0 0 0 0 0 0 0 0 0 0 1 0 0 0 0 0 0 0 0 0 0 0 0 0 0 0 0 0 0 0 0 0 0 0 0 0 0 0 0 0 0 0 0 0 0 0 0 0 0 0 0 0 0 0 0 0 0 0 0 0 0 0 0 0 0 0 0 0 0 0]
[2976467730472521954165840378194997356503389001661123498514824394987346297379050788549743540087212578919438057094941968667912547159646335050282145366007105792652102218846013168420554977375665762031025758393077860642370724415 0 0 0 0 0 0 0 0 0 0 0 0 0 0 1 0 0 0 0 0 0 0 0 0 0 0 0 0 0 0 0 0 0 0 0 0 0 0 0 0 0 0 0 0 0 0 0 0 0 0 0 0 0 0 0 0 0 0 0 0 0 0 0 0 0 0 0 0 0 0 0 0 0]
[2627203175396875697490998791884701905573699600796244255371577452786217155294734618587262793463533039825346453504990650137302202023394979034156081104196999754089466489278383666651419626885601194854195699653631805501585037671 0 0 0 0 0 0 0 0 0 0 0 0 0 0 0 1 0 0 0 0 0 0 0 0 0 0 0 0 0 0 0 0 0 0 0 0 0 0 0 0 0 0 0 0 0 0 0 0 0 0 0 0 0 0 0 0 0 0 0 0 0 0 0 0 0 0 0 0 0 0 0 0 0]
[977500325247040741028965156432002167659511832845388286489315341766675219151508637155975886768581788345543101370268471265669722290889508502318851001295068364720572158096247292039281678132594533011281203117651481114524992776 0 0 0 0 0 0 0 0 0 0 0 0 0 0 0 0 1 0 0 0 0 0 0 0 0 0 0 0 0 0 0 0 0 0 0 0 0 0 0 0 0 0 0 0 0 0 0 0 0 0 0 0 0 0 0 0 0 0 0 0 0 0 0 0 0 0 0 0 0 0 0 0 0]
[413220879056354096163552822291801255901712817315747680867071543443985054763918045265435189940751076680456414635185950481248320079684778173892247373797395539424063176925730656236469213617644649661847071718931360540815801365 0 0 0 0 0 0 0 0 0 0 0 0 0 0 0 0 0 1 0 0 0 0 0 0 0 0 0 0 0 0 0 0 0 0 0 0 0 0 0 0 0 0 0 0 0 0 0 0 0 0 0 0 0 0 0 0 0 0 0 0 0 0 0 0 0 0 0 0 0 0 0 0 0]
[2011918116227504602111751257659918810648884298654657725434576212519960958403646528540841451211233567917308176535386664287784109191887051225089508174181925014793746431691366629775718263915885889644877055702304369541574823085 0 0 0 0 0 0 0 0 0 0 0 0 0 0 0 0 0 0 1 0 0 0 0 0 0 0 0 0 0 0 0 0 0 0 0 0 0 0 0 0 0 0 0 0 0 0 0 0 0 0 0 0 0 0 0 0 0 0 0 0 0 0 0 0 0 0 0 0 0 0 0 0 0]
[2274092306922124291250207258269499169176625080609133384825856920778189986806106656405978835283549505532177491268098190390035643039657416860080379343857597643418388326889324663975587149172245647036733204104362492756307736646 0 0 0 0 0 0 0 0 0 0 0 0 0 0 0 0 0 0 0 1 0 0 0 0 0 0 0 0 0 0 0 0 0 0 0 0 0 0 0 0 0 0 0 0 0 0 0 0 0 0 0 0 0 0 0 0 0 0 0 0 0 0 0 0 0 0 0 0 0 0 0 0 0]
[119518547722144048795482751305548055500678737014230545538974051371730314545726502783009957709011040808119013446477940017599735668011930570308780922680950824620853960984439136247070890768902222758965492736857054138003361053 0 0 0 0 0 0 0 0 0 0 0 0 0 0 0 0 0 0 0 0 1 0 0 0 0 0 0 0 0 0 0 0 0 0 0 0 0 0 0 0 0 0 0 0 0 0 0 0 0 0 0 0 0 0 0 0 0 0 0 0 0 0 0 0 0 0 0 0 0 0 0 0 0]
[2436016851313325276469918916174465594513859076869171163154900329161465773690957868411037564522165351346332099229861685249288587632203693338760590380117017160058354859264314430563858722204132069737578452895214275493353891614 0 0 0 0 0 0 0 0 0 0 0 0 0 0 0 0 0 0 0 0 0 1 0 0 0 0 0 0 0 0 0 0 0 0 0 0 0 0 0 0 0 0 0 0 0 0 0 0 0 0 0 0 0 0 0 0 0 0 0 0 0 0 0 0 0 0 0 0 0 0 0 0 0]
[1518896676498635246868782265883619532965850641160079704511751244177217802328889900134083391432987074003078847934587038158046697082402035369445885800514275552325001256792248017914514086854351617823955573204127252667629821654 0 0 0 0 0 0 0 0 0 0 0 0 0 0 0 0 0 0 0 0 0 0 1 0 0 0 0 0 0 0 0 0 0 0 0 0 0 0 0 0 0 0 0 0 0 0 0 0 0 0 0 0 0 0 0 0 0 0 0 0 0 0 0 0 0 0 0 0 0 0 0 0 0]
[1402596286129282038098341999401548950550680369336508135806910463868049658822104588162403767811782758193860197653936161380004262816677489432773600845678033779277667730515247486789278078870989629083779133568867213501927257709 0 0 0 0 0 0 0 0 0 0 0 0 0 0 0 0 0 0 0 0 0 0 0 1 0 0 0 0 0 0 0 0 0 0 0 0 0 0 0 0 0 0 0 0 0 0 0 0 0 0 0 0 0 0 0 0 0 0 0 0 0 0 0 0 0 0 0 0 0 0 0 0 0]
[101318119783565490681874559016190148699638371408219682789777786839298380024185158194687011041911576401760193746591503367126069545986032630793190186630710610835773678283610809458454960918410540768784372876406787803528510322 0 0 0 0 0 0 0 0 0 0 0 0 0 0 0 0 0 0 0 0 0 0 0 0 1 0 0 0 0 0 0 0 0 0 0 0 0 0 0 0 0 0 0 0 0 0 0 0 0 0 0 0 0 0 0 0 0 0 0 0 0 0 0 0 0 0 0 0 0 0 0 0 0]
[881911813542781922988192198992450104552000184686636143618550751915593812679351814655579902877368155116410540830376338444174125242331945059337743486441519433209024103824179295431417897867283283572787063445123492654120206106 0 0 0 0 0 0 0 0 0 0 0 0 0 0 0 0 0 0 0 0 0 0 0 0 0 1 0 0 0 0 0 0 0 0 0 0 0 0 0 0 0 0 0 0 0 0 0 0 0 0 0 0 0 0 0 0 0 0 0 0 0 0 0 0 0 0 0 0 0 0 0 0 0]
[384924314333723991262513728039771710953493778261882294172718052630784233255171319945432206707063558274778270889604033475634517973752238181976694089074811028149975257544036180113097866252556023468707567616463339395209611575 0 0 0 0 0 0 0 0 0 0 0 0 0 0 0 0 0 0 0 0 0 0 0 0 0 0 1 0 0 0 0 0 0 0 0 0 0 0 0 0 0 0 0 0 0 0 0 0 0 0 0 0 0 0 0 0 0 0 0 0 0 0 0 0 0 0 0 0 0 0 0 0 0]
[1502822263355029401348044752671105082812277946153872444919584835077637619245924512205658191265843522888958675995590734436117557593993560523543247896292978642562512128413747966096226138717519908783481507632377984575808607381 0 0 0 0 0 0 0 0 0 0 0 0 0 0 0 0 0 0 0 0 0 0 0 0 0 0 0 1 0 0 0 0 0 0 0 0 0 0 0 0 0 0 0 0 0 0 0 0 0 0 0 0 0 0 0 0 0 0 0 0 0 0 0 0 0 0 0 0 0 0 0 0 0]
[731897006535235892342249160892397982457875893699538147958934572844560435561894423104377711698327859722562899804568155662081262607031896529356663706675172157764199776748846603371063340217319704655615747916172079449721424474 0 0 0 0 0 0 0 0 0 0 0 0 0 0 0 0 0 0 0 0 0 0 0 0 0 0 0 0 1 0 0 0 0 0 0 0 0 0 0 0 0 0 0 0 0 0 0 0 0 0 0 0 0 0 0 0 0 0 0 0 0 0 0 0 0 0 0 0 0 0 0 0 0]
[119320673405543511745697201804322999738606909385773276255204129395018655796202033372541709327795985030730995753928071067913272600495061684550462838968100469374517618006142962845291971466492306967783933089781814291857085258 0 0 0 0 0 0 0 0 0 0 0 0 0 0 0 0 0 0 0 0 0 0 0 0 0 0 0 0 0 1 0 0 0 0 0 0 0 0 0 0 0 0 0 0 0 0 0 0 0 0 0 0 0 0 0 0 0 0 0 0 0 0 0 0 0 0 0 0 0 0 0 0 0]
[3425778508085878030216867445907609800469533005260423939903802798371336287234307278745816212740624755516311926019686108379957334553559528306211922605902948110397657193388896065728751584101372823212905982548170975070008826601 0 0 0 0 0 0 0 0 0 0 0 0 0 0 0 0 0 0 0 0 0 0 0 0 0 0 0 0 0 0 1 0 0 0 0 0 0 0 0 0 0 0 0 0 0 0 0 0 0 0 0 0 0 0 0 0 0 0 0 0 0 0 0 0 0 0 0 0 0 0 0 0 0]
[1026279859992115855415077190177042737793106453384123342285114230810346800594408207447061583483880154637155722821360810125809354433285635669095422277842723608584804789440265934764289366944831424743807621979202521511258532747 0 0 0 0 0 0 0 0 0 0 0 0 0 0 0 0 0 0 0 0 0 0 0 0 0 0 0 0 0 0 0 1 0 0 0 0 0 0 0 0 0 0 0 0 0 0 0 0 0 0 0 0 0 0 0 0 0 0 0 0 0 0 0 0 0 0 0 0 0 0 0 0 0]
[2048713260287934433669491981489910579908630636225435507723261973086394135272458151820990321495349202794745905664809578200516647703765218558296564811685520590874463162484484847354833237164119170172984627286159299380199004792 0 0 0 0 0 0 0 0 0 0 0 0 0 0 0 0 0 0 0 0 0 0 0 0 0 0 0 0 0 0 0 0 1 0 0 0 0 0 0 0 0 0 0 0 0 0 0 0 0 0 0 0 0 0 0 0 0 0 0 0 0 0 0 0 0 0 0 0 0 0 0 0 0]
[3054408708193471321131051171250784653237909741305126800412289547593290198655534741391475640604816919588255119244925552581343021412695017956088141073040244318242735716614942369568528903321793297613522442463558638753260518595 0 0 0 0 0 0 0 0 0 0 0 0 0 0 0 0 0 0 0 0 0 0 0 0 0 0 0 0 0 0 0 0 0 1 0 0 0 0 0 0 0 0 0 0 0 0 0 0 0 0 0 0 0 0 0 0 0 0 0 0 0 0 0 0 0 0 0 0 0 0 0 0 0]
[2969414097066859923631403809063713865872420260510919418067440322210079469799508338928462356646187733096456758151550466977131242148231685834215345224986737956293956707503567615480733689873359296293558438699752751502689058696 0 0 0 0 0 0 0 0 0 0 0 0 0 0 0 0 0 0 0 0 0 0 0 0 0 0 0 0 0 0 0 0 0 0 1 0 0 0 0 0 0 0 0 0 0 0 0 0 0 0 0 0 0 0 0 0 0 0 0 0 0 0 0 0 0 0 0 0 0 0 0 0 0]
[1217012530312565906076740346534439777713752748137515494335094904682419202216854314984333946185762367918796762599378267968608824534435368521310780429077200096570501545192687476386173053075108434116316977798024214130618965797 0 0 0 0 0 0 0 0 0 0 0 0 0 0 0 0 0 0 0 0 0 0 0 0 0 0 0 0 0 0 0 0 0 0 0 1 0 0 0 0 0 0 0 0 0 0 0 0 0 0 0 0 0 0 0 0 0 0 0 0 0 0 0 0 0 0 0 0 0 0 0 0 0]
[452230985438792649004742628677634220042901312385048541165935839492050115401466869097106029373564577464356872775255060290939967716205915805983892919267403057331305492331268206977721878733283050993842497441984548745625890078 0 0 0 0 0 0 0 0 0 0 0 0 0 0 0 0 0 0 0 0 0 0 0 0 0 0 0 0 0 0 0 0 0 0 0 0 1 0 0 0 0 0 0 0 0 0 0 0 0 0 0 0 0 0 0 0 0 0 0 0 0 0 0 0 0 0 0 0 0 0 0 0 0]
[72429587604017444815458881876039782552750627043656077248761125866132852782604561584269354968053847616910977669005767459475190198361433893991791730425589556599412702425697959234901046749095691164965325274120652032550524566 0 0 0 0 0 0 0 0 0 0 0 0 0 0 0 0 0 0 0 0 0 0 0 0 0 0 0 0 0 0 0 0 0 0 0 0 0 1 0 0 0 0 0 0 0 0 0 0 0 0 0 0 0 0 0 0 0 0 0 0 0 0 0 0 0 0 0 0 0 0 0 0 0]
[290738355322186910673257929505515740683682187242149838473501011598199990216829037675084947726101410740843076592209910829616480409306603942297947262657685533094407070780792100911640141712969144956604323623252551918399101434 0 0 0 0 0 0 0 0 0 0 0 0 0 0 0 0 0 0 0 0 0 0 0 0 0 0 0 0 0 0 0 0 0 0 0 0 0 0 1 0 0 0 0 0 0 0 0 0 0 0 0 0 0 0 0 0 0 0 0 0 0 0 0 0 0 0 0 0 0 0 0 0 0]
[2566488299420959709632239955434994540988156269273342032248491718894045776754006324109905609913988569648388485963851404145805511403327031582183963009799659359075297805243019113149515469727539770350748706108608088113737414063 0 0 0 0 0 0 0 0 0 0 0 0 0 0 0 0 0 0 0 0 0 0 0 0 0 0 0 0 0 0 0 0 0 0 0 0 0 0 0 1 0 0 0 0 0 0 0 0 0 0 0 0 0 0 0 0 0 0 0 0 0 0 0 0 0 0 0 0 0 0 0 0 0]
[1975672466509501856195551098251165011584277057594113688968648755770135003494109850318968620145928951433819810638561644482044091701524943506290597319066888408225954024461277812506613904571987834871524377574406025986328278431 0 0 0 0 0 0 0 0 0 0 0 0 0 0 0 0 0 0 0 0 0 0 0 0 0 0 0 0 0 0 0 0 0 0 0 0 0 0 0 0 1 0 0 0 0 0 0 0 0 0 0 0 0 0 0 0 0 0 0 0 0 0 0 0 0 0 0 0 0 0 0 0 0]
[1733895596629861867074826099087913357450858038069270731685749379624137976383683003646124799007427073465897224221985636764384316654571457337394474025505298519505297347277337508974286485130466181647294452492084842968067650505 0 0 0 0 0 0 0 0 0 0 0 0 0 0 0 0 0 0 0 0 0 0 0 0 0 0 0 0 0 0 0 0 0 0 0 0 0 0 0 0 0 1 0 0 0 0 0 0 0 0 0 0 0 0 0 0 0 0 0 0 0 0 0 0 0 0 0 0 0 0 0 0 0]
[2051316380758377334522531106516020755966298238186507309392643456218260390283356087528268523755859215096110492849806638194886118233325596493487238250945210775340636649308626741032713393262878821885141150454857984992613105276 0 0 0 0 0 0 0 0 0 0 0 0 0 0 0 0 0 0 0 0 0 0 0 0 0 0 0 0 0 0 0 0 0 0 0 0 0 0 0 0 0 0 1 0 0 0 0 0 0 0 0 0 0 0 0 0 0 0 0 0 0 0 0 0 0 0 0 0 0 0 0 0 0]
[2551460753637413583930031117481972576758391204010103805429860015913240349994202878366720031573502825057922878076820279977485317631639106184575927089105528053418818142529057472996556209945313469035822094220647060859020892864 0 0 0 0 0 0 0 0 0 0 0 0 0 0 0 0 0 0 0 0 0 0 0 0 0 0 0 0 0 0 0 0 0 0 0 0 0 0 0 0 0 0 0 1 0 0 0 0 0 0 0 0 0 0 0 0 0 0 0 0 0 0 0 0 0 0 0 0 0 0 0 0 0]
[2467101773593098722895139856567608319897903162496013475689170208289431873413962058823124854983915615670598998212475906748814878655218497619832512082916335668987087041098120843779642190554674945199770200770446069599935082622 0 0 0 0 0 0 0 0 0 0 0 0 0 0 0 0 0 0 0 0 0 0 0 0 0 0 0 0 0 0 0 0 0 0 0 0 0 0 0 0 0 0 0 0 1 0 0 0 0 0 0 0 0 0 0 0 0 0 0 0 0 0 0 0 0 0 0 0 0 0 0 0 0]
[676359264198970861768555692646901286560401178787382572190230206897610426619464819676895920670810323879423507235438486202149741189982214308694664815993545002673703971712099127748301428497115236051849682465569669967039231579 0 0 0 0 0 0 0 0 0 0 0 0 0 0 0 0 0 0 0 0 0 0 0 0 0 0 0 0 0 0 0 0 0 0 0 0 0 0 0 0 0 0 0 0 0 1 0 0 0 0 0 0 0 0 0 0 0 0 0 0 0 0 0 0 0 0 0 0 0 0 0 0 0]
[783741049177891575853985548398222871903846947466073118028879336947106379351954786984817941161342099517722879761502511079154662811849522768635294792531556631172240855337391456577906710593058889792551624944451032380269025090 0 0 0 0 0 0 0 0 0 0 0 0 0 0 0 0 0 0 0 0 0 0 0 0 0 0 0 0 0 0 0 0 0 0 0 0 0 0 0 0 0 0 0 0 0 0 1 0 0 0 0 0 0 0 0 0 0 0 0 0 0 0 0 0 0 0 0 0 0 0 0 0 0]
[2518945757949489736032046774394650405566946843858013534623463543660671654822815661474637220480318628323567426967076600278743516580161876987940571928379956917385980490836222976517450025086889926134390462743242342119198693629 0 0 0 0 0 0 0 0 0 0 0 0 0 0 0 0 0 0 0 0 0 0 0 0 0 0 0 0 0 0 0 0 0 0 0 0 0 0 0 0 0 0 0 0 0 0 0 1 0 0 0 0 0 0 0 0 0 0 0 0 0 0 0 0 0 0 0 0 0 0 0 0 0]
[1944370234928342663767800250470030963938724993812264216849195805171308775152007715637905682285267535876388401842441883364612484484835750441875746427229803363924661717419521309163470956002084047675981298602892554245191288005 0 0 0 0 0 0 0 0 0 0 0 0 0 0 0 0 0 0 0 0 0 0 0 0 0 0 0 0 0 0 0 0 0 0 0 0 0 0 0 0 0 0 0 0 0 0 0 0 1 0 0 0 0 0 0 0 0 0 0 0 0 0 0 0 0 0 0 0 0 0 0 0 0]
[4667934214949433025522748581729207126358821132488312189244889521957091593268916718270686718809447498479088298397644573353471684080775050187860831461216568951478752101768747897876752470895942804864953423982261485140341881 0 0 0 0 0 0 0 0 0 0 0 0 0 0 0 0 0 0 0 0 0 0 0 0 0 0 0 0 0 0 0 0 0 0 0 0 0 0 0 0 0 0 0 0 0 0 0 0 0 1 0 0 0 0 0 0 0 0 0 0 0 0 0 0 0 0 0 0 0 0 0 0 0]
[1586109011810494546746942052688542799455877294602238810492427810467407710218833074148574706579502220743380651279558173133254730630742573163336599443033907882800304287397482084779834079848146551540878896518167537231574336980 0 0 0 0 0 0 0 0 0 0 0 0 0 0 0 0 0 0 0 0 0 0 0 0 0 0 0 0 0 0 0 0 0 0 0 0 0 0 0 0 0 0 0 0 0 0 0 0 0 0 1 0 0 0 0 0 0 0 0 0 0 0 0 0 0 0 0 0 0 0 0 0 0]
[1243878875365629750691719116368210211902918201076160273507875774673086348027996720549348263032204801009328238746914038186573534577662685041896823034884048713722498450863016915627810687687871407385198058394507796325792315856 0 0 0 0 0 0 0 0 0 0 0 0 0 0 0 0 0 0 0 0 0 0 0 0 0 0 0 0 0 0 0 0 0 0 0 0 0 0 0 0 0 0 0 0 0 0 0 0 0 0 0 1 0 0 0 0 0 0 0 0 0 0 0 0 0 0 0 0 0 0 0 0 0]
[2659395113926134486491534321079793856492274362992202072135773587405139133150111460810208884198742975022727743877982398145936287768619158328015694608486229572286780684291878027571073706866211305999221800691156014324354163926 0 0 0 0 0 0 0 0 0 0 0 0 0 0 0 0 0 0 0 0 0 0 0 0 0 0 0 0 0 0 0 0 0 0 0 0 0 0 0 0 0 0 0 0 0 0 0 0 0 0 0 0 1 0 0 0 0 0 0 0 0 0 0 0 0 0 0 0 0 0 0 0 0]
[3133796908990816754153540054958588242665253160405231010093465401558995090140904112803740099511233261628713346458866062022434804810644589191628508770444778754731591357678884874269868717670687389635889074333695779000102963606 0 0 0 0 0 0 0 0 0 0 0 0 0 0 0 0 0 0 0 0 0 0 0 0 0 0 0 0 0 0 0 0 0 0 0 0 0 0 0 0 0 0 0 0 0 0 0 0 0 0 0 0 0 1 0 0 0 0 0 0 0 0 0 0 0 0 0 0 0 0 0 0 0]
[3135706231341584488389785589891516135379541665405745626777611279788485655402508158545435001987553429380343723428653987153998417681214672605069895852757260304195517197312130845569883478175405120418068801568402743461155331746 0 0 0 0 0 0 0 0 0 0 0 0 0 0 0 0 0 0 0 0 0 0 0 0 0 0 0 0 0 0 0 0 0 0 0 0 0 0 0 0 0 0 0 0 0 0 0 0 0 0 0 0 0 0 1 0 0 0 0 0 0 0 0 0 0 0 0 0 0 0 0 0 0]
[462842241579079133164550497897165980838722780124518594238310240555241073933937930016636503209366302196362870809272748732669885641362487863752412218608930707109836531271827118907903229272135325894194124167199062278215204859 0 0 0 0 0 0 0 0 0 0 0 0 0 0 0 0 0 0 0 0 0 0 0 0 0 0 0 0 0 0 0 0 0 0 0 0 0 0 0 0 0 0 0 0 0 0 0 0 0 0 0 0 0 0 0 1 0 0 0 0 0 0 0 0 0 0 0 0 0 0 0 0 0]
[645917290302875493503776292330748001722120776473213346669767358123490496371951447391240350332063391395756160282697346203038827123420732830677085863029256516466331519156270421393161924735335190041476503431232535673891604728 0 0 0 0 0 0 0 0 0 0 0 0 0 0 0 0 0 0 0 0 0 0 0 0 0 0 0 0 0 0 0 0 0 0 0 0 0 0 0 0 0 0 0 0 0 0 0 0 0 0 0 0 0 0 0 0 1 0 0 0 0 0 0 0 0 0 0 0 0 0 0 0 0]
[582643092299947572867079984091134122572079667777453979440634633002118643770198529627884322624637335505533390971758729093148768899501719917056827996869433870892269164812115578058502223349900725970833699166477324074738603827 0 0 0 0 0 0 0 0 0 0 0 0 0 0 0 0 0 0 0 0 0 0 0 0 0 0 0 0 0 0 0 0 0 0 0 0 0 0 0 0 0 0 0 0 0 0 0 0 0 0 0 0 0 0 0 0 0 1 0 0 0 0 0 0 0 0 0 0 0 0 0 0 0]
[1614549980589958009662598404106015940968108723686763020131426206559126012470483129469524225635094902302548000461642107991416871721332915119097859617376993428727555982074398656071034982099869839847045394035956645851246687786 0 0 0 0 0 0 0 0 0 0 0 0 0 0 0 0 0 0 0 0 0 0 0 0 0 0 0 0 0 0 0 0 0 0 0 0 0 0 0 0 0 0 0 0 0 0 0 0 0 0 0 0 0 0 0 0 0 0 1 0 0 0 0 0 0 0 0 0 0 0 0 0 0]
[3185633224670263904912286975525254664489343584594519117853718195304367822925192747373303056834847128115940530399448802015169071219955137581050278220662750369156083812126142797891817115424176744865760345395171839514220504882 0 0 0 0 0 0 0 0 0 0 0 0 0 0 0 0 0 0 0 0 0 0 0 0 0 0 0 0 0 0 0 0 0 0 0 0 0 0 0 0 0 0 0 0 0 0 0 0 0 0 0 0 0 0 0 0 0 0 0 1 0 0 0 0 0 0 0 0 0 0 0 0 0]
[1794365311123306796866209292703838596794062086297142157966043093977954437914794917923330988598563073847301938416152301230004989750759627909392885048875784295780544625762268461773605144933418889117552557136593844562193090968 0 0 0 0 0 0 0 0 0 0 0 0 0 0 0 0 0 0 0 0 0 0 0 0 0 0 0 0 0 0 0 0 0 0 0 0 0 0 0 0 0 0 0 0 0 0 0 0 0 0 0 0 0 0 0 0 0 0 0 0 1 0 0 0 0 0 0 0 0 0 0 0 0]
[2716764501843032997404081437876010892156595431917067354904137497986277530682096955673309721603667368975640329803985241875327991565227775678958062849640715177689961104935216794390203569685188082283713342413968149567056519223 0 0 0 0 0 0 0 0 0 0 0 0 0 0 0 0 0 0 0 0 0 0 0 0 0 0 0 0 0 0 0 0 0 0 0 0 0 0 0 0 0 0 0 0 0 0 0 0 0 0 0 0 0 0 0 0 0 0 0 0 0 1 0 0 0 0 0 0 0 0 0 0 0]
[3280945520627697430082458978755393308467823105845621634167685316088330954306911291368393760039036882961460745920318825086845304648672479141471182702842103397276761785009498673461317783641881831300535800151934438689785739958 0 0 0 0 0 0 0 0 0 0 0 0 0 0 0 0 0 0 0 0 0 0 0 0 0 0 0 0 0 0 0 0 0 0 0 0 0 0 0 0 0 0 0 0 0 0 0 0 0 0 0 0 0 0 0 0 0 0 0 0 0 0 1 0 0 0 0 0 0 0 0 0 0]
[2735134090083749862751529833326680200368393877556321907177785243009515611547768689047660211156779322346060314604326822359709819835683953088574998245755826702385002593159432316390183382801717223007227463054515059849931235687 0 0 0 0 0 0 0 0 0 0 0 0 0 0 0 0 0 0 0 0 0 0 0 0 0 0 0 0 0 0 0 0 0 0 0 0 0 0 0 0 0 0 0 0 0 0 0 0 0 0 0 0 0 0 0 0 0 0 0 0 0 0 0 1 0 0 0 0 0 0 0 0 0]
[2905519137364140078192568141726570036581918683270899372097008619779367616434833203154483794914320732175646159137538944453869265470204734666573172916024260794984498206129507419118732266553150509166531902106069321039099162597 0 0 0 0 0 0 0 0 0 0 0 0 0 0 0 0 0 0 0 0 0 0 0 0 0 0 0 0 0 0 0 0 0 0 0 0 0 0 0 0 0 0 0 0 0 0 0 0 0 0 0 0 0 0 0 0 0 0 0 0 0 0 0 0 1 0 0 0 0 0 0 0 0]
[419115758213153414898792947659700340673369388944036266104106362847432087431452442811355203957343284668211537701573768959399674202485759955986275086915414242025172032431651480164268849304952272793549293077480652106721700254 0 0 0 0 0 0 0 0 0 0 0 0 0 0 0 0 0 0 0 0 0 0 0 0 0 0 0 0 0 0 0 0 0 0 0 0 0 0 0 0 0 0 0 0 0 0 0 0 0 0 0 0 0 0 0 0 0 0 0 0 0 0 0 0 0 1 0 0 0 0 0 0 0]
[1934082883467004047980293299174258764493331613063105987010116394682615518314646694991112321918693962964828600835343354284752428413339746390866998063681611780445254727010238365045769316781351663319228147063864313589280338598 0 0 0 0 0 0 0 0 0 0 0 0 0 0 0 0 0 0 0 0 0 0 0 0 0 0 0 0 0 0 0 0 0 0 0 0 0 0 0 0 0 0 0 0 0 0 0 0 0 0 0 0 0 0 0 0 0 0 0 0 0 0 0 0 0 0 1 0 0 0 0 0 0]
[708752273779154307146404951174465224284307057029454380523315423483336712523625204080947598469159339714824962947074408315345031439008346109588693134994346452895066351750102654885317902245731149170401566531311594451796847399 0 0 0 0 0 0 0 0 0 0 0 0 0 0 0 0 0 0 0 0 0 0 0 0 0 0 0 0 0 0 0 0 0 0 0 0 0 0 0 0 0 0 0 0 0 0 0 0 0 0 0 0 0 0 0 0 0 0 0 0 0 0 0 0 0 0 0 1 0 0 0 0 0]
[1670173165200212102019674839718277832659166504349135643880028579548308004774017371786462390388701017934348212158256018730046227309883963776640143470588111599130741266354501882405661921171019185573402021826207377040621300280 0 0 0 0 0 0 0 0 0 0 0 0 0 0 0 0 0 0 0 0 0 0 0 0 0 0 0 0 0 0 0 0 0 0 0 0 0 0 0 0 0 0 0 0 0 0 0 0 0 0 0 0 0 0 0 0 0 0 0 0 0 0 0 0 0 0 0 0 1 0 0 0 0]
[92821601038898218710686076627189316465529936154798804682333988328597282938045576350879050610983843156152793118183927506268208158569907425474577799995031997727784940581221710610600764141042097269542508487382768673880071154 0 0 0 0 0 0 0 0 0 0 0 0 0 0 0 0 0 0 0 0 0 0 0 0 0 0 0 0 0 0 0 0 0 0 0 0 0 0 0 0 0 0 0 0 0 0 0 0 0 0 0 0 0 0 0 0 0 0 0 0 0 0 0 0 0 0 0 0 0 1 0 0 0]
[2580683530586211501825066872463875828580705252485092610016001981545938002711147804042204220118252971092607503822101858939398068053049499684775127570889645550412166836637321157836916562469765115092548642337143105600554013067 0 0 0 0 0 0 0 0 0 0 0 0 0 0 0 0 0 0 0 0 0 0 0 0 0 0 0 0 0 0 0 0 0 0 0 0 0 0 0 0 0 0 0 0 0 0 0 0 0 0 0 0 0 0 0 0 0 0 0 0 0 0 0 0 0 0 0 0 0 0 1 0 0]
[1894829757178936300345866846107381281910418982240588971843992764034520142130719615238177044590808402908793843770759647738300251331034770752855786223716707942019748737060487632740434375451076753477411093251988095847891497647 0 0 0 0 0 0 0 0 0 0 0 0 0 0 0 0 0 0 0 0 0 0 0 0 0 0 0 0 0 0 0 0 0 0 0 0 0 0 0 0 0 0 0 0 0 0 0 0 0 0 0 0 0 0 0 0 0 0 0 0 0 0 0 0 0 0 0 0 0 0 0 1 0]
[891493302510237663411792308013754836463601367524030788678402238304725654150039258817804701361675966683047079764446261005740684188661041846715862885287059301508078138410369414212098308128532786024424271961143024103331679549 0 0 0 0 0 0 0 0 0 0 0 0 0 0 0 0 0 0 0 0 0 0 0 0 0 0 0 0 0 0 0 0 0 0 0 0 0 0 0 0 0 0 0 0 0 0 0 0 0 0 0 0 0 0 0 0 0 0 0 0 0 0 0 0 0 0 0 0 0 0 0 0 1]
]
