[[7879728625588867566843545656791084323421687955617774226878207722908768651404365135969770850738757285353840540146389408525381078705302879403465678870866288646764254216843841506525449860588302311676157764827044140599226076162676631293740937584481645868822121839258273731181073694773 0 0 0 0 0 0 0 0 0 0 0 0 0 0 0 0 0 0 0 0 0 0 0 0 0 0 0 0 0 0 0 0 0 0 0 0 0 0 0 0 0 0 0 0 0 0 0 0 0 0 0 0 0 0 0 0 0 0 0 0 0 0 0 0 0 0 0 0 0 0 0 0 0 0 0 0 0 0 0 0 0 0 0 0 0 0 0 0 0 0 0 0]
[2821195169362063915391718544677721021244411921708407954151530776933110400099516025129619936171982549388452527131042691487130581289684670199040916320569550620852482829551151896068689963413529389754007284503763811567867639735089120617321778568709973495380908281124687164404156770908 1 0 0 0 0 0 0 0 0 0 0 0 0 0 0 0 0 0 0 0 0 0 0 0 0 0 0 0 0 0 0 0 0 0 0 0 0 0 0 0 0 0 0 0 0 0 0 0 0 0 0 0 0 0 0 0 0 0 0 0 0 0 0 0 0 0 0 0 0 0 0 0 0 0 0 0 0 0 0 0 0 0 0 0 0 0 0 0 0 0 0 0]
[4947531459219992262040688929007672853143194981872548288958991743791694646394585766777523386815083168653985125108408379848916803477293844620210087351390639920481265080348718177132177705633172673869793223589800243262960823378384456849792665433792190361486354342633920457632773470779 0 1 0 0 0 0 0 0 0 0 0 0 0 0 0 0 0 0 0 0 0 0 0 0 0 0 0 0 0 0 0 0 0 0 0 0 0 0 0 0 0 0 0 0 0 0 0 0 0 0 0 0 0 0 0 0 0 0 0 0 0 0 0 0 0 0 0 0 0 0 0 0 0 0 0 0 0 0 0 0 0 0 0 0 0 0 0 0 0 0 0 0]
[6501773625301206752770188261441962732350189602826974828952403575346674342544329083223551547183422704618493658913889469106767747113702827827105932202966632022331990828996954344105666173756395021327070233922145374854217302246319616050664356701989075142723039981846394367792909402516 0 0 1 0 0 0 0 0 0 0 0 0 0 0 0 0 0 0 0 0 0 0 0 0 0 0 0 0 0 0 0 0 0 0 0 0 0 0 0 0 0 0 0 0 0 0 0 0 0 0 0 0 0 0 0 0 0 0 0 0 0 0 0 0 0 0 0 0 0 0 0 0 0 0 0 0 0 0 0 0 0 0 0 0 0 0 0 0 0 0 0 0]
[7862381102342308325860636666670653752708103207001485582578260247506745420440421387819588422320970349217440596177472944510163763930958186091192518881004674476041241691291725363089926227305922360143315641945256776386962939307221198367505604368325379016958785553374692954640870056136 0 0 0 1 0 0 0 0 0 0 0 0 0 0 0 0 0 0 0 0 0 0 0 0 0 0 0 0 0 0 0 0 0 0 0 0 0 0 0 0 0 0 0 0 0 0 0 0 0 0 0 0 0 0 0 0 0 0 0 0 0 0 0 0 0 0 0 0 0 0 0 0 0 0 0 0 0 0 0 0 0 0 0 0 0 0 0 0 0 0 0 0]
[5291158356759025410031755782120985356207429838456139471696060219239521407715229208936295085130080906530031335345808595489777569064957870923729008263341821476612992878391759892901577901204770829281801949211949450224579966619902914262666602306558641360463574338252460125550187966483 0 0 0 0 1 0 0 0 0 0 0 0 0 0 0 0 0 0 0 0 0 0 0 0 0 0 0 0 0 0 0 0 0 0 0 0 0 0 0 0 0 0 0 0 0 0 0 0 0 0 0 0 0 0 0 0 0 0 0 0 0 0 0 0 0 0 0 0 0 0 0 0 0 0 0 0 0 0 0 0 0 0 0 0 0 0 0 0 0 0 0 0]
[3977395549968252842188603207486495172618153286521089788359357380274701555829885976672997964167918588422515663366978023136176059781753572188729341083622670633807835258745870924348086756398111019129617300174241558385457692364779311788446122559382166720829979302663442897610857668734 0 0 0 0 0 1 0 0 0 0 0 0 0 0 0 0 0 0 0 0 0 0 0 0 0 0 0 0 0 0 0 0 0 0 0 0 0 0 0 0 0 0 0 0 0 0 0 0 0 0 0 0 0 0 0 0 0 0 0 0 0 0 0 0 0 0 0 0 0 0 0 0 0 0 0 0 0 0 0 0 0 0 0 0 0 0 0 0 0 0 0 0]
[5703402429609163058282745332021166268113622712340688470790960777194655644707225078347348978024757232988610084755425738712362261674260675716963533058462339862400198861837780615999571733613709734943450909172519184099844048148351454076613436227723737186174886563488134224991736769379 0 0 0 0 0 0 1 0 0 0 0 0 0 0 0 0 0 0 0 0 0 0 0 0 0 0 0 0 0 0 0 0 0 0 0 0 0 0 0 0 0 0 0 0 0 0 0 0 0 0 0 0 0 0 0 0 0 0 0 0 0 0 0 0 0 0 0 0 0 0 0 0 0 0 0 0 0 0 0 0 0 0 0 0 0 0 0 0 0 0 0 0]
[3088970622348383446341106039772509121755044878114296890084024937112637628137864976481800130689959074258113624555735660074970717101541589432553967037279554687676595733841216763079963641158499058416926557511192552531829220762059769836567376207680803609417639989178152194895409386855 0 0 0 0 0 0 0 1 0 0 0 0 0 0 0 0 0 0 0 0 0 0 0 0 0 0 0 0 0 0 0 0 0 0 0 0 0 0 0 0 0 0 0 0 0 0 0 0 0 0 0 0 0 0 0 0 0 0 0 0 0 0 0 0 0 0 0 0 0 0 0 0 0 0 0 0 0 0 0 0 0 0 0 0 0 0 0 0 0 0 0 0]
[300169679923253730149241336487274733284360514558438208931444238007150539575400873801705059237476106498001804545529025916194600247075638359039828679368049401882776433890705972343533051451539600020115271023443144742079970058275354226662664125238867863627209336725860142821752342813 0 0 0 0 0 0 0 0 1 0 0 0 0 0 0 0 0 0 0 0 0 0 0 0 0 0 0 0 0 0 0 0 0 0 0 0 0 0 0 0 0 0 0 0 0 0 0 0 0 0 0 0 0 0 0 0 0 0 0 0 0 0 0 0 0 0 0 0 0 0 0 0 0 0 0 0 0 0 0 0 0 0 0 0 0 0 0 0 0 0 0 0]
[4430983666397746134777366408478634763603870900610688361670443519683209762847192769830736773185636506099740061048558417851903802042848480092543974285862018419780932636490117829029294811635776018020481143530721375203651518981086390061217605117690252922978585922118338803090050240709 0 0 0 0 0 0 0 0 0 1 0 0 0 0 0 0 0 0 0 0 0 0 0 0 0 0 0 0 0 0 0 0 0 0 0 0 0 0 0 0 0 0 0 0 0 0 0 0 0 0 0 0 0 0 0 0 0 0 0 0 0 0 0 0 0 0 0 0 0 0 0 0 0 0 0 0 0 0 0 0 0 0 0 0 0 0 0 0 0 0 0 0]
[286299907103579716048874248161381543135591522189120922455396247790512161570528682375189508601430864261435558083194419341828894189607845701454145140263823633877639241908280901914616484305311524465735905277095357503723329679751174501616770135746018259318071282997788726114220423475 0 0 0 0 0 0 0 0 0 0 1 0 0 0 0 0 0 0 0 0 0 0 0 0 0 0 0 0 0 0 0 0 0 0 0 0 0 0 0 0 0 0 0 0 0 0 0 0 0 0 0 0 0 0 0 0 0 0 0 0 0 0 0 0 0 0 0 0 0 0 0 0 0 0 0 0 0 0 0 0 0 0 0 0 0 0 0 0 0 0 0 0]
[6528097184908282299005341469383833021585296303845317717231858627316273737990078917040647002111148527169013602227394179270502017964845366082413717957200625010199343926433866149628263384448678683929091775976460452497176418644037576900204041477912165448331400285581965463390848760869 0 0 0 0 0 0 0 0 0 0 0 1 0 0 0 0 0 0 0 0 0 0 0 0 0 0 0 0 0 0 0 0 0 0 0 0 0 0 0 0 0 0 0 0 0 0 0 0 0 0 0 0 0 0 0 0 0 0 0 0 0 0 0 0 0 0 0 0 0 0 0 0 0 0 0 0 0 0 0 0 0 0 0 0 0 0 0 0 0 0 0 0]
[3870959991935522458650301517756861188068279556418250918371723386341576617908506733718189070486213601002327629694631916148709524989547218032529705934842347941914498174531140525590658683103806662269861506787928734327732585914812664978049404846192057174106455016297524950772956802338 0 0 0 0 0 0 0 0 0 0 0 0 1 0 0 0 0 0 0 0 0 0 0 0 0 0 0 0 0 0 0 0 0 0 0 0 0 0 0 0 0 0 0 0 0 0 0 0 0 0 0 0 0 0 0 0 0 0 0 0 0 0 0 0 0 0 0 0 0 0 0 0 0 0 0 0 0 0 0 0 0 0 0 0 0 0 0 0 0 0 0 0]
[212835584140460919982647559438979116475108334844004996974381378294842786880171904604775153343311534203561413791654994628318288741635853141573571606389106273636338953134688266895205730032504762873964748342513164300947478711706099361591783921370913547394356247253698597904552009310 0 0 0 0 0 0 0 0 0 0 0 0 0 1 0 0 0 0 0 0 0 0 0 0 0 0 0 0 0 0 0 0 0 0 0 0 0 0 0 0 0 0 0 0 0 0 0 0 0 0 0 0 0 0 0 0 0 0 0 0 0 0 0 0 0 0 0 0 0 0 0 0 0 0 0 0 0 0 0 0 0 0 0 0 0 0 0 0 0 0 0 0]
[4561161445921872778033779801980450549036342040233256504997990249202405824510120588359104048936686179652277276357096616700406288923802229457540561402762706981710267125327344946377696503585564780159092861330558859162175129399808740253524866071707427401740184780108006938966011374554 0 0 0 0 0 0 0 0 0 0 0 0 0 0 1 0 0 0 0 0 0 0 0 0 0 0 0 0 0 0 0 0 0 0 0 0 0 0 0 0 0 0 0 0 0 0 0 0 0 0 0 0 0 0 0 0 0 0 0 0 0 0 0 0 0 0 0 0 0 0 0 0 0 0 0 0 0 0 0 0 0 0 0 0 0 0 0 0 0 0 0 0]
[3042748963344707531313372747356578564799668136799470702461040405531975107575884093930887940473147348033681040660578836253754714956507835512250445483137449823599314250218555170319980370677172756678372898135671900237719584079390927502947667024323455400356030731187418322214894584993 0 0 0 0 0 0 0 0 0 0 0 0 0 0 0 1 0 0 0 0 0 0 0 0 0 0 0 0 0 0 0 0 0 0 0 0 0 0 0 0 0 0 0 0 0 0 0 0 0 0 0 0 0 0 0 0 0 0 0 0 0 0 0 0 0 0 0 0 0 0 0 0 0 0 0 0 0 0 0 0 0 0 0 0 0 0 0 0 0 0 0 0]
[3984578601183131826924504785821056540362472287893840801933656943493187225631824046965401249745300281228187540763216122921417311982296469235659982197021865731705252971534284451053137233318038284167964900283967763866302554180339050993776746088546595604551468164196380722745523144495 0 0 0 0 0 0 0 0 0 0 0 0 0 0 0 0 1 0 0 0 0 0 0 0 0 0 0 0 0 0 0 0 0 0 0 0 0 0 0 0 0 0 0 0 0 0 0 0 0 0 0 0 0 0 0 0 0 0 0 0 0 0 0 0 0 0 0 0 0 0 0 0 0 0 0 0 0 0 0 0 0 0 0 0 0 0 0 0 0 0 0 0]
[5054415941050996843363419830820808227261852682133754268238395806490057430764830616373438883391548374696418460825327496497958266952194667240852635447976832429411551327299564182615934859934371520700435260024551978545120619647912415250433158779042294911275310733883670269176760739146 0 0 0 0 0 0 0 0 0 0 0 0 0 0 0 0 0 1 0 0 0 0 0 0 0 0 0 0 0 0 0 0 0 0 0 0 0 0 0 0 0 0 0 0 0 0 0 0 0 0 0 0 0 0 0 0 0 0 0 0 0 0 0 0 0 0 0 0 0 0 0 0 0 0 0 0 0 0 0 0 0 0 0 0 0 0 0 0 0 0 0 0]
[2218849091132203592562038196162812569459072435403677284443070277789812098439166574899086541897356587261049357100370083862063497112288504905985544998088871708559651312141324835061188311619150984095560663667621769540696572478345897597677831642620544012354717495858050901525554411393 0 0 0 0 0 0 0 0 0 0 0 0 0 0 0 0 0 0 1 0 0 0 0 0 0 0 0 0 0 0 0 0 0 0 0 0 0 0 0 0 0 0 0 0 0 0 0 0 0 0 0 0 0 0 0 0 0 0 0 0 0 0 0 0 0 0 0 0 0 0 0 0 0 0 0 0 0 0 0 0 0 0 0 0 0 0 0 0 0 0 0 0]
[4139262680600923039936925652868986546486088340245955968530939614072178002934188806624695620715565622016829585323829295821178425142002468958794489237601808805125468192595380335513448557498742269490819775417929233487337239837379422574129667862488134498979732324902637516293798563224 0 0 0 0 0 0 0 0 0 0 0 0 0 0 0 0 0 0 0 1 0 0 0 0 0 0 0 0 0 0 0 0 0 0 0 0 0 0 0 0 0 0 0 0 0 0 0 0 0 0 0 0 0 0 0 0 0 0 0 0 0 0 0 0 0 0 0 0 0 0 0 0 0 0 0 0 0 0 0 0 0 0 0 0 0 0 0 0 0 0 0 0]
[905071737205074102170631026724262719643398354785654960456439854570522941278132320918169542112756529240208118098630262825559872765095208627306342909883850191718586755513929508760957215110936448395087705030582108719431320719798753357021868315853484849128541389439840018670905397154 0 0 0 0 0 0 0 0 0 0 0 0 0 0 0 0 0 0 0 0 1 0 0 0 0 0 0 0 0 0 0 0 0 0 0 0 0 0 0 0 0 0 0 0 0 0 0 0 0 0 0 0 0 0 0 0 0 0 0 0 0 0 0 0 0 0 0 0 0 0 0 0 0 0 0 0 0 0 0 0 0 0 0 0 0 0 0 0 0 0 0 0]
[3169172783583205136313342749793929016124056023383875780780032604021728452302695790305424210030568662592644534837422810198514212454274735779834394287858332659429072604765086582623390116948334395973116489698428081445171394722331944856193812555961764897480213571951508443173239914431 0 0 0 0 0 0 0 0 0 0 0 0 0 0 0 0 0 0 0 0 0 1 0 0 0 0 0 0 0 0 0 0 0 0 0 0 0 0 0 0 0 0 0 0 0 0 0 0 0 0 0 0 0 0 0 0 0 0 0 0 0 0 0 0 0 0 0 0 0 0 0 0 0 0 0 0 0 0 0 0 0 0 0 0 0 0 0 0 0 0 0 0]
[3538935959546983352368967554592473129103795494105630718347424028734909603505396025599392278142531615464697453273800896644874612395398761395824280356024559382187117823154160028747219545455290220174864738166842900864482916706180277362891159339119259833402609860476002939243409237109 0 0 0 0 0 0 0 0 0 0 0 0 0 0 0 0 0 0 0 0 0 0 1 0 0 0 0 0 0 0 0 0 0 0 0 0 0 0 0 0 0 0 0 0 0 0 0 0 0 0 0 0 0 0 0 0 0 0 0 0 0 0 0 0 0 0 0 0 0 0 0 0 0 0 0 0 0 0 0 0 0 0 0 0 0 0 0 0 0 0 0 0]
[7331229689011458506520500540317927690608175746679321494108968695642493288478687856374707090185910037772692166185700724585409967256802115662571536140819030468264176134861880493673813624019154592300304289769097843868888845187294160751485397647147429119800295695267186159593251796495 0 0 0 0 0 0 0 0 0 0 0 0 0 0 0 0 0 0 0 0 0 0 0 1 0 0 0 0 0 0 0 0 0 0 0 0 0 0 0 0 0 0 0 0 0 0 0 0 0 0 0 0 0 0 0 0 0 0 0 0 0 0 0 0 0 0 0 0 0 0 0 0 0 0 0 0 0 0 0 0 0 0 0 0 0 0 0 0 0 0 0 0]
[2836338279015727185160459253860443841422264177072388457255613237150788632798318854448905119386387603337267977992457820586241755377801034642770498997536091609724589279701841965524896725625210878908942119804283214912604678880240146281883939646841261613832656991284601196065257077988 0 0 0 0 0 0 0 0 0 0 0 0 0 0 0 0 0 0 0 0 0 0 0 0 1 0 0 0 0 0 0 0 0 0 0 0 0 0 0 0 0 0 0 0 0 0 0 0 0 0 0 0 0 0 0 0 0 0 0 0 0 0 0 0 0 0 0 0 0 0 0 0 0 0 0 0 0 0 0 0 0 0 0 0 0 0 0 0 0 0 0 0]
[4139389612574016351862069731437565185823020607996418601450958271624504967416798261321737311045309665178334412829806462716063696535623442573532944307010719748155608557071065148710719682266671268895997621710408349601112571862733981109060241873285155887668903545870665182107691913924 0 0 0 0 0 0 0 0 0 0 0 0 0 0 0 0 0 0 0 0 0 0 0 0 0 1 0 0 0 0 0 0 0 0 0 0 0 0 0 0 0 0 0 0 0 0 0 0 0 0 0 0 0 0 0 0 0 0 0 0 0 0 0 0 0 0 0 0 0 0 0 0 0 0 0 0 0 0 0 0 0 0 0 0 0 0 0 0 0 0 0 0]
[4573615393508168257234596925985440040056674548748740842144182650302001543082848882277098894710195090736264711617014909597074741365664465862415217970760671536460843138015618764093789321785025559148376846611470575376151841928183775531663551576842373051997894236434715190817028559815 0 0 0 0 0 0 0 0 0 0 0 0 0 0 0 0 0 0 0 0 0 0 0 0 0 0 1 0 0 0 0 0 0 0 0 0 0 0 0 0 0 0 0 0 0 0 0 0 0 0 0 0 0 0 0 0 0 0 0 0 0 0 0 0 0 0 0 0 0 0 0 0 0 0 0 0 0 0 0 0 0 0 0 0 0 0 0 0 0 0 0 0]
[1855601057856187252468835346047671571409370557740779316385791550404868304888790454364573660633418139196010415080553188193503345802643416457240841336045070387538388051841726093431315962235122880280929563801919052271141558408081686427446669822608068063012847009027601249905832102713 0 0 0 0 0 0 0 0 0 0 0 0 0 0 0 0 0 0 0 0 0 0 0 0 0 0 0 1 0 0 0 0 0 0 0 0 0 0 0 0 0 0 0 0 0 0 0 0 0 0 0 0 0 0 0 0 0 0 0 0 0 0 0 0 0 0 0 0 0 0 0 0 0 0 0 0 0 0 0 0 0 0 0 0 0 0 0 0 0 0 0 0]
[5270588463430044890035981772450153196164979940322830218137609514294304239271099915373514013256284232085732938516366626816996818030059113501120497545535139729524064609432807469740627629674780955092601382641181725108309307704534773351005547421361469042534242962903153061624330865978 0 0 0 0 0 0 0 0 0 0 0 0 0 0 0 0 0 0 0 0 0 0 0 0 0 0 0 0 1 0 0 0 0 0 0 0 0 0 0 0 0 0 0 0 0 0 0 0 0 0 0 0 0 0 0 0 0 0 0 0 0 0 0 0 0 0 0 0 0 0 0 0 0 0 0 0 0 0 0 0 0 0 0 0 0 0 0 0 0 0 0 0]
[3254154118922288762337165499979792466078204419375699826959057224544295677721675280410443917188058936619267195657139003930858315020895190313886013420903159779518703764623452019167997079052181278119956977871236968171535505492409708511706516302650005813386293430252212276902424347188 0 0 0 0 0 0 0 0 0 0 0 0 0 0 0 0 0 0 0 0 0 0 0 0 0 0 0 0 0 1 0 0 0 0 0 0 0 0 0 0 0 0 0 0 0 0 0 0 0 0 0 0 0 0 0 0 0 0 0 0 0 0 0 0 0 0 0 0 0 0 0 0 0 0 0 0 0 0 0 0 0 0 0 0 0 0 0 0 0 0 0 0]
[1333441865854855276871786587357448452144812887659990458100458519695886618919369013921427567028122183391243148438867515431042135467782599799484117276945099086794047923722483840508827930648521177907675269041968521890769156559815233242072037153527680528884286237337412537888727508858 0 0 0 0 0 0 0 0 0 0 0 0 0 0 0 0 0 0 0 0 0 0 0 0 0 0 0 0 0 0 1 0 0 0 0 0 0 0 0 0 0 0 0 0 0 0 0 0 0 0 0 0 0 0 0 0 0 0 0 0 0 0 0 0 0 0 0 0 0 0 0 0 0 0 0 0 0 0 0 0 0 0 0 0 0 0 0 0 0 0 0 0]
[1894495653950129433823903538454738486695183603139422132547232272813975638500915806531312321458199231753494455814322094861807377568000160926904256815124747529705196146758070427252064522773478480309129742352844199052173703111631255496405670173835330632891068492996005254635639193685 0 0 0 0 0 0 0 0 0 0 0 0 0 0 0 0 0 0 0 0 0 0 0 0 0 0 0 0 0 0 0 1 0 0 0 0 0 0 0 0 0 0 0 0 0 0 0 0 0 0 0 0 0 0 0 0 0 0 0 0 0 0 0 0 0 0 0 0 0 0 0 0 0 0 0 0 0 0 0 0 0 0 0 0 0 0 0 0 0 0 0 0]
[5660595384978206543812323672775317462345851346719951537123330249989997855684015957228409164427924458986799356250303725937591007608159849899929352874993482876052263997142572555582734349857445982762749714782661462376061643320964978743029081689064551631886650553674476710912627345586 0 0 0 0 0 0 0 0 0 0 0 0 0 0 0 0 0 0 0 0 0 0 0 0 0 0 0 0 0 0 0 0 1 0 0 0 0 0 0 0 0 0 0 0 0 0 0 0 0 0 0 0 0 0 0 0 0 0 0 0 0 0 0 0 0 0 0 0 0 0 0 0 0 0 0 0 0 0 0 0 0 0 0 0 0 0 0 0 0 0 0 0]
[3021499832163801062060736370145478966269210892174652905322526142442738184004490159212365598131301405502715646242704661409897293823525575492594640175872388437726761241818944435544045883345065891789328829372488002968386754144741343192586095435426932285807862639142082700326832048246 0 0 0 0 0 0 0 0 0 0 0 0 0 0 0 0 0 0 0 0 0 0 0 0 0 0 0 0 0 0 0 0 0 1 0 0 0 0 0 0 0 0 0 0 0 0 0 0 0 0 0 0 0 0 0 0 0 0 0 0 0 0 0 0 0 0 0 0 0 0 0 0 0 0 0 0 0 0 0 0 0 0 0 0 0 0 0 0 0 0 0 0]
[2583282066140663078425748363433100574320389715013180431177268680055575394240441463204224286481144311084125747896777681254067969224650452822872804024370224977679647051013864489175466109521959852832095493668584086893437052365762332123791607676510101803011312658755527468276286689422 0 0 0 0 0 0 0 0 0 0 0 0 0 0 0 0 0 0 0 0 0 0 0 0 0 0 0 0 0 0 0 0 0 0 1 0 0 0 0 0 0 0 0 0 0 0 0 0 0 0 0 0 0 0 0 0 0 0 0 0 0 0 0 0 0 0 0 0 0 0 0 0 0 0 0 0 0 0 0 0 0 0 0 0 0 0 0 0 0 0 0 0]
[3319742384875153986705891724128507432207116951859324338069958636732578463695150594089920691473568035205844127894804506792313568419157472237716390435333753410268065653175726956720025242420347250476948403800067019277736082881384930194998070021826181533932654304013798431487515769972 0 0 0 0 0 0 0 0 0 0 0 0 0 0 0 0 0 0 0 0 0 0 0 0 0 0 0 0 0 0 0 0 0 0 0 1 0 0 0 0 0 0 0 0 0 0 0 0 0 0 0 0 0 0 0 0 0 0 0 0 0 0 0 0 0 0 0 0 0 0 0 0 0 0 0 0 0 0 0 0 0 0 0 0 0 0 0 0 0 0 0 0]
[65222236946358616029013303893662491246199158379260440491419284013130724332698220049946015696168958769620058805592228372123355890905974150628874009303435591337513363499435985261111934971186771077421551624363014745829589754634182507236152636936049977188509760844059929951176942974 0 0 0 0 0 0 0 0 0 0 0 0 0 0 0 0 0 0 0 0 0 0 0 0 0 0 0 0 0 0 0 0 0 0 0 0 1 0 0 0 0 0 0 0 0 0 0 0 0 0 0 0 0 0 0 0 0 0 0 0 0 0 0 0 0 0 0 0 0 0 0 0 0 0 0 0 0 0 0 0 0 0 0 0 0 0 0 0 0 0 0 0]
[2494801699163871507203574357750561580577441270088989657669098577158555139193804401303189088909456687027629195021145174290248127315638374850993309167358477946974879940592410599248999330319831942309518833455871775073706325412637524041027178354489264293605303160913008653941056460843 0 0 0 0 0 0 0 0 0 0 0 0 0 0 0 0 0 0 0 0 0 0 0 0 0 0 0 0 0 0 0 0 0 0 0 0 0 1 0 0 0 0 0 0 0 0 0 0 0 0 0 0 0 0 0 0 0 0 0 0 0 0 0 0 0 0 0 0 0 0 0 0 0 0 0 0 0 0 0 0 0 0 0 0 0 0 0 0 0 0 0 0]
[7284367374678046530229631785973883288156906351502414264657398601313388715582580769134596746108838298593023636566117003579133565385129990698699298619859676310615190852755062909268750090750610148112267992429892741831304348335777387355164342301914664013270959260246495904279901505797 0 0 0 0 0 0 0 0 0 0 0 0 0 0 0 0 0 0 0 0 0 0 0 0 0 0 0 0 0 0 0 0 0 0 0 0 0 0 1 0 0 0 0 0 0 0 0 0 0 0 0 0 0 0 0 0 0 0 0 0 0 0 0 0 0 0 0 0 0 0 0 0 0 0 0 0 0 0 0 0 0 0 0 0 0 0 0 0 0 0 0 0]
[3607111753619338216173950863527520914590946057499351065842888164745059106017062934387222024192742187817051326599892591713824439594087016859031900617494436150318227916317748480678864387012727501442517579244022673352932885005492899851599602784221098404207450046413161904459217545150 0 0 0 0 0 0 0 0 0 0 0 0 0 0 0 0 0 0 0 0 0 0 0 0 0 0 0 0 0 0 0 0 0 0 0 0 0 0 0 1 0 0 0 0 0 0 0 0 0 0 0 0 0 0 0 0 0 0 0 0 0 0 0 0 0 0 0 0 0 0 0 0 0 0 0 0 0 0 0 0 0 0 0 0 0 0 0 0 0 0 0 0]
[2230429219450167314179197687879797659702968977032847580538507081566906571870611825582460465653946250033498170549935984947791327377768877784700661687158378494614045969417714168261459955362989980601943598747197630134596438511839892742483404527478468740736881811732358126033324011321 0 0 0 0 0 0 0 0 0 0 0 0 0 0 0 0 0 0 0 0 0 0 0 0 0 0 0 0 0 0 0 0 0 0 0 0 0 0 0 0 1 0 0 0 0 0 0 0 0 0 0 0 0 0 0 0 0 0 0 0 0 0 0 0 0 0 0 0 0 0 0 0 0 0 0 0 0 0 0 0 0 0 0 0 0 0 0 0 0 0 0 0]
[405214029514399832646236889394492095252268660722833702176612784291685957517913656642823681581027557730166033418614148060341299427310219538269846144743520797259920843556962774309651907552237374187524979530818365686100522593783625691986181616094354151101600784597017261928838169484 0 0 0 0 0 0 0 0 0 0 0 0 0 0 0 0 0 0 0 0 0 0 0 0 0 0 0 0 0 0 0 0 0 0 0 0 0 0 0 0 0 1 0 0 0 0 0 0 0 0 0 0 0 0 0 0 0 0 0 0 0 0 0 0 0 0 0 0 0 0 0 0 0 0 0 0 0 0 0 0 0 0 0 0 0 0 0 0 0 0 0 0]
[3557130710567738433860212612988866404797195657384208680627046242268711907595627542501834711839659628488845916144780239325464235537087082482386301113357808759512336197387982825201296253266320272304066502848081802456082310512740692181237950283394025480857270264809933004370994482610 0 0 0 0 0 0 0 0 0 0 0 0 0 0 0 0 0 0 0 0 0 0 0 0 0 0 0 0 0 0 0 0 0 0 0 0 0 0 0 0 0 0 1 0 0 0 0 0 0 0 0 0 0 0 0 0 0 0 0 0 0 0 0 0 0 0 0 0 0 0 0 0 0 0 0 0 0 0 0 0 0 0 0 0 0 0 0 0 0 0 0 0]
[7123180162664446881450124862341348087255749652642404383672523115785163505463338415355091055431021024898647565802936662705581416643277173581721449691749548698062563599968446459043732759900345954011503064593535105153244488580146403241673400621947374971375045197044315440561597604643 0 0 0 0 0 0 0 0 0 0 0 0 0 0 0 0 0 0 0 0 0 0 0 0 0 0 0 0 0 0 0 0 0 0 0 0 0 0 0 0 0 0 0 1 0 0 0 0 0 0 0 0 0 0 0 0 0 0 0 0 0 0 0 0 0 0 0 0 0 0 0 0 0 0 0 0 0 0 0 0 0 0 0 0 0 0 0 0 0 0 0 0]
[4017763892038975469703099257170242132619531104134713156666478867470544190156466911461566606140552516566441708776038343497448451952919912931076481288828018726327286237789144978904705817744132495531683793509903001704071711459178574507620741172876835780908263478238936763489662471135 0 0 0 0 0 0 0 0 0 0 0 0 0 0 0 0 0 0 0 0 0 0 0 0 0 0 0 0 0 0 0 0 0 0 0 0 0 0 0 0 0 0 0 0 1 0 0 0 0 0 0 0 0 0 0 0 0 0 0 0 0 0 0 0 0 0 0 0 0 0 0 0 0 0 0 0 0 0 0 0 0 0 0 0 0 0 0 0 0 0 0 0]
[4665454060038776337241662596307024178154016832930531344793149298479637343665206543908822166857101726199603814515368823680764243030926120756879621791556329838832866162608076944073016757448053651579899127061608915273573102942419743162966943358636471225350526218601346251535852315310 0 0 0 0 0 0 0 0 0 0 0 0 0 0 0 0 0 0 0 0 0 0 0 0 0 0 0 0 0 0 0 0 0 0 0 0 0 0 0 0 0 0 0 0 0 1 0 0 0 0 0 0 0 0 0 0 0 0 0 0 0 0 0 0 0 0 0 0 0 0 0 0 0 0 0 0 0 0 0 0 0 0 0 0 0 0 0 0 0 0 0 0]
[1395031515523953232835392198121925020546612135172671230500611910006535370983671107527665144530968533130803659010424623961721532183270641300824992585102344092748654219995407188305384422126578724043783456362344383537369691593465417850469081118922656631281901823227403111045312859562 0 0 0 0 0 0 0 0 0 0 0 0 0 0 0 0 0 0 0 0 0 0 0 0 0 0 0 0 0 0 0 0 0 0 0 0 0 0 0 0 0 0 0 0 0 0 1 0 0 0 0 0 0 0 0 0 0 0 0 0 0 0 0 0 0 0 0 0 0 0 0 0 0 0 0 0 0 0 0 0 0 0 0 0 0 0 0 0 0 0 0 0]
[1737004927604728851534376997233054308273194816186620401325679595950782977390785613474237254898491218293425399512665527236332987361780679691629152960581006118160416974820609552765569371624599489455957967107144905491255626864184133415175182442797468304132208205417829709333042953463 0 0 0 0 0 0 0 0 0 0 0 0 0 0 0 0 0 0 0 0 0 0 0 0 0 0 0 0 0 0 0 0 0 0 0 0 0 0 0 0 0 0 0 0 0 0 0 1 0 0 0 0 0 0 0 0 0 0 0 0 0 0 0 0 0 0 0 0 0 0 0 0 0 0 0 0 0 0 0 0 0 0 0 0 0 0 0 0 0 0 0 0]
[1094349009516785983741114210564504672410411504994368540094596280580941045552629326872762467161976366714227354949732624221218445679505622907078036020983857871366207847665225704068280261844155179240768292952088507313908467943804027061082617472385113351394835263844393059768046852297 0 0 0 0 0 0 0 0 0 0 0 0 0 0 0 0 0 0 0 0 0 0 0 0 0 0 0 0 0 0 0 0 0 0 0 0 0 0 0 0 0 0 0 0 0 0 0 0 1 0 0 0 0 0 0 0 0 0 0 0 0 0 0 0 0 0 0 0 0 0 0 0 0 0 0 0 0 0 0 0 0 0 0 0 0 0 0 0 0 0 0 0]
[1680274195410240364916730541861852499119189310251859784512848411214804551560459952661674989363576264424807817288848300301436679374676361072691956850554163528181862388090144980481044496375585418641632658552200573231132862788075411186970317393353773294196619686562334511761308131709 0 0 0 0 0 0 0 0 0 0 0 0 0 0 0 0 0 0 0 0 0 0 0 0 0 0 0 0 0 0 0 0 0 0 0 0 0 0 0 0 0 0 0 0 0 0 0 0 0 1 0 0 0 0 0 0 0 0 0 0 0 0 0 0 0 0 0 0 0 0 0 0 0 0 0 0 0 0 0 0 0 0 0 0 0 0 0 0 0 0 0 0]
[3544060487803956776035467068089669475338755756473934125316276195157072771121153122965282198324337919550892868986768349769591441866148279685526210044099402244074834173345759138568230979687632453598264534220436731137175497307257727826712897794171738227044996628113687140033879161192 0 0 0 0 0 0 0 0 0 0 0 0 0 0 0 0 0 0 0 0 0 0 0 0 0 0 0 0 0 0 0 0 0 0 0 0 0 0 0 0 0 0 0 0 0 0 0 0 0 0 1 0 0 0 0 0 0 0 0 0 0 0 0 0 0 0 0 0 0 0 0 0 0 0 0 0 0 0 0 0 0 0 0 0 0 0 0 0 0 0 0 0]
[5817315337941250661976582907552458440704851604958297235839504772117627487171660764590713666448709782519397846540777082668623450692335031498141557744383916844650780703246680202968706602309978754925927190307799631539460735406032869003610078747921591675992868270410511906552253821035 0 0 0 0 0 0 0 0 0 0 0 0 0 0 0 0 0 0 0 0 0 0 0 0 0 0 0 0 0 0 0 0 0 0 0 0 0 0 0 0 0 0 0 0 0 0 0 0 0 0 0 1 0 0 0 0 0 0 0 0 0 0 0 0 0 0 0 0 0 0 0 0 0 0 0 0 0 0 0 0 0 0 0 0 0 0 0 0 0 0 0 0]
[5936831523125169159324986096893827876159794937303808497515391607345221535025281101949181073487658498729424775419752191138899572809309697519111406708326739188207655154281652040134251343458991877768738169843091398809048399332979700004012922609266537124349197298210610223038346116935 0 0 0 0 0 0 0 0 0 0 0 0 0 0 0 0 0 0 0 0 0 0 0 0 0 0 0 0 0 0 0 0 0 0 0 0 0 0 0 0 0 0 0 0 0 0 0 0 0 0 0 0 1 0 0 0 0 0 0 0 0 0 0 0 0 0 0 0 0 0 0 0 0 0 0 0 0 0 0 0 0 0 0 0 0 0 0 0 0 0 0 0]
[7094734683302975655263497496757521137850486554316958412815826767507015478112086706441149349866756916389459953885477120273236304362449351382276678135672936603197215790553476047686382593820771722734559679766349022760589203891751410045413395814253399417939972139346145117553953893338 0 0 0 0 0 0 0 0 0 0 0 0 0 0 0 0 0 0 0 0 0 0 0 0 0 0 0 0 0 0 0 0 0 0 0 0 0 0 0 0 0 0 0 0 0 0 0 0 0 0 0 0 0 1 0 0 0 0 0 0 0 0 0 0 0 0 0 0 0 0 0 0 0 0 0 0 0 0 0 0 0 0 0 0 0 0 0 0 0 0 0 0]
[4473023555727338831030964727411881092864086211175411001283635106956231642027907409290267342470182424604161075318386024012236078620128153219505862822802792577500667700467087470414959110828261891923774863868588902875858412696406492207528783335506884885290297308960293116301867855337 0 0 0 0 0 0 0 0 0 0 0 0 0 0 0 0 0 0 0 0 0 0 0 0 0 0 0 0 0 0 0 0 0 0 0 0 0 0 0 0 0 0 0 0 0 0 0 0 0 0 0 0 0 0 1 0 0 0 0 0 0 0 0 0 0 0 0 0 0 0 0 0 0 0 0 0 0 0 0 0 0 0 0 0 0 0 0 0 0 0 0 0]
[7292896686459409908094794690331389252964743795421409782518936197263580705208046372711277746296966745218852149368535047468408934371537637035951319746487686674118268318115758880775417504886569987001202699582891964737460367123937015444192702501695391053197495057941941410955487914822 0 0 0 0 0 0 0 0 0 0 0 0 0 0 0 0 0 0 0 0 0 0 0 0 0 0 0 0 0 0 0 0 0 0 0 0 0 0 0 0 0 0 0 0 0 0 0 0 0 0 0 0 0 0 0 1 0 0 0 0 0 0 0 0 0 0 0 0 0 0 0 0 0 0 0 0 0 0 0 0 0 0 0 0 0 0 0 0 0 0 0 0]
[6611791792926791443461904048892129701338503299505331909284773545036225551846780340947860759557318233267362020381824405253555258922447339003805091944314894619340233745026509792416348361237534229549515958502480646081245503995384666851148549436138631072624909251537393916558641999569 0 0 0 0 0 0 0 0 0 0 0 0 0 0 0 0 0 0 0 0 0 0 0 0 0 0 0 0 0 0 0 0 0 0 0 0 0 0 0 0 0 0 0 0 0 0 0 0 0 0 0 0 0 0 0 0 1 0 0 0 0 0 0 0 0 0 0 0 0 0 0 0 0 0 0 0 0 0 0 0 0 0 0 0 0 0 0 0 0 0 0 0]
[7347009398255572883674027924079622209749939774848784049593269830585503199890408633855048796479146773508616028914736622593842536615334600694333452616535183377878585955413943731427331844517693665513806425172440216969900911652235617944848659707181103932533590282603560916378057222422 0 0 0 0 0 0 0 0 0 0 0 0 0 0 0 0 0 0 0 0 0 0 0 0 0 0 0 0 0 0 0 0 0 0 0 0 0 0 0 0 0 0 0 0 0 0 0 0 0 0 0 0 0 0 0 0 0 1 0 0 0 0 0 0 0 0 0 0 0 0 0 0 0 0 0 0 0 0 0 0 0 0 0 0 0 0 0 0 0 0 0 0]
[5659981457657652125365523621003973879346492504829068088008103969737235828381622060897491295628138114267810434768119256502279594418045279248618540776931152556768393598932667655879844278941416377863433707679909445410452354356390676130935986679389914191463891301162483868557576621819 0 0 0 0 0 0 0 0 0 0 0 0 0 0 0 0 0 0 0 0 0 0 0 0 0 0 0 0 0 0 0 0 0 0 0 0 0 0 0 0 0 0 0 0 0 0 0 0 0 0 0 0 0 0 0 0 0 0 1 0 0 0 0 0 0 0 0 0 0 0 0 0 0 0 0 0 0 0 0 0 0 0 0 0 0 0 0 0 0 0 0 0]
[2593149267913723489967489613112627554158306733486067278814559281451025746516364055366961484591222846250377841106839943313483258471661329160907942930956348022742407409312679480447141080028187379455901344577378243618833829064594488231283960659409118115638790909666880801246361421673 0 0 0 0 0 0 0 0 0 0 0 0 0 0 0 0 0 0 0 0 0 0 0 0 0 0 0 0 0 0 0 0 0 0 0 0 0 0 0 0 0 0 0 0 0 0 0 0 0 0 0 0 0 0 0 0 0 0 0 1 0 0 0 0 0 0 0 0 0 0 0 0 0 0 0 0 0 0 0 0 0 0 0 0 0 0 0 0 0 0 0 0]
[2456083359600686233767179241972846442729689905495394078625231644712447892150056291767231180953338640040592000755281610521375471037623617288588201004011799488613156407175189490369255765426549190842469542214338346108929679232784082963496470411604922943342613318232322193283563270759 0 0 0 0 0 0 0 0 0 0 0 0 0 0 0 0 0 0 0 0 0 0 0 0 0 0 0 0 0 0 0 0 0 0 0 0 0 0 0 0 0 0 0 0 0 0 0 0 0 0 0 0 0 0 0 0 0 0 0 0 1 0 0 0 0 0 0 0 0 0 0 0 0 0 0 0 0 0 0 0 0 0 0 0 0 0 0 0 0 0 0 0]
[6223028864925035960925762907631888238137638707002580496395308769516267660387414238287270747371422931044505828995559313001449490175111191491501421278924441308491661787481512014860764284780941059949815029596712729887846807662116467370840908548503520341673816614722623915012602110346 0 0 0 0 0 0 0 0 0 0 0 0 0 0 0 0 0 0 0 0 0 0 0 0 0 0 0 0 0 0 0 0 0 0 0 0 0 0 0 0 0 0 0 0 0 0 0 0 0 0 0 0 0 0 0 0 0 0 0 0 0 1 0 0 0 0 0 0 0 0 0 0 0 0 0 0 0 0 0 0 0 0 0 0 0 0 0 0 0 0 0 0]
[2702346974051205105778139396637768659391807632874027117762548223323970535911653214904740640682856795687426962705088343242247842449644780279775314704232493719367683085701171296148650747207349803570821891966181682798426737934010051705599358096848542049688051265520705098023048006089 0 0 0 0 0 0 0 0 0 0 0 0 0 0 0 0 0 0 0 0 0 0 0 0 0 0 0 0 0 0 0 0 0 0 0 0 0 0 0 0 0 0 0 0 0 0 0 0 0 0 0 0 0 0 0 0 0 0 0 0 0 0 1 0 0 0 0 0 0 0 0 0 0 0 0 0 0 0 0 0 0 0 0 0 0 0 0 0 0 0 0 0]
[5194831996924435377201718767255924117923270179606055505119645396944837481546935294219955754550232206915851385863059659377254055231587676180334748394037373712499196628992589753939033313949448665313327042998864858665282847695019397034518855917551284256589948970533893992124864243789 0 0 0 0 0 0 0 0 0 0 0 0 0 0 0 0 0 0 0 0 0 0 0 0 0 0 0 0 0 0 0 0 0 0 0 0 0 0 0 0 0 0 0 0 0 0 0 0 0 0 0 0 0 0 0 0 0 0 0 0 0 0 0 1 0 0 0 0 0 0 0 0 0 0 0 0 0 0 0 0 0 0 0 0 0 0 0 0 0 0 0 0]
[1769924947886941706692044059002752081899515731067318534528177542551240223847163913596992909752162142324836622287038835576884825681121960932304990872529707992053282291064599056895890242246204153030924251100258847416037010564100893822959128234135324731083469345518009167145871112369 0 0 0 0 0 0 0 0 0 0 0 0 0 0 0 0 0 0 0 0 0 0 0 0 0 0 0 0 0 0 0 0 0 0 0 0 0 0 0 0 0 0 0 0 0 0 0 0 0 0 0 0 0 0 0 0 0 0 0 0 0 0 0 0 1 0 0 0 0 0 0 0 0 0 0 0 0 0 0 0 0 0 0 0 0 0 0 0 0 0 0 0]
[7138749809877559812352742052673029293507467281079778969889297347116477729499304010475702946699328782502749116645669676890158379577171429936545660562524200500472348469779841185516928995040342398114923206578919643844939918303602123170281537137028525368832436336126769238437840503992 0 0 0 0 0 0 0 0 0 0 0 0 0 0 0 0 0 0 0 0 0 0 0 0 0 0 0 0 0 0 0 0 0 0 0 0 0 0 0 0 0 0 0 0 0 0 0 0 0 0 0 0 0 0 0 0 0 0 0 0 0 0 0 0 0 1 0 0 0 0 0 0 0 0 0 0 0 0 0 0 0 0 0 0 0 0 0 0 0 0 0 0]
[506855371534808069079128727646029804274519589064666378702973132752520812790194488374867535560664007729753235189143554535463408196376150306830009703443594545662530430438378718612583730196442639198358772581323643035128863400841080503278732671646740466252349460087303449400395113939 0 0 0 0 0 0 0 0 0 0 0 0 0 0 0 0 0 0 0 0 0 0 0 0 0 0 0 0 0 0 0 0 0 0 0 0 0 0 0 0 0 0 0 0 0 0 0 0 0 0 0 0 0 0 0 0 0 0 0 0 0 0 0 0 0 0 1 0 0 0 0 0 0 0 0 0 0 0 0 0 0 0 0 0 0 0 0 0 0 0 0 0]
[4328362846080236629668821753060768571121596620040805582945281729617876816761783523237747933639500062355536977804451684914975365172310912489704981472271237441206480893648579094462409402249427029310448770260810451617792030481915476745588287332010482114938555833914406118655575575864 0 0 0 0 0 0 0 0 0 0 0 0 0 0 0 0 0 0 0 0 0 0 0 0 0 0 0 0 0 0 0 0 0 0 0 0 0 0 0 0 0 0 0 0 0 0 0 0 0 0 0 0 0 0 0 0 0 0 0 0 0 0 0 0 0 0 0 1 0 0 0 0 0 0 0 0 0 0 0 0 0 0 0 0 0 0 0 0 0 0 0 0]
[2049062313322970168565696269150475244105266920456620274213177545235336517044333259766271419532079917237056335728967973516659012535908911574276987183764545447350278147093177280022248218678392084172522127897883849200171962864725893954391333479145076740153753188658717983373785202557 0 0 0 0 0 0 0 0 0 0 0 0 0 0 0 0 0 0 0 0 0 0 0 0 0 0 0 0 0 0 0 0 0 0 0 0 0 0 0 0 0 0 0 0 0 0 0 0 0 0 0 0 0 0 0 0 0 0 0 0 0 0 0 0 0 0 0 0 1 0 0 0 0 0 0 0 0 0 0 0 0 0 0 0 0 0 0 0 0 0 0 0]
[5762721756016483278911263770075064227230973841930464088279472170567111642003658202159968988655500119005986076702580485195479267520379029682679096917989014215464219086208139471825585605679551417403039920713067307454648092720258648886245747097961126362693382679421151279119478347593 0 0 0 0 0 0 0 0 0 0 0 0 0 0 0 0 0 0 0 0 0 0 0 0 0 0 0 0 0 0 0 0 0 0 0 0 0 0 0 0 0 0 0 0 0 0 0 0 0 0 0 0 0 0 0 0 0 0 0 0 0 0 0 0 0 0 0 0 0 1 0 0 0 0 0 0 0 0 0 0 0 0 0 0 0 0 0 0 0 0 0 0]
[7279401678190580728664198548892468003678621668173987679902653923372643721754527366344570099370355710250911823197043455965497251907874171433764326211210502964409801084324662055120707987837292895079555959985230812481393222874334675046782552992290642386352418257375078459692464829478 0 0 0 0 0 0 0 0 0 0 0 0 0 0 0 0 0 0 0 0 0 0 0 0 0 0 0 0 0 0 0 0 0 0 0 0 0 0 0 0 0 0 0 0 0 0 0 0 0 0 0 0 0 0 0 0 0 0 0 0 0 0 0 0 0 0 0 0 0 0 1 0 0 0 0 0 0 0 0 0 0 0 0 0 0 0 0 0 0 0 0 0]
[2242773596958625561155160730410732250275084420023976368030385373251210614641370689026774696586654341226592365254537784931810959958865061429999920573755457406980214514283062625686587103702162398310539838196888222819751419460789775795858581089713880900177480489430106504771233125911 0 0 0 0 0 0 0 0 0 0 0 0 0 0 0 0 0 0 0 0 0 0 0 0 0 0 0 0 0 0 0 0 0 0 0 0 0 0 0 0 0 0 0 0 0 0 0 0 0 0 0 0 0 0 0 0 0 0 0 0 0 0 0 0 0 0 0 0 0 0 0 1 0 0 0 0 0 0 0 0 0 0 0 0 0 0 0 0 0 0 0 0]
[677882422705522270095209720230259754767613775784177160551479928240265392091764936314286384410669291032507912646633022247016775710786779167305159074836167945274948905924076559012455310762075253298655767567440601956222181623537502717987929015382445130955449745514566884767607895776 0 0 0 0 0 0 0 0 0 0 0 0 0 0 0 0 0 0 0 0 0 0 0 0 0 0 0 0 0 0 0 0 0 0 0 0 0 0 0 0 0 0 0 0 0 0 0 0 0 0 0 0 0 0 0 0 0 0 0 0 0 0 0 0 0 0 0 0 0 0 0 0 1 0 0 0 0 0 0 0 0 0 0 0 0 0 0 0 0 0 0 0]
[7736552980147976310227000859553999068559140592088203356307008788611881110711421933102503236897343861204437641149373809313430176562699441306608282255586537536741432478739255370144371057524071121072603109310015827334256915121340085101399915411044282473677437108612902473230982325743 0 0 0 0 0 0 0 0 0 0 0 0 0 0 0 0 0 0 0 0 0 0 0 0 0 0 0 0 0 0 0 0 0 0 0 0 0 0 0 0 0 0 0 0 0 0 0 0 0 0 0 0 0 0 0 0 0 0 0 0 0 0 0 0 0 0 0 0 0 0 0 0 0 1 0 0 0 0 0 0 0 0 0 0 0 0 0 0 0 0 0 0]
[7028537522242714603930470355838139170463366410308135397194422394579923261531957854182051767818331984324814036378105732669152000360748432447122513930513972521053805440429994992575602480833665718222590664367870224091209784422882724769296363754608667842293239042018531494837174996726 0 0 0 0 0 0 0 0 0 0 0 0 0 0 0 0 0 0 0 0 0 0 0 0 0 0 0 0 0 0 0 0 0 0 0 0 0 0 0 0 0 0 0 0 0 0 0 0 0 0 0 0 0 0 0 0 0 0 0 0 0 0 0 0 0 0 0 0 0 0 0 0 0 0 1 0 0 0 0 0 0 0 0 0 0 0 0 0 0 0 0 0]
[6012834329108340324798428804020477065715705403293554850242281581070933373227443228360652220688210575069962310182428567786442399614125048881950422504418811835176361823268467493070326993690873309760194862504757687368163754213817682398736906446463285515322320248513594724609646269204 0 0 0 0 0 0 0 0 0 0 0 0 0 0 0 0 0 0 0 0 0 0 0 0 0 0 0 0 0 0 0 0 0 0 0 0 0 0 0 0 0 0 0 0 0 0 0 0 0 0 0 0 0 0 0 0 0 0 0 0 0 0 0 0 0 0 0 0 0 0 0 0 0 0 0 1 0 0 0 0 0 0 0 0 0 0 0 0 0 0 0 0]
[351947963909552343411127402318571854708972254346382849927956945937433743586184679770069346942881911916763000358555068811313496797169597313395795707724334310780512011220129115171687949549834353240332318069103332264080843249299643852373217572104102930362749990667442752142620251354 0 0 0 0 0 0 0 0 0 0 0 0 0 0 0 0 0 0 0 0 0 0 0 0 0 0 0 0 0 0 0 0 0 0 0 0 0 0 0 0 0 0 0 0 0 0 0 0 0 0 0 0 0 0 0 0 0 0 0 0 0 0 0 0 0 0 0 0 0 0 0 0 0 0 0 0 1 0 0 0 0 0 0 0 0 0 0 0 0 0 0 0]
[3450352841621919068154664275701425556149575720394287596063387739954568526486018461427213923082438405494145807814267581049368045988284966908752172905925184814377367809469062719971857963255119560486162675049045129012320148355589087195805672214397899501293474872597534670832465875162 0 0 0 0 0 0 0 0 0 0 0 0 0 0 0 0 0 0 0 0 0 0 0 0 0 0 0 0 0 0 0 0 0 0 0 0 0 0 0 0 0 0 0 0 0 0 0 0 0 0 0 0 0 0 0 0 0 0 0 0 0 0 0 0 0 0 0 0 0 0 0 0 0 0 0 0 0 1 0 0 0 0 0 0 0 0 0 0 0 0 0 0]
[1572261963934212593577829352864095547843680264754949146801452558167483986846119750225400168963909328836942215236931679839903290874569187397117963289104357941685362338225244431155387755523256584207070999876821077320023540563182714683565489743145734671407686913810230240863804874243 0 0 0 0 0 0 0 0 0 0 0 0 0 0 0 0 0 0 0 0 0 0 0 0 0 0 0 0 0 0 0 0 0 0 0 0 0 0 0 0 0 0 0 0 0 0 0 0 0 0 0 0 0 0 0 0 0 0 0 0 0 0 0 0 0 0 0 0 0 0 0 0 0 0 0 0 0 0 1 0 0 0 0 0 0 0 0 0 0 0 0 0]
[6366220096757984960392876339985920196433836741094015396031071244769851080838436034083685829757673643596450331882290137801852979151695423519419876028544330340172297971459795770231845039891930790500576093699771691787101355604061223907953173317967689433294742860057960813364071064626 0 0 0 0 0 0 0 0 0 0 0 0 0 0 0 0 0 0 0 0 0 0 0 0 0 0 0 0 0 0 0 0 0 0 0 0 0 0 0 0 0 0 0 0 0 0 0 0 0 0 0 0 0 0 0 0 0 0 0 0 0 0 0 0 0 0 0 0 0 0 0 0 0 0 0 0 0 0 0 1 0 0 0 0 0 0 0 0 0 0 0 0]
[880249246458564811446862738311136107306470518231990595523485309913504292903800894870151561786058905745504795913370473732805337367121789230504260735294276361724441611915582845285190844648833750615773897381018826907436909095491770029521501637733220146728796134691656353098787671641 0 0 0 0 0 0 0 0 0 0 0 0 0 0 0 0 0 0 0 0 0 0 0 0 0 0 0 0 0 0 0 0 0 0 0 0 0 0 0 0 0 0 0 0 0 0 0 0 0 0 0 0 0 0 0 0 0 0 0 0 0 0 0 0 0 0 0 0 0 0 0 0 0 0 0 0 0 0 0 0 1 0 0 0 0 0 0 0 0 0 0 0]
[5083345320455463209632105986476141668614516177791978394325124013245810614649238594834013885484808017078857283364308900598593778501754941883435027118948847298739184208906498697044982464994128101645161389815689923343986405609011898741860588086708818244148294834878750114231442710135 0 0 0 0 0 0 0 0 0 0 0 0 0 0 0 0 0 0 0 0 0 0 0 0 0 0 0 0 0 0 0 0 0 0 0 0 0 0 0 0 0 0 0 0 0 0 0 0 0 0 0 0 0 0 0 0 0 0 0 0 0 0 0 0 0 0 0 0 0 0 0 0 0 0 0 0 0 0 0 0 0 1 0 0 0 0 0 0 0 0 0 0]
[5378993317287222015530690300542729256807314334858318162901858787561699999889616709951706843980850552613650522199463422998933109208328817435038659751169476154821087120559580280323728162040106218252549448554064828068464355328439334758407779724866837868647463016998921755733935529748 0 0 0 0 0 0 0 0 0 0 0 0 0 0 0 0 0 0 0 0 0 0 0 0 0 0 0 0 0 0 0 0 0 0 0 0 0 0 0 0 0 0 0 0 0 0 0 0 0 0 0 0 0 0 0 0 0 0 0 0 0 0 0 0 0 0 0 0 0 0 0 0 0 0 0 0 0 0 0 0 0 0 1 0 0 0 0 0 0 0 0 0]
[4351474222584792985489038820994012604655442342528946416240917630453520646066324112583755267973534949069236733255553171975456379686266005905057630686270474632655951464716955939396212861003044556568032855619685480700114210726434113065997669859338203888624120327008780195340552742227 0 0 0 0 0 0 0 0 0 0 0 0 0 0 0 0 0 0 0 0 0 0 0 0 0 0 0 0 0 0 0 0 0 0 0 0 0 0 0 0 0 0 0 0 0 0 0 0 0 0 0 0 0 0 0 0 0 0 0 0 0 0 0 0 0 0 0 0 0 0 0 0 0 0 0 0 0 0 0 0 0 0 0 1 0 0 0 0 0 0 0 0]
[6935777099448564965047238069266367184337116310715415528640759683515975127490817118148291436755454155204501821032437026854720645602279420892404588624652453676603634163840345659552329421323045805690622362095325840695941487329150563374088246852748023883958422308556273117006304814779 0 0 0 0 0 0 0 0 0 0 0 0 0 0 0 0 0 0 0 0 0 0 0 0 0 0 0 0 0 0 0 0 0 0 0 0 0 0 0 0 0 0 0 0 0 0 0 0 0 0 0 0 0 0 0 0 0 0 0 0 0 0 0 0 0 0 0 0 0 0 0 0 0 0 0 0 0 0 0 0 0 0 0 0 1 0 0 0 0 0 0 0]
[5234845572720308924211504351602903291388725766472711466052439945621754796130877187816780064378085938346991137052459219746038095914434271102209789708702043375589755723493979861784745667207405104953813893408749002580661948552853814384608843971216449024207455985617314175343093435118 0 0 0 0 0 0 0 0 0 0 0 0 0 0 0 0 0 0 0 0 0 0 0 0 0 0 0 0 0 0 0 0 0 0 0 0 0 0 0 0 0 0 0 0 0 0 0 0 0 0 0 0 0 0 0 0 0 0 0 0 0 0 0 0 0 0 0 0 0 0 0 0 0 0 0 0 0 0 0 0 0 0 0 0 0 1 0 0 0 0 0 0]
[2681050725491946565332705899573288879220318409644116911659431457535838039267743630991540352962694497353675822376926987713488342462161133464933627327933267679018062027285417065315569840947366195479254891015762902586892894716359742537374271886099417322537500908599927607388293037949 0 0 0 0 0 0 0 0 0 0 0 0 0 0 0 0 0 0 0 0 0 0 0 0 0 0 0 0 0 0 0 0 0 0 0 0 0 0 0 0 0 0 0 0 0 0 0 0 0 0 0 0 0 0 0 0 0 0 0 0 0 0 0 0 0 0 0 0 0 0 0 0 0 0 0 0 0 0 0 0 0 0 0 0 0 0 1 0 0 0 0 0]
[2204046420511973384745985129178391214958857159880368539190574369271936044772156638701456420076720365484594190596459342342414889729187942681364805789706726975294335042967269540158549957254987951453438719793354879182771827489813963762264140282077981270794751088301990272753892725492 0 0 0 0 0 0 0 0 0 0 0 0 0 0 0 0 0 0 0 0 0 0 0 0 0 0 0 0 0 0 0 0 0 0 0 0 0 0 0 0 0 0 0 0 0 0 0 0 0 0 0 0 0 0 0 0 0 0 0 0 0 0 0 0 0 0 0 0 0 0 0 0 0 0 0 0 0 0 0 0 0 0 0 0 0 0 0 1 0 0 0 0]
[1833069399706390194975854509722451506776918234721973267283869927807681044784950279675133561489874651247652254382854563166585534411210891980747173707785771739768618979201163154602892301072010493200272262987170923631705601665476696194818160293326315160147685012281886700803512244717 0 0 0 0 0 0 0 0 0 0 0 0 0 0 0 0 0 0 0 0 0 0 0 0 0 0 0 0 0 0 0 0 0 0 0 0 0 0 0 0 0 0 0 0 0 0 0 0 0 0 0 0 0 0 0 0 0 0 0 0 0 0 0 0 0 0 0 0 0 0 0 0 0 0 0 0 0 0 0 0 0 0 0 0 0 0 0 0 1 0 0 0]
[6150642151518229902399241953668362029600744056392408088700326315536496718850364730602792942805330969463300786302185770704375388874743909483184053206482811575645770347241627193175500978679705142550849575955951242085348614249781730801911962297426170696766742541891063658929988377972 0 0 0 0 0 0 0 0 0 0 0 0 0 0 0 0 0 0 0 0 0 0 0 0 0 0 0 0 0 0 0 0 0 0 0 0 0 0 0 0 0 0 0 0 0 0 0 0 0 0 0 0 0 0 0 0 0 0 0 0 0 0 0 0 0 0 0 0 0 0 0 0 0 0 0 0 0 0 0 0 0 0 0 0 0 0 0 0 0 1 0 0]
[3825309685189178525671590320034446954716286979860655904638568920173760699003506112038174230046466518227508438655474109938531608565545717130142528604859017742370643897795125932676754215992502198167891224819511672453441949495572136678424652362200848832602869579370337742464565957454 0 0 0 0 0 0 0 0 0 0 0 0 0 0 0 0 0 0 0 0 0 0 0 0 0 0 0 0 0 0 0 0 0 0 0 0 0 0 0 0 0 0 0 0 0 0 0 0 0 0 0 0 0 0 0 0 0 0 0 0 0 0 0 0 0 0 0 0 0 0 0 0 0 0 0 0 0 0 0 0 0 0 0 0 0 0 0 0 0 0 1 0]
[5751399944521326367088351079976868367892448743154336940454276439296520333502396732333145750407048935150202476864595345387741517908846524230364130059520920713992122666622914844036031837258623217849799763027278751314181040394124916791218186652034467732722287553026729554858459495481 0 0 0 0 0 0 0 0 0 0 0 0 0 0 0 0 0 0 0 0 0 0 0 0 0 0 0 0 0 0 0 0 0 0 0 0 0 0 0 0 0 0 0 0 0 0 0 0 0 0 0 0 0 0 0 0 0 0 0 0 0 0 0 0 0 0 0 0 0 0 0 0 0 0 0 0 0 0 0 0 0 0 0 0 0 0 0 0 0 0 0 1]
]
