[[11893864552636651999536785035099742431935701669513613323673590677784816928844405685822012841656445096937357459580461814176894682920029369297581694866172561185090298589413178492732517480709078899341080164075335985357871753960643133407707896108657409395615258616423518541337376160974246068084546849139270374776897694104339478207404285144215251091 0 0 0 0 0 0 0 0 0 0 0 0 0 0 0 0 0 0 0 0 0 0 0 0 0 0 0 0 0 0 0 0 0 0 0 0 0 0 0 0 0 0 0 0 0 0 0 0 0 0 0 0 0 0 0 0 0 0 0 0 0 0 0 0 0 0 0 0 0 0 0 0 0 0 0 0 0 0 0 0 0 0 0 0 0 0 0 0 0 0 0 0 0 0 0 0 0 0 0 0 0 0 0 0 0 0 0 0 0 0 0 0 0]
[384453473350257667255506475120442765624697061919994553160704355123911065119449629357369150500485951182576725968279563974668738432499674264224315470003092718082598410138252460361127240818327189603834392614374502114994039543188332497492968732379563988513180105705724939349439114750634940232993832133371899904739230676267562013417995839333647004 1 0 0 0 0 0 0 0 0 0 0 0 0 0 0 0 0 0 0 0 0 0 0 0 0 0 0 0 0 0 0 0 0 0 0 0 0 0 0 0 0 0 0 0 0 0 0 0 0 0 0 0 0 0 0 0 0 0 0 0 0 0 0 0 0 0 0 0 0 0 0 0 0 0 0 0 0 0 0 0 0 0 0 0 0 0 0 0 0 0 0 0 0 0 0 0 0 0 0 0 0 0 0 0 0 0 0 0 0 0 0 0 0]
[2022103643295436607298315878771615653685540449789801503365316212811665166715920002892902371612533517017503408503763087189642616925497361776884947302627446307373526339161239050232687560873168026146713516025236248257357059484810073747838938349696888335458562598723791988328839006774270554433909598049844327829582188670046856812141565105590718310 0 1 0 0 0 0 0 0 0 0 0 0 0 0 0 0 0 0 0 0 0 0 0 0 0 0 0 0 0 0 0 0 0 0 0 0 0 0 0 0 0 0 0 0 0 0 0 0 0 0 0 0 0 0 0 0 0 0 0 0 0 0 0 0 0 0 0 0 0 0 0 0 0 0 0 0 0 0 0 0 0 0 0 0 0 0 0 0 0 0 0 0 0 0 0 0 0 0 0 0 0 0 0 0 0 0 0 0 0 0 0 0 0]
[9065977572810974958636274627997356708717188464272891793209569850694952505817301494220738655973354699989514481405535149559135085343121992869393667065968836405771049661013333480015527885514873085432603194823737708464577217231312208725941793594400637116015130194761628318599988760244167469162716051343974976663209403583798382823120133747092093157 0 0 1 0 0 0 0 0 0 0 0 0 0 0 0 0 0 0 0 0 0 0 0 0 0 0 0 0 0 0 0 0 0 0 0 0 0 0 0 0 0 0 0 0 0 0 0 0 0 0 0 0 0 0 0 0 0 0 0 0 0 0 0 0 0 0 0 0 0 0 0 0 0 0 0 0 0 0 0 0 0 0 0 0 0 0 0 0 0 0 0 0 0 0 0 0 0 0 0 0 0 0 0 0 0 0 0 0 0 0 0 0 0]
[3625186781523619063590986477927702137239090563947810492567653495315672940530676204273830236451770905189441056707401160301590182515638942351987489946752557858097922192119183376357779464019503189923014993310022852570792692398942542438304659879967321910138735410015731287520358122247215946705007826996983581575804328807163573992682146041513667956 0 0 0 1 0 0 0 0 0 0 0 0 0 0 0 0 0 0 0 0 0 0 0 0 0 0 0 0 0 0 0 0 0 0 0 0 0 0 0 0 0 0 0 0 0 0 0 0 0 0 0 0 0 0 0 0 0 0 0 0 0 0 0 0 0 0 0 0 0 0 0 0 0 0 0 0 0 0 0 0 0 0 0 0 0 0 0 0 0 0 0 0 0 0 0 0 0 0 0 0 0 0 0 0 0 0 0 0 0 0 0 0 0]
[11613580082710120278085375189602911483888552299878169856310232785280471690099999961398419575231817494324241592388001964970605789679685966129351336067360815961929312460748564898540173830090681774394760996233658799247306090810972130576477633324305120376521641484783437418773394921026731119948085155584295518033792587939255162848465277172815334810 0 0 0 0 1 0 0 0 0 0 0 0 0 0 0 0 0 0 0 0 0 0 0 0 0 0 0 0 0 0 0 0 0 0 0 0 0 0 0 0 0 0 0 0 0 0 0 0 0 0 0 0 0 0 0 0 0 0 0 0 0 0 0 0 0 0 0 0 0 0 0 0 0 0 0 0 0 0 0 0 0 0 0 0 0 0 0 0 0 0 0 0 0 0 0 0 0 0 0 0 0 0 0 0 0 0 0 0 0 0 0 0 0]
[10590493269834486111932993574194919945200585768763073895250218152892037597152425910607544120586684660961192936133122177572661189003624057710892783481724317093574541917284094055515444792215372696169380296151818733039599487556270927147870234493343276045253294410971541783511648310287077181214395304331024378886086227765448503501821040639562187447 0 0 0 0 0 1 0 0 0 0 0 0 0 0 0 0 0 0 0 0 0 0 0 0 0 0 0 0 0 0 0 0 0 0 0 0 0 0 0 0 0 0 0 0 0 0 0 0 0 0 0 0 0 0 0 0 0 0 0 0 0 0 0 0 0 0 0 0 0 0 0 0 0 0 0 0 0 0 0 0 0 0 0 0 0 0 0 0 0 0 0 0 0 0 0 0 0 0 0 0 0 0 0 0 0 0 0 0 0 0 0 0 0]
[6878233719539566779048456084874805504633833962455617842068262058698118321935012641827101675646125741673670809829251166061119212666031994485161891386793435870300883650205954386725553750285008280134838739957497897969315835365040570532314408256959190824378689134035672635856306223502738608778814640091431795954169426654255209790650319044385712104 0 0 0 0 0 0 1 0 0 0 0 0 0 0 0 0 0 0 0 0 0 0 0 0 0 0 0 0 0 0 0 0 0 0 0 0 0 0 0 0 0 0 0 0 0 0 0 0 0 0 0 0 0 0 0 0 0 0 0 0 0 0 0 0 0 0 0 0 0 0 0 0 0 0 0 0 0 0 0 0 0 0 0 0 0 0 0 0 0 0 0 0 0 0 0 0 0 0 0 0 0 0 0 0 0 0 0 0 0 0 0 0 0]
[983636901437178218535858964313920210003355799598848622531805310197143485244245039449039109878123502870546986613653173857310745938890372267285419656238574130195036719062236401844649490149705703620642679600998951039463521348504564305084189217667192081226617324200204084521270956875088229852630024036440624977961855976179914566121319533407684325 0 0 0 0 0 0 0 1 0 0 0 0 0 0 0 0 0 0 0 0 0 0 0 0 0 0 0 0 0 0 0 0 0 0 0 0 0 0 0 0 0 0 0 0 0 0 0 0 0 0 0 0 0 0 0 0 0 0 0 0 0 0 0 0 0 0 0 0 0 0 0 0 0 0 0 0 0 0 0 0 0 0 0 0 0 0 0 0 0 0 0 0 0 0 0 0 0 0 0 0 0 0 0 0 0 0 0 0 0 0 0 0 0]
[822807205678626840997664256646929782892820595556547166411956245771672767567117099455970700063209598986441854230206029980542140324893562547895643918403397831916803144959188108556114858378245208995651013391850855932999907205170281207161028279352431277438870937466697187129477534323574113110202432037270276513055623621526334643383883966433126889 0 0 0 0 0 0 0 0 1 0 0 0 0 0 0 0 0 0 0 0 0 0 0 0 0 0 0 0 0 0 0 0 0 0 0 0 0 0 0 0 0 0 0 0 0 0 0 0 0 0 0 0 0 0 0 0 0 0 0 0 0 0 0 0 0 0 0 0 0 0 0 0 0 0 0 0 0 0 0 0 0 0 0 0 0 0 0 0 0 0 0 0 0 0 0 0 0 0 0 0 0 0 0 0 0 0 0 0 0 0 0 0 0]
[11000975275451710234154601633730055161623475475588157282109947910039682357525042134897667700263969161540471679561935610346272604348828316984132543769513219938464273201062086663929577309299800585943364789392358398449207107108988473539358827246544757176614162284836728103850331883587109034946494368153072140210142872968660808048824965421747495035 0 0 0 0 0 0 0 0 0 1 0 0 0 0 0 0 0 0 0 0 0 0 0 0 0 0 0 0 0 0 0 0 0 0 0 0 0 0 0 0 0 0 0 0 0 0 0 0 0 0 0 0 0 0 0 0 0 0 0 0 0 0 0 0 0 0 0 0 0 0 0 0 0 0 0 0 0 0 0 0 0 0 0 0 0 0 0 0 0 0 0 0 0 0 0 0 0 0 0 0 0 0 0 0 0 0 0 0 0 0 0 0 0]
[8468526132631800081240758168083303891410791106300440307081302667290788473695942542423398979049634395205176905010260203633403607742611138447747700616297056775799744537467461882965477564764792667360381596325980364691188453766779300037199419325650080782900882127328435833255480987146331412370896876612784906027893550377288587264034795804365971485 0 0 0 0 0 0 0 0 0 0 1 0 0 0 0 0 0 0 0 0 0 0 0 0 0 0 0 0 0 0 0 0 0 0 0 0 0 0 0 0 0 0 0 0 0 0 0 0 0 0 0 0 0 0 0 0 0 0 0 0 0 0 0 0 0 0 0 0 0 0 0 0 0 0 0 0 0 0 0 0 0 0 0 0 0 0 0 0 0 0 0 0 0 0 0 0 0 0 0 0 0 0 0 0 0 0 0 0 0 0 0 0 0]
[2737374537349148203290650326756430688878233825404649673349340197609196601334427432689980966359193964860042666833189129334821711692336315253178384785292266885921893522538551947769777855635621896308406262012338558159903334747678382758982858454896006236047017130830252169954499877386353471836136460180827910929499166547364280329549302187799378575 0 0 0 0 0 0 0 0 0 0 0 1 0 0 0 0 0 0 0 0 0 0 0 0 0 0 0 0 0 0 0 0 0 0 0 0 0 0 0 0 0 0 0 0 0 0 0 0 0 0 0 0 0 0 0 0 0 0 0 0 0 0 0 0 0 0 0 0 0 0 0 0 0 0 0 0 0 0 0 0 0 0 0 0 0 0 0 0 0 0 0 0 0 0 0 0 0 0 0 0 0 0 0 0 0 0 0 0 0 0 0 0 0]
[9795457580407383815356766868717920241145771896166784073778036079156446251305518593712771273414732741872458412221665351544888085524721180895528677434351478110072133272535620790670062875056911833359709813188603298876654175959973850382351678487297411593830915956450537928820480438117715243405977900184159396932314612847900376440889772714274705939 0 0 0 0 0 0 0 0 0 0 0 0 1 0 0 0 0 0 0 0 0 0 0 0 0 0 0 0 0 0 0 0 0 0 0 0 0 0 0 0 0 0 0 0 0 0 0 0 0 0 0 0 0 0 0 0 0 0 0 0 0 0 0 0 0 0 0 0 0 0 0 0 0 0 0 0 0 0 0 0 0 0 0 0 0 0 0 0 0 0 0 0 0 0 0 0 0 0 0 0 0 0 0 0 0 0 0 0 0 0 0 0 0]
[7098067727312027346894208054840080742014159400369478980797539044776463848190835212739610526577267442023121351842471489614381822444927981929390324858281664294793386362227646348011894006491470313836185499985148111696082944624031166874096791747956737319652831608627960417629302000841637855121135236189152418699609136263970324247021290701434681206 0 0 0 0 0 0 0 0 0 0 0 0 0 1 0 0 0 0 0 0 0 0 0 0 0 0 0 0 0 0 0 0 0 0 0 0 0 0 0 0 0 0 0 0 0 0 0 0 0 0 0 0 0 0 0 0 0 0 0 0 0 0 0 0 0 0 0 0 0 0 0 0 0 0 0 0 0 0 0 0 0 0 0 0 0 0 0 0 0 0 0 0 0 0 0 0 0 0 0 0 0 0 0 0 0 0 0 0 0 0 0 0 0]
[964669736807088953976699857701469362023567881722001100794127211893162689095566454581268626042939984582921557934980268002989276430339051802905786521188723248523747410933031464026103027561539879510169816633568693159400640835823314165817293229147217540121803864534129694716139016854371386558655313857000178156531245433546186279407496896346593012 0 0 0 0 0 0 0 0 0 0 0 0 0 0 1 0 0 0 0 0 0 0 0 0 0 0 0 0 0 0 0 0 0 0 0 0 0 0 0 0 0 0 0 0 0 0 0 0 0 0 0 0 0 0 0 0 0 0 0 0 0 0 0 0 0 0 0 0 0 0 0 0 0 0 0 0 0 0 0 0 0 0 0 0 0 0 0 0 0 0 0 0 0 0 0 0 0 0 0 0 0 0 0 0 0 0 0 0 0 0 0 0 0]
[1253862883812409132286686137705793992250662514398175488128829066184258213015061039027787945988774486261299876299023747704403335425365182484746728719869797858926918311324402111743483849729095343859372047539851749439640436154431603224071385301204394800946145257397818862394946067494318982029720655768489725143732681634375923848559258323099479431 0 0 0 0 0 0 0 0 0 0 0 0 0 0 0 1 0 0 0 0 0 0 0 0 0 0 0 0 0 0 0 0 0 0 0 0 0 0 0 0 0 0 0 0 0 0 0 0 0 0 0 0 0 0 0 0 0 0 0 0 0 0 0 0 0 0 0 0 0 0 0 0 0 0 0 0 0 0 0 0 0 0 0 0 0 0 0 0 0 0 0 0 0 0 0 0 0 0 0 0 0 0 0 0 0 0 0 0 0 0 0 0 0]
[7961793169110053945260193980026574069819480385423898219187906520227256602255042907713740655155913942710717438312786909061465519972133846457041305347735212037945613405456005785175045890040939932962405743694820574487103428916601309219376948094362350344006167548700424230095297540119315712119254920771029530159455699974822349092373367689230158461 0 0 0 0 0 0 0 0 0 0 0 0 0 0 0 0 1 0 0 0 0 0 0 0 0 0 0 0 0 0 0 0 0 0 0 0 0 0 0 0 0 0 0 0 0 0 0 0 0 0 0 0 0 0 0 0 0 0 0 0 0 0 0 0 0 0 0 0 0 0 0 0 0 0 0 0 0 0 0 0 0 0 0 0 0 0 0 0 0 0 0 0 0 0 0 0 0 0 0 0 0 0 0 0 0 0 0 0 0 0 0 0 0]
[7223536551309288625043272243665582899921895439208681054861519306672037752903857124591477531086527576349703203462964175501644993757691590727137536025820966260636088430754645166637696311650558843350079437844499488981132305511505063993694678643418080212627339896115275715003798393498465819068765320888678730546130458294704895741705061613863130534 0 0 0 0 0 0 0 0 0 0 0 0 0 0 0 0 0 1 0 0 0 0 0 0 0 0 0 0 0 0 0 0 0 0 0 0 0 0 0 0 0 0 0 0 0 0 0 0 0 0 0 0 0 0 0 0 0 0 0 0 0 0 0 0 0 0 0 0 0 0 0 0 0 0 0 0 0 0 0 0 0 0 0 0 0 0 0 0 0 0 0 0 0 0 0 0 0 0 0 0 0 0 0 0 0 0 0 0 0 0 0 0 0]
[9939230399080430307820849782184545538103611345645773965776201374847763546993216452103646409996636872849209956541092098278368747464892548846965501173688683138297390720794356512478296193120623418368916054399554322049573434570948272592814199766831531024219113218768154815675938947817440039710240890901179725850166225761521436196618587817247541990 0 0 0 0 0 0 0 0 0 0 0 0 0 0 0 0 0 0 1 0 0 0 0 0 0 0 0 0 0 0 0 0 0 0 0 0 0 0 0 0 0 0 0 0 0 0 0 0 0 0 0 0 0 0 0 0 0 0 0 0 0 0 0 0 0 0 0 0 0 0 0 0 0 0 0 0 0 0 0 0 0 0 0 0 0 0 0 0 0 0 0 0 0 0 0 0 0 0 0 0 0 0 0 0 0 0 0 0 0 0 0 0 0]
[9345502110869244634551745342751566812716380822242915410263456093969157321823634486361535527215896756633937997617448247459410114816697544122420017511136979831263251630601877527376744103818212178509671744994319481163886163916335732501355766783504571152061981137598626641929351672040831638469977910837562864043622331270633567637977172289137788980 0 0 0 0 0 0 0 0 0 0 0 0 0 0 0 0 0 0 0 1 0 0 0 0 0 0 0 0 0 0 0 0 0 0 0 0 0 0 0 0 0 0 0 0 0 0 0 0 0 0 0 0 0 0 0 0 0 0 0 0 0 0 0 0 0 0 0 0 0 0 0 0 0 0 0 0 0 0 0 0 0 0 0 0 0 0 0 0 0 0 0 0 0 0 0 0 0 0 0 0 0 0 0 0 0 0 0 0 0 0 0 0 0]
[6181593572764702393328468346173480090279161567367752858318988102517845596913617886654537140856188076720487494747757529608653078345091564347630249005091706863899478707693097210945192551887208973509396828211353944404731227844145258337142889715551411035142272003443215324677173037696710483297273488490670173323737617714106557395183324104766758109 0 0 0 0 0 0 0 0 0 0 0 0 0 0 0 0 0 0 0 0 1 0 0 0 0 0 0 0 0 0 0 0 0 0 0 0 0 0 0 0 0 0 0 0 0 0 0 0 0 0 0 0 0 0 0 0 0 0 0 0 0 0 0 0 0 0 0 0 0 0 0 0 0 0 0 0 0 0 0 0 0 0 0 0 0 0 0 0 0 0 0 0 0 0 0 0 0 0 0 0 0 0 0 0 0 0 0 0 0 0 0 0 0]
[5358478882416813855950271222965379413010357617063451981965555490733289857883051049821236858535855074374557449745311667014908065247893082414056017376218047633667262866140584716637015138397957393307748824519352364106079980727409105645036217472506467272193359871576304718776101912978645921153440665740451238369162164528668913374507547358090432412 0 0 0 0 0 0 0 0 0 0 0 0 0 0 0 0 0 0 0 0 0 1 0 0 0 0 0 0 0 0 0 0 0 0 0 0 0 0 0 0 0 0 0 0 0 0 0 0 0 0 0 0 0 0 0 0 0 0 0 0 0 0 0 0 0 0 0 0 0 0 0 0 0 0 0 0 0 0 0 0 0 0 0 0 0 0 0 0 0 0 0 0 0 0 0 0 0 0 0 0 0 0 0 0 0 0 0 0 0 0 0 0 0]
[1322735695117124846335506559946207123597781642226633463014820291757134119627909903234091539535140387265044778987747043335583299341433908361077373347614523248584648681687601357862089603128920265298560092369008571621643163334513684998393779270312117440448599828731860057305065028700266183782634775913923826080143238494200867197056754015094764070 0 0 0 0 0 0 0 0 0 0 0 0 0 0 0 0 0 0 0 0 0 0 1 0 0 0 0 0 0 0 0 0 0 0 0 0 0 0 0 0 0 0 0 0 0 0 0 0 0 0 0 0 0 0 0 0 0 0 0 0 0 0 0 0 0 0 0 0 0 0 0 0 0 0 0 0 0 0 0 0 0 0 0 0 0 0 0 0 0 0 0 0 0 0 0 0 0 0 0 0 0 0 0 0 0 0 0 0 0 0 0 0 0]
[5263792940042495463206362385632876686551851478942535164596946163152442877765701634408002296443118003929068640396779529785151302471349164251261960257905062248259404062754458272067209063033646205091171529419289400166561723399102968956674337138745992836988302328316554671090599547833545688241800139190932744053512150514981390447865605593991542760 0 0 0 0 0 0 0 0 0 0 0 0 0 0 0 0 0 0 0 0 0 0 0 1 0 0 0 0 0 0 0 0 0 0 0 0 0 0 0 0 0 0 0 0 0 0 0 0 0 0 0 0 0 0 0 0 0 0 0 0 0 0 0 0 0 0 0 0 0 0 0 0 0 0 0 0 0 0 0 0 0 0 0 0 0 0 0 0 0 0 0 0 0 0 0 0 0 0 0 0 0 0 0 0 0 0 0 0 0 0 0 0 0]
[7796308207693405695333614596371718899023085941274815121808338507306264465157467697622805573737708599204520991665496757420595833518553773284723233355841040247275983626900334664468714037957702030900974080356546792796684546189683426440095734192814968250002876925969784872346071164202353975124732964506752820865820830549582919728847155344938259999 0 0 0 0 0 0 0 0 0 0 0 0 0 0 0 0 0 0 0 0 0 0 0 0 1 0 0 0 0 0 0 0 0 0 0 0 0 0 0 0 0 0 0 0 0 0 0 0 0 0 0 0 0 0 0 0 0 0 0 0 0 0 0 0 0 0 0 0 0 0 0 0 0 0 0 0 0 0 0 0 0 0 0 0 0 0 0 0 0 0 0 0 0 0 0 0 0 0 0 0 0 0 0 0 0 0 0 0 0 0 0 0 0]
[4372583992592876088106861155751474076925444988247899069851845189024481451432596350647842228185361450674382424305819386389348348957653048616127777186397045536560644908600546188906212940876702411512752631070889954266107703590935541275077839994972129558641673117999947557368864768297058606126403085035282425189873644527053614513047622866733981961 0 0 0 0 0 0 0 0 0 0 0 0 0 0 0 0 0 0 0 0 0 0 0 0 0 1 0 0 0 0 0 0 0 0 0 0 0 0 0 0 0 0 0 0 0 0 0 0 0 0 0 0 0 0 0 0 0 0 0 0 0 0 0 0 0 0 0 0 0 0 0 0 0 0 0 0 0 0 0 0 0 0 0 0 0 0 0 0 0 0 0 0 0 0 0 0 0 0 0 0 0 0 0 0 0 0 0 0 0 0 0 0 0]
[1468396863008989631912814185390152419349162541560077544406147848972218068945094924031724009057222622860305409823586598398399308368148654383106148688237770331568746759516930529934342625776870271119897398142086029914534921396767663120945274965536058793383523202902382077954230365530070432598028177649962247269881017145303483437486747074685377553 0 0 0 0 0 0 0 0 0 0 0 0 0 0 0 0 0 0 0 0 0 0 0 0 0 0 1 0 0 0 0 0 0 0 0 0 0 0 0 0 0 0 0 0 0 0 0 0 0 0 0 0 0 0 0 0 0 0 0 0 0 0 0 0 0 0 0 0 0 0 0 0 0 0 0 0 0 0 0 0 0 0 0 0 0 0 0 0 0 0 0 0 0 0 0 0 0 0 0 0 0 0 0 0 0 0 0 0 0 0 0 0 0]
[11321807719695719655698045483143958362794657394200954666280373488491014491705568300255416274650946511579340074261932711749196300518262788329224080720187436972941942372290903748149492178883820665949766252203551717792887160847526421095789360514244981448593900445932868753827623617707900437920700332279275788048466391034974868311174379706609818577 0 0 0 0 0 0 0 0 0 0 0 0 0 0 0 0 0 0 0 0 0 0 0 0 0 0 0 1 0 0 0 0 0 0 0 0 0 0 0 0 0 0 0 0 0 0 0 0 0 0 0 0 0 0 0 0 0 0 0 0 0 0 0 0 0 0 0 0 0 0 0 0 0 0 0 0 0 0 0 0 0 0 0 0 0 0 0 0 0 0 0 0 0 0 0 0 0 0 0 0 0 0 0 0 0 0 0 0 0 0 0 0 0]
[10509184336160582094199059560968995385625315396242277139449728073048459053683227054499882431212262024395685816584146603306709249155618867972733626936014463785574087255570357621583047961490529529569079627935064240519425929159296721958172896708890211674007667023535320550485761962316445212866561927162093764219214342495404396848277056417609151616 0 0 0 0 0 0 0 0 0 0 0 0 0 0 0 0 0 0 0 0 0 0 0 0 0 0 0 0 1 0 0 0 0 0 0 0 0 0 0 0 0 0 0 0 0 0 0 0 0 0 0 0 0 0 0 0 0 0 0 0 0 0 0 0 0 0 0 0 0 0 0 0 0 0 0 0 0 0 0 0 0 0 0 0 0 0 0 0 0 0 0 0 0 0 0 0 0 0 0 0 0 0 0 0 0 0 0 0 0 0 0 0 0]
[72191150256127173325398257854458438317597453724350388653751149623265947730249951505561484171285859384213535398092213237054286514262132906422705279868984688591464074149590033216585640872220064577211085165850214345928076828902482048569036473260269591544145726847808321553827461409064808741645743076945091168003491389737677755075153567952804132 0 0 0 0 0 0 0 0 0 0 0 0 0 0 0 0 0 0 0 0 0 0 0 0 0 0 0 0 0 1 0 0 0 0 0 0 0 0 0 0 0 0 0 0 0 0 0 0 0 0 0 0 0 0 0 0 0 0 0 0 0 0 0 0 0 0 0 0 0 0 0 0 0 0 0 0 0 0 0 0 0 0 0 0 0 0 0 0 0 0 0 0 0 0 0 0 0 0 0 0 0 0 0 0 0 0 0 0 0 0 0 0 0]
[10560137675178983544794707493700141512680208198681482320199106313851805688883282284283904061545301277011790365328862057560952512038239437902900367415859061915672252778581762152307345245000987015963225172367754042510274446310003310944468398993573225609461185173988935767561532726122257681170890956500288844584980097885282120534441695345892005248 0 0 0 0 0 0 0 0 0 0 0 0 0 0 0 0 0 0 0 0 0 0 0 0 0 0 0 0 0 0 1 0 0 0 0 0 0 0 0 0 0 0 0 0 0 0 0 0 0 0 0 0 0 0 0 0 0 0 0 0 0 0 0 0 0 0 0 0 0 0 0 0 0 0 0 0 0 0 0 0 0 0 0 0 0 0 0 0 0 0 0 0 0 0 0 0 0 0 0 0 0 0 0 0 0 0 0 0 0 0 0 0 0]
[11124295543664534273182057387723389290706009521635216037683004296612680743828563653989452637526496118989006596785639580216931848460427721044984826896547896244295913637265986813140370895492661881104906645302705404400639920958828977196444658526382359407396880364089016558360279199764020578692682541789877907265529616316564660838519728811570830216 0 0 0 0 0 0 0 0 0 0 0 0 0 0 0 0 0 0 0 0 0 0 0 0 0 0 0 0 0 0 0 1 0 0 0 0 0 0 0 0 0 0 0 0 0 0 0 0 0 0 0 0 0 0 0 0 0 0 0 0 0 0 0 0 0 0 0 0 0 0 0 0 0 0 0 0 0 0 0 0 0 0 0 0 0 0 0 0 0 0 0 0 0 0 0 0 0 0 0 0 0 0 0 0 0 0 0 0 0 0 0 0 0]
[10958813021078073756876435506434398009305531934847242430008078479362354616560220751803167247652759438689641025027326292677025834339665926806896731858656232011976436141935867833242401690964382700228196177187321346203105286687417939793841926494768759761122442098443917763425723889976097562971372743956574411933859219918501319042210211103814831123 0 0 0 0 0 0 0 0 0 0 0 0 0 0 0 0 0 0 0 0 0 0 0 0 0 0 0 0 0 0 0 0 1 0 0 0 0 0 0 0 0 0 0 0 0 0 0 0 0 0 0 0 0 0 0 0 0 0 0 0 0 0 0 0 0 0 0 0 0 0 0 0 0 0 0 0 0 0 0 0 0 0 0 0 0 0 0 0 0 0 0 0 0 0 0 0 0 0 0 0 0 0 0 0 0 0 0 0 0 0 0 0 0]
[11033788810188720326996454409094463099804365546131323740459025424778905350828671611824558494988736031454648511207946258545982943979432579606864146836584921335365856241352872306590292380072422223584681553012020677548509192991476234457360248831181044226187528692183722212886016432131162992542039834841517136367668919105510127468914930896167697206 0 0 0 0 0 0 0 0 0 0 0 0 0 0 0 0 0 0 0 0 0 0 0 0 0 0 0 0 0 0 0 0 0 1 0 0 0 0 0 0 0 0 0 0 0 0 0 0 0 0 0 0 0 0 0 0 0 0 0 0 0 0 0 0 0 0 0 0 0 0 0 0 0 0 0 0 0 0 0 0 0 0 0 0 0 0 0 0 0 0 0 0 0 0 0 0 0 0 0 0 0 0 0 0 0 0 0 0 0 0 0 0 0]
[8640409530496502039901945304943717234251372883079516035211038645553907127622819445892894051329286806821046685709688339170726979282766801967455969265174688793243368912008757044155032818087709478650919480160354334048104407659538100367833487557488382435454379368966190618310829771760899726253991701720605298060726071820590314471930960076513314231 0 0 0 0 0 0 0 0 0 0 0 0 0 0 0 0 0 0 0 0 0 0 0 0 0 0 0 0 0 0 0 0 0 0 1 0 0 0 0 0 0 0 0 0 0 0 0 0 0 0 0 0 0 0 0 0 0 0 0 0 0 0 0 0 0 0 0 0 0 0 0 0 0 0 0 0 0 0 0 0 0 0 0 0 0 0 0 0 0 0 0 0 0 0 0 0 0 0 0 0 0 0 0 0 0 0 0 0 0 0 0 0 0]
[7462982358061161872544683590663998157819875078052104244591990431956507992928856708643547711445195339051978486081547839140014214918846217601515833282266873114414149381366559862532259024113621403457893787455498883299091398124144863806087720445939768896837169677578334056276427824048343372383686899795985127285990244892640100396443737885691542273 0 0 0 0 0 0 0 0 0 0 0 0 0 0 0 0 0 0 0 0 0 0 0 0 0 0 0 0 0 0 0 0 0 0 0 1 0 0 0 0 0 0 0 0 0 0 0 0 0 0 0 0 0 0 0 0 0 0 0 0 0 0 0 0 0 0 0 0 0 0 0 0 0 0 0 0 0 0 0 0 0 0 0 0 0 0 0 0 0 0 0 0 0 0 0 0 0 0 0 0 0 0 0 0 0 0 0 0 0 0 0 0 0]
[7122917315411701577757067021469365030715613773578132120744220063679792289079042477736321514568196448678975982806999691061175546471160097992734815835685758438068762087460239804544183362427625728780462655835104789698502071019119793500993768363573200376124186269218511057099698108905461825351954135366716626698817265042494357053744189551333474236 0 0 0 0 0 0 0 0 0 0 0 0 0 0 0 0 0 0 0 0 0 0 0 0 0 0 0 0 0 0 0 0 0 0 0 0 1 0 0 0 0 0 0 0 0 0 0 0 0 0 0 0 0 0 0 0 0 0 0 0 0 0 0 0 0 0 0 0 0 0 0 0 0 0 0 0 0 0 0 0 0 0 0 0 0 0 0 0 0 0 0 0 0 0 0 0 0 0 0 0 0 0 0 0 0 0 0 0 0 0 0 0 0]
[6861384109786479959968468631566672899748093492560677490731611324744843856277535068227186015258710734551342090023435499930692289357088284965457181555266140037470441783073011392967467683835303793168684166489789236933842078292596467171644978843523667793018161136713683844792944136925690491832035750384523410738508425794667026783275301508350716865 0 0 0 0 0 0 0 0 0 0 0 0 0 0 0 0 0 0 0 0 0 0 0 0 0 0 0 0 0 0 0 0 0 0 0 0 0 1 0 0 0 0 0 0 0 0 0 0 0 0 0 0 0 0 0 0 0 0 0 0 0 0 0 0 0 0 0 0 0 0 0 0 0 0 0 0 0 0 0 0 0 0 0 0 0 0 0 0 0 0 0 0 0 0 0 0 0 0 0 0 0 0 0 0 0 0 0 0 0 0 0 0 0]
[1333020732389807039972001398774888405510705408899017140908658717718015281174411399631000332450999224808045783874064594338135683220569632679976008012238610820312439050309677876574272121583683179290787610993473258644898769811311324817026443259493471468504538216374545282776089026530580547747217152745092889251015869120418357170756701253223086414 0 0 0 0 0 0 0 0 0 0 0 0 0 0 0 0 0 0 0 0 0 0 0 0 0 0 0 0 0 0 0 0 0 0 0 0 0 0 1 0 0 0 0 0 0 0 0 0 0 0 0 0 0 0 0 0 0 0 0 0 0 0 0 0 0 0 0 0 0 0 0 0 0 0 0 0 0 0 0 0 0 0 0 0 0 0 0 0 0 0 0 0 0 0 0 0 0 0 0 0 0 0 0 0 0 0 0 0 0 0 0 0 0]
[10827662730506321241987580299413541288421760316891049864155145237023560110361395932114869419303480111110444807150755659864193673844490629175560303496639921822783514782615403990901128576860628222995788057350749374594405673468058388935555345536576011637038934816394714168364402763808077223819019433174171321586206938929566000474928326573925327628 0 0 0 0 0 0 0 0 0 0 0 0 0 0 0 0 0 0 0 0 0 0 0 0 0 0 0 0 0 0 0 0 0 0 0 0 0 0 0 1 0 0 0 0 0 0 0 0 0 0 0 0 0 0 0 0 0 0 0 0 0 0 0 0 0 0 0 0 0 0 0 0 0 0 0 0 0 0 0 0 0 0 0 0 0 0 0 0 0 0 0 0 0 0 0 0 0 0 0 0 0 0 0 0 0 0 0 0 0 0 0 0 0]
[5916599744379148568501489421149669531310250730022864507060574881027555640266092423725638107661592554884914293990059294860203841465995558935509927682922505480927778749350465559429950076975502280519926087811545167055769353988666840976539005149294335616323743598250112657889228450739588128226633573217583076727630507079127487321399317004889659446 0 0 0 0 0 0 0 0 0 0 0 0 0 0 0 0 0 0 0 0 0 0 0 0 0 0 0 0 0 0 0 0 0 0 0 0 0 0 0 0 1 0 0 0 0 0 0 0 0 0 0 0 0 0 0 0 0 0 0 0 0 0 0 0 0 0 0 0 0 0 0 0 0 0 0 0 0 0 0 0 0 0 0 0 0 0 0 0 0 0 0 0 0 0 0 0 0 0 0 0 0 0 0 0 0 0 0 0 0 0 0 0 0]
[6643667138535783748606158612899340081368668361179176173645784934628557287349806335181803415211385169446098294008451789384008771326106976275891988183017112771104298123149890401374030757040621835389464609788025875507865867283238342520840287674100785068964502831741870200036770459826491283044752445601821270039075630579880342696659320971381430209 0 0 0 0 0 0 0 0 0 0 0 0 0 0 0 0 0 0 0 0 0 0 0 0 0 0 0 0 0 0 0 0 0 0 0 0 0 0 0 0 0 1 0 0 0 0 0 0 0 0 0 0 0 0 0 0 0 0 0 0 0 0 0 0 0 0 0 0 0 0 0 0 0 0 0 0 0 0 0 0 0 0 0 0 0 0 0 0 0 0 0 0 0 0 0 0 0 0 0 0 0 0 0 0 0 0 0 0 0 0 0 0 0]
[8012927954593138267208485592003183002280233555828751739240745874820809869570383836652164486425216502187812977910476658900104650981809459314752384101577480032773641277948662267407894045763258683138295110783697605836484135666931225597045068482873694843126135394256499885326188065212543860144677602739020234659132899795077021846196326061740629742 0 0 0 0 0 0 0 0 0 0 0 0 0 0 0 0 0 0 0 0 0 0 0 0 0 0 0 0 0 0 0 0 0 0 0 0 0 0 0 0 0 0 1 0 0 0 0 0 0 0 0 0 0 0 0 0 0 0 0 0 0 0 0 0 0 0 0 0 0 0 0 0 0 0 0 0 0 0 0 0 0 0 0 0 0 0 0 0 0 0 0 0 0 0 0 0 0 0 0 0 0 0 0 0 0 0 0 0 0 0 0 0 0]
[3569269283689970986598792874662269787493967149262890815230829863212504981154923291462382705071355882949197203877995388718142569392799261155967850672771251790668310707773932089743658752110488953215715130768953359421362344762635146003105319995036371837162838189948417632152780129816048041262182544413933504011978280362691254060869729465709793339 0 0 0 0 0 0 0 0 0 0 0 0 0 0 0 0 0 0 0 0 0 0 0 0 0 0 0 0 0 0 0 0 0 0 0 0 0 0 0 0 0 0 0 1 0 0 0 0 0 0 0 0 0 0 0 0 0 0 0 0 0 0 0 0 0 0 0 0 0 0 0 0 0 0 0 0 0 0 0 0 0 0 0 0 0 0 0 0 0 0 0 0 0 0 0 0 0 0 0 0 0 0 0 0 0 0 0 0 0 0 0 0 0]
[4723672814612297722161025471977294868724514932220124026190491367634914702569992220541930010776874143764735667187973460040880612950157703758184016540148195983930630514800665284486188784692700952841806872712951661083707754275589444749092348665559620705142638004155455171196968699593686113552437984916471906664464789087659492165111360018922987235 0 0 0 0 0 0 0 0 0 0 0 0 0 0 0 0 0 0 0 0 0 0 0 0 0 0 0 0 0 0 0 0 0 0 0 0 0 0 0 0 0 0 0 0 1 0 0 0 0 0 0 0 0 0 0 0 0 0 0 0 0 0 0 0 0 0 0 0 0 0 0 0 0 0 0 0 0 0 0 0 0 0 0 0 0 0 0 0 0 0 0 0 0 0 0 0 0 0 0 0 0 0 0 0 0 0 0 0 0 0 0 0 0]
[2743267295794433045275800142081305920433308032526461331857388500009510007693108161076260913190997078732846156224961461918620034209765645692651359000796613627249357231941970900836183391268911342441425716118133649608781332917804333511965202621861376763334216668082672009616219377578192685880836355570265995498812402912578253234413771220068660998 0 0 0 0 0 0 0 0 0 0 0 0 0 0 0 0 0 0 0 0 0 0 0 0 0 0 0 0 0 0 0 0 0 0 0 0 0 0 0 0 0 0 0 0 0 1 0 0 0 0 0 0 0 0 0 0 0 0 0 0 0 0 0 0 0 0 0 0 0 0 0 0 0 0 0 0 0 0 0 0 0 0 0 0 0 0 0 0 0 0 0 0 0 0 0 0 0 0 0 0 0 0 0 0 0 0 0 0 0 0 0 0 0]
[2600138907907157177553608386931809484985920258096632367828297473072642264807755287704914357490585327778581330607614122993916025575636133316872261855572187719158342801464872724030298096510538729528988109320742351700427582485916915227962378908596074733868354027351312495569979198023669427636788013172686796627103020180167029905151211540094102485 0 0 0 0 0 0 0 0 0 0 0 0 0 0 0 0 0 0 0 0 0 0 0 0 0 0 0 0 0 0 0 0 0 0 0 0 0 0 0 0 0 0 0 0 0 0 1 0 0 0 0 0 0 0 0 0 0 0 0 0 0 0 0 0 0 0 0 0 0 0 0 0 0 0 0 0 0 0 0 0 0 0 0 0 0 0 0 0 0 0 0 0 0 0 0 0 0 0 0 0 0 0 0 0 0 0 0 0 0 0 0 0 0]
[248896577914033699842689330058354367567793769499044212816431324951452160338898613022048567250934382642006437312170351425773704660312720509902053580485266333562540508942890524406763618563480349571039240301708519798398569190194168235440048363202478882570459908986340277001054349068523874067718430908291955273278798622846507393946767161910855542 0 0 0 0 0 0 0 0 0 0 0 0 0 0 0 0 0 0 0 0 0 0 0 0 0 0 0 0 0 0 0 0 0 0 0 0 0 0 0 0 0 0 0 0 0 0 0 1 0 0 0 0 0 0 0 0 0 0 0 0 0 0 0 0 0 0 0 0 0 0 0 0 0 0 0 0 0 0 0 0 0 0 0 0 0 0 0 0 0 0 0 0 0 0 0 0 0 0 0 0 0 0 0 0 0 0 0 0 0 0 0 0 0]
[4147706855243978432538927452497657466440770694510641341779789659546354690049726497239123740389198882178550430812858663992215094151011581045940251681690476133555517301664799742750313516500249102146325225697171611697810818326516136906771894135840233830049642134203723816820176058138136387823570706410148911506764479211183598711413120214441955223 0 0 0 0 0 0 0 0 0 0 0 0 0 0 0 0 0 0 0 0 0 0 0 0 0 0 0 0 0 0 0 0 0 0 0 0 0 0 0 0 0 0 0 0 0 0 0 0 1 0 0 0 0 0 0 0 0 0 0 0 0 0 0 0 0 0 0 0 0 0 0 0 0 0 0 0 0 0 0 0 0 0 0 0 0 0 0 0 0 0 0 0 0 0 0 0 0 0 0 0 0 0 0 0 0 0 0 0 0 0 0 0 0]
[10983749095873838983411657805108579648053657377305830145530272482226227086516154028339917597916384554955895657753617992745322524486101912471732249756859747413306930892042715532144204595296175575956083975732511308322639668522382496859273635999359901534928597528414059635713168301369665584447737420585547718030068557646348768754165053862865066340 0 0 0 0 0 0 0 0 0 0 0 0 0 0 0 0 0 0 0 0 0 0 0 0 0 0 0 0 0 0 0 0 0 0 0 0 0 0 0 0 0 0 0 0 0 0 0 0 0 1 0 0 0 0 0 0 0 0 0 0 0 0 0 0 0 0 0 0 0 0 0 0 0 0 0 0 0 0 0 0 0 0 0 0 0 0 0 0 0 0 0 0 0 0 0 0 0 0 0 0 0 0 0 0 0 0 0 0 0 0 0 0 0]
[4248929477103585431902683245690230166983051905974068549820568521207754775507947252097081146660890767445660188895504641544607616223269603144380289501841393786286551078159604590584236699886296445527110805114556171384472777902436811912392338990379937604248799856632052697794434861797854348820378451446946707705198369045314396449086942719886805640 0 0 0 0 0 0 0 0 0 0 0 0 0 0 0 0 0 0 0 0 0 0 0 0 0 0 0 0 0 0 0 0 0 0 0 0 0 0 0 0 0 0 0 0 0 0 0 0 0 0 1 0 0 0 0 0 0 0 0 0 0 0 0 0 0 0 0 0 0 0 0 0 0 0 0 0 0 0 0 0 0 0 0 0 0 0 0 0 0 0 0 0 0 0 0 0 0 0 0 0 0 0 0 0 0 0 0 0 0 0 0 0 0]
[5097710027442759181795719804463095179579743332498042794484587848421044320686583632712278895377812674376127863426527884782094131382528406176600375310498536894626728183362772581602207973139722818374078592842494392828727059599910566774603548726683547760362452559837435540385217327789281729260760380327098263353942576350581976350721167109894754726 0 0 0 0 0 0 0 0 0 0 0 0 0 0 0 0 0 0 0 0 0 0 0 0 0 0 0 0 0 0 0 0 0 0 0 0 0 0 0 0 0 0 0 0 0 0 0 0 0 0 0 1 0 0 0 0 0 0 0 0 0 0 0 0 0 0 0 0 0 0 0 0 0 0 0 0 0 0 0 0 0 0 0 0 0 0 0 0 0 0 0 0 0 0 0 0 0 0 0 0 0 0 0 0 0 0 0 0 0 0 0 0 0]
[4869855048955853495536675829737183458552712175211691695088541543854392650919776335735744055933075701618262091833297661586200142152479059732085784857141718962078267589901802212721158050634493666530617483292467802959577732271760962344588165050118347108439623806139049136167961965133205398441512074030872073757682602272800723044878660402801663088 0 0 0 0 0 0 0 0 0 0 0 0 0 0 0 0 0 0 0 0 0 0 0 0 0 0 0 0 0 0 0 0 0 0 0 0 0 0 0 0 0 0 0 0 0 0 0 0 0 0 0 0 1 0 0 0 0 0 0 0 0 0 0 0 0 0 0 0 0 0 0 0 0 0 0 0 0 0 0 0 0 0 0 0 0 0 0 0 0 0 0 0 0 0 0 0 0 0 0 0 0 0 0 0 0 0 0 0 0 0 0 0 0]
[8915035002504573212488889379100832528295815775536816751857779213238595315357997312654411975413455205253662488640055872620742800127048277147990847659479318754908158230777651769430798502659806959670230844741139090076238274807067431344269029406065816676930680725112370940873486734560407728683930538186069988312821702743434276861141294746575048820 0 0 0 0 0 0 0 0 0 0 0 0 0 0 0 0 0 0 0 0 0 0 0 0 0 0 0 0 0 0 0 0 0 0 0 0 0 0 0 0 0 0 0 0 0 0 0 0 0 0 0 0 0 1 0 0 0 0 0 0 0 0 0 0 0 0 0 0 0 0 0 0 0 0 0 0 0 0 0 0 0 0 0 0 0 0 0 0 0 0 0 0 0 0 0 0 0 0 0 0 0 0 0 0 0 0 0 0 0 0 0 0 0]
[2302774163257542865605937504658666081892279943785652429013333003507504062346861568784714841089021721714642633293284681306989298353540723536226226054602319227542352232536095299354859488929902780567270546018612196270269248593742053611526702856142923542089843395166971650572961007695811697453297621334018591371235081903496384866928349679304141552 0 0 0 0 0 0 0 0 0 0 0 0 0 0 0 0 0 0 0 0 0 0 0 0 0 0 0 0 0 0 0 0 0 0 0 0 0 0 0 0 0 0 0 0 0 0 0 0 0 0 0 0 0 0 1 0 0 0 0 0 0 0 0 0 0 0 0 0 0 0 0 0 0 0 0 0 0 0 0 0 0 0 0 0 0 0 0 0 0 0 0 0 0 0 0 0 0 0 0 0 0 0 0 0 0 0 0 0 0 0 0 0 0]
[954301931010862269784920668054104947837028160796075628862672078914687914326554969139855019867778381420154291041719317460971732050127634389053068462351794634679693402254822060072615320855040040426010747097761397975995079424885093454700779476028866837358403428811220541346503785651763164775910881821476665749255008793485242651221240392185037886 0 0 0 0 0 0 0 0 0 0 0 0 0 0 0 0 0 0 0 0 0 0 0 0 0 0 0 0 0 0 0 0 0 0 0 0 0 0 0 0 0 0 0 0 0 0 0 0 0 0 0 0 0 0 0 1 0 0 0 0 0 0 0 0 0 0 0 0 0 0 0 0 0 0 0 0 0 0 0 0 0 0 0 0 0 0 0 0 0 0 0 0 0 0 0 0 0 0 0 0 0 0 0 0 0 0 0 0 0 0 0 0 0]
[7144521733807470184016012956127668138168965343391726912092361883961987255801388229495363646310831050328539142443360258814180885620902734840237829924163457295051215173393979561791391034669566616520545428225141759253724419135347703748424965206858264965708097768749902951111203510613999560406585576454575605651249659456368622682025545423618410969 0 0 0 0 0 0 0 0 0 0 0 0 0 0 0 0 0 0 0 0 0 0 0 0 0 0 0 0 0 0 0 0 0 0 0 0 0 0 0 0 0 0 0 0 0 0 0 0 0 0 0 0 0 0 0 0 1 0 0 0 0 0 0 0 0 0 0 0 0 0 0 0 0 0 0 0 0 0 0 0 0 0 0 0 0 0 0 0 0 0 0 0 0 0 0 0 0 0 0 0 0 0 0 0 0 0 0 0 0 0 0 0 0]
[7760415907184701616966180725760690357165719335498057281922088721458793797336830413667959595468718997675709551166517771493492096520967696540756429329056805751108162681279710948816925360684938517289263398937418589251485343352674203461179819032524163321883338661033180593931352580490638181602394103422854943159937399103566204623359194406985626527 0 0 0 0 0 0 0 0 0 0 0 0 0 0 0 0 0 0 0 0 0 0 0 0 0 0 0 0 0 0 0 0 0 0 0 0 0 0 0 0 0 0 0 0 0 0 0 0 0 0 0 0 0 0 0 0 0 1 0 0 0 0 0 0 0 0 0 0 0 0 0 0 0 0 0 0 0 0 0 0 0 0 0 0 0 0 0 0 0 0 0 0 0 0 0 0 0 0 0 0 0 0 0 0 0 0 0 0 0 0 0 0 0]
[3299984109465008330058546245494597663861642457154204155088368745685714427847625046046297524626463085336851737741181822662020040462776749277888573283780827791211581932206426356290613156941323955587371560492114564676581767763324464959630933281363530530138722670087000386400831894953934097814377875330451661118625099261561843499765598529484111338 0 0 0 0 0 0 0 0 0 0 0 0 0 0 0 0 0 0 0 0 0 0 0 0 0 0 0 0 0 0 0 0 0 0 0 0 0 0 0 0 0 0 0 0 0 0 0 0 0 0 0 0 0 0 0 0 0 0 1 0 0 0 0 0 0 0 0 0 0 0 0 0 0 0 0 0 0 0 0 0 0 0 0 0 0 0 0 0 0 0 0 0 0 0 0 0 0 0 0 0 0 0 0 0 0 0 0 0 0 0 0 0 0]
[7714682083808656226088650956158031847851876486750084088943902675564023920251718468872550053885031025848991447591503854213642330016853825593128077500990346504225220890821461419763540166275285047481893380781160237379513155709202986094323242603328192740215494274256107457039175592353764156295885343501530059128401562753139549015677974750689791980 0 0 0 0 0 0 0 0 0 0 0 0 0 0 0 0 0 0 0 0 0 0 0 0 0 0 0 0 0 0 0 0 0 0 0 0 0 0 0 0 0 0 0 0 0 0 0 0 0 0 0 0 0 0 0 0 0 0 0 1 0 0 0 0 0 0 0 0 0 0 0 0 0 0 0 0 0 0 0 0 0 0 0 0 0 0 0 0 0 0 0 0 0 0 0 0 0 0 0 0 0 0 0 0 0 0 0 0 0 0 0 0 0]
[11597953418243859987161436168169520666323348527172796231978653651302046574246613340138864538698479316397637481451229716067451580747645380555383879835048717115133215838796800719918275952815657560644597315830531385183419818554474288999072031386129057157223964599999186338705918133714405492289760024658287680680281304998718874348300314950793287990 0 0 0 0 0 0 0 0 0 0 0 0 0 0 0 0 0 0 0 0 0 0 0 0 0 0 0 0 0 0 0 0 0 0 0 0 0 0 0 0 0 0 0 0 0 0 0 0 0 0 0 0 0 0 0 0 0 0 0 0 1 0 0 0 0 0 0 0 0 0 0 0 0 0 0 0 0 0 0 0 0 0 0 0 0 0 0 0 0 0 0 0 0 0 0 0 0 0 0 0 0 0 0 0 0 0 0 0 0 0 0 0 0]
[706166008575087812478744849827912333867535612725739334892267674943392333375919993392054391853346757512126281121188058824596674143388001902034228319960313276929885004590461483482118416095060561142778463035245926963822823014071748607191553326607565089104987815454713498996761956109300872322020727155171520488035286682505791166951668885603261833 0 0 0 0 0 0 0 0 0 0 0 0 0 0 0 0 0 0 0 0 0 0 0 0 0 0 0 0 0 0 0 0 0 0 0 0 0 0 0 0 0 0 0 0 0 0 0 0 0 0 0 0 0 0 0 0 0 0 0 0 0 1 0 0 0 0 0 0 0 0 0 0 0 0 0 0 0 0 0 0 0 0 0 0 0 0 0 0 0 0 0 0 0 0 0 0 0 0 0 0 0 0 0 0 0 0 0 0 0 0 0 0 0]
[4426008578663772787217492496080875961661532672194016295960109169309792853124636398374077760428682677003733689157394938817584118802685884239530878684758385596564401841772038368539557692575609836706718610055847783523118685301581926604693734778550494240906724801147133306760331402734118075904806287094865732283306877753477441042515824947833532078 0 0 0 0 0 0 0 0 0 0 0 0 0 0 0 0 0 0 0 0 0 0 0 0 0 0 0 0 0 0 0 0 0 0 0 0 0 0 0 0 0 0 0 0 0 0 0 0 0 0 0 0 0 0 0 0 0 0 0 0 0 0 1 0 0 0 0 0 0 0 0 0 0 0 0 0 0 0 0 0 0 0 0 0 0 0 0 0 0 0 0 0 0 0 0 0 0 0 0 0 0 0 0 0 0 0 0 0 0 0 0 0 0]
[3702104030042059105941126640632362699832848278589462134805650086513576577344243831041233002147470210951911268427047487290631363458604490752404854254610296870064663704709974192783490925441335611760410746121124877726507492421274651102678641827272092190532310604424458141676044138959890520771296191933042451584565468650505468874543853543591273233 0 0 0 0 0 0 0 0 0 0 0 0 0 0 0 0 0 0 0 0 0 0 0 0 0 0 0 0 0 0 0 0 0 0 0 0 0 0 0 0 0 0 0 0 0 0 0 0 0 0 0 0 0 0 0 0 0 0 0 0 0 0 0 1 0 0 0 0 0 0 0 0 0 0 0 0 0 0 0 0 0 0 0 0 0 0 0 0 0 0 0 0 0 0 0 0 0 0 0 0 0 0 0 0 0 0 0 0 0 0 0 0 0]
[4777090854348578543383943361990785535836806284307025642387867593230184631213280242661756410030676219726700889248969493580990107891986911746474371586053218309169069979427078174607133299454411874661375023628492730719600484986447242388284956750378604388495857930431565694519769721563815935903885598842341865734006652183619987819054834957263102468 0 0 0 0 0 0 0 0 0 0 0 0 0 0 0 0 0 0 0 0 0 0 0 0 0 0 0 0 0 0 0 0 0 0 0 0 0 0 0 0 0 0 0 0 0 0 0 0 0 0 0 0 0 0 0 0 0 0 0 0 0 0 0 0 1 0 0 0 0 0 0 0 0 0 0 0 0 0 0 0 0 0 0 0 0 0 0 0 0 0 0 0 0 0 0 0 0 0 0 0 0 0 0 0 0 0 0 0 0 0 0 0 0]
[10343842769024041102724654657116292186412834347302630746244635087665938140755688016978958197903801853790636995550319737675271140623230920413127038687163118102509021869723934010708640013100726427146619856477891376971855664914589494647176866183399142231464145844459120730444642357692287596520694161967917465654175525942513075966851174702974628381 0 0 0 0 0 0 0 0 0 0 0 0 0 0 0 0 0 0 0 0 0 0 0 0 0 0 0 0 0 0 0 0 0 0 0 0 0 0 0 0 0 0 0 0 0 0 0 0 0 0 0 0 0 0 0 0 0 0 0 0 0 0 0 0 0 1 0 0 0 0 0 0 0 0 0 0 0 0 0 0 0 0 0 0 0 0 0 0 0 0 0 0 0 0 0 0 0 0 0 0 0 0 0 0 0 0 0 0 0 0 0 0 0]
[2558651586201728348418646589708574901922628461132706103533521355594618468434092431087399674596908107575980322530835698434641951734837492812286126384676514675417996537685055821714072270061813805841764997468067538963255343030048326335635812761140432207271428039974714743217086942462886657542878026414412703012521140681647071381979774153716628205 0 0 0 0 0 0 0 0 0 0 0 0 0 0 0 0 0 0 0 0 0 0 0 0 0 0 0 0 0 0 0 0 0 0 0 0 0 0 0 0 0 0 0 0 0 0 0 0 0 0 0 0 0 0 0 0 0 0 0 0 0 0 0 0 0 0 1 0 0 0 0 0 0 0 0 0 0 0 0 0 0 0 0 0 0 0 0 0 0 0 0 0 0 0 0 0 0 0 0 0 0 0 0 0 0 0 0 0 0 0 0 0 0]
[4598762664879107691333540329664037335670952519316729066427744132345298798361587842719969877074117791168897821856896244314804412831329563912669567287247389463194110424643836253629858166089976787749519962982846994224108581552796409228112416776931135129461437936837979236744544697421664696116662878679007405705981212089620958137033152407938881538 0 0 0 0 0 0 0 0 0 0 0 0 0 0 0 0 0 0 0 0 0 0 0 0 0 0 0 0 0 0 0 0 0 0 0 0 0 0 0 0 0 0 0 0 0 0 0 0 0 0 0 0 0 0 0 0 0 0 0 0 0 0 0 0 0 0 0 1 0 0 0 0 0 0 0 0 0 0 0 0 0 0 0 0 0 0 0 0 0 0 0 0 0 0 0 0 0 0 0 0 0 0 0 0 0 0 0 0 0 0 0 0 0]
[3068866905085433424231593826671546194267096461802682604829617057253188408188994180121592075356398994963780507366082695712453723058297043708367974276567975226501916759484698751622290042413236799017754005682197157164580918568030882864632298072227813698838521521627003402164608529560154637948582844718566300965566082808244808202520882590739518269 0 0 0 0 0 0 0 0 0 0 0 0 0 0 0 0 0 0 0 0 0 0 0 0 0 0 0 0 0 0 0 0 0 0 0 0 0 0 0 0 0 0 0 0 0 0 0 0 0 0 0 0 0 0 0 0 0 0 0 0 0 0 0 0 0 0 0 0 1 0 0 0 0 0 0 0 0 0 0 0 0 0 0 0 0 0 0 0 0 0 0 0 0 0 0 0 0 0 0 0 0 0 0 0 0 0 0 0 0 0 0 0 0]
[1160494871473903894137707198153244345951524094738816454054500906997307470109760226697969321224140949346798345213814526576791079232559900334627585684246160272175816161075013137997286902110104217257649635611790655426358078051875315951934316567706102926728190930394957796778728632196033717782648627158489185546069233847561181336114679036851159087 0 0 0 0 0 0 0 0 0 0 0 0 0 0 0 0 0 0 0 0 0 0 0 0 0 0 0 0 0 0 0 0 0 0 0 0 0 0 0 0 0 0 0 0 0 0 0 0 0 0 0 0 0 0 0 0 0 0 0 0 0 0 0 0 0 0 0 0 0 1 0 0 0 0 0 0 0 0 0 0 0 0 0 0 0 0 0 0 0 0 0 0 0 0 0 0 0 0 0 0 0 0 0 0 0 0 0 0 0 0 0 0 0]
[9165307018645643802217781549289367405293980811192107091292797148388221131171944852591587254483182125416061091180747282085272707796066568002273688906814969487529003586245254397656908256494845768221361652084173210011707926922763174615786997368944197688465980380415124467412758377571697938193021975007060398717684256988550236451580111122066180891 0 0 0 0 0 0 0 0 0 0 0 0 0 0 0 0 0 0 0 0 0 0 0 0 0 0 0 0 0 0 0 0 0 0 0 0 0 0 0 0 0 0 0 0 0 0 0 0 0 0 0 0 0 0 0 0 0 0 0 0 0 0 0 0 0 0 0 0 0 0 1 0 0 0 0 0 0 0 0 0 0 0 0 0 0 0 0 0 0 0 0 0 0 0 0 0 0 0 0 0 0 0 0 0 0 0 0 0 0 0 0 0 0]
[9586759950265500668805424099377783289539625555074396921534371224169314339496923836154018246895099558160513029976629360981060248159469220762635226322795833835642857579920433575284613068773048756365703552243386987255866820565844846972160018621495179331275036923548320716239673771670881760452350752673584205122875677469728305400872279968009203028 0 0 0 0 0 0 0 0 0 0 0 0 0 0 0 0 0 0 0 0 0 0 0 0 0 0 0 0 0 0 0 0 0 0 0 0 0 0 0 0 0 0 0 0 0 0 0 0 0 0 0 0 0 0 0 0 0 0 0 0 0 0 0 0 0 0 0 0 0 0 0 1 0 0 0 0 0 0 0 0 0 0 0 0 0 0 0 0 0 0 0 0 0 0 0 0 0 0 0 0 0 0 0 0 0 0 0 0 0 0 0 0 0]
[1954968085279773746302447718688931356700866416802829165558778585183904779765705145897068806583910495137867969625512008419307976739123132030059949141973921543314582767681004046365607600531693530918391443044788124560732993196776942786921676159164987197297719187019317642553778588359379530561277301663946944205810473355586406979401905641983130972 0 0 0 0 0 0 0 0 0 0 0 0 0 0 0 0 0 0 0 0 0 0 0 0 0 0 0 0 0 0 0 0 0 0 0 0 0 0 0 0 0 0 0 0 0 0 0 0 0 0 0 0 0 0 0 0 0 0 0 0 0 0 0 0 0 0 0 0 0 0 0 0 1 0 0 0 0 0 0 0 0 0 0 0 0 0 0 0 0 0 0 0 0 0 0 0 0 0 0 0 0 0 0 0 0 0 0 0 0 0 0 0 0]
[5483415552355927820908345822085297651023646006582497280628645437327559943155967967691129981535159304875458363350419208500683698112118333378341014866334179995983723907219339821988673551595282580063694818906069001997836508275577440423252078478767956191241862013447839703856095817152139099940026734600296325715345816553497364355697251990107692065 0 0 0 0 0 0 0 0 0 0 0 0 0 0 0 0 0 0 0 0 0 0 0 0 0 0 0 0 0 0 0 0 0 0 0 0 0 0 0 0 0 0 0 0 0 0 0 0 0 0 0 0 0 0 0 0 0 0 0 0 0 0 0 0 0 0 0 0 0 0 0 0 0 1 0 0 0 0 0 0 0 0 0 0 0 0 0 0 0 0 0 0 0 0 0 0 0 0 0 0 0 0 0 0 0 0 0 0 0 0 0 0 0]
[10724236627277208539822765839812025672200249451154664217853595483575315125248331474580795572945421763123287481720821180084500732922940048834257796693649306549386406012822415940351310931610652982290872839273512093360073686967710334692122097077710512061943422612267502927067229807481609113208217666146768507828702506581145493284840249137542979741 0 0 0 0 0 0 0 0 0 0 0 0 0 0 0 0 0 0 0 0 0 0 0 0 0 0 0 0 0 0 0 0 0 0 0 0 0 0 0 0 0 0 0 0 0 0 0 0 0 0 0 0 0 0 0 0 0 0 0 0 0 0 0 0 0 0 0 0 0 0 0 0 0 0 1 0 0 0 0 0 0 0 0 0 0 0 0 0 0 0 0 0 0 0 0 0 0 0 0 0 0 0 0 0 0 0 0 0 0 0 0 0 0]
[8990954580616411319638632460616738916115354350611338539107303373127694972073481495059659853686905756719971020404009226109911935173299339209584637258813502550519159002446867735058766022767994954406776605919987526322247800007119290112511227623743479534762908921724309058773729264162412355581319071131783958219312980625657295441840531252749713077 0 0 0 0 0 0 0 0 0 0 0 0 0 0 0 0 0 0 0 0 0 0 0 0 0 0 0 0 0 0 0 0 0 0 0 0 0 0 0 0 0 0 0 0 0 0 0 0 0 0 0 0 0 0 0 0 0 0 0 0 0 0 0 0 0 0 0 0 0 0 0 0 0 0 0 1 0 0 0 0 0 0 0 0 0 0 0 0 0 0 0 0 0 0 0 0 0 0 0 0 0 0 0 0 0 0 0 0 0 0 0 0 0]
[7755710867049148871401461960693356099815328333880243960223305603122319816551120008403634466056693297616032969182757873404835146474742153050392562217200800354573883828073195703989489423551610417489324877086232328822258981049765533892439209028270044547757318665340977789237705033569474999184985915676825408239861155046373528189579114767034974909 0 0 0 0 0 0 0 0 0 0 0 0 0 0 0 0 0 0 0 0 0 0 0 0 0 0 0 0 0 0 0 0 0 0 0 0 0 0 0 0 0 0 0 0 0 0 0 0 0 0 0 0 0 0 0 0 0 0 0 0 0 0 0 0 0 0 0 0 0 0 0 0 0 0 0 0 1 0 0 0 0 0 0 0 0 0 0 0 0 0 0 0 0 0 0 0 0 0 0 0 0 0 0 0 0 0 0 0 0 0 0 0 0]
[43412850891483815303166701001346745085106449437358040214274435331613058091380431347336310907255871878326311834477733608504680652499740733653520414075841596524804851499604011805307207985375240956944594822412963418664823448587165917561286767371658728234926478183294413221971895925576795632519862605282856072241323082657362063361891522407727864 0 0 0 0 0 0 0 0 0 0 0 0 0 0 0 0 0 0 0 0 0 0 0 0 0 0 0 0 0 0 0 0 0 0 0 0 0 0 0 0 0 0 0 0 0 0 0 0 0 0 0 0 0 0 0 0 0 0 0 0 0 0 0 0 0 0 0 0 0 0 0 0 0 0 0 0 0 1 0 0 0 0 0 0 0 0 0 0 0 0 0 0 0 0 0 0 0 0 0 0 0 0 0 0 0 0 0 0 0 0 0 0 0]
[1571560421714588789676125870020001336847364661658619581808314310258461177468389352197864838351550056846356028298922336625276171828526479968565872603845793744971311960420342326161111384490479474604438496184672948548543704716457457250051357986600678552001056326647919307102661960067808651402552069492553435247726664250209451673500202035450177885 0 0 0 0 0 0 0 0 0 0 0 0 0 0 0 0 0 0 0 0 0 0 0 0 0 0 0 0 0 0 0 0 0 0 0 0 0 0 0 0 0 0 0 0 0 0 0 0 0 0 0 0 0 0 0 0 0 0 0 0 0 0 0 0 0 0 0 0 0 0 0 0 0 0 0 0 0 0 1 0 0 0 0 0 0 0 0 0 0 0 0 0 0 0 0 0 0 0 0 0 0 0 0 0 0 0 0 0 0 0 0 0 0]
[4728385168868840588378712777705904802079860717544800825836603534638311572942482660306914963899036140843197703019047731293653973005644137541360512682585363316276406083351602307794984484180186476873662294119259575082967237569998233042924175617112667940785217799930133951574410140586984129730700527728953458880770391285211244552473859138878047985 0 0 0 0 0 0 0 0 0 0 0 0 0 0 0 0 0 0 0 0 0 0 0 0 0 0 0 0 0 0 0 0 0 0 0 0 0 0 0 0 0 0 0 0 0 0 0 0 0 0 0 0 0 0 0 0 0 0 0 0 0 0 0 0 0 0 0 0 0 0 0 0 0 0 0 0 0 0 0 1 0 0 0 0 0 0 0 0 0 0 0 0 0 0 0 0 0 0 0 0 0 0 0 0 0 0 0 0 0 0 0 0 0]
[1069683905537447986892120369673921366910703754482268546806086886311926336629097396172823109420543703427088456015769132324578115500319697980054245905497580988888309975773082107342448217173201554083934247147670361831495739114669660493616697108547039698366414686019458457072893552140848031698695887053736436568378188074397619133669758881627088487 0 0 0 0 0 0 0 0 0 0 0 0 0 0 0 0 0 0 0 0 0 0 0 0 0 0 0 0 0 0 0 0 0 0 0 0 0 0 0 0 0 0 0 0 0 0 0 0 0 0 0 0 0 0 0 0 0 0 0 0 0 0 0 0 0 0 0 0 0 0 0 0 0 0 0 0 0 0 0 0 1 0 0 0 0 0 0 0 0 0 0 0 0 0 0 0 0 0 0 0 0 0 0 0 0 0 0 0 0 0 0 0 0]
[2617018666461911117704988473807722511777337249650078231308415420242537241107041590491852002106356330426071473253518613272556670803733774492894438873245535616838129287557790128288484769493114921022597947260751521510257467375270903964850613235929326083527423504254978467339523134133307111692931304347318504290281747397027627887170227264842741193 0 0 0 0 0 0 0 0 0 0 0 0 0 0 0 0 0 0 0 0 0 0 0 0 0 0 0 0 0 0 0 0 0 0 0 0 0 0 0 0 0 0 0 0 0 0 0 0 0 0 0 0 0 0 0 0 0 0 0 0 0 0 0 0 0 0 0 0 0 0 0 0 0 0 0 0 0 0 0 0 0 1 0 0 0 0 0 0 0 0 0 0 0 0 0 0 0 0 0 0 0 0 0 0 0 0 0 0 0 0 0 0 0]
[8149909987831439826890862663628996441952760772586516783805663148521797102157878672190296198625337717215404223410580856204176899207895967623147712047475118940342407480087880691694384595753656266105151613111753933387574581488272970221700136596347846120441527818553662899540247986092196151327489255798300275610985700040197320243991151181715440284 0 0 0 0 0 0 0 0 0 0 0 0 0 0 0 0 0 0 0 0 0 0 0 0 0 0 0 0 0 0 0 0 0 0 0 0 0 0 0 0 0 0 0 0 0 0 0 0 0 0 0 0 0 0 0 0 0 0 0 0 0 0 0 0 0 0 0 0 0 0 0 0 0 0 0 0 0 0 0 0 0 0 1 0 0 0 0 0 0 0 0 0 0 0 0 0 0 0 0 0 0 0 0 0 0 0 0 0 0 0 0 0 0]
[7460671407491367767710545055019540659939328281678373263098031258061353324353836910282897601719919832729763595382166748396416803690510702096460071488752727005775875638258460463578990256779068930792599523431670750286336674818818431549934261347897451154893178771663763112421564969710401005597883416743721378671168047840393531400468041934990872770 0 0 0 0 0 0 0 0 0 0 0 0 0 0 0 0 0 0 0 0 0 0 0 0 0 0 0 0 0 0 0 0 0 0 0 0 0 0 0 0 0 0 0 0 0 0 0 0 0 0 0 0 0 0 0 0 0 0 0 0 0 0 0 0 0 0 0 0 0 0 0 0 0 0 0 0 0 0 0 0 0 0 0 1 0 0 0 0 0 0 0 0 0 0 0 0 0 0 0 0 0 0 0 0 0 0 0 0 0 0 0 0 0]
[216262341461574045133852921415772546229421130743790863461083640700069500160798999604039701319828059072603872333565624947255385778592796598953096185772311838404986761391860316630622076912678892684940359734230411435874260844837200570374723611846316594682567118309071307590684053265113304955116958182369981388110045228250607266707075869800004295 0 0 0 0 0 0 0 0 0 0 0 0 0 0 0 0 0 0 0 0 0 0 0 0 0 0 0 0 0 0 0 0 0 0 0 0 0 0 0 0 0 0 0 0 0 0 0 0 0 0 0 0 0 0 0 0 0 0 0 0 0 0 0 0 0 0 0 0 0 0 0 0 0 0 0 0 0 0 0 0 0 0 0 0 1 0 0 0 0 0 0 0 0 0 0 0 0 0 0 0 0 0 0 0 0 0 0 0 0 0 0 0 0]
[9533905238664527426084309941500919805881981298323630001894165879029331484585669644054135681783451707624327150622584455507841250495116912360465134630189559849232992020691229039636502432769292019152188348294785877643149353423057750017488273097280130901377248415905349140417087445680298933032643965580513161614587355316506948780801205516036914090 0 0 0 0 0 0 0 0 0 0 0 0 0 0 0 0 0 0 0 0 0 0 0 0 0 0 0 0 0 0 0 0 0 0 0 0 0 0 0 0 0 0 0 0 0 0 0 0 0 0 0 0 0 0 0 0 0 0 0 0 0 0 0 0 0 0 0 0 0 0 0 0 0 0 0 0 0 0 0 0 0 0 0 0 0 1 0 0 0 0 0 0 0 0 0 0 0 0 0 0 0 0 0 0 0 0 0 0 0 0 0 0 0]
[3064648996044684264337118647074054091459061279281648776517383777885159955082296673455598794455695721155274202481615442685295100214201229302458130853976844137837926342878563749262346478154318500811959197995861667199760293517917118601822715940591581958594623252376810402737902958136930964073008626639781736204713678378722302430049660105111565892 0 0 0 0 0 0 0 0 0 0 0 0 0 0 0 0 0 0 0 0 0 0 0 0 0 0 0 0 0 0 0 0 0 0 0 0 0 0 0 0 0 0 0 0 0 0 0 0 0 0 0 0 0 0 0 0 0 0 0 0 0 0 0 0 0 0 0 0 0 0 0 0 0 0 0 0 0 0 0 0 0 0 0 0 0 0 1 0 0 0 0 0 0 0 0 0 0 0 0 0 0 0 0 0 0 0 0 0 0 0 0 0 0]
[932588574315613877989703377414580711240265957035635060038809631224517941437628857967051335181543109694422869076705473358267433849878154512410538668771171042313246234020165087527704053581789015528368258795306105305779836440566753495989547182675572175694307494556624872417632378631195730515943787786295395376707173698544896005192560255548834158 0 0 0 0 0 0 0 0 0 0 0 0 0 0 0 0 0 0 0 0 0 0 0 0 0 0 0 0 0 0 0 0 0 0 0 0 0 0 0 0 0 0 0 0 0 0 0 0 0 0 0 0 0 0 0 0 0 0 0 0 0 0 0 0 0 0 0 0 0 0 0 0 0 0 0 0 0 0 0 0 0 0 0 0 0 0 0 1 0 0 0 0 0 0 0 0 0 0 0 0 0 0 0 0 0 0 0 0 0 0 0 0 0]
[2840525956762432448589407840106386463146973689092973765354020083237092761957194722253171172565598845105477351312138648400886135507666363316011343630019102278505450445777830138558508589793117779610037172515278590733360144710416896712364504133270058774026740321176086832250246602976209488732816225989954491630279255217242726193390659965247473189 0 0 0 0 0 0 0 0 0 0 0 0 0 0 0 0 0 0 0 0 0 0 0 0 0 0 0 0 0 0 0 0 0 0 0 0 0 0 0 0 0 0 0 0 0 0 0 0 0 0 0 0 0 0 0 0 0 0 0 0 0 0 0 0 0 0 0 0 0 0 0 0 0 0 0 0 0 0 0 0 0 0 0 0 0 0 0 0 1 0 0 0 0 0 0 0 0 0 0 0 0 0 0 0 0 0 0 0 0 0 0 0 0]
[1375757534725097182007189948620128358560885153165886786385142561751030483015478264117809723589993003972098462481060669300482716371965572978873182313295175263290237276213918919429065337271866384906518875030950479550622261239094838035376850963985201023535194965589476327522489105146523671761900877424513154505332047388956629278428868087368684944 0 0 0 0 0 0 0 0 0 0 0 0 0 0 0 0 0 0 0 0 0 0 0 0 0 0 0 0 0 0 0 0 0 0 0 0 0 0 0 0 0 0 0 0 0 0 0 0 0 0 0 0 0 0 0 0 0 0 0 0 0 0 0 0 0 0 0 0 0 0 0 0 0 0 0 0 0 0 0 0 0 0 0 0 0 0 0 0 0 1 0 0 0 0 0 0 0 0 0 0 0 0 0 0 0 0 0 0 0 0 0 0 0]
[6067160207369838365921070055757634980733175486177142415045877049425231288988308898067951068859992272426636292906164420434378290447191003851976751642439383697471440190386015083842697348377795813228433180893255931798261702493471403572553291970158742229124804104773227903590186198700316693634675214823499410238402318109687860977003837198890300443 0 0 0 0 0 0 0 0 0 0 0 0 0 0 0 0 0 0 0 0 0 0 0 0 0 0 0 0 0 0 0 0 0 0 0 0 0 0 0 0 0 0 0 0 0 0 0 0 0 0 0 0 0 0 0 0 0 0 0 0 0 0 0 0 0 0 0 0 0 0 0 0 0 0 0 0 0 0 0 0 0 0 0 0 0 0 0 0 0 0 1 0 0 0 0 0 0 0 0 0 0 0 0 0 0 0 0 0 0 0 0 0 0]
[5959307298907939843205183376654370281337525013989657019552970991149197348638139674442118401157012997122155023995366795471192116548141015894354239977932658268729419652929620078287568138459384537739090548005840825764287847024503731876819373628478997766722482366178051367396440962902020932449668105838648880164885435662120778665176232458189540939 0 0 0 0 0 0 0 0 0 0 0 0 0 0 0 0 0 0 0 0 0 0 0 0 0 0 0 0 0 0 0 0 0 0 0 0 0 0 0 0 0 0 0 0 0 0 0 0 0 0 0 0 0 0 0 0 0 0 0 0 0 0 0 0 0 0 0 0 0 0 0 0 0 0 0 0 0 0 0 0 0 0 0 0 0 0 0 0 0 0 0 1 0 0 0 0 0 0 0 0 0 0 0 0 0 0 0 0 0 0 0 0 0]
[3942486738985926758852433481523245199722397176958420542019503936102715109619729927410101189107384770821208006212379966337023636641041395943958929115757529168877848692177422853727734545239298083516017935715247890795933811327670497114766954505185404043719097221060678662368855059992724592916550592298669385094299155016172724013090553925583710709 0 0 0 0 0 0 0 0 0 0 0 0 0 0 0 0 0 0 0 0 0 0 0 0 0 0 0 0 0 0 0 0 0 0 0 0 0 0 0 0 0 0 0 0 0 0 0 0 0 0 0 0 0 0 0 0 0 0 0 0 0 0 0 0 0 0 0 0 0 0 0 0 0 0 0 0 0 0 0 0 0 0 0 0 0 0 0 0 0 0 0 0 1 0 0 0 0 0 0 0 0 0 0 0 0 0 0 0 0 0 0 0 0]
[4676011919360454709978173760340951686568901746666047668235333718743793516358828790716307676836583001605578727505708257926570855843135917678092051297892711054659868582471920722090437191924363667783519412597461201704307677856052769890995552870398690697537818024299588485034696507119506940795645697319507234071397052812000628808916486909702760389 0 0 0 0 0 0 0 0 0 0 0 0 0 0 0 0 0 0 0 0 0 0 0 0 0 0 0 0 0 0 0 0 0 0 0 0 0 0 0 0 0 0 0 0 0 0 0 0 0 0 0 0 0 0 0 0 0 0 0 0 0 0 0 0 0 0 0 0 0 0 0 0 0 0 0 0 0 0 0 0 0 0 0 0 0 0 0 0 0 0 0 0 0 1 0 0 0 0 0 0 0 0 0 0 0 0 0 0 0 0 0 0 0]
[10666080351769012522476939410265315129474964436898508689064160182886217459740008460840988072013357355140049769812763751077024942404985693163591898597058787318376888896393144408699282687716181025262878856453505796418075738343805812608053050699727851458819087521117579640852956553504696483036739735855457220581141539019249452600682742758917341286 0 0 0 0 0 0 0 0 0 0 0 0 0 0 0 0 0 0 0 0 0 0 0 0 0 0 0 0 0 0 0 0 0 0 0 0 0 0 0 0 0 0 0 0 0 0 0 0 0 0 0 0 0 0 0 0 0 0 0 0 0 0 0 0 0 0 0 0 0 0 0 0 0 0 0 0 0 0 0 0 0 0 0 0 0 0 0 0 0 0 0 0 0 0 1 0 0 0 0 0 0 0 0 0 0 0 0 0 0 0 0 0 0]
[8305517733392821606331354614772436652748503948735419620568307968663819255574267295728424426508688415743858860497932577215021638617986079198699501502378730939959547637051703106727769060620556659581616598663462456983471777458362502755398110440464074177416316124748921902012999965881162434613712145521501003406445786687159185729426824274558141578 0 0 0 0 0 0 0 0 0 0 0 0 0 0 0 0 0 0 0 0 0 0 0 0 0 0 0 0 0 0 0 0 0 0 0 0 0 0 0 0 0 0 0 0 0 0 0 0 0 0 0 0 0 0 0 0 0 0 0 0 0 0 0 0 0 0 0 0 0 0 0 0 0 0 0 0 0 0 0 0 0 0 0 0 0 0 0 0 0 0 0 0 0 0 0 1 0 0 0 0 0 0 0 0 0 0 0 0 0 0 0 0 0]
[7585326909238968376346726860320955062374688526858628433522841227570184161644214444031196762097177741277541001610748073601748196719465700089150787479410457776216055200314900965465354016816978062201089793806646788262001651359125794806646670027136029199335262830438980883344371700044787999310901969266593286658485210283350892758600894734269792727 0 0 0 0 0 0 0 0 0 0 0 0 0 0 0 0 0 0 0 0 0 0 0 0 0 0 0 0 0 0 0 0 0 0 0 0 0 0 0 0 0 0 0 0 0 0 0 0 0 0 0 0 0 0 0 0 0 0 0 0 0 0 0 0 0 0 0 0 0 0 0 0 0 0 0 0 0 0 0 0 0 0 0 0 0 0 0 0 0 0 0 0 0 0 0 0 1 0 0 0 0 0 0 0 0 0 0 0 0 0 0 0 0]
[5259319489506148501191542770059006707056549419754128351779569824624005332426649454945452289017160823032393477617731466978260345082627225603747650352284624636227013981966500211435131107400363693584100486204557594265947592212811898817370074235933333602688175719503864779742387522102257490697708018445773745188216831339551647634626631915245461829 0 0 0 0 0 0 0 0 0 0 0 0 0 0 0 0 0 0 0 0 0 0 0 0 0 0 0 0 0 0 0 0 0 0 0 0 0 0 0 0 0 0 0 0 0 0 0 0 0 0 0 0 0 0 0 0 0 0 0 0 0 0 0 0 0 0 0 0 0 0 0 0 0 0 0 0 0 0 0 0 0 0 0 0 0 0 0 0 0 0 0 0 0 0 0 0 0 1 0 0 0 0 0 0 0 0 0 0 0 0 0 0 0]
[5129369693587489820129827979273679229278360422228681014518887723981065234771786578055815236731806217196020947149068632475497601023754932722075658384110940943642854789504896011197659732785912260284877053100872637583221711611583601578534278340562753691978722633863157161662127181959285956549496004356023951828714355237061178042183827735717337026 0 0 0 0 0 0 0 0 0 0 0 0 0 0 0 0 0 0 0 0 0 0 0 0 0 0 0 0 0 0 0 0 0 0 0 0 0 0 0 0 0 0 0 0 0 0 0 0 0 0 0 0 0 0 0 0 0 0 0 0 0 0 0 0 0 0 0 0 0 0 0 0 0 0 0 0 0 0 0 0 0 0 0 0 0 0 0 0 0 0 0 0 0 0 0 0 0 0 1 0 0 0 0 0 0 0 0 0 0 0 0 0 0]
[8476429014174315281179227403832615822771413367531072245733140859439644204058194545141318841676693926460701001224723198901919180050958751935738904151792707681989939476714496049808964727868202652269175077371930040231666569415265942568869554806367472084823717566668218582310182595675478825985972005555075125086460321188180909747067653534872407264 0 0 0 0 0 0 0 0 0 0 0 0 0 0 0 0 0 0 0 0 0 0 0 0 0 0 0 0 0 0 0 0 0 0 0 0 0 0 0 0 0 0 0 0 0 0 0 0 0 0 0 0 0 0 0 0 0 0 0 0 0 0 0 0 0 0 0 0 0 0 0 0 0 0 0 0 0 0 0 0 0 0 0 0 0 0 0 0 0 0 0 0 0 0 0 0 0 0 0 1 0 0 0 0 0 0 0 0 0 0 0 0 0]
[5311387546900231031244134522838233096486589676696173957853177303451142680110301239468385947041900364787480897562382809045447385958569256910001172249349835745085212321177575090220261918036097680814971812973831854201771447116310085481339064826273945252015221426975742508231190312325295188596525442011353144834041291905619526874116096683296162209 0 0 0 0 0 0 0 0 0 0 0 0 0 0 0 0 0 0 0 0 0 0 0 0 0 0 0 0 0 0 0 0 0 0 0 0 0 0 0 0 0 0 0 0 0 0 0 0 0 0 0 0 0 0 0 0 0 0 0 0 0 0 0 0 0 0 0 0 0 0 0 0 0 0 0 0 0 0 0 0 0 0 0 0 0 0 0 0 0 0 0 0 0 0 0 0 0 0 0 0 1 0 0 0 0 0 0 0 0 0 0 0 0]
[9127274004245808432022321789024352765044529428379132517215514191072973814011648370600989366794309044895296105947545024561989271313259878888475538459420920278577172720659014097982329115405594961382820639473698999446559459441778382768262508074376229074044186090637647135290825936207681852709733075147081708055536055334259299820576675969052426924 0 0 0 0 0 0 0 0 0 0 0 0 0 0 0 0 0 0 0 0 0 0 0 0 0 0 0 0 0 0 0 0 0 0 0 0 0 0 0 0 0 0 0 0 0 0 0 0 0 0 0 0 0 0 0 0 0 0 0 0 0 0 0 0 0 0 0 0 0 0 0 0 0 0 0 0 0 0 0 0 0 0 0 0 0 0 0 0 0 0 0 0 0 0 0 0 0 0 0 0 0 1 0 0 0 0 0 0 0 0 0 0 0]
[8277988108143852238415295677284816370540486181349242296864803223359916355266344408120897364345816117023489924758530356942589484494993680708734805943800692514169054596515577463769401618712613055344627999040504649942384717363612113289637230965821611307665994897478950670392868053861776642115623751701199540931299862798129343722375704215699423388 0 0 0 0 0 0 0 0 0 0 0 0 0 0 0 0 0 0 0 0 0 0 0 0 0 0 0 0 0 0 0 0 0 0 0 0 0 0 0 0 0 0 0 0 0 0 0 0 0 0 0 0 0 0 0 0 0 0 0 0 0 0 0 0 0 0 0 0 0 0 0 0 0 0 0 0 0 0 0 0 0 0 0 0 0 0 0 0 0 0 0 0 0 0 0 0 0 0 0 0 0 0 1 0 0 0 0 0 0 0 0 0 0]
[1618253667282338621236908532281479113119893194494505095404039420810054250305621146866295492202994240134710822446167299326031040136456869457345709588221637869704391140351849954571419640509883893808311369856822668612914202029499913175223903650574053645962265295044486051821910965224210317551235817080974786110791030851060380246966618304311737767 0 0 0 0 0 0 0 0 0 0 0 0 0 0 0 0 0 0 0 0 0 0 0 0 0 0 0 0 0 0 0 0 0 0 0 0 0 0 0 0 0 0 0 0 0 0 0 0 0 0 0 0 0 0 0 0 0 0 0 0 0 0 0 0 0 0 0 0 0 0 0 0 0 0 0 0 0 0 0 0 0 0 0 0 0 0 0 0 0 0 0 0 0 0 0 0 0 0 0 0 0 0 0 1 0 0 0 0 0 0 0 0 0]
[3036225889800651432604428855529700208555873054546849444304360936966681877499448600702545463082751557276615247440775235176284932952180687453905549038713056885118553642702160136493566130671436016154842816830357027968858932782001428929965158227339987515901922014584002444720059125701557552824482290778761475369769424878588013923536239398675030115 0 0 0 0 0 0 0 0 0 0 0 0 0 0 0 0 0 0 0 0 0 0 0 0 0 0 0 0 0 0 0 0 0 0 0 0 0 0 0 0 0 0 0 0 0 0 0 0 0 0 0 0 0 0 0 0 0 0 0 0 0 0 0 0 0 0 0 0 0 0 0 0 0 0 0 0 0 0 0 0 0 0 0 0 0 0 0 0 0 0 0 0 0 0 0 0 0 0 0 0 0 0 0 0 1 0 0 0 0 0 0 0 0]
[3368180458075575973806679539637985078614971564741828551250048334072650865102537575760075381054607941997657183828620884189289649970756191937095621520428312442444798638003671232847034941702069953615277865748547410783949657072629219533001549528752660796483047102799196197389701498271348920803313005199810699449259737471245371152840960090796865464 0 0 0 0 0 0 0 0 0 0 0 0 0 0 0 0 0 0 0 0 0 0 0 0 0 0 0 0 0 0 0 0 0 0 0 0 0 0 0 0 0 0 0 0 0 0 0 0 0 0 0 0 0 0 0 0 0 0 0 0 0 0 0 0 0 0 0 0 0 0 0 0 0 0 0 0 0 0 0 0 0 0 0 0 0 0 0 0 0 0 0 0 0 0 0 0 0 0 0 0 0 0 0 0 0 1 0 0 0 0 0 0 0]
[3615212160086500017541130402585170923920568937833669666156837050170070399573432657229178819825792179786605541247088340092509369550264088744043914728962317878929837477567882621231676353182174073711369382234614671838707673794015068158183643770486239190265538522243957922866257381068104615745197500286741576948451528109813425229185425215480690299 0 0 0 0 0 0 0 0 0 0 0 0 0 0 0 0 0 0 0 0 0 0 0 0 0 0 0 0 0 0 0 0 0 0 0 0 0 0 0 0 0 0 0 0 0 0 0 0 0 0 0 0 0 0 0 0 0 0 0 0 0 0 0 0 0 0 0 0 0 0 0 0 0 0 0 0 0 0 0 0 0 0 0 0 0 0 0 0 0 0 0 0 0 0 0 0 0 0 0 0 0 0 0 0 0 0 1 0 0 0 0 0 0]
[7316860632051729726598296122374422656233328664748890151848166854997244129130412081210413854547194687602688168228344192563527287326359594869366956582671691050864829127944739325017006944554836050064441713437333712425079459323383878542638137711356084738917083774857509614922508069104620501080652067124262443203178934026286647805528611064317971257 0 0 0 0 0 0 0 0 0 0 0 0 0 0 0 0 0 0 0 0 0 0 0 0 0 0 0 0 0 0 0 0 0 0 0 0 0 0 0 0 0 0 0 0 0 0 0 0 0 0 0 0 0 0 0 0 0 0 0 0 0 0 0 0 0 0 0 0 0 0 0 0 0 0 0 0 0 0 0 0 0 0 0 0 0 0 0 0 0 0 0 0 0 0 0 0 0 0 0 0 0 0 0 0 0 0 0 1 0 0 0 0 0]
[4750936931165938603738455634156566849913308480559593771626014055032629906865973554672746138889398330329830514845856070533344423289267212156561540237488473008872280865847670939861763086271960575874580267496188745144211686980705689343790975351899294154342330576752652469248484638546043698119722850395251860459855636199278630960812919379317329881 0 0 0 0 0 0 0 0 0 0 0 0 0 0 0 0 0 0 0 0 0 0 0 0 0 0 0 0 0 0 0 0 0 0 0 0 0 0 0 0 0 0 0 0 0 0 0 0 0 0 0 0 0 0 0 0 0 0 0 0 0 0 0 0 0 0 0 0 0 0 0 0 0 0 0 0 0 0 0 0 0 0 0 0 0 0 0 0 0 0 0 0 0 0 0 0 0 0 0 0 0 0 0 0 0 0 0 0 1 0 0 0 0]
[9454066380315163005505967598520156728627888586221365689885398280527348206678333230315525934537873955295563538953277168402400965695742795986995164519855837730907607788856734984911896440068197171734214538220705710073864443489390091427055991758937800864016491780726894218681445017275010717153184700892185303815904669862881247712083102825128879733 0 0 0 0 0 0 0 0 0 0 0 0 0 0 0 0 0 0 0 0 0 0 0 0 0 0 0 0 0 0 0 0 0 0 0 0 0 0 0 0 0 0 0 0 0 0 0 0 0 0 0 0 0 0 0 0 0 0 0 0 0 0 0 0 0 0 0 0 0 0 0 0 0 0 0 0 0 0 0 0 0 0 0 0 0 0 0 0 0 0 0 0 0 0 0 0 0 0 0 0 0 0 0 0 0 0 0 0 0 1 0 0 0]
[6708258623931111065161780850373659275509881621354902564715834464289129693634940095580527371534764742729355478533607220993870244201363961485155761566420105613771397739556595292441864803850028937211091391756912918462750762653275057511265976144212220854947249187369680434301989034067906366600594298504546074967599294680283424555035873056669555959 0 0 0 0 0 0 0 0 0 0 0 0 0 0 0 0 0 0 0 0 0 0 0 0 0 0 0 0 0 0 0 0 0 0 0 0 0 0 0 0 0 0 0 0 0 0 0 0 0 0 0 0 0 0 0 0 0 0 0 0 0 0 0 0 0 0 0 0 0 0 0 0 0 0 0 0 0 0 0 0 0 0 0 0 0 0 0 0 0 0 0 0 0 0 0 0 0 0 0 0 0 0 0 0 0 0 0 0 0 0 1 0 0]
[2559806532525627290896390537607309341200292770830348224008375887510373163734374466715164159672965489828981276710904698311276324348139841399958601288610523065970213517308862978671802803888401467199367056035192141306797353875113990249921048395724994234142630227251043199555049098088754770091943927134467433989717761173391597665720206828566812667 0 0 0 0 0 0 0 0 0 0 0 0 0 0 0 0 0 0 0 0 0 0 0 0 0 0 0 0 0 0 0 0 0 0 0 0 0 0 0 0 0 0 0 0 0 0 0 0 0 0 0 0 0 0 0 0 0 0 0 0 0 0 0 0 0 0 0 0 0 0 0 0 0 0 0 0 0 0 0 0 0 0 0 0 0 0 0 0 0 0 0 0 0 0 0 0 0 0 0 0 0 0 0 0 0 0 0 0 0 0 0 1 0]
[8223369412817783250762322656936385591440766336604335170688618298836339594328347204221533536243690316184890103326340621798558059829933507791950615817578280387654755079826496078594039437947984169237899677774360472747552874569997761372617480933655690036199032291813261450583431499559795289289659124921705250170631644490036656643307867463849494760 0 0 0 0 0 0 0 0 0 0 0 0 0 0 0 0 0 0 0 0 0 0 0 0 0 0 0 0 0 0 0 0 0 0 0 0 0 0 0 0 0 0 0 0 0 0 0 0 0 0 0 0 0 0 0 0 0 0 0 0 0 0 0 0 0 0 0 0 0 0 0 0 0 0 0 0 0 0 0 0 0 0 0 0 0 0 0 0 0 0 0 0 0 0 0 0 0 0 0 0 0 0 0 0 0 0 0 0 0 0 0 0 1]
]
