[[5896279741220117224794525870035920020776986830501854020952503230337681925554876486798657997950118159682365669198189124211726020057594396207633570144604998203300456586060933143336754393530288644469391724368439913328620964842064905214442225143649 0 0 0 0 0 0 0 0 0 0 0 0 0 0 0 0 0 0 0 0 0 0 0 0 0 0 0 0 0 0 0 0 0 0 0 0 0 0 0 0 0 0 0 0 0 0 0 0 0 0 0 0 0 0 0 0 0 0 0 0 0 0 0 0 0 0 0 0 0 0 0 0 0 0 0 0 0 0 0 0]
[3170835244087335574777351458550253482449161370548280762665951173528104566368444507070276411580489428524152607985874286296132914441669270879217046362054478379077223174511762222416782674409878876439719948509096142589849885872410060886865249628758 1 0 0 0 0 0 0 0 0 0 0 0 0 0 0 0 0 0 0 0 0 0 0 0 0 0 0 0 0 0 0 0 0 0 0 0 0 0 0 0 0 0 0 0 0 0 0 0 0 0 0 0 0 0 0 0 0 0 0 0 0 0 0 0 0 0 0 0 0 0 0 0 0 0 0 0 0 0 0 0]
[2156207556422408520975740715120721344079105080418893512586012104404527962412327679234174916360220174098467593699818373912282184311083404802858660658194193943757598749621175133911013677898844046448141091144740885142116982711984625934145078040354 0 1 0 0 0 0 0 0 0 0 0 0 0 0 0 0 0 0 0 0 0 0 0 0 0 0 0 0 0 0 0 0 0 0 0 0 0 0 0 0 0 0 0 0 0 0 0 0 0 0 0 0 0 0 0 0 0 0 0 0 0 0 0 0 0 0 0 0 0 0 0 0 0 0 0 0 0 0 0 0]
[4349585880441110357901160363204976516182546988576453492093976839395020367865485974444475527497411128886961563004983806764428306073479291276174845096645566268946147691791130624077738004611226277898751550717424108486215892357770491155904449291100 0 0 1 0 0 0 0 0 0 0 0 0 0 0 0 0 0 0 0 0 0 0 0 0 0 0 0 0 0 0 0 0 0 0 0 0 0 0 0 0 0 0 0 0 0 0 0 0 0 0 0 0 0 0 0 0 0 0 0 0 0 0 0 0 0 0 0 0 0 0 0 0 0 0 0 0 0 0 0 0]
[671838345635592358831270684884506214006243646710609636394812616980558255739544267596216008802167267592913309796509355291599302460924779501488218856111627290116595715790807315085677478313089794897593986183687748264764646596400096068868415571246 0 0 0 1 0 0 0 0 0 0 0 0 0 0 0 0 0 0 0 0 0 0 0 0 0 0 0 0 0 0 0 0 0 0 0 0 0 0 0 0 0 0 0 0 0 0 0 0 0 0 0 0 0 0 0 0 0 0 0 0 0 0 0 0 0 0 0 0 0 0 0 0 0 0 0 0 0 0 0 0]
[4647578506982222401035180197224471808485767345969065993560595044934990718738053293497564780268256486642414484160249921185423430118120824831736846975362615223749825614018503943973093304552524468420469950629033033729227274673507730326226166761300 0 0 0 0 1 0 0 0 0 0 0 0 0 0 0 0 0 0 0 0 0 0 0 0 0 0 0 0 0 0 0 0 0 0 0 0 0 0 0 0 0 0 0 0 0 0 0 0 0 0 0 0 0 0 0 0 0 0 0 0 0 0 0 0 0 0 0 0 0 0 0 0 0 0 0 0 0 0 0 0]
[4162122003598402992094810783074227408115036411404313449448187510176169200691537867802205488750576206381733957072344715362752736617196222852709164372549158914157727906572370077490375961858905832045997789998962069012649981363426661391348554018052 0 0 0 0 0 1 0 0 0 0 0 0 0 0 0 0 0 0 0 0 0 0 0 0 0 0 0 0 0 0 0 0 0 0 0 0 0 0 0 0 0 0 0 0 0 0 0 0 0 0 0 0 0 0 0 0 0 0 0 0 0 0 0 0 0 0 0 0 0 0 0 0 0 0 0 0 0 0 0 0]
[3795999020061007006774948219493468617970746757246806122419937409258926956586453591398178962965973941588208789150188090173201634053585921393993999330484418855851299728343413863482397536454359982990925493091562608539972331848226558807635506156153 0 0 0 0 0 0 1 0 0 0 0 0 0 0 0 0 0 0 0 0 0 0 0 0 0 0 0 0 0 0 0 0 0 0 0 0 0 0 0 0 0 0 0 0 0 0 0 0 0 0 0 0 0 0 0 0 0 0 0 0 0 0 0 0 0 0 0 0 0 0 0 0 0 0 0 0 0 0 0 0]
[1956150550293830828870884438469873320875915542733292577594120376424048583579023460451724434384071758478654755049997637277610274209116526048615160777062471206744034094615163888599984927587598364390732729938439636662969314091761202272453742535750 0 0 0 0 0 0 0 1 0 0 0 0 0 0 0 0 0 0 0 0 0 0 0 0 0 0 0 0 0 0 0 0 0 0 0 0 0 0 0 0 0 0 0 0 0 0 0 0 0 0 0 0 0 0 0 0 0 0 0 0 0 0 0 0 0 0 0 0 0 0 0 0 0 0 0 0 0 0 0 0]
[2495854231262913547116249588379606378253037860555504580955969644122468118469828761241433824394652086174275511431728170187769724841488885294786288491615804669356009890090497802457787874970596464371352591634668077746563801293955730274493561681798 0 0 0 0 0 0 0 0 1 0 0 0 0 0 0 0 0 0 0 0 0 0 0 0 0 0 0 0 0 0 0 0 0 0 0 0 0 0 0 0 0 0 0 0 0 0 0 0 0 0 0 0 0 0 0 0 0 0 0 0 0 0 0 0 0 0 0 0 0 0 0 0 0 0 0 0 0 0 0 0]
[2536280576560203305663352002278804294281405725272210502137453506962134507957765983597866662138654976216241356040585222701838456958869402098472805688512087425473335932801687866202449469819530625342586547465728436815194543421825559430283627231685 0 0 0 0 0 0 0 0 0 1 0 0 0 0 0 0 0 0 0 0 0 0 0 0 0 0 0 0 0 0 0 0 0 0 0 0 0 0 0 0 0 0 0 0 0 0 0 0 0 0 0 0 0 0 0 0 0 0 0 0 0 0 0 0 0 0 0 0 0 0 0 0 0 0 0 0 0 0 0 0]
[4341784534726945231813202304945864575539252109970858142611404546193512005298343376556170262877834812713820172767181561429324075406757221851412699503380278718304925542087819824563276741893313266744788955013913944278876735873475173482113975141296 0 0 0 0 0 0 0 0 0 0 1 0 0 0 0 0 0 0 0 0 0 0 0 0 0 0 0 0 0 0 0 0 0 0 0 0 0 0 0 0 0 0 0 0 0 0 0 0 0 0 0 0 0 0 0 0 0 0 0 0 0 0 0 0 0 0 0 0 0 0 0 0 0 0 0 0 0 0 0 0]
[1499348963799149942943718097973339338832149114226924575085016029717299216913769462634044934857055889547197635440487813347848637230353669591975885326989010702842622790650935084703764074785500860312511841257322095432620173956316144614821802893899 0 0 0 0 0 0 0 0 0 0 0 1 0 0 0 0 0 0 0 0 0 0 0 0 0 0 0 0 0 0 0 0 0 0 0 0 0 0 0 0 0 0 0 0 0 0 0 0 0 0 0 0 0 0 0 0 0 0 0 0 0 0 0 0 0 0 0 0 0 0 0 0 0 0 0 0 0 0 0 0]
[709359126007484611361422350349275007480458441721581615456450358739868313393991478855160192428107638568956279584219717307911116145662612083069666216812997645428994801375853355397508722033221714786653643860576833735299806841886466760418097367595 0 0 0 0 0 0 0 0 0 0 0 0 1 0 0 0 0 0 0 0 0 0 0 0 0 0 0 0 0 0 0 0 0 0 0 0 0 0 0 0 0 0 0 0 0 0 0 0 0 0 0 0 0 0 0 0 0 0 0 0 0 0 0 0 0 0 0 0 0 0 0 0 0 0 0 0 0 0 0 0]
[2047657198619577471248114725037781651990677439903114998302498132395514993990350975875958113979173730131437329419023389337688833652308139896574791198532770444512259086090099004098628433222914295620624505840624125780866997717948040257342778681367 0 0 0 0 0 0 0 0 0 0 0 0 0 1 0 0 0 0 0 0 0 0 0 0 0 0 0 0 0 0 0 0 0 0 0 0 0 0 0 0 0 0 0 0 0 0 0 0 0 0 0 0 0 0 0 0 0 0 0 0 0 0 0 0 0 0 0 0 0 0 0 0 0 0 0 0 0 0 0 0]
[4219531752056363149247253577210905669167645482817628760349962406923095529033226860693195818797678341823998898113055206703322456484022293851336670838975405044500983557367026679256043367444663805173279407444630785084116053092481105088175190632793 0 0 0 0 0 0 0 0 0 0 0 0 0 0 1 0 0 0 0 0 0 0 0 0 0 0 0 0 0 0 0 0 0 0 0 0 0 0 0 0 0 0 0 0 0 0 0 0 0 0 0 0 0 0 0 0 0 0 0 0 0 0 0 0 0 0 0 0 0 0 0 0 0 0 0 0 0 0 0 0]
[5567690857224820852414387071869889380134370239062959223805973277439968774503152835352680347499139726222608111630906472282160191951609616927455515566886081608784854532236261275870108155233410474312804090315398923611767808876633372411577403359869 0 0 0 0 0 0 0 0 0 0 0 0 0 0 0 1 0 0 0 0 0 0 0 0 0 0 0 0 0 0 0 0 0 0 0 0 0 0 0 0 0 0 0 0 0 0 0 0 0 0 0 0 0 0 0 0 0 0 0 0 0 0 0 0 0 0 0 0 0 0 0 0 0 0 0 0 0 0 0 0]
[1205010787768032987423756486622403957418734482685043597377670795242613600942128837182518566962530975153891736888572628179042175606477450575558276738874401936004330513204715783394223020568414423812730940723600990347655034944854008903169396061984 0 0 0 0 0 0 0 0 0 0 0 0 0 0 0 0 1 0 0 0 0 0 0 0 0 0 0 0 0 0 0 0 0 0 0 0 0 0 0 0 0 0 0 0 0 0 0 0 0 0 0 0 0 0 0 0 0 0 0 0 0 0 0 0 0 0 0 0 0 0 0 0 0 0 0 0 0 0 0 0]
[1653535026478687828275992122209118220921511267367562578972249725523814798879484069218000482115123230698256097912862897875899388417418328409757320326116378333957828907757422373430080525800889226776781363345891181735456793491337735773548322397561 0 0 0 0 0 0 0 0 0 0 0 0 0 0 0 0 0 1 0 0 0 0 0 0 0 0 0 0 0 0 0 0 0 0 0 0 0 0 0 0 0 0 0 0 0 0 0 0 0 0 0 0 0 0 0 0 0 0 0 0 0 0 0 0 0 0 0 0 0 0 0 0 0 0 0 0 0 0 0 0]
[5427874116603881692361625798401088608364518091721764082772916818488928989652384356591264859991686108326826127152435890310663699821706722860781287784072320208061069828174232759094380444731849664776738930661429617266826622852877913360370761829168 0 0 0 0 0 0 0 0 0 0 0 0 0 0 0 0 0 0 1 0 0 0 0 0 0 0 0 0 0 0 0 0 0 0 0 0 0 0 0 0 0 0 0 0 0 0 0 0 0 0 0 0 0 0 0 0 0 0 0 0 0 0 0 0 0 0 0 0 0 0 0 0 0 0 0 0 0 0 0 0]
[3107343267626844317367692860482213887292927441825967492285791409148899715213023625262572118580072016785146394851515153903540365117306131425353468810094552372974557761407449316214640912856730945394400303917738956473876067773145202171380810817917 0 0 0 0 0 0 0 0 0 0 0 0 0 0 0 0 0 0 0 1 0 0 0 0 0 0 0 0 0 0 0 0 0 0 0 0 0 0 0 0 0 0 0 0 0 0 0 0 0 0 0 0 0 0 0 0 0 0 0 0 0 0 0 0 0 0 0 0 0 0 0 0 0 0 0 0 0 0 0 0]
[3701866052423180169804558530460591655333500239586745579347676440946674264396712198328735687640276345709495977367068747715198880355741014344403937754682875876635783160970600993640892657581480237177549469911033964206832590867140371861604517202409 0 0 0 0 0 0 0 0 0 0 0 0 0 0 0 0 0 0 0 0 1 0 0 0 0 0 0 0 0 0 0 0 0 0 0 0 0 0 0 0 0 0 0 0 0 0 0 0 0 0 0 0 0 0 0 0 0 0 0 0 0 0 0 0 0 0 0 0 0 0 0 0 0 0 0 0 0 0 0 0]
[4563649158070093488943136060093429312893690994769018046148055508124590298983646394812390681120705375846234266103097890419976443002330619274694081176454604152941037040993731014736285533967471626509506416471569434011839805443875346504390042838988 0 0 0 0 0 0 0 0 0 0 0 0 0 0 0 0 0 0 0 0 0 1 0 0 0 0 0 0 0 0 0 0 0 0 0 0 0 0 0 0 0 0 0 0 0 0 0 0 0 0 0 0 0 0 0 0 0 0 0 0 0 0 0 0 0 0 0 0 0 0 0 0 0 0 0 0 0 0 0 0]
[2168547134744242027103498102222375816383108779854798904904779991152525829737634516842271613669520995096005464700686210689217866552707224303677147088738362272259586637208542389575831291853157291780136163362118224444405052322932929198396296562455 0 0 0 0 0 0 0 0 0 0 0 0 0 0 0 0 0 0 0 0 0 0 1 0 0 0 0 0 0 0 0 0 0 0 0 0 0 0 0 0 0 0 0 0 0 0 0 0 0 0 0 0 0 0 0 0 0 0 0 0 0 0 0 0 0 0 0 0 0 0 0 0 0 0 0 0 0 0 0 0]
[3249450958257611286879979553459697211800602681320636552342501577584633907161667156458347608063094605635362135501077321679403473155274775817578137855155752036882282218560050821831610596908215312611302781916236593476030508334980034132327621383296 0 0 0 0 0 0 0 0 0 0 0 0 0 0 0 0 0 0 0 0 0 0 0 1 0 0 0 0 0 0 0 0 0 0 0 0 0 0 0 0 0 0 0 0 0 0 0 0 0 0 0 0 0 0 0 0 0 0 0 0 0 0 0 0 0 0 0 0 0 0 0 0 0 0 0 0 0 0 0 0]
[3179007367100521816321948532957938967534760202823248419616920760871317137328048965960522180603121958974498129741228806315648085711832147606858780984322209368573552485625048555653206815002555356301618392112757671653835907438835934637880798813013 0 0 0 0 0 0 0 0 0 0 0 0 0 0 0 0 0 0 0 0 0 0 0 0 1 0 0 0 0 0 0 0 0 0 0 0 0 0 0 0 0 0 0 0 0 0 0 0 0 0 0 0 0 0 0 0 0 0 0 0 0 0 0 0 0 0 0 0 0 0 0 0 0 0 0 0 0 0 0 0]
[1101971466825828286347373728142968423423265932292745979893291872835951906034983416555716050265450023732423453698827561599532674212398119458185156500843686365882854558297874018977270321633904805903141026063195712437285716118469019195967902134903 0 0 0 0 0 0 0 0 0 0 0 0 0 0 0 0 0 0 0 0 0 0 0 0 0 1 0 0 0 0 0 0 0 0 0 0 0 0 0 0 0 0 0 0 0 0 0 0 0 0 0 0 0 0 0 0 0 0 0 0 0 0 0 0 0 0 0 0 0 0 0 0 0 0 0 0 0 0 0 0]
[5450141997156485201293617665068157052289802377426853432307729023520030964803372427688444383143208072567171056827282178083791232354494057227330012155947223667281452080635079594566984268169023225690181126340305226776017041889651913822647182700297 0 0 0 0 0 0 0 0 0 0 0 0 0 0 0 0 0 0 0 0 0 0 0 0 0 0 1 0 0 0 0 0 0 0 0 0 0 0 0 0 0 0 0 0 0 0 0 0 0 0 0 0 0 0 0 0 0 0 0 0 0 0 0 0 0 0 0 0 0 0 0 0 0 0 0 0 0 0 0 0]
[3958901992801753779854625750754059694991072145236160092972081100453703259806585065002712413816352631642068787083202605122517422622833981679805077340380990706932639735682421928287576260350073183388399473941264507451297948660961769041053146077403 0 0 0 0 0 0 0 0 0 0 0 0 0 0 0 0 0 0 0 0 0 0 0 0 0 0 0 1 0 0 0 0 0 0 0 0 0 0 0 0 0 0 0 0 0 0 0 0 0 0 0 0 0 0 0 0 0 0 0 0 0 0 0 0 0 0 0 0 0 0 0 0 0 0 0 0 0 0 0 0]
[5058484524203133740402500933787638424951052110759607150492093982579701238880811988992400451762229683570359939444695279754897281374878537430964438474901622580026093256796789476706113677118432446189510724455911492995262130697234860348282811988431 0 0 0 0 0 0 0 0 0 0 0 0 0 0 0 0 0 0 0 0 0 0 0 0 0 0 0 0 1 0 0 0 0 0 0 0 0 0 0 0 0 0 0 0 0 0 0 0 0 0 0 0 0 0 0 0 0 0 0 0 0 0 0 0 0 0 0 0 0 0 0 0 0 0 0 0 0 0 0 0]
[3155705217461936905862179611757449480248216199634000289906037904585550383047553557682393214113853949682447032037612318462966465702733848155955460634319819715648436816590410790691199177567366548756885879018541418693508509546714825033146036423068 0 0 0 0 0 0 0 0 0 0 0 0 0 0 0 0 0 0 0 0 0 0 0 0 0 0 0 0 0 1 0 0 0 0 0 0 0 0 0 0 0 0 0 0 0 0 0 0 0 0 0 0 0 0 0 0 0 0 0 0 0 0 0 0 0 0 0 0 0 0 0 0 0 0 0 0 0 0 0 0]
[5714597800450691012179973027753602415154044277559376260499918837108657091249733059161229636361479830377810089435320496604277741842341330972946394587446462721309710651698685258523395659718264883918700685870178293824142805373051910659112137303113 0 0 0 0 0 0 0 0 0 0 0 0 0 0 0 0 0 0 0 0 0 0 0 0 0 0 0 0 0 0 1 0 0 0 0 0 0 0 0 0 0 0 0 0 0 0 0 0 0 0 0 0 0 0 0 0 0 0 0 0 0 0 0 0 0 0 0 0 0 0 0 0 0 0 0 0 0 0 0 0]
[1822124797875493156140305053379615606163626500113439537979676323709800172022150296489091063212151073110956927843890670008097045148584068158195962171380460809882315999998950785762719783661587867246026967515474771498915657450875062800738859775519 0 0 0 0 0 0 0 0 0 0 0 0 0 0 0 0 0 0 0 0 0 0 0 0 0 0 0 0 0 0 0 1 0 0 0 0 0 0 0 0 0 0 0 0 0 0 0 0 0 0 0 0 0 0 0 0 0 0 0 0 0 0 0 0 0 0 0 0 0 0 0 0 0 0 0 0 0 0 0 0]
[3311580837620864007372826332627006563861873147217523528288853761743620180077872254986091639427867283984151651799667464854974003009871659170442116283852941170312116101898190524938581001756326463680157308982485207916397055617014214585069331649983 0 0 0 0 0 0 0 0 0 0 0 0 0 0 0 0 0 0 0 0 0 0 0 0 0 0 0 0 0 0 0 0 1 0 0 0 0 0 0 0 0 0 0 0 0 0 0 0 0 0 0 0 0 0 0 0 0 0 0 0 0 0 0 0 0 0 0 0 0 0 0 0 0 0 0 0 0 0 0 0]
[3400072020921906355903186147356203589181303879109275870720680742999608799468897588900500451466702648859120887428742512539166083549306538730482569359242489056794224506210220282376176776318745942297337485755505704681111351189655237124665427412535 0 0 0 0 0 0 0 0 0 0 0 0 0 0 0 0 0 0 0 0 0 0 0 0 0 0 0 0 0 0 0 0 0 1 0 0 0 0 0 0 0 0 0 0 0 0 0 0 0 0 0 0 0 0 0 0 0 0 0 0 0 0 0 0 0 0 0 0 0 0 0 0 0 0 0 0 0 0 0 0]
[2936898362316347444048997539405593676617439820752964218357124652696444968125817492764448082167966917686312354286353414543689894064459905753950310618525352706513701646113567303756396820086621439586802455015992290780089338180384593908285271287804 0 0 0 0 0 0 0 0 0 0 0 0 0 0 0 0 0 0 0 0 0 0 0 0 0 0 0 0 0 0 0 0 0 0 1 0 0 0 0 0 0 0 0 0 0 0 0 0 0 0 0 0 0 0 0 0 0 0 0 0 0 0 0 0 0 0 0 0 0 0 0 0 0 0 0 0 0 0 0 0]
[543944648588050399348561784098124349623776945427118499864105056139136006844015150851756565119858372056252810356183394668975944002229547138351679265600644336373365455381870940744304779640941415698625070886185800187881525812614723086866391597055 0 0 0 0 0 0 0 0 0 0 0 0 0 0 0 0 0 0 0 0 0 0 0 0 0 0 0 0 0 0 0 0 0 0 0 1 0 0 0 0 0 0 0 0 0 0 0 0 0 0 0 0 0 0 0 0 0 0 0 0 0 0 0 0 0 0 0 0 0 0 0 0 0 0 0 0 0 0 0 0]
[1542645747708689314492867546701020123955569223943932786807128706475871667726744576810542493479914402395056382572100104205348531799201720192063824857442742923486085505447462057030594775453285669377996769926555790140299095946549256770939770357816 0 0 0 0 0 0 0 0 0 0 0 0 0 0 0 0 0 0 0 0 0 0 0 0 0 0 0 0 0 0 0 0 0 0 0 0 1 0 0 0 0 0 0 0 0 0 0 0 0 0 0 0 0 0 0 0 0 0 0 0 0 0 0 0 0 0 0 0 0 0 0 0 0 0 0 0 0 0 0 0]
[2712770821467070881568423701812200266964902919821485378575353719531269696265657011521132050168683633332936989593381320409932238785579817023953500078653601690105498737342963272696556814321703452101551306773610415412953521947288215628847300629770 0 0 0 0 0 0 0 0 0 0 0 0 0 0 0 0 0 0 0 0 0 0 0 0 0 0 0 0 0 0 0 0 0 0 0 0 0 1 0 0 0 0 0 0 0 0 0 0 0 0 0 0 0 0 0 0 0 0 0 0 0 0 0 0 0 0 0 0 0 0 0 0 0 0 0 0 0 0 0 0]
[243800299408671708101200460842633876568940428668612840039133895720865837011076148933056181692063900107092743161592881253995317238671757683290119194451563776592675170145635689310577419977216736932807722011592987284087968087243173067931228268845 0 0 0 0 0 0 0 0 0 0 0 0 0 0 0 0 0 0 0 0 0 0 0 0 0 0 0 0 0 0 0 0 0 0 0 0 0 0 1 0 0 0 0 0 0 0 0 0 0 0 0 0 0 0 0 0 0 0 0 0 0 0 0 0 0 0 0 0 0 0 0 0 0 0 0 0 0 0 0 0]
[2458062271265523329709532457593023170799710343188760756568530690370914052922582497477261832664344545711534594591743794212093185445861106496010795026487653491905355336839263842381800982576115257656108203337365137630300881748096351108821319165251 0 0 0 0 0 0 0 0 0 0 0 0 0 0 0 0 0 0 0 0 0 0 0 0 0 0 0 0 0 0 0 0 0 0 0 0 0 0 0 1 0 0 0 0 0 0 0 0 0 0 0 0 0 0 0 0 0 0 0 0 0 0 0 0 0 0 0 0 0 0 0 0 0 0 0 0 0 0 0 0]
[4184901747096536115710567996657938184736326755992590233251465596509507199083742562559922542344241118011603831303448882438279319028083473465537238206788818092925240879662752823056029501165897192780660207553661686722329501733398844991848077883005 0 0 0 0 0 0 0 0 0 0 0 0 0 0 0 0 0 0 0 0 0 0 0 0 0 0 0 0 0 0 0 0 0 0 0 0 0 0 0 0 1 0 0 0 0 0 0 0 0 0 0 0 0 0 0 0 0 0 0 0 0 0 0 0 0 0 0 0 0 0 0 0 0 0 0 0 0 0 0 0]
[3029717227555199149198195509089561342073787149686495904943011311943076104398608174933860247594871697422159789385975531478531185027828830111031249213824632310604545132900047484173368744615236676183661549589770153880547409547937339600534947196495 0 0 0 0 0 0 0 0 0 0 0 0 0 0 0 0 0 0 0 0 0 0 0 0 0 0 0 0 0 0 0 0 0 0 0 0 0 0 0 0 0 1 0 0 0 0 0 0 0 0 0 0 0 0 0 0 0 0 0 0 0 0 0 0 0 0 0 0 0 0 0 0 0 0 0 0 0 0 0 0]
[5659617298528003240407758135032187090615118448956376666356279265082816507359089446061998425770902606850797380785476694269691820880209348177038986609820163490419824174595693526670689258194298310417802845062688435351786290452632974442554861260259 0 0 0 0 0 0 0 0 0 0 0 0 0 0 0 0 0 0 0 0 0 0 0 0 0 0 0 0 0 0 0 0 0 0 0 0 0 0 0 0 0 0 1 0 0 0 0 0 0 0 0 0 0 0 0 0 0 0 0 0 0 0 0 0 0 0 0 0 0 0 0 0 0 0 0 0 0 0 0 0]
[580512597199149262767607994585811501889877414739218367192703494881139085479102486026076295182318431619190938462552922664882272993773517932328170579152181959908306645946473185643267653776050060406098695270814595730476908333638839089224414914743 0 0 0 0 0 0 0 0 0 0 0 0 0 0 0 0 0 0 0 0 0 0 0 0 0 0 0 0 0 0 0 0 0 0 0 0 0 0 0 0 0 0 0 1 0 0 0 0 0 0 0 0 0 0 0 0 0 0 0 0 0 0 0 0 0 0 0 0 0 0 0 0 0 0 0 0 0 0 0 0]
[1408185082372137151640796768929785125197907334665319439772014897092796341750787756210730662009233531554018898786739677316218633011363877738865981731135182427963139346657401650441414806339107805024861669724822534042863508356021421599386526184519 0 0 0 0 0 0 0 0 0 0 0 0 0 0 0 0 0 0 0 0 0 0 0 0 0 0 0 0 0 0 0 0 0 0 0 0 0 0 0 0 0 0 0 0 1 0 0 0 0 0 0 0 0 0 0 0 0 0 0 0 0 0 0 0 0 0 0 0 0 0 0 0 0 0 0 0 0 0 0 0]
[407240443060648481746281472321479770160510489921546702961284550950757410896769014830156357744837794414468417862449451685140389144703892739990027434686379141414889042732206746584223632473999422350523292033972778322865332448346538871145155973043 0 0 0 0 0 0 0 0 0 0 0 0 0 0 0 0 0 0 0 0 0 0 0 0 0 0 0 0 0 0 0 0 0 0 0 0 0 0 0 0 0 0 0 0 0 1 0 0 0 0 0 0 0 0 0 0 0 0 0 0 0 0 0 0 0 0 0 0 0 0 0 0 0 0 0 0 0 0 0 0]
[2027570213096000296153040881125663505291174713900529503627276848717779982530613017716966652296857634445787813586675276399406794913901834671689820966982440777868518115214778718242815541191469031299476177904518639694508438141401881295351375974225 0 0 0 0 0 0 0 0 0 0 0 0 0 0 0 0 0 0 0 0 0 0 0 0 0 0 0 0 0 0 0 0 0 0 0 0 0 0 0 0 0 0 0 0 0 0 1 0 0 0 0 0 0 0 0 0 0 0 0 0 0 0 0 0 0 0 0 0 0 0 0 0 0 0 0 0 0 0 0 0]
[4912276730528097401774559856468009091482825865461314414998099477111286806149037350563444485286372046989952667440336557870619810438135791432080551022551527731551354836823181557967163458780380851131286565531846723194816173072139989009318127741315 0 0 0 0 0 0 0 0 0 0 0 0 0 0 0 0 0 0 0 0 0 0 0 0 0 0 0 0 0 0 0 0 0 0 0 0 0 0 0 0 0 0 0 0 0 0 0 1 0 0 0 0 0 0 0 0 0 0 0 0 0 0 0 0 0 0 0 0 0 0 0 0 0 0 0 0 0 0 0 0]
[2357908664634326463732254763937098114249206780649124136915953126383760037924439427441211322074100394620804893768520042955430080236699990918454764768696370709275476813266946638405490679884756695908107733162876918513542528580928620802007982086099 0 0 0 0 0 0 0 0 0 0 0 0 0 0 0 0 0 0 0 0 0 0 0 0 0 0 0 0 0 0 0 0 0 0 0 0 0 0 0 0 0 0 0 0 0 0 0 0 1 0 0 0 0 0 0 0 0 0 0 0 0 0 0 0 0 0 0 0 0 0 0 0 0 0 0 0 0 0 0 0]
[5403988874357771555732651906117875817823792880156232158592560493157375766430045467464686837393160080333747105371567066244360734744421610167680407839043028359780581534237579117373662832934434324008597860393139683284749095427880902364351308579579 0 0 0 0 0 0 0 0 0 0 0 0 0 0 0 0 0 0 0 0 0 0 0 0 0 0 0 0 0 0 0 0 0 0 0 0 0 0 0 0 0 0 0 0 0 0 0 0 0 1 0 0 0 0 0 0 0 0 0 0 0 0 0 0 0 0 0 0 0 0 0 0 0 0 0 0 0 0 0 0]
[4297497208186398545702318078708776873642180840988732591033116139262739554665563372292035113680868398450722712344799804095492429551802731760730308583064241703772978551619906841314980011365538279756610391349932447404750483689866220686444381676061 0 0 0 0 0 0 0 0 0 0 0 0 0 0 0 0 0 0 0 0 0 0 0 0 0 0 0 0 0 0 0 0 0 0 0 0 0 0 0 0 0 0 0 0 0 0 0 0 0 0 1 0 0 0 0 0 0 0 0 0 0 0 0 0 0 0 0 0 0 0 0 0 0 0 0 0 0 0 0 0]
[5206789454951075115069217422965449152587460615905090359974080340257400813133294280778440738818587598583749553907083577580419770431951028103030500866268980337029461226943188386359903923983671675194071286090238261576788324325025732481653456680056 0 0 0 0 0 0 0 0 0 0 0 0 0 0 0 0 0 0 0 0 0 0 0 0 0 0 0 0 0 0 0 0 0 0 0 0 0 0 0 0 0 0 0 0 0 0 0 0 0 0 0 1 0 0 0 0 0 0 0 0 0 0 0 0 0 0 0 0 0 0 0 0 0 0 0 0 0 0 0 0]
[3892652734591179192995732910796626547623346530265406301706826704617531688152191745331804605382393629421010966393532113029415560099749200543741312051214454544741060462714852188171462843158506846524569129348035460879179578365652610202330262789108 0 0 0 0 0 0 0 0 0 0 0 0 0 0 0 0 0 0 0 0 0 0 0 0 0 0 0 0 0 0 0 0 0 0 0 0 0 0 0 0 0 0 0 0 0 0 0 0 0 0 0 0 1 0 0 0 0 0 0 0 0 0 0 0 0 0 0 0 0 0 0 0 0 0 0 0 0 0 0 0]
[2604441304537224711062103215280036559442150278740937560671454213445710366292015194780291397111946212956218767519045105424237827399244205582973352217691710987122488415056406444180470717515041682064300089199018122221594814634209984672194259699806 0 0 0 0 0 0 0 0 0 0 0 0 0 0 0 0 0 0 0 0 0 0 0 0 0 0 0 0 0 0 0 0 0 0 0 0 0 0 0 0 0 0 0 0 0 0 0 0 0 0 0 0 0 1 0 0 0 0 0 0 0 0 0 0 0 0 0 0 0 0 0 0 0 0 0 0 0 0 0 0]
[3530289899469301429218788738451450621183022207675100881400309035939222708755628779866449404280483447531201188388605420238166312447146360510905245000351051059016991753041465673914551596305572360494117077532483060546390131379878073967061715160567 0 0 0 0 0 0 0 0 0 0 0 0 0 0 0 0 0 0 0 0 0 0 0 0 0 0 0 0 0 0 0 0 0 0 0 0 0 0 0 0 0 0 0 0 0 0 0 0 0 0 0 0 0 0 1 0 0 0 0 0 0 0 0 0 0 0 0 0 0 0 0 0 0 0 0 0 0 0 0 0]
[1674538748198682635880436486891533081633116591165608317834849614664557426983652517736784294627095767659340726696923981317803913704309473232123532318175548817598885812461369542126458307576706504233925071753599245941973806308087897445644208212469 0 0 0 0 0 0 0 0 0 0 0 0 0 0 0 0 0 0 0 0 0 0 0 0 0 0 0 0 0 0 0 0 0 0 0 0 0 0 0 0 0 0 0 0 0 0 0 0 0 0 0 0 0 0 0 1 0 0 0 0 0 0 0 0 0 0 0 0 0 0 0 0 0 0 0 0 0 0 0 0]
[5312814786473977830841606134641454616559862318583757573196858914619932673188136064362295393276817241256950441220398121964363750673440071090301090684425993614848740759657892493001352365073917633274366731804558456776497961150227889995552157899064 0 0 0 0 0 0 0 0 0 0 0 0 0 0 0 0 0 0 0 0 0 0 0 0 0 0 0 0 0 0 0 0 0 0 0 0 0 0 0 0 0 0 0 0 0 0 0 0 0 0 0 0 0 0 0 0 1 0 0 0 0 0 0 0 0 0 0 0 0 0 0 0 0 0 0 0 0 0 0 0]
[1298592567844231162436739141973639501667089611258404814794980805083414510907381481304811420984517176677631392772052483459632053400117165993838110534970046106180105626360587796440613939927772195329796329351693919906747295109090373503045445168440 0 0 0 0 0 0 0 0 0 0 0 0 0 0 0 0 0 0 0 0 0 0 0 0 0 0 0 0 0 0 0 0 0 0 0 0 0 0 0 0 0 0 0 0 0 0 0 0 0 0 0 0 0 0 0 0 0 1 0 0 0 0 0 0 0 0 0 0 0 0 0 0 0 0 0 0 0 0 0 0]
[1969746218749032060530562264140350944677118440930439962566691337321217010151048127948508612088034894339689738832722632465804496868086577653276781159955962917212184936852302159136079609973850700760844790085162858135211273801095400497591364898943 0 0 0 0 0 0 0 0 0 0 0 0 0 0 0 0 0 0 0 0 0 0 0 0 0 0 0 0 0 0 0 0 0 0 0 0 0 0 0 0 0 0 0 0 0 0 0 0 0 0 0 0 0 0 0 0 0 0 1 0 0 0 0 0 0 0 0 0 0 0 0 0 0 0 0 0 0 0 0 0]
[5471687993912687838255963353584093516700913160341208569267620628086131212674991676505391004578304172296544723830472310623065736248011637988872211900223968289352193191189679237779189422694483505193915180180506599720372005764801880316956255167659 0 0 0 0 0 0 0 0 0 0 0 0 0 0 0 0 0 0 0 0 0 0 0 0 0 0 0 0 0 0 0 0 0 0 0 0 0 0 0 0 0 0 0 0 0 0 0 0 0 0 0 0 0 0 0 0 0 0 0 1 0 0 0 0 0 0 0 0 0 0 0 0 0 0 0 0 0 0 0 0]
[4946014829777931604385898891374718405791260080440820293610346848140267516382381100649483711536941957571767461676660982496722436882799989621131720193716157764257190685778114781721701564186227534628245744743825836926696579931855763980304935406102 0 0 0 0 0 0 0 0 0 0 0 0 0 0 0 0 0 0 0 0 0 0 0 0 0 0 0 0 0 0 0 0 0 0 0 0 0 0 0 0 0 0 0 0 0 0 0 0 0 0 0 0 0 0 0 0 0 0 0 0 1 0 0 0 0 0 0 0 0 0 0 0 0 0 0 0 0 0 0 0]
[2253837942338490701257072358751038202612558366699188660051539939783731381886723559283497841291479877530927612955469826360808874990602714716555959482686659053381501539336411195905761059018132744836892188826426545191532646078503163438352548970182 0 0 0 0 0 0 0 0 0 0 0 0 0 0 0 0 0 0 0 0 0 0 0 0 0 0 0 0 0 0 0 0 0 0 0 0 0 0 0 0 0 0 0 0 0 0 0 0 0 0 0 0 0 0 0 0 0 0 0 0 0 1 0 0 0 0 0 0 0 0 0 0 0 0 0 0 0 0 0 0]
[2579914058186637978686668778879816837500926111758633937137287189694998014290196950582984396874705022134899000566040623718868424798855389701510305562643011322729016220958827846645379199987907392759381584257440074423137972368349026675424037066112 0 0 0 0 0 0 0 0 0 0 0 0 0 0 0 0 0 0 0 0 0 0 0 0 0 0 0 0 0 0 0 0 0 0 0 0 0 0 0 0 0 0 0 0 0 0 0 0 0 0 0 0 0 0 0 0 0 0 0 0 0 0 1 0 0 0 0 0 0 0 0 0 0 0 0 0 0 0 0 0]
[4711897017004326499486740885775884826477599550446040102745248762839932769686780558814305135149152298255077732379974490115695976173105758951834602646048534213713018247778268420963979439497077736745040076842208473562157064937482221341657737213578 0 0 0 0 0 0 0 0 0 0 0 0 0 0 0 0 0 0 0 0 0 0 0 0 0 0 0 0 0 0 0 0 0 0 0 0 0 0 0 0 0 0 0 0 0 0 0 0 0 0 0 0 0 0 0 0 0 0 0 0 0 0 0 1 0 0 0 0 0 0 0 0 0 0 0 0 0 0 0 0]
[1173805382639699815159103668364389601891638446490342782980980115816112608955453072841421862383466593399850051682556637383760192287379961894333356067576331707219229456574000915395364267322172976778435299948382446025623713163189078741244478063805 0 0 0 0 0 0 0 0 0 0 0 0 0 0 0 0 0 0 0 0 0 0 0 0 0 0 0 0 0 0 0 0 0 0 0 0 0 0 0 0 0 0 0 0 0 0 0 0 0 0 0 0 0 0 0 0 0 0 0 0 0 0 0 0 1 0 0 0 0 0 0 0 0 0 0 0 0 0 0 0]
[1788642012698535062871338111330715320203968625524980903058284698622926355077995235895688618583393073528989322664549889477043879350304788349977691500660828839448939417805605834495546081452680077584266222938736328789037168936950453268569668085204 0 0 0 0 0 0 0 0 0 0 0 0 0 0 0 0 0 0 0 0 0 0 0 0 0 0 0 0 0 0 0 0 0 0 0 0 0 0 0 0 0 0 0 0 0 0 0 0 0 0 0 0 0 0 0 0 0 0 0 0 0 0 0 0 0 1 0 0 0 0 0 0 0 0 0 0 0 0 0 0]
[2018069230486067335237251211086079008943348706946978431779765210113649587891164966905405879467663128503834170024452487942542576716840414613300003135506378908467209584675595402865076949088993772783203895185353449464720861927587618253152397900498 0 0 0 0 0 0 0 0 0 0 0 0 0 0 0 0 0 0 0 0 0 0 0 0 0 0 0 0 0 0 0 0 0 0 0 0 0 0 0 0 0 0 0 0 0 0 0 0 0 0 0 0 0 0 0 0 0 0 0 0 0 0 0 0 0 0 1 0 0 0 0 0 0 0 0 0 0 0 0 0]
[4416573533098276594455920565080639789397558984901666624295643744087520583876152481246699720583187369581363756638854254644327485302705896608064005550314093673251473760174166647548623045852272393482516044263526759249733565746010464317131451628318 0 0 0 0 0 0 0 0 0 0 0 0 0 0 0 0 0 0 0 0 0 0 0 0 0 0 0 0 0 0 0 0 0 0 0 0 0 0 0 0 0 0 0 0 0 0 0 0 0 0 0 0 0 0 0 0 0 0 0 0 0 0 0 0 0 0 0 1 0 0 0 0 0 0 0 0 0 0 0 0]
[5321509285390666171570412550595954745396803035394481894589412030766221100102782495837248529220372234196498829796452824514967663261576405071240048148566052936989911701042836468486496857380489367411028852373215076431972879978039539132675144711817 0 0 0 0 0 0 0 0 0 0 0 0 0 0 0 0 0 0 0 0 0 0 0 0 0 0 0 0 0 0 0 0 0 0 0 0 0 0 0 0 0 0 0 0 0 0 0 0 0 0 0 0 0 0 0 0 0 0 0 0 0 0 0 0 0 0 0 0 1 0 0 0 0 0 0 0 0 0 0 0]
[3472884236652074595771235389774768841094941623763606493041398121359116093255774541567925768869955567349882781862749117168631604704843403401429773917472225771483136739186826593945036544052872396877408962821711577743351122377824151925681943184328 0 0 0 0 0 0 0 0 0 0 0 0 0 0 0 0 0 0 0 0 0 0 0 0 0 0 0 0 0 0 0 0 0 0 0 0 0 0 0 0 0 0 0 0 0 0 0 0 0 0 0 0 0 0 0 0 0 0 0 0 0 0 0 0 0 0 0 0 0 1 0 0 0 0 0 0 0 0 0 0]
[3682923801112425716670102785374761046147476058148503820454067750868659376930789606196822324613582190191138077300247343444097906247894490333414452499377324138113594537377694321244576064812651075244263631224396101624647370567695400995460262718280 0 0 0 0 0 0 0 0 0 0 0 0 0 0 0 0 0 0 0 0 0 0 0 0 0 0 0 0 0 0 0 0 0 0 0 0 0 0 0 0 0 0 0 0 0 0 0 0 0 0 0 0 0 0 0 0 0 0 0 0 0 0 0 0 0 0 0 0 0 0 1 0 0 0 0 0 0 0 0 0]
[197972781780517101635158044269880109940471692601193267201863017422501345570919189677611909619184318036326030697786305455790355242380681612575186077678016847354189733277603397531309783168942332390985823936001185086273795611038350970557668461258 0 0 0 0 0 0 0 0 0 0 0 0 0 0 0 0 0 0 0 0 0 0 0 0 0 0 0 0 0 0 0 0 0 0 0 0 0 0 0 0 0 0 0 0 0 0 0 0 0 0 0 0 0 0 0 0 0 0 0 0 0 0 0 0 0 0 0 0 0 0 0 1 0 0 0 0 0 0 0 0]
[5527330007383564970108555978439150785399784072608168100447035690789965532073528697860836303297709296286817108015430509856002742736061577859190328042026778365350034646276598144520228684235980760621291003203410050960996090892024878138759579112446 0 0 0 0 0 0 0 0 0 0 0 0 0 0 0 0 0 0 0 0 0 0 0 0 0 0 0 0 0 0 0 0 0 0 0 0 0 0 0 0 0 0 0 0 0 0 0 0 0 0 0 0 0 0 0 0 0 0 0 0 0 0 0 0 0 0 0 0 0 0 0 0 1 0 0 0 0 0 0 0]
[3957644024323207170786917128963995935948020830930443979022194473291072342792047744349892564288924036170886356340799908204279560871748920156582302897073069281726632550140969580533957026384105103361980227447869717535464777610572918774535215424473 0 0 0 0 0 0 0 0 0 0 0 0 0 0 0 0 0 0 0 0 0 0 0 0 0 0 0 0 0 0 0 0 0 0 0 0 0 0 0 0 0 0 0 0 0 0 0 0 0 0 0 0 0 0 0 0 0 0 0 0 0 0 0 0 0 0 0 0 0 0 0 0 0 1 0 0 0 0 0 0]
[108167455365442757091928830721792818755117894977470954821229153559912910834665046727551882877584612673868430881607461305693128154329549068716674146357586108091386868150461059337952158198893429528055096470848693410490945318593028340391170775356 0 0 0 0 0 0 0 0 0 0 0 0 0 0 0 0 0 0 0 0 0 0 0 0 0 0 0 0 0 0 0 0 0 0 0 0 0 0 0 0 0 0 0 0 0 0 0 0 0 0 0 0 0 0 0 0 0 0 0 0 0 0 0 0 0 0 0 0 0 0 0 0 0 0 1 0 0 0 0 0]
[3987976389236071990533609415134581943656281134106672833230127097970967624888961602478792103105087449533425615967389748350509660808266866205506828796216949258759007614188213090151235456206756847448801858700817649125971860905943340984924257148265 0 0 0 0 0 0 0 0 0 0 0 0 0 0 0 0 0 0 0 0 0 0 0 0 0 0 0 0 0 0 0 0 0 0 0 0 0 0 0 0 0 0 0 0 0 0 0 0 0 0 0 0 0 0 0 0 0 0 0 0 0 0 0 0 0 0 0 0 0 0 0 0 0 0 0 1 0 0 0 0]
[2712500262569074495315093948252863086725103122291186666979021022712461138875869706090790236648633197542854758979575367324424888710482318401188465512072674553874362863028370910480122719489847223069729887776371824677629239975561944372800375995817 0 0 0 0 0 0 0 0 0 0 0 0 0 0 0 0 0 0 0 0 0 0 0 0 0 0 0 0 0 0 0 0 0 0 0 0 0 0 0 0 0 0 0 0 0 0 0 0 0 0 0 0 0 0 0 0 0 0 0 0 0 0 0 0 0 0 0 0 0 0 0 0 0 0 0 0 1 0 0 0]
[484679264627261797951772812189448164167044780675719863774340493352811752765565682667661962334775156850522325235603374405128184320519334586362774299599548805690834731745011138121244979331889636255954193319724208026660308858194352184934082747303 0 0 0 0 0 0 0 0 0 0 0 0 0 0 0 0 0 0 0 0 0 0 0 0 0 0 0 0 0 0 0 0 0 0 0 0 0 0 0 0 0 0 0 0 0 0 0 0 0 0 0 0 0 0 0 0 0 0 0 0 0 0 0 0 0 0 0 0 0 0 0 0 0 0 0 0 0 1 0 0]
[467762527577115687566875983479230047117667936470431535819999505312149575016187205423357435863308519464930821448675579363872853357141229710848182204183810392462679497693812420425953623592122521038430332305719210768176705717653405258829452727965 0 0 0 0 0 0 0 0 0 0 0 0 0 0 0 0 0 0 0 0 0 0 0 0 0 0 0 0 0 0 0 0 0 0 0 0 0 0 0 0 0 0 0 0 0 0 0 0 0 0 0 0 0 0 0 0 0 0 0 0 0 0 0 0 0 0 0 0 0 0 0 0 0 0 0 0 0 0 1 0]
[5555485173778271951663312060604368408591452954932995446681827833700438028258782531545564003791264499284026892422706682657714818315932384459282844820007071013191279255907060482475416369342245498477738291574608279682310731949694435185480748656167 0 0 0 0 0 0 0 0 0 0 0 0 0 0 0 0 0 0 0 0 0 0 0 0 0 0 0 0 0 0 0 0 0 0 0 0 0 0 0 0 0 0 0 0 0 0 0 0 0 0 0 0 0 0 0 0 0 0 0 0 0 0 0 0 0 0 0 0 0 0 0 0 0 0 0 0 0 0 0 1]
]
