[[3008913285648998549585977773633799244889538105796578099591455498498590618607179566069950698080535309707483679340226064019737000742614841808229315947603358674961041838705971616596848211067 0 0 0 0 0 0 0 0 0 0 0 0 0 0 0 0 0 0 0 0 0 0 0 0 0 0 0 0 0 0 0 0 0 0 0 0 0 0 0 0 0 0 0 0 0 0 0 0 0 0 0 0 0 0 0 0 0 0 0 0 0]
[359080815234729176107901635992736677641475790994871943196482801056131831913598213964187886165864871902996056005111044249384063066673376790694270760993476475667081967343058379919323689982 1 0 0 0 0 0 0 0 0 0 0 0 0 0 0 0 0 0 0 0 0 0 0 0 0 0 0 0 0 0 0 0 0 0 0 0 0 0 0 0 0 0 0 0 0 0 0 0 0 0 0 0 0 0 0 0 0 0 0 0 0]
[1402958279689893536113358157848286116439714162364573786764001321938018587596262783060240690940303840897805013780498023615638012704940098610508340902473380754262220478273860310150192414647 0 1 0 0 0 0 0 0 0 0 0 0 0 0 0 0 0 0 0 0 0 0 0 0 0 0 0 0 0 0 0 0 0 0 0 0 0 0 0 0 0 0 0 0 0 0 0 0 0 0 0 0 0 0 0 0 0 0 0 0 0]
[863995801265112903005447871223038651721376337926053974397468746358871290827508948001193257636658320678157134763306968883864709958290623202207244327676429198167963117033100642642898371249 0 0 1 0 0 0 0 0 0 0 0 0 0 0 0 0 0 0 0 0 0 0 0 0 0 0 0 0 0 0 0 0 0 0 0 0 0 0 0 0 0 0 0 0 0 0 0 0 0 0 0 0 0 0 0 0 0 0 0 0 0]
[589042316970874665719872880976719480472330615256266921601610367680811099779281453204104555840465309293246702821797063162975387338133309751908241128167739889258786127645586639094469155323 0 0 0 1 0 0 0 0 0 0 0 0 0 0 0 0 0 0 0 0 0 0 0 0 0 0 0 0 0 0 0 0 0 0 0 0 0 0 0 0 0 0 0 0 0 0 0 0 0 0 0 0 0 0 0 0 0 0 0 0 0]
[1091330150445127577487760552778860730832630864735218087826131679710857657912547938113014807430046381390673354850566858561021948915764329624097414038983886475527111578837118128960532804544 0 0 0 0 1 0 0 0 0 0 0 0 0 0 0 0 0 0 0 0 0 0 0 0 0 0 0 0 0 0 0 0 0 0 0 0 0 0 0 0 0 0 0 0 0 0 0 0 0 0 0 0 0 0 0 0 0 0 0 0 0]
[2234810184435872190280596100075779172956372426195559909797142008798665988945922260222746921367506179929004434427012433275539526886413997778605518544128857038788646920690209784380674092561 0 0 0 0 0 1 0 0 0 0 0 0 0 0 0 0 0 0 0 0 0 0 0 0 0 0 0 0 0 0 0 0 0 0 0 0 0 0 0 0 0 0 0 0 0 0 0 0 0 0 0 0 0 0 0 0 0 0 0 0 0]
[292157978361204089869572418535055753500488118100441396669061407407702747427407110609365051684967815611156406832459772323084445680791351211164917290722170489846562376573837674155150811193 0 0 0 0 0 0 1 0 0 0 0 0 0 0 0 0 0 0 0 0 0 0 0 0 0 0 0 0 0 0 0 0 0 0 0 0 0 0 0 0 0 0 0 0 0 0 0 0 0 0 0 0 0 0 0 0 0 0 0 0 0]
[1940470192267500002616659439149317856008087273187429087695535209644286382560665895423948313413613983191833934472742953852598162110581405901608112072250669816698323561538203207270708106692 0 0 0 0 0 0 0 1 0 0 0 0 0 0 0 0 0 0 0 0 0 0 0 0 0 0 0 0 0 0 0 0 0 0 0 0 0 0 0 0 0 0 0 0 0 0 0 0 0 0 0 0 0 0 0 0 0 0 0 0 0]
[2750696185545701962661659314790349634476801643678827142249637740830803696310903048944429295533874744810671324502966615207880120333859205715566727805193745845471586881569675192251134472923 0 0 0 0 0 0 0 0 1 0 0 0 0 0 0 0 0 0 0 0 0 0 0 0 0 0 0 0 0 0 0 0 0 0 0 0 0 0 0 0 0 0 0 0 0 0 0 0 0 0 0 0 0 0 0 0 0 0 0 0 0]
[1881174423778879424534438979537208461160422440840935292530273210678281293512402319135526095515731591926406635998564652826231607422040201411636788882473925077642713291945387072821372913449 0 0 0 0 0 0 0 0 0 1 0 0 0 0 0 0 0 0 0 0 0 0 0 0 0 0 0 0 0 0 0 0 0 0 0 0 0 0 0 0 0 0 0 0 0 0 0 0 0 0 0 0 0 0 0 0 0 0 0 0 0]
[1005301958348736479299076097244218750716061121599113145924978163468043921237187820219271011345173305075252274721072892611606791719840109435570495309621914592778650179040170560008981680661 0 0 0 0 0 0 0 0 0 0 1 0 0 0 0 0 0 0 0 0 0 0 0 0 0 0 0 0 0 0 0 0 0 0 0 0 0 0 0 0 0 0 0 0 0 0 0 0 0 0 0 0 0 0 0 0 0 0 0 0 0]
[1647104410288743469842499770592796768625969189849915988739943294791184878806224860443977502352473971961137977030130452055142075921754587165430111671919632228443442399710875931213801711412 0 0 0 0 0 0 0 0 0 0 0 1 0 0 0 0 0 0 0 0 0 0 0 0 0 0 0 0 0 0 0 0 0 0 0 0 0 0 0 0 0 0 0 0 0 0 0 0 0 0 0 0 0 0 0 0 0 0 0 0 0]
[485510665452289295978949082533517380958395039458141048800123883060252400950253136797047785014474501190479885868802365760413252114709726039598268675003483346031211224572125650737121570181 0 0 0 0 0 0 0 0 0 0 0 0 1 0 0 0 0 0 0 0 0 0 0 0 0 0 0 0 0 0 0 0 0 0 0 0 0 0 0 0 0 0 0 0 0 0 0 0 0 0 0 0 0 0 0 0 0 0 0 0 0]
[322844439337057351662523312634512448394340692910709747037882208293795003393013961082962459893121049017922630119513797292765509747195926541638891285892256806358355470543347305300100137853 0 0 0 0 0 0 0 0 0 0 0 0 0 1 0 0 0 0 0 0 0 0 0 0 0 0 0 0 0 0 0 0 0 0 0 0 0 0 0 0 0 0 0 0 0 0 0 0 0 0 0 0 0 0 0 0 0 0 0 0 0]
[219453231291798460484908521373092432621556578528321687534507943608569078627023196348167257407015270134653237140084776664962342019230172751222386761392693771407611682418489139415741197198 0 0 0 0 0 0 0 0 0 0 0 0 0 0 1 0 0 0 0 0 0 0 0 0 0 0 0 0 0 0 0 0 0 0 0 0 0 0 0 0 0 0 0 0 0 0 0 0 0 0 0 0 0 0 0 0 0 0 0 0 0]
[2271902297209690623050915245021256261308185595405683130125275278170970679257427089562156585113997923626724154285155196767074865267145073280831705879589298850087907273702737607326455523571 0 0 0 0 0 0 0 0 0 0 0 0 0 0 0 1 0 0 0 0 0 0 0 0 0 0 0 0 0 0 0 0 0 0 0 0 0 0 0 0 0 0 0 0 0 0 0 0 0 0 0 0 0 0 0 0 0 0 0 0 0]
[2654848948216570981094321911431548831542550472983632547442049681532941015833835858874213286943848980916612236138258064158680996684944436160976940918266139025726529312434703319730797821499 0 0 0 0 0 0 0 0 0 0 0 0 0 0 0 0 1 0 0 0 0 0 0 0 0 0 0 0 0 0 0 0 0 0 0 0 0 0 0 0 0 0 0 0 0 0 0 0 0 0 0 0 0 0 0 0 0 0 0 0 0]
[2327388007016748018925704689671495366849215801789800950628361128073363817826017635617198018032284565567826634677849502919658234634781535864337307457591864394742215569044055384290919128390 0 0 0 0 0 0 0 0 0 0 0 0 0 0 0 0 0 1 0 0 0 0 0 0 0 0 0 0 0 0 0 0 0 0 0 0 0 0 0 0 0 0 0 0 0 0 0 0 0 0 0 0 0 0 0 0 0 0 0 0 0]
[1710768981111768397118284973667923452697090522582003409351146079235192559416842094957724463020034933314987808681729675463826578197008520649678732799027688596588985589244733058194130249705 0 0 0 0 0 0 0 0 0 0 0 0 0 0 0 0 0 0 1 0 0 0 0 0 0 0 0 0 0 0 0 0 0 0 0 0 0 0 0 0 0 0 0 0 0 0 0 0 0 0 0 0 0 0 0 0 0 0 0 0 0]
[349143066704626980488492984640631209846191757572803640212312029920231086649068412778264940066385759231935864295034227114962795127048781268582557712521864571571115448951609011969599554593 0 0 0 0 0 0 0 0 0 0 0 0 0 0 0 0 0 0 0 1 0 0 0 0 0 0 0 0 0 0 0 0 0 0 0 0 0 0 0 0 0 0 0 0 0 0 0 0 0 0 0 0 0 0 0 0 0 0 0 0 0]
[1094839259244030622864810008538564167403879651962723888682348203383038425349820835235235843268768231074339998323329950906076556148203394553878685428744932676746496637302117129516819082734 0 0 0 0 0 0 0 0 0 0 0 0 0 0 0 0 0 0 0 0 1 0 0 0 0 0 0 0 0 0 0 0 0 0 0 0 0 0 0 0 0 0 0 0 0 0 0 0 0 0 0 0 0 0 0 0 0 0 0 0 0]
[2941008683475165033073719970149938866013538316848969797645899343243348496562089467502970692397796827392013990990647511207238490753586986866846886737468287008916199263261294721911575389801 0 0 0 0 0 0 0 0 0 0 0 0 0 0 0 0 0 0 0 0 0 1 0 0 0 0 0 0 0 0 0 0 0 0 0 0 0 0 0 0 0 0 0 0 0 0 0 0 0 0 0 0 0 0 0 0 0 0 0 0 0]
[1235404812358275132607457591782976420671360997445854737386314110382458674091101971534247514731528249452124187134197930167886553453851018750140220637446161137195352779180223754015035130127 0 0 0 0 0 0 0 0 0 0 0 0 0 0 0 0 0 0 0 0 0 0 1 0 0 0 0 0 0 0 0 0 0 0 0 0 0 0 0 0 0 0 0 0 0 0 0 0 0 0 0 0 0 0 0 0 0 0 0 0 0]
[675304963387211131203843444369770272426834487106241301075648228714756531464348261799231271249529476851201334112133413874320113080833517952296162947662038488085855853582746560236226772910 0 0 0 0 0 0 0 0 0 0 0 0 0 0 0 0 0 0 0 0 0 0 0 1 0 0 0 0 0 0 0 0 0 0 0 0 0 0 0 0 0 0 0 0 0 0 0 0 0 0 0 0 0 0 0 0 0 0 0 0 0]
[790500347033089041582476629353118626606149842371473369928558458528525505798699573968762903996267437296586568538070295652126585798453060510835214906353397985319983032271882460118897097340 0 0 0 0 0 0 0 0 0 0 0 0 0 0 0 0 0 0 0 0 0 0 0 0 1 0 0 0 0 0 0 0 0 0 0 0 0 0 0 0 0 0 0 0 0 0 0 0 0 0 0 0 0 0 0 0 0 0 0 0 0]
[2312048338150930641848879112851836183896893865128627089319841980073147185339625715342224926680713054175475640757673284895694092454712481278845299700634261029058474713398371970333554802368 0 0 0 0 0 0 0 0 0 0 0 0 0 0 0 0 0 0 0 0 0 0 0 0 0 1 0 0 0 0 0 0 0 0 0 0 0 0 0 0 0 0 0 0 0 0 0 0 0 0 0 0 0 0 0 0 0 0 0 0 0]
[494674560627719374766547868195300615229240400010994545735453993222641444692636464970862075530191101236617426096025957635046458355014199142555084666932724261253852888216109038248822790778 0 0 0 0 0 0 0 0 0 0 0 0 0 0 0 0 0 0 0 0 0 0 0 0 0 0 1 0 0 0 0 0 0 0 0 0 0 0 0 0 0 0 0 0 0 0 0 0 0 0 0 0 0 0 0 0 0 0 0 0 0]
[891906523810106017049236218941044160898819108148202345845269430873491374617183662016701971480683630151463502438754954988305552161635871065522766977769246568443622458236937266365920215549 0 0 0 0 0 0 0 0 0 0 0 0 0 0 0 0 0 0 0 0 0 0 0 0 0 0 0 1 0 0 0 0 0 0 0 0 0 0 0 0 0 0 0 0 0 0 0 0 0 0 0 0 0 0 0 0 0 0 0 0 0]
[2999487450563355769062363093131133431001872553363299609495086480631011185272166688755469271869171539766133104423665430246161902492036153459504059104534375663234343975441552698661280148406 0 0 0 0 0 0 0 0 0 0 0 0 0 0 0 0 0 0 0 0 0 0 0 0 0 0 0 0 1 0 0 0 0 0 0 0 0 0 0 0 0 0 0 0 0 0 0 0 0 0 0 0 0 0 0 0 0 0 0 0 0]
[415948541595791842026982129268329790954374511233561514508621780677435951103874157266168221022976035197790880263129010580036743639156622872602310553009281034133211476288125564093590330559 0 0 0 0 0 0 0 0 0 0 0 0 0 0 0 0 0 0 0 0 0 0 0 0 0 0 0 0 0 1 0 0 0 0 0 0 0 0 0 0 0 0 0 0 0 0 0 0 0 0 0 0 0 0 0 0 0 0 0 0 0]
[2145739956516943309075180688023482724645596322308935498440901834425022045628465841842278594561897445229993460172447807237308008639071144453699839652248031825672743679546756976957667480400 0 0 0 0 0 0 0 0 0 0 0 0 0 0 0 0 0 0 0 0 0 0 0 0 0 0 0 0 0 0 1 0 0 0 0 0 0 0 0 0 0 0 0 0 0 0 0 0 0 0 0 0 0 0 0 0 0 0 0 0 0]
[240911836006599214568759572726701881485713222182171376114487469559126391757317550528016259051294310261619543911737441524882636678633314903180560461937008653863761547935440647276550510833 0 0 0 0 0 0 0 0 0 0 0 0 0 0 0 0 0 0 0 0 0 0 0 0 0 0 0 0 0 0 0 1 0 0 0 0 0 0 0 0 0 0 0 0 0 0 0 0 0 0 0 0 0 0 0 0 0 0 0 0 0]
[1270981882331336884185127150840925484114795844553952362901744835453199815890309902779278311371015970665590683944267434359711243050052819081756087443389491189537633192959915133552519700989 0 0 0 0 0 0 0 0 0 0 0 0 0 0 0 0 0 0 0 0 0 0 0 0 0 0 0 0 0 0 0 0 1 0 0 0 0 0 0 0 0 0 0 0 0 0 0 0 0 0 0 0 0 0 0 0 0 0 0 0 0]
[2729002661404922837381216945095266362672718576210346310389570598219665637860514924259300294288367106969868220616016548132679400835691237185018688154131567768700803999153991450157173165688 0 0 0 0 0 0 0 0 0 0 0 0 0 0 0 0 0 0 0 0 0 0 0 0 0 0 0 0 0 0 0 0 0 1 0 0 0 0 0 0 0 0 0 0 0 0 0 0 0 0 0 0 0 0 0 0 0 0 0 0 0]
[1639102585377909647766961449513661550608689563094150828836173080938482842963441442981061340392611579623970446101211274436544389639081533896702132291893686043107167047064778626942935055716 0 0 0 0 0 0 0 0 0 0 0 0 0 0 0 0 0 0 0 0 0 0 0 0 0 0 0 0 0 0 0 0 0 0 1 0 0 0 0 0 0 0 0 0 0 0 0 0 0 0 0 0 0 0 0 0 0 0 0 0 0]
[2358608142096461834485350422232476300322817413218356828801802814108642698095309328469662785612765701217443434946099901437484967880216596829535854482811521753673315886118417604473023951858 0 0 0 0 0 0 0 0 0 0 0 0 0 0 0 0 0 0 0 0 0 0 0 0 0 0 0 0 0 0 0 0 0 0 0 1 0 0 0 0 0 0 0 0 0 0 0 0 0 0 0 0 0 0 0 0 0 0 0 0 0]
[1385659095750114279672031322191919658074771533064394918503311507206240895968587382570660979507426948618585766293907238586054240338570237030966955631615717927227049601994389360333999576311 0 0 0 0 0 0 0 0 0 0 0 0 0 0 0 0 0 0 0 0 0 0 0 0 0 0 0 0 0 0 0 0 0 0 0 0 1 0 0 0 0 0 0 0 0 0 0 0 0 0 0 0 0 0 0 0 0 0 0 0 0]
[2630826926824221942449982270202104432011831551583445939154208419539027761618302454343325161833468745149834530528375630079493391721120246476115866167699680862702640183272859073713129966669 0 0 0 0 0 0 0 0 0 0 0 0 0 0 0 0 0 0 0 0 0 0 0 0 0 0 0 0 0 0 0 0 0 0 0 0 0 1 0 0 0 0 0 0 0 0 0 0 0 0 0 0 0 0 0 0 0 0 0 0 0]
[2563939432752509419584623781630677557348111193053135147985055240527938812245378666721857421223728457997574374789445136634903909131526763406357906121012381101616972926598829524096139768518 0 0 0 0 0 0 0 0 0 0 0 0 0 0 0 0 0 0 0 0 0 0 0 0 0 0 0 0 0 0 0 0 0 0 0 0 0 0 1 0 0 0 0 0 0 0 0 0 0 0 0 0 0 0 0 0 0 0 0 0 0]
[1439999129361593074088642325114829326915944648057640016335450700065463691856691247531173624189145452942162756663747970418689900122517051252548778092414839016797994175971991101281385715046 0 0 0 0 0 0 0 0 0 0 0 0 0 0 0 0 0 0 0 0 0 0 0 0 0 0 0 0 0 0 0 0 0 0 0 0 0 0 0 1 0 0 0 0 0 0 0 0 0 0 0 0 0 0 0 0 0 0 0 0 0]
[2392954707210749570678248450288546342446204666329783143130717038719774647556335577127172278139132174009626874010732229897460344821505948946366448705623128437475394172660809950535810011813 0 0 0 0 0 0 0 0 0 0 0 0 0 0 0 0 0 0 0 0 0 0 0 0 0 0 0 0 0 0 0 0 0 0 0 0 0 0 0 0 1 0 0 0 0 0 0 0 0 0 0 0 0 0 0 0 0 0 0 0 0]
[1225354009209301754617754644980101087900723847046307568194765296200037511503884868171545566331864431180274949744401646521798776960637621416054162763943146158910370726377900918828533110276 0 0 0 0 0 0 0 0 0 0 0 0 0 0 0 0 0 0 0 0 0 0 0 0 0 0 0 0 0 0 0 0 0 0 0 0 0 0 0 0 0 1 0 0 0 0 0 0 0 0 0 0 0 0 0 0 0 0 0 0 0]
[442726916290409360149829035532578621116349800164279617046807568113287045290811281474730594953905488845787928873592071792457032938206727486643699784028814716340387151964344956140331534605 0 0 0 0 0 0 0 0 0 0 0 0 0 0 0 0 0 0 0 0 0 0 0 0 0 0 0 0 0 0 0 0 0 0 0 0 0 0 0 0 0 0 1 0 0 0 0 0 0 0 0 0 0 0 0 0 0 0 0 0 0]
[207533111059843034927911717735632942977667739320251346792734675803455423526454734509065830872033870381473708202036905607980484615490900182733373168385604353463935204969629609775605947775 0 0 0 0 0 0 0 0 0 0 0 0 0 0 0 0 0 0 0 0 0 0 0 0 0 0 0 0 0 0 0 0 0 0 0 0 0 0 0 0 0 0 0 1 0 0 0 0 0 0 0 0 0 0 0 0 0 0 0 0 0]
[1431788431831897389467996075008789054749681595912757169563859952346926815320529299832442008242714746860607554541323955915968296184960655517527329158473663938196314685112281765832374713297 0 0 0 0 0 0 0 0 0 0 0 0 0 0 0 0 0 0 0 0 0 0 0 0 0 0 0 0 0 0 0 0 0 0 0 0 0 0 0 0 0 0 0 0 1 0 0 0 0 0 0 0 0 0 0 0 0 0 0 0 0]
[2947992558073470725205511031289628149481682945417753176250480922078672452179607978112903321111993702909794938149275431295576721096613570972747736432461473827974965795155732377435298038235 0 0 0 0 0 0 0 0 0 0 0 0 0 0 0 0 0 0 0 0 0 0 0 0 0 0 0 0 0 0 0 0 0 0 0 0 0 0 0 0 0 0 0 0 0 1 0 0 0 0 0 0 0 0 0 0 0 0 0 0 0]
[1374762081495228535844285301113167919578842626826150127384723283577652187095426047431029214121135715396827289852233263984013369083734831793371823985632792864625589304011475747182299870877 0 0 0 0 0 0 0 0 0 0 0 0 0 0 0 0 0 0 0 0 0 0 0 0 0 0 0 0 0 0 0 0 0 0 0 0 0 0 0 0 0 0 0 0 0 0 1 0 0 0 0 0 0 0 0 0 0 0 0 0 0]
[2928435162266049075387159010800316206834769797015186285165781622412719706897860227547832361388788304208541603262027286855328104209365030954397642388300384686221297064519780303493728409849 0 0 0 0 0 0 0 0 0 0 0 0 0 0 0 0 0 0 0 0 0 0 0 0 0 0 0 0 0 0 0 0 0 0 0 0 0 0 0 0 0 0 0 0 0 0 0 1 0 0 0 0 0 0 0 0 0 0 0 0 0]
[332728764823282069105534283424877120746642188280449167665747781112963956078873277698432065651228859506356605911487684212059235309927779709831476190596376895875431691989800867979331166552 0 0 0 0 0 0 0 0 0 0 0 0 0 0 0 0 0 0 0 0 0 0 0 0 0 0 0 0 0 0 0 0 0 0 0 0 0 0 0 0 0 0 0 0 0 0 0 0 1 0 0 0 0 0 0 0 0 0 0 0 0]
[2832538594102165663967650463393954795351909512983160200160887358489282353484520799045440711097148553769358343512761359736322748012373661166703999778260985370732096269880489809124004712370 0 0 0 0 0 0 0 0 0 0 0 0 0 0 0 0 0 0 0 0 0 0 0 0 0 0 0 0 0 0 0 0 0 0 0 0 0 0 0 0 0 0 0 0 0 0 0 0 0 1 0 0 0 0 0 0 0 0 0 0 0]
[503408582874478388095021250519920590703049252841859909420836347034986931704138157642743647445747069929185344295480410959883182507450495144211576584879811915319752668391043957061592687332 0 0 0 0 0 0 0 0 0 0 0 0 0 0 0 0 0 0 0 0 0 0 0 0 0 0 0 0 0 0 0 0 0 0 0 0 0 0 0 0 0 0 0 0 0 0 0 0 0 0 1 0 0 0 0 0 0 0 0 0 0]
[2205941896149800981184833334115346845070822107006982119750611908104695913759372841951503576343597685957127038872316153053649609518421455460078804791155839277010071360344966260805701667088 0 0 0 0 0 0 0 0 0 0 0 0 0 0 0 0 0 0 0 0 0 0 0 0 0 0 0 0 0 0 0 0 0 0 0 0 0 0 0 0 0 0 0 0 0 0 0 0 0 0 0 1 0 0 0 0 0 0 0 0 0]
[2109340019243660777035160525984981055242831798754636177080691520406139762268501541620859629231739666318030003725753293669641697612923611508187589254631285135042289335061735365618202434983 0 0 0 0 0 0 0 0 0 0 0 0 0 0 0 0 0 0 0 0 0 0 0 0 0 0 0 0 0 0 0 0 0 0 0 0 0 0 0 0 0 0 0 0 0 0 0 0 0 0 0 0 1 0 0 0 0 0 0 0 0]
[1217940953032481258727649021493755233577246005157592678449347237078120710802448919805119616954805722175403304956618537844554626501308360955599931824252004292248376729394677931994167271127 0 0 0 0 0 0 0 0 0 0 0 0 0 0 0 0 0 0 0 0 0 0 0 0 0 0 0 0 0 0 0 0 0 0 0 0 0 0 0 0 0 0 0 0 0 0 0 0 0 0 0 0 0 1 0 0 0 0 0 0 0]
[2326828022651707166236539394501905618822693857342161034453944816644483676613755545129296239016512979149470459959959039284606588142470514577894976699837204808369558652485242172874314331741 0 0 0 0 0 0 0 0 0 0 0 0 0 0 0 0 0 0 0 0 0 0 0 0 0 0 0 0 0 0 0 0 0 0 0 0 0 0 0 0 0 0 0 0 0 0 0 0 0 0 0 0 0 0 1 0 0 0 0 0 0]
[2345751560593885663574117167833545859930582995583463096666891516607472267556524696709145085478274201798199208763759616568953282885992091888146883694160923449058581190344326722254944750632 0 0 0 0 0 0 0 0 0 0 0 0 0 0 0 0 0 0 0 0 0 0 0 0 0 0 0 0 0 0 0 0 0 0 0 0 0 0 0 0 0 0 0 0 0 0 0 0 0 0 0 0 0 0 0 1 0 0 0 0 0]
[2618351631628935457454794337026811961947022614848490989244821832680308719756425469498968362734834177668734482939956734565762301889607127689054772977340512292026268353940125546878985559396 0 0 0 0 0 0 0 0 0 0 0 0 0 0 0 0 0 0 0 0 0 0 0 0 0 0 0 0 0 0 0 0 0 0 0 0 0 0 0 0 0 0 0 0 0 0 0 0 0 0 0 0 0 0 0 0 1 0 0 0 0]
[908914314770156629469517202275512917155676000998497670250054762781781802862295020911716930664873964591839101052556669752311999527524799174973133908509746593808149999689739195406106407632 0 0 0 0 0 0 0 0 0 0 0 0 0 0 0 0 0 0 0 0 0 0 0 0 0 0 0 0 0 0 0 0 0 0 0 0 0 0 0 0 0 0 0 0 0 0 0 0 0 0 0 0 0 0 0 0 0 1 0 0 0]
[33772272940185296585747413403263119394937234052432026709691927884068935356450807486227904373473068529224234008158862859479867119049308704554675283319890518218214489857896403772476442439 0 0 0 0 0 0 0 0 0 0 0 0 0 0 0 0 0 0 0 0 0 0 0 0 0 0 0 0 0 0 0 0 0 0 0 0 0 0 0 0 0 0 0 0 0 0 0 0 0 0 0 0 0 0 0 0 0 0 1 0 0]
[2394671224836077973123267387408474439350339760133329351898881282948594708196030024466783754060659240908364796624310333925010774203235196658121140088962171686586825212777926356092144602805 0 0 0 0 0 0 0 0 0 0 0 0 0 0 0 0 0 0 0 0 0 0 0 0 0 0 0 0 0 0 0 0 0 0 0 0 0 0 0 0 0 0 0 0 0 0 0 0 0 0 0 0 0 0 0 0 0 0 0 1 0]
[2019266723094173952257338214007455353259539018588298973604721162450522320818017371843291949071363596542501730572394284492675796633789594362350121872717276866750293238280707669092890909838 0 0 0 0 0 0 0 0 0 0 0 0 0 0 0 0 0 0 0 0 0 0 0 0 0 0 0 0 0 0 0 0 0 0 0 0 0 0 0 0 0 0 0 0 0 0 0 0 0 0 0 0 0 0 0 0 0 0 0 0 1]
]
