[[8454961555648829084854834681501928002883998562722588262192241139919669858951784701674889992012790772863810236314988559717596862482183361549759026588858705746877080931400014318042914504523908838229467085592198036531080168544633940240249316048523361772926321786171397697997365934191965556298991134920993856467458568170655595051 0 0 0 0 0 0 0 0 0 0 0 0 0 0 0 0 0 0 0 0 0 0 0 0 0 0 0 0 0 0 0 0 0 0 0 0 0 0 0 0 0 0 0 0 0 0 0 0 0 0 0 0 0 0 0 0 0 0 0 0 0 0 0 0 0 0 0 0 0 0 0 0 0 0 0 0 0 0 0 0 0 0 0 0 0 0 0 0 0 0 0 0 0 0 0 0 0 0 0 0 0 0 0 0 0 0 0]
[6078503703647017546071287696791809103902187410332752924160134516672925138453432962917848062040713080086147107569163898045920388497708527437015127217408698728028453821553880334993982460943870800014251079724127972375296834186247279235347204400984730556905046074308423588190092070653784444097045515119485319947017399071342918592 1 0 0 0 0 0 0 0 0 0 0 0 0 0 0 0 0 0 0 0 0 0 0 0 0 0 0 0 0 0 0 0 0 0 0 0 0 0 0 0 0 0 0 0 0 0 0 0 0 0 0 0 0 0 0 0 0 0 0 0 0 0 0 0 0 0 0 0 0 0 0 0 0 0 0 0 0 0 0 0 0 0 0 0 0 0 0 0 0 0 0 0 0 0 0 0 0 0 0 0 0 0 0 0 0 0 0]
[4347041320305816915358029919988613794208557533290513513207927232981604651077940754500668866625835266393375781205373337951979853761297910137156831986707094892935253449537066493271856337625031374302219881511988323476188791306089244080039294360065562705539480062661080401996916310458075013159315312076348730128050580636671441644 0 1 0 0 0 0 0 0 0 0 0 0 0 0 0 0 0 0 0 0 0 0 0 0 0 0 0 0 0 0 0 0 0 0 0 0 0 0 0 0 0 0 0 0 0 0 0 0 0 0 0 0 0 0 0 0 0 0 0 0 0 0 0 0 0 0 0 0 0 0 0 0 0 0 0 0 0 0 0 0 0 0 0 0 0 0 0 0 0 0 0 0 0 0 0 0 0 0 0 0 0 0 0 0 0 0 0]
[1907290124016679699967768372946801366096015943356391416057948284999751060357300833052962041245548290012388468693622343935249073281272236686717723906006165614161981521238522984604147226277426345511474955202237248762367039242010587101721171990157129860362695439773570482768950618723096812008381320838110859912179349036770716750 0 0 1 0 0 0 0 0 0 0 0 0 0 0 0 0 0 0 0 0 0 0 0 0 0 0 0 0 0 0 0 0 0 0 0 0 0 0 0 0 0 0 0 0 0 0 0 0 0 0 0 0 0 0 0 0 0 0 0 0 0 0 0 0 0 0 0 0 0 0 0 0 0 0 0 0 0 0 0 0 0 0 0 0 0 0 0 0 0 0 0 0 0 0 0 0 0 0 0 0 0 0 0 0 0 0 0]
[4884551899686783119228609104531683487397919158609246955302566549568344605806681316188481639530883339832076648781215215741887472124569560983445907114716101022156366135143102752901074359783938905601858522658936524997554897572894273497144738582151644318319374737943911098196905011962000534861520257526582651412805240051765739929 0 0 0 1 0 0 0 0 0 0 0 0 0 0 0 0 0 0 0 0 0 0 0 0 0 0 0 0 0 0 0 0 0 0 0 0 0 0 0 0 0 0 0 0 0 0 0 0 0 0 0 0 0 0 0 0 0 0 0 0 0 0 0 0 0 0 0 0 0 0 0 0 0 0 0 0 0 0 0 0 0 0 0 0 0 0 0 0 0 0 0 0 0 0 0 0 0 0 0 0 0 0 0 0 0 0 0]
[2400415283962007847665204637174127474341830311094935566514186236373549846484583751580883596967148919413126724490489434098595441535478786368094830930870310666719293730996327279101297717231518000564046529920416698974719720927702778672732661791276986652628375144041448616873119422677343974558754941508552690824301378975691964328 0 0 0 0 1 0 0 0 0 0 0 0 0 0 0 0 0 0 0 0 0 0 0 0 0 0 0 0 0 0 0 0 0 0 0 0 0 0 0 0 0 0 0 0 0 0 0 0 0 0 0 0 0 0 0 0 0 0 0 0 0 0 0 0 0 0 0 0 0 0 0 0 0 0 0 0 0 0 0 0 0 0 0 0 0 0 0 0 0 0 0 0 0 0 0 0 0 0 0 0 0 0 0 0 0 0 0]
[4646660196562339452785482337586175435309381064812285749542947666801265545148973427922313871705618199431836627481924493428268000824047599799049720709365353394829683458966429478612944226942423551095737720547647357287202612887662876664252815197106107391588775033979296655349633812469688324153011835439335533127951716001921906638 0 0 0 0 0 1 0 0 0 0 0 0 0 0 0 0 0 0 0 0 0 0 0 0 0 0 0 0 0 0 0 0 0 0 0 0 0 0 0 0 0 0 0 0 0 0 0 0 0 0 0 0 0 0 0 0 0 0 0 0 0 0 0 0 0 0 0 0 0 0 0 0 0 0 0 0 0 0 0 0 0 0 0 0 0 0 0 0 0 0 0 0 0 0 0 0 0 0 0 0 0 0 0 0 0 0 0]
[4828086321123306147245852567310563462887693409575257366120602669832743289860820878301644401625298132422016573148972028943191206426873056877461608443674271298089320462319922440084478806276951598407780173475862171637935217952957149976830394511058078972046723606160662637174798811431949665992468639874030344916986834672466146565 0 0 0 0 0 0 1 0 0 0 0 0 0 0 0 0 0 0 0 0 0 0 0 0 0 0 0 0 0 0 0 0 0 0 0 0 0 0 0 0 0 0 0 0 0 0 0 0 0 0 0 0 0 0 0 0 0 0 0 0 0 0 0 0 0 0 0 0 0 0 0 0 0 0 0 0 0 0 0 0 0 0 0 0 0 0 0 0 0 0 0 0 0 0 0 0 0 0 0 0 0 0 0 0 0 0 0]
[1764979701055248384974718569191293183317754960119996870888156941682362911239713938736026393008543534961408303667228118853450464360160667913613760957265085394145427058761122580427214245142476874793839460001782541878165926331534377720081021254018096228255229463991141255055402818994479459147878799169227131262764238458403619882 0 0 0 0 0 0 0 1 0 0 0 0 0 0 0 0 0 0 0 0 0 0 0 0 0 0 0 0 0 0 0 0 0 0 0 0 0 0 0 0 0 0 0 0 0 0 0 0 0 0 0 0 0 0 0 0 0 0 0 0 0 0 0 0 0 0 0 0 0 0 0 0 0 0 0 0 0 0 0 0 0 0 0 0 0 0 0 0 0 0 0 0 0 0 0 0 0 0 0 0 0 0 0 0 0 0 0]
[4222019539735888469981073876597762904772253153471402773519580710681584080586033881601107155528146066322873790353268678090261491867389871528946156628308963783602042704997890073298146889648781406029461153968870296448127782275952080415330725102626892117463405589556980273723094644344945960217809976958920793737992757499870707024 0 0 0 0 0 0 0 0 1 0 0 0 0 0 0 0 0 0 0 0 0 0 0 0 0 0 0 0 0 0 0 0 0 0 0 0 0 0 0 0 0 0 0 0 0 0 0 0 0 0 0 0 0 0 0 0 0 0 0 0 0 0 0 0 0 0 0 0 0 0 0 0 0 0 0 0 0 0 0 0 0 0 0 0 0 0 0 0 0 0 0 0 0 0 0 0 0 0 0 0 0 0 0 0 0 0 0]
[3156655479350471327492652243082653080107667937019412268668571614380733226026628746325018572424107927105367520496753842082035985344042973465262815512043427370744945645550691453119522975895115322595656136784221383854673267239784718922021901298518221497574693779466375203135141486038958562695619679967848240672703207975298362183 0 0 0 0 0 0 0 0 0 1 0 0 0 0 0 0 0 0 0 0 0 0 0 0 0 0 0 0 0 0 0 0 0 0 0 0 0 0 0 0 0 0 0 0 0 0 0 0 0 0 0 0 0 0 0 0 0 0 0 0 0 0 0 0 0 0 0 0 0 0 0 0 0 0 0 0 0 0 0 0 0 0 0 0 0 0 0 0 0 0 0 0 0 0 0 0 0 0 0 0 0 0 0 0 0 0 0]
[1862202084881602795385453422676673240282848063772965831924043050302696791906208752789069575378130003612077922798014648488841132039591838471202421256774647918261553007718974617664196772544060936964659859497402833951325482167036158659780868240609669123061717595742732640078441262329509495285787662341364197792644380185515537277 0 0 0 0 0 0 0 0 0 0 1 0 0 0 0 0 0 0 0 0 0 0 0 0 0 0 0 0 0 0 0 0 0 0 0 0 0 0 0 0 0 0 0 0 0 0 0 0 0 0 0 0 0 0 0 0 0 0 0 0 0 0 0 0 0 0 0 0 0 0 0 0 0 0 0 0 0 0 0 0 0 0 0 0 0 0 0 0 0 0 0 0 0 0 0 0 0 0 0 0 0 0 0 0 0 0 0]
[3758115755900680380546311171666279485499754193729807977463469959698721470386370456916130406941823876820671295631131473748054360959573508667501117606745017324184481850029067717271534879021883498262029878009691384739667504997336191439439561127690918352565157249983493154268089127074218677017939040861755682852675801653819955428 0 0 0 0 0 0 0 0 0 0 0 1 0 0 0 0 0 0 0 0 0 0 0 0 0 0 0 0 0 0 0 0 0 0 0 0 0 0 0 0 0 0 0 0 0 0 0 0 0 0 0 0 0 0 0 0 0 0 0 0 0 0 0 0 0 0 0 0 0 0 0 0 0 0 0 0 0 0 0 0 0 0 0 0 0 0 0 0 0 0 0 0 0 0 0 0 0 0 0 0 0 0 0 0 0 0 0]
[5900613798684251477609146959654414324654439421464617048303397085619856222669483829753707871802205931890258895130387540502899706329418461660850002143894785035183984712892292264408355142255052766586503124502279717511595446438507338150565823767467073040711565221953460908604259396491046121427972501209085549444984390690540517550 0 0 0 0 0 0 0 0 0 0 0 0 1 0 0 0 0 0 0 0 0 0 0 0 0 0 0 0 0 0 0 0 0 0 0 0 0 0 0 0 0 0 0 0 0 0 0 0 0 0 0 0 0 0 0 0 0 0 0 0 0 0 0 0 0 0 0 0 0 0 0 0 0 0 0 0 0 0 0 0 0 0 0 0 0 0 0 0 0 0 0 0 0 0 0 0 0 0 0 0 0 0 0 0 0 0 0]
[1119280630030132096253216613100329270642109002065502284269302818375845632970721083466958147468831692103919169284149133208022219070706300974391892159255695646457950119329674258836659625966414732802839083684856451157391208131224007602776128943204770753251507446223836837064063402203237299586572013895098846333034911739643521273 0 0 0 0 0 0 0 0 0 0 0 0 0 1 0 0 0 0 0 0 0 0 0 0 0 0 0 0 0 0 0 0 0 0 0 0 0 0 0 0 0 0 0 0 0 0 0 0 0 0 0 0 0 0 0 0 0 0 0 0 0 0 0 0 0 0 0 0 0 0 0 0 0 0 0 0 0 0 0 0 0 0 0 0 0 0 0 0 0 0 0 0 0 0 0 0 0 0 0 0 0 0 0 0 0 0 0]
[653851717625961263245692487663724902528139658994353780376391340345592403471643369253429291165739795684899783229984237462239280337134232047725438838822725182878037296805362280190233428130634415826012379924493500531992987885469347826349372319056665174139275027040243310840451831843185673578108107859124624180490731867729160275 0 0 0 0 0 0 0 0 0 0 0 0 0 0 1 0 0 0 0 0 0 0 0 0 0 0 0 0 0 0 0 0 0 0 0 0 0 0 0 0 0 0 0 0 0 0 0 0 0 0 0 0 0 0 0 0 0 0 0 0 0 0 0 0 0 0 0 0 0 0 0 0 0 0 0 0 0 0 0 0 0 0 0 0 0 0 0 0 0 0 0 0 0 0 0 0 0 0 0 0 0 0 0 0 0 0 0]
[8244865655053168920942238213539038311614212506917926658082027739560454714971001754778840699608826082048851097788005822662836292535400280094454395566967376741556938631189124118661994512809526710254788857876052011405667070996554770761625133065699659249707273800047052446127620044748783608366629469662106703117473281962908178094 0 0 0 0 0 0 0 0 0 0 0 0 0 0 0 1 0 0 0 0 0 0 0 0 0 0 0 0 0 0 0 0 0 0 0 0 0 0 0 0 0 0 0 0 0 0 0 0 0 0 0 0 0 0 0 0 0 0 0 0 0 0 0 0 0 0 0 0 0 0 0 0 0 0 0 0 0 0 0 0 0 0 0 0 0 0 0 0 0 0 0 0 0 0 0 0 0 0 0 0 0 0 0 0 0 0 0]
[3688367777516784425730181357119036393406613095785402929644611975521854296829784881269897841969130875645497205849140109319779692469672451707774567159839952042847624739057612902610498317125418893798449518819301502493987702978658055046469888161563275369927939495941474982794704794239358736000706440951675542685710384579719680972 0 0 0 0 0 0 0 0 0 0 0 0 0 0 0 0 1 0 0 0 0 0 0 0 0 0 0 0 0 0 0 0 0 0 0 0 0 0 0 0 0 0 0 0 0 0 0 0 0 0 0 0 0 0 0 0 0 0 0 0 0 0 0 0 0 0 0 0 0 0 0 0 0 0 0 0 0 0 0 0 0 0 0 0 0 0 0 0 0 0 0 0 0 0 0 0 0 0 0 0 0 0 0 0 0 0 0]
[5921716307350489252694301588457309135702919358451095092188078447905993598528186861535663092400835174855780143798929659100361040215244669617179028532747284236864719480561950378790304731397935623141026697642376202666714965316568795896265097225157054332712018561831501598366080616249302655906881023411893365593306036421673967529 0 0 0 0 0 0 0 0 0 0 0 0 0 0 0 0 0 1 0 0 0 0 0 0 0 0 0 0 0 0 0 0 0 0 0 0 0 0 0 0 0 0 0 0 0 0 0 0 0 0 0 0 0 0 0 0 0 0 0 0 0 0 0 0 0 0 0 0 0 0 0 0 0 0 0 0 0 0 0 0 0 0 0 0 0 0 0 0 0 0 0 0 0 0 0 0 0 0 0 0 0 0 0 0 0 0 0]
[1234836259715844594048278390147778305104251828266181655730291318665256017191254147939038368879817368419868818652187876047591536569694084188079016717177418517134956072691045386772990720359187897416009626813592875375353299581064181967621572424061940971526915930501437890895806235131734192904155372574295716535816262122168549250 0 0 0 0 0 0 0 0 0 0 0 0 0 0 0 0 0 0 1 0 0 0 0 0 0 0 0 0 0 0 0 0 0 0 0 0 0 0 0 0 0 0 0 0 0 0 0 0 0 0 0 0 0 0 0 0 0 0 0 0 0 0 0 0 0 0 0 0 0 0 0 0 0 0 0 0 0 0 0 0 0 0 0 0 0 0 0 0 0 0 0 0 0 0 0 0 0 0 0 0 0 0 0 0 0 0 0]
[4651493127605803599029411807107649927418718489843410962382427218665236736420662541797347828798022279514426287653416188076504498935874543855554102334254321236653578314430894979426983149558842396306861927930351364121407453640398125058414644019903777991466573563037000690667324693068863772716232166817618838578134269808142332657 0 0 0 0 0 0 0 0 0 0 0 0 0 0 0 0 0 0 0 1 0 0 0 0 0 0 0 0 0 0 0 0 0 0 0 0 0 0 0 0 0 0 0 0 0 0 0 0 0 0 0 0 0 0 0 0 0 0 0 0 0 0 0 0 0 0 0 0 0 0 0 0 0 0 0 0 0 0 0 0 0 0 0 0 0 0 0 0 0 0 0 0 0 0 0 0 0 0 0 0 0 0 0 0 0 0 0]
[5092435924331084038057691453204597954029276225585754553353722151463035405877233145192708474527884389330900168553101405831817970613700950549772412651429161584672426862017042555776124320290621751897535475551023075814771312424233277082005649029211728492359303069111773037373523172360460612699496742771139329483793070958528705067 0 0 0 0 0 0 0 0 0 0 0 0 0 0 0 0 0 0 0 0 1 0 0 0 0 0 0 0 0 0 0 0 0 0 0 0 0 0 0 0 0 0 0 0 0 0 0 0 0 0 0 0 0 0 0 0 0 0 0 0 0 0 0 0 0 0 0 0 0 0 0 0 0 0 0 0 0 0 0 0 0 0 0 0 0 0 0 0 0 0 0 0 0 0 0 0 0 0 0 0 0 0 0 0 0 0 0]
[812511099766194541029671844423940842784569020781897680048809630318351040288245785615928576497584707946836793702848913708263224230470250577344458929016833696916840373961684998174652473278577917048037376440676921636773105156491665820496194195834741325824138587240163795324673347898415469336321925220066372244947015657413574086 0 0 0 0 0 0 0 0 0 0 0 0 0 0 0 0 0 0 0 0 0 1 0 0 0 0 0 0 0 0 0 0 0 0 0 0 0 0 0 0 0 0 0 0 0 0 0 0 0 0 0 0 0 0 0 0 0 0 0 0 0 0 0 0 0 0 0 0 0 0 0 0 0 0 0 0 0 0 0 0 0 0 0 0 0 0 0 0 0 0 0 0 0 0 0 0 0 0 0 0 0 0 0 0 0 0 0]
[224926092453383449049983134927146136287921042135821055772282063669636821338090491030728797894400562019300125996036904465580978083552551446411842911357118061978163480204214168241303754147752353362000000724772404787910562429095630863719053867243946111263369470422388456653283460164220153995791738556304900159358214982845195417 0 0 0 0 0 0 0 0 0 0 0 0 0 0 0 0 0 0 0 0 0 0 1 0 0 0 0 0 0 0 0 0 0 0 0 0 0 0 0 0 0 0 0 0 0 0 0 0 0 0 0 0 0 0 0 0 0 0 0 0 0 0 0 0 0 0 0 0 0 0 0 0 0 0 0 0 0 0 0 0 0 0 0 0 0 0 0 0 0 0 0 0 0 0 0 0 0 0 0 0 0 0 0 0 0 0 0]
[4524881073953343896210205099275323234217323401597958738743238064587253452677147041028957381046207165551938928148663496679823173155715594231207673584799600065870734987435699278892242010202829751754065982238570578232500863631348732017871216613107701498242230220020597938123432178230491153441740805022440636491238545403081932286 0 0 0 0 0 0 0 0 0 0 0 0 0 0 0 0 0 0 0 0 0 0 0 1 0 0 0 0 0 0 0 0 0 0 0 0 0 0 0 0 0 0 0 0 0 0 0 0 0 0 0 0 0 0 0 0 0 0 0 0 0 0 0 0 0 0 0 0 0 0 0 0 0 0 0 0 0 0 0 0 0 0 0 0 0 0 0 0 0 0 0 0 0 0 0 0 0 0 0 0 0 0 0 0 0 0 0]
[386078889192633947563003003750621962128890731077093726605130848550719408372389728295496276443554407221026466321956253830572856556484869338574375932494326063171173845710763936273289609038804862841674038790833100649628315087245465215145697043015724079776002823641578448329255246772809937964349689139830983013859686727894674963 0 0 0 0 0 0 0 0 0 0 0 0 0 0 0 0 0 0 0 0 0 0 0 0 1 0 0 0 0 0 0 0 0 0 0 0 0 0 0 0 0 0 0 0 0 0 0 0 0 0 0 0 0 0 0 0 0 0 0 0 0 0 0 0 0 0 0 0 0 0 0 0 0 0 0 0 0 0 0 0 0 0 0 0 0 0 0 0 0 0 0 0 0 0 0 0 0 0 0 0 0 0 0 0 0 0 0]
[112944207888311487696191252570869427647214650219001291214321636772212645876441457663749163966094997930677613144508229757215787470985403162637882075363132010007450228740495848914123862713093757934091260577711842942059139323643302041796182275749083380119686198448369218575441403385058546599469280347086965466982714183866335261 0 0 0 0 0 0 0 0 0 0 0 0 0 0 0 0 0 0 0 0 0 0 0 0 0 1 0 0 0 0 0 0 0 0 0 0 0 0 0 0 0 0 0 0 0 0 0 0 0 0 0 0 0 0 0 0 0 0 0 0 0 0 0 0 0 0 0 0 0 0 0 0 0 0 0 0 0 0 0 0 0 0 0 0 0 0 0 0 0 0 0 0 0 0 0 0 0 0 0 0 0 0 0 0 0 0 0]
[3301450018194846513895489248843293823038352820955067425245181281586760598015275777669825888692773331199893035813121915117142305131268006157572129551499059307805062062528348631104709306757380679973101998186168546561101998878863323275975782008294687825986799526547800091683072978050682650955202550701488689469888042413470259297 0 0 0 0 0 0 0 0 0 0 0 0 0 0 0 0 0 0 0 0 0 0 0 0 0 0 1 0 0 0 0 0 0 0 0 0 0 0 0 0 0 0 0 0 0 0 0 0 0 0 0 0 0 0 0 0 0 0 0 0 0 0 0 0 0 0 0 0 0 0 0 0 0 0 0 0 0 0 0 0 0 0 0 0 0 0 0 0 0 0 0 0 0 0 0 0 0 0 0 0 0 0 0 0 0 0 0]
[5384997205089503218530477512952118430600222695341780638540712696146154433286596855715724864016092665104844618560273745370382380713056573028849371643191792064885167936596195427390661993162606264915598291798788520581508452789754951176903820823877564023528380963328726092849672489179328102318528490055066092875955509876563394672 0 0 0 0 0 0 0 0 0 0 0 0 0 0 0 0 0 0 0 0 0 0 0 0 0 0 0 1 0 0 0 0 0 0 0 0 0 0 0 0 0 0 0 0 0 0 0 0 0 0 0 0 0 0 0 0 0 0 0 0 0 0 0 0 0 0 0 0 0 0 0 0 0 0 0 0 0 0 0 0 0 0 0 0 0 0 0 0 0 0 0 0 0 0 0 0 0 0 0 0 0 0 0 0 0 0 0]
[7908380549896648786117514770370176487278594737482309311877214243648593496574217080319561448767752180347780525965264420324532683813303201463098870866969594952031373566134474910451084005069598345550927386691566361907920955829592328324698792287113923604722754904994951968968340099476374996063003659573248455086955510237187790870 0 0 0 0 0 0 0 0 0 0 0 0 0 0 0 0 0 0 0 0 0 0 0 0 0 0 0 0 1 0 0 0 0 0 0 0 0 0 0 0 0 0 0 0 0 0 0 0 0 0 0 0 0 0 0 0 0 0 0 0 0 0 0 0 0 0 0 0 0 0 0 0 0 0 0 0 0 0 0 0 0 0 0 0 0 0 0 0 0 0 0 0 0 0 0 0 0 0 0 0 0 0 0 0 0 0 0]
[1549594789052871799150053358674685560157351970128305488057062438087042299688701900898742324324814355737845090405502707099480663449030405609911915079641957042832049939496987646269186451330727791056962453363785842378006935205437202337395859700580299362192219811986735319105437611832651333234191743102364066961989234168725540725 0 0 0 0 0 0 0 0 0 0 0 0 0 0 0 0 0 0 0 0 0 0 0 0 0 0 0 0 0 1 0 0 0 0 0 0 0 0 0 0 0 0 0 0 0 0 0 0 0 0 0 0 0 0 0 0 0 0 0 0 0 0 0 0 0 0 0 0 0 0 0 0 0 0 0 0 0 0 0 0 0 0 0 0 0 0 0 0 0 0 0 0 0 0 0 0 0 0 0 0 0 0 0 0 0 0 0]
[5061513470369171200492115425966581748901882464151803389763023390134988452806870030255943942025629921630556636152434359378729712784037673954145478771115333533316981380722124416035619986377233195457440902971716655184332520115406597627489353070098907633978281183203333412894793344516030682766561488974600685546226295192114654375 0 0 0 0 0 0 0 0 0 0 0 0 0 0 0 0 0 0 0 0 0 0 0 0 0 0 0 0 0 0 1 0 0 0 0 0 0 0 0 0 0 0 0 0 0 0 0 0 0 0 0 0 0 0 0 0 0 0 0 0 0 0 0 0 0 0 0 0 0 0 0 0 0 0 0 0 0 0 0 0 0 0 0 0 0 0 0 0 0 0 0 0 0 0 0 0 0 0 0 0 0 0 0 0 0 0 0]
[652275762476275950499951773067162933222013359860727710931620484957706993602843207584792354874822305021333241671247036968806467423452072927348177507109238608493192243240730134769373754681011535161215703371525036624355414145228039641918234502063005934041283830699104291490008485280942633988362552770783459197447921808088423748 0 0 0 0 0 0 0 0 0 0 0 0 0 0 0 0 0 0 0 0 0 0 0 0 0 0 0 0 0 0 0 1 0 0 0 0 0 0 0 0 0 0 0 0 0 0 0 0 0 0 0 0 0 0 0 0 0 0 0 0 0 0 0 0 0 0 0 0 0 0 0 0 0 0 0 0 0 0 0 0 0 0 0 0 0 0 0 0 0 0 0 0 0 0 0 0 0 0 0 0 0 0 0 0 0 0 0]
[2088954270926369323432447896052435146588221846064785749490564065892957503442819126298943934552205729408394391976003747934853490088482419804245035895899588369615873078215994594586948315752421142568627378972121360172175427057488510654158360731622513696882727884005222146475008028529781429735863234450986113810312451028325443762 0 0 0 0 0 0 0 0 0 0 0 0 0 0 0 0 0 0 0 0 0 0 0 0 0 0 0 0 0 0 0 0 1 0 0 0 0 0 0 0 0 0 0 0 0 0 0 0 0 0 0 0 0 0 0 0 0 0 0 0 0 0 0 0 0 0 0 0 0 0 0 0 0 0 0 0 0 0 0 0 0 0 0 0 0 0 0 0 0 0 0 0 0 0 0 0 0 0 0 0 0 0 0 0 0 0 0]
[8353161300148103119952657071339385615017969771367848862466828737777573481859770886381706718495042574859079930874842648804760982780781804505834987038564186516962989650386606615611222413260852105569403058204356605922704612279783934419478187299747014528121491211016107381874564441528010127298018986493579598518980295932440354094 0 0 0 0 0 0 0 0 0 0 0 0 0 0 0 0 0 0 0 0 0 0 0 0 0 0 0 0 0 0 0 0 0 1 0 0 0 0 0 0 0 0 0 0 0 0 0 0 0 0 0 0 0 0 0 0 0 0 0 0 0 0 0 0 0 0 0 0 0 0 0 0 0 0 0 0 0 0 0 0 0 0 0 0 0 0 0 0 0 0 0 0 0 0 0 0 0 0 0 0 0 0 0 0 0 0 0]
[494031259466436966492046522614947409079064062468577535517669372327743154923468111406549609050726358752459807030219901330184000813174985774435786825889484866454475411202099683129446355571190394298396675465571970778063849054508028946133590001487131744895697318731654136875724980717818466569523748987315681358527452798021135122 0 0 0 0 0 0 0 0 0 0 0 0 0 0 0 0 0 0 0 0 0 0 0 0 0 0 0 0 0 0 0 0 0 0 1 0 0 0 0 0 0 0 0 0 0 0 0 0 0 0 0 0 0 0 0 0 0 0 0 0 0 0 0 0 0 0 0 0 0 0 0 0 0 0 0 0 0 0 0 0 0 0 0 0 0 0 0 0 0 0 0 0 0 0 0 0 0 0 0 0 0 0 0 0 0 0 0]
[2207676600626240642141458605126341759512932204738122102143232453718948069784245610983436191061919482293312158247641283239534036135324586773959572787909340899592764650573203436449785904024658302284626580178408967862244492060050914091889589929696782985778609525825123774919318520726838587630200671644707522134710524013478741325 0 0 0 0 0 0 0 0 0 0 0 0 0 0 0 0 0 0 0 0 0 0 0 0 0 0 0 0 0 0 0 0 0 0 0 1 0 0 0 0 0 0 0 0 0 0 0 0 0 0 0 0 0 0 0 0 0 0 0 0 0 0 0 0 0 0 0 0 0 0 0 0 0 0 0 0 0 0 0 0 0 0 0 0 0 0 0 0 0 0 0 0 0 0 0 0 0 0 0 0 0 0 0 0 0 0 0]
[1132131260566526934214508161428811387698272091032917630344374013304206279586725856172910700622445355238157788771093161694628509200243240757543354952709499202531499029563528085805658174956612630279346517869183646879646898063212185702115870136133829113943389988864090177229269238662703338777338920119871337756155474839759051851 0 0 0 0 0 0 0 0 0 0 0 0 0 0 0 0 0 0 0 0 0 0 0 0 0 0 0 0 0 0 0 0 0 0 0 0 1 0 0 0 0 0 0 0 0 0 0 0 0 0 0 0 0 0 0 0 0 0 0 0 0 0 0 0 0 0 0 0 0 0 0 0 0 0 0 0 0 0 0 0 0 0 0 0 0 0 0 0 0 0 0 0 0 0 0 0 0 0 0 0 0 0 0 0 0 0 0]
[482260000471931163998103456278555644022012944049165064854864589773774604543113153232842753137326264519566765938200902579427710574290841901752456239815535173362439093139668578936214973976311343613491597510666684823819102237880500930909562465501340918650272275603779563040286855847304643382451963692391144448511132875652688543 0 0 0 0 0 0 0 0 0 0 0 0 0 0 0 0 0 0 0 0 0 0 0 0 0 0 0 0 0 0 0 0 0 0 0 0 0 1 0 0 0 0 0 0 0 0 0 0 0 0 0 0 0 0 0 0 0 0 0 0 0 0 0 0 0 0 0 0 0 0 0 0 0 0 0 0 0 0 0 0 0 0 0 0 0 0 0 0 0 0 0 0 0 0 0 0 0 0 0 0 0 0 0 0 0 0 0]
[1639437188933515292374444159507431291117999405927886288621377585986229092012114238215151884648423048622276472048890687304903725890567250765739166700337485830392680132628492393877832205309140153590200132600015612882744990278922466760809029974918987279699389232548004049739719173790300615033736615117670559729929058317490238506 0 0 0 0 0 0 0 0 0 0 0 0 0 0 0 0 0 0 0 0 0 0 0 0 0 0 0 0 0 0 0 0 0 0 0 0 0 0 1 0 0 0 0 0 0 0 0 0 0 0 0 0 0 0 0 0 0 0 0 0 0 0 0 0 0 0 0 0 0 0 0 0 0 0 0 0 0 0 0 0 0 0 0 0 0 0 0 0 0 0 0 0 0 0 0 0 0 0 0 0 0 0 0 0 0 0 0]
[2968711573026168411843344308519395266857709323994724758131893948202751157046411307766578081985235520303127063211879331574849702293241889278412754865931987197040402380291285035728758081141315052839864601169323325800970992974854357765743432682968552002630837748880347622351594554015127391996452733285967982358521605040498855300 0 0 0 0 0 0 0 0 0 0 0 0 0 0 0 0 0 0 0 0 0 0 0 0 0 0 0 0 0 0 0 0 0 0 0 0 0 0 0 1 0 0 0 0 0 0 0 0 0 0 0 0 0 0 0 0 0 0 0 0 0 0 0 0 0 0 0 0 0 0 0 0 0 0 0 0 0 0 0 0 0 0 0 0 0 0 0 0 0 0 0 0 0 0 0 0 0 0 0 0 0 0 0 0 0 0 0]
[4468298882062033289952601144541861245303921670467202836127691609262070422258237395815806747000673566696538867344078909320204371844103353727270362279798296307977655914606552516334961061126089481834422556643801580499406642435996250346872664648341269403015504766320676881194152192379113065252548955213616838249271610237913543999 0 0 0 0 0 0 0 0 0 0 0 0 0 0 0 0 0 0 0 0 0 0 0 0 0 0 0 0 0 0 0 0 0 0 0 0 0 0 0 0 1 0 0 0 0 0 0 0 0 0 0 0 0 0 0 0 0 0 0 0 0 0 0 0 0 0 0 0 0 0 0 0 0 0 0 0 0 0 0 0 0 0 0 0 0 0 0 0 0 0 0 0 0 0 0 0 0 0 0 0 0 0 0 0 0 0 0]
[5139815974258642687779471370640436531279530810886899302726254579213171245965152907960328215719016907566589584662429510738041081470956085057371196820307924689922612775205438806740078451272194835593438419677873354898333968603327354490611112434913165371258437300129533990299900065776313935090742523758109838319068540552114521116 0 0 0 0 0 0 0 0 0 0 0 0 0 0 0 0 0 0 0 0 0 0 0 0 0 0 0 0 0 0 0 0 0 0 0 0 0 0 0 0 0 1 0 0 0 0 0 0 0 0 0 0 0 0 0 0 0 0 0 0 0 0 0 0 0 0 0 0 0 0 0 0 0 0 0 0 0 0 0 0 0 0 0 0 0 0 0 0 0 0 0 0 0 0 0 0 0 0 0 0 0 0 0 0 0 0 0]
[5284919122533030805356783367447520225720288415475497841458017891115682463235097863947146410996200730318323240289751281306839521616629424587521846239162929015997844035495651567200272212717878299061446068505213728588723735790697354542395479466860475158101350464630702389251724688051418947608213474082681831146037162570978598864 0 0 0 0 0 0 0 0 0 0 0 0 0 0 0 0 0 0 0 0 0 0 0 0 0 0 0 0 0 0 0 0 0 0 0 0 0 0 0 0 0 0 1 0 0 0 0 0 0 0 0 0 0 0 0 0 0 0 0 0 0 0 0 0 0 0 0 0 0 0 0 0 0 0 0 0 0 0 0 0 0 0 0 0 0 0 0 0 0 0 0 0 0 0 0 0 0 0 0 0 0 0 0 0 0 0 0]
[153192870307362057206218033984949509798458910533387607271049438892832018626974730598395018115195208074396601302391512538843891463435927668359101800913404824272031703328281627521331125576939942817756358004609997089750601286428954327551324290455308707202693339057882818345950685896758555091994419956646917319337730829403470857 0 0 0 0 0 0 0 0 0 0 0 0 0 0 0 0 0 0 0 0 0 0 0 0 0 0 0 0 0 0 0 0 0 0 0 0 0 0 0 0 0 0 0 1 0 0 0 0 0 0 0 0 0 0 0 0 0 0 0 0 0 0 0 0 0 0 0 0 0 0 0 0 0 0 0 0 0 0 0 0 0 0 0 0 0 0 0 0 0 0 0 0 0 0 0 0 0 0 0 0 0 0 0 0 0 0 0]
[5670679040286386497039349605017706850767241746470271581070783026499789748427468313075431870573399218192397799358290596510958965337841512832627486473667152242604323910427420769866982041843435000967902072008455325800240381012400419419044118078918808964412404552753376487114290948336120715810799152888048144591496964939702681200 0 0 0 0 0 0 0 0 0 0 0 0 0 0 0 0 0 0 0 0 0 0 0 0 0 0 0 0 0 0 0 0 0 0 0 0 0 0 0 0 0 0 0 0 1 0 0 0 0 0 0 0 0 0 0 0 0 0 0 0 0 0 0 0 0 0 0 0 0 0 0 0 0 0 0 0 0 0 0 0 0 0 0 0 0 0 0 0 0 0 0 0 0 0 0 0 0 0 0 0 0 0 0 0 0 0 0]
[6776589485322189886392987235970756091738870999762456774584064117935715038190010382023912027507112113947035520287552745174215488445031833912604158526538439590907807634334319674152599220657025414670075627270583440042456469835066072909430738377914151753062367177591029121163219930785030034631084357991398650395388108668671189290 0 0 0 0 0 0 0 0 0 0 0 0 0 0 0 0 0 0 0 0 0 0 0 0 0 0 0 0 0 0 0 0 0 0 0 0 0 0 0 0 0 0 0 0 0 1 0 0 0 0 0 0 0 0 0 0 0 0 0 0 0 0 0 0 0 0 0 0 0 0 0 0 0 0 0 0 0 0 0 0 0 0 0 0 0 0 0 0 0 0 0 0 0 0 0 0 0 0 0 0 0 0 0 0 0 0 0]
[4553933918856119153221744362206378074111819385120140309743189687684767954012375598813700328072767223507335979162147874751833257810015504810787348066644138054180244540949067366973326854945145672385185205804068008926223415204911850461874386084292138025788764561237120566361010955645283283402263522449927511208974504245590499245 0 0 0 0 0 0 0 0 0 0 0 0 0 0 0 0 0 0 0 0 0 0 0 0 0 0 0 0 0 0 0 0 0 0 0 0 0 0 0 0 0 0 0 0 0 0 1 0 0 0 0 0 0 0 0 0 0 0 0 0 0 0 0 0 0 0 0 0 0 0 0 0 0 0 0 0 0 0 0 0 0 0 0 0 0 0 0 0 0 0 0 0 0 0 0 0 0 0 0 0 0 0 0 0 0 0 0]
[6530078818108841151964048966231044267389173987475967355454019692628506017999953417125721713667602602616726478303990611865476591361826925007529215222901402562070519943792628795885078502135554803712819732105680115549514314527560573702116248417649025521525769266855755135827673814686701542360372237170547238309175917814401558947 0 0 0 0 0 0 0 0 0 0 0 0 0 0 0 0 0 0 0 0 0 0 0 0 0 0 0 0 0 0 0 0 0 0 0 0 0 0 0 0 0 0 0 0 0 0 0 1 0 0 0 0 0 0 0 0 0 0 0 0 0 0 0 0 0 0 0 0 0 0 0 0 0 0 0 0 0 0 0 0 0 0 0 0 0 0 0 0 0 0 0 0 0 0 0 0 0 0 0 0 0 0 0 0 0 0 0]
[4016179301033745325757516929516012923777821448134605243701245030704208713731921658634854845062426523737121056329301791831872535633015322126317328648796782273138943573759490893084232997400653622828691317322655248900836614772739700264120904879398543923585269265766807947203068959857349930569761281032304912534387883313909925313 0 0 0 0 0 0 0 0 0 0 0 0 0 0 0 0 0 0 0 0 0 0 0 0 0 0 0 0 0 0 0 0 0 0 0 0 0 0 0 0 0 0 0 0 0 0 0 0 1 0 0 0 0 0 0 0 0 0 0 0 0 0 0 0 0 0 0 0 0 0 0 0 0 0 0 0 0 0 0 0 0 0 0 0 0 0 0 0 0 0 0 0 0 0 0 0 0 0 0 0 0 0 0 0 0 0 0]
[5597916029680591752259533461390582718058132752729981933354546781173774359252921159619424234882143822346940155446370392747224574365437063943316086086982200022007676564467302123184471932022814667756418011629410776592258897115888209654048119623208989995281173079919806035239396448058895552923617962557549894916150873712891915311 0 0 0 0 0 0 0 0 0 0 0 0 0 0 0 0 0 0 0 0 0 0 0 0 0 0 0 0 0 0 0 0 0 0 0 0 0 0 0 0 0 0 0 0 0 0 0 0 0 1 0 0 0 0 0 0 0 0 0 0 0 0 0 0 0 0 0 0 0 0 0 0 0 0 0 0 0 0 0 0 0 0 0 0 0 0 0 0 0 0 0 0 0 0 0 0 0 0 0 0 0 0 0 0 0 0 0]
[2651172278380342254104972052624520175536162106062375349575721530679753013811060316779338732923420189196025700138173613704477664840847278494294068206036335556476227901336541313755106547133655873127637743269715625786687054519696198259598026871029733852808110125605942612922748439625681498510446349140514230029165514073160729030 0 0 0 0 0 0 0 0 0 0 0 0 0 0 0 0 0 0 0 0 0 0 0 0 0 0 0 0 0 0 0 0 0 0 0 0 0 0 0 0 0 0 0 0 0 0 0 0 0 0 1 0 0 0 0 0 0 0 0 0 0 0 0 0 0 0 0 0 0 0 0 0 0 0 0 0 0 0 0 0 0 0 0 0 0 0 0 0 0 0 0 0 0 0 0 0 0 0 0 0 0 0 0 0 0 0 0]
[2106027877666042972565198325135068557763063173513136983781946420902903575407047208700595185547515381068529636247617069835160992788372343068246099293341893006332216126209493780008223855575764177755765678117016512899273511438217969400489706722531589074658531237339801101197819742844658349976444829863001425476458715379540662044 0 0 0 0 0 0 0 0 0 0 0 0 0 0 0 0 0 0 0 0 0 0 0 0 0 0 0 0 0 0 0 0 0 0 0 0 0 0 0 0 0 0 0 0 0 0 0 0 0 0 0 1 0 0 0 0 0 0 0 0 0 0 0 0 0 0 0 0 0 0 0 0 0 0 0 0 0 0 0 0 0 0 0 0 0 0 0 0 0 0 0 0 0 0 0 0 0 0 0 0 0 0 0 0 0 0 0]
[3742986993605137426555247407119010898605843221861740289219164513034388297803662619318501174572689260575966989630140227227921189106533105504547324211031370353916502802790526024480595983079922480515757059736249557100449696548395565331880988255029594411296307677986919857314261116242971023096875795416566773917794703850168746457 0 0 0 0 0 0 0 0 0 0 0 0 0 0 0 0 0 0 0 0 0 0 0 0 0 0 0 0 0 0 0 0 0 0 0 0 0 0 0 0 0 0 0 0 0 0 0 0 0 0 0 0 1 0 0 0 0 0 0 0 0 0 0 0 0 0 0 0 0 0 0 0 0 0 0 0 0 0 0 0 0 0 0 0 0 0 0 0 0 0 0 0 0 0 0 0 0 0 0 0 0 0 0 0 0 0 0]
[5266116851411016768518948279214335446414362516317548063497266041595544935001210939484865820446345088348620309102275792225069355759974539048679526204639569098994320145679720635494816661686245621030181982653116686430680289195660395163931308960462241625688061171203095754560875772214585577492827016981333225493354659125989178188 0 0 0 0 0 0 0 0 0 0 0 0 0 0 0 0 0 0 0 0 0 0 0 0 0 0 0 0 0 0 0 0 0 0 0 0 0 0 0 0 0 0 0 0 0 0 0 0 0 0 0 0 0 1 0 0 0 0 0 0 0 0 0 0 0 0 0 0 0 0 0 0 0 0 0 0 0 0 0 0 0 0 0 0 0 0 0 0 0 0 0 0 0 0 0 0 0 0 0 0 0 0 0 0 0 0 0]
[6968920165930503742314210512162666874768409242154173835297208906167333861160391602886034207559135699424501519297886836167369499301321483927075820442497552317660180820111284495456283039664572328365862099432430213067501691031085769055220404962996566928953830768550634503036032183741680989043869851475570770423534635781641674079 0 0 0 0 0 0 0 0 0 0 0 0 0 0 0 0 0 0 0 0 0 0 0 0 0 0 0 0 0 0 0 0 0 0 0 0 0 0 0 0 0 0 0 0 0 0 0 0 0 0 0 0 0 0 1 0 0 0 0 0 0 0 0 0 0 0 0 0 0 0 0 0 0 0 0 0 0 0 0 0 0 0 0 0 0 0 0 0 0 0 0 0 0 0 0 0 0 0 0 0 0 0 0 0 0 0 0]
[3728555388541254558061203548253412484480458771878211969026325511819812223066929608433914117532542184142041434373558681756253155745780589562665376822942851131003659529358336665687941462203433075311710376827874790099233975767787904954659522454917596948644197361366171715005161502576686652872578102806868815272777148038054466008 0 0 0 0 0 0 0 0 0 0 0 0 0 0 0 0 0 0 0 0 0 0 0 0 0 0 0 0 0 0 0 0 0 0 0 0 0 0 0 0 0 0 0 0 0 0 0 0 0 0 0 0 0 0 0 1 0 0 0 0 0 0 0 0 0 0 0 0 0 0 0 0 0 0 0 0 0 0 0 0 0 0 0 0 0 0 0 0 0 0 0 0 0 0 0 0 0 0 0 0 0 0 0 0 0 0 0]
[926765330875527053171497686863122737340018695338871215035411567819958650864575208265016751525864565308527037788225143577099686575922129908465388487372610788996324287022704049197180038859739109510188630790215354426835087177097514469125289913265067955220379081281011378027994272514339639977031515069336518668173679279333447103 0 0 0 0 0 0 0 0 0 0 0 0 0 0 0 0 0 0 0 0 0 0 0 0 0 0 0 0 0 0 0 0 0 0 0 0 0 0 0 0 0 0 0 0 0 0 0 0 0 0 0 0 0 0 0 0 1 0 0 0 0 0 0 0 0 0 0 0 0 0 0 0 0 0 0 0 0 0 0 0 0 0 0 0 0 0 0 0 0 0 0 0 0 0 0 0 0 0 0 0 0 0 0 0 0 0 0]
[1399077638334296332882391268979604394038657722018818449840277984012966748705269921359997651468277183322590269423352044952116794353956159142716383927282200127195650181612100960509546218219705370541336309844963638652763847405937985582233583287598734362588697113964222563380587274618551687987773227625111970673482616016528860235 0 0 0 0 0 0 0 0 0 0 0 0 0 0 0 0 0 0 0 0 0 0 0 0 0 0 0 0 0 0 0 0 0 0 0 0 0 0 0 0 0 0 0 0 0 0 0 0 0 0 0 0 0 0 0 0 0 1 0 0 0 0 0 0 0 0 0 0 0 0 0 0 0 0 0 0 0 0 0 0 0 0 0 0 0 0 0 0 0 0 0 0 0 0 0 0 0 0 0 0 0 0 0 0 0 0 0]
[2467171287746625725289988385229673032358164679738113445723801410098750775412632184164957567817842614467954877799812280293455741141111127483130179967867294220145186960252948556442283627694589281208002014282493932226048111027886531500246247473775512059462249396754470247017361541572773926099783835470053950207481761979017865463 0 0 0 0 0 0 0 0 0 0 0 0 0 0 0 0 0 0 0 0 0 0 0 0 0 0 0 0 0 0 0 0 0 0 0 0 0 0 0 0 0 0 0 0 0 0 0 0 0 0 0 0 0 0 0 0 0 0 1 0 0 0 0 0 0 0 0 0 0 0 0 0 0 0 0 0 0 0 0 0 0 0 0 0 0 0 0 0 0 0 0 0 0 0 0 0 0 0 0 0 0 0 0 0 0 0 0]
[363428495532951960991122266803753518024109082250479621976995730707137065533206650336895924393188624819838614001965909629733707329835994869802354422951670527027152606365717705732269000951640510198525739218786969141654366504769931548554430099566069937577688396123969408930911070316099045212177730599474829462561807679854885300 0 0 0 0 0 0 0 0 0 0 0 0 0 0 0 0 0 0 0 0 0 0 0 0 0 0 0 0 0 0 0 0 0 0 0 0 0 0 0 0 0 0 0 0 0 0 0 0 0 0 0 0 0 0 0 0 0 0 0 1 0 0 0 0 0 0 0 0 0 0 0 0 0 0 0 0 0 0 0 0 0 0 0 0 0 0 0 0 0 0 0 0 0 0 0 0 0 0 0 0 0 0 0 0 0 0 0]
[2163842281387157469094228837994423067246726318082355001107648569459141610408754045900589512895914095539456498780969073217997219317125489336396485296258171761841555246333851944587967014627365692835397017349877750614489648734272097434012660138050341316968073262239572907311424484901559940440732006877707287387157269649024095447 0 0 0 0 0 0 0 0 0 0 0 0 0 0 0 0 0 0 0 0 0 0 0 0 0 0 0 0 0 0 0 0 0 0 0 0 0 0 0 0 0 0 0 0 0 0 0 0 0 0 0 0 0 0 0 0 0 0 0 0 1 0 0 0 0 0 0 0 0 0 0 0 0 0 0 0 0 0 0 0 0 0 0 0 0 0 0 0 0 0 0 0 0 0 0 0 0 0 0 0 0 0 0 0 0 0 0]
[2066085562073104495912114523478690566200051563770877386956684077620562662225474621350432796389490990314288174704064846819046741717564712083374037234176586686521694219076643134645101092157238412750940709400237511284582965600824570543297301928046381782401286375381226529729620199352817926729798374505807020525251669212106790094 0 0 0 0 0 0 0 0 0 0 0 0 0 0 0 0 0 0 0 0 0 0 0 0 0 0 0 0 0 0 0 0 0 0 0 0 0 0 0 0 0 0 0 0 0 0 0 0 0 0 0 0 0 0 0 0 0 0 0 0 0 1 0 0 0 0 0 0 0 0 0 0 0 0 0 0 0 0 0 0 0 0 0 0 0 0 0 0 0 0 0 0 0 0 0 0 0 0 0 0 0 0 0 0 0 0 0]
[6638060208360128678306019589199774990491249692364105374152932560933023637286849778249733794320105324217013741356545985064144652724463196846394790474954851717540962364843545506997505577373389422390235721884299399202870571367545738511159471136198317722093643965234840881582588585919138621313905488221450831829803120744522770828 0 0 0 0 0 0 0 0 0 0 0 0 0 0 0 0 0 0 0 0 0 0 0 0 0 0 0 0 0 0 0 0 0 0 0 0 0 0 0 0 0 0 0 0 0 0 0 0 0 0 0 0 0 0 0 0 0 0 0 0 0 0 1 0 0 0 0 0 0 0 0 0 0 0 0 0 0 0 0 0 0 0 0 0 0 0 0 0 0 0 0 0 0 0 0 0 0 0 0 0 0 0 0 0 0 0 0]
[8419368585760395249185863922620119201702205020791175468025327231386398973514803675008486632210821723536933300733135251675110161853687092565049037825661662823887447121326554365402554723620134207006875953024770325717646476124089636995323084142020626372817219816252060758020000245573600381032335115215032724502698430313121905821 0 0 0 0 0 0 0 0 0 0 0 0 0 0 0 0 0 0 0 0 0 0 0 0 0 0 0 0 0 0 0 0 0 0 0 0 0 0 0 0 0 0 0 0 0 0 0 0 0 0 0 0 0 0 0 0 0 0 0 0 0 0 0 1 0 0 0 0 0 0 0 0 0 0 0 0 0 0 0 0 0 0 0 0 0 0 0 0 0 0 0 0 0 0 0 0 0 0 0 0 0 0 0 0 0 0 0]
[6732989990676881075871645246486975944715684973882503633956269643390742976051806985083181838818529178216649713568675856254579221832207939641820720173888547919921069815709495587904925675168330068419850261275007548532587112906862965142942542447403771818115830730105395695909572203324272077086289302131287935567620469421853654350 0 0 0 0 0 0 0 0 0 0 0 0 0 0 0 0 0 0 0 0 0 0 0 0 0 0 0 0 0 0 0 0 0 0 0 0 0 0 0 0 0 0 0 0 0 0 0 0 0 0 0 0 0 0 0 0 0 0 0 0 0 0 0 0 1 0 0 0 0 0 0 0 0 0 0 0 0 0 0 0 0 0 0 0 0 0 0 0 0 0 0 0 0 0 0 0 0 0 0 0 0 0 0 0 0 0 0]
[7006857325094661290644017748481528806278131581127326934187076666690741261680017916889168000237860273168491655311885666933145557042127052005030327163003804825590259312074833578599204341295580291591115882681468671420766036441660266422909197811482739206853488980185584487416209992483300508638665664343611040093461717737610504732 0 0 0 0 0 0 0 0 0 0 0 0 0 0 0 0 0 0 0 0 0 0 0 0 0 0 0 0 0 0 0 0 0 0 0 0 0 0 0 0 0 0 0 0 0 0 0 0 0 0 0 0 0 0 0 0 0 0 0 0 0 0 0 0 0 1 0 0 0 0 0 0 0 0 0 0 0 0 0 0 0 0 0 0 0 0 0 0 0 0 0 0 0 0 0 0 0 0 0 0 0 0 0 0 0 0 0]
[7434042693379004667353773041153255190148543250284608468098856673585676478155138095089130167647992053538912225955896838696524538988947774606137023405155612810789060053802217462746490347036919745246472329795932565300733821026719671736118205249213547180854058352213269664599695648544069887567260830290791277734686078794427711858 0 0 0 0 0 0 0 0 0 0 0 0 0 0 0 0 0 0 0 0 0 0 0 0 0 0 0 0 0 0 0 0 0 0 0 0 0 0 0 0 0 0 0 0 0 0 0 0 0 0 0 0 0 0 0 0 0 0 0 0 0 0 0 0 0 0 1 0 0 0 0 0 0 0 0 0 0 0 0 0 0 0 0 0 0 0 0 0 0 0 0 0 0 0 0 0 0 0 0 0 0 0 0 0 0 0 0]
[473288204067591223403259558451845749459787006193454440891572791454268077578366527650899539926590655267414610417350909424227073967868218739415471953659330240484119187830232341096268545229273625191577935391503698039539854684856295558392513426716339773871180455782365038599970881050577248233811079027462129173637581325255096530 0 0 0 0 0 0 0 0 0 0 0 0 0 0 0 0 0 0 0 0 0 0 0 0 0 0 0 0 0 0 0 0 0 0 0 0 0 0 0 0 0 0 0 0 0 0 0 0 0 0 0 0 0 0 0 0 0 0 0 0 0 0 0 0 0 0 0 1 0 0 0 0 0 0 0 0 0 0 0 0 0 0 0 0 0 0 0 0 0 0 0 0 0 0 0 0 0 0 0 0 0 0 0 0 0 0 0]
[6257189457838909688551311387264193075512067756416135319172024143542080368460306303475180291076177877722019669331696010782916480345512769568397602935940156776826801291125673160341332385805123646851676226912856271492156307510203848066417679853059089862974113778684909708583736629264467582881585143008947386332873459205476472008 0 0 0 0 0 0 0 0 0 0 0 0 0 0 0 0 0 0 0 0 0 0 0 0 0 0 0 0 0 0 0 0 0 0 0 0 0 0 0 0 0 0 0 0 0 0 0 0 0 0 0 0 0 0 0 0 0 0 0 0 0 0 0 0 0 0 0 0 1 0 0 0 0 0 0 0 0 0 0 0 0 0 0 0 0 0 0 0 0 0 0 0 0 0 0 0 0 0 0 0 0 0 0 0 0 0 0]
[5462254774503558340792614051397265055982728309172329481893180512078777239834693439963805187719011402448058862930067114273265008715192211887870775055245264500334255551861405433185520621267321898263505383548341508716833396801622835689413538170101828423202077992330833367996648606172156381906416364643406275802474504735688629963 0 0 0 0 0 0 0 0 0 0 0 0 0 0 0 0 0 0 0 0 0 0 0 0 0 0 0 0 0 0 0 0 0 0 0 0 0 0 0 0 0 0 0 0 0 0 0 0 0 0 0 0 0 0 0 0 0 0 0 0 0 0 0 0 0 0 0 0 0 1 0 0 0 0 0 0 0 0 0 0 0 0 0 0 0 0 0 0 0 0 0 0 0 0 0 0 0 0 0 0 0 0 0 0 0 0 0]
[2051720623214459375790683730554112788057084590615692378509405846716107315202842731258329712890959689723206964934492637170888114357746875291420094756673213446237752671460999861320358325074868183972345603374588694115146357133046872271908757988660185719105358474333883813988517061371336347973277591169346802093292108138561524140 0 0 0 0 0 0 0 0 0 0 0 0 0 0 0 0 0 0 0 0 0 0 0 0 0 0 0 0 0 0 0 0 0 0 0 0 0 0 0 0 0 0 0 0 0 0 0 0 0 0 0 0 0 0 0 0 0 0 0 0 0 0 0 0 0 0 0 0 0 0 1 0 0 0 0 0 0 0 0 0 0 0 0 0 0 0 0 0 0 0 0 0 0 0 0 0 0 0 0 0 0 0 0 0 0 0 0]
[4920274801565977181858202175372714712794080521603246900948840266517706340245980096018371748293354316376399202192918762578225764792820841643543268812238312429726939940500243915134425494839322349907222660536690092147196312696284502595215092361285213744810915910619533825185307637633934043168165493832900537185570623320522162790 0 0 0 0 0 0 0 0 0 0 0 0 0 0 0 0 0 0 0 0 0 0 0 0 0 0 0 0 0 0 0 0 0 0 0 0 0 0 0 0 0 0 0 0 0 0 0 0 0 0 0 0 0 0 0 0 0 0 0 0 0 0 0 0 0 0 0 0 0 0 0 1 0 0 0 0 0 0 0 0 0 0 0 0 0 0 0 0 0 0 0 0 0 0 0 0 0 0 0 0 0 0 0 0 0 0 0]
[3790770691268390444752625446448589967213487338732180945265002851226927297319865587441953168463182530029462923359552100516856446940062386012744865884058580578810812133550828433956776297237951213688835496740560147033418193474640505963697189998526906372825423874367408859906154763226310464385228598757804185082197165010238132818 0 0 0 0 0 0 0 0 0 0 0 0 0 0 0 0 0 0 0 0 0 0 0 0 0 0 0 0 0 0 0 0 0 0 0 0 0 0 0 0 0 0 0 0 0 0 0 0 0 0 0 0 0 0 0 0 0 0 0 0 0 0 0 0 0 0 0 0 0 0 0 0 1 0 0 0 0 0 0 0 0 0 0 0 0 0 0 0 0 0 0 0 0 0 0 0 0 0 0 0 0 0 0 0 0 0 0]
[8103359917728387514396992929387443180528384669732430604988478094879664326609209232643384375725112252409821712126300105474414047720776530151893201458360891339550502004292165035492915315976613978824080960246369742349609795588888290321657208395383413560339919535645594090518845132369317179430148356945978156716767587215612646273 0 0 0 0 0 0 0 0 0 0 0 0 0 0 0 0 0 0 0 0 0 0 0 0 0 0 0 0 0 0 0 0 0 0 0 0 0 0 0 0 0 0 0 0 0 0 0 0 0 0 0 0 0 0 0 0 0 0 0 0 0 0 0 0 0 0 0 0 0 0 0 0 0 1 0 0 0 0 0 0 0 0 0 0 0 0 0 0 0 0 0 0 0 0 0 0 0 0 0 0 0 0 0 0 0 0 0]
[1879052816521489124766560207704805127196772722139852909151724113489075621414305871695815937873388024361991696448843330323844092627317526197956087512962035341584265824606864928733891656726514456839512030092227762188921335028774418975689893920301461667128546207734322709376429545035687066936518026814142565802903190746099654469 0 0 0 0 0 0 0 0 0 0 0 0 0 0 0 0 0 0 0 0 0 0 0 0 0 0 0 0 0 0 0 0 0 0 0 0 0 0 0 0 0 0 0 0 0 0 0 0 0 0 0 0 0 0 0 0 0 0 0 0 0 0 0 0 0 0 0 0 0 0 0 0 0 0 1 0 0 0 0 0 0 0 0 0 0 0 0 0 0 0 0 0 0 0 0 0 0 0 0 0 0 0 0 0 0 0 0]
[1105136246054038071624068505114242045845113448070829039619251590911338186141046960753156617244688096578757556929158599467924899433759221317618061156525789297115881317139195048590681196231784810608307742372585062229517724665923156095144132806255419109321477409122682800264210116115146980879691892162692379579002135929992162047 0 0 0 0 0 0 0 0 0 0 0 0 0 0 0 0 0 0 0 0 0 0 0 0 0 0 0 0 0 0 0 0 0 0 0 0 0 0 0 0 0 0 0 0 0 0 0 0 0 0 0 0 0 0 0 0 0 0 0 0 0 0 0 0 0 0 0 0 0 0 0 0 0 0 0 1 0 0 0 0 0 0 0 0 0 0 0 0 0 0 0 0 0 0 0 0 0 0 0 0 0 0 0 0 0 0 0]
[2160944190884587123605576715954896048687389703066839342992811610357794637514681208344073572933542174344977158445995688182625013372036531298778947670588576672432877881651918562819588608276585808375211856935195104327579802406147790671947670708535559973484162956918784445300907613559471715918350867186897814954033719369377799716 0 0 0 0 0 0 0 0 0 0 0 0 0 0 0 0 0 0 0 0 0 0 0 0 0 0 0 0 0 0 0 0 0 0 0 0 0 0 0 0 0 0 0 0 0 0 0 0 0 0 0 0 0 0 0 0 0 0 0 0 0 0 0 0 0 0 0 0 0 0 0 0 0 0 0 0 1 0 0 0 0 0 0 0 0 0 0 0 0 0 0 0 0 0 0 0 0 0 0 0 0 0 0 0 0 0 0]
[1642841793082089417573727951042781308145070623130028536194704256240781549733768108991627585918418607238495836127797062176454828248183463867700854903521990717873420349187003226218702377513368201004739941925219506451041042349477842552834793982200946047808262202802738219186556655351008501261753867003141170247430058328953916358 0 0 0 0 0 0 0 0 0 0 0 0 0 0 0 0 0 0 0 0 0 0 0 0 0 0 0 0 0 0 0 0 0 0 0 0 0 0 0 0 0 0 0 0 0 0 0 0 0 0 0 0 0 0 0 0 0 0 0 0 0 0 0 0 0 0 0 0 0 0 0 0 0 0 0 0 0 1 0 0 0 0 0 0 0 0 0 0 0 0 0 0 0 0 0 0 0 0 0 0 0 0 0 0 0 0 0]
[3025291293950282193495085228766359921678101727608185150930022933223056736412200453282967890165107894515918251369907930810896932963346025275720103904289335809909520231282498680461600388317890475108049073008637089501140174499648418051261857682513550301811591954988468671832154304833829859588424611135447365925226756962823732003 0 0 0 0 0 0 0 0 0 0 0 0 0 0 0 0 0 0 0 0 0 0 0 0 0 0 0 0 0 0 0 0 0 0 0 0 0 0 0 0 0 0 0 0 0 0 0 0 0 0 0 0 0 0 0 0 0 0 0 0 0 0 0 0 0 0 0 0 0 0 0 0 0 0 0 0 0 0 1 0 0 0 0 0 0 0 0 0 0 0 0 0 0 0 0 0 0 0 0 0 0 0 0 0 0 0 0]
[2540142706696485887206268318016784585698506304920495304859539420348356734984790787615397432325460079800241435648867948551143007415696873414938302387792601176469223910976046415159816593575206272818429979632788463285044711480306455277882272070105897701175149789999254908533253133402563961535569071800197638486484904505128202339 0 0 0 0 0 0 0 0 0 0 0 0 0 0 0 0 0 0 0 0 0 0 0 0 0 0 0 0 0 0 0 0 0 0 0 0 0 0 0 0 0 0 0 0 0 0 0 0 0 0 0 0 0 0 0 0 0 0 0 0 0 0 0 0 0 0 0 0 0 0 0 0 0 0 0 0 0 0 0 1 0 0 0 0 0 0 0 0 0 0 0 0 0 0 0 0 0 0 0 0 0 0 0 0 0 0 0]
[6369115694085420691755541244025213873242486475680787740667552301329203230402996561768385878644797322448811499681957035903295575055520528044755694106126490688748523996567324505305324283027926714416510323721223612389874531026665711065486130022717145853808761057858430925012705337413018932877810874342636594413554941202056683218 0 0 0 0 0 0 0 0 0 0 0 0 0 0 0 0 0 0 0 0 0 0 0 0 0 0 0 0 0 0 0 0 0 0 0 0 0 0 0 0 0 0 0 0 0 0 0 0 0 0 0 0 0 0 0 0 0 0 0 0 0 0 0 0 0 0 0 0 0 0 0 0 0 0 0 0 0 0 0 0 1 0 0 0 0 0 0 0 0 0 0 0 0 0 0 0 0 0 0 0 0 0 0 0 0 0 0]
[1531665277863960232608003977484011616576090867629971136613609213399411927542893961571248677578444513153532096356321737669357121829553000354528405992972344458104173081144054280087712324124742850951575025928060471375803689284680274658560480023132814779767193050375164704273006735473256128056895627024194187445680764993277932919 0 0 0 0 0 0 0 0 0 0 0 0 0 0 0 0 0 0 0 0 0 0 0 0 0 0 0 0 0 0 0 0 0 0 0 0 0 0 0 0 0 0 0 0 0 0 0 0 0 0 0 0 0 0 0 0 0 0 0 0 0 0 0 0 0 0 0 0 0 0 0 0 0 0 0 0 0 0 0 0 0 1 0 0 0 0 0 0 0 0 0 0 0 0 0 0 0 0 0 0 0 0 0 0 0 0 0]
[6861621180952274089927209410649275267529211028107511212488019183211355503843458729880618157373168736091445127913254455513539751693581999711588570513434954200843697733940199991352327050107572105612826667136395099726567595482260350000306871082735589219786097601558486569007642074198756567750713792520316877062848848363631372120 0 0 0 0 0 0 0 0 0 0 0 0 0 0 0 0 0 0 0 0 0 0 0 0 0 0 0 0 0 0 0 0 0 0 0 0 0 0 0 0 0 0 0 0 0 0 0 0 0 0 0 0 0 0 0 0 0 0 0 0 0 0 0 0 0 0 0 0 0 0 0 0 0 0 0 0 0 0 0 0 0 0 1 0 0 0 0 0 0 0 0 0 0 0 0 0 0 0 0 0 0 0 0 0 0 0 0]
[1530089105372199346154520845298563624229663077484432252398290666968250663510132408256696424897003008380957416139775985159607388017621288887811910821001216074807604978673011381638345326424567704050129929360852163723012150280022667219910310214389460850321542890422755718058989909462598509892838447037881130010593843343662439352 0 0 0 0 0 0 0 0 0 0 0 0 0 0 0 0 0 0 0 0 0 0 0 0 0 0 0 0 0 0 0 0 0 0 0 0 0 0 0 0 0 0 0 0 0 0 0 0 0 0 0 0 0 0 0 0 0 0 0 0 0 0 0 0 0 0 0 0 0 0 0 0 0 0 0 0 0 0 0 0 0 0 0 1 0 0 0 0 0 0 0 0 0 0 0 0 0 0 0 0 0 0 0 0 0 0 0]
[3787833816771969125979170097161590844570662983705194922681670524483378463901955739925842962814557290569699271751684889517172666824599803604990081691566028971040885600036203852825824286502867839151839262384088250624421371305970837474955071515856879761531105689053607289720279443086777740815575914271262687720233841643525173767 0 0 0 0 0 0 0 0 0 0 0 0 0 0 0 0 0 0 0 0 0 0 0 0 0 0 0 0 0 0 0 0 0 0 0 0 0 0 0 0 0 0 0 0 0 0 0 0 0 0 0 0 0 0 0 0 0 0 0 0 0 0 0 0 0 0 0 0 0 0 0 0 0 0 0 0 0 0 0 0 0 0 0 0 1 0 0 0 0 0 0 0 0 0 0 0 0 0 0 0 0 0 0 0 0 0 0]
[5748538400816934725106656968598578967731828085261257786920391737701734609810978017785438331611085846833457480563613474196196445447224859608608502905746265022882754135292186289442219381300726176433869680084264469069814502552370105554924158306163675924275103048170233067249717723401272410313002943825292592853390028760958400412 0 0 0 0 0 0 0 0 0 0 0 0 0 0 0 0 0 0 0 0 0 0 0 0 0 0 0 0 0 0 0 0 0 0 0 0 0 0 0 0 0 0 0 0 0 0 0 0 0 0 0 0 0 0 0 0 0 0 0 0 0 0 0 0 0 0 0 0 0 0 0 0 0 0 0 0 0 0 0 0 0 0 0 0 0 1 0 0 0 0 0 0 0 0 0 0 0 0 0 0 0 0 0 0 0 0 0]
[7615314366881178981939779112745472201450923389052874503072497392725970649742264898732256230561759812719360361395144129312211283515814339999227575561296302786362049777424338885320516314320230422070230302127313170044194786468364856693041139026278232158070985196273954500856687301710264241705945616926644291057462745519762018053 0 0 0 0 0 0 0 0 0 0 0 0 0 0 0 0 0 0 0 0 0 0 0 0 0 0 0 0 0 0 0 0 0 0 0 0 0 0 0 0 0 0 0 0 0 0 0 0 0 0 0 0 0 0 0 0 0 0 0 0 0 0 0 0 0 0 0 0 0 0 0 0 0 0 0 0 0 0 0 0 0 0 0 0 0 0 1 0 0 0 0 0 0 0 0 0 0 0 0 0 0 0 0 0 0 0 0]
[6240390188230602260215249151330640920298851696502436978206467065531929755293084799460075014932641424372168897640172554527308475131579391530866153661389574214078871944691137102631600193717288855821359289334966255897448418190389250223050719750417945312594192021094932783712303362357135812306961745904067101271281635098799620125 0 0 0 0 0 0 0 0 0 0 0 0 0 0 0 0 0 0 0 0 0 0 0 0 0 0 0 0 0 0 0 0 0 0 0 0 0 0 0 0 0 0 0 0 0 0 0 0 0 0 0 0 0 0 0 0 0 0 0 0 0 0 0 0 0 0 0 0 0 0 0 0 0 0 0 0 0 0 0 0 0 0 0 0 0 0 0 1 0 0 0 0 0 0 0 0 0 0 0 0 0 0 0 0 0 0 0]
[4975093171866694599422766867173242729030511747684780864740278138636219321719401897823785262675928292147565593980782195890771648052422950628319387359527864834349698208656874925969045912039458553218664853044950588319685156979487022374416593882716641152250544449790479046528220896667461520257682159828579102238348220674381302316 0 0 0 0 0 0 0 0 0 0 0 0 0 0 0 0 0 0 0 0 0 0 0 0 0 0 0 0 0 0 0 0 0 0 0 0 0 0 0 0 0 0 0 0 0 0 0 0 0 0 0 0 0 0 0 0 0 0 0 0 0 0 0 0 0 0 0 0 0 0 0 0 0 0 0 0 0 0 0 0 0 0 0 0 0 0 0 0 1 0 0 0 0 0 0 0 0 0 0 0 0 0 0 0 0 0 0]
[7493568415885583951119134829368611561862572976996540196377209919211136883903021774945391386467974712259924137296314485380787468861143762112155603213028405287044873259070599611708559116694113090848987193761467940945179511593841113737551356279576299163830440856284696239558713481687792009787321714607048513623180770686159473793 0 0 0 0 0 0 0 0 0 0 0 0 0 0 0 0 0 0 0 0 0 0 0 0 0 0 0 0 0 0 0 0 0 0 0 0 0 0 0 0 0 0 0 0 0 0 0 0 0 0 0 0 0 0 0 0 0 0 0 0 0 0 0 0 0 0 0 0 0 0 0 0 0 0 0 0 0 0 0 0 0 0 0 0 0 0 0 0 0 1 0 0 0 0 0 0 0 0 0 0 0 0 0 0 0 0 0]
[3027453110116064103864107514446862448205046804106652901327627702409747971573011849644298291865886298288852086200084922374778249822458563023198614593258019663384565543775520328927572665258405327947895955182178393022489374058887840746732076599929906055504996821299770984344576649425385469935260143691302998234260828552518282959 0 0 0 0 0 0 0 0 0 0 0 0 0 0 0 0 0 0 0 0 0 0 0 0 0 0 0 0 0 0 0 0 0 0 0 0 0 0 0 0 0 0 0 0 0 0 0 0 0 0 0 0 0 0 0 0 0 0 0 0 0 0 0 0 0 0 0 0 0 0 0 0 0 0 0 0 0 0 0 0 0 0 0 0 0 0 0 0 0 0 1 0 0 0 0 0 0 0 0 0 0 0 0 0 0 0 0]
[1002267570751882472737000498612860696040019219817572236084435435683313727751694388830905689879305874098643037999986290002110526067305989513833753181858182829669050415701475316935311077653131360540961680572630802563516651404898885299434819680615699615118286062595076252242091287643391859291246033695084428798750422949135147124 0 0 0 0 0 0 0 0 0 0 0 0 0 0 0 0 0 0 0 0 0 0 0 0 0 0 0 0 0 0 0 0 0 0 0 0 0 0 0 0 0 0 0 0 0 0 0 0 0 0 0 0 0 0 0 0 0 0 0 0 0 0 0 0 0 0 0 0 0 0 0 0 0 0 0 0 0 0 0 0 0 0 0 0 0 0 0 0 0 0 0 1 0 0 0 0 0 0 0 0 0 0 0 0 0 0 0]
[8412533002413732891120320643240061405315377809459962250728942142885392203094519364404825763608727400977711774787670386852254277661553904833660022764502903879248425891475351689580855633156636205666644321593880936339709275249345382749926619647639916622378068686467764946421542241121821621680569762956408859612293668847484885626 0 0 0 0 0 0 0 0 0 0 0 0 0 0 0 0 0 0 0 0 0 0 0 0 0 0 0 0 0 0 0 0 0 0 0 0 0 0 0 0 0 0 0 0 0 0 0 0 0 0 0 0 0 0 0 0 0 0 0 0 0 0 0 0 0 0 0 0 0 0 0 0 0 0 0 0 0 0 0 0 0 0 0 0 0 0 0 0 0 0 0 0 1 0 0 0 0 0 0 0 0 0 0 0 0 0 0]
[4225349247757973748949922822531040710042237676182101791784714079597424238017477505756559525148556358262545611144607626238387036551147229492317837027766770966403882705506241072362415088071070072403062209287603108440717367552720463930150501333405453002721962619020054647547463978153353103467112719601976052588667995300605793512 0 0 0 0 0 0 0 0 0 0 0 0 0 0 0 0 0 0 0 0 0 0 0 0 0 0 0 0 0 0 0 0 0 0 0 0 0 0 0 0 0 0 0 0 0 0 0 0 0 0 0 0 0 0 0 0 0 0 0 0 0 0 0 0 0 0 0 0 0 0 0 0 0 0 0 0 0 0 0 0 0 0 0 0 0 0 0 0 0 0 0 0 0 1 0 0 0 0 0 0 0 0 0 0 0 0 0]
[3601331468459283505848166552113041284397738881163257190843453561248973818365561197739347972330550924469945842170971482609614176457675075273203597316290767829032659226131438526618964007451803166426334572607264353702284301940815125993531912843227661040584792484675137626380932810350110327802163240763072706623995282473969407792 0 0 0 0 0 0 0 0 0 0 0 0 0 0 0 0 0 0 0 0 0 0 0 0 0 0 0 0 0 0 0 0 0 0 0 0 0 0 0 0 0 0 0 0 0 0 0 0 0 0 0 0 0 0 0 0 0 0 0 0 0 0 0 0 0 0 0 0 0 0 0 0 0 0 0 0 0 0 0 0 0 0 0 0 0 0 0 0 0 0 0 0 0 0 1 0 0 0 0 0 0 0 0 0 0 0 0]
[3856396536445208977683184168041183546873038220235058974273913281409709112166048847044717158466632268447279521556697663974468562388053008723733449294749191704174130754659761669927979289637594253495139889589552495569128963405119797946959568552544354772661357813342509859973111354600483597275218066219239478408430133606224937359 0 0 0 0 0 0 0 0 0 0 0 0 0 0 0 0 0 0 0 0 0 0 0 0 0 0 0 0 0 0 0 0 0 0 0 0 0 0 0 0 0 0 0 0 0 0 0 0 0 0 0 0 0 0 0 0 0 0 0 0 0 0 0 0 0 0 0 0 0 0 0 0 0 0 0 0 0 0 0 0 0 0 0 0 0 0 0 0 0 0 0 0 0 0 0 1 0 0 0 0 0 0 0 0 0 0 0]
[7774898864415657281656382593818749302390578512054312094399370585974298617514009072461660402841931834074831625378414394385674659688162562895976808694228038586867274834922722801045932228156917512035242598197886833667647031633357313694268189137880326802755669258325476063172192923111998018012493211404016212657407355056037080930 0 0 0 0 0 0 0 0 0 0 0 0 0 0 0 0 0 0 0 0 0 0 0 0 0 0 0 0 0 0 0 0 0 0 0 0 0 0 0 0 0 0 0 0 0 0 0 0 0 0 0 0 0 0 0 0 0 0 0 0 0 0 0 0 0 0 0 0 0 0 0 0 0 0 0 0 0 0 0 0 0 0 0 0 0 0 0 0 0 0 0 0 0 0 0 0 1 0 0 0 0 0 0 0 0 0 0]
[7107967597868981493922178243910208424672365098889500078119277168595767484898166404634474475055353037497000447531129842957743012018866476006953269541935656660366511038758196648923128304051327373767010585207918004873148691508504005241668893543514928184662180047314928620101558870746884754504829435522163996704171415288814829748 0 0 0 0 0 0 0 0 0 0 0 0 0 0 0 0 0 0 0 0 0 0 0 0 0 0 0 0 0 0 0 0 0 0 0 0 0 0 0 0 0 0 0 0 0 0 0 0 0 0 0 0 0 0 0 0 0 0 0 0 0 0 0 0 0 0 0 0 0 0 0 0 0 0 0 0 0 0 0 0 0 0 0 0 0 0 0 0 0 0 0 0 0 0 0 0 0 1 0 0 0 0 0 0 0 0 0]
[1924567020745803933016228089467018400452779027540679101879111145471175210996285779201143095252110677619432373752027221012180134228332888921005552314953707167550418237151500231985924287037311364779790288082112178298030341871110586271446558869653488400933640109705487954649196100351740484024484337519837983729331447595279348338 0 0 0 0 0 0 0 0 0 0 0 0 0 0 0 0 0 0 0 0 0 0 0 0 0 0 0 0 0 0 0 0 0 0 0 0 0 0 0 0 0 0 0 0 0 0 0 0 0 0 0 0 0 0 0 0 0 0 0 0 0 0 0 0 0 0 0 0 0 0 0 0 0 0 0 0 0 0 0 0 0 0 0 0 0 0 0 0 0 0 0 0 0 0 0 0 0 0 1 0 0 0 0 0 0 0 0]
[3524429897306391880294722232403645249040286769188756627272868899698909103498389113617582466795739949116036485551977926503078166404052123447126340397066225968522679696755192214664111740545957394249168851805472166803790851149300416859935041839713253365607581237287785298293408575143531456631030760854568460662506675962876446719 0 0 0 0 0 0 0 0 0 0 0 0 0 0 0 0 0 0 0 0 0 0 0 0 0 0 0 0 0 0 0 0 0 0 0 0 0 0 0 0 0 0 0 0 0 0 0 0 0 0 0 0 0 0 0 0 0 0 0 0 0 0 0 0 0 0 0 0 0 0 0 0 0 0 0 0 0 0 0 0 0 0 0 0 0 0 0 0 0 0 0 0 0 0 0 0 0 0 0 1 0 0 0 0 0 0 0]
[1989093962063080173718244513978379544293816481582288201333319614593601168246120293938750208587910874133284691894294928776791829890319736919881687465465603447057492513544272823956641270017979983124864764482446330276534342794039644552980614759029249653540848248999276026029262634681729509180712152028025602507882059919709664906 0 0 0 0 0 0 0 0 0 0 0 0 0 0 0 0 0 0 0 0 0 0 0 0 0 0 0 0 0 0 0 0 0 0 0 0 0 0 0 0 0 0 0 0 0 0 0 0 0 0 0 0 0 0 0 0 0 0 0 0 0 0 0 0 0 0 0 0 0 0 0 0 0 0 0 0 0 0 0 0 0 0 0 0 0 0 0 0 0 0 0 0 0 0 0 0 0 0 0 0 1 0 0 0 0 0 0]
[1480889095830340562208886059804406558472896193410838473888458035148857933521173760356675818302837123728606123232256329826316950076088176563150868830463257025875184978367396190562118429688479024142531263133392223360752545150801235237741618438513447069497604653484290069177694296465007730350188224710369477853179470654662666773 0 0 0 0 0 0 0 0 0 0 0 0 0 0 0 0 0 0 0 0 0 0 0 0 0 0 0 0 0 0 0 0 0 0 0 0 0 0 0 0 0 0 0 0 0 0 0 0 0 0 0 0 0 0 0 0 0 0 0 0 0 0 0 0 0 0 0 0 0 0 0 0 0 0 0 0 0 0 0 0 0 0 0 0 0 0 0 0 0 0 0 0 0 0 0 0 0 0 0 0 0 1 0 0 0 0 0]
[8124515785898846964510669336782204272168561385511192574422530579878883472582375020899203411408653740749910808320592478012102730965484550271477324159262675450133719906467967054077291290688916558994299146787979193109165584528629780249089186298470961395255742727453165332913278035204573220434421599682426589921024753087865304658 0 0 0 0 0 0 0 0 0 0 0 0 0 0 0 0 0 0 0 0 0 0 0 0 0 0 0 0 0 0 0 0 0 0 0 0 0 0 0 0 0 0 0 0 0 0 0 0 0 0 0 0 0 0 0 0 0 0 0 0 0 0 0 0 0 0 0 0 0 0 0 0 0 0 0 0 0 0 0 0 0 0 0 0 0 0 0 0 0 0 0 0 0 0 0 0 0 0 0 0 0 0 1 0 0 0 0]
[751127040394617790799118706809389323277065737560370129690708364947201975067700941187657594359023174059710717530488965818470531968324538190343724013366835128587328652118503509650996236267004196165631299840631544079167317471980062410468555303122216502093414882441019287114078890190234170490856720590331463701517508544974221145 0 0 0 0 0 0 0 0 0 0 0 0 0 0 0 0 0 0 0 0 0 0 0 0 0 0 0 0 0 0 0 0 0 0 0 0 0 0 0 0 0 0 0 0 0 0 0 0 0 0 0 0 0 0 0 0 0 0 0 0 0 0 0 0 0 0 0 0 0 0 0 0 0 0 0 0 0 0 0 0 0 0 0 0 0 0 0 0 0 0 0 0 0 0 0 0 0 0 0 0 0 0 0 1 0 0 0]
[4289184346418774871273882809675103390961194534766150905973660776353592589079679350860662964155582914938734439560353207142246359860115916910926324863679850701224154936059719523954280857198891959758488947420256888757002048427109344060693378395099998295943532697201395022688356078342976568548088108901493023205390298068949563433 0 0 0 0 0 0 0 0 0 0 0 0 0 0 0 0 0 0 0 0 0 0 0 0 0 0 0 0 0 0 0 0 0 0 0 0 0 0 0 0 0 0 0 0 0 0 0 0 0 0 0 0 0 0 0 0 0 0 0 0 0 0 0 0 0 0 0 0 0 0 0 0 0 0 0 0 0 0 0 0 0 0 0 0 0 0 0 0 0 0 0 0 0 0 0 0 0 0 0 0 0 0 0 0 1 0 0]
[3444787954644773995213000401918673318836174086309237543983800203361586697372620106199032992168244987963956132110780119530921495918965819131557194413288650329601206572828183111535235989990481495557571934673999917638447041002356087018578395315160016064783657518572509168334112499319495457676725507710910317788911897958616091692 0 0 0 0 0 0 0 0 0 0 0 0 0 0 0 0 0 0 0 0 0 0 0 0 0 0 0 0 0 0 0 0 0 0 0 0 0 0 0 0 0 0 0 0 0 0 0 0 0 0 0 0 0 0 0 0 0 0 0 0 0 0 0 0 0 0 0 0 0 0 0 0 0 0 0 0 0 0 0 0 0 0 0 0 0 0 0 0 0 0 0 0 0 0 0 0 0 0 0 0 0 0 0 0 0 1 0]
[7353914436350552335063936358869870684185320604873374661693180199412426533020010351798848208416211900302731781902351660884679461506340305333683953051247602537456027004795413851678923886371203162312108728061376352933106453290894745144059968942401746988731220853783694627773173024354905403232187232959236104961754282651393232895 0 0 0 0 0 0 0 0 0 0 0 0 0 0 0 0 0 0 0 0 0 0 0 0 0 0 0 0 0 0 0 0 0 0 0 0 0 0 0 0 0 0 0 0 0 0 0 0 0 0 0 0 0 0 0 0 0 0 0 0 0 0 0 0 0 0 0 0 0 0 0 0 0 0 0 0 0 0 0 0 0 0 0 0 0 0 0 0 0 0 0 0 0 0 0 0 0 0 0 0 0 0 0 0 0 0 1]
]
