[[5100422197766661621056982038706933489536336612560422122132603399688529913406555041571235980837389106414578059409088573843856056487070647151645481933121759246459226216465318036483790313490898284104345492102895183489481370811297 0 0 0 0 0 0 0 0 0 0 0 0 0 0 0 0 0 0 0 0 0 0 0 0 0 0 0 0 0 0 0 0 0 0 0 0 0 0 0 0 0 0 0 0 0 0 0 0 0 0 0 0 0 0 0 0 0 0 0 0 0 0 0 0 0 0 0 0 0 0 0 0 0 0]
[747640401282466660899940132051471678597015874630182106119891168423010448185479780669333755772554699842719317369008630146635242342146278863878111430403868451040119558281000726667720460045460613518885149300511938892230245181014 1 0 0 0 0 0 0 0 0 0 0 0 0 0 0 0 0 0 0 0 0 0 0 0 0 0 0 0 0 0 0 0 0 0 0 0 0 0 0 0 0 0 0 0 0 0 0 0 0 0 0 0 0 0 0 0 0 0 0 0 0 0 0 0 0 0 0 0 0 0 0 0 0 0]
[1792723406866521615229128571204382614053987323294986480364160066028362464442033247232011557939086827846517923226967257281980123788009434259396575320367805917206936530441722739033589084030051639440974517196564145511441533561788 0 1 0 0 0 0 0 0 0 0 0 0 0 0 0 0 0 0 0 0 0 0 0 0 0 0 0 0 0 0 0 0 0 0 0 0 0 0 0 0 0 0 0 0 0 0 0 0 0 0 0 0 0 0 0 0 0 0 0 0 0 0 0 0 0 0 0 0 0 0 0 0 0 0]
[605262071150903140932323819389698785529493972233571148277563471077637304619557928532928586056357720378147595789111452383336218356059889368326880878821596252808357288542658391268163574127778503452962540983693229379385129224905 0 0 1 0 0 0 0 0 0 0 0 0 0 0 0 0 0 0 0 0 0 0 0 0 0 0 0 0 0 0 0 0 0 0 0 0 0 0 0 0 0 0 0 0 0 0 0 0 0 0 0 0 0 0 0 0 0 0 0 0 0 0 0 0 0 0 0 0 0 0 0 0 0 0]
[3330197226557863216478943359871290964843270821201039090446092921864931092663785671813448378822059477300049085485853847080463647809231062195708643320317810547304158302193803757928729271205121652291218257113372907248531436433785 0 0 0 1 0 0 0 0 0 0 0 0 0 0 0 0 0 0 0 0 0 0 0 0 0 0 0 0 0 0 0 0 0 0 0 0 0 0 0 0 0 0 0 0 0 0 0 0 0 0 0 0 0 0 0 0 0 0 0 0 0 0 0 0 0 0 0 0 0 0 0 0 0 0]
[3977218564368596247678507309617879272569331973055222447962467448679885697646510530681763901722015815694181988859893230914060579630043292116783872015511985859401428836890337875878073012220528069167904848976774960127724451377425 0 0 0 0 1 0 0 0 0 0 0 0 0 0 0 0 0 0 0 0 0 0 0 0 0 0 0 0 0 0 0 0 0 0 0 0 0 0 0 0 0 0 0 0 0 0 0 0 0 0 0 0 0 0 0 0 0 0 0 0 0 0 0 0 0 0 0 0 0 0 0 0 0 0]
[1113002889108541815834556628374005047002518536625107813994613338604693676510220655073282756452964786488829629104804226536236021471379046626587865463126652583202421999588083770758910126615887496215256631739890659607033008277870 0 0 0 0 0 1 0 0 0 0 0 0 0 0 0 0 0 0 0 0 0 0 0 0 0 0 0 0 0 0 0 0 0 0 0 0 0 0 0 0 0 0 0 0 0 0 0 0 0 0 0 0 0 0 0 0 0 0 0 0 0 0 0 0 0 0 0 0 0 0 0 0 0 0]
[2421704775419838879688832475381354951330901871605139128231064586909927867467621150931556261489061191919696464873519926704995348249074802485113008697023819122273357419405653871777109223713738295776374409031320492634146468089231 0 0 0 0 0 0 1 0 0 0 0 0 0 0 0 0 0 0 0 0 0 0 0 0 0 0 0 0 0 0 0 0 0 0 0 0 0 0 0 0 0 0 0 0 0 0 0 0 0 0 0 0 0 0 0 0 0 0 0 0 0 0 0 0 0 0 0 0 0 0 0 0 0 0]
[2458182590709585675601196085713073187447739674617831354301723516887864520678768844937845037767459767225924290503312807445426886703941158006829448125892360078908202919107477772414968504841413829472140526619177718001386771195652 0 0 0 0 0 0 0 1 0 0 0 0 0 0 0 0 0 0 0 0 0 0 0 0 0 0 0 0 0 0 0 0 0 0 0 0 0 0 0 0 0 0 0 0 0 0 0 0 0 0 0 0 0 0 0 0 0 0 0 0 0 0 0 0 0 0 0 0 0 0 0 0 0 0]
[4817047925374690193461383351457653313855145226643892327949588600436330131954309721571203766085202185391949677540061561840640863902119320815640561397352276681136105472675509868075734510700443360190423325991416762701434226035606 0 0 0 0 0 0 0 0 1 0 0 0 0 0 0 0 0 0 0 0 0 0 0 0 0 0 0 0 0 0 0 0 0 0 0 0 0 0 0 0 0 0 0 0 0 0 0 0 0 0 0 0 0 0 0 0 0 0 0 0 0 0 0 0 0 0 0 0 0 0 0 0 0 0]
[1680783697212622113869021385867281636358708616256143060688554444423443662550312825228075901569138206554968733075655553176749484998990446824755356463800515009840614785023323152185664079191994711295121281679264954704718419629397 0 0 0 0 0 0 0 0 0 1 0 0 0 0 0 0 0 0 0 0 0 0 0 0 0 0 0 0 0 0 0 0 0 0 0 0 0 0 0 0 0 0 0 0 0 0 0 0 0 0 0 0 0 0 0 0 0 0 0 0 0 0 0 0 0 0 0 0 0 0 0 0 0 0]
[3568195486753101836012514852364606337730473225829516657355905535112571796700966988670735393805639969313047784258439159748738651830866927214634724064640078397830375685677751452794393241210027846656637640648735969966713000763624 0 0 0 0 0 0 0 0 0 0 1 0 0 0 0 0 0 0 0 0 0 0 0 0 0 0 0 0 0 0 0 0 0 0 0 0 0 0 0 0 0 0 0 0 0 0 0 0 0 0 0 0 0 0 0 0 0 0 0 0 0 0 0 0 0 0 0 0 0 0 0 0 0 0]
[1572662929227084761334890954799508903307120188018323888948421991163467186076195424088569608364558185380441356499105366263604912403712238081534142495580614598248815174374497231401202464108268973108920705328028544527137609144495 0 0 0 0 0 0 0 0 0 0 0 1 0 0 0 0 0 0 0 0 0 0 0 0 0 0 0 0 0 0 0 0 0 0 0 0 0 0 0 0 0 0 0 0 0 0 0 0 0 0 0 0 0 0 0 0 0 0 0 0 0 0 0 0 0 0 0 0 0 0 0 0 0 0]
[2143969191080791673951935558485927981127039562337971091718447519159216673844804284555753699472436891780118063899468321777837894270298420624544129065970550696786370546768028595521296707602945022354309045477044611068281013141588 0 0 0 0 0 0 0 0 0 0 0 0 1 0 0 0 0 0 0 0 0 0 0 0 0 0 0 0 0 0 0 0 0 0 0 0 0 0 0 0 0 0 0 0 0 0 0 0 0 0 0 0 0 0 0 0 0 0 0 0 0 0 0 0 0 0 0 0 0 0 0 0 0 0]
[4843577239544974691520189525814951335325830782014854773737036668199482680809634877515594977016789196121578933554157843957429118454661432089743670205273807686076162321599701192970029811101082431192043772722694056724533224261641 0 0 0 0 0 0 0 0 0 0 0 0 0 1 0 0 0 0 0 0 0 0 0 0 0 0 0 0 0 0 0 0 0 0 0 0 0 0 0 0 0 0 0 0 0 0 0 0 0 0 0 0 0 0 0 0 0 0 0 0 0 0 0 0 0 0 0 0 0 0 0 0 0 0]
[2137375481664924041762744542206370649437190053822845908361239900501302212469045218710383060259641499901344796138212680900177400089508706274795932353257523613356623065175022120762640102967032983880438211058439244706908225707276 0 0 0 0 0 0 0 0 0 0 0 0 0 0 1 0 0 0 0 0 0 0 0 0 0 0 0 0 0 0 0 0 0 0 0 0 0 0 0 0 0 0 0 0 0 0 0 0 0 0 0 0 0 0 0 0 0 0 0 0 0 0 0 0 0 0 0 0 0 0 0 0 0 0]
[4666679126642466487587027875894932624729083514332368406639921344704480451312004024612261377485507088570752221252128099117427723427443516945365802013801121773602582826383984417832973694858596945670961731982638280819511637109023 0 0 0 0 0 0 0 0 0 0 0 0 0 0 0 1 0 0 0 0 0 0 0 0 0 0 0 0 0 0 0 0 0 0 0 0 0 0 0 0 0 0 0 0 0 0 0 0 0 0 0 0 0 0 0 0 0 0 0 0 0 0 0 0 0 0 0 0 0 0 0 0 0 0]
[1162080201199284855463511902445368680428288344278622756546909393679818478110951689787592491046501589194877174300600605455711073830380848713414491401499069851968792582906752445430676292324443956511078465104259882744041693218068 0 0 0 0 0 0 0 0 0 0 0 0 0 0 0 0 1 0 0 0 0 0 0 0 0 0 0 0 0 0 0 0 0 0 0 0 0 0 0 0 0 0 0 0 0 0 0 0 0 0 0 0 0 0 0 0 0 0 0 0 0 0 0 0 0 0 0 0 0 0 0 0 0 0]
[4013713350246850523010945542017654258050935552234949154886647143537209378561122977618531910915668757585522749050072893599047902259518535831806167018712256779082584640421763328949500392447645182446986694275373797386599348207510 0 0 0 0 0 0 0 0 0 0 0 0 0 0 0 0 0 1 0 0 0 0 0 0 0 0 0 0 0 0 0 0 0 0 0 0 0 0 0 0 0 0 0 0 0 0 0 0 0 0 0 0 0 0 0 0 0 0 0 0 0 0 0 0 0 0 0 0 0 0 0 0 0 0]
[1602184977327552095248976130574262125648176894281590924557422142425990235404854613863859371219856149570110521105587269471634185447116010760413267322694639855046323117804084144132086111526533947111256501332409203513719343986561 0 0 0 0 0 0 0 0 0 0 0 0 0 0 0 0 0 0 1 0 0 0 0 0 0 0 0 0 0 0 0 0 0 0 0 0 0 0 0 0 0 0 0 0 0 0 0 0 0 0 0 0 0 0 0 0 0 0 0 0 0 0 0 0 0 0 0 0 0 0 0 0 0 0]
[2802053126648691308069418827217626085584386580033343381448804988876009046513111647349871246902145060826047703268578447429692462140831578343170152751764296661194147899873812598956389899337445681028798733397303592475171318708793 0 0 0 0 0 0 0 0 0 0 0 0 0 0 0 0 0 0 0 1 0 0 0 0 0 0 0 0 0 0 0 0 0 0 0 0 0 0 0 0 0 0 0 0 0 0 0 0 0 0 0 0 0 0 0 0 0 0 0 0 0 0 0 0 0 0 0 0 0 0 0 0 0 0]
[1119703766171039976207726248115159973131660692809485069860229184455752954238457452543032426069250930242117247279982473294075495845072988421826393747210647084827172535684998885597811209154105896382446793656164828793357938250265 0 0 0 0 0 0 0 0 0 0 0 0 0 0 0 0 0 0 0 0 1 0 0 0 0 0 0 0 0 0 0 0 0 0 0 0 0 0 0 0 0 0 0 0 0 0 0 0 0 0 0 0 0 0 0 0 0 0 0 0 0 0 0 0 0 0 0 0 0 0 0 0 0 0]
[243261896272721793165043679237384187831427538119502585863036599597924475436497269443191338960939687683498725359329238810637717903201191375442227454845125545226027651849349915957734046786864951541339158791329197706360097348198 0 0 0 0 0 0 0 0 0 0 0 0 0 0 0 0 0 0 0 0 0 1 0 0 0 0 0 0 0 0 0 0 0 0 0 0 0 0 0 0 0 0 0 0 0 0 0 0 0 0 0 0 0 0 0 0 0 0 0 0 0 0 0 0 0 0 0 0 0 0 0 0 0 0]
[3715100905053520379366026964727312940922562077315103532612432417038701253235614251075938132125792541316694652063784469874837176386165648426970725490508948266024874857650021968595287608242960224192559125830975641958473076766933 0 0 0 0 0 0 0 0 0 0 0 0 0 0 0 0 0 0 0 0 0 0 1 0 0 0 0 0 0 0 0 0 0 0 0 0 0 0 0 0 0 0 0 0 0 0 0 0 0 0 0 0 0 0 0 0 0 0 0 0 0 0 0 0 0 0 0 0 0 0 0 0 0 0]
[2344244191564683797526452748751221546153892698877314363217032473806741823550844743957998447377706822970554436289070737404920750362207871445514168939967685956084764298707218264437356252781190249040939920845353142733732908813400 0 0 0 0 0 0 0 0 0 0 0 0 0 0 0 0 0 0 0 0 0 0 0 1 0 0 0 0 0 0 0 0 0 0 0 0 0 0 0 0 0 0 0 0 0 0 0 0 0 0 0 0 0 0 0 0 0 0 0 0 0 0 0 0 0 0 0 0 0 0 0 0 0 0]
[2692652298786653247198855522518322006085382906184717601316109590310342562316026403809213062567689307447190770704478416254921932400929696809102393274995097563660601244117630858088617646202333843529373561059618497425833799439550 0 0 0 0 0 0 0 0 0 0 0 0 0 0 0 0 0 0 0 0 0 0 0 0 1 0 0 0 0 0 0 0 0 0 0 0 0 0 0 0 0 0 0 0 0 0 0 0 0 0 0 0 0 0 0 0 0 0 0 0 0 0 0 0 0 0 0 0 0 0 0 0 0 0]
[4298988549862870781486026088551214242464205185873833374232538151203048358091977044023881420416700863715168271233918556640045059437132662012784201705292293866311728646940053333306996979483778056518382617776869486574547803877763 0 0 0 0 0 0 0 0 0 0 0 0 0 0 0 0 0 0 0 0 0 0 0 0 0 1 0 0 0 0 0 0 0 0 0 0 0 0 0 0 0 0 0 0 0 0 0 0 0 0 0 0 0 0 0 0 0 0 0 0 0 0 0 0 0 0 0 0 0 0 0 0 0 0]
[144364412484963901203503724430889684291271093848605955434958704865473625755658337334374224377504574095591785003152770056894676512126992684510196739415070494682663586178944666910621185713809755136629908027894331375798339058280 0 0 0 0 0 0 0 0 0 0 0 0 0 0 0 0 0 0 0 0 0 0 0 0 0 0 1 0 0 0 0 0 0 0 0 0 0 0 0 0 0 0 0 0 0 0 0 0 0 0 0 0 0 0 0 0 0 0 0 0 0 0 0 0 0 0 0 0 0 0 0 0 0 0]
[2984885189461318611481102237004745723849037298351222382870136188015101700761174904114113971957087742290921689881423141539667558351496911539623092723408056280144454883604822464235044065486839780686689105334042031781046307744926 0 0 0 0 0 0 0 0 0 0 0 0 0 0 0 0 0 0 0 0 0 0 0 0 0 0 0 1 0 0 0 0 0 0 0 0 0 0 0 0 0 0 0 0 0 0 0 0 0 0 0 0 0 0 0 0 0 0 0 0 0 0 0 0 0 0 0 0 0 0 0 0 0 0]
[864566938147665151979890953998359528653064990897353654072875667951870146416266376689581674645806611514347780271371149281440446945636684705730255163268958510090026066796863631488566549262749192519094269304068742457145762630095 0 0 0 0 0 0 0 0 0 0 0 0 0 0 0 0 0 0 0 0 0 0 0 0 0 0 0 0 1 0 0 0 0 0 0 0 0 0 0 0 0 0 0 0 0 0 0 0 0 0 0 0 0 0 0 0 0 0 0 0 0 0 0 0 0 0 0 0 0 0 0 0 0 0]
[3889268598816451609470516394724764741213990832734052705072674782930515504632891198155430942756982816015328746018362280571984681642609542273576791461491871171806493702626460355869165308554134917222680087515234112860795714359168 0 0 0 0 0 0 0 0 0 0 0 0 0 0 0 0 0 0 0 0 0 0 0 0 0 0 0 0 0 1 0 0 0 0 0 0 0 0 0 0 0 0 0 0 0 0 0 0 0 0 0 0 0 0 0 0 0 0 0 0 0 0 0 0 0 0 0 0 0 0 0 0 0 0]
[4002227938680466457743820135696079719630474979881101332561925849534006285795132242439514457669138591428929689882574610036981896347427678368988981131384688869533249786796893846893033849260505488759714007290607140501709970598010 0 0 0 0 0 0 0 0 0 0 0 0 0 0 0 0 0 0 0 0 0 0 0 0 0 0 0 0 0 0 1 0 0 0 0 0 0 0 0 0 0 0 0 0 0 0 0 0 0 0 0 0 0 0 0 0 0 0 0 0 0 0 0 0 0 0 0 0 0 0 0 0 0 0]
[4019529096168893675614305489697402567965151799792298189783773398855639210136766254534259276889587535859032782769420389839745683508984667100428593560250586719832812409556846955018023628843312380485511179667889983544104719470487 0 0 0 0 0 0 0 0 0 0 0 0 0 0 0 0 0 0 0 0 0 0 0 0 0 0 0 0 0 0 0 1 0 0 0 0 0 0 0 0 0 0 0 0 0 0 0 0 0 0 0 0 0 0 0 0 0 0 0 0 0 0 0 0 0 0 0 0 0 0 0 0 0 0]
[3907953499426732959495364584916612646690071008489800462916859393112642249823008257234503524213576558147284431397568438778235421959650272627553365653356883310404308365468622341436108155596335390476910170790277840548831313087103 0 0 0 0 0 0 0 0 0 0 0 0 0 0 0 0 0 0 0 0 0 0 0 0 0 0 0 0 0 0 0 0 1 0 0 0 0 0 0 0 0 0 0 0 0 0 0 0 0 0 0 0 0 0 0 0 0 0 0 0 0 0 0 0 0 0 0 0 0 0 0 0 0 0]
[3720262684510730116877164633440757170196991640058773806808525562496782073180664836882499382392620227028640870748403496226499362930800328933603900471006657283957581636369402675111223406091261894051232055011498400984211043173105 0 0 0 0 0 0 0 0 0 0 0 0 0 0 0 0 0 0 0 0 0 0 0 0 0 0 0 0 0 0 0 0 0 1 0 0 0 0 0 0 0 0 0 0 0 0 0 0 0 0 0 0 0 0 0 0 0 0 0 0 0 0 0 0 0 0 0 0 0 0 0 0 0 0]
[1441663944503050965807932137729822031078943517843978240059327263660695358678427552448678313575833450122875298012999385258290654973132843947345579143124013419697430828467232907118174046837634791245996339451001462695992534018152 0 0 0 0 0 0 0 0 0 0 0 0 0 0 0 0 0 0 0 0 0 0 0 0 0 0 0 0 0 0 0 0 0 0 1 0 0 0 0 0 0 0 0 0 0 0 0 0 0 0 0 0 0 0 0 0 0 0 0 0 0 0 0 0 0 0 0 0 0 0 0 0 0 0]
[220945329300315098680899737276524398890152846820041715778920393782114507187194200532693256800880255508136477185050353731008049865024975083727906705373641792710384833331474738784418443600633641500709637307198967507345142426111 0 0 0 0 0 0 0 0 0 0 0 0 0 0 0 0 0 0 0 0 0 0 0 0 0 0 0 0 0 0 0 0 0 0 0 1 0 0 0 0 0 0 0 0 0 0 0 0 0 0 0 0 0 0 0 0 0 0 0 0 0 0 0 0 0 0 0 0 0 0 0 0 0 0]
[1931498728624803906323795850320740208181581086263248798644393075717443807610357958298920446021647309843333566825808412382309596029513945037208328907429975668143322482804203948763382071744755834736704862179932358342495264707522 0 0 0 0 0 0 0 0 0 0 0 0 0 0 0 0 0 0 0 0 0 0 0 0 0 0 0 0 0 0 0 0 0 0 0 0 1 0 0 0 0 0 0 0 0 0 0 0 0 0 0 0 0 0 0 0 0 0 0 0 0 0 0 0 0 0 0 0 0 0 0 0 0 0]
[3720654895853208404409558825777701191141709879139412559951599109860444677481972457791941484915497799066924247244784398130659546810532482713843865477842618938681572805760064430660801175299818623715002264843020318821831286710055 0 0 0 0 0 0 0 0 0 0 0 0 0 0 0 0 0 0 0 0 0 0 0 0 0 0 0 0 0 0 0 0 0 0 0 0 0 1 0 0 0 0 0 0 0 0 0 0 0 0 0 0 0 0 0 0 0 0 0 0 0 0 0 0 0 0 0 0 0 0 0 0 0 0]
[1769615822966494142189967693431166143596069659497858385415506749642316112964066604596607202866123955120569999004482119259248787592581953635489897822481442399217027376390415032860938407522287488187348934106627700155593608682548 0 0 0 0 0 0 0 0 0 0 0 0 0 0 0 0 0 0 0 0 0 0 0 0 0 0 0 0 0 0 0 0 0 0 0 0 0 0 1 0 0 0 0 0 0 0 0 0 0 0 0 0 0 0 0 0 0 0 0 0 0 0 0 0 0 0 0 0 0 0 0 0 0 0]
[3898788384669634741535879228497901724457554117045700407878942472262004826864794957750120586889209736394732163191039415162792568358295893332308485048610532369483981147842805326396920096669690552482704311484544702975012124529086 0 0 0 0 0 0 0 0 0 0 0 0 0 0 0 0 0 0 0 0 0 0 0 0 0 0 0 0 0 0 0 0 0 0 0 0 0 0 0 1 0 0 0 0 0 0 0 0 0 0 0 0 0 0 0 0 0 0 0 0 0 0 0 0 0 0 0 0 0 0 0 0 0 0]
[2279993165323581688779433893538304803802645282594706266398484395770399528384995642931937716828481242965076898915873183710062502839677312369219355775861805105685469003495194781465913704976674568468585626491637877679680861242281 0 0 0 0 0 0 0 0 0 0 0 0 0 0 0 0 0 0 0 0 0 0 0 0 0 0 0 0 0 0 0 0 0 0 0 0 0 0 0 0 1 0 0 0 0 0 0 0 0 0 0 0 0 0 0 0 0 0 0 0 0 0 0 0 0 0 0 0 0 0 0 0 0 0]
[1078648838614233766674946364521360035496076293101397947361427054813209747467373210951649830822039666140236269055805478636639654176735475656615427085316710070788772861927842908598056948204337873428874631987537094717997146624343 0 0 0 0 0 0 0 0 0 0 0 0 0 0 0 0 0 0 0 0 0 0 0 0 0 0 0 0 0 0 0 0 0 0 0 0 0 0 0 0 0 1 0 0 0 0 0 0 0 0 0 0 0 0 0 0 0 0 0 0 0 0 0 0 0 0 0 0 0 0 0 0 0 0]
[320228979797748340307626285215715001641696011502336742580425422675496970163172549430435974379785424326448052613771636083511404863130388565379642329361559864497999882695558067843737197910264115424623496783128491212769517333539 0 0 0 0 0 0 0 0 0 0 0 0 0 0 0 0 0 0 0 0 0 0 0 0 0 0 0 0 0 0 0 0 0 0 0 0 0 0 0 0 0 0 1 0 0 0 0 0 0 0 0 0 0 0 0 0 0 0 0 0 0 0 0 0 0 0 0 0 0 0 0 0 0 0]
[516163224586351611663330262917988093686972297854889951729359892949209861383273277415326659423616753614253701498029343033314479212286361283142876934742885482575074962884145812584846820637457345521865874936707101510817737519807 0 0 0 0 0 0 0 0 0 0 0 0 0 0 0 0 0 0 0 0 0 0 0 0 0 0 0 0 0 0 0 0 0 0 0 0 0 0 0 0 0 0 0 1 0 0 0 0 0 0 0 0 0 0 0 0 0 0 0 0 0 0 0 0 0 0 0 0 0 0 0 0 0 0]
[4366877666477946353008692407738105762005407868182411356166635955608006635760859217070642152214203227907730666530466084219751361682650048006973043326301896196160198952559921650980421316946680932838248676832517728854447666897261 0 0 0 0 0 0 0 0 0 0 0 0 0 0 0 0 0 0 0 0 0 0 0 0 0 0 0 0 0 0 0 0 0 0 0 0 0 0 0 0 0 0 0 0 1 0 0 0 0 0 0 0 0 0 0 0 0 0 0 0 0 0 0 0 0 0 0 0 0 0 0 0 0 0]
[1857492525706047051209173521138548993387707250060542870209584405271559365457795529500138338420130363860097417371435229902447529355276876166729872600393281090957475237777478052833438089773238258209950251111024060533128860031319 0 0 0 0 0 0 0 0 0 0 0 0 0 0 0 0 0 0 0 0 0 0 0 0 0 0 0 0 0 0 0 0 0 0 0 0 0 0 0 0 0 0 0 0 0 1 0 0 0 0 0 0 0 0 0 0 0 0 0 0 0 0 0 0 0 0 0 0 0 0 0 0 0 0]
[3507874637718844756266549045767400269968954469024781421836044715064597863761744035277705556963775512906750649274743854779877100718971755919132203624635983298045079606741747073178079187275453361568672027618720314487435807011616 0 0 0 0 0 0 0 0 0 0 0 0 0 0 0 0 0 0 0 0 0 0 0 0 0 0 0 0 0 0 0 0 0 0 0 0 0 0 0 0 0 0 0 0 0 0 1 0 0 0 0 0 0 0 0 0 0 0 0 0 0 0 0 0 0 0 0 0 0 0 0 0 0 0]
[4949138132467075385900810185528129669741610317900259419128830661540255820412443293206106532319333237322422265815819914609528893742163532946938150283886901112942617324628435249365415147755483496275512607498570181156342420487302 0 0 0 0 0 0 0 0 0 0 0 0 0 0 0 0 0 0 0 0 0 0 0 0 0 0 0 0 0 0 0 0 0 0 0 0 0 0 0 0 0 0 0 0 0 0 0 1 0 0 0 0 0 0 0 0 0 0 0 0 0 0 0 0 0 0 0 0 0 0 0 0 0 0]
[3582822264636875605980113362077268906025075328400326150712763599154744131745578116832995923494897685995567575764948878023960352992615526569315983863391341048502147912288155028961573698656379077178670420241547750958473339755915 0 0 0 0 0 0 0 0 0 0 0 0 0 0 0 0 0 0 0 0 0 0 0 0 0 0 0 0 0 0 0 0 0 0 0 0 0 0 0 0 0 0 0 0 0 0 0 0 1 0 0 0 0 0 0 0 0 0 0 0 0 0 0 0 0 0 0 0 0 0 0 0 0 0]
[3890158482903782926097164647767906850124974154041320176416031061587037335908243155134312207858410680577242286329778492648019859197005620314759875437974438250291856895265950712684098410098263094340026049488242840553632544267717 0 0 0 0 0 0 0 0 0 0 0 0 0 0 0 0 0 0 0 0 0 0 0 0 0 0 0 0 0 0 0 0 0 0 0 0 0 0 0 0 0 0 0 0 0 0 0 0 0 1 0 0 0 0 0 0 0 0 0 0 0 0 0 0 0 0 0 0 0 0 0 0 0 0]
[1219333400033283991582874833513855281846743715274921446824041205729720225426540203297641881352469775334062607909299414686849433413256705813912032804887121919942518800459456249831607655648677822105540912710152015715863726733503 0 0 0 0 0 0 0 0 0 0 0 0 0 0 0 0 0 0 0 0 0 0 0 0 0 0 0 0 0 0 0 0 0 0 0 0 0 0 0 0 0 0 0 0 0 0 0 0 0 0 1 0 0 0 0 0 0 0 0 0 0 0 0 0 0 0 0 0 0 0 0 0 0 0]
[1279843093919165090885676283786680278176045684511264025324003173902272281068788453542833303071132933759013905609272951232008540970257457300919565452124735343286550017699242402948963545754876542331015629101959405930246201380842 0 0 0 0 0 0 0 0 0 0 0 0 0 0 0 0 0 0 0 0 0 0 0 0 0 0 0 0 0 0 0 0 0 0 0 0 0 0 0 0 0 0 0 0 0 0 0 0 0 0 0 1 0 0 0 0 0 0 0 0 0 0 0 0 0 0 0 0 0 0 0 0 0 0]
[207955431092116810272584463980706177670875316714293916071164560730858592881313996849871783215012667193091162370713307768140041369563533846316049582117216174541243768852559630557979371355666021365885372959029466585621289732060 0 0 0 0 0 0 0 0 0 0 0 0 0 0 0 0 0 0 0 0 0 0 0 0 0 0 0 0 0 0 0 0 0 0 0 0 0 0 0 0 0 0 0 0 0 0 0 0 0 0 0 0 1 0 0 0 0 0 0 0 0 0 0 0 0 0 0 0 0 0 0 0 0 0]
[1924800066144603711922761371936835036782077252663528012750398306532253978418665596102271443114542401120755709975845601846799476928345999979481827168248700256288243295860926894970262903058511445975187316302544727856666364603140 0 0 0 0 0 0 0 0 0 0 0 0 0 0 0 0 0 0 0 0 0 0 0 0 0 0 0 0 0 0 0 0 0 0 0 0 0 0 0 0 0 0 0 0 0 0 0 0 0 0 0 0 0 1 0 0 0 0 0 0 0 0 0 0 0 0 0 0 0 0 0 0 0 0]
[3129208967582108589917188899035567070816241842310440490539536710356672636927978362467897170765137681924964823836333338286558950245856866122281314176435194255408261764243814436471231161094722749041134653176545915367588924563957 0 0 0 0 0 0 0 0 0 0 0 0 0 0 0 0 0 0 0 0 0 0 0 0 0 0 0 0 0 0 0 0 0 0 0 0 0 0 0 0 0 0 0 0 0 0 0 0 0 0 0 0 0 0 1 0 0 0 0 0 0 0 0 0 0 0 0 0 0 0 0 0 0 0]
[1601846205569068509849310620828833662320528811003302530517891435800925502209703036060613828797362706416899903281550878069422301689044874217494950076448280197357901826610479286362775748183343940320523840169399473915184586475186 0 0 0 0 0 0 0 0 0 0 0 0 0 0 0 0 0 0 0 0 0 0 0 0 0 0 0 0 0 0 0 0 0 0 0 0 0 0 0 0 0 0 0 0 0 0 0 0 0 0 0 0 0 0 0 1 0 0 0 0 0 0 0 0 0 0 0 0 0 0 0 0 0 0]
[1577831902089892181668789367154080945715214828739707641053861436442909642939306012043852352109420781107166407440039361307109421334494798912977240948412994456428888925387425157084986499136531050284083833799076407159637668026633 0 0 0 0 0 0 0 0 0 0 0 0 0 0 0 0 0 0 0 0 0 0 0 0 0 0 0 0 0 0 0 0 0 0 0 0 0 0 0 0 0 0 0 0 0 0 0 0 0 0 0 0 0 0 0 0 1 0 0 0 0 0 0 0 0 0 0 0 0 0 0 0 0 0]
[1876351438452439519357569937491848961668147472667121215096005163745921910533753055816364335003698475697696289330763970722104195157700416190236261174978546374914420948993044715410381238946986647844268363863213396482100213284862 0 0 0 0 0 0 0 0 0 0 0 0 0 0 0 0 0 0 0 0 0 0 0 0 0 0 0 0 0 0 0 0 0 0 0 0 0 0 0 0 0 0 0 0 0 0 0 0 0 0 0 0 0 0 0 0 0 1 0 0 0 0 0 0 0 0 0 0 0 0 0 0 0 0]
[4430226463273002939695854578361236233066116001759313293852983867804004695889275640004002991293394926920261241766663955832791191984157239676875785706395015591876318099654998959742296078820794186564366612151784334381431510332839 0 0 0 0 0 0 0 0 0 0 0 0 0 0 0 0 0 0 0 0 0 0 0 0 0 0 0 0 0 0 0 0 0 0 0 0 0 0 0 0 0 0 0 0 0 0 0 0 0 0 0 0 0 0 0 0 0 0 1 0 0 0 0 0 0 0 0 0 0 0 0 0 0 0]
[171187513838883967779719894940745458693089226090975454662998460492243319117654986228619430563620416360494989390505127550193937263586620710999765828079857092453499784961638390128590765546378443585016564205001936711803748830714 0 0 0 0 0 0 0 0 0 0 0 0 0 0 0 0 0 0 0 0 0 0 0 0 0 0 0 0 0 0 0 0 0 0 0 0 0 0 0 0 0 0 0 0 0 0 0 0 0 0 0 0 0 0 0 0 0 0 0 1 0 0 0 0 0 0 0 0 0 0 0 0 0 0]
[244228903279513734762407431165975693333034067815631166520992884500368024290854644473766685059586603675923218534973444822479319384117831260091114504532570827241801533396724249218911574260265904550242446535791207657493649566184 0 0 0 0 0 0 0 0 0 0 0 0 0 0 0 0 0 0 0 0 0 0 0 0 0 0 0 0 0 0 0 0 0 0 0 0 0 0 0 0 0 0 0 0 0 0 0 0 0 0 0 0 0 0 0 0 0 0 0 0 1 0 0 0 0 0 0 0 0 0 0 0 0 0]
[2817491676383792435171559832986538166638621387722604822622892843122305669923195015875531324554977797935261041564097275100711675789304389761773314054924138750245622987768216916145126385499327002283132916463935057177134269670961 0 0 0 0 0 0 0 0 0 0 0 0 0 0 0 0 0 0 0 0 0 0 0 0 0 0 0 0 0 0 0 0 0 0 0 0 0 0 0 0 0 0 0 0 0 0 0 0 0 0 0 0 0 0 0 0 0 0 0 0 0 1 0 0 0 0 0 0 0 0 0 0 0 0]
[728128337506736206357720266375803884371850331147092053880361949988870966579334513230286348761252547804515565489395529702189126839710005858078356807965236917595690092900713169736616194974415002097264195774596570226227486363087 0 0 0 0 0 0 0 0 0 0 0 0 0 0 0 0 0 0 0 0 0 0 0 0 0 0 0 0 0 0 0 0 0 0 0 0 0 0 0 0 0 0 0 0 0 0 0 0 0 0 0 0 0 0 0 0 0 0 0 0 0 0 1 0 0 0 0 0 0 0 0 0 0 0]
[4339730996820242197476747320253812720810725430601427040607682681542588192206640855721546921768961127339194328347152186816027637774852099321819635399060451494728699992148288738604974308233991682019798281655009096659718012001001 0 0 0 0 0 0 0 0 0 0 0 0 0 0 0 0 0 0 0 0 0 0 0 0 0 0 0 0 0 0 0 0 0 0 0 0 0 0 0 0 0 0 0 0 0 0 0 0 0 0 0 0 0 0 0 0 0 0 0 0 0 0 0 1 0 0 0 0 0 0 0 0 0 0]
[4126761863017302873276670426356450969738546215975909974156766052740863239456022563575101649781185176345788947137762822884301162367895505278981703438331140540367514963876029142846978755781754617980800893713341083528124416818899 0 0 0 0 0 0 0 0 0 0 0 0 0 0 0 0 0 0 0 0 0 0 0 0 0 0 0 0 0 0 0 0 0 0 0 0 0 0 0 0 0 0 0 0 0 0 0 0 0 0 0 0 0 0 0 0 0 0 0 0 0 0 0 0 1 0 0 0 0 0 0 0 0 0]
[3255030003863053272499165170564102004813414993889356064179123792852541254986015436024030068670332601853660687722415439635597822594845226435226129795133751431904840542292584008431170507702385733010987556057235688926642316066128 0 0 0 0 0 0 0 0 0 0 0 0 0 0 0 0 0 0 0 0 0 0 0 0 0 0 0 0 0 0 0 0 0 0 0 0 0 0 0 0 0 0 0 0 0 0 0 0 0 0 0 0 0 0 0 0 0 0 0 0 0 0 0 0 0 1 0 0 0 0 0 0 0 0]
[3976524074029155322381038574094869305945833224577314934316891025655163714561057598946848742624082235194777770071275645464030178320174196910272684728819986870481116362617555201797819689105679979665651499996243684533117743587342 0 0 0 0 0 0 0 0 0 0 0 0 0 0 0 0 0 0 0 0 0 0 0 0 0 0 0 0 0 0 0 0 0 0 0 0 0 0 0 0 0 0 0 0 0 0 0 0 0 0 0 0 0 0 0 0 0 0 0 0 0 0 0 0 0 0 1 0 0 0 0 0 0 0]
[4548802357028582247103460777321209047525173488328754529266309461412039230726747755841009244605938638704085137613228170614993711932020837306003061598929932442894089896995337059049461444421323418453575887269584727270778670118923 0 0 0 0 0 0 0 0 0 0 0 0 0 0 0 0 0 0 0 0 0 0 0 0 0 0 0 0 0 0 0 0 0 0 0 0 0 0 0 0 0 0 0 0 0 0 0 0 0 0 0 0 0 0 0 0 0 0 0 0 0 0 0 0 0 0 0 1 0 0 0 0 0 0]
[1845737177597224564193852345136865276801946885684883455800306621997413337516806251293317568775042306387512034830597058713737304307758863394275668751172882967260219459783268354190736455164196131586372787202623269228970073174815 0 0 0 0 0 0 0 0 0 0 0 0 0 0 0 0 0 0 0 0 0 0 0 0 0 0 0 0 0 0 0 0 0 0 0 0 0 0 0 0 0 0 0 0 0 0 0 0 0 0 0 0 0 0 0 0 0 0 0 0 0 0 0 0 0 0 0 0 1 0 0 0 0 0]
[4684621882188829594949730628441761356312225010487492276501674546692054661660777231510398287390103994071455035621781411268209495505257439253418020740356494417154455144735036014216731870266715513223441975338178718754785780949611 0 0 0 0 0 0 0 0 0 0 0 0 0 0 0 0 0 0 0 0 0 0 0 0 0 0 0 0 0 0 0 0 0 0 0 0 0 0 0 0 0 0 0 0 0 0 0 0 0 0 0 0 0 0 0 0 0 0 0 0 0 0 0 0 0 0 0 0 0 1 0 0 0 0]
[4517828413650514983870274133795142245382788971331071147062979710586383910977244185352245750400612576177852742297418182422312834351011872174822781323780545648781468337679742407609796409953198158399187961911404174958616909338533 0 0 0 0 0 0 0 0 0 0 0 0 0 0 0 0 0 0 0 0 0 0 0 0 0 0 0 0 0 0 0 0 0 0 0 0 0 0 0 0 0 0 0 0 0 0 0 0 0 0 0 0 0 0 0 0 0 0 0 0 0 0 0 0 0 0 0 0 0 0 1 0 0 0]
[2976221179514047413623701325165389845621443581704934406073422887880933449257171042604828624234881626264783227683299960494011540233949686611312642615383934747944363824328721101407062468799694711096737026593167703270424525031440 0 0 0 0 0 0 0 0 0 0 0 0 0 0 0 0 0 0 0 0 0 0 0 0 0 0 0 0 0 0 0 0 0 0 0 0 0 0 0 0 0 0 0 0 0 0 0 0 0 0 0 0 0 0 0 0 0 0 0 0 0 0 0 0 0 0 0 0 0 0 0 1 0 0]
[369211958761104892134579900321180698868704562490751837772663247987774925515702043874572123056893738799967694577548428726553328828927206285153315826365630548068103404886743552823263470095174828441644100776081625075471686854448 0 0 0 0 0 0 0 0 0 0 0 0 0 0 0 0 0 0 0 0 0 0 0 0 0 0 0 0 0 0 0 0 0 0 0 0 0 0 0 0 0 0 0 0 0 0 0 0 0 0 0 0 0 0 0 0 0 0 0 0 0 0 0 0 0 0 0 0 0 0 0 0 1 0]
[3173900451870020338034023291587644017918666084697793436634614175592312888962754140082937211582847887102720322938688645395966609078266895731810753807136564723705598913164327627470196556442819762684931420184235152920967371225911 0 0 0 0 0 0 0 0 0 0 0 0 0 0 0 0 0 0 0 0 0 0 0 0 0 0 0 0 0 0 0 0 0 0 0 0 0 0 0 0 0 0 0 0 0 0 0 0 0 0 0 0 0 0 0 0 0 0 0 0 0 0 0 0 0 0 0 0 0 0 0 0 0 1]
]
