[[5052300380766661499052854436761175098635085755486164328182958414884748238746763046715570489325238588102128156987766731160996969265978469462791824048625244665887144676583824171377286219050419010684023189657369287933163591406130639 0 0 0 0 0 0 0 0 0 0 0 0 0 0 0 0 0 0 0 0 0 0 0 0 0 0 0 0 0 0 0 0 0 0 0 0 0 0 0 0 0 0 0 0 0 0 0 0 0 0 0 0 0 0 0 0 0 0 0 0 0 0 0 0 0 0 0 0 0 0 0 0 0 0 0]
[116854942689481762064068214097777954956747326464296174915100123616687166902199496584264374671073453915269865589136186381959561428508430725898028235899384758127571028866238184838989779420561815755904686547061566794081847980587127 1 0 0 0 0 0 0 0 0 0 0 0 0 0 0 0 0 0 0 0 0 0 0 0 0 0 0 0 0 0 0 0 0 0 0 0 0 0 0 0 0 0 0 0 0 0 0 0 0 0 0 0 0 0 0 0 0 0 0 0 0 0 0 0 0 0 0 0 0 0 0 0 0 0 0]
[3273735841741892187568716382477489012455908310652761834448176811360509283580825358013523260406452141060008570600702029613916979366077832057457823330916612462550375344805441063135953539024302517301529991597812442020091722498556646 0 1 0 0 0 0 0 0 0 0 0 0 0 0 0 0 0 0 0 0 0 0 0 0 0 0 0 0 0 0 0 0 0 0 0 0 0 0 0 0 0 0 0 0 0 0 0 0 0 0 0 0 0 0 0 0 0 0 0 0 0 0 0 0 0 0 0 0 0 0 0 0 0 0 0]
[187956131971342904956004037022301137092309519906332126340176861531100453638318936748241533393479414548433679937588031219851822017212282190337711309514322822564493809865145494422007817262941398676712917936938379233914831736223088 0 0 1 0 0 0 0 0 0 0 0 0 0 0 0 0 0 0 0 0 0 0 0 0 0 0 0 0 0 0 0 0 0 0 0 0 0 0 0 0 0 0 0 0 0 0 0 0 0 0 0 0 0 0 0 0 0 0 0 0 0 0 0 0 0 0 0 0 0 0 0 0 0 0 0]
[4704390229810505114641647844381233663386445842183462793904105996816405233490448327034938183467427645888941543519894901403420935936157357260371224233944087996868579008521601622208330444839084448985595875942969466811619444424424335 0 0 0 1 0 0 0 0 0 0 0 0 0 0 0 0 0 0 0 0 0 0 0 0 0 0 0 0 0 0 0 0 0 0 0 0 0 0 0 0 0 0 0 0 0 0 0 0 0 0 0 0 0 0 0 0 0 0 0 0 0 0 0 0 0 0 0 0 0 0 0 0 0 0 0]
[3986223962273002702898240380092788641784550776096201369565534831250648138101369152215680056527479287363371805654775681694709095497097478153184930814930075522996266998041771388366477030209812396233992054095480585882639005782370679 0 0 0 0 1 0 0 0 0 0 0 0 0 0 0 0 0 0 0 0 0 0 0 0 0 0 0 0 0 0 0 0 0 0 0 0 0 0 0 0 0 0 0 0 0 0 0 0 0 0 0 0 0 0 0 0 0 0 0 0 0 0 0 0 0 0 0 0 0 0 0 0 0 0 0]
[3773092613600581124398425246145223078849354151614751561415037166958076690080764334931162020968923719997460697424937680705737193299392575956828203820586971586316687523580649969927846643754961462498864461428405597329061946163699414 0 0 0 0 0 1 0 0 0 0 0 0 0 0 0 0 0 0 0 0 0 0 0 0 0 0 0 0 0 0 0 0 0 0 0 0 0 0 0 0 0 0 0 0 0 0 0 0 0 0 0 0 0 0 0 0 0 0 0 0 0 0 0 0 0 0 0 0 0 0 0 0 0 0 0]
[4187857297207767651424116518320443805674572424489166254459937058974762121521200632138948699039709930432819032868529871157281547032238269212703074606445951675132533834121307888747719271521997844646694716948267452510169776698706470 0 0 0 0 0 0 1 0 0 0 0 0 0 0 0 0 0 0 0 0 0 0 0 0 0 0 0 0 0 0 0 0 0 0 0 0 0 0 0 0 0 0 0 0 0 0 0 0 0 0 0 0 0 0 0 0 0 0 0 0 0 0 0 0 0 0 0 0 0 0 0 0 0 0 0]
[3540190184286756371595339433906156351311513578230218420088724805125791971082080224657658087565164279386750593441775564063935242847855541638455467508594915644456630561938509371448152957921214293043879849103405715413757831354834927 0 0 0 0 0 0 0 1 0 0 0 0 0 0 0 0 0 0 0 0 0 0 0 0 0 0 0 0 0 0 0 0 0 0 0 0 0 0 0 0 0 0 0 0 0 0 0 0 0 0 0 0 0 0 0 0 0 0 0 0 0 0 0 0 0 0 0 0 0 0 0 0 0 0 0]
[1761187234713417199392426679889171153230608135243819517029672879811789658062424731403388598632746530642056642408065421898150517656750868458794883649238373403889628682186996406739902517207412299858671210512322660170148764659404371 0 0 0 0 0 0 0 0 1 0 0 0 0 0 0 0 0 0 0 0 0 0 0 0 0 0 0 0 0 0 0 0 0 0 0 0 0 0 0 0 0 0 0 0 0 0 0 0 0 0 0 0 0 0 0 0 0 0 0 0 0 0 0 0 0 0 0 0 0 0 0 0 0 0 0]
[2828742762578430292425549776309850074214378006139535408708587800128362897321878076527119633259271592032998926880137662989702138420808241437911187166382237252714971797343879872635419826420640599554603269433713888964794690603846163 0 0 0 0 0 0 0 0 0 1 0 0 0 0 0 0 0 0 0 0 0 0 0 0 0 0 0 0 0 0 0 0 0 0 0 0 0 0 0 0 0 0 0 0 0 0 0 0 0 0 0 0 0 0 0 0 0 0 0 0 0 0 0 0 0 0 0 0 0 0 0 0 0 0 0]
[3931283522484680801660305975936551491734654495811512038552539234719264821725187499024634809756604228980186903551181521013740746071518982298669363013936611877947351248235184421586636560009332025032679646938445367813330280604282932 0 0 0 0 0 0 0 0 0 0 1 0 0 0 0 0 0 0 0 0 0 0 0 0 0 0 0 0 0 0 0 0 0 0 0 0 0 0 0 0 0 0 0 0 0 0 0 0 0 0 0 0 0 0 0 0 0 0 0 0 0 0 0 0 0 0 0 0 0 0 0 0 0 0 0]
[4718373924859496432817259148514276329879551529891794407642284661666596687947865087263552708226930472597934986648586416016196005536588239082851085224646392755275451980119824735077898473878695637511970654086800060012077228307442550 0 0 0 0 0 0 0 0 0 0 0 1 0 0 0 0 0 0 0 0 0 0 0 0 0 0 0 0 0 0 0 0 0 0 0 0 0 0 0 0 0 0 0 0 0 0 0 0 0 0 0 0 0 0 0 0 0 0 0 0 0 0 0 0 0 0 0 0 0 0 0 0 0 0 0]
[4365050043972667105854985737551233744600080324205378054578313521098927151701060065219620131612592405641525186163349660820581744287725625912686769949942354562051560886416837562488185063961975548371537373137084216218746239059643841 0 0 0 0 0 0 0 0 0 0 0 0 1 0 0 0 0 0 0 0 0 0 0 0 0 0 0 0 0 0 0 0 0 0 0 0 0 0 0 0 0 0 0 0 0 0 0 0 0 0 0 0 0 0 0 0 0 0 0 0 0 0 0 0 0 0 0 0 0 0 0 0 0 0 0]
[1213760605139229462136305034583821483810077779510267166309735998647443801283941215642695774268457313966519475701931450231287464641459585981603751810724739043690253012742105084345657316295330482753333693804399409297908991688946051 0 0 0 0 0 0 0 0 0 0 0 0 0 1 0 0 0 0 0 0 0 0 0 0 0 0 0 0 0 0 0 0 0 0 0 0 0 0 0 0 0 0 0 0 0 0 0 0 0 0 0 0 0 0 0 0 0 0 0 0 0 0 0 0 0 0 0 0 0 0 0 0 0 0 0]
[609316643046977909431604507813996377591917754585916337381565308699141544400151424378664941360599757103897172193946632253611470560589789922406349471053967701466864378724655903431645644354932055698216831812437021762829142188253363 0 0 0 0 0 0 0 0 0 0 0 0 0 0 1 0 0 0 0 0 0 0 0 0 0 0 0 0 0 0 0 0 0 0 0 0 0 0 0 0 0 0 0 0 0 0 0 0 0 0 0 0 0 0 0 0 0 0 0 0 0 0 0 0 0 0 0 0 0 0 0 0 0 0 0]
[195858600696414197448624883167525763387851879147027621581638098385085124216595178058048912962988528192649550132949733996752200664312132539519716912495119936264508317908134129278315669438430153167192987212474099515092064453245949 0 0 0 0 0 0 0 0 0 0 0 0 0 0 0 1 0 0 0 0 0 0 0 0 0 0 0 0 0 0 0 0 0 0 0 0 0 0 0 0 0 0 0 0 0 0 0 0 0 0 0 0 0 0 0 0 0 0 0 0 0 0 0 0 0 0 0 0 0 0 0 0 0 0 0]
[2037839934018111245377145134514046540414573924757861550129439186750035088810058543083361081452232753034798009240431302361579041401860603141559490444193277580305165211475291937537251409029796384997065420804733695651192432961681733 0 0 0 0 0 0 0 0 0 0 0 0 0 0 0 0 1 0 0 0 0 0 0 0 0 0 0 0 0 0 0 0 0 0 0 0 0 0 0 0 0 0 0 0 0 0 0 0 0 0 0 0 0 0 0 0 0 0 0 0 0 0 0 0 0 0 0 0 0 0 0 0 0 0 0]
[1786824720099017477420115432638516014727027158684930614347243400360402964484400985974115794813953817626108991309922842531343456485205902867232923893183858617220392003104145350121589073011214044571901687771879192581315013815415889 0 0 0 0 0 0 0 0 0 0 0 0 0 0 0 0 0 1 0 0 0 0 0 0 0 0 0 0 0 0 0 0 0 0 0 0 0 0 0 0 0 0 0 0 0 0 0 0 0 0 0 0 0 0 0 0 0 0 0 0 0 0 0 0 0 0 0 0 0 0 0 0 0 0 0]
[436427807391674712025367666424814284372153835924450412530395610181150114214319690522724809486275151476857639560853971688640482041357310849523097692091956783570292589585039161891329036810497413641762714589336463157469489994203184 0 0 0 0 0 0 0 0 0 0 0 0 0 0 0 0 0 0 1 0 0 0 0 0 0 0 0 0 0 0 0 0 0 0 0 0 0 0 0 0 0 0 0 0 0 0 0 0 0 0 0 0 0 0 0 0 0 0 0 0 0 0 0 0 0 0 0 0 0 0 0 0 0 0 0]
[4785375579564716437052305515715657122256733912103972285384748580066130192844527707646940232499697748914957329576621869255505861230533134755490223466505483671912484623827786120400939839235217314662039779954686383118225046613274687 0 0 0 0 0 0 0 0 0 0 0 0 0 0 0 0 0 0 0 1 0 0 0 0 0 0 0 0 0 0 0 0 0 0 0 0 0 0 0 0 0 0 0 0 0 0 0 0 0 0 0 0 0 0 0 0 0 0 0 0 0 0 0 0 0 0 0 0 0 0 0 0 0 0 0]
[4343909870427414860467306083558940517946079834397022834015798912241397406195360843398264151859562664350650117487512117497600577389928014499733655953301090284354853805799050592256316121860628032359340834526240050462465584794568660 0 0 0 0 0 0 0 0 0 0 0 0 0 0 0 0 0 0 0 0 1 0 0 0 0 0 0 0 0 0 0 0 0 0 0 0 0 0 0 0 0 0 0 0 0 0 0 0 0 0 0 0 0 0 0 0 0 0 0 0 0 0 0 0 0 0 0 0 0 0 0 0 0 0 0]
[225149478018654087121926865992946122647987439734852148376803213606949629536395543373137139096263423002370850921890093184920951622022578716242077619384234812972274385754630993029696383365177354988187359737578646043116947404494185 0 0 0 0 0 0 0 0 0 0 0 0 0 0 0 0 0 0 0 0 0 1 0 0 0 0 0 0 0 0 0 0 0 0 0 0 0 0 0 0 0 0 0 0 0 0 0 0 0 0 0 0 0 0 0 0 0 0 0 0 0 0 0 0 0 0 0 0 0 0 0 0 0 0 0]
[1537411537885867119194881758263718580494076496827354055694944525892068245101474033505694305661727625120709021731000064164612959643221424351969200161776088458770612199491837367451711754389845263427573176480634830378171820953695522 0 0 0 0 0 0 0 0 0 0 0 0 0 0 0 0 0 0 0 0 0 0 1 0 0 0 0 0 0 0 0 0 0 0 0 0 0 0 0 0 0 0 0 0 0 0 0 0 0 0 0 0 0 0 0 0 0 0 0 0 0 0 0 0 0 0 0 0 0 0 0 0 0 0 0]
[2822797873728514195421741504868307447320088345931776334515649291719102637030551943910476352084763937023666792082550674132771001681877841493334053159495792062733134046614164552759783993649656757139118519464216942757996493988127335 0 0 0 0 0 0 0 0 0 0 0 0 0 0 0 0 0 0 0 0 0 0 0 1 0 0 0 0 0 0 0 0 0 0 0 0 0 0 0 0 0 0 0 0 0 0 0 0 0 0 0 0 0 0 0 0 0 0 0 0 0 0 0 0 0 0 0 0 0 0 0 0 0 0 0]
[1769575266799834301204674474540359684771772151833126605098336458538813584434209772690690886918823324898580683209911173912916005563431207587609381692069469007011055652179003495876212933216243652595267393164900528211815499473485509 0 0 0 0 0 0 0 0 0 0 0 0 0 0 0 0 0 0 0 0 0 0 0 0 1 0 0 0 0 0 0 0 0 0 0 0 0 0 0 0 0 0 0 0 0 0 0 0 0 0 0 0 0 0 0 0 0 0 0 0 0 0 0 0 0 0 0 0 0 0 0 0 0 0 0]
[4302573726596551273993815436582916752928234263353965993873518291468275547337347933913139738295997721983025569755928408959532219758891251704898784426407224250480450649123753172209345452536382994832765981678412218677243152983455205 0 0 0 0 0 0 0 0 0 0 0 0 0 0 0 0 0 0 0 0 0 0 0 0 0 1 0 0 0 0 0 0 0 0 0 0 0 0 0 0 0 0 0 0 0 0 0 0 0 0 0 0 0 0 0 0 0 0 0 0 0 0 0 0 0 0 0 0 0 0 0 0 0 0 0]
[3951950485443895080397088606384319672893226559462991554453017886722213057121198493811632758580969722708435339474487360882989316145433846540410786451453040711913809518841469320454933530347066873823285974478451539715207031145656882 0 0 0 0 0 0 0 0 0 0 0 0 0 0 0 0 0 0 0 0 0 0 0 0 0 0 1 0 0 0 0 0 0 0 0 0 0 0 0 0 0 0 0 0 0 0 0 0 0 0 0 0 0 0 0 0 0 0 0 0 0 0 0 0 0 0 0 0 0 0 0 0 0 0 0]
[3676315746269169880722737825853942569052518190384857765207175707493113952339736733287414328287876786206338012298081367827898870255588088998506578370280166519144368576179392055362390386141760414280893021178935776867773090451633805 0 0 0 0 0 0 0 0 0 0 0 0 0 0 0 0 0 0 0 0 0 0 0 0 0 0 0 1 0 0 0 0 0 0 0 0 0 0 0 0 0 0 0 0 0 0 0 0 0 0 0 0 0 0 0 0 0 0 0 0 0 0 0 0 0 0 0 0 0 0 0 0 0 0 0]
[2415273190777829866546318515320913874911301626668682117921418623496102638085265052911489654870572947206240248240203911012519816062177341886741640034798109304143419227158251594042712407534217892273050336267065130067623194297523721 0 0 0 0 0 0 0 0 0 0 0 0 0 0 0 0 0 0 0 0 0 0 0 0 0 0 0 0 1 0 0 0 0 0 0 0 0 0 0 0 0 0 0 0 0 0 0 0 0 0 0 0 0 0 0 0 0 0 0 0 0 0 0 0 0 0 0 0 0 0 0 0 0 0 0]
[4563250867742028792716800493230927085232216863085051991865073128523202505369659211443748240045798818951098483662439677584153231209441154749427250785443833224145223978789428561808728262223928772398334333856791137621917878961894634 0 0 0 0 0 0 0 0 0 0 0 0 0 0 0 0 0 0 0 0 0 0 0 0 0 0 0 0 0 1 0 0 0 0 0 0 0 0 0 0 0 0 0 0 0 0 0 0 0 0 0 0 0 0 0 0 0 0 0 0 0 0 0 0 0 0 0 0 0 0 0 0 0 0 0]
[662737378549239407970314734541907813115640641282265003998024546592321493637811939593769389301386501524781383425698214681244327298628749216886752869509780777425405713464547082721523080281074386994896062025622126747302333188272200 0 0 0 0 0 0 0 0 0 0 0 0 0 0 0 0 0 0 0 0 0 0 0 0 0 0 0 0 0 0 1 0 0 0 0 0 0 0 0 0 0 0 0 0 0 0 0 0 0 0 0 0 0 0 0 0 0 0 0 0 0 0 0 0 0 0 0 0 0 0 0 0 0 0 0]
[4848494591503461432940438154766083390471180662814758157182072284181067695542244290810166562144806967874384749281253230216994705319622275822387440497803291692924670659464725168216123305960374253293081558153342184338810513522684416 0 0 0 0 0 0 0 0 0 0 0 0 0 0 0 0 0 0 0 0 0 0 0 0 0 0 0 0 0 0 0 1 0 0 0 0 0 0 0 0 0 0 0 0 0 0 0 0 0 0 0 0 0 0 0 0 0 0 0 0 0 0 0 0 0 0 0 0 0 0 0 0 0 0 0]
[490731328130043019182244152490657948688801366787918618514805119157715073330185848798349373623509430697331361568958858734992799003687147407970743735209563969070323348618093578950492270019467187635972328869418035700061248894523012 0 0 0 0 0 0 0 0 0 0 0 0 0 0 0 0 0 0 0 0 0 0 0 0 0 0 0 0 0 0 0 0 1 0 0 0 0 0 0 0 0 0 0 0 0 0 0 0 0 0 0 0 0 0 0 0 0 0 0 0 0 0 0 0 0 0 0 0 0 0 0 0 0 0 0]
[301597488991117557287960585156966268280508070033778838805696588676305504586766707479020964418637245305332481135594591766200116966467786635105983473009658250279320762982849042134783038020852303675132663028824618539085374980327024 0 0 0 0 0 0 0 0 0 0 0 0 0 0 0 0 0 0 0 0 0 0 0 0 0 0 0 0 0 0 0 0 0 1 0 0 0 0 0 0 0 0 0 0 0 0 0 0 0 0 0 0 0 0 0 0 0 0 0 0 0 0 0 0 0 0 0 0 0 0 0 0 0 0 0]
[2871828675065187844910342527688082664639147156753718153831528943127678766740773173440116913915054347358105977498208434570905014110072069935742413604432035065332638921343649751664710888650163683550110661083639569059330302977666510 0 0 0 0 0 0 0 0 0 0 0 0 0 0 0 0 0 0 0 0 0 0 0 0 0 0 0 0 0 0 0 0 0 0 1 0 0 0 0 0 0 0 0 0 0 0 0 0 0 0 0 0 0 0 0 0 0 0 0 0 0 0 0 0 0 0 0 0 0 0 0 0 0 0 0]
[4608728634710989061250083572071873598475286060794325059395637243140801348021535593529039403129389260849172245501899428664622733585658972547788279215033232771177232498351969263857797639685822024127847388869886493373445474658549757 0 0 0 0 0 0 0 0 0 0 0 0 0 0 0 0 0 0 0 0 0 0 0 0 0 0 0 0 0 0 0 0 0 0 0 1 0 0 0 0 0 0 0 0 0 0 0 0 0 0 0 0 0 0 0 0 0 0 0 0 0 0 0 0 0 0 0 0 0 0 0 0 0 0 0]
[2335764009929754395446183406533893908247715679636203588435637735048405921868397091097126778470966019618719927376039973486134176220487632695136855799976848011688282540371852455124394217960145979471514800692461988985404534492479712 0 0 0 0 0 0 0 0 0 0 0 0 0 0 0 0 0 0 0 0 0 0 0 0 0 0 0 0 0 0 0 0 0 0 0 0 1 0 0 0 0 0 0 0 0 0 0 0 0 0 0 0 0 0 0 0 0 0 0 0 0 0 0 0 0 0 0 0 0 0 0 0 0 0 0]
[1413226248891018297405943664079922254948341873980933380655835910759555477754041003324684871484775864642629097509485584001542532168229969026629610790792246056300204233767002912270151939696825663781950383913761818258619897451581589 0 0 0 0 0 0 0 0 0 0 0 0 0 0 0 0 0 0 0 0 0 0 0 0 0 0 0 0 0 0 0 0 0 0 0 0 0 1 0 0 0 0 0 0 0 0 0 0 0 0 0 0 0 0 0 0 0 0 0 0 0 0 0 0 0 0 0 0 0 0 0 0 0 0 0]
[302360652384000724505439135037153204589214714257673495402492158520970566178958826638054102964752813887767359155989563234634251716285895109418983062223065833134921717840989960991091546312671927881740613590837691958363641347758495 0 0 0 0 0 0 0 0 0 0 0 0 0 0 0 0 0 0 0 0 0 0 0 0 0 0 0 0 0 0 0 0 0 0 0 0 0 0 1 0 0 0 0 0 0 0 0 0 0 0 0 0 0 0 0 0 0 0 0 0 0 0 0 0 0 0 0 0 0 0 0 0 0 0 0]
[3044323265027382341468441121467147991396581894512879281216438771533399823108299325233290025452042270120088439607489138699425389815044200116262970372437219393835993807877062320430533803450189891917482455889938393311967512248944529 0 0 0 0 0 0 0 0 0 0 0 0 0 0 0 0 0 0 0 0 0 0 0 0 0 0 0 0 0 0 0 0 0 0 0 0 0 0 0 1 0 0 0 0 0 0 0 0 0 0 0 0 0 0 0 0 0 0 0 0 0 0 0 0 0 0 0 0 0 0 0 0 0 0 0]
[29215467655864917435797779757500018902994526692147307853249489820480780768704160168055546480709736462885214815556524955522834242884749520082848145326999642074712235607994807093450002227155244814514042505549314940152227075505971 0 0 0 0 0 0 0 0 0 0 0 0 0 0 0 0 0 0 0 0 0 0 0 0 0 0 0 0 0 0 0 0 0 0 0 0 0 0 0 0 1 0 0 0 0 0 0 0 0 0 0 0 0 0 0 0 0 0 0 0 0 0 0 0 0 0 0 0 0 0 0 0 0 0 0]
[3461863644177330545609970405939870929603625248268677836690652305388670300583898545285472241868461873843596730282029605670975881916744097360914901638984143074155946286737647000050064742501351462485331038362153235028656551794461691 0 0 0 0 0 0 0 0 0 0 0 0 0 0 0 0 0 0 0 0 0 0 0 0 0 0 0 0 0 0 0 0 0 0 0 0 0 0 0 0 0 1 0 0 0 0 0 0 0 0 0 0 0 0 0 0 0 0 0 0 0 0 0 0 0 0 0 0 0 0 0 0 0 0 0]
[1804740128814869513583217450617882768188399029114942698443130502922135025693350606000944809735351701120544019564399558443909591550825397550254377386074249924830236906185324481374818302289299973489450156018627166311603728905236942 0 0 0 0 0 0 0 0 0 0 0 0 0 0 0 0 0 0 0 0 0 0 0 0 0 0 0 0 0 0 0 0 0 0 0 0 0 0 0 0 0 0 1 0 0 0 0 0 0 0 0 0 0 0 0 0 0 0 0 0 0 0 0 0 0 0 0 0 0 0 0 0 0 0 0]
[1670202803526573955709752839150046872422834827749284182636746781580628159693333722503617854812917911314283792344828051529781888575257883038822239364380298010635714820592403276480043289685052781721887997627792750408467287049404561 0 0 0 0 0 0 0 0 0 0 0 0 0 0 0 0 0 0 0 0 0 0 0 0 0 0 0 0 0 0 0 0 0 0 0 0 0 0 0 0 0 0 0 1 0 0 0 0 0 0 0 0 0 0 0 0 0 0 0 0 0 0 0 0 0 0 0 0 0 0 0 0 0 0 0]
[3910155189649830951516438102052906061129981090488796423103510289947718140498191200583004850684244773865794737538057171859511117361028891644459891108417366031603719949577166715290843241125930962187682372474723121734490935001782917 0 0 0 0 0 0 0 0 0 0 0 0 0 0 0 0 0 0 0 0 0 0 0 0 0 0 0 0 0 0 0 0 0 0 0 0 0 0 0 0 0 0 0 0 1 0 0 0 0 0 0 0 0 0 0 0 0 0 0 0 0 0 0 0 0 0 0 0 0 0 0 0 0 0 0]
[1695134503552736168099255425197354782645706446137318456337874825948574156227885964529081466939459946265530016324983499576536831869547338785438151074192454372603901544860318084875004488619834915194781567796790400172543202060830587 0 0 0 0 0 0 0 0 0 0 0 0 0 0 0 0 0 0 0 0 0 0 0 0 0 0 0 0 0 0 0 0 0 0 0 0 0 0 0 0 0 0 0 0 0 1 0 0 0 0 0 0 0 0 0 0 0 0 0 0 0 0 0 0 0 0 0 0 0 0 0 0 0 0 0]
[3506222509135224951799931377514016392254873242609809195191083302126168766920346700567674029581493467361552653186274978239470608395603552730613029461222433592742915043127349768573239750256322333895920019750719352125515541326961817 0 0 0 0 0 0 0 0 0 0 0 0 0 0 0 0 0 0 0 0 0 0 0 0 0 0 0 0 0 0 0 0 0 0 0 0 0 0 0 0 0 0 0 0 0 0 1 0 0 0 0 0 0 0 0 0 0 0 0 0 0 0 0 0 0 0 0 0 0 0 0 0 0 0 0]
[3102586182637709003789797432537349115666664097424309168997260907225874605231713786575151533116862516095866697387119904108361285387933436608770977797641589747692282288629141464329867800534901615967999196711833226912172285602405976 0 0 0 0 0 0 0 0 0 0 0 0 0 0 0 0 0 0 0 0 0 0 0 0 0 0 0 0 0 0 0 0 0 0 0 0 0 0 0 0 0 0 0 0 0 0 0 1 0 0 0 0 0 0 0 0 0 0 0 0 0 0 0 0 0 0 0 0 0 0 0 0 0 0 0]
[1004385091818509542373078643230391556260251462711936244929165321417040468403117714559321370202995302076502415901279162871167369662276316493283494204523819184242001877802374883029760018272843517222549342172120589577286440512861491 0 0 0 0 0 0 0 0 0 0 0 0 0 0 0 0 0 0 0 0 0 0 0 0 0 0 0 0 0 0 0 0 0 0 0 0 0 0 0 0 0 0 0 0 0 0 0 0 1 0 0 0 0 0 0 0 0 0 0 0 0 0 0 0 0 0 0 0 0 0 0 0 0 0 0]
[2830892713812373447084549906347133771386833587648699344409288304784742578221242154151011561989495342050700928629364273629005319135681600479980371618236206274621023797302200169572395986417166680303482209081076197879484489573335125 0 0 0 0 0 0 0 0 0 0 0 0 0 0 0 0 0 0 0 0 0 0 0 0 0 0 0 0 0 0 0 0 0 0 0 0 0 0 0 0 0 0 0 0 0 0 0 0 0 1 0 0 0 0 0 0 0 0 0 0 0 0 0 0 0 0 0 0 0 0 0 0 0 0 0]
[4777166991211352948880224375084368392705113701872799404151291420368220587117848210950348541881951753782565042353089805286335595262229280507433396428641057254376660855642755882992154831645183486496345451749160774583411619391150988 0 0 0 0 0 0 0 0 0 0 0 0 0 0 0 0 0 0 0 0 0 0 0 0 0 0 0 0 0 0 0 0 0 0 0 0 0 0 0 0 0 0 0 0 0 0 0 0 0 0 1 0 0 0 0 0 0 0 0 0 0 0 0 0 0 0 0 0 0 0 0 0 0 0 0]
[3102440250607439124501680063969730885442804299445003572376261444924969535475214375875730654265193487643937561766112525242282107158271254451442581475142285572562211994084851238035612339788811632598395315955806991597136229101045756 0 0 0 0 0 0 0 0 0 0 0 0 0 0 0 0 0 0 0 0 0 0 0 0 0 0 0 0 0 0 0 0 0 0 0 0 0 0 0 0 0 0 0 0 0 0 0 0 0 0 0 1 0 0 0 0 0 0 0 0 0 0 0 0 0 0 0 0 0 0 0 0 0 0 0]
[166783554712601389690791703817665597210476682935941104700287194155590283416344999851989621142239609003631071545993729240099466908525662064912067775772625255011482652089088321073737668837236441957860444753196638299788352156879682 0 0 0 0 0 0 0 0 0 0 0 0 0 0 0 0 0 0 0 0 0 0 0 0 0 0 0 0 0 0 0 0 0 0 0 0 0 0 0 0 0 0 0 0 0 0 0 0 0 0 0 0 1 0 0 0 0 0 0 0 0 0 0 0 0 0 0 0 0 0 0 0 0 0 0]
[1046044011091934345856119840434480787093228518124439540910765647841819331832959486372259575806949422806149715582399054506612987446783873417183112517506047026218880962984790815071280031167400299999496934850452525859340108841221929 0 0 0 0 0 0 0 0 0 0 0 0 0 0 0 0 0 0 0 0 0 0 0 0 0 0 0 0 0 0 0 0 0 0 0 0 0 0 0 0 0 0 0 0 0 0 0 0 0 0 0 0 0 1 0 0 0 0 0 0 0 0 0 0 0 0 0 0 0 0 0 0 0 0 0]
[2717030233936935423771999099323470603881889242236834071679998184408126009563493006569488762551771378965938997310031568141357945173032513800586856719709714638279395550838361761473707669171408009084743831339479688799033299041877086 0 0 0 0 0 0 0 0 0 0 0 0 0 0 0 0 0 0 0 0 0 0 0 0 0 0 0 0 0 0 0 0 0 0 0 0 0 0 0 0 0 0 0 0 0 0 0 0 0 0 0 0 0 0 1 0 0 0 0 0 0 0 0 0 0 0 0 0 0 0 0 0 0 0 0]
[4619638030730365529993035314168280006915479363882234130430407281976488831846015889147947948405126736657505932411846448113586937740051188303525326646819461724981906670708856391755448542278582671275210082632901570970530682689935633 0 0 0 0 0 0 0 0 0 0 0 0 0 0 0 0 0 0 0 0 0 0 0 0 0 0 0 0 0 0 0 0 0 0 0 0 0 0 0 0 0 0 0 0 0 0 0 0 0 0 0 0 0 0 0 1 0 0 0 0 0 0 0 0 0 0 0 0 0 0 0 0 0 0 0]
[1894695148413292756355402664806739806574400987345585567560764498360051989423444469208743743526091240532390911992750733392446658601648853734949450591513682793904575814625498502814943392365119753132201837372885688386892620036467498 0 0 0 0 0 0 0 0 0 0 0 0 0 0 0 0 0 0 0 0 0 0 0 0 0 0 0 0 0 0 0 0 0 0 0 0 0 0 0 0 0 0 0 0 0 0 0 0 0 0 0 0 0 0 0 0 1 0 0 0 0 0 0 0 0 0 0 0 0 0 0 0 0 0 0]
[1894755788338836990737040119173367468006658085363332755616287829138063814335197210305619089800688067446399334399596830912945314213071254358760252633000520261969061272433857784470239086734839072490486065068949947871093935203387673 0 0 0 0 0 0 0 0 0 0 0 0 0 0 0 0 0 0 0 0 0 0 0 0 0 0 0 0 0 0 0 0 0 0 0 0 0 0 0 0 0 0 0 0 0 0 0 0 0 0 0 0 0 0 0 0 0 1 0 0 0 0 0 0 0 0 0 0 0 0 0 0 0 0 0]
[3673629686762633888664787476865136829942875590786290592509777104083460678484826532088723243166210142819457795484524604248758715522359846381048433158752875339058862521621165758993769327071562087017717025064417362491188929517406388 0 0 0 0 0 0 0 0 0 0 0 0 0 0 0 0 0 0 0 0 0 0 0 0 0 0 0 0 0 0 0 0 0 0 0 0 0 0 0 0 0 0 0 0 0 0 0 0 0 0 0 0 0 0 0 0 0 0 1 0 0 0 0 0 0 0 0 0 0 0 0 0 0 0 0]
[396831899805979144891438179753689162696146032627968125341572547701497299490326340069075213046841704575442653656567760883814229566571704955612381235055703331035673504613810239608792830246827195350440326360591382793866057393940965 0 0 0 0 0 0 0 0 0 0 0 0 0 0 0 0 0 0 0 0 0 0 0 0 0 0 0 0 0 0 0 0 0 0 0 0 0 0 0 0 0 0 0 0 0 0 0 0 0 0 0 0 0 0 0 0 0 0 0 1 0 0 0 0 0 0 0 0 0 0 0 0 0 0 0]
[4571794251587957972540177497264003942517673769115687851733972795163114081875164008288993403339988982646351116732506365673396015548980433383735308389964349378793757486347753864584137861812471163371715543889375959607173217592414404 0 0 0 0 0 0 0 0 0 0 0 0 0 0 0 0 0 0 0 0 0 0 0 0 0 0 0 0 0 0 0 0 0 0 0 0 0 0 0 0 0 0 0 0 0 0 0 0 0 0 0 0 0 0 0 0 0 0 0 0 1 0 0 0 0 0 0 0 0 0 0 0 0 0 0]
[4487015173686853863592115392367962057712500940053361186212654887675760574363044136867783191903812960806613346649248284389780934307977083745359721448044700261814361470640299185039659324593646409382409732260430494432051077810309580 0 0 0 0 0 0 0 0 0 0 0 0 0 0 0 0 0 0 0 0 0 0 0 0 0 0 0 0 0 0 0 0 0 0 0 0 0 0 0 0 0 0 0 0 0 0 0 0 0 0 0 0 0 0 0 0 0 0 0 0 0 1 0 0 0 0 0 0 0 0 0 0 0 0 0]
[3965992588972658294293989064577411538553369253725438770227852976349452045267063946641748319285800484897802805665023722477161905643662656970059341440849158931015980766924395780417985476221424551274082800836000058433826636409990137 0 0 0 0 0 0 0 0 0 0 0 0 0 0 0 0 0 0 0 0 0 0 0 0 0 0 0 0 0 0 0 0 0 0 0 0 0 0 0 0 0 0 0 0 0 0 0 0 0 0 0 0 0 0 0 0 0 0 0 0 0 0 1 0 0 0 0 0 0 0 0 0 0 0 0]
[4956477194817058651132882669137601427433317831761257306299787690855903382159316657587701005777545159467019589939240716097002165500009440976277253424775078759970433989811377261197981190821032489766471404279320841424864709636654025 0 0 0 0 0 0 0 0 0 0 0 0 0 0 0 0 0 0 0 0 0 0 0 0 0 0 0 0 0 0 0 0 0 0 0 0 0 0 0 0 0 0 0 0 0 0 0 0 0 0 0 0 0 0 0 0 0 0 0 0 0 0 0 1 0 0 0 0 0 0 0 0 0 0 0]
[3059701555258959262414713471627403783158894219157106613100243024515036112314283791511068900807372495235396487894355810342989386247569916492562501297880470803229996938450493377999876288661666476179097295063724938242467465688919437 0 0 0 0 0 0 0 0 0 0 0 0 0 0 0 0 0 0 0 0 0 0 0 0 0 0 0 0 0 0 0 0 0 0 0 0 0 0 0 0 0 0 0 0 0 0 0 0 0 0 0 0 0 0 0 0 0 0 0 0 0 0 0 0 1 0 0 0 0 0 0 0 0 0 0]
[1429004884101445576020235537427974993678250017535884435704994165887638152649451575602962737291879042293498598037612725447364249652079565551309063301520252718745573258771681765214135613596774370338553201806659147470638632072220862 0 0 0 0 0 0 0 0 0 0 0 0 0 0 0 0 0 0 0 0 0 0 0 0 0 0 0 0 0 0 0 0 0 0 0 0 0 0 0 0 0 0 0 0 0 0 0 0 0 0 0 0 0 0 0 0 0 0 0 0 0 0 0 0 0 1 0 0 0 0 0 0 0 0 0]
[3568402930624379328314340394079824905014121974073373390444273623993940510219514526476923852936040391212381006659694828914011691093688796810753281864728850147504696114373289589525403345724631771298493626781808128777791220474139211 0 0 0 0 0 0 0 0 0 0 0 0 0 0 0 0 0 0 0 0 0 0 0 0 0 0 0 0 0 0 0 0 0 0 0 0 0 0 0 0 0 0 0 0 0 0 0 0 0 0 0 0 0 0 0 0 0 0 0 0 0 0 0 0 0 0 1 0 0 0 0 0 0 0 0]
[2806701280449708958164702539310404586865243664298834705566557695303095758139167431563010674029526847337790390610355166719728374588404987203847787235569566084654562940814438828177496375876412029747228669171404395291946227458743615 0 0 0 0 0 0 0 0 0 0 0 0 0 0 0 0 0 0 0 0 0 0 0 0 0 0 0 0 0 0 0 0 0 0 0 0 0 0 0 0 0 0 0 0 0 0 0 0 0 0 0 0 0 0 0 0 0 0 0 0 0 0 0 0 0 0 0 1 0 0 0 0 0 0 0]
[4097870075879801419596055399713462835103063166192084936694894269661773472204690775576819806892094672146529958139258433416474514134801022398902508012035532283454484989542097476367038102302559672315292463587096374289148046738370772 0 0 0 0 0 0 0 0 0 0 0 0 0 0 0 0 0 0 0 0 0 0 0 0 0 0 0 0 0 0 0 0 0 0 0 0 0 0 0 0 0 0 0 0 0 0 0 0 0 0 0 0 0 0 0 0 0 0 0 0 0 0 0 0 0 0 0 0 1 0 0 0 0 0 0]
[70438279656039884230850985674534538693913373919229812232906599684179008393787535775261491342332804103727410915948052649804853018231926362096032854854635634913219166635809113418208408009284648651469981156832351183850884343915190 0 0 0 0 0 0 0 0 0 0 0 0 0 0 0 0 0 0 0 0 0 0 0 0 0 0 0 0 0 0 0 0 0 0 0 0 0 0 0 0 0 0 0 0 0 0 0 0 0 0 0 0 0 0 0 0 0 0 0 0 0 0 0 0 0 0 0 0 0 1 0 0 0 0 0]
[1244315095415109589873362334624649619059433930734395454301585538985920330979006706200442897864771829282138302462575280124040174497178186946327510884639613860456719596309982860859949653528424110217981116519109672237299789125423008 0 0 0 0 0 0 0 0 0 0 0 0 0 0 0 0 0 0 0 0 0 0 0 0 0 0 0 0 0 0 0 0 0 0 0 0 0 0 0 0 0 0 0 0 0 0 0 0 0 0 0 0 0 0 0 0 0 0 0 0 0 0 0 0 0 0 0 0 0 0 1 0 0 0 0]
[1577125111509270705075464269335917695637193314365232985487858124007538614690767156396868099148243853792411000926330394592067680781438225775508625145219569479654474128615016421648000940304850499660041359571267604600151069025151936 0 0 0 0 0 0 0 0 0 0 0 0 0 0 0 0 0 0 0 0 0 0 0 0 0 0 0 0 0 0 0 0 0 0 0 0 0 0 0 0 0 0 0 0 0 0 0 0 0 0 0 0 0 0 0 0 0 0 0 0 0 0 0 0 0 0 0 0 0 0 0 1 0 0 0]
[1950773183487758572198662851040158303170300244984227612583514170158762846291430028612900367661500535948897466439729106102027264599879097922873130811548048056530556795642551742184307364758873521648968463529025964468677634051710071 0 0 0 0 0 0 0 0 0 0 0 0 0 0 0 0 0 0 0 0 0 0 0 0 0 0 0 0 0 0 0 0 0 0 0 0 0 0 0 0 0 0 0 0 0 0 0 0 0 0 0 0 0 0 0 0 0 0 0 0 0 0 0 0 0 0 0 0 0 0 0 0 1 0 0]
[3082817073745689026761025811125640580563624049802158256822274464385958101070004483726050439752594804659011337577600159931572512667006932570577445661762669738006202543691991512047861758259916270835317558912273907468177158443890753 0 0 0 0 0 0 0 0 0 0 0 0 0 0 0 0 0 0 0 0 0 0 0 0 0 0 0 0 0 0 0 0 0 0 0 0 0 0 0 0 0 0 0 0 0 0 0 0 0 0 0 0 0 0 0 0 0 0 0 0 0 0 0 0 0 0 0 0 0 0 0 0 0 1 0]
[1829831993128852320738769988859120650450775881722937188482019870923760487087274059929057246712703532277726597699823751293316745570446640953604736838277606877306463533382859354898148056549683132857312601724655294095359282449136102 0 0 0 0 0 0 0 0 0 0 0 0 0 0 0 0 0 0 0 0 0 0 0 0 0 0 0 0 0 0 0 0 0 0 0 0 0 0 0 0 0 0 0 0 0 0 0 0 0 0 0 0 0 0 0 0 0 0 0 0 0 0 0 0 0 0 0 0 0 0 0 0 0 0 1]
]
