[[10046548830674614662997299450456151691703407911782058749518565216651138696627033433686484021838103387095856716858374963949031167722659771649035733905259423627536364462765435967932504160284916191706024571761350906358558911056913112219954296598785589773552395255071966909231106016999551631771916740435417 0 0 0 0 0 0 0 0 0 0 0 0 0 0 0 0 0 0 0 0 0 0 0 0 0 0 0 0 0 0 0 0 0 0 0 0 0 0 0 0 0 0 0 0 0 0 0 0 0 0 0 0 0 0 0 0 0 0 0 0 0 0 0 0 0 0 0 0 0 0 0 0 0 0 0 0 0 0 0 0 0 0 0 0 0 0 0 0 0 0 0 0 0 0 0 0 0 0 0]
[5896538513486431529432621691928307648457589561292435576672120899610759296728176376093703735917666579637002956597006855079528199675874922792745881345961172346310768053745889600357305014550577070692128935384069588209526765469924392985074334440064627750163162600280532326191348846477495227023340080595247 1 0 0 0 0 0 0 0 0 0 0 0 0 0 0 0 0 0 0 0 0 0 0 0 0 0 0 0 0 0 0 0 0 0 0 0 0 0 0 0 0 0 0 0 0 0 0 0 0 0 0 0 0 0 0 0 0 0 0 0 0 0 0 0 0 0 0 0 0 0 0 0 0 0 0 0 0 0 0 0 0 0 0 0 0 0 0 0 0 0 0 0 0 0 0 0 0 0 0]
[9030128910172088719152251185594032771331854682527425541798809241687309450174853619871554031826896450848124668738938807079713451123659089821304831304052060862678499581007478219608133545534324639326168735751201508243626355807481746990407573636917750331725370014190654739421728441001615391225186785908188 0 1 0 0 0 0 0 0 0 0 0 0 0 0 0 0 0 0 0 0 0 0 0 0 0 0 0 0 0 0 0 0 0 0 0 0 0 0 0 0 0 0 0 0 0 0 0 0 0 0 0 0 0 0 0 0 0 0 0 0 0 0 0 0 0 0 0 0 0 0 0 0 0 0 0 0 0 0 0 0 0 0 0 0 0 0 0 0 0 0 0 0 0 0 0 0 0 0 0]
[3719741342409990011016338958288246707086587609859909916623073625281912417982732175483583023151846801732850251459040875838377386581853224877627283641388582647893087992897721620778632835825800428951462055439118300031791579489156701598259105082729242129438737875026759194164656727113961238869500790947855 0 0 1 0 0 0 0 0 0 0 0 0 0 0 0 0 0 0 0 0 0 0 0 0 0 0 0 0 0 0 0 0 0 0 0 0 0 0 0 0 0 0 0 0 0 0 0 0 0 0 0 0 0 0 0 0 0 0 0 0 0 0 0 0 0 0 0 0 0 0 0 0 0 0 0 0 0 0 0 0 0 0 0 0 0 0 0 0 0 0 0 0 0 0 0 0 0 0 0]
[9021884010957619675020805876263411079726956192599006320768676254404537686895558933225626771718284801934813911209971636828593228607921373602961418538110926336665282860475320326889754918196403273219360825366730257274769491555081464299388219416428713387273209570705464571048111691382953831202206397564913 0 0 0 1 0 0 0 0 0 0 0 0 0 0 0 0 0 0 0 0 0 0 0 0 0 0 0 0 0 0 0 0 0 0 0 0 0 0 0 0 0 0 0 0 0 0 0 0 0 0 0 0 0 0 0 0 0 0 0 0 0 0 0 0 0 0 0 0 0 0 0 0 0 0 0 0 0 0 0 0 0 0 0 0 0 0 0 0 0 0 0 0 0 0 0 0 0 0 0]
[8769881344458889460008023598628358438720211924888426704403526360054369259778354961548857916005796338595073370564181813288256968648193192324356675055714974491556041444488375077444595307210005176179435337313758430823830536742879449348075073909547813987790039210332821008974694250881075241350703722743405 0 0 0 0 1 0 0 0 0 0 0 0 0 0 0 0 0 0 0 0 0 0 0 0 0 0 0 0 0 0 0 0 0 0 0 0 0 0 0 0 0 0 0 0 0 0 0 0 0 0 0 0 0 0 0 0 0 0 0 0 0 0 0 0 0 0 0 0 0 0 0 0 0 0 0 0 0 0 0 0 0 0 0 0 0 0 0 0 0 0 0 0 0 0 0 0 0 0 0]
[5035194262161780118774124481584405841588877057782015493827982463495862672206091504422974844802496512648399334071456280171294313974077487837956685781553722329839134125329888089868254371447457980214621772460542177400257592404662392824201924229306346028535955220507187045872866492686280396209686067979380 0 0 0 0 0 1 0 0 0 0 0 0 0 0 0 0 0 0 0 0 0 0 0 0 0 0 0 0 0 0 0 0 0 0 0 0 0 0 0 0 0 0 0 0 0 0 0 0 0 0 0 0 0 0 0 0 0 0 0 0 0 0 0 0 0 0 0 0 0 0 0 0 0 0 0 0 0 0 0 0 0 0 0 0 0 0 0 0 0 0 0 0 0 0 0 0 0 0 0]
[7207636003150527084634615423740263053504525166554743430394123190264968807125601942103877576262007986245323924143867534013141671257873029214587114175781924043784736254814765756371074440161494884087348618278476519867611176705397374780256606801919527510668154043331009707643624398315979660913669112318408 0 0 0 0 0 0 1 0 0 0 0 0 0 0 0 0 0 0 0 0 0 0 0 0 0 0 0 0 0 0 0 0 0 0 0 0 0 0 0 0 0 0 0 0 0 0 0 0 0 0 0 0 0 0 0 0 0 0 0 0 0 0 0 0 0 0 0 0 0 0 0 0 0 0 0 0 0 0 0 0 0 0 0 0 0 0 0 0 0 0 0 0 0 0 0 0 0 0 0]
[8648349040627931817759282120521772664274253612951745731447741585657621913907533309182603632518728698208610065533385129833963853505659018351566451494156837850210983298005921044519739888268213790957684569046139773148110355988352878357869654155254814107162762767998675559658234157428807225796551640405195 0 0 0 0 0 0 0 1 0 0 0 0 0 0 0 0 0 0 0 0 0 0 0 0 0 0 0 0 0 0 0 0 0 0 0 0 0 0 0 0 0 0 0 0 0 0 0 0 0 0 0 0 0 0 0 0 0 0 0 0 0 0 0 0 0 0 0 0 0 0 0 0 0 0 0 0 0 0 0 0 0 0 0 0 0 0 0 0 0 0 0 0 0 0 0 0 0 0 0]
[8180995689459490795896467055302424757763964513566643849165110090936496029512103171652992196784079902749836530813422393829263894215016237039696438304412000624682429275832488767418656545474274743903644958954335909315884208931978890142153257950989804519021246560520370123654979864214034300636156093060639 0 0 0 0 0 0 0 0 1 0 0 0 0 0 0 0 0 0 0 0 0 0 0 0 0 0 0 0 0 0 0 0 0 0 0 0 0 0 0 0 0 0 0 0 0 0 0 0 0 0 0 0 0 0 0 0 0 0 0 0 0 0 0 0 0 0 0 0 0 0 0 0 0 0 0 0 0 0 0 0 0 0 0 0 0 0 0 0 0 0 0 0 0 0 0 0 0 0 0]
[766739586927515189172593931519377067228552103704443774409587950531282709291976728886853350557430794115757371490333812755227610925860573961251654436982308730680777280618624696177585261337662574072058002851674846470572998108305951253255749287100574836878843007737095530668340188512509592744623281683488 0 0 0 0 0 0 0 0 0 1 0 0 0 0 0 0 0 0 0 0 0 0 0 0 0 0 0 0 0 0 0 0 0 0 0 0 0 0 0 0 0 0 0 0 0 0 0 0 0 0 0 0 0 0 0 0 0 0 0 0 0 0 0 0 0 0 0 0 0 0 0 0 0 0 0 0 0 0 0 0 0 0 0 0 0 0 0 0 0 0 0 0 0 0 0 0 0 0 0]
[7139289278787007248435007071403690394917676665984294476996864733285472462834673196940486377160681557902155218582539617192258861566463010540409625249785052804639375262289507596706246382619940389520541030693467307240724249032876969273479984860138825471199735023555074986620971327922768528042050827426465 0 0 0 0 0 0 0 0 0 0 1 0 0 0 0 0 0 0 0 0 0 0 0 0 0 0 0 0 0 0 0 0 0 0 0 0 0 0 0 0 0 0 0 0 0 0 0 0 0 0 0 0 0 0 0 0 0 0 0 0 0 0 0 0 0 0 0 0 0 0 0 0 0 0 0 0 0 0 0 0 0 0 0 0 0 0 0 0 0 0 0 0 0 0 0 0 0 0 0]
[3988545030855943615382576032884401330414835199024977049126760448721527087324022165269359007746951834115291718208547904377208735654496817590801027627631713837548444761158465816563757903451473315982370086400541874912282815988421679472323394969154624355044888131534037857384729512957176764538134761866455 0 0 0 0 0 0 0 0 0 0 0 1 0 0 0 0 0 0 0 0 0 0 0 0 0 0 0 0 0 0 0 0 0 0 0 0 0 0 0 0 0 0 0 0 0 0 0 0 0 0 0 0 0 0 0 0 0 0 0 0 0 0 0 0 0 0 0 0 0 0 0 0 0 0 0 0 0 0 0 0 0 0 0 0 0 0 0 0 0 0 0 0 0 0 0 0 0 0 0]
[5112166662405794149790581438565157674777595880611234568936234686230839716567563187849002948760338573833669490805208736225542774799453141575658597243548508071725658145961783714759923576410391689815117318447096114835986246188489962805528666525432990867846792930124532945550812211684701986983295635710864 0 0 0 0 0 0 0 0 0 0 0 0 1 0 0 0 0 0 0 0 0 0 0 0 0 0 0 0 0 0 0 0 0 0 0 0 0 0 0 0 0 0 0 0 0 0 0 0 0 0 0 0 0 0 0 0 0 0 0 0 0 0 0 0 0 0 0 0 0 0 0 0 0 0 0 0 0 0 0 0 0 0 0 0 0 0 0 0 0 0 0 0 0 0 0 0 0 0 0]
[9571291397558560657042922056051258326513947234428755967677045902882617305020815674941800469645568847886278995391387014910783615891002548035397057084231047499018477462394318097174112921740713915886302528324374188085101116651300462081415301693457429431141030924507321763465950579286292242676333241009793 0 0 0 0 0 0 0 0 0 0 0 0 0 1 0 0 0 0 0 0 0 0 0 0 0 0 0 0 0 0 0 0 0 0 0 0 0 0 0 0 0 0 0 0 0 0 0 0 0 0 0 0 0 0 0 0 0 0 0 0 0 0 0 0 0 0 0 0 0 0 0 0 0 0 0 0 0 0 0 0 0 0 0 0 0 0 0 0 0 0 0 0 0 0 0 0 0 0 0]
[6890308208047726502986902216745312982995420886513555207307321821403191092055535164354465740084339430091720975029098996350120905520329079953709325099445551503780901971664131943619850272872228227068684863489592219377144226877946850995102966533323876233035509656494954072356186894119968706525296585198689 0 0 0 0 0 0 0 0 0 0 0 0 0 0 1 0 0 0 0 0 0 0 0 0 0 0 0 0 0 0 0 0 0 0 0 0 0 0 0 0 0 0 0 0 0 0 0 0 0 0 0 0 0 0 0 0 0 0 0 0 0 0 0 0 0 0 0 0 0 0 0 0 0 0 0 0 0 0 0 0 0 0 0 0 0 0 0 0 0 0 0 0 0 0 0 0 0 0 0]
[449836325967810848800705777220398197686366406727597753920089631726747530157706815072790935493722549607704989276831954614890720077810567336855025494955266357294244298161595174220931844129929404201657542687210113689424209588630925612560590454274337191276812300199026234425087111903949372395013688397069 0 0 0 0 0 0 0 0 0 0 0 0 0 0 0 1 0 0 0 0 0 0 0 0 0 0 0 0 0 0 0 0 0 0 0 0 0 0 0 0 0 0 0 0 0 0 0 0 0 0 0 0 0 0 0 0 0 0 0 0 0 0 0 0 0 0 0 0 0 0 0 0 0 0 0 0 0 0 0 0 0 0 0 0 0 0 0 0 0 0 0 0 0 0 0 0 0 0 0]
[9810042844297988441455885921917537200544975359735834103956375023625869672815250874836405580532215592744379923593102161958655134372746190018711445984039048397330233651384656088190149091558491201658064731251009461672229749977284680981462462997359479588977242974105599885717098136777447050738574555810353 0 0 0 0 0 0 0 0 0 0 0 0 0 0 0 0 1 0 0 0 0 0 0 0 0 0 0 0 0 0 0 0 0 0 0 0 0 0 0 0 0 0 0 0 0 0 0 0 0 0 0 0 0 0 0 0 0 0 0 0 0 0 0 0 0 0 0 0 0 0 0 0 0 0 0 0 0 0 0 0 0 0 0 0 0 0 0 0 0 0 0 0 0 0 0 0 0 0 0]
[3919063555368603017525975922084687341446962138664931511297821133977461080352787287633812305270473959869986077872996130328048662969249217731086566572276764018825952195688334560351848140312221591554918310460942524117299569544494074983798134001758106605973162557776544831469516770172699894076313946802001 0 0 0 0 0 0 0 0 0 0 0 0 0 0 0 0 0 1 0 0 0 0 0 0 0 0 0 0 0 0 0 0 0 0 0 0 0 0 0 0 0 0 0 0 0 0 0 0 0 0 0 0 0 0 0 0 0 0 0 0 0 0 0 0 0 0 0 0 0 0 0 0 0 0 0 0 0 0 0 0 0 0 0 0 0 0 0 0 0 0 0 0 0 0 0 0 0 0 0]
[3240316255330951865894550917620544538721159741646404741031086904825912305600175689314369540260728086688889529851878671558110216512059778667575061611823982777811391525169301056110610365132282992661673484952819613167034342377528728677072603148460570963528550354225254666828399926086787160647262124705949 0 0 0 0 0 0 0 0 0 0 0 0 0 0 0 0 0 0 1 0 0 0 0 0 0 0 0 0 0 0 0 0 0 0 0 0 0 0 0 0 0 0 0 0 0 0 0 0 0 0 0 0 0 0 0 0 0 0 0 0 0 0 0 0 0 0 0 0 0 0 0 0 0 0 0 0 0 0 0 0 0 0 0 0 0 0 0 0 0 0 0 0 0 0 0 0 0 0 0]
[1371264336501725702167064978753122799708644876092793559168203409448484447911920284321052622843938181717904616586338915526547577810212006840406539272098762853580612172477111418937336124171387182725010818640503411555262573424303080527457220236456731877231595655631338612144830493317714130348481593927817 0 0 0 0 0 0 0 0 0 0 0 0 0 0 0 0 0 0 0 1 0 0 0 0 0 0 0 0 0 0 0 0 0 0 0 0 0 0 0 0 0 0 0 0 0 0 0 0 0 0 0 0 0 0 0 0 0 0 0 0 0 0 0 0 0 0 0 0 0 0 0 0 0 0 0 0 0 0 0 0 0 0 0 0 0 0 0 0 0 0 0 0 0 0 0 0 0 0 0]
[490864301669241871763572665234978991397269841233713245095325303555098580476014446765366232152596405617256267297316928724825323157282708020719891472572849441015711682177960401461503997084550579438218322870555529336345506625283670654538911570620624336635744821990253651597157223958756606419113398527843 0 0 0 0 0 0 0 0 0 0 0 0 0 0 0 0 0 0 0 0 1 0 0 0 0 0 0 0 0 0 0 0 0 0 0 0 0 0 0 0 0 0 0 0 0 0 0 0 0 0 0 0 0 0 0 0 0 0 0 0 0 0 0 0 0 0 0 0 0 0 0 0 0 0 0 0 0 0 0 0 0 0 0 0 0 0 0 0 0 0 0 0 0 0 0 0 0 0 0]
[8746539020628933636373742611658771040452058005673436151642971383270932300316826553410432772710261950546126290638104292831981034072725158037345313067572180952794378219079422034888395584108598600132868209770897414299219168014627992402677884923375071935648055891297628128882196934067768535575989261408853 0 0 0 0 0 0 0 0 0 0 0 0 0 0 0 0 0 0 0 0 0 1 0 0 0 0 0 0 0 0 0 0 0 0 0 0 0 0 0 0 0 0 0 0 0 0 0 0 0 0 0 0 0 0 0 0 0 0 0 0 0 0 0 0 0 0 0 0 0 0 0 0 0 0 0 0 0 0 0 0 0 0 0 0 0 0 0 0 0 0 0 0 0 0 0 0 0 0 0]
[7727331731802276119902608663230722223353453752409207244522910506693078077547763312146994579178843147212826569354509156834931765992904086390187594480610687632976802838889913753878170688914770941772839661641875131142855825834688235455916276355498362516906799168039724817984973664388428224795972680078308 0 0 0 0 0 0 0 0 0 0 0 0 0 0 0 0 0 0 0 0 0 0 1 0 0 0 0 0 0 0 0 0 0 0 0 0 0 0 0 0 0 0 0 0 0 0 0 0 0 0 0 0 0 0 0 0 0 0 0 0 0 0 0 0 0 0 0 0 0 0 0 0 0 0 0 0 0 0 0 0 0 0 0 0 0 0 0 0 0 0 0 0 0 0 0 0 0 0 0]
[310480486283589713546045048164998457617236994308128917611596078236726206989777375432542910562166080482681087773062208046690876362605002842253845986121290389532447979669371642185980761938776014025955120822865829745052202882698753505963902518691223011019932568795868983283703016578737595425037948197265 0 0 0 0 0 0 0 0 0 0 0 0 0 0 0 0 0 0 0 0 0 0 0 1 0 0 0 0 0 0 0 0 0 0 0 0 0 0 0 0 0 0 0 0 0 0 0 0 0 0 0 0 0 0 0 0 0 0 0 0 0 0 0 0 0 0 0 0 0 0 0 0 0 0 0 0 0 0 0 0 0 0 0 0 0 0 0 0 0 0 0 0 0 0 0 0 0 0 0]
[7441147524808820267576881053060881395353266995194120215741292867608392922301678170887451328921188719808825364037405961142640354908589712297771669649877920941515289128314604761282121114075630365932284766751035380814749851944969275633768026844446401248744180609509636131359546090425424136866580171426106 0 0 0 0 0 0 0 0 0 0 0 0 0 0 0 0 0 0 0 0 0 0 0 0 1 0 0 0 0 0 0 0 0 0 0 0 0 0 0 0 0 0 0 0 0 0 0 0 0 0 0 0 0 0 0 0 0 0 0 0 0 0 0 0 0 0 0 0 0 0 0 0 0 0 0 0 0 0 0 0 0 0 0 0 0 0 0 0 0 0 0 0 0 0 0 0 0 0 0]
[8951713890791641149494953750501380526152687291943275210841895023927674032381854932574109235611352009109531158396994412094700446900326565108591193142215485000470961457437742619033646899203388025125265421110918032376910952301392726475178880182479699775447391190440367464702559737251478227780229693080659 0 0 0 0 0 0 0 0 0 0 0 0 0 0 0 0 0 0 0 0 0 0 0 0 0 1 0 0 0 0 0 0 0 0 0 0 0 0 0 0 0 0 0 0 0 0 0 0 0 0 0 0 0 0 0 0 0 0 0 0 0 0 0 0 0 0 0 0 0 0 0 0 0 0 0 0 0 0 0 0 0 0 0 0 0 0 0 0 0 0 0 0 0 0 0 0 0 0 0]
[1323022006675700239931337853882972250309902517530882533837536374531499068489945314292056335319449509150110045153199656751369907350282143257835169991830763513967444123191934906606244401026707990631093696573566920897106895542692697934657472122523508045747021087773361808045626102793506555612487605265984 0 0 0 0 0 0 0 0 0 0 0 0 0 0 0 0 0 0 0 0 0 0 0 0 0 0 1 0 0 0 0 0 0 0 0 0 0 0 0 0 0 0 0 0 0 0 0 0 0 0 0 0 0 0 0 0 0 0 0 0 0 0 0 0 0 0 0 0 0 0 0 0 0 0 0 0 0 0 0 0 0 0 0 0 0 0 0 0 0 0 0 0 0 0 0 0 0 0 0]
[235190910029614813316724879470238601049976580397725840703994343078005305889735974594233383485012620886685967824854696502694482629617050049614853019893744588869487594269547258337064997041444026324596680336337148346517501261712709602975885714192960505588114746943256718087112852910818296017015347350110 0 0 0 0 0 0 0 0 0 0 0 0 0 0 0 0 0 0 0 0 0 0 0 0 0 0 0 1 0 0 0 0 0 0 0 0 0 0 0 0 0 0 0 0 0 0 0 0 0 0 0 0 0 0 0 0 0 0 0 0 0 0 0 0 0 0 0 0 0 0 0 0 0 0 0 0 0 0 0 0 0 0 0 0 0 0 0 0 0 0 0 0 0 0 0 0 0 0 0]
[6743986147690928928236673039189767710365512885855782998028147738559545084497157208786515848191417093577566490319166895900700728460968121372403713136011317032662319188464868169438910729840193942276515011202301876234891688140650938099035517189146841250707785766380696466262010186054940555140483891528464 0 0 0 0 0 0 0 0 0 0 0 0 0 0 0 0 0 0 0 0 0 0 0 0 0 0 0 0 1 0 0 0 0 0 0 0 0 0 0 0 0 0 0 0 0 0 0 0 0 0 0 0 0 0 0 0 0 0 0 0 0 0 0 0 0 0 0 0 0 0 0 0 0 0 0 0 0 0 0 0 0 0 0 0 0 0 0 0 0 0 0 0 0 0 0 0 0 0 0]
[5593391218358392227018152824656045940268472732154710964219198280537353419886838494734021604911194294902726302244406348272105623571439532909237692628628325111418569860173445910258234730009317660226975271443312991834423765002535293622440207554306122138025993319290798189592421448073849775110289932462326 0 0 0 0 0 0 0 0 0 0 0 0 0 0 0 0 0 0 0 0 0 0 0 0 0 0 0 0 0 1 0 0 0 0 0 0 0 0 0 0 0 0 0 0 0 0 0 0 0 0 0 0 0 0 0 0 0 0 0 0 0 0 0 0 0 0 0 0 0 0 0 0 0 0 0 0 0 0 0 0 0 0 0 0 0 0 0 0 0 0 0 0 0 0 0 0 0 0 0]
[968224085150813525868122940070175985511733111378422812956206127687454304295840542545901196534394964220157261035029517607275810985907064322290827546949782223768041536354557642301676743939677713693260514621098254594473385074888339928682339650025606635316641477321372056490947405951587801382086988387358 0 0 0 0 0 0 0 0 0 0 0 0 0 0 0 0 0 0 0 0 0 0 0 0 0 0 0 0 0 0 1 0 0 0 0 0 0 0 0 0 0 0 0 0 0 0 0 0 0 0 0 0 0 0 0 0 0 0 0 0 0 0 0 0 0 0 0 0 0 0 0 0 0 0 0 0 0 0 0 0 0 0 0 0 0 0 0 0 0 0 0 0 0 0 0 0 0 0 0]
[1272268706380063278580684882876995575260105493882773329581728771904367010141275039562603932694911553120284142409396755177367100040756066384419358806957372373382084434382415229386565719417478323519144900621075645281880850923879496741281881161607702332451848459343105956686199596823520093862442967954436 0 0 0 0 0 0 0 0 0 0 0 0 0 0 0 0 0 0 0 0 0 0 0 0 0 0 0 0 0 0 0 1 0 0 0 0 0 0 0 0 0 0 0 0 0 0 0 0 0 0 0 0 0 0 0 0 0 0 0 0 0 0 0 0 0 0 0 0 0 0 0 0 0 0 0 0 0 0 0 0 0 0 0 0 0 0 0 0 0 0 0 0 0 0 0 0 0 0 0]
[10003851786776010053383720974261518282784528530344360882503850076862861438515551822400780154267263170165388867014702272583224293190494685966118616817411262710063932267559100596735350706846000997910252801748117638747449535664950890853225375724417209172814924756098012062683001848571374559920633134126503 0 0 0 0 0 0 0 0 0 0 0 0 0 0 0 0 0 0 0 0 0 0 0 0 0 0 0 0 0 0 0 0 1 0 0 0 0 0 0 0 0 0 0 0 0 0 0 0 0 0 0 0 0 0 0 0 0 0 0 0 0 0 0 0 0 0 0 0 0 0 0 0 0 0 0 0 0 0 0 0 0 0 0 0 0 0 0 0 0 0 0 0 0 0 0 0 0 0 0]
[4596405904258397486330124537165889134827221567062440123063494307822861504237008543977299303868014822255861408497657696046538908602479804820078223808370912997741796686174284508458260973520766922392722897769663217464680626626903503596771467340001392863097194134236166180133347206249892888845932886201356 0 0 0 0 0 0 0 0 0 0 0 0 0 0 0 0 0 0 0 0 0 0 0 0 0 0 0 0 0 0 0 0 0 1 0 0 0 0 0 0 0 0 0 0 0 0 0 0 0 0 0 0 0 0 0 0 0 0 0 0 0 0 0 0 0 0 0 0 0 0 0 0 0 0 0 0 0 0 0 0 0 0 0 0 0 0 0 0 0 0 0 0 0 0 0 0 0 0 0]
[2860087628931487653604177029077611130158922984778319890129764761733918028161550252681513564031561919074772045527698541299844984561161703572672474243939081250074327470231833767595678486908675566225605987633270852703177192669579436043924993474253017187778952868515175376751868259926518384472654111714150 0 0 0 0 0 0 0 0 0 0 0 0 0 0 0 0 0 0 0 0 0 0 0 0 0 0 0 0 0 0 0 0 0 0 1 0 0 0 0 0 0 0 0 0 0 0 0 0 0 0 0 0 0 0 0 0 0 0 0 0 0 0 0 0 0 0 0 0 0 0 0 0 0 0 0 0 0 0 0 0 0 0 0 0 0 0 0 0 0 0 0 0 0 0 0 0 0 0 0]
[6004629445710505883595977547592631173437788520954834296525850278893319443855483362310734797393265685583427287557272362947899755142533550107407753396561000166778890630011107328943724431972372111343487650494874591850998760760062855570423663545258923000871217923860640587265614642312646046203663799514875 0 0 0 0 0 0 0 0 0 0 0 0 0 0 0 0 0 0 0 0 0 0 0 0 0 0 0 0 0 0 0 0 0 0 0 1 0 0 0 0 0 0 0 0 0 0 0 0 0 0 0 0 0 0 0 0 0 0 0 0 0 0 0 0 0 0 0 0 0 0 0 0 0 0 0 0 0 0 0 0 0 0 0 0 0 0 0 0 0 0 0 0 0 0 0 0 0 0 0]
[1589698773494278342743184219109297532086343191911649860520805527764925906867349359844046823915429594490464312967024718924778209341741711972739757543678572659369400052743023303661507831841028215590643219437315452153525774874106582416674735075729610622378126612617873096412370622970843067570207375160881 0 0 0 0 0 0 0 0 0 0 0 0 0 0 0 0 0 0 0 0 0 0 0 0 0 0 0 0 0 0 0 0 0 0 0 0 1 0 0 0 0 0 0 0 0 0 0 0 0 0 0 0 0 0 0 0 0 0 0 0 0 0 0 0 0 0 0 0 0 0 0 0 0 0 0 0 0 0 0 0 0 0 0 0 0 0 0 0 0 0 0 0 0 0 0 0 0 0 0]
[2725127259962341230620019152757272182147089882932638316068187829662815946588343616336091254801229283858028182686840523233300648093250775065855897957744358399467541346359379532827779570935896688351803766946880586450450901212707825875907403066024781701008156323584527996397450178168216399404373499000049 0 0 0 0 0 0 0 0 0 0 0 0 0 0 0 0 0 0 0 0 0 0 0 0 0 0 0 0 0 0 0 0 0 0 0 0 0 1 0 0 0 0 0 0 0 0 0 0 0 0 0 0 0 0 0 0 0 0 0 0 0 0 0 0 0 0 0 0 0 0 0 0 0 0 0 0 0 0 0 0 0 0 0 0 0 0 0 0 0 0 0 0 0 0 0 0 0 0 0]
[2227592255950653655133697782395671801666695505084592162218577273119864636008128708234482492320592941505512672774022673405676917768718548787461230625634066267425081870651346241953816970100441813872086127509178146275857815634306337535422710655007930455214049338027969242186101413355515797066485446774707 0 0 0 0 0 0 0 0 0 0 0 0 0 0 0 0 0 0 0 0 0 0 0 0 0 0 0 0 0 0 0 0 0 0 0 0 0 0 1 0 0 0 0 0 0 0 0 0 0 0 0 0 0 0 0 0 0 0 0 0 0 0 0 0 0 0 0 0 0 0 0 0 0 0 0 0 0 0 0 0 0 0 0 0 0 0 0 0 0 0 0 0 0 0 0 0 0 0 0]
[977269910063981641522260619465929973290287428248184658468061319704987168068914574949527442805368050354223588479691859144418911149008046043245568459156858698572334356746920084210585974990757334346293686543914966076370364582221069537092146587491965500632150643548737022995349328982497111222279676086503 0 0 0 0 0 0 0 0 0 0 0 0 0 0 0 0 0 0 0 0 0 0 0 0 0 0 0 0 0 0 0 0 0 0 0 0 0 0 0 1 0 0 0 0 0 0 0 0 0 0 0 0 0 0 0 0 0 0 0 0 0 0 0 0 0 0 0 0 0 0 0 0 0 0 0 0 0 0 0 0 0 0 0 0 0 0 0 0 0 0 0 0 0 0 0 0 0 0 0]
[720970387774000101063174233681254344598841690250956559116361372073955450345778207355662094848120274617795119445741090961537613661265118917412577331487735848926509732911506041279363823714068739109784440484392177413947371138232204236992984776999948565213091406098551577922223391678331404206303865956276 0 0 0 0 0 0 0 0 0 0 0 0 0 0 0 0 0 0 0 0 0 0 0 0 0 0 0 0 0 0 0 0 0 0 0 0 0 0 0 0 1 0 0 0 0 0 0 0 0 0 0 0 0 0 0 0 0 0 0 0 0 0 0 0 0 0 0 0 0 0 0 0 0 0 0 0 0 0 0 0 0 0 0 0 0 0 0 0 0 0 0 0 0 0 0 0 0 0 0]
[4372730648011078440633608094805563522088209754563763670889252183212488323386213464719859759795059220513299693976163110866890232847179955354060869461597393120247907715666093388012708789775774035494519702693553878092080221155000309986743570609109988628673723594607924141463302805123601544398821715497824 0 0 0 0 0 0 0 0 0 0 0 0 0 0 0 0 0 0 0 0 0 0 0 0 0 0 0 0 0 0 0 0 0 0 0 0 0 0 0 0 0 1 0 0 0 0 0 0 0 0 0 0 0 0 0 0 0 0 0 0 0 0 0 0 0 0 0 0 0 0 0 0 0 0 0 0 0 0 0 0 0 0 0 0 0 0 0 0 0 0 0 0 0 0 0 0 0 0 0]
[9990776026227336365110626591520694931949537990132380740705925276103528530959738045856647065230454816155839805436373067365399520092782801553898905555265718216461842268497678776125540693963575856939521544506971219532979960515990141101140002535682334379305548488635680839647997118782425536838572500182599 0 0 0 0 0 0 0 0 0 0 0 0 0 0 0 0 0 0 0 0 0 0 0 0 0 0 0 0 0 0 0 0 0 0 0 0 0 0 0 0 0 0 1 0 0 0 0 0 0 0 0 0 0 0 0 0 0 0 0 0 0 0 0 0 0 0 0 0 0 0 0 0 0 0 0 0 0 0 0 0 0 0 0 0 0 0 0 0 0 0 0 0 0 0 0 0 0 0 0]
[1922816635083281670476246347233830257388403766024245132873267659532725383784436548225952922575810162646873974329485184400760226461561453989014238173952435980668943602190221808864531751753815018893908081779838335145952699251499730098068643028597030693692292064115413468545453999145258282473052818714837 0 0 0 0 0 0 0 0 0 0 0 0 0 0 0 0 0 0 0 0 0 0 0 0 0 0 0 0 0 0 0 0 0 0 0 0 0 0 0 0 0 0 0 1 0 0 0 0 0 0 0 0 0 0 0 0 0 0 0 0 0 0 0 0 0 0 0 0 0 0 0 0 0 0 0 0 0 0 0 0 0 0 0 0 0 0 0 0 0 0 0 0 0 0 0 0 0 0 0]
[3866857594847353876613041720153206168994438093775479410398889349172544743912673142575188303671155695775403207242138925829453882881019467163939662298014028805335196728937716956972269999269015948216656671472381113763366268404410409264099507548473626102580941195036344427646324860313232186014409123213762 0 0 0 0 0 0 0 0 0 0 0 0 0 0 0 0 0 0 0 0 0 0 0 0 0 0 0 0 0 0 0 0 0 0 0 0 0 0 0 0 0 0 0 0 1 0 0 0 0 0 0 0 0 0 0 0 0 0 0 0 0 0 0 0 0 0 0 0 0 0 0 0 0 0 0 0 0 0 0 0 0 0 0 0 0 0 0 0 0 0 0 0 0 0 0 0 0 0 0]
[8398500957534683249086216892389555807120060479291563838904099149430075551302266198718167304748375598282674586048691461116607614945666237306590989462979120629239902129366948299137812445777331814913950716344937087687430987796707039748649233920958501118182197765307887871216293708074993360122000592237160 0 0 0 0 0 0 0 0 0 0 0 0 0 0 0 0 0 0 0 0 0 0 0 0 0 0 0 0 0 0 0 0 0 0 0 0 0 0 0 0 0 0 0 0 0 1 0 0 0 0 0 0 0 0 0 0 0 0 0 0 0 0 0 0 0 0 0 0 0 0 0 0 0 0 0 0 0 0 0 0 0 0 0 0 0 0 0 0 0 0 0 0 0 0 0 0 0 0 0]
[1164271036984094449971913138679539706258732771756285984228576196075414029568014649284022166187712076979966732210157814429755983232394044432332481904223815051380813493470939844942679546554069069514750182220108717365930333959014671102463726726059106535983084021239073859516737503607770072766366003344765 0 0 0 0 0 0 0 0 0 0 0 0 0 0 0 0 0 0 0 0 0 0 0 0 0 0 0 0 0 0 0 0 0 0 0 0 0 0 0 0 0 0 0 0 0 0 1 0 0 0 0 0 0 0 0 0 0 0 0 0 0 0 0 0 0 0 0 0 0 0 0 0 0 0 0 0 0 0 0 0 0 0 0 0 0 0 0 0 0 0 0 0 0 0 0 0 0 0 0]
[9943114623359649336632786022338236239435617087463364610375247501530359206146707413854370012486644112796107497206618682663619799745739824903626602520061336244897114067485297347379886612477744156200346819381969722398552779526944181500484519666340714188068024659427632702457006953054752093809078558712494 0 0 0 0 0 0 0 0 0 0 0 0 0 0 0 0 0 0 0 0 0 0 0 0 0 0 0 0 0 0 0 0 0 0 0 0 0 0 0 0 0 0 0 0 0 0 0 1 0 0 0 0 0 0 0 0 0 0 0 0 0 0 0 0 0 0 0 0 0 0 0 0 0 0 0 0 0 0 0 0 0 0 0 0 0 0 0 0 0 0 0 0 0 0 0 0 0 0 0]
[2862449728863909204794336717136722946112611908405432513154155764320247932954117537809190246177958514540397806024789258673909707868158585956810697227505547773815729078879983604018187811165996810001164897960567936624897721153445364199565143366817196007913137810817812882127019228757400810429781220721425 0 0 0 0 0 0 0 0 0 0 0 0 0 0 0 0 0 0 0 0 0 0 0 0 0 0 0 0 0 0 0 0 0 0 0 0 0 0 0 0 0 0 0 0 0 0 0 0 1 0 0 0 0 0 0 0 0 0 0 0 0 0 0 0 0 0 0 0 0 0 0 0 0 0 0 0 0 0 0 0 0 0 0 0 0 0 0 0 0 0 0 0 0 0 0 0 0 0 0]
[3908310938162499831224741406705748693748853171719762427510555320871961585026323512573585012312267755947097850766340947454396365774018290115256825736380193947309257175391872844982650529101528254271955665013778515445988017600807260455276501790389966501039720144341046870094450837005597000809509098437023 0 0 0 0 0 0 0 0 0 0 0 0 0 0 0 0 0 0 0 0 0 0 0 0 0 0 0 0 0 0 0 0 0 0 0 0 0 0 0 0 0 0 0 0 0 0 0 0 0 1 0 0 0 0 0 0 0 0 0 0 0 0 0 0 0 0 0 0 0 0 0 0 0 0 0 0 0 0 0 0 0 0 0 0 0 0 0 0 0 0 0 0 0 0 0 0 0 0 0]
[7309276669430161252990974083454765159701912703974458620638229421878795837117394564306678759601921142305350771503142210466720496837361391801077363206258708554149567281790177992772994891922199135238265440735391738790868364436624020669718339999274681864610321739865892548958444858271735135966844735375833 0 0 0 0 0 0 0 0 0 0 0 0 0 0 0 0 0 0 0 0 0 0 0 0 0 0 0 0 0 0 0 0 0 0 0 0 0 0 0 0 0 0 0 0 0 0 0 0 0 0 1 0 0 0 0 0 0 0 0 0 0 0 0 0 0 0 0 0 0 0 0 0 0 0 0 0 0 0 0 0 0 0 0 0 0 0 0 0 0 0 0 0 0 0 0 0 0 0 0]
[4144768450794614996227185715837527390086237835211409887960957022398964960912924962218091838180288342842039494793544996245705456192412080922636216719943453110567929389605523844201701706434726134860539958228212083970039398745410998978501639208387910147865625331549459229861304340483476856568405744375355 0 0 0 0 0 0 0 0 0 0 0 0 0 0 0 0 0 0 0 0 0 0 0 0 0 0 0 0 0 0 0 0 0 0 0 0 0 0 0 0 0 0 0 0 0 0 0 0 0 0 0 1 0 0 0 0 0 0 0 0 0 0 0 0 0 0 0 0 0 0 0 0 0 0 0 0 0 0 0 0 0 0 0 0 0 0 0 0 0 0 0 0 0 0 0 0 0 0 0]
[5979724538254495795754020178356052457436006006052416839944325150935363493047268700102031647452108935168067961928542228125822040610673625765600592569437129390561603104302024159803233944442795089871586310926857994411967553063012777267391371701534401726781199388477227900056093415780242652523806179978808 0 0 0 0 0 0 0 0 0 0 0 0 0 0 0 0 0 0 0 0 0 0 0 0 0 0 0 0 0 0 0 0 0 0 0 0 0 0 0 0 0 0 0 0 0 0 0 0 0 0 0 0 1 0 0 0 0 0 0 0 0 0 0 0 0 0 0 0 0 0 0 0 0 0 0 0 0 0 0 0 0 0 0 0 0 0 0 0 0 0 0 0 0 0 0 0 0 0 0]
[5955969896957194515082645033445127917026938074537909369296422797842343730500836864218508403746641935816926326630332663484396489381180659889836810354535357087087223394619240692281943568225383915560213100228380614753909290273568991531394184874147117731498086781308214402585866311876000554983571101755470 0 0 0 0 0 0 0 0 0 0 0 0 0 0 0 0 0 0 0 0 0 0 0 0 0 0 0 0 0 0 0 0 0 0 0 0 0 0 0 0 0 0 0 0 0 0 0 0 0 0 0 0 0 1 0 0 0 0 0 0 0 0 0 0 0 0 0 0 0 0 0 0 0 0 0 0 0 0 0 0 0 0 0 0 0 0 0 0 0 0 0 0 0 0 0 0 0 0 0]
[2391256541431595542988842663066763349646323414310372405376339495973271145444809811491975267668561013227058335205865765972544896879482284982060103243461405195879321271753321704544334644672432814721112389792506308676318116128967057917797380112410959198320097165419258266314540777907647387870381116174543 0 0 0 0 0 0 0 0 0 0 0 0 0 0 0 0 0 0 0 0 0 0 0 0 0 0 0 0 0 0 0 0 0 0 0 0 0 0 0 0 0 0 0 0 0 0 0 0 0 0 0 0 0 0 1 0 0 0 0 0 0 0 0 0 0 0 0 0 0 0 0 0 0 0 0 0 0 0 0 0 0 0 0 0 0 0 0 0 0 0 0 0 0 0 0 0 0 0 0]
[5256853270270564690299826104689541944474796098782129501622081703267058709737630920331650732322693073289102487351026017059346603463984998596090150585073496878093162831487764924639398936912914288584977007246159886435666381793988220358520519449108217039972250506810674693532472336262728925271230154859894 0 0 0 0 0 0 0 0 0 0 0 0 0 0 0 0 0 0 0 0 0 0 0 0 0 0 0 0 0 0 0 0 0 0 0 0 0 0 0 0 0 0 0 0 0 0 0 0 0 0 0 0 0 0 0 1 0 0 0 0 0 0 0 0 0 0 0 0 0 0 0 0 0 0 0 0 0 0 0 0 0 0 0 0 0 0 0 0 0 0 0 0 0 0 0 0 0 0 0]
[9162918468133183926571970368488056462226540342265077117254966358451907377639104038082462806391908553429057547271728756320308457889251644171134579507561028416367889020071418142870701677549303921004616238830588019890199527208472764348029106637130861830751529046860640752050963743387219980402196515810618 0 0 0 0 0 0 0 0 0 0 0 0 0 0 0 0 0 0 0 0 0 0 0 0 0 0 0 0 0 0 0 0 0 0 0 0 0 0 0 0 0 0 0 0 0 0 0 0 0 0 0 0 0 0 0 0 1 0 0 0 0 0 0 0 0 0 0 0 0 0 0 0 0 0 0 0 0 0 0 0 0 0 0 0 0 0 0 0 0 0 0 0 0 0 0 0 0 0 0]
[8952977065491541018534779527247193246928132229667910997664735415319401935360316489292399297234060707743663147183936740480311753128568169761092188606230300936998357392876971331195586026718529966605707360291625999495944182614017750579228985216572065017626844584743064187003362178282760031200060875096721 0 0 0 0 0 0 0 0 0 0 0 0 0 0 0 0 0 0 0 0 0 0 0 0 0 0 0 0 0 0 0 0 0 0 0 0 0 0 0 0 0 0 0 0 0 0 0 0 0 0 0 0 0 0 0 0 0 1 0 0 0 0 0 0 0 0 0 0 0 0 0 0 0 0 0 0 0 0 0 0 0 0 0 0 0 0 0 0 0 0 0 0 0 0 0 0 0 0 0]
[7773167288041014866468052506994279755059139065944240739086488485962584173881510914797915585182306557317145036162077557186528446198428200169632052399432754398081180218756149827480015947024487241796043473200877163621775062331982431090603148073917469836154003502441032945492818996753624526239966340265770 0 0 0 0 0 0 0 0 0 0 0 0 0 0 0 0 0 0 0 0 0 0 0 0 0 0 0 0 0 0 0 0 0 0 0 0 0 0 0 0 0 0 0 0 0 0 0 0 0 0 0 0 0 0 0 0 0 0 1 0 0 0 0 0 0 0 0 0 0 0 0 0 0 0 0 0 0 0 0 0 0 0 0 0 0 0 0 0 0 0 0 0 0 0 0 0 0 0 0]
[3212040775163450357657316846044665438818579757120411422011353694120178999123958907185989693094104592735987383819458390683647142716912832768506563285096811956680071517971217952232990379021599459820696111834842003344084929441033398146333673835742720439423801463496159421468145440214835926542474819245383 0 0 0 0 0 0 0 0 0 0 0 0 0 0 0 0 0 0 0 0 0 0 0 0 0 0 0 0 0 0 0 0 0 0 0 0 0 0 0 0 0 0 0 0 0 0 0 0 0 0 0 0 0 0 0 0 0 0 0 1 0 0 0 0 0 0 0 0 0 0 0 0 0 0 0 0 0 0 0 0 0 0 0 0 0 0 0 0 0 0 0 0 0 0 0 0 0 0 0]
[3652400515940552414030579064486926987723494642358829323087649171768705080795407826670426859840544032545244525888598903347995940215342157584395934419460469536712304099239776525239447514641100198328769633352936013481114863429714268746186566636845273292181828910018522157918396850341551909588388570932562 0 0 0 0 0 0 0 0 0 0 0 0 0 0 0 0 0 0 0 0 0 0 0 0 0 0 0 0 0 0 0 0 0 0 0 0 0 0 0 0 0 0 0 0 0 0 0 0 0 0 0 0 0 0 0 0 0 0 0 0 1 0 0 0 0 0 0 0 0 0 0 0 0 0 0 0 0 0 0 0 0 0 0 0 0 0 0 0 0 0 0 0 0 0 0 0 0 0 0]
[6607171116134765540579455681167843096307220240947321004263744419287219641964326306695697772085266372044664331175515846341138560115779754375217881119533430302809511107047139397827294369524508914076134271760565221512476701790419801235542694714435059578545206795950011764490421929217513231269117511203075 0 0 0 0 0 0 0 0 0 0 0 0 0 0 0 0 0 0 0 0 0 0 0 0 0 0 0 0 0 0 0 0 0 0 0 0 0 0 0 0 0 0 0 0 0 0 0 0 0 0 0 0 0 0 0 0 0 0 0 0 0 1 0 0 0 0 0 0 0 0 0 0 0 0 0 0 0 0 0 0 0 0 0 0 0 0 0 0 0 0 0 0 0 0 0 0 0 0 0]
[2408358448045974851445856786837051837835524936247567037984712312525538452237018349936368757588241345529633926243333732941156687155397612866430573662530959466587619270838784818367929212278731591514833576042651347805152022619585701193558495739343825168071896199171195180697565945462759458497385978807893 0 0 0 0 0 0 0 0 0 0 0 0 0 0 0 0 0 0 0 0 0 0 0 0 0 0 0 0 0 0 0 0 0 0 0 0 0 0 0 0 0 0 0 0 0 0 0 0 0 0 0 0 0 0 0 0 0 0 0 0 0 0 1 0 0 0 0 0 0 0 0 0 0 0 0 0 0 0 0 0 0 0 0 0 0 0 0 0 0 0 0 0 0 0 0 0 0 0 0]
[2968148090698755735145130966991772306584214941062503262859181778675228997389385060774264020558115877136994625832555695529512976349820734299632736409886736098496100675326432310293167437724391691061465903030262443152030141863514381021082879203876134765110653258710720261971055799231156913286983670328232 0 0 0 0 0 0 0 0 0 0 0 0 0 0 0 0 0 0 0 0 0 0 0 0 0 0 0 0 0 0 0 0 0 0 0 0 0 0 0 0 0 0 0 0 0 0 0 0 0 0 0 0 0 0 0 0 0 0 0 0 0 0 0 1 0 0 0 0 0 0 0 0 0 0 0 0 0 0 0 0 0 0 0 0 0 0 0 0 0 0 0 0 0 0 0 0 0 0 0]
[8571548191017243624569245235067534346295134473692050994121979260565341593344874821351057883573207434540358599632271108913572102961957548735264518548286227112587812734000459922762156648076910539692890947858089850854530946985551329747510459159434557349304756769755713638922915667746257507567396532817913 0 0 0 0 0 0 0 0 0 0 0 0 0 0 0 0 0 0 0 0 0 0 0 0 0 0 0 0 0 0 0 0 0 0 0 0 0 0 0 0 0 0 0 0 0 0 0 0 0 0 0 0 0 0 0 0 0 0 0 0 0 0 0 0 1 0 0 0 0 0 0 0 0 0 0 0 0 0 0 0 0 0 0 0 0 0 0 0 0 0 0 0 0 0 0 0 0 0 0]
[9238813509915557276316485605085011401951490619885530244585091684305826391229203085994909730683647156191017993429342652788134751964063189882392186302671557805738870256964805073039708297212962821671636678594760760208297958780767348041165388013392782623188108344786927531995008297541129572935690497740846 0 0 0 0 0 0 0 0 0 0 0 0 0 0 0 0 0 0 0 0 0 0 0 0 0 0 0 0 0 0 0 0 0 0 0 0 0 0 0 0 0 0 0 0 0 0 0 0 0 0 0 0 0 0 0 0 0 0 0 0 0 0 0 0 0 1 0 0 0 0 0 0 0 0 0 0 0 0 0 0 0 0 0 0 0 0 0 0 0 0 0 0 0 0 0 0 0 0 0]
[1545285288376708894011218907033359851541681902302214854103924393391441377876471452924555406815916222823424428184958328978784014734219022553649403055274616907733240172008727998298105882093661896715654346161155487837680177535765859681792612740782028628177021424900948273008249642215621355326717917769821 0 0 0 0 0 0 0 0 0 0 0 0 0 0 0 0 0 0 0 0 0 0 0 0 0 0 0 0 0 0 0 0 0 0 0 0 0 0 0 0 0 0 0 0 0 0 0 0 0 0 0 0 0 0 0 0 0 0 0 0 0 0 0 0 0 0 1 0 0 0 0 0 0 0 0 0 0 0 0 0 0 0 0 0 0 0 0 0 0 0 0 0 0 0 0 0 0 0 0]
[4373877422806486409266647844986220953131002003295354547168943746378575567141185502847622402418894102923836478850234235395156470794070599424655146906660597267547230600180034694857857879549754767461471141770276185811188597778477986376016530842793296600956158051011309729861032877491006326161400803773450 0 0 0 0 0 0 0 0 0 0 0 0 0 0 0 0 0 0 0 0 0 0 0 0 0 0 0 0 0 0 0 0 0 0 0 0 0 0 0 0 0 0 0 0 0 0 0 0 0 0 0 0 0 0 0 0 0 0 0 0 0 0 0 0 0 0 0 1 0 0 0 0 0 0 0 0 0 0 0 0 0 0 0 0 0 0 0 0 0 0 0 0 0 0 0 0 0 0 0]
[2613148893546798829103244036014715215993833316619255385074452096012165702962359137799868052683724371847335446163850649947606556068747539238384936556970409901916386046433663189606992804634727250874734251534191115202806444000752672449535475998194083189284707547740348232608641253316818975480710297266291 0 0 0 0 0 0 0 0 0 0 0 0 0 0 0 0 0 0 0 0 0 0 0 0 0 0 0 0 0 0 0 0 0 0 0 0 0 0 0 0 0 0 0 0 0 0 0 0 0 0 0 0 0 0 0 0 0 0 0 0 0 0 0 0 0 0 0 0 1 0 0 0 0 0 0 0 0 0 0 0 0 0 0 0 0 0 0 0 0 0 0 0 0 0 0 0 0 0 0]
[7442207000033133988934102464718502217736272153202527261052419505930883828684001458945110328368077275059781434470628397034286550229800952593345929657761271006194069965025766291439378228097548386848781941865137922671882240448523734315514166975650883728779860774922360707262965789287294704563374757415089 0 0 0 0 0 0 0 0 0 0 0 0 0 0 0 0 0 0 0 0 0 0 0 0 0 0 0 0 0 0 0 0 0 0 0 0 0 0 0 0 0 0 0 0 0 0 0 0 0 0 0 0 0 0 0 0 0 0 0 0 0 0 0 0 0 0 0 0 0 1 0 0 0 0 0 0 0 0 0 0 0 0 0 0 0 0 0 0 0 0 0 0 0 0 0 0 0 0 0]
[8712803843092351882480792130430721870737738485360884481485407721252762425308506180494778529706690344554658776161760110181634122639277507300503306603699883030202824957215902545556853560224926705483842011547036063546398862499915688888819204571313671006894937100703788214350438971744934604367857052988686 0 0 0 0 0 0 0 0 0 0 0 0 0 0 0 0 0 0 0 0 0 0 0 0 0 0 0 0 0 0 0 0 0 0 0 0 0 0 0 0 0 0 0 0 0 0 0 0 0 0 0 0 0 0 0 0 0 0 0 0 0 0 0 0 0 0 0 0 0 0 1 0 0 0 0 0 0 0 0 0 0 0 0 0 0 0 0 0 0 0 0 0 0 0 0 0 0 0 0]
[9758214024524720685062667630166314163380813844134738193255998228966051236671887888326105422708204189949354379474527868075874034583071252986399263451783390910701268879928995872038805415362521400851400356886560605977830327391309476548476136451626230290287858174501058485251440141684576590739537712805511 0 0 0 0 0 0 0 0 0 0 0 0 0 0 0 0 0 0 0 0 0 0 0 0 0 0 0 0 0 0 0 0 0 0 0 0 0 0 0 0 0 0 0 0 0 0 0 0 0 0 0 0 0 0 0 0 0 0 0 0 0 0 0 0 0 0 0 0 0 0 0 1 0 0 0 0 0 0 0 0 0 0 0 0 0 0 0 0 0 0 0 0 0 0 0 0 0 0 0]
[7689641877636500902561803867184148771347219902054862052593337890144649507261077200745886801371325115475062362910809675494829681113392114534124206647277276646376687833402806705198729125506725892723471857500484008893851614460362412325903959379324404182597508002332538040798292240478506312774978525006821 0 0 0 0 0 0 0 0 0 0 0 0 0 0 0 0 0 0 0 0 0 0 0 0 0 0 0 0 0 0 0 0 0 0 0 0 0 0 0 0 0 0 0 0 0 0 0 0 0 0 0 0 0 0 0 0 0 0 0 0 0 0 0 0 0 0 0 0 0 0 0 0 1 0 0 0 0 0 0 0 0 0 0 0 0 0 0 0 0 0 0 0 0 0 0 0 0 0 0]
[9109254977370150911217661454470578216897338286972899593460403813992681760813519872451409422934789294207551714929059593088276639083284319758793319237932652419534886811552441474505089776042475937606779462034564484632503869713791768792013140648250489060552139937331865653531670425156697924629332232424490 0 0 0 0 0 0 0 0 0 0 0 0 0 0 0 0 0 0 0 0 0 0 0 0 0 0 0 0 0 0 0 0 0 0 0 0 0 0 0 0 0 0 0 0 0 0 0 0 0 0 0 0 0 0 0 0 0 0 0 0 0 0 0 0 0 0 0 0 0 0 0 0 0 1 0 0 0 0 0 0 0 0 0 0 0 0 0 0 0 0 0 0 0 0 0 0 0 0 0]
[1172941308724191294251286896753733120259366249270565089932869455625571401687958098468507619589018627783455215932363744026032266082147593127473356605727679430378718516153447124387514100210332220752747289002810542327861151663562056165767303886862152794007217901366177023277631257235591541333332234363876 0 0 0 0 0 0 0 0 0 0 0 0 0 0 0 0 0 0 0 0 0 0 0 0 0 0 0 0 0 0 0 0 0 0 0 0 0 0 0 0 0 0 0 0 0 0 0 0 0 0 0 0 0 0 0 0 0 0 0 0 0 0 0 0 0 0 0 0 0 0 0 0 0 0 1 0 0 0 0 0 0 0 0 0 0 0 0 0 0 0 0 0 0 0 0 0 0 0 0]
[6856085410389568230947372322214469077013741540309450806378369182640383407437297934682422527971345772962122932049909085324352948503843322412233493396286909136625613467980786409262752435608677593041131394266445522427265145395813656572702130594252576983852985614377390222416931766970766903569207572180240 0 0 0 0 0 0 0 0 0 0 0 0 0 0 0 0 0 0 0 0 0 0 0 0 0 0 0 0 0 0 0 0 0 0 0 0 0 0 0 0 0 0 0 0 0 0 0 0 0 0 0 0 0 0 0 0 0 0 0 0 0 0 0 0 0 0 0 0 0 0 0 0 0 0 0 1 0 0 0 0 0 0 0 0 0 0 0 0 0 0 0 0 0 0 0 0 0 0 0]
[5978442222964375981832159031776745112122651074860296555726036635609019611015031452154994810740533405000932052231613041850573606776590321036526638064045827111906873034123047516091128381404695423848156123634006563600976014292924185619834339607145569929425034747144073425530755567527528381141169373971241 0 0 0 0 0 0 0 0 0 0 0 0 0 0 0 0 0 0 0 0 0 0 0 0 0 0 0 0 0 0 0 0 0 0 0 0 0 0 0 0 0 0 0 0 0 0 0 0 0 0 0 0 0 0 0 0 0 0 0 0 0 0 0 0 0 0 0 0 0 0 0 0 0 0 0 0 1 0 0 0 0 0 0 0 0 0 0 0 0 0 0 0 0 0 0 0 0 0 0]
[7078032816532460561635219359508868278651799471609801946649248296649474679692460638908759338382390519303828980653854115237612380745209929054576843658068058903093515770694133054918671240889272561937201086997353187807792971789107880193616047020083767308971779433350689620517405698725142850441002691428032 0 0 0 0 0 0 0 0 0 0 0 0 0 0 0 0 0 0 0 0 0 0 0 0 0 0 0 0 0 0 0 0 0 0 0 0 0 0 0 0 0 0 0 0 0 0 0 0 0 0 0 0 0 0 0 0 0 0 0 0 0 0 0 0 0 0 0 0 0 0 0 0 0 0 0 0 0 1 0 0 0 0 0 0 0 0 0 0 0 0 0 0 0 0 0 0 0 0 0]
[1956948100033490536586079441824533125391695019628726306810362267553907419350788538113945025349695320988544976649110781305165771502010556065156628678922691721116331189263149539241275870048844617355098764773832783705596293378461547185888697926865968978750464813747155655877049286291731495220498641000859 0 0 0 0 0 0 0 0 0 0 0 0 0 0 0 0 0 0 0 0 0 0 0 0 0 0 0 0 0 0 0 0 0 0 0 0 0 0 0 0 0 0 0 0 0 0 0 0 0 0 0 0 0 0 0 0 0 0 0 0 0 0 0 0 0 0 0 0 0 0 0 0 0 0 0 0 0 0 1 0 0 0 0 0 0 0 0 0 0 0 0 0 0 0 0 0 0 0 0]
[438577465947239727780199697868705153467178001351626441221105669115255807819897518271624370371758272930288420474311968157748021240595860351107221853393358288766964607630378203147674895237801525684980585719867933422837032086593724028120861022831191228980860983080730430059582010769037167063537614153922 0 0 0 0 0 0 0 0 0 0 0 0 0 0 0 0 0 0 0 0 0 0 0 0 0 0 0 0 0 0 0 0 0 0 0 0 0 0 0 0 0 0 0 0 0 0 0 0 0 0 0 0 0 0 0 0 0 0 0 0 0 0 0 0 0 0 0 0 0 0 0 0 0 0 0 0 0 0 0 1 0 0 0 0 0 0 0 0 0 0 0 0 0 0 0 0 0 0 0]
[9209863444801557503172271347419281920526247856257589572203629697100592439152929202612152291848528815261223231562172781361466796857859360702643219253858156375713892087949369941404514143431328584015986540217891513511108649636415724974272280229092873640951719459879997187833152102829403606236451560272421 0 0 0 0 0 0 0 0 0 0 0 0 0 0 0 0 0 0 0 0 0 0 0 0 0 0 0 0 0 0 0 0 0 0 0 0 0 0 0 0 0 0 0 0 0 0 0 0 0 0 0 0 0 0 0 0 0 0 0 0 0 0 0 0 0 0 0 0 0 0 0 0 0 0 0 0 0 0 0 0 1 0 0 0 0 0 0 0 0 0 0 0 0 0 0 0 0 0 0]
[2455789322930068605242965211194514273174373503476916973681343205750395341867433079505225266635310735704912921256230226940683183137791565273103268570060991682986807630295593293754367139708858048602426275819229878122485973412908606606287752796975983556143773000133944065633183604929061103702112131977300 0 0 0 0 0 0 0 0 0 0 0 0 0 0 0 0 0 0 0 0 0 0 0 0 0 0 0 0 0 0 0 0 0 0 0 0 0 0 0 0 0 0 0 0 0 0 0 0 0 0 0 0 0 0 0 0 0 0 0 0 0 0 0 0 0 0 0 0 0 0 0 0 0 0 0 0 0 0 0 0 0 1 0 0 0 0 0 0 0 0 0 0 0 0 0 0 0 0 0]
[6242238358836252618346341274174715039209803201327800894340503449896035499162870242763276832727779654691966085353601560065044822505847952860343571945857270069977487568642058406920518662737956901992391452568790925924778581462542813585285848270157433182841486705539885186490855004762040402120588164372758 0 0 0 0 0 0 0 0 0 0 0 0 0 0 0 0 0 0 0 0 0 0 0 0 0 0 0 0 0 0 0 0 0 0 0 0 0 0 0 0 0 0 0 0 0 0 0 0 0 0 0 0 0 0 0 0 0 0 0 0 0 0 0 0 0 0 0 0 0 0 0 0 0 0 0 0 0 0 0 0 0 0 1 0 0 0 0 0 0 0 0 0 0 0 0 0 0 0 0]
[6847418046766621081468777808549618810131037193646992912433058783880313325293516075579995872190794804608872535104044631888903508851086026056296624571456519820941796251259003212535213640299670293621457487617550063801091977442920367493775323838246093773596173601995108980185251306964693511607656077638082 0 0 0 0 0 0 0 0 0 0 0 0 0 0 0 0 0 0 0 0 0 0 0 0 0 0 0 0 0 0 0 0 0 0 0 0 0 0 0 0 0 0 0 0 0 0 0 0 0 0 0 0 0 0 0 0 0 0 0 0 0 0 0 0 0 0 0 0 0 0 0 0 0 0 0 0 0 0 0 0 0 0 0 1 0 0 0 0 0 0 0 0 0 0 0 0 0 0 0]
[6948387308514082846529484608835901735390523857621903331983673708502747034168159421699027517264616434838961925924865291961639663063835389130939659627219648854096584725252446098228308679154626570176955098269623321158486275728705627559466172393927445796747323592539557622791362125958276239238964461752397 0 0 0 0 0 0 0 0 0 0 0 0 0 0 0 0 0 0 0 0 0 0 0 0 0 0 0 0 0 0 0 0 0 0 0 0 0 0 0 0 0 0 0 0 0 0 0 0 0 0 0 0 0 0 0 0 0 0 0 0 0 0 0 0 0 0 0 0 0 0 0 0 0 0 0 0 0 0 0 0 0 0 0 0 1 0 0 0 0 0 0 0 0 0 0 0 0 0 0]
[8375774643301268057190620866496429261858403778071457607918260586751248594697896419953762854347356185684720582002896444017781020755266966223394050833980556046411442371008682408446374767407505331484152695315833273479708391601407353172191303607595390875830242354528448413202912747352072144647602638163554 0 0 0 0 0 0 0 0 0 0 0 0 0 0 0 0 0 0 0 0 0 0 0 0 0 0 0 0 0 0 0 0 0 0 0 0 0 0 0 0 0 0 0 0 0 0 0 0 0 0 0 0 0 0 0 0 0 0 0 0 0 0 0 0 0 0 0 0 0 0 0 0 0 0 0 0 0 0 0 0 0 0 0 0 0 1 0 0 0 0 0 0 0 0 0 0 0 0 0]
[1175989313131159216161390488022018835291662916293864120319968662500679373995020683841703561960593996813987872279379485357103277202296054025779591873336349797111819939816622443251030250094025407228375017020184077907485399317168575467229039421768676572108174502453157657503201564542980060132869741183174 0 0 0 0 0 0 0 0 0 0 0 0 0 0 0 0 0 0 0 0 0 0 0 0 0 0 0 0 0 0 0 0 0 0 0 0 0 0 0 0 0 0 0 0 0 0 0 0 0 0 0 0 0 0 0 0 0 0 0 0 0 0 0 0 0 0 0 0 0 0 0 0 0 0 0 0 0 0 0 0 0 0 0 0 0 0 1 0 0 0 0 0 0 0 0 0 0 0 0]
[9964899187900529274952397898479458997822660142383602875613181683866745388019469483728276411679093928481361423651893406061481131105654165350695787859238707447512224121997071890207053373797468396659172089890666806889176063964034152448527427079952064351451962450488254730133285347173231937986594393406654 0 0 0 0 0 0 0 0 0 0 0 0 0 0 0 0 0 0 0 0 0 0 0 0 0 0 0 0 0 0 0 0 0 0 0 0 0 0 0 0 0 0 0 0 0 0 0 0 0 0 0 0 0 0 0 0 0 0 0 0 0 0 0 0 0 0 0 0 0 0 0 0 0 0 0 0 0 0 0 0 0 0 0 0 0 0 0 1 0 0 0 0 0 0 0 0 0 0 0]
[4461303245856067513712554003917365805154411187387048780048943764323099170073294092790272854583662365486702296599758626194232707994646602364031165918261256841047191886483413325231397689795906137412694331112516835908807743543517614346539101385546646635213212593634391088533381789028143846518598007012055 0 0 0 0 0 0 0 0 0 0 0 0 0 0 0 0 0 0 0 0 0 0 0 0 0 0 0 0 0 0 0 0 0 0 0 0 0 0 0 0 0 0 0 0 0 0 0 0 0 0 0 0 0 0 0 0 0 0 0 0 0 0 0 0 0 0 0 0 0 0 0 0 0 0 0 0 0 0 0 0 0 0 0 0 0 0 0 0 1 0 0 0 0 0 0 0 0 0 0]
[8340313085104447195533058333536455412321155211590469028780638261223465446690626756868637954430795543082918085697433697871280821094104445782033865278532847230686837381067124956626275801179627171322818964296533686489834310219330848162701047011490620486716755540550489941860210560076918882341308467387419 0 0 0 0 0 0 0 0 0 0 0 0 0 0 0 0 0 0 0 0 0 0 0 0 0 0 0 0 0 0 0 0 0 0 0 0 0 0 0 0 0 0 0 0 0 0 0 0 0 0 0 0 0 0 0 0 0 0 0 0 0 0 0 0 0 0 0 0 0 0 0 0 0 0 0 0 0 0 0 0 0 0 0 0 0 0 0 0 0 1 0 0 0 0 0 0 0 0 0]
[6455795558872735754417481958080170205652105824866964776162720087983421013613571015816619646569398075169644393545302776591611668716182773873195454658436854599989136443306381795487873652891520603902209604681540714481877004534842647872028556759237865524500682336559971156062001267921896034252155012298609 0 0 0 0 0 0 0 0 0 0 0 0 0 0 0 0 0 0 0 0 0 0 0 0 0 0 0 0 0 0 0 0 0 0 0 0 0 0 0 0 0 0 0 0 0 0 0 0 0 0 0 0 0 0 0 0 0 0 0 0 0 0 0 0 0 0 0 0 0 0 0 0 0 0 0 0 0 0 0 0 0 0 0 0 0 0 0 0 0 0 1 0 0 0 0 0 0 0 0]
[2231252432925711927823276055062405952061696226308308714791298982928177941639407792771813738943701891017913548453198846615132375879921619642549790844464754339404935470544627185589883926285364706726190792229564387474832038925120105658241641400942384587971979103260551252416409709505387371162683531477694 0 0 0 0 0 0 0 0 0 0 0 0 0 0 0 0 0 0 0 0 0 0 0 0 0 0 0 0 0 0 0 0 0 0 0 0 0 0 0 0 0 0 0 0 0 0 0 0 0 0 0 0 0 0 0 0 0 0 0 0 0 0 0 0 0 0 0 0 0 0 0 0 0 0 0 0 0 0 0 0 0 0 0 0 0 0 0 0 0 0 0 1 0 0 0 0 0 0 0]
[9065661548446191955763931293495765123522462889780683906663341917308248220350113938911848697530540839349983751289028813674923065122217578299067028212993826973843597709394728477262318869893142672171536052946978877426063429792532908534792399647377764607121364727638867310929253229372483338275148403139938 0 0 0 0 0 0 0 0 0 0 0 0 0 0 0 0 0 0 0 0 0 0 0 0 0 0 0 0 0 0 0 0 0 0 0 0 0 0 0 0 0 0 0 0 0 0 0 0 0 0 0 0 0 0 0 0 0 0 0 0 0 0 0 0 0 0 0 0 0 0 0 0 0 0 0 0 0 0 0 0 0 0 0 0 0 0 0 0 0 0 0 0 1 0 0 0 0 0 0]
[9698732455395878743132773097030712873559246615766140950256543602679310461129985792677730496419097416423983598394870909994405401485624306272004293420831350145009025570521334532899969652046791145781485085194159089256581743802493161483850940933461815265200871048854887915539507168608188634526377869221098 0 0 0 0 0 0 0 0 0 0 0 0 0 0 0 0 0 0 0 0 0 0 0 0 0 0 0 0 0 0 0 0 0 0 0 0 0 0 0 0 0 0 0 0 0 0 0 0 0 0 0 0 0 0 0 0 0 0 0 0 0 0 0 0 0 0 0 0 0 0 0 0 0 0 0 0 0 0 0 0 0 0 0 0 0 0 0 0 0 0 0 0 0 1 0 0 0 0 0]
[3950216841951417925427238585897499125148941764429156620513004268663199431926523353453354290768545583419222969153316836059058914702986491146518540686319564356730295457924575750884423411015815388431311438664237361496552427612248737508645567388440804140621457627122996380175650054385948481022037071767694 0 0 0 0 0 0 0 0 0 0 0 0 0 0 0 0 0 0 0 0 0 0 0 0 0 0 0 0 0 0 0 0 0 0 0 0 0 0 0 0 0 0 0 0 0 0 0 0 0 0 0 0 0 0 0 0 0 0 0 0 0 0 0 0 0 0 0 0 0 0 0 0 0 0 0 0 0 0 0 0 0 0 0 0 0 0 0 0 0 0 0 0 0 0 1 0 0 0 0]
[9987449697566804059264720085090181943000908982988639237591632243644032732654077665744114792537166836056652198941004868054155747220783833625043672565702753865208937047591172807616497597101778605129788573683829093323179574019046749307465087305484559404175749305521981741502206065585205558206951280320168 0 0 0 0 0 0 0 0 0 0 0 0 0 0 0 0 0 0 0 0 0 0 0 0 0 0 0 0 0 0 0 0 0 0 0 0 0 0 0 0 0 0 0 0 0 0 0 0 0 0 0 0 0 0 0 0 0 0 0 0 0 0 0 0 0 0 0 0 0 0 0 0 0 0 0 0 0 0 0 0 0 0 0 0 0 0 0 0 0 0 0 0 0 0 0 1 0 0 0]
[9829539142658162818134364112111766261882108592961781582034307039635291258074589030127026264364113354278890107942186084795791994753361342118448543018173032717510373743541688410895156661693105476104436160370467374680097769440720385146815383539117201879509745709934132096718469885527540958553817213321597 0 0 0 0 0 0 0 0 0 0 0 0 0 0 0 0 0 0 0 0 0 0 0 0 0 0 0 0 0 0 0 0 0 0 0 0 0 0 0 0 0 0 0 0 0 0 0 0 0 0 0 0 0 0 0 0 0 0 0 0 0 0 0 0 0 0 0 0 0 0 0 0 0 0 0 0 0 0 0 0 0 0 0 0 0 0 0 0 0 0 0 0 0 0 0 0 1 0 0]
[2525538925399438508844172594568555721401507115728537249317758462474407803983421806629715573193668333043736858557851933116637168088492855549074687326352545883181575657628792804256853449967190578306078600918420827057854830958859817624760309767037835152851935408332073198224227992269347931913778273110441 0 0 0 0 0 0 0 0 0 0 0 0 0 0 0 0 0 0 0 0 0 0 0 0 0 0 0 0 0 0 0 0 0 0 0 0 0 0 0 0 0 0 0 0 0 0 0 0 0 0 0 0 0 0 0 0 0 0 0 0 0 0 0 0 0 0 0 0 0 0 0 0 0 0 0 0 0 0 0 0 0 0 0 0 0 0 0 0 0 0 0 0 0 0 0 0 0 1 0]
[3981419221533911106404286562816737846193974298235612181131479819921426682912712186003178671621364624466538771552900884924923175702390087765972429095339910871413539967297609163599161863211517306738966446887267430837314486622004410212778014621982696152041852651177119637498898792583238105717712944644769 0 0 0 0 0 0 0 0 0 0 0 0 0 0 0 0 0 0 0 0 0 0 0 0 0 0 0 0 0 0 0 0 0 0 0 0 0 0 0 0 0 0 0 0 0 0 0 0 0 0 0 0 0 0 0 0 0 0 0 0 0 0 0 0 0 0 0 0 0 0 0 0 0 0 0 0 0 0 0 0 0 0 0 0 0 0 0 0 0 0 0 0 0 0 0 0 0 0 1]
]
