[[4130959776974229652652763750664552324257714759311378136080529990364774438629870487167762488097668609073154050097970705784444427568700091511265055208694046358637392492530143725613650343771924895917842062867319021356866430889848759486807773883819 0 0 0 0 0 0 0 0 0 0 0 0 0 0 0 0 0 0 0 0 0 0 0 0 0 0 0 0 0 0 0 0 0 0 0 0 0 0 0 0 0 0 0 0 0 0 0 0 0 0 0 0 0 0 0 0 0 0 0 0 0 0 0 0 0 0 0 0 0 0 0 0 0 0 0 0 0 0 0 0]
[45463646317444010052717560072120548798633343356742135182071948362159828529734045465811411213431910209798042411895013296065171871666723746668455749713020263014085483509401619091152373017085025526433801763823826452807569331442924665936202250797 1 0 0 0 0 0 0 0 0 0 0 0 0 0 0 0 0 0 0 0 0 0 0 0 0 0 0 0 0 0 0 0 0 0 0 0 0 0 0 0 0 0 0 0 0 0 0 0 0 0 0 0 0 0 0 0 0 0 0 0 0 0 0 0 0 0 0 0 0 0 0 0 0 0 0 0 0 0 0 0]
[803563581171958387123976877833693953655117024276295153560566407904327466838450590635516144386235106137657691127588984716776542902430208444725575839260972793382457011307617890450191500506822979234902403227165767677379033899928745815420974934034 0 1 0 0 0 0 0 0 0 0 0 0 0 0 0 0 0 0 0 0 0 0 0 0 0 0 0 0 0 0 0 0 0 0 0 0 0 0 0 0 0 0 0 0 0 0 0 0 0 0 0 0 0 0 0 0 0 0 0 0 0 0 0 0 0 0 0 0 0 0 0 0 0 0 0 0 0 0 0 0]
[291834713529368063848219507845566746041740836197716264862667722738408286928477116121157168089417788054587363917551604752589756447436901157559831005688981479005727662087732494359759807826030687023995340281445306554333615759973929246953326967334 0 0 1 0 0 0 0 0 0 0 0 0 0 0 0 0 0 0 0 0 0 0 0 0 0 0 0 0 0 0 0 0 0 0 0 0 0 0 0 0 0 0 0 0 0 0 0 0 0 0 0 0 0 0 0 0 0 0 0 0 0 0 0 0 0 0 0 0 0 0 0 0 0 0 0 0 0 0 0 0]
[2951877089652777987511676282702952362383489186177539395746410195818644178464850837255689452508596233482575146981204818461602561468436673026748834486948300519604219308612212176728660409787658128868129818032429460039825156054165750079790850945907 0 0 0 1 0 0 0 0 0 0 0 0 0 0 0 0 0 0 0 0 0 0 0 0 0 0 0 0 0 0 0 0 0 0 0 0 0 0 0 0 0 0 0 0 0 0 0 0 0 0 0 0 0 0 0 0 0 0 0 0 0 0 0 0 0 0 0 0 0 0 0 0 0 0 0 0 0 0 0 0]
[3832139474372962488967237675661957631821287506275667034648426331067456936659616767647543050544175269961992671915405619078278033709205749992722966352404754577768980425180331266561473001995482232930550356372627942716438029597327122100400918600548 0 0 0 0 1 0 0 0 0 0 0 0 0 0 0 0 0 0 0 0 0 0 0 0 0 0 0 0 0 0 0 0 0 0 0 0 0 0 0 0 0 0 0 0 0 0 0 0 0 0 0 0 0 0 0 0 0 0 0 0 0 0 0 0 0 0 0 0 0 0 0 0 0 0 0 0 0 0 0 0]
[3652225341243147244660682371572262983764812656973269851418537062536631817368976143083495144200012559195430593770114043201938582414164521538058032400243669456334101025312960731487589901461939392618744832501600852105841549388794816619374650731168 0 0 0 0 0 1 0 0 0 0 0 0 0 0 0 0 0 0 0 0 0 0 0 0 0 0 0 0 0 0 0 0 0 0 0 0 0 0 0 0 0 0 0 0 0 0 0 0 0 0 0 0 0 0 0 0 0 0 0 0 0 0 0 0 0 0 0 0 0 0 0 0 0 0 0 0 0 0 0 0]
[690346686460805676327041147548370763791629152091462943961407255467113878335325939176548946105782230210929440074484570218759877434676711000303840374820947578223028148401245371824550216557694221766916734651372760185653424992865221886111652895071 0 0 0 0 0 0 1 0 0 0 0 0 0 0 0 0 0 0 0 0 0 0 0 0 0 0 0 0 0 0 0 0 0 0 0 0 0 0 0 0 0 0 0 0 0 0 0 0 0 0 0 0 0 0 0 0 0 0 0 0 0 0 0 0 0 0 0 0 0 0 0 0 0 0 0 0 0 0 0 0]
[664885181053960199351482445542228008814006785375583719559073015461771663655382430899836487727798577065203662186724067853489612766910005078668054512730201028693206959189976587299595703619566929757253333414382759425682812424588479501790371330865 0 0 0 0 0 0 0 1 0 0 0 0 0 0 0 0 0 0 0 0 0 0 0 0 0 0 0 0 0 0 0 0 0 0 0 0 0 0 0 0 0 0 0 0 0 0 0 0 0 0 0 0 0 0 0 0 0 0 0 0 0 0 0 0 0 0 0 0 0 0 0 0 0 0 0 0 0 0 0 0]
[2490898527742346913565227908605240000562040958156515885822417978316332635246578328256855190462042485391715451216783215309197532978340071019224289723827634890335855348419695000891380702081905274031999693512533511594520629025722133854989911280428 0 0 0 0 0 0 0 0 1 0 0 0 0 0 0 0 0 0 0 0 0 0 0 0 0 0 0 0 0 0 0 0 0 0 0 0 0 0 0 0 0 0 0 0 0 0 0 0 0 0 0 0 0 0 0 0 0 0 0 0 0 0 0 0 0 0 0 0 0 0 0 0 0 0 0 0 0 0 0 0]
[2885833648869272068026193687987807730167583901088469640967457817436990587197886693471200381364929667834880894252595344995555838765940579386550081219313140869847078391162626985321472691323704891020477858047137900490856556543751334383181874667142 0 0 0 0 0 0 0 0 0 1 0 0 0 0 0 0 0 0 0 0 0 0 0 0 0 0 0 0 0 0 0 0 0 0 0 0 0 0 0 0 0 0 0 0 0 0 0 0 0 0 0 0 0 0 0 0 0 0 0 0 0 0 0 0 0 0 0 0 0 0 0 0 0 0 0 0 0 0 0 0]
[677962221572547623593422719532790274032323853229199964803213691386528083909557909898754983288832151384587236357423298318477493915707344125931904407067890017077950524626078069153331149927252589418361185476682591082446871796485192371027922303693 0 0 0 0 0 0 0 0 0 0 1 0 0 0 0 0 0 0 0 0 0 0 0 0 0 0 0 0 0 0 0 0 0 0 0 0 0 0 0 0 0 0 0 0 0 0 0 0 0 0 0 0 0 0 0 0 0 0 0 0 0 0 0 0 0 0 0 0 0 0 0 0 0 0 0 0 0 0 0 0]
[2243284346326505138425541698102282481449036230910299966221758837583704336955803053997961440903458308126236818625826094915813981385556368283752760745383661161050968768311690286753963516422208261897547368129730197190728294775731809293422845221353 0 0 0 0 0 0 0 0 0 0 0 1 0 0 0 0 0 0 0 0 0 0 0 0 0 0 0 0 0 0 0 0 0 0 0 0 0 0 0 0 0 0 0 0 0 0 0 0 0 0 0 0 0 0 0 0 0 0 0 0 0 0 0 0 0 0 0 0 0 0 0 0 0 0 0 0 0 0 0 0]
[1521309901120341307913134822541936597246523100767564397477116664723056610245301480447251112026021877969065006220583049161425905911081432761633670311396774046545607506408541133883712982941275362873777224259383358961301626998354673256817335320137 0 0 0 0 0 0 0 0 0 0 0 0 1 0 0 0 0 0 0 0 0 0 0 0 0 0 0 0 0 0 0 0 0 0 0 0 0 0 0 0 0 0 0 0 0 0 0 0 0 0 0 0 0 0 0 0 0 0 0 0 0 0 0 0 0 0 0 0 0 0 0 0 0 0 0 0 0 0 0 0]
[3851897422467633771166182594958248538867708175937514307608265074984070876056225972980033445125884012522120787380795497815403594472357558839741505033477550140060012598996726507219453094349060972097820754284999637262083162665625427322239005903270 0 0 0 0 0 0 0 0 0 0 0 0 0 1 0 0 0 0 0 0 0 0 0 0 0 0 0 0 0 0 0 0 0 0 0 0 0 0 0 0 0 0 0 0 0 0 0 0 0 0 0 0 0 0 0 0 0 0 0 0 0 0 0 0 0 0 0 0 0 0 0 0 0 0 0 0 0 0 0 0]
[343274710790784684729603882374921667992588339920959558939598695579679467572364227704259790653794751263174278919178327853912095086718134833005068199722954027227457073175174688303667783004081195083795710583074569111639742987326940490853995195408 0 0 0 0 0 0 0 0 0 0 0 0 0 0 1 0 0 0 0 0 0 0 0 0 0 0 0 0 0 0 0 0 0 0 0 0 0 0 0 0 0 0 0 0 0 0 0 0 0 0 0 0 0 0 0 0 0 0 0 0 0 0 0 0 0 0 0 0 0 0 0 0 0 0 0 0 0 0 0 0]
[3306571896240539107557879808446649600420144250414069227251144398273949675642020202847952341938921631402521220208666619700778503265257129423835214188215072190459571093186777761505622210280379733278596967955577302631847048328111933707768402459608 0 0 0 0 0 0 0 0 0 0 0 0 0 0 0 1 0 0 0 0 0 0 0 0 0 0 0 0 0 0 0 0 0 0 0 0 0 0 0 0 0 0 0 0 0 0 0 0 0 0 0 0 0 0 0 0 0 0 0 0 0 0 0 0 0 0 0 0 0 0 0 0 0 0 0 0 0 0 0 0]
[20197499060493780724089347956746180738931602407802784109836509657499664640653673453612761923876905186945428199422105906564068092254720783807697619253859696059595445619540502184364677268710694283657441082704714817749285959813443594060242134200 0 0 0 0 0 0 0 0 0 0 0 0 0 0 0 0 1 0 0 0 0 0 0 0 0 0 0 0 0 0 0 0 0 0 0 0 0 0 0 0 0 0 0 0 0 0 0 0 0 0 0 0 0 0 0 0 0 0 0 0 0 0 0 0 0 0 0 0 0 0 0 0 0 0 0 0 0 0 0 0]
[1207056219429819462745496330034357601097643378494016170967549416834926485804982241938950678462246660645964084345113692077942125480858982687000967751561013921665774086003824507224915015080596962532207475476021268720560724038067222006972732247428 0 0 0 0 0 0 0 0 0 0 0 0 0 0 0 0 0 1 0 0 0 0 0 0 0 0 0 0 0 0 0 0 0 0 0 0 0 0 0 0 0 0 0 0 0 0 0 0 0 0 0 0 0 0 0 0 0 0 0 0 0 0 0 0 0 0 0 0 0 0 0 0 0 0 0 0 0 0 0 0]
[1081031233823272847919023996237043686343428382744885244285777609093902203608480925914930691275595203944202362953815340899580038907963505949341435564888827036252372480310132219453621791221360565129449636460243705369740723753568631321595060592278 0 0 0 0 0 0 0 0 0 0 0 0 0 0 0 0 0 0 1 0 0 0 0 0 0 0 0 0 0 0 0 0 0 0 0 0 0 0 0 0 0 0 0 0 0 0 0 0 0 0 0 0 0 0 0 0 0 0 0 0 0 0 0 0 0 0 0 0 0 0 0 0 0 0 0 0 0 0 0 0]
[3675413744320221919619568131451471636268861736490401965863550718584527086118503427628446737671170656971746084261355000597713195809319443173795278151840482689701073323362125214194190710514401187543946469670061067941012114993435488109305562875782 0 0 0 0 0 0 0 0 0 0 0 0 0 0 0 0 0 0 0 1 0 0 0 0 0 0 0 0 0 0 0 0 0 0 0 0 0 0 0 0 0 0 0 0 0 0 0 0 0 0 0 0 0 0 0 0 0 0 0 0 0 0 0 0 0 0 0 0 0 0 0 0 0 0 0 0 0 0 0 0]
[2052212251982015420600183972224530888174777732549234820543400171645434263075173459053825410088696608582774906769071953147937395760921777101693804573726465399784526139273627499094564875741431580916168520257190076460903107662539382615303759185503 0 0 0 0 0 0 0 0 0 0 0 0 0 0 0 0 0 0 0 0 1 0 0 0 0 0 0 0 0 0 0 0 0 0 0 0 0 0 0 0 0 0 0 0 0 0 0 0 0 0 0 0 0 0 0 0 0 0 0 0 0 0 0 0 0 0 0 0 0 0 0 0 0 0 0 0 0 0 0 0]
[2571532886917962152840528457599612681025645002229030283908935487455940364464374103865773410621228470787637743881236389383243117458083293708401833837364851489569988419859255603728605999100603074105134001726952731387507505876675971722109834551923 0 0 0 0 0 0 0 0 0 0 0 0 0 0 0 0 0 0 0 0 0 1 0 0 0 0 0 0 0 0 0 0 0 0 0 0 0 0 0 0 0 0 0 0 0 0 0 0 0 0 0 0 0 0 0 0 0 0 0 0 0 0 0 0 0 0 0 0 0 0 0 0 0 0 0 0 0 0 0 0]
[2185405301366990598063401235260601987660437167220298805138695622397773005398502522140819219896483700728076240776544312948143816481296151124797117660058345796681238067379211335865031312466978490484997109889914279170288620562777895544413988331720 0 0 0 0 0 0 0 0 0 0 0 0 0 0 0 0 0 0 0 0 0 0 1 0 0 0 0 0 0 0 0 0 0 0 0 0 0 0 0 0 0 0 0 0 0 0 0 0 0 0 0 0 0 0 0 0 0 0 0 0 0 0 0 0 0 0 0 0 0 0 0 0 0 0 0 0 0 0 0 0]
[24364507494672556927500966848251425583743692100340350809425037122594132902045468206390688542349640496604763603883231912815576217340218471894042907551477757520629575244713272599782955926064158432997262248031818397705207959603775052705756447757 0 0 0 0 0 0 0 0 0 0 0 0 0 0 0 0 0 0 0 0 0 0 0 1 0 0 0 0 0 0 0 0 0 0 0 0 0 0 0 0 0 0 0 0 0 0 0 0 0 0 0 0 0 0 0 0 0 0 0 0 0 0 0 0 0 0 0 0 0 0 0 0 0 0 0 0 0 0 0 0]
[2700082297848066948595633471759723783877780614022890511797164434807501004536767452342790699905533869049727993960471662965278334727989122848923034385106233699206285107102349058060638567345084355718456086621534673859919654505072282283350965423623 0 0 0 0 0 0 0 0 0 0 0 0 0 0 0 0 0 0 0 0 0 0 0 0 1 0 0 0 0 0 0 0 0 0 0 0 0 0 0 0 0 0 0 0 0 0 0 0 0 0 0 0 0 0 0 0 0 0 0 0 0 0 0 0 0 0 0 0 0 0 0 0 0 0 0 0 0 0 0 0]
[784987720657576880642315466281168877410523256632804419484436237470323855748251239326268094027374589313950711546242564329604829886586682655685310558374752077596653759555869632011093635359763990951847680263397803969570965921207075363893721983846 0 0 0 0 0 0 0 0 0 0 0 0 0 0 0 0 0 0 0 0 0 0 0 0 0 1 0 0 0 0 0 0 0 0 0 0 0 0 0 0 0 0 0 0 0 0 0 0 0 0 0 0 0 0 0 0 0 0 0 0 0 0 0 0 0 0 0 0 0 0 0 0 0 0 0 0 0 0 0 0]
[3387215022086792140163329034614668783386338841663998589695754001687241507136791704674326116847696781481022636770031401844245129819412438582706371810159283452980977632738191859334743905232453918100477655339475307950794547880746670776153267903191 0 0 0 0 0 0 0 0 0 0 0 0 0 0 0 0 0 0 0 0 0 0 0 0 0 0 1 0 0 0 0 0 0 0 0 0 0 0 0 0 0 0 0 0 0 0 0 0 0 0 0 0 0 0 0 0 0 0 0 0 0 0 0 0 0 0 0 0 0 0 0 0 0 0 0 0 0 0 0 0]
[3992292266392302870625445439112112500219227723226429238578226602315178807678898817586001107536374333746141480083946209882844995245322844080834183209540328891260621111324012432869513571101984144987448455919920632503932685051352158587026949666383 0 0 0 0 0 0 0 0 0 0 0 0 0 0 0 0 0 0 0 0 0 0 0 0 0 0 0 1 0 0 0 0 0 0 0 0 0 0 0 0 0 0 0 0 0 0 0 0 0 0 0 0 0 0 0 0 0 0 0 0 0 0 0 0 0 0 0 0 0 0 0 0 0 0 0 0 0 0 0 0]
[4516151059570985923879195305649654844232666684879039418822504674821505282463930888582462635545363481986228035731975148543152855360336566032705947335304115172966900842126115529883319258594293811077153991031198277606138821661376779186643324395 0 0 0 0 0 0 0 0 0 0 0 0 0 0 0 0 0 0 0 0 0 0 0 0 0 0 0 0 1 0 0 0 0 0 0 0 0 0 0 0 0 0 0 0 0 0 0 0 0 0 0 0 0 0 0 0 0 0 0 0 0 0 0 0 0 0 0 0 0 0 0 0 0 0 0 0 0 0 0 0]
[3404637044643138275091903356404847039635907297946109418315319177156912403279523812227256761179518858105321807692766233514715402774228937949361303899002705855316488337998971660202634090324771501921784870967969482523913871577133563439732235581742 0 0 0 0 0 0 0 0 0 0 0 0 0 0 0 0 0 0 0 0 0 0 0 0 0 0 0 0 0 1 0 0 0 0 0 0 0 0 0 0 0 0 0 0 0 0 0 0 0 0 0 0 0 0 0 0 0 0 0 0 0 0 0 0 0 0 0 0 0 0 0 0 0 0 0 0 0 0 0 0]
[213878454129037608965480489808579480312963565099362388302873520032773687717400891253760295492921271190035993511368706838183123449866412413837501098861108344141308939147892134779710054337290241220263629371093445673041967831640341467749696856906 0 0 0 0 0 0 0 0 0 0 0 0 0 0 0 0 0 0 0 0 0 0 0 0 0 0 0 0 0 0 1 0 0 0 0 0 0 0 0 0 0 0 0 0 0 0 0 0 0 0 0 0 0 0 0 0 0 0 0 0 0 0 0 0 0 0 0 0 0 0 0 0 0 0 0 0 0 0 0 0]
[776046282226813420016734571236490952494154521861092968270995307022510862981594791845685117691771515684854102223302104532066293748963849479838125131553194225252471100854436530080182051375408067733420659829004480481411490545551321878826356427282 0 0 0 0 0 0 0 0 0 0 0 0 0 0 0 0 0 0 0 0 0 0 0 0 0 0 0 0 0 0 0 1 0 0 0 0 0 0 0 0 0 0 0 0 0 0 0 0 0 0 0 0 0 0 0 0 0 0 0 0 0 0 0 0 0 0 0 0 0 0 0 0 0 0 0 0 0 0 0 0]
[3470078136133516557016930599798377024660347317146349046663880086246694795763941067498764064727429131850800198335186871544219793466970481455420657998906060963690046153132433580166438116079918231876940709094023672486361160619900304280719384592504 0 0 0 0 0 0 0 0 0 0 0 0 0 0 0 0 0 0 0 0 0 0 0 0 0 0 0 0 0 0 0 0 1 0 0 0 0 0 0 0 0 0 0 0 0 0 0 0 0 0 0 0 0 0 0 0 0 0 0 0 0 0 0 0 0 0 0 0 0 0 0 0 0 0 0 0 0 0 0 0]
[2705430159814456803429998458681979792863989894709245165315837899804647856080316931060058835542438258895476117544127777713473088973031579009647688236243732313291718507167722231497559465932285500232757708669437575146780451454765767878682164989945 0 0 0 0 0 0 0 0 0 0 0 0 0 0 0 0 0 0 0 0 0 0 0 0 0 0 0 0 0 0 0 0 0 1 0 0 0 0 0 0 0 0 0 0 0 0 0 0 0 0 0 0 0 0 0 0 0 0 0 0 0 0 0 0 0 0 0 0 0 0 0 0 0 0 0 0 0 0 0 0]
[2362246359264699892323933191284688210030625582434099119849926960214260476670429029465245877857898076566098693728621961035370178021658944106582302456525166489991356330650444954643646163732657651559289690518040697795776402374222211983434790881394 0 0 0 0 0 0 0 0 0 0 0 0 0 0 0 0 0 0 0 0 0 0 0 0 0 0 0 0 0 0 0 0 0 0 1 0 0 0 0 0 0 0 0 0 0 0 0 0 0 0 0 0 0 0 0 0 0 0 0 0 0 0 0 0 0 0 0 0 0 0 0 0 0 0 0 0 0 0 0 0]
[214430417281979325941438753087199926645728282751474425634246694040844375331187107246402112765710349651287426234131048492203862999819292601079197947963963264073455570732558663239550602399505282318830349977625713878200558328979692174351273770669 0 0 0 0 0 0 0 0 0 0 0 0 0 0 0 0 0 0 0 0 0 0 0 0 0 0 0 0 0 0 0 0 0 0 0 1 0 0 0 0 0 0 0 0 0 0 0 0 0 0 0 0 0 0 0 0 0 0 0 0 0 0 0 0 0 0 0 0 0 0 0 0 0 0 0 0 0 0 0 0]
[2772001513920500621818185748689634079463473216412309736150231007647723253599878712352460408686704829193639969033793676456277394534481544139287322980237837761410136945040681355979742480892280067985335447215730984151239132761524757382074663290673 0 0 0 0 0 0 0 0 0 0 0 0 0 0 0 0 0 0 0 0 0 0 0 0 0 0 0 0 0 0 0 0 0 0 0 0 1 0 0 0 0 0 0 0 0 0 0 0 0 0 0 0 0 0 0 0 0 0 0 0 0 0 0 0 0 0 0 0 0 0 0 0 0 0 0 0 0 0 0 0]
[980559357543087111531688026367055642252136054519094233030496288162115311444704002387943878211035650762545570397856549584786786537192454449289587732846802057968769978729681848312424612010241147183732373655651582790059971293315455823180604345743 0 0 0 0 0 0 0 0 0 0 0 0 0 0 0 0 0 0 0 0 0 0 0 0 0 0 0 0 0 0 0 0 0 0 0 0 0 1 0 0 0 0 0 0 0 0 0 0 0 0 0 0 0 0 0 0 0 0 0 0 0 0 0 0 0 0 0 0 0 0 0 0 0 0 0 0 0 0 0 0]
[2891144506484613880827927797344393808320688773831654017657043964386937620694546499174540255585284220112117714200721722619830859546299700311810263003165401593299638519226066365068368488116471482164812461961425813322287393176836290376166084536723 0 0 0 0 0 0 0 0 0 0 0 0 0 0 0 0 0 0 0 0 0 0 0 0 0 0 0 0 0 0 0 0 0 0 0 0 0 0 1 0 0 0 0 0 0 0 0 0 0 0 0 0 0 0 0 0 0 0 0 0 0 0 0 0 0 0 0 0 0 0 0 0 0 0 0 0 0 0 0 0]
[2479429961665244982286700166637046751262255745530044719232337339782217836708293077741014103621635714797111402306834619770931856316007850872009667483175198360764575124786331234848858731696915745956298593176541303863870771552875587722009745992417 0 0 0 0 0 0 0 0 0 0 0 0 0 0 0 0 0 0 0 0 0 0 0 0 0 0 0 0 0 0 0 0 0 0 0 0 0 0 0 1 0 0 0 0 0 0 0 0 0 0 0 0 0 0 0 0 0 0 0 0 0 0 0 0 0 0 0 0 0 0 0 0 0 0 0 0 0 0 0 0]
[1348278979839476722213523400362895132732482141850038504740697256575158229407595103216193521490401942532073039639560686032202604183272678204151517856264943521552537364958370321360184818622121298165360539604122286098949808195079455062194610629245 0 0 0 0 0 0 0 0 0 0 0 0 0 0 0 0 0 0 0 0 0 0 0 0 0 0 0 0 0 0 0 0 0 0 0 0 0 0 0 0 1 0 0 0 0 0 0 0 0 0 0 0 0 0 0 0 0 0 0 0 0 0 0 0 0 0 0 0 0 0 0 0 0 0 0 0 0 0 0 0]
[1336865316671069117479232544667072619909563114501576798605901073020340040988071941588066591273029046349037128442200427804326936821351814336630138058415134382864324840334051919444314290847260190931230351242031505108644406861313548200828750226638 0 0 0 0 0 0 0 0 0 0 0 0 0 0 0 0 0 0 0 0 0 0 0 0 0 0 0 0 0 0 0 0 0 0 0 0 0 0 0 0 0 1 0 0 0 0 0 0 0 0 0 0 0 0 0 0 0 0 0 0 0 0 0 0 0 0 0 0 0 0 0 0 0 0 0 0 0 0 0 0]
[1907803315608086591274960122569896183232636823434987214475125486756064750393197975387260481334477690454708351942133545833964839343452808659223813553292277826242709429180894489157557813136387894210182688036933308793157094623365159370192052668981 0 0 0 0 0 0 0 0 0 0 0 0 0 0 0 0 0 0 0 0 0 0 0 0 0 0 0 0 0 0 0 0 0 0 0 0 0 0 0 0 0 0 1 0 0 0 0 0 0 0 0 0 0 0 0 0 0 0 0 0 0 0 0 0 0 0 0 0 0 0 0 0 0 0 0 0 0 0 0 0]
[1115986821697186891526190816773026823707244673355976918349349900311962110766776312664379398814748665348878378621771876267219086272650717014174699781467175258956724079127114255889286829859990788755528998233800605930148352494811783321567711385709 0 0 0 0 0 0 0 0 0 0 0 0 0 0 0 0 0 0 0 0 0 0 0 0 0 0 0 0 0 0 0 0 0 0 0 0 0 0 0 0 0 0 0 1 0 0 0 0 0 0 0 0 0 0 0 0 0 0 0 0 0 0 0 0 0 0 0 0 0 0 0 0 0 0 0 0 0 0 0 0]
[3930494592806156340465939280314633461795884920156695264185256934626627637854999004740230745025676062054335900685067864572760687023437382514664274676741500129082129680283467591463068603352690535477156516351461660852321833152286377711834384260090 0 0 0 0 0 0 0 0 0 0 0 0 0 0 0 0 0 0 0 0 0 0 0 0 0 0 0 0 0 0 0 0 0 0 0 0 0 0 0 0 0 0 0 0 1 0 0 0 0 0 0 0 0 0 0 0 0 0 0 0 0 0 0 0 0 0 0 0 0 0 0 0 0 0 0 0 0 0 0 0]
[4068959078259384520182397006197918483413239830369364219122204400549861432532396902247697439126683183604950405046246881337199534948393990735446260854573207556543868353367617803676604579953543004690362416861053900248743657381792928461478151039323 0 0 0 0 0 0 0 0 0 0 0 0 0 0 0 0 0 0 0 0 0 0 0 0 0 0 0 0 0 0 0 0 0 0 0 0 0 0 0 0 0 0 0 0 0 1 0 0 0 0 0 0 0 0 0 0 0 0 0 0 0 0 0 0 0 0 0 0 0 0 0 0 0 0 0 0 0 0 0 0]
[12431369626409503485648350709533942586039267099598298309853200028817490185528892805388148418915926388222465801036783734594374102138271258372891607720199290456247979283422727143277668193699506805330269630058215733972324140763034829535330168997 0 0 0 0 0 0 0 0 0 0 0 0 0 0 0 0 0 0 0 0 0 0 0 0 0 0 0 0 0 0 0 0 0 0 0 0 0 0 0 0 0 0 0 0 0 0 1 0 0 0 0 0 0 0 0 0 0 0 0 0 0 0 0 0 0 0 0 0 0 0 0 0 0 0 0 0 0 0 0 0]
[274885324733183271787221012155325467907270248559191586564657026434498947583188987280148443152160322515158269180512304826931460942574178252203175230240783764697941378594209532388247832118102895787057412490432121027231920827642583194183450235549 0 0 0 0 0 0 0 0 0 0 0 0 0 0 0 0 0 0 0 0 0 0 0 0 0 0 0 0 0 0 0 0 0 0 0 0 0 0 0 0 0 0 0 0 0 0 0 1 0 0 0 0 0 0 0 0 0 0 0 0 0 0 0 0 0 0 0 0 0 0 0 0 0 0 0 0 0 0 0 0]
[2280342045933199121902422584183658355128450579592119935855214678311694382989843770219367332323880872498946114109116355977845115301033996436052985164217080222966318085120018968955528576419618029637146855478220147399426001174627444320024013245364 0 0 0 0 0 0 0 0 0 0 0 0 0 0 0 0 0 0 0 0 0 0 0 0 0 0 0 0 0 0 0 0 0 0 0 0 0 0 0 0 0 0 0 0 0 0 0 0 1 0 0 0 0 0 0 0 0 0 0 0 0 0 0 0 0 0 0 0 0 0 0 0 0 0 0 0 0 0 0 0]
[4101783165284788850721960264249072940582297911879391668975077131816233839637684544847740047399495983116662864044897453377793826895954023260373378060148321421410681450895824088983663985425931396678453067135120112091334819206265904811760371012094 0 0 0 0 0 0 0 0 0 0 0 0 0 0 0 0 0 0 0 0 0 0 0 0 0 0 0 0 0 0 0 0 0 0 0 0 0 0 0 0 0 0 0 0 0 0 0 0 0 1 0 0 0 0 0 0 0 0 0 0 0 0 0 0 0 0 0 0 0 0 0 0 0 0 0 0 0 0 0 0]
[1315512689256759983092247368246515210372316944691636358615153699411938860892385020376955473274847367473031626379606182864035846467627531032622420329356178681133544249614212146760823566739275621218101894390800807158303516073310283658911224368341 0 0 0 0 0 0 0 0 0 0 0 0 0 0 0 0 0 0 0 0 0 0 0 0 0 0 0 0 0 0 0 0 0 0 0 0 0 0 0 0 0 0 0 0 0 0 0 0 0 0 1 0 0 0 0 0 0 0 0 0 0 0 0 0 0 0 0 0 0 0 0 0 0 0 0 0 0 0 0 0]
[3697905531542110165452769838893511114718160340115688169612730870246718157476153101880302738131534433557419588753326097077713215997000317883468274664432541723994008076256999351580073216927819796669847678180653401613712901757494181870520752164348 0 0 0 0 0 0 0 0 0 0 0 0 0 0 0 0 0 0 0 0 0 0 0 0 0 0 0 0 0 0 0 0 0 0 0 0 0 0 0 0 0 0 0 0 0 0 0 0 0 0 0 1 0 0 0 0 0 0 0 0 0 0 0 0 0 0 0 0 0 0 0 0 0 0 0 0 0 0 0 0]
[1717129144301286764601209531472022502265123460409802856632180118034806731612907071363269281919310205694970097264676516791212885807648861033161312211061717101696810868183700132414858503833931051055223488229044696153245796951096249489554115884050 0 0 0 0 0 0 0 0 0 0 0 0 0 0 0 0 0 0 0 0 0 0 0 0 0 0 0 0 0 0 0 0 0 0 0 0 0 0 0 0 0 0 0 0 0 0 0 0 0 0 0 0 1 0 0 0 0 0 0 0 0 0 0 0 0 0 0 0 0 0 0 0 0 0 0 0 0 0 0 0]
[3462833983180216714048373340004633446009926442385655799875751405924769890536252558720036750601415290884503375100476855374458798080995902190488683916481468345968310718319417155049303265792861771404989576474733469894046532485780660557949968882697 0 0 0 0 0 0 0 0 0 0 0 0 0 0 0 0 0 0 0 0 0 0 0 0 0 0 0 0 0 0 0 0 0 0 0 0 0 0 0 0 0 0 0 0 0 0 0 0 0 0 0 0 0 1 0 0 0 0 0 0 0 0 0 0 0 0 0 0 0 0 0 0 0 0 0 0 0 0 0 0]
[1751033444613235052783458373100996434285805706834604174483869538278841272664234808003214398519587181625109899767012552369536246153330177796169107524941260058766785934001118894045291569373111617760045316319517136340124086614492864845355429363234 0 0 0 0 0 0 0 0 0 0 0 0 0 0 0 0 0 0 0 0 0 0 0 0 0 0 0 0 0 0 0 0 0 0 0 0 0 0 0 0 0 0 0 0 0 0 0 0 0 0 0 0 0 0 1 0 0 0 0 0 0 0 0 0 0 0 0 0 0 0 0 0 0 0 0 0 0 0 0 0]
[2323190902399272288958468105085238934211563995417072377051554707677005711515234568680244209259015718333702258209285645545911935624610034719446063005421329637730468475830605183048167813086118497197703118927564158113075631785586749353514655790200 0 0 0 0 0 0 0 0 0 0 0 0 0 0 0 0 0 0 0 0 0 0 0 0 0 0 0 0 0 0 0 0 0 0 0 0 0 0 0 0 0 0 0 0 0 0 0 0 0 0 0 0 0 0 0 1 0 0 0 0 0 0 0 0 0 0 0 0 0 0 0 0 0 0 0 0 0 0 0 0]
[763716169285460753163993437390807439180424373375634956092225148229453525009360799828615294940423341554846129992583196381062631917974233773795079871614711176504419426582547547252236792696179107947684777648442109074713454826569015620491068109230 0 0 0 0 0 0 0 0 0 0 0 0 0 0 0 0 0 0 0 0 0 0 0 0 0 0 0 0 0 0 0 0 0 0 0 0 0 0 0 0 0 0 0 0 0 0 0 0 0 0 0 0 0 0 0 0 1 0 0 0 0 0 0 0 0 0 0 0 0 0 0 0 0 0 0 0 0 0 0 0]
[902699497188084305824937288981050979378681932136853851141629469967808685270074541197885409840038242778731381452618557136469638030859800303871312075078725881158887667831785702432674905674055935264546882681830464186477066455736963745981426944803 0 0 0 0 0 0 0 0 0 0 0 0 0 0 0 0 0 0 0 0 0 0 0 0 0 0 0 0 0 0 0 0 0 0 0 0 0 0 0 0 0 0 0 0 0 0 0 0 0 0 0 0 0 0 0 0 0 1 0 0 0 0 0 0 0 0 0 0 0 0 0 0 0 0 0 0 0 0 0 0]
[2570119640198850596496376981390622033098267974767688664971464475620174426372971774003595509530814456407909367196442158447234065542745285614863035422117157495110332486174030751212321049519117005997803284107315514717832404456504993676541911997018 0 0 0 0 0 0 0 0 0 0 0 0 0 0 0 0 0 0 0 0 0 0 0 0 0 0 0 0 0 0 0 0 0 0 0 0 0 0 0 0 0 0 0 0 0 0 0 0 0 0 0 0 0 0 0 0 0 0 1 0 0 0 0 0 0 0 0 0 0 0 0 0 0 0 0 0 0 0 0 0]
[398321453836512247833477301044000900844150453693093499600313897478146128527158582429617464432002194253791218540755023549835682344469100820242278956744439550646944179369132880055021529273467529725960211811030423094037734694984550548535747344076 0 0 0 0 0 0 0 0 0 0 0 0 0 0 0 0 0 0 0 0 0 0 0 0 0 0 0 0 0 0 0 0 0 0 0 0 0 0 0 0 0 0 0 0 0 0 0 0 0 0 0 0 0 0 0 0 0 0 0 1 0 0 0 0 0 0 0 0 0 0 0 0 0 0 0 0 0 0 0 0]
[2836071071820677558923126041840572052098467114908423691046302698128879362501292758017877776229727430419364991933113488346673304194647939581334251103114915935092130013190835638465629787484459583606636705600527661999533818703530282937978754357788 0 0 0 0 0 0 0 0 0 0 0 0 0 0 0 0 0 0 0 0 0 0 0 0 0 0 0 0 0 0 0 0 0 0 0 0 0 0 0 0 0 0 0 0 0 0 0 0 0 0 0 0 0 0 0 0 0 0 0 0 1 0 0 0 0 0 0 0 0 0 0 0 0 0 0 0 0 0 0 0]
[507602230884068924582066011671106053326326040711495693767120409605197480503049999177618310951264297008023119800635587576097346003722335778293594039632929534232461222894565809844226639049861220780132002999793610490354906912843379245767625229836 0 0 0 0 0 0 0 0 0 0 0 0 0 0 0 0 0 0 0 0 0 0 0 0 0 0 0 0 0 0 0 0 0 0 0 0 0 0 0 0 0 0 0 0 0 0 0 0 0 0 0 0 0 0 0 0 0 0 0 0 0 1 0 0 0 0 0 0 0 0 0 0 0 0 0 0 0 0 0 0]
[1734006938476763748997990094662903394433905053323363139334135254688877533037647735582674250216783355917674430051614739778679763120345121711510168534924183009142656379947868358200852534317577110972175976996798717749490897982988370933453955643940 0 0 0 0 0 0 0 0 0 0 0 0 0 0 0 0 0 0 0 0 0 0 0 0 0 0 0 0 0 0 0 0 0 0 0 0 0 0 0 0 0 0 0 0 0 0 0 0 0 0 0 0 0 0 0 0 0 0 0 0 0 0 1 0 0 0 0 0 0 0 0 0 0 0 0 0 0 0 0 0]
[2376777678131238855402482736040560030737730063079777873880531358407812512022125500441513352211469690043159702415753684504103490090864571008958296837868357309755670591664073103015656235981100307905404122580956200250757977722734112508888359014754 0 0 0 0 0 0 0 0 0 0 0 0 0 0 0 0 0 0 0 0 0 0 0 0 0 0 0 0 0 0 0 0 0 0 0 0 0 0 0 0 0 0 0 0 0 0 0 0 0 0 0 0 0 0 0 0 0 0 0 0 0 0 0 1 0 0 0 0 0 0 0 0 0 0 0 0 0 0 0 0]
[1755777304477453018510081277038024723236089745972839369609181737910321957829480790427749982023108816592655768495475108823467714792672178117471493565541469367334686091252211622076356517680789434835683600056384790768406855700760897557880911524047 0 0 0 0 0 0 0 0 0 0 0 0 0 0 0 0 0 0 0 0 0 0 0 0 0 0 0 0 0 0 0 0 0 0 0 0 0 0 0 0 0 0 0 0 0 0 0 0 0 0 0 0 0 0 0 0 0 0 0 0 0 0 0 0 1 0 0 0 0 0 0 0 0 0 0 0 0 0 0 0]
[747454585420212444869490112491880124364251997910932530038045636922565674435795006279657568002516187835847434355366736501050417365282506035365464526960189392436269041403978051293422756021076442152687975936722706341755988135532186596402583174135 0 0 0 0 0 0 0 0 0 0 0 0 0 0 0 0 0 0 0 0 0 0 0 0 0 0 0 0 0 0 0 0 0 0 0 0 0 0 0 0 0 0 0 0 0 0 0 0 0 0 0 0 0 0 0 0 0 0 0 0 0 0 0 0 0 1 0 0 0 0 0 0 0 0 0 0 0 0 0 0]
[2481721565085065300049844186506283244633185603742116357445111144938860308243092371526231828372511462115335619512645532344492183458116395759034887869364064195542585854767904409993849371872057963104164047694039372728146639983965441149830821818471 0 0 0 0 0 0 0 0 0 0 0 0 0 0 0 0 0 0 0 0 0 0 0 0 0 0 0 0 0 0 0 0 0 0 0 0 0 0 0 0 0 0 0 0 0 0 0 0 0 0 0 0 0 0 0 0 0 0 0 0 0 0 0 0 0 0 1 0 0 0 0 0 0 0 0 0 0 0 0 0]
[60930644349353550872296210958597757275054560845969417786037500599390436397663954861165685088532274323402962454094785843815516346459477211942030636464388356555250805554926212501719474584866415977711308087987221891926013394593929892611547032910 0 0 0 0 0 0 0 0 0 0 0 0 0 0 0 0 0 0 0 0 0 0 0 0 0 0 0 0 0 0 0 0 0 0 0 0 0 0 0 0 0 0 0 0 0 0 0 0 0 0 0 0 0 0 0 0 0 0 0 0 0 0 0 0 0 0 0 1 0 0 0 0 0 0 0 0 0 0 0 0]
[278269499936530661326832600415308883450142512889140624096349481625821466907564569988207227801106310466707572339490681476966705859741051754568023973232106968138228992103043929367466820586769173049021265956011035766640011823170493874244073232660 0 0 0 0 0 0 0 0 0 0 0 0 0 0 0 0 0 0 0 0 0 0 0 0 0 0 0 0 0 0 0 0 0 0 0 0 0 0 0 0 0 0 0 0 0 0 0 0 0 0 0 0 0 0 0 0 0 0 0 0 0 0 0 0 0 0 0 0 1 0 0 0 0 0 0 0 0 0 0 0]
[718513865179567686396793755055645645608293740630832546885491016477441188044784658957453224167047183389055457449457586806682194929229046620865284149490724999318136237398366280350188142571691344778249878920166968078098721575768249337698915562451 0 0 0 0 0 0 0 0 0 0 0 0 0 0 0 0 0 0 0 0 0 0 0 0 0 0 0 0 0 0 0 0 0 0 0 0 0 0 0 0 0 0 0 0 0 0 0 0 0 0 0 0 0 0 0 0 0 0 0 0 0 0 0 0 0 0 0 0 0 1 0 0 0 0 0 0 0 0 0 0]
[1935006336075059212049588990081459430946044046397840011100171539700441863263536848468470123397993235516428891345000626952904753752538849153481553767432747573996349713596304594687691667346971270392608444829925279649347602512239556676446972158970 0 0 0 0 0 0 0 0 0 0 0 0 0 0 0 0 0 0 0 0 0 0 0 0 0 0 0 0 0 0 0 0 0 0 0 0 0 0 0 0 0 0 0 0 0 0 0 0 0 0 0 0 0 0 0 0 0 0 0 0 0 0 0 0 0 0 0 0 0 0 1 0 0 0 0 0 0 0 0 0]
[2794567600773008221943613397784507417013751508100371225991237042557881494960503802185050951383479831808203075528321435748006571591374848136017481685908616030769630733518812864526730342892290880155923952604361947271163504215535064862315611713287 0 0 0 0 0 0 0 0 0 0 0 0 0 0 0 0 0 0 0 0 0 0 0 0 0 0 0 0 0 0 0 0 0 0 0 0 0 0 0 0 0 0 0 0 0 0 0 0 0 0 0 0 0 0 0 0 0 0 0 0 0 0 0 0 0 0 0 0 0 0 0 1 0 0 0 0 0 0 0 0]
[2524912494584498200407731082777167526839728066465882159569436150808471264502048408024734326261530805573359761813632516289221222165273774291085869057790721228204228566904305388299939877316760556889074196376043809031902820941103454113993353924264 0 0 0 0 0 0 0 0 0 0 0 0 0 0 0 0 0 0 0 0 0 0 0 0 0 0 0 0 0 0 0 0 0 0 0 0 0 0 0 0 0 0 0 0 0 0 0 0 0 0 0 0 0 0 0 0 0 0 0 0 0 0 0 0 0 0 0 0 0 0 0 0 1 0 0 0 0 0 0 0]
[566588906208252727671439712264612960996122000770741229335061478171629964252923173715831492344506222436892655320977365702258771179796033982489983429939805740141706423789679418457006521578196993164095150504758106886467469779424960823324104073082 0 0 0 0 0 0 0 0 0 0 0 0 0 0 0 0 0 0 0 0 0 0 0 0 0 0 0 0 0 0 0 0 0 0 0 0 0 0 0 0 0 0 0 0 0 0 0 0 0 0 0 0 0 0 0 0 0 0 0 0 0 0 0 0 0 0 0 0 0 0 0 0 0 1 0 0 0 0 0 0]
[2168590015717147667363100117416782292415000229532630380797113725679669595471800654775630997285696333874445133666781732909593053485122512864388640621826507917323159304265644556733449874045464967909957182989221034592258277023012304368712146820512 0 0 0 0 0 0 0 0 0 0 0 0 0 0 0 0 0 0 0 0 0 0 0 0 0 0 0 0 0 0 0 0 0 0 0 0 0 0 0 0 0 0 0 0 0 0 0 0 0 0 0 0 0 0 0 0 0 0 0 0 0 0 0 0 0 0 0 0 0 0 0 0 0 0 1 0 0 0 0 0]
[4097515460269794825221159211569338992034506219261030137374692006396361300468544627561101758279450433108982820605493143439034573420136040690297976315781109448061828987143971349474636149441098719735717617722505728163599961909903244580854362376455 0 0 0 0 0 0 0 0 0 0 0 0 0 0 0 0 0 0 0 0 0 0 0 0 0 0 0 0 0 0 0 0 0 0 0 0 0 0 0 0 0 0 0 0 0 0 0 0 0 0 0 0 0 0 0 0 0 0 0 0 0 0 0 0 0 0 0 0 0 0 0 0 0 0 0 1 0 0 0 0]
[3822324438416610053349216103079229498622213047430317190211734835380184688951433671222679525272878448924865006826480828995598734087162259646664396038877440690195756928502474921383745163954332411002580513491385009787074915347275476339670172068637 0 0 0 0 0 0 0 0 0 0 0 0 0 0 0 0 0 0 0 0 0 0 0 0 0 0 0 0 0 0 0 0 0 0 0 0 0 0 0 0 0 0 0 0 0 0 0 0 0 0 0 0 0 0 0 0 0 0 0 0 0 0 0 0 0 0 0 0 0 0 0 0 0 0 0 0 1 0 0 0]
[693439726157310075371987245455798280436461243712919077777020783138970903106097163886217604532361780063125115108886938599999558126286786714408130809313279413647941691925515969048542777864520602215740099509006800274289974188661895471905704970782 0 0 0 0 0 0 0 0 0 0 0 0 0 0 0 0 0 0 0 0 0 0 0 0 0 0 0 0 0 0 0 0 0 0 0 0 0 0 0 0 0 0 0 0 0 0 0 0 0 0 0 0 0 0 0 0 0 0 0 0 0 0 0 0 0 0 0 0 0 0 0 0 0 0 0 0 0 1 0 0]
[2023194023168713424898475431067354994299137959685738421480942683293377036395151695084499222930914874818512824727978834323365262067457260958364162954377682231958154471931078331460474683997377436547058043768332248633309384120349843281696751646997 0 0 0 0 0 0 0 0 0 0 0 0 0 0 0 0 0 0 0 0 0 0 0 0 0 0 0 0 0 0 0 0 0 0 0 0 0 0 0 0 0 0 0 0 0 0 0 0 0 0 0 0 0 0 0 0 0 0 0 0 0 0 0 0 0 0 0 0 0 0 0 0 0 0 0 0 0 0 1 0]
[2304188162127462696864124231273165883995918803203590596777511976716637430709025253065570450249312822725637258633707008746244905818688171214928710133885970987305759505780291630704722499942558513866184179182809970818774824109584938797544965349669 0 0 0 0 0 0 0 0 0 0 0 0 0 0 0 0 0 0 0 0 0 0 0 0 0 0 0 0 0 0 0 0 0 0 0 0 0 0 0 0 0 0 0 0 0 0 0 0 0 0 0 0 0 0 0 0 0 0 0 0 0 0 0 0 0 0 0 0 0 0 0 0 0 0 0 0 0 0 0 1]
]
