[[8568019797511566866754898158525325500171569533348563373256252234227344982302360621450065794849035367330639878970901808172328621299948309467196493810936347488522198920933396713035100720809382249271741559087542155256405283360015744782863888477724703984500116406657558782789511821358525997101316197971 0 0 0 0 0 0 0 0 0 0 0 0 0 0 0 0 0 0 0 0 0 0 0 0 0 0 0 0 0 0 0 0 0 0 0 0 0 0 0 0 0 0 0 0 0 0 0 0 0 0 0 0 0 0 0 0 0 0 0 0 0 0 0 0 0 0 0 0 0 0 0 0 0 0 0 0 0 0 0 0 0 0 0 0 0 0 0 0 0 0 0 0 0 0 0 0 0 0]
[2956394052672241759516825586611466533805307929447548754890543570375383220367252840862030302171032266786068795211041554905897815705005402802080069626178990046876239014271376110592093594249087839973292851543879362886649979550720002494891080721897595460773378529476168540821332596174440003714905105269 1 0 0 0 0 0 0 0 0 0 0 0 0 0 0 0 0 0 0 0 0 0 0 0 0 0 0 0 0 0 0 0 0 0 0 0 0 0 0 0 0 0 0 0 0 0 0 0 0 0 0 0 0 0 0 0 0 0 0 0 0 0 0 0 0 0 0 0 0 0 0 0 0 0 0 0 0 0 0 0 0 0 0 0 0 0 0 0 0 0 0 0 0 0 0 0 0 0]
[1132833474302239439085343484296849240396427470989415992607334224290504392739909126514592192344786413380156394263143284112211894061422582715385144351437065457819633550968951589827413301698890313042813159982081313643155876898328105308611852952678818569092042222956178733478285397510049556464579334022 0 1 0 0 0 0 0 0 0 0 0 0 0 0 0 0 0 0 0 0 0 0 0 0 0 0 0 0 0 0 0 0 0 0 0 0 0 0 0 0 0 0 0 0 0 0 0 0 0 0 0 0 0 0 0 0 0 0 0 0 0 0 0 0 0 0 0 0 0 0 0 0 0 0 0 0 0 0 0 0 0 0 0 0 0 0 0 0 0 0 0 0 0 0 0 0 0 0]
[5106459295482581950327049207831862033084113504004817910342262018158154523037538527960151968260814793464529536245263864022876940030009256990003345429708346407557706376765945481432742325201809589677062932735023210807688505103225404334919130164358921210135332573246393607758322937548470612027989168696 0 0 1 0 0 0 0 0 0 0 0 0 0 0 0 0 0 0 0 0 0 0 0 0 0 0 0 0 0 0 0 0 0 0 0 0 0 0 0 0 0 0 0 0 0 0 0 0 0 0 0 0 0 0 0 0 0 0 0 0 0 0 0 0 0 0 0 0 0 0 0 0 0 0 0 0 0 0 0 0 0 0 0 0 0 0 0 0 0 0 0 0 0 0 0 0 0 0]
[1826603756109157231498292010542404478503622651985274278148494057319767066549293744352450843901211589821607609807627410881596383303992031967787956770405081497666850177336628265187775276595411575321154504951152805521545004121020175078865177478354900850607543204961354392798709325686063010452872930795 0 0 0 1 0 0 0 0 0 0 0 0 0 0 0 0 0 0 0 0 0 0 0 0 0 0 0 0 0 0 0 0 0 0 0 0 0 0 0 0 0 0 0 0 0 0 0 0 0 0 0 0 0 0 0 0 0 0 0 0 0 0 0 0 0 0 0 0 0 0 0 0 0 0 0 0 0 0 0 0 0 0 0 0 0 0 0 0 0 0 0 0 0 0 0 0 0 0]
[6844388591750825023752255486490895188328890997865109373181498584506694938138110612833039984311675203998008672511006359777429684703510090235744118316505481366934831590467047998305394477484263354033124639837768847135700099435823679160745081260496931510030678526934768493446577423292107955202346198874 0 0 0 0 1 0 0 0 0 0 0 0 0 0 0 0 0 0 0 0 0 0 0 0 0 0 0 0 0 0 0 0 0 0 0 0 0 0 0 0 0 0 0 0 0 0 0 0 0 0 0 0 0 0 0 0 0 0 0 0 0 0 0 0 0 0 0 0 0 0 0 0 0 0 0 0 0 0 0 0 0 0 0 0 0 0 0 0 0 0 0 0 0 0 0 0 0 0]
[5349737923634392748472286822293597338647903519011807169486560056116133137234520893490185199073823844424602927447860363789730099676617260911926562606431555256849316350653783413211258310741415868696353357895989713111658983634819788447007467199266360305838045269868309888922071934881317673652965731108 0 0 0 0 0 1 0 0 0 0 0 0 0 0 0 0 0 0 0 0 0 0 0 0 0 0 0 0 0 0 0 0 0 0 0 0 0 0 0 0 0 0 0 0 0 0 0 0 0 0 0 0 0 0 0 0 0 0 0 0 0 0 0 0 0 0 0 0 0 0 0 0 0 0 0 0 0 0 0 0 0 0 0 0 0 0 0 0 0 0 0 0 0 0 0 0 0 0]
[3435043613723198502662661978103039917720026831465015530123775494605521411026388241458102734975699636874549470014750473567509192331609016889746519389108370311626476499817860204709999846508436548702436871830100591225476939368169117164567149258395996940970828860509378136179686801673117762119704272512 0 0 0 0 0 0 1 0 0 0 0 0 0 0 0 0 0 0 0 0 0 0 0 0 0 0 0 0 0 0 0 0 0 0 0 0 0 0 0 0 0 0 0 0 0 0 0 0 0 0 0 0 0 0 0 0 0 0 0 0 0 0 0 0 0 0 0 0 0 0 0 0 0 0 0 0 0 0 0 0 0 0 0 0 0 0 0 0 0 0 0 0 0 0 0 0 0 0]
[8374374617089862246812450554640792802822061052231888113033748017865882832015290214355596762738657427706935391240131238083504798734059970591686709451751592466025013627049462898847595974761289270287659640188230927476547991028003094837186255499232588744385459305230592389715257287917593423871599689897 0 0 0 0 0 0 0 1 0 0 0 0 0 0 0 0 0 0 0 0 0 0 0 0 0 0 0 0 0 0 0 0 0 0 0 0 0 0 0 0 0 0 0 0 0 0 0 0 0 0 0 0 0 0 0 0 0 0 0 0 0 0 0 0 0 0 0 0 0 0 0 0 0 0 0 0 0 0 0 0 0 0 0 0 0 0 0 0 0 0 0 0 0 0 0 0 0 0]
[8041458087386726329393638597567602005149381825668433801244469397644728007131862598110621026217166719916475013815519272477993758884393486863883347250062592595153853638244237975624152679816709777876001945826195087188902611044079171675835673976353066079588190139844988685737339926752495862705130906824 0 0 0 0 0 0 0 0 1 0 0 0 0 0 0 0 0 0 0 0 0 0 0 0 0 0 0 0 0 0 0 0 0 0 0 0 0 0 0 0 0 0 0 0 0 0 0 0 0 0 0 0 0 0 0 0 0 0 0 0 0 0 0 0 0 0 0 0 0 0 0 0 0 0 0 0 0 0 0 0 0 0 0 0 0 0 0 0 0 0 0 0 0 0 0 0 0 0]
[4438590055734311138634526361195260723806038781891544602351227599608020892945400796503988264082759787159498241298100639283453329554348043782305307939743006234647836142003479395072568080093087378483232786374976300727012926803805774719927435844087917577198055664905188989854184128577351790211016596835 0 0 0 0 0 0 0 0 0 1 0 0 0 0 0 0 0 0 0 0 0 0 0 0 0 0 0 0 0 0 0 0 0 0 0 0 0 0 0 0 0 0 0 0 0 0 0 0 0 0 0 0 0 0 0 0 0 0 0 0 0 0 0 0 0 0 0 0 0 0 0 0 0 0 0 0 0 0 0 0 0 0 0 0 0 0 0 0 0 0 0 0 0 0 0 0 0 0]
[8075611635869861450126343510172359697718609491448191675850775046700784025864189064544810355457438719698844630839447159152713353438928087623360537797374283859927451541757140026829042512332874216889879812247278975722631494218771787194945276621829809993122080609626142018569970479281188937821881494149 0 0 0 0 0 0 0 0 0 0 1 0 0 0 0 0 0 0 0 0 0 0 0 0 0 0 0 0 0 0 0 0 0 0 0 0 0 0 0 0 0 0 0 0 0 0 0 0 0 0 0 0 0 0 0 0 0 0 0 0 0 0 0 0 0 0 0 0 0 0 0 0 0 0 0 0 0 0 0 0 0 0 0 0 0 0 0 0 0 0 0 0 0 0 0 0 0 0]
[3276849508743906848265374791814622239055829955320293687752543777208171027498429555974702073268923117791939547302935061471907486004478623738495689930695603717297934590593992990208013660435648650992213319120614900518519588512719516800722354079706838450244840056730657821036218857789548551729972251661 0 0 0 0 0 0 0 0 0 0 0 1 0 0 0 0 0 0 0 0 0 0 0 0 0 0 0 0 0 0 0 0 0 0 0 0 0 0 0 0 0 0 0 0 0 0 0 0 0 0 0 0 0 0 0 0 0 0 0 0 0 0 0 0 0 0 0 0 0 0 0 0 0 0 0 0 0 0 0 0 0 0 0 0 0 0 0 0 0 0 0 0 0 0 0 0 0 0]
[1949659705423753062388775275016832513733276675091206340787766186561019811435771253533861397164681352143000602060614407806496838473657002972815296326824560946904468029115034523918664684366073126839846625521771664449274037213418022049469314367897550444671257369200670050354961753024720270481847989247 0 0 0 0 0 0 0 0 0 0 0 0 1 0 0 0 0 0 0 0 0 0 0 0 0 0 0 0 0 0 0 0 0 0 0 0 0 0 0 0 0 0 0 0 0 0 0 0 0 0 0 0 0 0 0 0 0 0 0 0 0 0 0 0 0 0 0 0 0 0 0 0 0 0 0 0 0 0 0 0 0 0 0 0 0 0 0 0 0 0 0 0 0 0 0 0 0 0]
[2024167625439410580823676838539960945336573351716276700483341134285699317800132851163695569066214318335826480050413739323917369270000594291546821376640903846172857480519125982386729692346882232357795242914326482375063051004609456767513106022803111501209252882016967350710613478907102872536410984216 0 0 0 0 0 0 0 0 0 0 0 0 0 1 0 0 0 0 0 0 0 0 0 0 0 0 0 0 0 0 0 0 0 0 0 0 0 0 0 0 0 0 0 0 0 0 0 0 0 0 0 0 0 0 0 0 0 0 0 0 0 0 0 0 0 0 0 0 0 0 0 0 0 0 0 0 0 0 0 0 0 0 0 0 0 0 0 0 0 0 0 0 0 0 0 0 0 0]
[3001441419710784296983351127685643511180659431005734860882704000913355177421965872512124863375229563107742231898753980641365955471433657849287420284856480935089047151170470388977467953154527472576977505379339990375036604771633456298758466686616675654955987350334796499698556630043245741265500179077 0 0 0 0 0 0 0 0 0 0 0 0 0 0 1 0 0 0 0 0 0 0 0 0 0 0 0 0 0 0 0 0 0 0 0 0 0 0 0 0 0 0 0 0 0 0 0 0 0 0 0 0 0 0 0 0 0 0 0 0 0 0 0 0 0 0 0 0 0 0 0 0 0 0 0 0 0 0 0 0 0 0 0 0 0 0 0 0 0 0 0 0 0 0 0 0 0 0]
[7666323592540256485151836771296998555709548100479448688308572550365092357030721109304022892733565949407133598498316028817346571611948549117932408475103931555915365838873110843598273543831577001561452213288031433367672624433795188623061256665681133323323439782386645351985595680100908765732049829460 0 0 0 0 0 0 0 0 0 0 0 0 0 0 0 1 0 0 0 0 0 0 0 0 0 0 0 0 0 0 0 0 0 0 0 0 0 0 0 0 0 0 0 0 0 0 0 0 0 0 0 0 0 0 0 0 0 0 0 0 0 0 0 0 0 0 0 0 0 0 0 0 0 0 0 0 0 0 0 0 0 0 0 0 0 0 0 0 0 0 0 0 0 0 0 0 0 0]
[2709385725263858915682365821485883943365578791969761479237787203014916515503925707889800825796066616482281599690907687510885318144091978485401553786885217378305962527798929748432692795765297117325386358575951054982673420529647055094117227768973325695334655954056000373251605573191533022264079944107 0 0 0 0 0 0 0 0 0 0 0 0 0 0 0 0 1 0 0 0 0 0 0 0 0 0 0 0 0 0 0 0 0 0 0 0 0 0 0 0 0 0 0 0 0 0 0 0 0 0 0 0 0 0 0 0 0 0 0 0 0 0 0 0 0 0 0 0 0 0 0 0 0 0 0 0 0 0 0 0 0 0 0 0 0 0 0 0 0 0 0 0 0 0 0 0 0 0]
[5364149787831455098259024554837042585236334850712275774893626942868706545189885583118856072145833666216267366927077730971144646120408230469918172245884194895163521891061557415566452265828105972319091849869059734381624241603768483220367552126057737574703164814513049882619502306427887197422285184962 0 0 0 0 0 0 0 0 0 0 0 0 0 0 0 0 0 1 0 0 0 0 0 0 0 0 0 0 0 0 0 0 0 0 0 0 0 0 0 0 0 0 0 0 0 0 0 0 0 0 0 0 0 0 0 0 0 0 0 0 0 0 0 0 0 0 0 0 0 0 0 0 0 0 0 0 0 0 0 0 0 0 0 0 0 0 0 0 0 0 0 0 0 0 0 0 0 0]
[7921790648091493725026727492261068984069411395629404228916563118518076981308208651829099368865679921955280190812206588114862689945069376062925261676254237047632040711794705692774970261790187207822631682950261988729998636253027314491110550916625170024667285851219931272876801335770143504067167890239 0 0 0 0 0 0 0 0 0 0 0 0 0 0 0 0 0 0 1 0 0 0 0 0 0 0 0 0 0 0 0 0 0 0 0 0 0 0 0 0 0 0 0 0 0 0 0 0 0 0 0 0 0 0 0 0 0 0 0 0 0 0 0 0 0 0 0 0 0 0 0 0 0 0 0 0 0 0 0 0 0 0 0 0 0 0 0 0 0 0 0 0 0 0 0 0 0 0]
[2330518800310683622942055703754284500519016991901162986434237999252074462086508128369660604421911187082329057996448557569843015235216651559312929284979555735473868036248839786296357002824898857390049604363119567190186766373474737462357665990223816504049136306403186213251770076142272541223577287256 0 0 0 0 0 0 0 0 0 0 0 0 0 0 0 0 0 0 0 1 0 0 0 0 0 0 0 0 0 0 0 0 0 0 0 0 0 0 0 0 0 0 0 0 0 0 0 0 0 0 0 0 0 0 0 0 0 0 0 0 0 0 0 0 0 0 0 0 0 0 0 0 0 0 0 0 0 0 0 0 0 0 0 0 0 0 0 0 0 0 0 0 0 0 0 0 0 0]
[2578967749943978757321809666736546522610275566247967270528757204998328366089091581368025549842450945249212803876689598491818809308161597078730279107604569637305610482772529839310854081497275626477502185952620058799926220589362381282910174504283973931307499473275172489888338697979090723204848049309 0 0 0 0 0 0 0 0 0 0 0 0 0 0 0 0 0 0 0 0 1 0 0 0 0 0 0 0 0 0 0 0 0 0 0 0 0 0 0 0 0 0 0 0 0 0 0 0 0 0 0 0 0 0 0 0 0 0 0 0 0 0 0 0 0 0 0 0 0 0 0 0 0 0 0 0 0 0 0 0 0 0 0 0 0 0 0 0 0 0 0 0 0 0 0 0 0 0]
[6073225381322609880072053185955159305024102397668152075053119943946617412072062880010063861774549233252366604641725270644544951077271492927438943914675779519205312525401286486560709333776020157087056027512709510376263981748152223482889347902976908659344369391297262345050330580001363485304218119482 0 0 0 0 0 0 0 0 0 0 0 0 0 0 0 0 0 0 0 0 0 1 0 0 0 0 0 0 0 0 0 0 0 0 0 0 0 0 0 0 0 0 0 0 0 0 0 0 0 0 0 0 0 0 0 0 0 0 0 0 0 0 0 0 0 0 0 0 0 0 0 0 0 0 0 0 0 0 0 0 0 0 0 0 0 0 0 0 0 0 0 0 0 0 0 0 0 0]
[1603755955944242592707123199761173142039821135022199181479869769972395044033876552297126989209180627689003011622590601549371837648153276708489766207401699641232431077024367780193996980225614726697356232429908118867420141669671248281222510780549517100609191685152220952751956713647179238657103600244 0 0 0 0 0 0 0 0 0 0 0 0 0 0 0 0 0 0 0 0 0 0 1 0 0 0 0 0 0 0 0 0 0 0 0 0 0 0 0 0 0 0 0 0 0 0 0 0 0 0 0 0 0 0 0 0 0 0 0 0 0 0 0 0 0 0 0 0 0 0 0 0 0 0 0 0 0 0 0 0 0 0 0 0 0 0 0 0 0 0 0 0 0 0 0 0 0 0]
[3628646186436212693652924806779025561616991609140421573358870100223396743640987595322294130208618999983510011366177742892168533164389903150812213194094128208379223792199472504373266482769507248624949559555539061350710003955293342883594887155565539077460881458275290469155604232738095767237197719711 0 0 0 0 0 0 0 0 0 0 0 0 0 0 0 0 0 0 0 0 0 0 0 1 0 0 0 0 0 0 0 0 0 0 0 0 0 0 0 0 0 0 0 0 0 0 0 0 0 0 0 0 0 0 0 0 0 0 0 0 0 0 0 0 0 0 0 0 0 0 0 0 0 0 0 0 0 0 0 0 0 0 0 0 0 0 0 0 0 0 0 0 0 0 0 0 0 0]
[3518315622392696850733443856586679664500286529224174202789404739922627593491048468410325224329821346465055498471120546209238315872522532263537021824191977242557959705463039528233186229442436481580543313842900599176824946734990700621703381102262017056800468501359463363937456628832028232957832518908 0 0 0 0 0 0 0 0 0 0 0 0 0 0 0 0 0 0 0 0 0 0 0 0 1 0 0 0 0 0 0 0 0 0 0 0 0 0 0 0 0 0 0 0 0 0 0 0 0 0 0 0 0 0 0 0 0 0 0 0 0 0 0 0 0 0 0 0 0 0 0 0 0 0 0 0 0 0 0 0 0 0 0 0 0 0 0 0 0 0 0 0 0 0 0 0 0 0]
[3283484499036129540021165794868252107719100915509524846945931004820394755487562224564818357455098872505633659902249992116377202306806524800746809663650253556276751199178016085678602318215772933030393618152561672266273910020058119484186273495197249281712428434509699745803756706518512000699469744736 0 0 0 0 0 0 0 0 0 0 0 0 0 0 0 0 0 0 0 0 0 0 0 0 0 1 0 0 0 0 0 0 0 0 0 0 0 0 0 0 0 0 0 0 0 0 0 0 0 0 0 0 0 0 0 0 0 0 0 0 0 0 0 0 0 0 0 0 0 0 0 0 0 0 0 0 0 0 0 0 0 0 0 0 0 0 0 0 0 0 0 0 0 0 0 0 0 0]
[5415408749572631980423091769748035131082724140303111964216126015438944538666956200670614835239733891295090950303372807163127079492443225466937513706682619117874296711397318914980637772988304329417387505807436274220875817721613178326676640534613910651467456734206547202004875551826743154124399426244 0 0 0 0 0 0 0 0 0 0 0 0 0 0 0 0 0 0 0 0 0 0 0 0 0 0 1 0 0 0 0 0 0 0 0 0 0 0 0 0 0 0 0 0 0 0 0 0 0 0 0 0 0 0 0 0 0 0 0 0 0 0 0 0 0 0 0 0 0 0 0 0 0 0 0 0 0 0 0 0 0 0 0 0 0 0 0 0 0 0 0 0 0 0 0 0 0 0]
[2739271216939658769225827757437803064968813253651236414969035382014049431511193652888171643131696406846821071226810272984280475517949395992964734366360944457972310687044991945479495975710220248208168647244561979253537601612048133274049740370697148393068684458222028117775866704070653750237643415509 0 0 0 0 0 0 0 0 0 0 0 0 0 0 0 0 0 0 0 0 0 0 0 0 0 0 0 1 0 0 0 0 0 0 0 0 0 0 0 0 0 0 0 0 0 0 0 0 0 0 0 0 0 0 0 0 0 0 0 0 0 0 0 0 0 0 0 0 0 0 0 0 0 0 0 0 0 0 0 0 0 0 0 0 0 0 0 0 0 0 0 0 0 0 0 0 0 0]
[4814819569413877304260164234046151358544970846050496471276750499537402441918482594711719831343673062712689257852394590594523243617476020475946887798655623038420769840087366420399278944682824199377867603112677089315137399238415236211953698991900418429619699605069817936238851733881808339866411449298 0 0 0 0 0 0 0 0 0 0 0 0 0 0 0 0 0 0 0 0 0 0 0 0 0 0 0 0 1 0 0 0 0 0 0 0 0 0 0 0 0 0 0 0 0 0 0 0 0 0 0 0 0 0 0 0 0 0 0 0 0 0 0 0 0 0 0 0 0 0 0 0 0 0 0 0 0 0 0 0 0 0 0 0 0 0 0 0 0 0 0 0 0 0 0 0 0 0]
[7436329823937480993623462215825842429090651258159127597309354991451845727111345977433372575394395106924732561988107211107812419083210136738440574708264316099617074083081721404697944105680492406982085060265147178892765773120940839099958246667197124001371521065645289154317286524036553114063257974352 0 0 0 0 0 0 0 0 0 0 0 0 0 0 0 0 0 0 0 0 0 0 0 0 0 0 0 0 0 1 0 0 0 0 0 0 0 0 0 0 0 0 0 0 0 0 0 0 0 0 0 0 0 0 0 0 0 0 0 0 0 0 0 0 0 0 0 0 0 0 0 0 0 0 0 0 0 0 0 0 0 0 0 0 0 0 0 0 0 0 0 0 0 0 0 0 0 0]
[4638720694476388777749400290425822636357191610587972672737084426917362219139489121812980864204715437962417197342651404890672792404379608940183749836201909453338205992012739989042191289286888285825072638622422154412457455777366746303818873010924256937027033415653524187161017023630650634227980146575 0 0 0 0 0 0 0 0 0 0 0 0 0 0 0 0 0 0 0 0 0 0 0 0 0 0 0 0 0 0 1 0 0 0 0 0 0 0 0 0 0 0 0 0 0 0 0 0 0 0 0 0 0 0 0 0 0 0 0 0 0 0 0 0 0 0 0 0 0 0 0 0 0 0 0 0 0 0 0 0 0 0 0 0 0 0 0 0 0 0 0 0 0 0 0 0 0 0]
[2445906196266217815551912748298857354166747898261941743103414904891791375705612913893105598124215720269302635448507835817532286497572732713673574643095442451373804668982960201798899545170327897591463517404897425916003809516948697489730474611899670658657558790033119406495663323171657635703132097477 0 0 0 0 0 0 0 0 0 0 0 0 0 0 0 0 0 0 0 0 0 0 0 0 0 0 0 0 0 0 0 1 0 0 0 0 0 0 0 0 0 0 0 0 0 0 0 0 0 0 0 0 0 0 0 0 0 0 0 0 0 0 0 0 0 0 0 0 0 0 0 0 0 0 0 0 0 0 0 0 0 0 0 0 0 0 0 0 0 0 0 0 0 0 0 0 0 0]
[4481090178107595245284103047341644878600644191154179012512229018384635891970104746838269567917523526218760370746180348681759836071250334620727960884920172923864070036562709090959716400130340246603066406274802201446659307442438581821190108040125517598412037187664766858805382184068169177300618187001 0 0 0 0 0 0 0 0 0 0 0 0 0 0 0 0 0 0 0 0 0 0 0 0 0 0 0 0 0 0 0 0 1 0 0 0 0 0 0 0 0 0 0 0 0 0 0 0 0 0 0 0 0 0 0 0 0 0 0 0 0 0 0 0 0 0 0 0 0 0 0 0 0 0 0 0 0 0 0 0 0 0 0 0 0 0 0 0 0 0 0 0 0 0 0 0 0 0]
[7511956466969226902868935468449987163264885954620544078957530073837917522567995970067726350725807513987587625874500509795943630758288078572645411219449784678953271704364232734976358417702913367546641675750242020422328120634711427551696356095414420460197418165212572090190521469828546198385272043004 0 0 0 0 0 0 0 0 0 0 0 0 0 0 0 0 0 0 0 0 0 0 0 0 0 0 0 0 0 0 0 0 0 1 0 0 0 0 0 0 0 0 0 0 0 0 0 0 0 0 0 0 0 0 0 0 0 0 0 0 0 0 0 0 0 0 0 0 0 0 0 0 0 0 0 0 0 0 0 0 0 0 0 0 0 0 0 0 0 0 0 0 0 0 0 0 0 0]
[1093586159314434599860296898532579429743526298019975458182610229107557909923758902944510063081050347900134712434147986864826906372257267180219338518188929708495638739523608952069289685078003667680965583399420594498827035588921945460208080515843447881048563847645957282999856321568840314850056868025 0 0 0 0 0 0 0 0 0 0 0 0 0 0 0 0 0 0 0 0 0 0 0 0 0 0 0 0 0 0 0 0 0 0 1 0 0 0 0 0 0 0 0 0 0 0 0 0 0 0 0 0 0 0 0 0 0 0 0 0 0 0 0 0 0 0 0 0 0 0 0 0 0 0 0 0 0 0 0 0 0 0 0 0 0 0 0 0 0 0 0 0 0 0 0 0 0 0]
[6638138681964461158918752086420786273650431632128012835220509144186905744840212918354446309336853747062243101540347164211700904984635342269344136894405941687902678255574321508382289981791806665130296543194700629851193809656974897874096781020210698118708903271661153196696045782285417219546505105063 0 0 0 0 0 0 0 0 0 0 0 0 0 0 0 0 0 0 0 0 0 0 0 0 0 0 0 0 0 0 0 0 0 0 0 1 0 0 0 0 0 0 0 0 0 0 0 0 0 0 0 0 0 0 0 0 0 0 0 0 0 0 0 0 0 0 0 0 0 0 0 0 0 0 0 0 0 0 0 0 0 0 0 0 0 0 0 0 0 0 0 0 0 0 0 0 0 0]
[3393048244883729349108500724807386499839779516304513965370763539372678744232728438894638441383759591956625903923353312173944358094511622658708030698011218230292024582090948804503055125266138358489346489809604645805040192964986724576140872152291223297408632399311770427191652487840544940242371687555 0 0 0 0 0 0 0 0 0 0 0 0 0 0 0 0 0 0 0 0 0 0 0 0 0 0 0 0 0 0 0 0 0 0 0 0 1 0 0 0 0 0 0 0 0 0 0 0 0 0 0 0 0 0 0 0 0 0 0 0 0 0 0 0 0 0 0 0 0 0 0 0 0 0 0 0 0 0 0 0 0 0 0 0 0 0 0 0 0 0 0 0 0 0 0 0 0 0]
[3579445736632079989307139167577025619247717273115609451273594979861264630328960986595683109704243068591885198828668335207165821449779975535753026601937310880276375831385252803621239841354398544417441254965347802199773494815493947011597980285879443160977370010131998219882653270337710879642167510661 0 0 0 0 0 0 0 0 0 0 0 0 0 0 0 0 0 0 0 0 0 0 0 0 0 0 0 0 0 0 0 0 0 0 0 0 0 1 0 0 0 0 0 0 0 0 0 0 0 0 0 0 0 0 0 0 0 0 0 0 0 0 0 0 0 0 0 0 0 0 0 0 0 0 0 0 0 0 0 0 0 0 0 0 0 0 0 0 0 0 0 0 0 0 0 0 0 0]
[274477395304345498939742428050692661573071874280497245907820432786932762271127365823396474705395153977172745925715559792918936349141838003828435383889030438808521367951069377401917613509366054967271055699244312851330037991567134373095026838910995273439185415549833900035435223288156887366278387801 0 0 0 0 0 0 0 0 0 0 0 0 0 0 0 0 0 0 0 0 0 0 0 0 0 0 0 0 0 0 0 0 0 0 0 0 0 0 1 0 0 0 0 0 0 0 0 0 0 0 0 0 0 0 0 0 0 0 0 0 0 0 0 0 0 0 0 0 0 0 0 0 0 0 0 0 0 0 0 0 0 0 0 0 0 0 0 0 0 0 0 0 0 0 0 0 0 0]
[7525164704700289044903702444465866067923992201520807779338564372550481890988892324631983668173068736554930196963823211368908591525938734228935841884475406326431039918011351903875950413071901676754703952822382311497526313566497424777315766916322680701391090984831085294224379685366808672197151009118 0 0 0 0 0 0 0 0 0 0 0 0 0 0 0 0 0 0 0 0 0 0 0 0 0 0 0 0 0 0 0 0 0 0 0 0 0 0 0 1 0 0 0 0 0 0 0 0 0 0 0 0 0 0 0 0 0 0 0 0 0 0 0 0 0 0 0 0 0 0 0 0 0 0 0 0 0 0 0 0 0 0 0 0 0 0 0 0 0 0 0 0 0 0 0 0 0 0]
[5535213508808352339173161334944064098938393561662556978301496095065713200677849834852194708856768957100671168065986308311575648560256440467078474078669506229013950746647017521873166364009858620665337247256953151694074973344174927577723045489038181264345649901916850767179475133090552532333034933002 0 0 0 0 0 0 0 0 0 0 0 0 0 0 0 0 0 0 0 0 0 0 0 0 0 0 0 0 0 0 0 0 0 0 0 0 0 0 0 0 1 0 0 0 0 0 0 0 0 0 0 0 0 0 0 0 0 0 0 0 0 0 0 0 0 0 0 0 0 0 0 0 0 0 0 0 0 0 0 0 0 0 0 0 0 0 0 0 0 0 0 0 0 0 0 0 0 0]
[611856630129442842018465104311321822544100771539043929997395606606951285614896130969073940111184662127809509329434358658604244619875076566509271488454338289127658987458766115565968048276669176657505718520142343903382625695176782970577584796369818345493846491505916454477309100959003195356906664661 0 0 0 0 0 0 0 0 0 0 0 0 0 0 0 0 0 0 0 0 0 0 0 0 0 0 0 0 0 0 0 0 0 0 0 0 0 0 0 0 0 1 0 0 0 0 0 0 0 0 0 0 0 0 0 0 0 0 0 0 0 0 0 0 0 0 0 0 0 0 0 0 0 0 0 0 0 0 0 0 0 0 0 0 0 0 0 0 0 0 0 0 0 0 0 0 0 0]
[7453574216897434229922961573890258928404928305731655817454982139958640033483771346425065984951557054614823659651422022590471728915309935115851240816910777204546246350443749345220228362440739719343159390333766008982670730604068168080310237697828580665402707862382755944342629583592442312970784831458 0 0 0 0 0 0 0 0 0 0 0 0 0 0 0 0 0 0 0 0 0 0 0 0 0 0 0 0 0 0 0 0 0 0 0 0 0 0 0 0 0 0 1 0 0 0 0 0 0 0 0 0 0 0 0 0 0 0 0 0 0 0 0 0 0 0 0 0 0 0 0 0 0 0 0 0 0 0 0 0 0 0 0 0 0 0 0 0 0 0 0 0 0 0 0 0 0 0]
[2083481451911299765013522399671168241459061721907047108601341339556871862544438930943614676763059174637429452959361279830408442527777065158006062238111021839022085665093382643444921771752963531389981630146672777408073767456900610994330651021835260622158960973308566748956305034512368344131258110121 0 0 0 0 0 0 0 0 0 0 0 0 0 0 0 0 0 0 0 0 0 0 0 0 0 0 0 0 0 0 0 0 0 0 0 0 0 0 0 0 0 0 0 1 0 0 0 0 0 0 0 0 0 0 0 0 0 0 0 0 0 0 0 0 0 0 0 0 0 0 0 0 0 0 0 0 0 0 0 0 0 0 0 0 0 0 0 0 0 0 0 0 0 0 0 0 0 0]
[5338786863597889802184043339044989910113685390657713659024311153581884428402910476328730739377757998100149753249677611483080240957919119063347225210770494774888174444796485634817261595242520651560168684279226332270888282725479304784640164746392009539130748338272935641791378212354147722343735892307 0 0 0 0 0 0 0 0 0 0 0 0 0 0 0 0 0 0 0 0 0 0 0 0 0 0 0 0 0 0 0 0 0 0 0 0 0 0 0 0 0 0 0 0 1 0 0 0 0 0 0 0 0 0 0 0 0 0 0 0 0 0 0 0 0 0 0 0 0 0 0 0 0 0 0 0 0 0 0 0 0 0 0 0 0 0 0 0 0 0 0 0 0 0 0 0 0 0]
[487581735661317890657161869930391959712381991306605352849115191684499475320447029703213956817048740096764687755103430414857666209627781912924269577558191599559505825190986561765603827066315144921601067324187566624136243220960919121986117342088523062908265683998325571643551688132793666454165406053 0 0 0 0 0 0 0 0 0 0 0 0 0 0 0 0 0 0 0 0 0 0 0 0 0 0 0 0 0 0 0 0 0 0 0 0 0 0 0 0 0 0 0 0 0 1 0 0 0 0 0 0 0 0 0 0 0 0 0 0 0 0 0 0 0 0 0 0 0 0 0 0 0 0 0 0 0 0 0 0 0 0 0 0 0 0 0 0 0 0 0 0 0 0 0 0 0 0]
[584603175121589193575799982586238610319042485096165602415677530143135186669940231450517968540761680309519199677870488610148551926834325878258711986048137837610318253688821132784355071262401175627170878287114525307694449860255574539051965888348300110630193196950830982933620515955680055968641787588 0 0 0 0 0 0 0 0 0 0 0 0 0 0 0 0 0 0 0 0 0 0 0 0 0 0 0 0 0 0 0 0 0 0 0 0 0 0 0 0 0 0 0 0 0 0 1 0 0 0 0 0 0 0 0 0 0 0 0 0 0 0 0 0 0 0 0 0 0 0 0 0 0 0 0 0 0 0 0 0 0 0 0 0 0 0 0 0 0 0 0 0 0 0 0 0 0 0]
[154172851686648324078382805611216189265636496128756891721250442012992584349282568081594545413751558532694924939549792032786428210322171336538658606691497342658707196143475696862289223414736079776228379391055939286832573690327494167379412658209428472101814030545749783961351754278504674344749225726 0 0 0 0 0 0 0 0 0 0 0 0 0 0 0 0 0 0 0 0 0 0 0 0 0 0 0 0 0 0 0 0 0 0 0 0 0 0 0 0 0 0 0 0 0 0 0 1 0 0 0 0 0 0 0 0 0 0 0 0 0 0 0 0 0 0 0 0 0 0 0 0 0 0 0 0 0 0 0 0 0 0 0 0 0 0 0 0 0 0 0 0 0 0 0 0 0 0]
[2349612853487945217005277639061211345163293898698045791642908214376462073155740839401297962102503279505751633724984519158304034865261902041400759367542284569960218475585246358855972384707470539233255300748035454478002522897660931519171997876475137082005600286812643042144470263506803501982864483264 0 0 0 0 0 0 0 0 0 0 0 0 0 0 0 0 0 0 0 0 0 0 0 0 0 0 0 0 0 0 0 0 0 0 0 0 0 0 0 0 0 0 0 0 0 0 0 0 1 0 0 0 0 0 0 0 0 0 0 0 0 0 0 0 0 0 0 0 0 0 0 0 0 0 0 0 0 0 0 0 0 0 0 0 0 0 0 0 0 0 0 0 0 0 0 0 0 0]
[5009735622094011114203251366141265675249709460865423648350077743361859864540300426885439865477782759272383131346561187585382661257573438107173562863212074556508651421787958322019751280402737561923507352279721647674974744338429853125901987012956783924426765740083325867789967995167662888918096474489 0 0 0 0 0 0 0 0 0 0 0 0 0 0 0 0 0 0 0 0 0 0 0 0 0 0 0 0 0 0 0 0 0 0 0 0 0 0 0 0 0 0 0 0 0 0 0 0 0 1 0 0 0 0 0 0 0 0 0 0 0 0 0 0 0 0 0 0 0 0 0 0 0 0 0 0 0 0 0 0 0 0 0 0 0 0 0 0 0 0 0 0 0 0 0 0 0 0]
[3731393538666336368409125341962183701263250806933665815096206738297606464866775321847609775235340615695101333795023663529236160766274009407303300185987349628679781994325903410010351339491276187053161342368988113545673094159200972436877647429741351366485759745221929264823186850083418533688063735807 0 0 0 0 0 0 0 0 0 0 0 0 0 0 0 0 0 0 0 0 0 0 0 0 0 0 0 0 0 0 0 0 0 0 0 0 0 0 0 0 0 0 0 0 0 0 0 0 0 0 1 0 0 0 0 0 0 0 0 0 0 0 0 0 0 0 0 0 0 0 0 0 0 0 0 0 0 0 0 0 0 0 0 0 0 0 0 0 0 0 0 0 0 0 0 0 0 0]
[854987549322172972885011112312433041799351736521441211027156653168465622886194375883550434458706661699937128104586401592071125169122217891342359678307913488055367815036777515525618494329170629575466834582530699912056686913328169131464038468494488407161006294515550746948612886030848812600885503349 0 0 0 0 0 0 0 0 0 0 0 0 0 0 0 0 0 0 0 0 0 0 0 0 0 0 0 0 0 0 0 0 0 0 0 0 0 0 0 0 0 0 0 0 0 0 0 0 0 0 0 1 0 0 0 0 0 0 0 0 0 0 0 0 0 0 0 0 0 0 0 0 0 0 0 0 0 0 0 0 0 0 0 0 0 0 0 0 0 0 0 0 0 0 0 0 0 0]
[8216409215136292624951513478098845955722395235835186457322133874700330183169998314634550817765012231915673164275957890324250663342419111160379603951249092916426237377974256010109228453729126211243471528211264187604009511876127110747061443210106923814072268832416515349994013019610105682993812475635 0 0 0 0 0 0 0 0 0 0 0 0 0 0 0 0 0 0 0 0 0 0 0 0 0 0 0 0 0 0 0 0 0 0 0 0 0 0 0 0 0 0 0 0 0 0 0 0 0 0 0 0 1 0 0 0 0 0 0 0 0 0 0 0 0 0 0 0 0 0 0 0 0 0 0 0 0 0 0 0 0 0 0 0 0 0 0 0 0 0 0 0 0 0 0 0 0 0]
[3766601914192264585134734422651533269044808695856482632603926311579263067851494469662568067785149935645942029655246971707372645341243056723802174212143256250403179016719131354593736267113471548749925407628320694084072224665092754235209635000428939445033073946854319006423540954318809839488984364134 0 0 0 0 0 0 0 0 0 0 0 0 0 0 0 0 0 0 0 0 0 0 0 0 0 0 0 0 0 0 0 0 0 0 0 0 0 0 0 0 0 0 0 0 0 0 0 0 0 0 0 0 0 1 0 0 0 0 0 0 0 0 0 0 0 0 0 0 0 0 0 0 0 0 0 0 0 0 0 0 0 0 0 0 0 0 0 0 0 0 0 0 0 0 0 0 0 0]
[5404166361504460664403399696523797795095458557684028914213999190847847335014185452203977395437716877363913635124957175926179477217650953267757922421259216019163556038076487950485156687190271655069826937601507262485036130121584042010053443385292946557910494996631538536596463239235008666030950587887 0 0 0 0 0 0 0 0 0 0 0 0 0 0 0 0 0 0 0 0 0 0 0 0 0 0 0 0 0 0 0 0 0 0 0 0 0 0 0 0 0 0 0 0 0 0 0 0 0 0 0 0 0 0 1 0 0 0 0 0 0 0 0 0 0 0 0 0 0 0 0 0 0 0 0 0 0 0 0 0 0 0 0 0 0 0 0 0 0 0 0 0 0 0 0 0 0 0]
[4136217359334587583600749006937432472302549896760854069428183901044517870034789986584281062547757348288669973528598845815208789565504460863955315942305885665431071013427161066991993667406822551673867370589771483485475590291722494147343804254986334631139791803566161439191525446533872480671025277852 0 0 0 0 0 0 0 0 0 0 0 0 0 0 0 0 0 0 0 0 0 0 0 0 0 0 0 0 0 0 0 0 0 0 0 0 0 0 0 0 0 0 0 0 0 0 0 0 0 0 0 0 0 0 0 1 0 0 0 0 0 0 0 0 0 0 0 0 0 0 0 0 0 0 0 0 0 0 0 0 0 0 0 0 0 0 0 0 0 0 0 0 0 0 0 0 0 0]
[4952059029010590109496962292442258592511333339861166724300676933310268266250833933567464270505450381745317880822819023223748425611476476528374246374274910297647597903518413524765400487209297259797562387441847108091068655382659732044707490177865625737063853751796654365578340874068118256304393238716 0 0 0 0 0 0 0 0 0 0 0 0 0 0 0 0 0 0 0 0 0 0 0 0 0 0 0 0 0 0 0 0 0 0 0 0 0 0 0 0 0 0 0 0 0 0 0 0 0 0 0 0 0 0 0 0 1 0 0 0 0 0 0 0 0 0 0 0 0 0 0 0 0 0 0 0 0 0 0 0 0 0 0 0 0 0 0 0 0 0 0 0 0 0 0 0 0 0]
[3959870810578359309518785829301545755328109351988707022633156809713423605625517150492963401421921742549835599992583539047627511553608773934974754705627451083074603623864767352395051416946187486905101923560687388527114030726805250921049722782647074077010550015622401466065789640571897810408995484701 0 0 0 0 0 0 0 0 0 0 0 0 0 0 0 0 0 0 0 0 0 0 0 0 0 0 0 0 0 0 0 0 0 0 0 0 0 0 0 0 0 0 0 0 0 0 0 0 0 0 0 0 0 0 0 0 0 1 0 0 0 0 0 0 0 0 0 0 0 0 0 0 0 0 0 0 0 0 0 0 0 0 0 0 0 0 0 0 0 0 0 0 0 0 0 0 0 0]
[2607974997150255066842162114094961544032293327226658969409873364271159942946789814533179546386238684120827123104263609014304022613752127331410183323392394233032933323152906923767031163000612173062253084987166361122894820221577963353066504259594707165520479906679863611204991378071593860038632002918 0 0 0 0 0 0 0 0 0 0 0 0 0 0 0 0 0 0 0 0 0 0 0 0 0 0 0 0 0 0 0 0 0 0 0 0 0 0 0 0 0 0 0 0 0 0 0 0 0 0 0 0 0 0 0 0 0 0 1 0 0 0 0 0 0 0 0 0 0 0 0 0 0 0 0 0 0 0 0 0 0 0 0 0 0 0 0 0 0 0 0 0 0 0 0 0 0 0]
[5755288146485867807608389767409867282308877238580759955224028874617760939937716862197320688228531785134378993242861687766242370479383047516260102805201137563674914495534834905195688440133304273339610265724938752769277668601865424160494107863232973779150464172473637030274801638292481143851763542979 0 0 0 0 0 0 0 0 0 0 0 0 0 0 0 0 0 0 0 0 0 0 0 0 0 0 0 0 0 0 0 0 0 0 0 0 0 0 0 0 0 0 0 0 0 0 0 0 0 0 0 0 0 0 0 0 0 0 0 1 0 0 0 0 0 0 0 0 0 0 0 0 0 0 0 0 0 0 0 0 0 0 0 0 0 0 0 0 0 0 0 0 0 0 0 0 0 0]
[2514727313913263915520417147845653079142237308835843214302138317616637986359795778615142512890321040539420109268327690555630514157732870803936954269189989125487684794073989913610705012061865169605498221097906401617953733026671416190848840060991922619554415128104765472086090457733334758521724203637 0 0 0 0 0 0 0 0 0 0 0 0 0 0 0 0 0 0 0 0 0 0 0 0 0 0 0 0 0 0 0 0 0 0 0 0 0 0 0 0 0 0 0 0 0 0 0 0 0 0 0 0 0 0 0 0 0 0 0 0 1 0 0 0 0 0 0 0 0 0 0 0 0 0 0 0 0 0 0 0 0 0 0 0 0 0 0 0 0 0 0 0 0 0 0 0 0 0]
[5909740913886421546592107432271519804891635780821213035518464198405879154526249006187521700341570209841184160265404372357924705332920510408492421428144913584036992090220381380248546840638586985814042932215634248289107545845262855866214585048585665984977981293301741054557259030970397275745097709123 0 0 0 0 0 0 0 0 0 0 0 0 0 0 0 0 0 0 0 0 0 0 0 0 0 0 0 0 0 0 0 0 0 0 0 0 0 0 0 0 0 0 0 0 0 0 0 0 0 0 0 0 0 0 0 0 0 0 0 0 0 1 0 0 0 0 0 0 0 0 0 0 0 0 0 0 0 0 0 0 0 0 0 0 0 0 0 0 0 0 0 0 0 0 0 0 0 0]
[8528491306627125832383587987357362087152633850773705177742250471476339216714683803258410920905299603277532278244605970375584226259307159899678784103377450507711995210786721493023191732941792711056449025916468569399989727043823855847301676549475628642485507784894687589887408855378379779931032757084 0 0 0 0 0 0 0 0 0 0 0 0 0 0 0 0 0 0 0 0 0 0 0 0 0 0 0 0 0 0 0 0 0 0 0 0 0 0 0 0 0 0 0 0 0 0 0 0 0 0 0 0 0 0 0 0 0 0 0 0 0 0 1 0 0 0 0 0 0 0 0 0 0 0 0 0 0 0 0 0 0 0 0 0 0 0 0 0 0 0 0 0 0 0 0 0 0 0]
[2278610760162036780079076427406492281630364100767808439593765363557624205693619744974534598452005929859290535719850414225915242270497347015039244280735350819680980702774362300258311171901165978117756115131518551529833495080362491674117997820851427681746444781526564764219576101979790859911895854473 0 0 0 0 0 0 0 0 0 0 0 0 0 0 0 0 0 0 0 0 0 0 0 0 0 0 0 0 0 0 0 0 0 0 0 0 0 0 0 0 0 0 0 0 0 0 0 0 0 0 0 0 0 0 0 0 0 0 0 0 0 0 0 1 0 0 0 0 0 0 0 0 0 0 0 0 0 0 0 0 0 0 0 0 0 0 0 0 0 0 0 0 0 0 0 0 0 0]
[1852384275685585962385101150761582937566998836941489268723976401846652941958055176768377806857925244239676206701448243324257003478398652488927891054731200949118071585722400349645219755951589097253615076340947041660238419691909110731790095614897510270703947174188262374815652032615820567308374021038 0 0 0 0 0 0 0 0 0 0 0 0 0 0 0 0 0 0 0 0 0 0 0 0 0 0 0 0 0 0 0 0 0 0 0 0 0 0 0 0 0 0 0 0 0 0 0 0 0 0 0 0 0 0 0 0 0 0 0 0 0 0 0 0 1 0 0 0 0 0 0 0 0 0 0 0 0 0 0 0 0 0 0 0 0 0 0 0 0 0 0 0 0 0 0 0 0 0]
[7287673471001697339654677851075292007025865046726313629951105291770378241946667091637986001041459846011273436083349990490455539771077905522328568500361655589873656504516304149921308305256231272729166540246446146965042525125997540297465161642633191987133413576003610451478405361866659918993432183079 0 0 0 0 0 0 0 0 0 0 0 0 0 0 0 0 0 0 0 0 0 0 0 0 0 0 0 0 0 0 0 0 0 0 0 0 0 0 0 0 0 0 0 0 0 0 0 0 0 0 0 0 0 0 0 0 0 0 0 0 0 0 0 0 0 1 0 0 0 0 0 0 0 0 0 0 0 0 0 0 0 0 0 0 0 0 0 0 0 0 0 0 0 0 0 0 0 0]
[8097715226861364225228229216027575028054352313186249701136713397099661073275394525423630942500275848639296447211105519629368137426168364073093802949492063673224515829169241388651428679797313226383981542040448543765809608890887939434499648740228441482836982019881267740484090539572843157628222843115 0 0 0 0 0 0 0 0 0 0 0 0 0 0 0 0 0 0 0 0 0 0 0 0 0 0 0 0 0 0 0 0 0 0 0 0 0 0 0 0 0 0 0 0 0 0 0 0 0 0 0 0 0 0 0 0 0 0 0 0 0 0 0 0 0 0 1 0 0 0 0 0 0 0 0 0 0 0 0 0 0 0 0 0 0 0 0 0 0 0 0 0 0 0 0 0 0 0]
[8155915700181963197308508675504335926973019501202286379815194906054038550490002046515536582020959584925749651379294955157342106864581307217537134449387283159693236884654622877567272367344518999671080451782026282747390607574163684338915790163118482103441279189742363580189696084690542564343204993614 0 0 0 0 0 0 0 0 0 0 0 0 0 0 0 0 0 0 0 0 0 0 0 0 0 0 0 0 0 0 0 0 0 0 0 0 0 0 0 0 0 0 0 0 0 0 0 0 0 0 0 0 0 0 0 0 0 0 0 0 0 0 0 0 0 0 0 1 0 0 0 0 0 0 0 0 0 0 0 0 0 0 0 0 0 0 0 0 0 0 0 0 0 0 0 0 0 0]
[5712709380812333900637543062266592615246287475892714773727297446813323877320206644522390142860897589756312936431020245216647028422016504625225358026676397010348594202707742754349803585420737547061074500578019006118605710508036879289290680061893801643025842530001623566508847419098900069390423484478 0 0 0 0 0 0 0 0 0 0 0 0 0 0 0 0 0 0 0 0 0 0 0 0 0 0 0 0 0 0 0 0 0 0 0 0 0 0 0 0 0 0 0 0 0 0 0 0 0 0 0 0 0 0 0 0 0 0 0 0 0 0 0 0 0 0 0 0 1 0 0 0 0 0 0 0 0 0 0 0 0 0 0 0 0 0 0 0 0 0 0 0 0 0 0 0 0 0]
[1869045408247381452144130682137571677152307636075948017154545786203882836299891174011390483578983174332629151687756245267492539133995463979264985353095902687140320223788298777730860738956075667223483529340839107033197770543211706580486465223789432847487679125456012486756228915020418130392260856210 0 0 0 0 0 0 0 0 0 0 0 0 0 0 0 0 0 0 0 0 0 0 0 0 0 0 0 0 0 0 0 0 0 0 0 0 0 0 0 0 0 0 0 0 0 0 0 0 0 0 0 0 0 0 0 0 0 0 0 0 0 0 0 0 0 0 0 0 0 1 0 0 0 0 0 0 0 0 0 0 0 0 0 0 0 0 0 0 0 0 0 0 0 0 0 0 0 0]
[3623904359146330147493249496524289415269535772525001218628957974671909042904160005271159147762381963290081747532353359811061099039335873986026934849524867777333644549034462083506130331842710946925287221052571157981605026355192336342507448201006855996831199394657965984162520996979259768779409839864 0 0 0 0 0 0 0 0 0 0 0 0 0 0 0 0 0 0 0 0 0 0 0 0 0 0 0 0 0 0 0 0 0 0 0 0 0 0 0 0 0 0 0 0 0 0 0 0 0 0 0 0 0 0 0 0 0 0 0 0 0 0 0 0 0 0 0 0 0 0 1 0 0 0 0 0 0 0 0 0 0 0 0 0 0 0 0 0 0 0 0 0 0 0 0 0 0 0]
[6171434791685901492283417951564550177074203686025465763832278036391162149134818770209684822867159680905520963053915283999852445505806955659076370555908229087603132862979335040312892935608672256739217197021910621848499299766144375917316981333350547454281277627551084022859004141659855693026801111736 0 0 0 0 0 0 0 0 0 0 0 0 0 0 0 0 0 0 0 0 0 0 0 0 0 0 0 0 0 0 0 0 0 0 0 0 0 0 0 0 0 0 0 0 0 0 0 0 0 0 0 0 0 0 0 0 0 0 0 0 0 0 0 0 0 0 0 0 0 0 0 1 0 0 0 0 0 0 0 0 0 0 0 0 0 0 0 0 0 0 0 0 0 0 0 0 0 0]
[409337588591803972554191381722043622006647518343983608116822877454488945841090148977370600319390409486199195885540222747032412264923779916721004133131479501023983609126163352421030803057443137617185183378577066768197368878577804065316540615692440647241434263253869032436724989118099379305044381248 0 0 0 0 0 0 0 0 0 0 0 0 0 0 0 0 0 0 0 0 0 0 0 0 0 0 0 0 0 0 0 0 0 0 0 0 0 0 0 0 0 0 0 0 0 0 0 0 0 0 0 0 0 0 0 0 0 0 0 0 0 0 0 0 0 0 0 0 0 0 0 0 1 0 0 0 0 0 0 0 0 0 0 0 0 0 0 0 0 0 0 0 0 0 0 0 0 0]
[7016056542946601888981460251230776076906999111972801301313053558208190747763054126255689788635791679754190774726186596899092838593995583418310884293145623342932210474854266481269023581269711372229130603821071988678689072612472709511781516918242937214774931915092378263272746225588464936583305226300 0 0 0 0 0 0 0 0 0 0 0 0 0 0 0 0 0 0 0 0 0 0 0 0 0 0 0 0 0 0 0 0 0 0 0 0 0 0 0 0 0 0 0 0 0 0 0 0 0 0 0 0 0 0 0 0 0 0 0 0 0 0 0 0 0 0 0 0 0 0 0 0 0 1 0 0 0 0 0 0 0 0 0 0 0 0 0 0 0 0 0 0 0 0 0 0 0 0]
[5939619470016216206187553844909498033750077168254976686953677520666745645143392503662593628699484466008372217986938421296449211174539003423054798692694248230824618221779708185335921380509942088139046810482330907878833571582482752918013762932355335511799293231872287717052522752037166358059383538564 0 0 0 0 0 0 0 0 0 0 0 0 0 0 0 0 0 0 0 0 0 0 0 0 0 0 0 0 0 0 0 0 0 0 0 0 0 0 0 0 0 0 0 0 0 0 0 0 0 0 0 0 0 0 0 0 0 0 0 0 0 0 0 0 0 0 0 0 0 0 0 0 0 0 1 0 0 0 0 0 0 0 0 0 0 0 0 0 0 0 0 0 0 0 0 0 0 0]
[3422505272495319975820280598667374265818088010445555920260809483621321741146626792505921198409468383571325767952324037311732775448914382135442683484048325681785201710921832118999547458865223717950201835181356338648718847757722070883158504710744024561617979650503814087755225242622618250539339117929 0 0 0 0 0 0 0 0 0 0 0 0 0 0 0 0 0 0 0 0 0 0 0 0 0 0 0 0 0 0 0 0 0 0 0 0 0 0 0 0 0 0 0 0 0 0 0 0 0 0 0 0 0 0 0 0 0 0 0 0 0 0 0 0 0 0 0 0 0 0 0 0 0 0 0 1 0 0 0 0 0 0 0 0 0 0 0 0 0 0 0 0 0 0 0 0 0 0]
[5699446677690192265548733763022193534152424927184790337569163157322935572612881241687185186950093565941053373910545062691404712093218657039708823623354180942116339814965829221719090314895565524617883006042548115318061769373431697277852471939854235440862252665427574201573571603152699155446640218457 0 0 0 0 0 0 0 0 0 0 0 0 0 0 0 0 0 0 0 0 0 0 0 0 0 0 0 0 0 0 0 0 0 0 0 0 0 0 0 0 0 0 0 0 0 0 0 0 0 0 0 0 0 0 0 0 0 0 0 0 0 0 0 0 0 0 0 0 0 0 0 0 0 0 0 0 1 0 0 0 0 0 0 0 0 0 0 0 0 0 0 0 0 0 0 0 0 0]
[1401848045566407022480595565242202244960108573550584998775966698303863055009892275917278865280895034796100013204524078794290358221563361487848198319152176539084037769191160494849206266832244774372407394373848560796849082994135182858845745869401231892392061317328645134921621715805551026301427366243 0 0 0 0 0 0 0 0 0 0 0 0 0 0 0 0 0 0 0 0 0 0 0 0 0 0 0 0 0 0 0 0 0 0 0 0 0 0 0 0 0 0 0 0 0 0 0 0 0 0 0 0 0 0 0 0 0 0 0 0 0 0 0 0 0 0 0 0 0 0 0 0 0 0 0 0 0 1 0 0 0 0 0 0 0 0 0 0 0 0 0 0 0 0 0 0 0 0]
[24893136008765462491449470352910837355830970969444713718033335868491906757983949095023913259741455251256942590020462191720848345390139628077684038390090555203387534085748168667555140872311281796524284655480890662375307217473075696955851118016736985924482701008809443519049322616681417104259056011 0 0 0 0 0 0 0 0 0 0 0 0 0 0 0 0 0 0 0 0 0 0 0 0 0 0 0 0 0 0 0 0 0 0 0 0 0 0 0 0 0 0 0 0 0 0 0 0 0 0 0 0 0 0 0 0 0 0 0 0 0 0 0 0 0 0 0 0 0 0 0 0 0 0 0 0 0 0 1 0 0 0 0 0 0 0 0 0 0 0 0 0 0 0 0 0 0 0]
[5216719332538692766687865647245304629915411841142930392320479054465593874479447380331697682534494714247165233050383002307075250276139907063754285016666874385872760444526850382803573068616915128210253439661478269463411401197479649117906577595651326952789532069910447712961227185043840178371056897547 0 0 0 0 0 0 0 0 0 0 0 0 0 0 0 0 0 0 0 0 0 0 0 0 0 0 0 0 0 0 0 0 0 0 0 0 0 0 0 0 0 0 0 0 0 0 0 0 0 0 0 0 0 0 0 0 0 0 0 0 0 0 0 0 0 0 0 0 0 0 0 0 0 0 0 0 0 0 0 1 0 0 0 0 0 0 0 0 0 0 0 0 0 0 0 0 0 0]
[7282553243044252654552136452833168905364486994140855633616046695399977561620906316339151642663607429060849096948035814741369247289833973732880552644578442440201688046326417711089123544577082360863093979492941643105626221918122395602583608630441353366855614609755653454634456161776222668862015433294 0 0 0 0 0 0 0 0 0 0 0 0 0 0 0 0 0 0 0 0 0 0 0 0 0 0 0 0 0 0 0 0 0 0 0 0 0 0 0 0 0 0 0 0 0 0 0 0 0 0 0 0 0 0 0 0 0 0 0 0 0 0 0 0 0 0 0 0 0 0 0 0 0 0 0 0 0 0 0 0 1 0 0 0 0 0 0 0 0 0 0 0 0 0 0 0 0 0]
[2651960584558203801143366013777904173560327469867252909803461695907960715411636818568171142556793859412057734360011849077738541112163930021722830599186007403316421948578416964637246866607137016056914307300667953997219688110840024546111414447726172615443045675805161154892515082173489396160698146146 0 0 0 0 0 0 0 0 0 0 0 0 0 0 0 0 0 0 0 0 0 0 0 0 0 0 0 0 0 0 0 0 0 0 0 0 0 0 0 0 0 0 0 0 0 0 0 0 0 0 0 0 0 0 0 0 0 0 0 0 0 0 0 0 0 0 0 0 0 0 0 0 0 0 0 0 0 0 0 0 0 1 0 0 0 0 0 0 0 0 0 0 0 0 0 0 0 0]
[390555999698186842726384216588966504614282653586697276401889929825889668754037573740568389891605624298092795705916932447024818745836720159436458475150864224728512107736240220241711078911304018296184521083239706790236215100143894002111917537962344937791944328992187921160523018452844069789859751119 0 0 0 0 0 0 0 0 0 0 0 0 0 0 0 0 0 0 0 0 0 0 0 0 0 0 0 0 0 0 0 0 0 0 0 0 0 0 0 0 0 0 0 0 0 0 0 0 0 0 0 0 0 0 0 0 0 0 0 0 0 0 0 0 0 0 0 0 0 0 0 0 0 0 0 0 0 0 0 0 0 0 1 0 0 0 0 0 0 0 0 0 0 0 0 0 0 0]
[2012948102155075765349493650854242458667568459553755974108952507860450057552496240863566512737645907877991869290656784944753025645849138833427948799483303637583213254940838257396245473787101258304246942430055361392090327959405792892055507267030148048790881461114338495544164690791264372135096322892 0 0 0 0 0 0 0 0 0 0 0 0 0 0 0 0 0 0 0 0 0 0 0 0 0 0 0 0 0 0 0 0 0 0 0 0 0 0 0 0 0 0 0 0 0 0 0 0 0 0 0 0 0 0 0 0 0 0 0 0 0 0 0 0 0 0 0 0 0 0 0 0 0 0 0 0 0 0 0 0 0 0 0 1 0 0 0 0 0 0 0 0 0 0 0 0 0 0]
[4027442672143446584719401180106619820741460626973544141487289122567053554444574292438745786477657756854427497332995685190633823001154832049339445231658406442804048501779506344443712945800245624061914234756476735409266341188152875952957910855008563662534108766767366243029240565801260560310947134684 0 0 0 0 0 0 0 0 0 0 0 0 0 0 0 0 0 0 0 0 0 0 0 0 0 0 0 0 0 0 0 0 0 0 0 0 0 0 0 0 0 0 0 0 0 0 0 0 0 0 0 0 0 0 0 0 0 0 0 0 0 0 0 0 0 0 0 0 0 0 0 0 0 0 0 0 0 0 0 0 0 0 0 0 1 0 0 0 0 0 0 0 0 0 0 0 0 0]
[8315941370776348779288775939878211477722634118394775818309516467259550701742744412334224347745747084194114360322833726718787688709840471550298656290419790493765914031570998517612640958055272858085228912012172993575387835486886328999016462304469501022586075799638758947806565547740174468398342557102 0 0 0 0 0 0 0 0 0 0 0 0 0 0 0 0 0 0 0 0 0 0 0 0 0 0 0 0 0 0 0 0 0 0 0 0 0 0 0 0 0 0 0 0 0 0 0 0 0 0 0 0 0 0 0 0 0 0 0 0 0 0 0 0 0 0 0 0 0 0 0 0 0 0 0 0 0 0 0 0 0 0 0 0 0 1 0 0 0 0 0 0 0 0 0 0 0 0]
[7603029907051580669572572088012204719861952897958491053572367800429924080965157067112726369528452264383635326160249533466971511832584550862307245060132186620742857608753781523937239894455309483355032076736143303860829361059319622225212164883620813400797032356157908588934053195124501163175303461768 0 0 0 0 0 0 0 0 0 0 0 0 0 0 0 0 0 0 0 0 0 0 0 0 0 0 0 0 0 0 0 0 0 0 0 0 0 0 0 0 0 0 0 0 0 0 0 0 0 0 0 0 0 0 0 0 0 0 0 0 0 0 0 0 0 0 0 0 0 0 0 0 0 0 0 0 0 0 0 0 0 0 0 0 0 0 1 0 0 0 0 0 0 0 0 0 0 0]
[4238866986877312010759227637991982343200731215564375594494172596648227116582052634085286446173690091685035039625095956035086573319670343123452324326201292173707724664662759736175429056244640584982980872350534888578025394500364969076156815589184482484603722737524387363760802334584695665687504224597 0 0 0 0 0 0 0 0 0 0 0 0 0 0 0 0 0 0 0 0 0 0 0 0 0 0 0 0 0 0 0 0 0 0 0 0 0 0 0 0 0 0 0 0 0 0 0 0 0 0 0 0 0 0 0 0 0 0 0 0 0 0 0 0 0 0 0 0 0 0 0 0 0 0 0 0 0 0 0 0 0 0 0 0 0 0 0 1 0 0 0 0 0 0 0 0 0 0]
[1911990562886209346442402672155035175830590559437698601305370163699861451503433480810757033632767850060218060243307326027800348661864236436397538713284457325622979913365083251409597897529833509214646162290253733711279648152984701574756694599409640751567309062532096046860051620613396555988688503138 0 0 0 0 0 0 0 0 0 0 0 0 0 0 0 0 0 0 0 0 0 0 0 0 0 0 0 0 0 0 0 0 0 0 0 0 0 0 0 0 0 0 0 0 0 0 0 0 0 0 0 0 0 0 0 0 0 0 0 0 0 0 0 0 0 0 0 0 0 0 0 0 0 0 0 0 0 0 0 0 0 0 0 0 0 0 0 0 1 0 0 0 0 0 0 0 0 0]
[3814859861814150279130535391078982345667656275542503931770255274128506084259274252332392857592087044679035774414027696776716079683334737678027140183798885547373626117614410574177555145366637648307552884986324209023709166324868769703678709094908639816181713871103344359100452775312701140891284727439 0 0 0 0 0 0 0 0 0 0 0 0 0 0 0 0 0 0 0 0 0 0 0 0 0 0 0 0 0 0 0 0 0 0 0 0 0 0 0 0 0 0 0 0 0 0 0 0 0 0 0 0 0 0 0 0 0 0 0 0 0 0 0 0 0 0 0 0 0 0 0 0 0 0 0 0 0 0 0 0 0 0 0 0 0 0 0 0 0 1 0 0 0 0 0 0 0 0]
[4351497126084437248097358120789800161060347358017511089355687022713437907858004685172266701835766110132999584702585522107531761095744510348495987291229638410037192455523080474550869116397363092440630082218929757251630077780865017294014138406911033547235632461029990209622699602707455405504994684832 0 0 0 0 0 0 0 0 0 0 0 0 0 0 0 0 0 0 0 0 0 0 0 0 0 0 0 0 0 0 0 0 0 0 0 0 0 0 0 0 0 0 0 0 0 0 0 0 0 0 0 0 0 0 0 0 0 0 0 0 0 0 0 0 0 0 0 0 0 0 0 0 0 0 0 0 0 0 0 0 0 0 0 0 0 0 0 0 0 0 1 0 0 0 0 0 0 0]
[4775658137551015946679475902376065933881689050097873097950096667409303205359937495168869096628353934881923584624280197708632090113289284594970440159123531483359354253740809460760513320350567755358551847548001290237968307936836399675867776807085227880218522755287014467061070760071877470239990040080 0 0 0 0 0 0 0 0 0 0 0 0 0 0 0 0 0 0 0 0 0 0 0 0 0 0 0 0 0 0 0 0 0 0 0 0 0 0 0 0 0 0 0 0 0 0 0 0 0 0 0 0 0 0 0 0 0 0 0 0 0 0 0 0 0 0 0 0 0 0 0 0 0 0 0 0 0 0 0 0 0 0 0 0 0 0 0 0 0 0 0 1 0 0 0 0 0 0]
[5798408605702422919321123598809163850035555441416642338036070587357940974289545632679910220855511232495769182165623485205724358185216046452997433165227949928686003138357503344688231271992038982668609630326903288973902756755523303581512263093161382364733894411909380291749251713834255113472731685879 0 0 0 0 0 0 0 0 0 0 0 0 0 0 0 0 0 0 0 0 0 0 0 0 0 0 0 0 0 0 0 0 0 0 0 0 0 0 0 0 0 0 0 0 0 0 0 0 0 0 0 0 0 0 0 0 0 0 0 0 0 0 0 0 0 0 0 0 0 0 0 0 0 0 0 0 0 0 0 0 0 0 0 0 0 0 0 0 0 0 0 0 1 0 0 0 0 0]
[8303317196238456867794519753875249812208376954412779838408966539095837907955513368614969732430298419918317522600915708543800004673412424732789077244015400518034463610265822562840559239813800568865168273544975873657478127372268095029911406494504035374648138447815074128199929780305070408017273145378 0 0 0 0 0 0 0 0 0 0 0 0 0 0 0 0 0 0 0 0 0 0 0 0 0 0 0 0 0 0 0 0 0 0 0 0 0 0 0 0 0 0 0 0 0 0 0 0 0 0 0 0 0 0 0 0 0 0 0 0 0 0 0 0 0 0 0 0 0 0 0 0 0 0 0 0 0 0 0 0 0 0 0 0 0 0 0 0 0 0 0 0 0 1 0 0 0 0]
[7775806465835784819672853821055738053166237557530354511556706319472150671177748514435260842983431989371188078258983357718075639283117522582858857695644054957386623634215907549015842247546760225182500130575968979895688576146801439241793538461113061502992428518256094753813019675318430832778299424967 0 0 0 0 0 0 0 0 0 0 0 0 0 0 0 0 0 0 0 0 0 0 0 0 0 0 0 0 0 0 0 0 0 0 0 0 0 0 0 0 0 0 0 0 0 0 0 0 0 0 0 0 0 0 0 0 0 0 0 0 0 0 0 0 0 0 0 0 0 0 0 0 0 0 0 0 0 0 0 0 0 0 0 0 0 0 0 0 0 0 0 0 0 0 1 0 0 0]
[1274128155721344968862131313658973436723652732149493838561603339842210657809115954245340116433125170448239653225267672282433807288023827399990094388812304718160529193041208748953736938474892669628118519562921513913914583795762618205644659289158952536259024643427132784729505908273449772519926474750 0 0 0 0 0 0 0 0 0 0 0 0 0 0 0 0 0 0 0 0 0 0 0 0 0 0 0 0 0 0 0 0 0 0 0 0 0 0 0 0 0 0 0 0 0 0 0 0 0 0 0 0 0 0 0 0 0 0 0 0 0 0 0 0 0 0 0 0 0 0 0 0 0 0 0 0 0 0 0 0 0 0 0 0 0 0 0 0 0 0 0 0 0 0 0 1 0 0]
[1429227068000906541844445437556592377803034724329095166299471937895536611160253080957926535682614196448762602877097779513446540449858288329489622623554240783397753189514546833765572504362523077373012006183533723195297328560965536590215348546798386377646388979172095244972910591125996749262445480586 0 0 0 0 0 0 0 0 0 0 0 0 0 0 0 0 0 0 0 0 0 0 0 0 0 0 0 0 0 0 0 0 0 0 0 0 0 0 0 0 0 0 0 0 0 0 0 0 0 0 0 0 0 0 0 0 0 0 0 0 0 0 0 0 0 0 0 0 0 0 0 0 0 0 0 0 0 0 0 0 0 0 0 0 0 0 0 0 0 0 0 0 0 0 0 0 1 0]
[4620887597299299613322465946270591879473319736533483614495810430634095116987103256867783212876567754510223179524582021445957343383215794707627173956716608436567114855295250369266319559276404477308366554312534434577300808299459657990608831817790354543007120191336381252968245239330434590993663079894 0 0 0 0 0 0 0 0 0 0 0 0 0 0 0 0 0 0 0 0 0 0 0 0 0 0 0 0 0 0 0 0 0 0 0 0 0 0 0 0 0 0 0 0 0 0 0 0 0 0 0 0 0 0 0 0 0 0 0 0 0 0 0 0 0 0 0 0 0 0 0 0 0 0 0 0 0 0 0 0 0 0 0 0 0 0 0 0 0 0 0 0 0 0 0 0 0 1]
]
