[[3416414824246790514938603501504943084896212614508540440373044139125496582698159396905535985226057094382433593447189499075829800760346271457640220732685483809763824066277378798060640456064967686066864387087222916943 0 0 0 0 0 0 0 0 0 0 0 0 0 0 0 0 0 0 0 0 0 0 0 0 0 0 0 0 0 0 0 0 0 0 0 0 0 0 0 0 0 0 0 0 0 0 0 0 0 0 0 0 0 0 0 0 0 0 0 0 0 0 0 0 0 0 0 0 0 0]
[807351382549924785283456452019336826065120663765393522753194590873317403128710616448405519051681315765150144520825588850823469803426151023416153228563445643133674837793462254312049564330417804817066719826946012498 1 0 0 0 0 0 0 0 0 0 0 0 0 0 0 0 0 0 0 0 0 0 0 0 0 0 0 0 0 0 0 0 0 0 0 0 0 0 0 0 0 0 0 0 0 0 0 0 0 0 0 0 0 0 0 0 0 0 0 0 0 0 0 0 0 0 0 0 0 0]
[885515047245291756152758603118086346852203583970348559156223764612477414486909779642390634142895747207503691604374459680812116789968582261963259173436009857604759129770209784348990514444796914355409284101965310537 0 1 0 0 0 0 0 0 0 0 0 0 0 0 0 0 0 0 0 0 0 0 0 0 0 0 0 0 0 0 0 0 0 0 0 0 0 0 0 0 0 0 0 0 0 0 0 0 0 0 0 0 0 0 0 0 0 0 0 0 0 0 0 0 0 0 0 0 0 0]
[2730904033399177222785355729773413180019293079956868636697564976479669965024562391500393671901921584802625553679535463249331738291242263107764926516860319409477378920314881931063711307679070896118426879094942125459 0 0 1 0 0 0 0 0 0 0 0 0 0 0 0 0 0 0 0 0 0 0 0 0 0 0 0 0 0 0 0 0 0 0 0 0 0 0 0 0 0 0 0 0 0 0 0 0 0 0 0 0 0 0 0 0 0 0 0 0 0 0 0 0 0 0 0 0 0 0]
[3043142393090631178514389674225373765157179913960651055293095403403128840727850593870873942382978925899969741216097071418873043252457402460427566504257507300913204337090437633261711587295736318077225874841062669806 0 0 0 1 0 0 0 0 0 0 0 0 0 0 0 0 0 0 0 0 0 0 0 0 0 0 0 0 0 0 0 0 0 0 0 0 0 0 0 0 0 0 0 0 0 0 0 0 0 0 0 0 0 0 0 0 0 0 0 0 0 0 0 0 0 0 0 0 0 0]
[2820176255804459214059345412806621950232566199410108647314785940695806027349014797451743685793285777347092007158012954372175259430739011476652668388474509229567418413345737673915758281026414684874579090030068029101 0 0 0 0 1 0 0 0 0 0 0 0 0 0 0 0 0 0 0 0 0 0 0 0 0 0 0 0 0 0 0 0 0 0 0 0 0 0 0 0 0 0 0 0 0 0 0 0 0 0 0 0 0 0 0 0 0 0 0 0 0 0 0 0 0 0 0 0 0 0]
[1219169310925417017512521502742347441949684742679701545191488113599554874593328244966301635256099372602301506798287404345786412724011624522940282546593787466602327713007859839676313264708684884270589958839985113475 0 0 0 0 0 1 0 0 0 0 0 0 0 0 0 0 0 0 0 0 0 0 0 0 0 0 0 0 0 0 0 0 0 0 0 0 0 0 0 0 0 0 0 0 0 0 0 0 0 0 0 0 0 0 0 0 0 0 0 0 0 0 0 0 0 0 0 0 0 0]
[2597543810945915866324459680830354708677887725342277840336083207925404838098073891967812902812740357592797233675542072039310262121694505273223010008657932044127972682866374412062116351974912484475396652125223383258 0 0 0 0 0 0 1 0 0 0 0 0 0 0 0 0 0 0 0 0 0 0 0 0 0 0 0 0 0 0 0 0 0 0 0 0 0 0 0 0 0 0 0 0 0 0 0 0 0 0 0 0 0 0 0 0 0 0 0 0 0 0 0 0 0 0 0 0 0 0]
[2214305494062007014081284570184124255077991058817745362795269285289685312806733705041119816548140033265629337116810422490424358610350304349127934753310969723602372339780085680860359283923433078451808259368958025146 0 0 0 0 0 0 0 1 0 0 0 0 0 0 0 0 0 0 0 0 0 0 0 0 0 0 0 0 0 0 0 0 0 0 0 0 0 0 0 0 0 0 0 0 0 0 0 0 0 0 0 0 0 0 0 0 0 0 0 0 0 0 0 0 0 0 0 0 0 0]
[2255739183614687678489525607015904046186897340064226811562794648409348533470102630886481921531083892970761601395295881738522306453621164319950183798226059720893290122778989010513743707999701163819724372311849138863 0 0 0 0 0 0 0 0 1 0 0 0 0 0 0 0 0 0 0 0 0 0 0 0 0 0 0 0 0 0 0 0 0 0 0 0 0 0 0 0 0 0 0 0 0 0 0 0 0 0 0 0 0 0 0 0 0 0 0 0 0 0 0 0 0 0 0 0 0 0]
[3355909860921387280686948867601794629236703828484045192498406875793897946371618752644431755967760334497674465621406988920130776004235732726122968925343393366473604398436608160834839101776775276175145618975116874462 0 0 0 0 0 0 0 0 0 1 0 0 0 0 0 0 0 0 0 0 0 0 0 0 0 0 0 0 0 0 0 0 0 0 0 0 0 0 0 0 0 0 0 0 0 0 0 0 0 0 0 0 0 0 0 0 0 0 0 0 0 0 0 0 0 0 0 0 0 0]
[2965955244969626251945498249567559432815309628591314850735061100823074313395176235097766650819792903853413613222147003264325874384912799971659991317339192269379923823022132450668242019289411061003871415674113143507 0 0 0 0 0 0 0 0 0 0 1 0 0 0 0 0 0 0 0 0 0 0 0 0 0 0 0 0 0 0 0 0 0 0 0 0 0 0 0 0 0 0 0 0 0 0 0 0 0 0 0 0 0 0 0 0 0 0 0 0 0 0 0 0 0 0 0 0 0 0]
[1038158727447304294850933470126531375624875277440991256577810893409275078141969226173121007634993018843028852443836722118842979628148401699517252026585322060427747804744273958197444904557674112013927169480569917590 0 0 0 0 0 0 0 0 0 0 0 1 0 0 0 0 0 0 0 0 0 0 0 0 0 0 0 0 0 0 0 0 0 0 0 0 0 0 0 0 0 0 0 0 0 0 0 0 0 0 0 0 0 0 0 0 0 0 0 0 0 0 0 0 0 0 0 0 0 0]
[3244747311685203204320915851812685359515301574278135134847735819658851267036013926219226426999427241953238952411488469863413395009497139594849657449979415083105957700113558798151636343466981404642322115573928151282 0 0 0 0 0 0 0 0 0 0 0 0 1 0 0 0 0 0 0 0 0 0 0 0 0 0 0 0 0 0 0 0 0 0 0 0 0 0 0 0 0 0 0 0 0 0 0 0 0 0 0 0 0 0 0 0 0 0 0 0 0 0 0 0 0 0 0 0 0 0]
[1662196580146008904078202069349893825593123621596252108737505451089984066940447954347557068397538442286853247966554115085091572104201364926883509479147267384307293890622847839091990931268357039749108692569929567063 0 0 0 0 0 0 0 0 0 0 0 0 0 1 0 0 0 0 0 0 0 0 0 0 0 0 0 0 0 0 0 0 0 0 0 0 0 0 0 0 0 0 0 0 0 0 0 0 0 0 0 0 0 0 0 0 0 0 0 0 0 0 0 0 0 0 0 0 0 0]
[2898425364192299539144765017358781410945843161927703461523083431081812239628306921179331115479023931128252817484373565544575093307572843494007791014599176942774811919457458737226289563387101139834258281034628109016 0 0 0 0 0 0 0 0 0 0 0 0 0 0 1 0 0 0 0 0 0 0 0 0 0 0 0 0 0 0 0 0 0 0 0 0 0 0 0 0 0 0 0 0 0 0 0 0 0 0 0 0 0 0 0 0 0 0 0 0 0 0 0 0 0 0 0 0 0 0]
[2261869868286124748518312800484589763138105814999859048068269879266134130376169933579562238571260720718348368899017630954816967267319474957756265741569354078567989839713574626238637682792669150396738068917843122362 0 0 0 0 0 0 0 0 0 0 0 0 0 0 0 1 0 0 0 0 0 0 0 0 0 0 0 0 0 0 0 0 0 0 0 0 0 0 0 0 0 0 0 0 0 0 0 0 0 0 0 0 0 0 0 0 0 0 0 0 0 0 0 0 0 0 0 0 0 0]
[2382009942922368984058199371852037682594128600540028344305478366357118056842455403253835636231974067261761492055874203461004073732467978454123713693713970113021480623440280074204218771716774863861883517028837447613 0 0 0 0 0 0 0 0 0 0 0 0 0 0 0 0 1 0 0 0 0 0 0 0 0 0 0 0 0 0 0 0 0 0 0 0 0 0 0 0 0 0 0 0 0 0 0 0 0 0 0 0 0 0 0 0 0 0 0 0 0 0 0 0 0 0 0 0 0 0]
[1971692445661867834181344517105078781646903338892945791616937874057403876816016813440222221834957351821133033770846958461463600560160696208828341137667441737304233707306735250736680073762112209065781998935060283851 0 0 0 0 0 0 0 0 0 0 0 0 0 0 0 0 0 1 0 0 0 0 0 0 0 0 0 0 0 0 0 0 0 0 0 0 0 0 0 0 0 0 0 0 0 0 0 0 0 0 0 0 0 0 0 0 0 0 0 0 0 0 0 0 0 0 0 0 0 0]
[1435994901382192975695392299744817312858772799932805951292189148286383167355386928472572364643045108489476670580834347296171404927994940337461610265773006962097663667174420759740079056350739894849799290653521769445 0 0 0 0 0 0 0 0 0 0 0 0 0 0 0 0 0 0 1 0 0 0 0 0 0 0 0 0 0 0 0 0 0 0 0 0 0 0 0 0 0 0 0 0 0 0 0 0 0 0 0 0 0 0 0 0 0 0 0 0 0 0 0 0 0 0 0 0 0 0]
[1306368900250318397292296384505178252166076595627769473552702985176406398578973246378354683341061636462549674219890389778517208049147267020796039858144441883696340492532984158807868526871438472809067743095525386975 0 0 0 0 0 0 0 0 0 0 0 0 0 0 0 0 0 0 0 1 0 0 0 0 0 0 0 0 0 0 0 0 0 0 0 0 0 0 0 0 0 0 0 0 0 0 0 0 0 0 0 0 0 0 0 0 0 0 0 0 0 0 0 0 0 0 0 0 0 0]
[802867982318891392784017834145454243357360655443036235328678492967935914948341114761843584926464247165380227178303318984673857191186378404319520416019916014225684400261474117557450376102186149935881902024082168065 0 0 0 0 0 0 0 0 0 0 0 0 0 0 0 0 0 0 0 0 1 0 0 0 0 0 0 0 0 0 0 0 0 0 0 0 0 0 0 0 0 0 0 0 0 0 0 0 0 0 0 0 0 0 0 0 0 0 0 0 0 0 0 0 0 0 0 0 0 0]
[607214063656174129184807956821176579508572388200917944206656713621591786975162648619253505325032718760847669632406262456435877032343958096884582440725478186670777607921926872816008514008449488760388103000930517357 0 0 0 0 0 0 0 0 0 0 0 0 0 0 0 0 0 0 0 0 0 1 0 0 0 0 0 0 0 0 0 0 0 0 0 0 0 0 0 0 0 0 0 0 0 0 0 0 0 0 0 0 0 0 0 0 0 0 0 0 0 0 0 0 0 0 0 0 0 0]
[2251088685989577233831013097192020309576736099672925795488995107822395411417513682356757316569428479263920322743472544858767927326392096874144486305232559938714649987279625356585988955006815728715693813379460225279 0 0 0 0 0 0 0 0 0 0 0 0 0 0 0 0 0 0 0 0 0 0 1 0 0 0 0 0 0 0 0 0 0 0 0 0 0 0 0 0 0 0 0 0 0 0 0 0 0 0 0 0 0 0 0 0 0 0 0 0 0 0 0 0 0 0 0 0 0 0]
[2307742432788769975966749323588949115510562239563414479560770758293661516456558694232213370278546738529400718321587556774065025300792987993732937359901024799168750852694727105369813111804348372775701214504608740162 0 0 0 0 0 0 0 0 0 0 0 0 0 0 0 0 0 0 0 0 0 0 0 1 0 0 0 0 0 0 0 0 0 0 0 0 0 0 0 0 0 0 0 0 0 0 0 0 0 0 0 0 0 0 0 0 0 0 0 0 0 0 0 0 0 0 0 0 0 0]
[2963682873273645179819515272007062213608891452446407583383172666333004643118678029673709101408433336222256560067104986086332369439787636809185444652558130316399229069253174313818324915478814370397296089590527224089 0 0 0 0 0 0 0 0 0 0 0 0 0 0 0 0 0 0 0 0 0 0 0 0 1 0 0 0 0 0 0 0 0 0 0 0 0 0 0 0 0 0 0 0 0 0 0 0 0 0 0 0 0 0 0 0 0 0 0 0 0 0 0 0 0 0 0 0 0 0]
[3001321774541562282536055450580222975331669763183656165261607856551656490456502633062755946623756891506088782713407803761583698215869352814859636988819429815838273487301899374440968121762636235903423087456278187601 0 0 0 0 0 0 0 0 0 0 0 0 0 0 0 0 0 0 0 0 0 0 0 0 0 1 0 0 0 0 0 0 0 0 0 0 0 0 0 0 0 0 0 0 0 0 0 0 0 0 0 0 0 0 0 0 0 0 0 0 0 0 0 0 0 0 0 0 0 0]
[2682650964889162689674881535002282449307642623653992184553015276729286481662023893507511914937670772643074652220141727820431874423363241943903448444300756286766312685444163980473856899074163692071020663902876964844 0 0 0 0 0 0 0 0 0 0 0 0 0 0 0 0 0 0 0 0 0 0 0 0 0 0 1 0 0 0 0 0 0 0 0 0 0 0 0 0 0 0 0 0 0 0 0 0 0 0 0 0 0 0 0 0 0 0 0 0 0 0 0 0 0 0 0 0 0 0]
[1534183775442753836286544371199986975160569104831188139341343694794634060849648803553524498606595991441938844741707713073717763457457965447942613136953075532137703772980407834645360320469570045988909806647867271955 0 0 0 0 0 0 0 0 0 0 0 0 0 0 0 0 0 0 0 0 0 0 0 0 0 0 0 1 0 0 0 0 0 0 0 0 0 0 0 0 0 0 0 0 0 0 0 0 0 0 0 0 0 0 0 0 0 0 0 0 0 0 0 0 0 0 0 0 0 0]
[2017744687587833802886075369769973241826595432192579393878737354091920557896630661578534019625223860848539687570069416914112718496491968867957984971326872537508401046963456562615275752968232404776762456429174517807 0 0 0 0 0 0 0 0 0 0 0 0 0 0 0 0 0 0 0 0 0 0 0 0 0 0 0 0 1 0 0 0 0 0 0 0 0 0 0 0 0 0 0 0 0 0 0 0 0 0 0 0 0 0 0 0 0 0 0 0 0 0 0 0 0 0 0 0 0 0]
[1063647976929213004241371604924227344376692083606357319763289691363918011103407767638204721634706874078493779427646784838630204607253204660122958352946993324551764018644746312038374949667108594121721013865292830643 0 0 0 0 0 0 0 0 0 0 0 0 0 0 0 0 0 0 0 0 0 0 0 0 0 0 0 0 0 1 0 0 0 0 0 0 0 0 0 0 0 0 0 0 0 0 0 0 0 0 0 0 0 0 0 0 0 0 0 0 0 0 0 0 0 0 0 0 0 0]
[1016816874349204557945041557576624940284166081729747211038223245378681084755679664268083999961864778285487939481028104757973779458971323679364123930213378532512200201905355696943696993867622100657765277549817129559 0 0 0 0 0 0 0 0 0 0 0 0 0 0 0 0 0 0 0 0 0 0 0 0 0 0 0 0 0 0 1 0 0 0 0 0 0 0 0 0 0 0 0 0 0 0 0 0 0 0 0 0 0 0 0 0 0 0 0 0 0 0 0 0 0 0 0 0 0 0]
[352835455876379162493347756428280329691601537317252298196829982325227735856269190163727714699397299873179444621848496241276519464947741464545526085573111913455780426909540680385727028724703766117605185026600492912 0 0 0 0 0 0 0 0 0 0 0 0 0 0 0 0 0 0 0 0 0 0 0 0 0 0 0 0 0 0 0 1 0 0 0 0 0 0 0 0 0 0 0 0 0 0 0 0 0 0 0 0 0 0 0 0 0 0 0 0 0 0 0 0 0 0 0 0 0 0]
[1976255173727088028938990907127014448031306281335549802951446551366523656653740741857231802196781642293185733014039637089584884094939108066539233449696814250216494548707092508575110784513611981607995257519624458642 0 0 0 0 0 0 0 0 0 0 0 0 0 0 0 0 0 0 0 0 0 0 0 0 0 0 0 0 0 0 0 0 1 0 0 0 0 0 0 0 0 0 0 0 0 0 0 0 0 0 0 0 0 0 0 0 0 0 0 0 0 0 0 0 0 0 0 0 0 0]
[1167000570198651302499154934761204359064179133470704270027924855544573863083185755172040668369201195803261629699456969566487348786493085247690398291110875590511351996978071168845972832167135434269010960401803176638 0 0 0 0 0 0 0 0 0 0 0 0 0 0 0 0 0 0 0 0 0 0 0 0 0 0 0 0 0 0 0 0 0 1 0 0 0 0 0 0 0 0 0 0 0 0 0 0 0 0 0 0 0 0 0 0 0 0 0 0 0 0 0 0 0 0 0 0 0 0]
[2159543182523581595958708782193696879592125289084566339845563840712033716361776944481684781573544257487430925951375187617042649869582623942459532144190408748434838890957929086696936253925746611948763184326872583527 0 0 0 0 0 0 0 0 0 0 0 0 0 0 0 0 0 0 0 0 0 0 0 0 0 0 0 0 0 0 0 0 0 0 1 0 0 0 0 0 0 0 0 0 0 0 0 0 0 0 0 0 0 0 0 0 0 0 0 0 0 0 0 0 0 0 0 0 0 0]
[1747110015076539588572387302649901345683233634362336973951213071378296003754902892485055740618170720865177840704811537113943574206755318561610798356301648518593149804707392141874345747003538511533454580668989006088 0 0 0 0 0 0 0 0 0 0 0 0 0 0 0 0 0 0 0 0 0 0 0 0 0 0 0 0 0 0 0 0 0 0 0 1 0 0 0 0 0 0 0 0 0 0 0 0 0 0 0 0 0 0 0 0 0 0 0 0 0 0 0 0 0 0 0 0 0 0]
[961635972705355562598425233466409278423483855548210098403261340090324430755159297984374332956726063167188769642684924768929310624261035434326959363443525083943160398041997874268845003237671170100341867201955265196 0 0 0 0 0 0 0 0 0 0 0 0 0 0 0 0 0 0 0 0 0 0 0 0 0 0 0 0 0 0 0 0 0 0 0 0 1 0 0 0 0 0 0 0 0 0 0 0 0 0 0 0 0 0 0 0 0 0 0 0 0 0 0 0 0 0 0 0 0 0]
[3279578842946648850378837441918456435649837218055302524090278366471056684576714385365418142617278798353127212308910426398179363267624252180716490422184816770295237904012996354915604977810586640342203948912630020319 0 0 0 0 0 0 0 0 0 0 0 0 0 0 0 0 0 0 0 0 0 0 0 0 0 0 0 0 0 0 0 0 0 0 0 0 0 1 0 0 0 0 0 0 0 0 0 0 0 0 0 0 0 0 0 0 0 0 0 0 0 0 0 0 0 0 0 0 0 0]
[2278105944879085844232255127644230451832904150354917866775912119163695706909965383040196581411343092437311011576687237062565039624812084181026754027405238829173640624566748607081514405203131930469358181246278231484 0 0 0 0 0 0 0 0 0 0 0 0 0 0 0 0 0 0 0 0 0 0 0 0 0 0 0 0 0 0 0 0 0 0 0 0 0 0 1 0 0 0 0 0 0 0 0 0 0 0 0 0 0 0 0 0 0 0 0 0 0 0 0 0 0 0 0 0 0 0]
[1065382263261921726232068863665925791008751370213985161165222083037765710757382273793461736955614991688470368627699282132188407117014880348404562700079259791354296661485014277622166748736320592635814436603756740761 0 0 0 0 0 0 0 0 0 0 0 0 0 0 0 0 0 0 0 0 0 0 0 0 0 0 0 0 0 0 0 0 0 0 0 0 0 0 0 1 0 0 0 0 0 0 0 0 0 0 0 0 0 0 0 0 0 0 0 0 0 0 0 0 0 0 0 0 0 0]
[2989636028029329678148716612158496850340787518532597890230422205311546033495668167530295810581159725468937143387584558137388476330758257605466889124277860679717181022481626622532155635389858173644399620976976021507 0 0 0 0 0 0 0 0 0 0 0 0 0 0 0 0 0 0 0 0 0 0 0 0 0 0 0 0 0 0 0 0 0 0 0 0 0 0 0 0 1 0 0 0 0 0 0 0 0 0 0 0 0 0 0 0 0 0 0 0 0 0 0 0 0 0 0 0 0 0]
[3362204432007671147778550021649292515576546956891707508317824173940503296943713165198735561893294331167852175576939441490250322009483869897695148528838932875256412480991821897527136340238068604243866800026358355909 0 0 0 0 0 0 0 0 0 0 0 0 0 0 0 0 0 0 0 0 0 0 0 0 0 0 0 0 0 0 0 0 0 0 0 0 0 0 0 0 0 1 0 0 0 0 0 0 0 0 0 0 0 0 0 0 0 0 0 0 0 0 0 0 0 0 0 0 0 0]
[1873553564442235596909349306183253576555303051227083171941590238028600814880763141237810199040743230235164863337230900205956243289919767800842027035186692022278207491947713056752237270433353491414088331504491691563 0 0 0 0 0 0 0 0 0 0 0 0 0 0 0 0 0 0 0 0 0 0 0 0 0 0 0 0 0 0 0 0 0 0 0 0 0 0 0 0 0 0 1 0 0 0 0 0 0 0 0 0 0 0 0 0 0 0 0 0 0 0 0 0 0 0 0 0 0 0]
[1788513120141570143838802403722354643043882415554372969345060623311302146061094635428717053468984205673843288544242507202737716100421274854489469567104242841279150011766995224076784835296638833525636949765707095404 0 0 0 0 0 0 0 0 0 0 0 0 0 0 0 0 0 0 0 0 0 0 0 0 0 0 0 0 0 0 0 0 0 0 0 0 0 0 0 0 0 0 0 1 0 0 0 0 0 0 0 0 0 0 0 0 0 0 0 0 0 0 0 0 0 0 0 0 0 0]
[581833265905372050412731115978265750435246835518368510832441273372949407179522777596151623560696155884323981118198881597040790329128165742639472669324453901662054260767322629101061093409137844586141957665689122351 0 0 0 0 0 0 0 0 0 0 0 0 0 0 0 0 0 0 0 0 0 0 0 0 0 0 0 0 0 0 0 0 0 0 0 0 0 0 0 0 0 0 0 0 1 0 0 0 0 0 0 0 0 0 0 0 0 0 0 0 0 0 0 0 0 0 0 0 0 0]
[300105336748797644501906840919779577358403244413170348197628129554316566015776071237771920677939001808481948229295070254380438478556469553719804307648773046710029338519169739283601052803272195736326130599835949000 0 0 0 0 0 0 0 0 0 0 0 0 0 0 0 0 0 0 0 0 0 0 0 0 0 0 0 0 0 0 0 0 0 0 0 0 0 0 0 0 0 0 0 0 0 1 0 0 0 0 0 0 0 0 0 0 0 0 0 0 0 0 0 0 0 0 0 0 0 0]
[49828047796747500642205941886507807846670267411584229775792382004027998068094658667925923688820572369973782380112965637195684512812788222013821788157671802923313521911853901038126226779596288739505696804867248166 0 0 0 0 0 0 0 0 0 0 0 0 0 0 0 0 0 0 0 0 0 0 0 0 0 0 0 0 0 0 0 0 0 0 0 0 0 0 0 0 0 0 0 0 0 0 1 0 0 0 0 0 0 0 0 0 0 0 0 0 0 0 0 0 0 0 0 0 0 0]
[2411623482186269315690653473250918864300725184786536658388363445234746041560727903871004071468796228838012304076978697322148269223783137793462855949469488587676983496350940584545856085919472191107680384655955385936 0 0 0 0 0 0 0 0 0 0 0 0 0 0 0 0 0 0 0 0 0 0 0 0 0 0 0 0 0 0 0 0 0 0 0 0 0 0 0 0 0 0 0 0 0 0 0 1 0 0 0 0 0 0 0 0 0 0 0 0 0 0 0 0 0 0 0 0 0 0]
[1189056638793678899860483628792640874362275636421703569224098102658565516379638400529737166489321713975393311516510865518317824235501610934272974773861431044381312947562913092485191231607954470005285650896501996888 0 0 0 0 0 0 0 0 0 0 0 0 0 0 0 0 0 0 0 0 0 0 0 0 0 0 0 0 0 0 0 0 0 0 0 0 0 0 0 0 0 0 0 0 0 0 0 0 1 0 0 0 0 0 0 0 0 0 0 0 0 0 0 0 0 0 0 0 0 0]
[3374461891884993555544028477013206786805428678689025319874805616986631405596550792261110479856382084215912615980153794933853554212094417050831460286612803802785828628413150331204571785724559375498588602634363170973 0 0 0 0 0 0 0 0 0 0 0 0 0 0 0 0 0 0 0 0 0 0 0 0 0 0 0 0 0 0 0 0 0 0 0 0 0 0 0 0 0 0 0 0 0 0 0 0 0 1 0 0 0 0 0 0 0 0 0 0 0 0 0 0 0 0 0 0 0 0]
[1360398297274745435911021583430336439865894165934239835275600140634098843633755589719300273569163157423327194621415004394395356996454754871840548466653893491800235473778915767683561101329701719653860796870369912488 0 0 0 0 0 0 0 0 0 0 0 0 0 0 0 0 0 0 0 0 0 0 0 0 0 0 0 0 0 0 0 0 0 0 0 0 0 0 0 0 0 0 0 0 0 0 0 0 0 0 1 0 0 0 0 0 0 0 0 0 0 0 0 0 0 0 0 0 0 0]
[754030708906030738540054955643328801906669106776786683678114482222640519352357226485274707578718909764727221286170547798871897833970106935409983920607028317461498398692257656762033039029768227959187251462043893151 0 0 0 0 0 0 0 0 0 0 0 0 0 0 0 0 0 0 0 0 0 0 0 0 0 0 0 0 0 0 0 0 0 0 0 0 0 0 0 0 0 0 0 0 0 0 0 0 0 0 0 1 0 0 0 0 0 0 0 0 0 0 0 0 0 0 0 0 0 0]
[1222622931832311509731061080574888469924367786568096208791639766887541405551579132036814505342879670370891606091796159524325750062000827931659968440908821564021193862622430995794543569129192608236681774176402747142 0 0 0 0 0 0 0 0 0 0 0 0 0 0 0 0 0 0 0 0 0 0 0 0 0 0 0 0 0 0 0 0 0 0 0 0 0 0 0 0 0 0 0 0 0 0 0 0 0 0 0 0 1 0 0 0 0 0 0 0 0 0 0 0 0 0 0 0 0 0]
[524959643569016182819860034392791385686643557247338951506889971780172993989148038891512675399140643585626173086733398022844091038150176788710677598164081158226309132838385059942246781761119471480212072784274605595 0 0 0 0 0 0 0 0 0 0 0 0 0 0 0 0 0 0 0 0 0 0 0 0 0 0 0 0 0 0 0 0 0 0 0 0 0 0 0 0 0 0 0 0 0 0 0 0 0 0 0 0 0 1 0 0 0 0 0 0 0 0 0 0 0 0 0 0 0 0]
[2816621509919038374558523249660326081981570600285810448797865370822945955134525689311967157479196518362733519810080441245342834165293687973931430759139195397011229123906559215887745542269176486128883705680045630582 0 0 0 0 0 0 0 0 0 0 0 0 0 0 0 0 0 0 0 0 0 0 0 0 0 0 0 0 0 0 0 0 0 0 0 0 0 0 0 0 0 0 0 0 0 0 0 0 0 0 0 0 0 0 1 0 0 0 0 0 0 0 0 0 0 0 0 0 0 0]
[2335525968753170011296710011182387956668311823579193265264852352801102168068906333360775208520575626774944826419136865706842034876453441959446949930283859927092309688183443563829530409997385303088502185018052613588 0 0 0 0 0 0 0 0 0 0 0 0 0 0 0 0 0 0 0 0 0 0 0 0 0 0 0 0 0 0 0 0 0 0 0 0 0 0 0 0 0 0 0 0 0 0 0 0 0 0 0 0 0 0 0 1 0 0 0 0 0 0 0 0 0 0 0 0 0 0]
[2274272560569650005851495795650095946312466731240814989858223096026698142190090218662644581111802907164145908166729675447284244165643449464417912062032429400799562448093965766410859069872783336870189966637838966184 0 0 0 0 0 0 0 0 0 0 0 0 0 0 0 0 0 0 0 0 0 0 0 0 0 0 0 0 0 0 0 0 0 0 0 0 0 0 0 0 0 0 0 0 0 0 0 0 0 0 0 0 0 0 0 0 1 0 0 0 0 0 0 0 0 0 0 0 0 0]
[1987207981775992202012149722386767266689424519547617529698033931299100406904389465630005646324383840613512646994758377351760293749509503020362609398694275313433126299968569695845276571700165751179536561607608959741 0 0 0 0 0 0 0 0 0 0 0 0 0 0 0 0 0 0 0 0 0 0 0 0 0 0 0 0 0 0 0 0 0 0 0 0 0 0 0 0 0 0 0 0 0 0 0 0 0 0 0 0 0 0 0 0 0 1 0 0 0 0 0 0 0 0 0 0 0 0]
[189971265814297673199628151087367846177630073922557189267073433394201748825500933296167021519132410165698065780863918332784293187847028277542657421916486667352613203214244461076192313920114179330374922265357729942 0 0 0 0 0 0 0 0 0 0 0 0 0 0 0 0 0 0 0 0 0 0 0 0 0 0 0 0 0 0 0 0 0 0 0 0 0 0 0 0 0 0 0 0 0 0 0 0 0 0 0 0 0 0 0 0 0 0 1 0 0 0 0 0 0 0 0 0 0 0]
[632714913571197122429024967218761679097903017061047639421718536637476550705322467917397382732567821396926131294469450213218683704651752241908212768431154216066236112548984474316457694524129206957994808883710451147 0 0 0 0 0 0 0 0 0 0 0 0 0 0 0 0 0 0 0 0 0 0 0 0 0 0 0 0 0 0 0 0 0 0 0 0 0 0 0 0 0 0 0 0 0 0 0 0 0 0 0 0 0 0 0 0 0 0 0 1 0 0 0 0 0 0 0 0 0 0]
[2241191992281986582037678559231812629286863110990399740075969185565017976466331527346582086164084804336860523688353994860357625833708613686280067249959375423925822275390983523452938839473883687075395233139078146781 0 0 0 0 0 0 0 0 0 0 0 0 0 0 0 0 0 0 0 0 0 0 0 0 0 0 0 0 0 0 0 0 0 0 0 0 0 0 0 0 0 0 0 0 0 0 0 0 0 0 0 0 0 0 0 0 0 0 0 0 1 0 0 0 0 0 0 0 0 0]
[2225432278415907539396642344933238152692319797253981708529298093358829908395074698222706137015793197057195878095076185734763021947942455610883141057448455670340387165245318974155565949377902918270220650067562466859 0 0 0 0 0 0 0 0 0 0 0 0 0 0 0 0 0 0 0 0 0 0 0 0 0 0 0 0 0 0 0 0 0 0 0 0 0 0 0 0 0 0 0 0 0 0 0 0 0 0 0 0 0 0 0 0 0 0 0 0 0 1 0 0 0 0 0 0 0 0]
[1714201922326324546917690742437898224606963600082857740125745116014446018563822693343826553236988943770585472223596136570767448542884275612132456909203220255738980873444132453106109790832154696246017829786500848135 0 0 0 0 0 0 0 0 0 0 0 0 0 0 0 0 0 0 0 0 0 0 0 0 0 0 0 0 0 0 0 0 0 0 0 0 0 0 0 0 0 0 0 0 0 0 0 0 0 0 0 0 0 0 0 0 0 0 0 0 0 0 1 0 0 0 0 0 0 0]
[2884675586419585613964772529163751870238199601321281779195853995577594303740694022311188043559062976712307519270367717285601959814841466859814245156883816040974146634096351085600545199847320675813074295481873904549 0 0 0 0 0 0 0 0 0 0 0 0 0 0 0 0 0 0 0 0 0 0 0 0 0 0 0 0 0 0 0 0 0 0 0 0 0 0 0 0 0 0 0 0 0 0 0 0 0 0 0 0 0 0 0 0 0 0 0 0 0 0 0 1 0 0 0 0 0 0]
[2432240796329031167589624663847232637301485415142003670046403571694537892319277235923249200095194347292368029084209291855199993393411296837105533888692575642561192372894828515668224486954604245511828333243561537862 0 0 0 0 0 0 0 0 0 0 0 0 0 0 0 0 0 0 0 0 0 0 0 0 0 0 0 0 0 0 0 0 0 0 0 0 0 0 0 0 0 0 0 0 0 0 0 0 0 0 0 0 0 0 0 0 0 0 0 0 0 0 0 0 1 0 0 0 0 0]
[2618030682804689466610443849888288726268594600420556980285907158172356847237279959637607978228755855172921027620544347615747926303079080373233772029638558337387846569854344027183391084665690192732736123727407209235 0 0 0 0 0 0 0 0 0 0 0 0 0 0 0 0 0 0 0 0 0 0 0 0 0 0 0 0 0 0 0 0 0 0 0 0 0 0 0 0 0 0 0 0 0 0 0 0 0 0 0 0 0 0 0 0 0 0 0 0 0 0 0 0 0 1 0 0 0 0]
[1839243003761168909769446111995712457910924971456335613056594716793217295524954203249639220390769958921373475816832060812335933248207381147278236834102114022943439021092621238712190731490741876508361465335640277668 0 0 0 0 0 0 0 0 0 0 0 0 0 0 0 0 0 0 0 0 0 0 0 0 0 0 0 0 0 0 0 0 0 0 0 0 0 0 0 0 0 0 0 0 0 0 0 0 0 0 0 0 0 0 0 0 0 0 0 0 0 0 0 0 0 0 1 0 0 0]
[2674805944460710008076861420053462591413442819105901822030003954089106938377875367656998944738368041398145752731047868856314258720374134204579255875878073697467410022299251487903931823720504506828490528861467417328 0 0 0 0 0 0 0 0 0 0 0 0 0 0 0 0 0 0 0 0 0 0 0 0 0 0 0 0 0 0 0 0 0 0 0 0 0 0 0 0 0 0 0 0 0 0 0 0 0 0 0 0 0 0 0 0 0 0 0 0 0 0 0 0 0 0 0 1 0 0]
[1372200647309053558593261954700866987786183287340521775425444968972108774824497954105262261371240551530107525458324626575759842135650005761246413828253335360856960861148962152347227196365167606787764376178320181863 0 0 0 0 0 0 0 0 0 0 0 0 0 0 0 0 0 0 0 0 0 0 0 0 0 0 0 0 0 0 0 0 0 0 0 0 0 0 0 0 0 0 0 0 0 0 0 0 0 0 0 0 0 0 0 0 0 0 0 0 0 0 0 0 0 0 0 0 1 0]
[1705321011353080510882846598502873369981779185498192147198546145213567403213021530554868472808434777751341328773787742876899219226102420921014745463711199460647188841939527077544892378623140921532273949281298229181 0 0 0 0 0 0 0 0 0 0 0 0 0 0 0 0 0 0 0 0 0 0 0 0 0 0 0 0 0 0 0 0 0 0 0 0 0 0 0 0 0 0 0 0 0 0 0 0 0 0 0 0 0 0 0 0 0 0 0 0 0 0 0 0 0 0 0 0 0 1]
]
