[[3406612494941914865421500589716249136977606155677562470650556060264982347673086900750217299620279383217596989432429301416671027511646132610219377411177168326571 0 0 0 0 0 0 0 0 0 0 0 0 0 0 0 0 0 0 0 0 0 0 0 0 0 0 0 0 0 0 0 0 0 0 0 0 0 0 0 0 0 0 0 0 0 0 0 0 0 0 0 0]
[1550432449421136196612538334132311945907592138638418792454726700994996069171982862561809600238093060578865405862721456696700185510396720167042448733308700943420 1 0 0 0 0 0 0 0 0 0 0 0 0 0 0 0 0 0 0 0 0 0 0 0 0 0 0 0 0 0 0 0 0 0 0 0 0 0 0 0 0 0 0 0 0 0 0 0 0 0 0 0]
[90791004245878862273223559136827528532529220036813742867380334129568583043370941302851454037808436288954293195290561653819994574598698550228568070475527629174 0 1 0 0 0 0 0 0 0 0 0 0 0 0 0 0 0 0 0 0 0 0 0 0 0 0 0 0 0 0 0 0 0 0 0 0 0 0 0 0 0 0 0 0 0 0 0 0 0 0 0 0]
[1123610487300289578999540398017141316714712692949870365589406918312125303913804412210190360821757834072149883378527018395359632006617896320355063898390575208796 0 0 1 0 0 0 0 0 0 0 0 0 0 0 0 0 0 0 0 0 0 0 0 0 0 0 0 0 0 0 0 0 0 0 0 0 0 0 0 0 0 0 0 0 0 0 0 0 0 0 0 0]
[176644327827877482429558427442701912415464346666818229428845410556660028225972653975420025703581844451578497319203406345870069067911838338775200436863711905118 0 0 0 1 0 0 0 0 0 0 0 0 0 0 0 0 0 0 0 0 0 0 0 0 0 0 0 0 0 0 0 0 0 0 0 0 0 0 0 0 0 0 0 0 0 0 0 0 0 0 0 0]
[2803240561457065497334386988913863012739354972357234769424274181366690307653102841334770881100499756561457594990612301963036075536793385119903213914118687776465 0 0 0 0 1 0 0 0 0 0 0 0 0 0 0 0 0 0 0 0 0 0 0 0 0 0 0 0 0 0 0 0 0 0 0 0 0 0 0 0 0 0 0 0 0 0 0 0 0 0 0 0]
[2171774733878453998266829411112280899407444760777066292906028021632080297795456537036508445335994961155995861184716168570595401342160295135620958295332923160828 0 0 0 0 0 1 0 0 0 0 0 0 0 0 0 0 0 0 0 0 0 0 0 0 0 0 0 0 0 0 0 0 0 0 0 0 0 0 0 0 0 0 0 0 0 0 0 0 0 0 0 0]
[2538518456392618034196412372369471431739300280774731655566485246670192575470877191489534177717756118922136926081704438542995667435384863859893805575956710559087 0 0 0 0 0 0 1 0 0 0 0 0 0 0 0 0 0 0 0 0 0 0 0 0 0 0 0 0 0 0 0 0 0 0 0 0 0 0 0 0 0 0 0 0 0 0 0 0 0 0 0 0]
[608988805131167346981498274976873898069885822083736443911574100822844187367878926485764653618370151941482379948114745256344560211803852344683779474086322857996 0 0 0 0 0 0 0 1 0 0 0 0 0 0 0 0 0 0 0 0 0 0 0 0 0 0 0 0 0 0 0 0 0 0 0 0 0 0 0 0 0 0 0 0 0 0 0 0 0 0 0 0]
[3152171510384589802157169156689977205627576333564959399908161391255667364691174928034697452506392063193430993708816590454090733376161760462248723489830639240918 0 0 0 0 0 0 0 0 1 0 0 0 0 0 0 0 0 0 0 0 0 0 0 0 0 0 0 0 0 0 0 0 0 0 0 0 0 0 0 0 0 0 0 0 0 0 0 0 0 0 0 0]
[297647718746724326674561195469812321622676160179529775933567284585279066875414710555657578802926347101619300041194612447863166955195421701120579159769868627998 0 0 0 0 0 0 0 0 0 1 0 0 0 0 0 0 0 0 0 0 0 0 0 0 0 0 0 0 0 0 0 0 0 0 0 0 0 0 0 0 0 0 0 0 0 0 0 0 0 0 0 0]
[1007682911089190497034740202207569169401107898493807609032599625346618977674070130548902393229178740987025192643582863313587842008124539036751413177464984355051 0 0 0 0 0 0 0 0 0 0 1 0 0 0 0 0 0 0 0 0 0 0 0 0 0 0 0 0 0 0 0 0 0 0 0 0 0 0 0 0 0 0 0 0 0 0 0 0 0 0 0 0]
[2471745412028001894101244961637344102602357517936740407657649972956848302291670176877477731061208323912116788194133141384874060558363775818354695303369737751431 0 0 0 0 0 0 0 0 0 0 0 1 0 0 0 0 0 0 0 0 0 0 0 0 0 0 0 0 0 0 0 0 0 0 0 0 0 0 0 0 0 0 0 0 0 0 0 0 0 0 0 0]
[2919736831430765260382956926623885252272677131828015025875096949617588480874942061140681599747662348164062922941063254587119168865759609367737011400058515489069 0 0 0 0 0 0 0 0 0 0 0 0 1 0 0 0 0 0 0 0 0 0 0 0 0 0 0 0 0 0 0 0 0 0 0 0 0 0 0 0 0 0 0 0 0 0 0 0 0 0 0 0]
[1216369887455486078834241559049587184447165711106927326559797598981463178072361776817950293430980473974782322134788819211033817222069459182475510889108583887507 0 0 0 0 0 0 0 0 0 0 0 0 0 1 0 0 0 0 0 0 0 0 0 0 0 0 0 0 0 0 0 0 0 0 0 0 0 0 0 0 0 0 0 0 0 0 0 0 0 0 0 0]
[3175518577319005009589883149562006961467578743632592397569829591488033976706086166346532933895625913635009947693550548936150562335407755402014765067690402361370 0 0 0 0 0 0 0 0 0 0 0 0 0 0 1 0 0 0 0 0 0 0 0 0 0 0 0 0 0 0 0 0 0 0 0 0 0 0 0 0 0 0 0 0 0 0 0 0 0 0 0 0]
[2104035731285725713316464003917029511817979297540448599473159428876417811944652256304751111281667394169950160336343662411027439998204677580528820283537146138789 0 0 0 0 0 0 0 0 0 0 0 0 0 0 0 1 0 0 0 0 0 0 0 0 0 0 0 0 0 0 0 0 0 0 0 0 0 0 0 0 0 0 0 0 0 0 0 0 0 0 0 0]
[3232028014288732254198556790129013995114367372461912192478994354875755132517757851993133459522730125726509823306571959496518457553086912954062404731533993604170 0 0 0 0 0 0 0 0 0 0 0 0 0 0 0 0 1 0 0 0 0 0 0 0 0 0 0 0 0 0 0 0 0 0 0 0 0 0 0 0 0 0 0 0 0 0 0 0 0 0 0 0]
[1077235214711368857220285481013262261495929001260972245572456537355533671530236012253948754194157882125297632111504343686089440624629508398429348977190773341914 0 0 0 0 0 0 0 0 0 0 0 0 0 0 0 0 0 1 0 0 0 0 0 0 0 0 0 0 0 0 0 0 0 0 0 0 0 0 0 0 0 0 0 0 0 0 0 0 0 0 0 0]
[2159477846477432548684043938193259487397683880369414143107268035201626985900204728505966486818673019094626609437684775371311410102404038733200446455185889791512 0 0 0 0 0 0 0 0 0 0 0 0 0 0 0 0 0 0 1 0 0 0 0 0 0 0 0 0 0 0 0 0 0 0 0 0 0 0 0 0 0 0 0 0 0 0 0 0 0 0 0 0]
[612139155348214836246438046226087832084981674852223794069284263800466517565067224586083311260812538211590028080157936920497485539719215739991495046352658238925 0 0 0 0 0 0 0 0 0 0 0 0 0 0 0 0 0 0 0 1 0 0 0 0 0 0 0 0 0 0 0 0 0 0 0 0 0 0 0 0 0 0 0 0 0 0 0 0 0 0 0 0]
[2092042135816108304543889622502078085133117531286165533545342902063539373842759604311016287179099552172605130756754563514326959228695097927073538399767946049650 0 0 0 0 0 0 0 0 0 0 0 0 0 0 0 0 0 0 0 0 1 0 0 0 0 0 0 0 0 0 0 0 0 0 0 0 0 0 0 0 0 0 0 0 0 0 0 0 0 0 0 0]
[2296518608419341388239638094482019971355327006242070398952615907102596871892685418753925603099627927684294249164292072679645326181921700440979035529641904906091 0 0 0 0 0 0 0 0 0 0 0 0 0 0 0 0 0 0 0 0 0 1 0 0 0 0 0 0 0 0 0 0 0 0 0 0 0 0 0 0 0 0 0 0 0 0 0 0 0 0 0 0]
[292511660525502898859402568168795564470670999464487185956144131853147666008350673062106025254239951894076040595545108417189751488784363081942405409533087704614 0 0 0 0 0 0 0 0 0 0 0 0 0 0 0 0 0 0 0 0 0 0 1 0 0 0 0 0 0 0 0 0 0 0 0 0 0 0 0 0 0 0 0 0 0 0 0 0 0 0 0 0]
[1624186256960747333970463606847279207928715192226177409625379224078350112581305249388306670687117816829655722713183176550501043303211231630898897272082098391386 0 0 0 0 0 0 0 0 0 0 0 0 0 0 0 0 0 0 0 0 0 0 0 1 0 0 0 0 0 0 0 0 0 0 0 0 0 0 0 0 0 0 0 0 0 0 0 0 0 0 0 0]
[2263555491762927697702478051303060507360034202416720460460932839249685407869768876679985993386880769020848477923954600806845297393173801485045831326600398918829 0 0 0 0 0 0 0 0 0 0 0 0 0 0 0 0 0 0 0 0 0 0 0 0 1 0 0 0 0 0 0 0 0 0 0 0 0 0 0 0 0 0 0 0 0 0 0 0 0 0 0 0]
[3250652265903215663849742623443328552012285455288196905312582748917155670666165564861517265417451624440477704383013991283494972576767741953163014902997895220602 0 0 0 0 0 0 0 0 0 0 0 0 0 0 0 0 0 0 0 0 0 0 0 0 0 1 0 0 0 0 0 0 0 0 0 0 0 0 0 0 0 0 0 0 0 0 0 0 0 0 0 0]
[772061754655329108389667911611703156258230613305339747821406392581143442938477387599150769401901201041369911820292106773124458148610392827907045456176592056082 0 0 0 0 0 0 0 0 0 0 0 0 0 0 0 0 0 0 0 0 0 0 0 0 0 0 1 0 0 0 0 0 0 0 0 0 0 0 0 0 0 0 0 0 0 0 0 0 0 0 0 0]
[690818952205017538891400603270524601380246989317303225055411515446083585504580341054460478749994065235074079864062112022732304500029967471380442615854243794411 0 0 0 0 0 0 0 0 0 0 0 0 0 0 0 0 0 0 0 0 0 0 0 0 0 0 0 1 0 0 0 0 0 0 0 0 0 0 0 0 0 0 0 0 0 0 0 0 0 0 0 0]
[2295345399817511942074970146700996865906026434828688739043639865875857458153203758187351528240638169072520766292144945424621366184691188450509953228034453365787 0 0 0 0 0 0 0 0 0 0 0 0 0 0 0 0 0 0 0 0 0 0 0 0 0 0 0 0 1 0 0 0 0 0 0 0 0 0 0 0 0 0 0 0 0 0 0 0 0 0 0 0]
[3132891383192340664521118940751025081824352412360861940077344132560306972379681869169182259649849973311179859800205873754044268431782996686355488621831077453606 0 0 0 0 0 0 0 0 0 0 0 0 0 0 0 0 0 0 0 0 0 0 0 0 0 0 0 0 0 1 0 0 0 0 0 0 0 0 0 0 0 0 0 0 0 0 0 0 0 0 0 0]
[1678698326381003128166798898985897546914647856896338960995960433865703144843073546346607752019553371392032471769439620075767069999482157514647855972216968066120 0 0 0 0 0 0 0 0 0 0 0 0 0 0 0 0 0 0 0 0 0 0 0 0 0 0 0 0 0 0 1 0 0 0 0 0 0 0 0 0 0 0 0 0 0 0 0 0 0 0 0 0]
[93547982118968827631852365437907983442654851907872628361220240721107238098000785110386376523795245969129736787636605539031069411141122273338186377047087661881 0 0 0 0 0 0 0 0 0 0 0 0 0 0 0 0 0 0 0 0 0 0 0 0 0 0 0 0 0 0 0 1 0 0 0 0 0 0 0 0 0 0 0 0 0 0 0 0 0 0 0 0]
[3178833306498262556349370106579156775241725647888147716718406189317506797820011575942209599008837886786016267537392235893871245443399881934205150625508314177342 0 0 0 0 0 0 0 0 0 0 0 0 0 0 0 0 0 0 0 0 0 0 0 0 0 0 0 0 0 0 0 0 1 0 0 0 0 0 0 0 0 0 0 0 0 0 0 0 0 0 0 0]
[2564015994368141440402140152212580805261989937808512272150345438903082054915264922571430520059054183066516804376593265322720268136753077213836647733982863167869 0 0 0 0 0 0 0 0 0 0 0 0 0 0 0 0 0 0 0 0 0 0 0 0 0 0 0 0 0 0 0 0 0 1 0 0 0 0 0 0 0 0 0 0 0 0 0 0 0 0 0 0]
[3308221070603226547175616107353706863777525438058766462168489721382560599765659899052026515051185994076321238800715732447064286839816626939174999603786807936033 0 0 0 0 0 0 0 0 0 0 0 0 0 0 0 0 0 0 0 0 0 0 0 0 0 0 0 0 0 0 0 0 0 0 1 0 0 0 0 0 0 0 0 0 0 0 0 0 0 0 0 0]
[3306378027927089879883384648595465548019407113857358753828954089931930584864093633325908778087470400340790713616093521284250434977007924734736532530317972542229 0 0 0 0 0 0 0 0 0 0 0 0 0 0 0 0 0 0 0 0 0 0 0 0 0 0 0 0 0 0 0 0 0 0 0 1 0 0 0 0 0 0 0 0 0 0 0 0 0 0 0 0]
[3321538947644251268073913444772710267524387627147405252377552294543093487382268595352405100673779531790243579611761054350073459840654809200825612592024037527474 0 0 0 0 0 0 0 0 0 0 0 0 0 0 0 0 0 0 0 0 0 0 0 0 0 0 0 0 0 0 0 0 0 0 0 0 1 0 0 0 0 0 0 0 0 0 0 0 0 0 0 0]
[1028205322244213638123701535863779030201711630286988895474799166238495222851549985740855372245524670857834227833459704996118498794161116413645531212812457773215 0 0 0 0 0 0 0 0 0 0 0 0 0 0 0 0 0 0 0 0 0 0 0 0 0 0 0 0 0 0 0 0 0 0 0 0 0 1 0 0 0 0 0 0 0 0 0 0 0 0 0 0]
[2268787236144409436434812339129693216787999173952366898828783221141042078860316258597834496575937515189278580485824367725464633056258755041152074871816795229519 0 0 0 0 0 0 0 0 0 0 0 0 0 0 0 0 0 0 0 0 0 0 0 0 0 0 0 0 0 0 0 0 0 0 0 0 0 0 1 0 0 0 0 0 0 0 0 0 0 0 0 0]
[508332884225578410216134545218223943841175010460055666313426706626180948803060421924328319480556791109157950080591475679796801394307579151523774556041490296841 0 0 0 0 0 0 0 0 0 0 0 0 0 0 0 0 0 0 0 0 0 0 0 0 0 0 0 0 0 0 0 0 0 0 0 0 0 0 0 1 0 0 0 0 0 0 0 0 0 0 0 0]
[73949748765392180279691265181127620741945965799911460682096801183178105960055265228480097468734489490869897710932352527028948387679601192530058424998613409625 0 0 0 0 0 0 0 0 0 0 0 0 0 0 0 0 0 0 0 0 0 0 0 0 0 0 0 0 0 0 0 0 0 0 0 0 0 0 0 0 1 0 0 0 0 0 0 0 0 0 0 0]
[57039653363118769370101142658088214994697368401951298065337246969118671930947934587665929972621572242070516829282099162368136063200969181392162797686181218149 0 0 0 0 0 0 0 0 0 0 0 0 0 0 0 0 0 0 0 0 0 0 0 0 0 0 0 0 0 0 0 0 0 0 0 0 0 0 0 0 0 1 0 0 0 0 0 0 0 0 0 0]
[3192189890422355508684992489620123482399286452754176848713856558408713871144690491607927451145397273247834772108262650253564374192279363125794370266334608174873 0 0 0 0 0 0 0 0 0 0 0 0 0 0 0 0 0 0 0 0 0 0 0 0 0 0 0 0 0 0 0 0 0 0 0 0 0 0 0 0 0 0 1 0 0 0 0 0 0 0 0 0]
[945275643691477357249491953648631668916567717116533336657600273126770380281852088143305812200902279157710599074524654172103671100527545704866460701891726307860 0 0 0 0 0 0 0 0 0 0 0 0 0 0 0 0 0 0 0 0 0 0 0 0 0 0 0 0 0 0 0 0 0 0 0 0 0 0 0 0 0 0 0 1 0 0 0 0 0 0 0 0]
[2280019885923186350254039266135594193754072654706982779178354532148243431984873157960281101604993361726914976063432795876155663821706933273548459201675349861933 0 0 0 0 0 0 0 0 0 0 0 0 0 0 0 0 0 0 0 0 0 0 0 0 0 0 0 0 0 0 0 0 0 0 0 0 0 0 0 0 0 0 0 0 1 0 0 0 0 0 0 0]
[502501434293449459710182069866997677380878146735202377441844709321997538270576150322034878548426580731447949600379719631363288388536704964164322455786050186657 0 0 0 0 0 0 0 0 0 0 0 0 0 0 0 0 0 0 0 0 0 0 0 0 0 0 0 0 0 0 0 0 0 0 0 0 0 0 0 0 0 0 0 0 0 1 0 0 0 0 0 0]
[3229052041362656180926216314756625621619980873170058109181885094773047308435819378108997304486972744205479134368200998895405891041961285420167425013066838424172 0 0 0 0 0 0 0 0 0 0 0 0 0 0 0 0 0 0 0 0 0 0 0 0 0 0 0 0 0 0 0 0 0 0 0 0 0 0 0 0 0 0 0 0 0 0 1 0 0 0 0 0]
[3000521931518828023763575201366640170410479828961841564583040245093972594180564535805767694452198789890190627857266660563014848583309307752172684762377838257384 0 0 0 0 0 0 0 0 0 0 0 0 0 0 0 0 0 0 0 0 0 0 0 0 0 0 0 0 0 0 0 0 0 0 0 0 0 0 0 0 0 0 0 0 0 0 0 1 0 0 0 0]
[28588934314579729125084539874345015082345353946349974042420506209991112088981451779588508649312553019828055289574031987714494335099030043061186148738979802301 0 0 0 0 0 0 0 0 0 0 0 0 0 0 0 0 0 0 0 0 0 0 0 0 0 0 0 0 0 0 0 0 0 0 0 0 0 0 0 0 0 0 0 0 0 0 0 0 1 0 0 0]
[544424754466826069235134632156893917393317087859480863231800581354801390973414728499194967601900728219653354887732902124347099123436324091696942701773314771416 0 0 0 0 0 0 0 0 0 0 0 0 0 0 0 0 0 0 0 0 0 0 0 0 0 0 0 0 0 0 0 0 0 0 0 0 0 0 0 0 0 0 0 0 0 0 0 0 0 1 0 0]
[2178755849761424624529660818909751897924556415757862649013564093866609074517133770347192206617212464897744430113617533413741648209538256605076346881766011453392 0 0 0 0 0 0 0 0 0 0 0 0 0 0 0 0 0 0 0 0 0 0 0 0 0 0 0 0 0 0 0 0 0 0 0 0 0 0 0 0 0 0 0 0 0 0 0 0 0 0 1 0]
[1695652850836907464658930423248710618674382202409944012519531068668231905677392941264698323998458753984544372621273828880140857487962386768122175065992500260427 0 0 0 0 0 0 0 0 0 0 0 0 0 0 0 0 0 0 0 0 0 0 0 0 0 0 0 0 0 0 0 0 0 0 0 0 0 0 0 0 0 0 0 0 0 0 0 0 0 0 0 1]
]
