[[8202389024698834027198327509736481189168076187641400702052576022422146499291025089042425378208238490254794512255829830735788974892969081319892859592734712442439311885950827065870876186960157992858987214274735740264056879108109067367041954360457678587928370693619722889 0 0 0 0 0 0 0 0 0 0 0 0 0 0 0 0 0 0 0 0 0 0 0 0 0 0 0 0 0 0 0 0 0 0 0 0 0 0 0 0 0 0 0 0 0 0 0 0 0 0 0 0 0 0 0 0 0 0 0 0 0 0 0 0 0 0 0 0 0 0 0 0 0 0 0 0 0 0 0 0 0 0 0 0 0 0 0 0]
[7938698831952932243886579994922798485093606521042113446606441972175745159627396957382972553493162068136469680718463671757820136147780601513403415791626326886419584293832976326669770546429108300414443337314392542417366340405104686507083659079994362947291238348829136065 1 0 0 0 0 0 0 0 0 0 0 0 0 0 0 0 0 0 0 0 0 0 0 0 0 0 0 0 0 0 0 0 0 0 0 0 0 0 0 0 0 0 0 0 0 0 0 0 0 0 0 0 0 0 0 0 0 0 0 0 0 0 0 0 0 0 0 0 0 0 0 0 0 0 0 0 0 0 0 0 0 0 0 0 0 0 0 0]
[7199242494087618712022035030838238010704077612340908616672692039408503772853786410431331223139342481090999571894189108500919433021488728573003501372486657645726385626083824116656846891734672648532085670771434627322746630881564779518668139577265242639332688419021811826 0 1 0 0 0 0 0 0 0 0 0 0 0 0 0 0 0 0 0 0 0 0 0 0 0 0 0 0 0 0 0 0 0 0 0 0 0 0 0 0 0 0 0 0 0 0 0 0 0 0 0 0 0 0 0 0 0 0 0 0 0 0 0 0 0 0 0 0 0 0 0 0 0 0 0 0 0 0 0 0 0 0 0 0 0 0 0 0]
[3921028472297638355465531394280275200492589297482281694169380651512392540395619849624844321675839207516872501223131106882456375173094351669846471706204329713264233895819049151597106763406744475740191948260920069319046195719008602604872799403235861653916374648649605036 0 0 1 0 0 0 0 0 0 0 0 0 0 0 0 0 0 0 0 0 0 0 0 0 0 0 0 0 0 0 0 0 0 0 0 0 0 0 0 0 0 0 0 0 0 0 0 0 0 0 0 0 0 0 0 0 0 0 0 0 0 0 0 0 0 0 0 0 0 0 0 0 0 0 0 0 0 0 0 0 0 0 0 0 0 0 0 0]
[7981338231179607850378845650153276304193321188418520096488473657593673297683845474501277263937908086372481365989531496264537308381400004609575353625435218081118404714530510198642814399199706115087871635201118693180432314500466820405427805978708047657669675237090019241 0 0 0 1 0 0 0 0 0 0 0 0 0 0 0 0 0 0 0 0 0 0 0 0 0 0 0 0 0 0 0 0 0 0 0 0 0 0 0 0 0 0 0 0 0 0 0 0 0 0 0 0 0 0 0 0 0 0 0 0 0 0 0 0 0 0 0 0 0 0 0 0 0 0 0 0 0 0 0 0 0 0 0 0 0 0 0 0]
[2994713469600697182600169320344911646636721715725579977872021853522106248319688739593875457682379496717661918710241877780961490186513752111325308164867498481369719656203185990966811775411025837794038940112114243895514178548561227142789820982248351979147138166330459718 0 0 0 0 1 0 0 0 0 0 0 0 0 0 0 0 0 0 0 0 0 0 0 0 0 0 0 0 0 0 0 0 0 0 0 0 0 0 0 0 0 0 0 0 0 0 0 0 0 0 0 0 0 0 0 0 0 0 0 0 0 0 0 0 0 0 0 0 0 0 0 0 0 0 0 0 0 0 0 0 0 0 0 0 0 0 0 0]
[1210510293907511836021660402167531504042089863040297955868572906249589630303676950346686502475415714712286948067293822765067168352779185145384663500435215126600656383019392455842895384017386935014837525915818433552538321030287661435783502649878996728259505542773428134 0 0 0 0 0 1 0 0 0 0 0 0 0 0 0 0 0 0 0 0 0 0 0 0 0 0 0 0 0 0 0 0 0 0 0 0 0 0 0 0 0 0 0 0 0 0 0 0 0 0 0 0 0 0 0 0 0 0 0 0 0 0 0 0 0 0 0 0 0 0 0 0 0 0 0 0 0 0 0 0 0 0 0 0 0 0 0 0]
[3451536939113285509304772469008768702379809055725782762069986130363276146893676778840297712981353115146093479834272497666328784567089577620679376546932376298445616683726557937321245346332063774279138688969085804563682994171078242454651553620782655319244353250939805811 0 0 0 0 0 0 1 0 0 0 0 0 0 0 0 0 0 0 0 0 0 0 0 0 0 0 0 0 0 0 0 0 0 0 0 0 0 0 0 0 0 0 0 0 0 0 0 0 0 0 0 0 0 0 0 0 0 0 0 0 0 0 0 0 0 0 0 0 0 0 0 0 0 0 0 0 0 0 0 0 0 0 0 0 0 0 0 0]
[4512433105198599848567653581726962419191131952775740362619746201062557355941749361089495265047088470848979012072923851965127537299468155691953319927772426816700875799653626554527838212753252533538323375791091973343020411702769734553100518959473010170076117633980250170 0 0 0 0 0 0 0 1 0 0 0 0 0 0 0 0 0 0 0 0 0 0 0 0 0 0 0 0 0 0 0 0 0 0 0 0 0 0 0 0 0 0 0 0 0 0 0 0 0 0 0 0 0 0 0 0 0 0 0 0 0 0 0 0 0 0 0 0 0 0 0 0 0 0 0 0 0 0 0 0 0 0 0 0 0 0 0 0]
[2083809189721627645025286452939040792965975182500109851244222130168503052825714556315469576689689312564658635138582905405878579181900774607009326521767027581491840282951610188970115163562071968664330360160964231021675585843782712942320480022596026125616081443137843395 0 0 0 0 0 0 0 0 1 0 0 0 0 0 0 0 0 0 0 0 0 0 0 0 0 0 0 0 0 0 0 0 0 0 0 0 0 0 0 0 0 0 0 0 0 0 0 0 0 0 0 0 0 0 0 0 0 0 0 0 0 0 0 0 0 0 0 0 0 0 0 0 0 0 0 0 0 0 0 0 0 0 0 0 0 0 0 0]
[151087271059661505683150660182421580535542478361391649659004730001349434856619911908682857770726371082121936066639705648427578959755295456802472635921679555150931241720893764087977731021546495469872360330989202398981375590946524177204977133941142484908593463666900306 0 0 0 0 0 0 0 0 0 1 0 0 0 0 0 0 0 0 0 0 0 0 0 0 0 0 0 0 0 0 0 0 0 0 0 0 0 0 0 0 0 0 0 0 0 0 0 0 0 0 0 0 0 0 0 0 0 0 0 0 0 0 0 0 0 0 0 0 0 0 0 0 0 0 0 0 0 0 0 0 0 0 0 0 0 0 0 0]
[2932307690571983589480325430130417298721288800777982752930801270924271824833092140796623941671696169345645853272759428203717288104560068436010980707033558447685843037576845411258534407913057764728978704821537517738090403648964897926137611803589398652703078941743318090 0 0 0 0 0 0 0 0 0 0 1 0 0 0 0 0 0 0 0 0 0 0 0 0 0 0 0 0 0 0 0 0 0 0 0 0 0 0 0 0 0 0 0 0 0 0 0 0 0 0 0 0 0 0 0 0 0 0 0 0 0 0 0 0 0 0 0 0 0 0 0 0 0 0 0 0 0 0 0 0 0 0 0 0 0 0 0 0]
[3412333442248720528425895681356264330753084026010692691495330306747024809862027419266882452002779161190633007328321288367730413561564396303398083661293405295488137572974060547565681137540272006162482892918622098509997271676132734261399103940000381084770130188005232768 0 0 0 0 0 0 0 0 0 0 0 1 0 0 0 0 0 0 0 0 0 0 0 0 0 0 0 0 0 0 0 0 0 0 0 0 0 0 0 0 0 0 0 0 0 0 0 0 0 0 0 0 0 0 0 0 0 0 0 0 0 0 0 0 0 0 0 0 0 0 0 0 0 0 0 0 0 0 0 0 0 0 0 0 0 0 0 0]
[3944475384122954771700030122081950364312906564012525999005835471698990286630158098249176746199873107265437134872266416718835105333022126255672504319830056080848614829698633185639338682955264070987808788736776535860065040141756867203952797676610241683950283955160134054 0 0 0 0 0 0 0 0 0 0 0 0 1 0 0 0 0 0 0 0 0 0 0 0 0 0 0 0 0 0 0 0 0 0 0 0 0 0 0 0 0 0 0 0 0 0 0 0 0 0 0 0 0 0 0 0 0 0 0 0 0 0 0 0 0 0 0 0 0 0 0 0 0 0 0 0 0 0 0 0 0 0 0 0 0 0 0 0]
[2195988413835251081502929799289912247584953037028039456001365046400961209033417563985322582627019037158276357736844096656328902017491114095527488021145876244527108733161986434256796954278514716960458194274567837221357794678531235603360138500236122893460427122553570954 0 0 0 0 0 0 0 0 0 0 0 0 0 1 0 0 0 0 0 0 0 0 0 0 0 0 0 0 0 0 0 0 0 0 0 0 0 0 0 0 0 0 0 0 0 0 0 0 0 0 0 0 0 0 0 0 0 0 0 0 0 0 0 0 0 0 0 0 0 0 0 0 0 0 0 0 0 0 0 0 0 0 0 0 0 0 0 0]
[8164919802054434078314088751689185501343074388824598284836977082141946656838894368399150122217209077249001436336892629766521071645617187866349064810311909605520700099046195873560372293793584282188320970937634584691266993711586578199163496776042235116209848092792033519 0 0 0 0 0 0 0 0 0 0 0 0 0 0 1 0 0 0 0 0 0 0 0 0 0 0 0 0 0 0 0 0 0 0 0 0 0 0 0 0 0 0 0 0 0 0 0 0 0 0 0 0 0 0 0 0 0 0 0 0 0 0 0 0 0 0 0 0 0 0 0 0 0 0 0 0 0 0 0 0 0 0 0 0 0 0 0 0]
[7775944026023170198514583853367583937109243976216873719553463441954387982226704171580397153614091169001379873541009254014190320497294072223356756918335882406967886244855789269213698968715321158185387052954123879505239159761015821003580048708038112374456912608615228256 0 0 0 0 0 0 0 0 0 0 0 0 0 0 0 1 0 0 0 0 0 0 0 0 0 0 0 0 0 0 0 0 0 0 0 0 0 0 0 0 0 0 0 0 0 0 0 0 0 0 0 0 0 0 0 0 0 0 0 0 0 0 0 0 0 0 0 0 0 0 0 0 0 0 0 0 0 0 0 0 0 0 0 0 0 0 0 0]
[4256337569042343821499854476281127590800069057334611647923544803222505595537295714566105366979121152416670707990309529781778159946336399882361310210577013351538602025906376309018908963602086793347189138540338448572572442138262140895457524201808905424457465808392820874 0 0 0 0 0 0 0 0 0 0 0 0 0 0 0 0 1 0 0 0 0 0 0 0 0 0 0 0 0 0 0 0 0 0 0 0 0 0 0 0 0 0 0 0 0 0 0 0 0 0 0 0 0 0 0 0 0 0 0 0 0 0 0 0 0 0 0 0 0 0 0 0 0 0 0 0 0 0 0 0 0 0 0 0 0 0 0 0]
[7866922422001766669074379578285420200824415022149471508809366907054185044242355445652935738389773190526841204440538807963561249088369753652660408294107274753770445979509745516985484633718994692030410417255448150074823082914843042697009608364086550288373404575946934731 0 0 0 0 0 0 0 0 0 0 0 0 0 0 0 0 0 1 0 0 0 0 0 0 0 0 0 0 0 0 0 0 0 0 0 0 0 0 0 0 0 0 0 0 0 0 0 0 0 0 0 0 0 0 0 0 0 0 0 0 0 0 0 0 0 0 0 0 0 0 0 0 0 0 0 0 0 0 0 0 0 0 0 0 0 0 0 0]
[6705683017684631207137443777268971549760468239158874251758401583736232320029038677672690424862622072234711154040975962612428533263437614351805878984586908531228778983445175158789454378402502411225956732220345573821799073334252707908699580531669426657514537065517378638 0 0 0 0 0 0 0 0 0 0 0 0 0 0 0 0 0 0 1 0 0 0 0 0 0 0 0 0 0 0 0 0 0 0 0 0 0 0 0 0 0 0 0 0 0 0 0 0 0 0 0 0 0 0 0 0 0 0 0 0 0 0 0 0 0 0 0 0 0 0 0 0 0 0 0 0 0 0 0 0 0 0 0 0 0 0 0 0]
[1219548202070029437184602923843135085239669312522392621237564900501218186977682041844917248123420240359596919447020975041640751034899656159863208589942836802211351821769659449883001210820696008218293144565639675159394911386344036093064730585045021227274091341989758100 0 0 0 0 0 0 0 0 0 0 0 0 0 0 0 0 0 0 0 1 0 0 0 0 0 0 0 0 0 0 0 0 0 0 0 0 0 0 0 0 0 0 0 0 0 0 0 0 0 0 0 0 0 0 0 0 0 0 0 0 0 0 0 0 0 0 0 0 0 0 0 0 0 0 0 0 0 0 0 0 0 0 0 0 0 0 0 0]
[6282564238861883495579229071733780381269748398125582373515859797957886458032999576169811259768830166489365517606214201292420680729896924019279600253172074015572427972949427923153864992714304994667939515426303576394975871109704436276664866031057595154102469103478510349 0 0 0 0 0 0 0 0 0 0 0 0 0 0 0 0 0 0 0 0 1 0 0 0 0 0 0 0 0 0 0 0 0 0 0 0 0 0 0 0 0 0 0 0 0 0 0 0 0 0 0 0 0 0 0 0 0 0 0 0 0 0 0 0 0 0 0 0 0 0 0 0 0 0 0 0 0 0 0 0 0 0 0 0 0 0 0 0]
[7853304939582060648684035539647343024997583515673721940325873863937486249317274742993963722759160688121792995693730531039884032703299074727053881681967822434464715106046548185061418117385984525424740074201496865137972578994144259819621788993250883356225069708685128795 0 0 0 0 0 0 0 0 0 0 0 0 0 0 0 0 0 0 0 0 0 1 0 0 0 0 0 0 0 0 0 0 0 0 0 0 0 0 0 0 0 0 0 0 0 0 0 0 0 0 0 0 0 0 0 0 0 0 0 0 0 0 0 0 0 0 0 0 0 0 0 0 0 0 0 0 0 0 0 0 0 0 0 0 0 0 0 0]
[6414536762920153072095476806626672147159739935543383542795868381648070055172595497760620137487618223202345872267612157932516689761456562678999828886044862579882563605776463230883858225954956647760054871007307361381174304000878690401536281592399209419165311586149723843 0 0 0 0 0 0 0 0 0 0 0 0 0 0 0 0 0 0 0 0 0 0 1 0 0 0 0 0 0 0 0 0 0 0 0 0 0 0 0 0 0 0 0 0 0 0 0 0 0 0 0 0 0 0 0 0 0 0 0 0 0 0 0 0 0 0 0 0 0 0 0 0 0 0 0 0 0 0 0 0 0 0 0 0 0 0 0 0]
[6691770203051638021338765567042039698601648584237030851546310779512648811197948755804953458677326102624460789284344569025855691201239507050355564054865169520912429195886538725017319284493966399986301822632808516926594607180141259760769768878778600810044385823615528304 0 0 0 0 0 0 0 0 0 0 0 0 0 0 0 0 0 0 0 0 0 0 0 1 0 0 0 0 0 0 0 0 0 0 0 0 0 0 0 0 0 0 0 0 0 0 0 0 0 0 0 0 0 0 0 0 0 0 0 0 0 0 0 0 0 0 0 0 0 0 0 0 0 0 0 0 0 0 0 0 0 0 0 0 0 0 0 0]
[7672300319224583141686445843704294514682022860539463502734697828767085801366309698656850550239388397730023645316808085802016032104568345684998749749382753840585222913564518292393838409017557362540603439292191585292115431837352278590662227548669074591691805605724233091 0 0 0 0 0 0 0 0 0 0 0 0 0 0 0 0 0 0 0 0 0 0 0 0 1 0 0 0 0 0 0 0 0 0 0 0 0 0 0 0 0 0 0 0 0 0 0 0 0 0 0 0 0 0 0 0 0 0 0 0 0 0 0 0 0 0 0 0 0 0 0 0 0 0 0 0 0 0 0 0 0 0 0 0 0 0 0 0]
[4519071557796605602436787185062982635590006317329413080614122761421806839288194661875788118522288625087182212520549754627523003494760685342444624119941679868106796350918911596169155287239899040681532291964549759080171280589660160180927225364252770066211927378199804512 0 0 0 0 0 0 0 0 0 0 0 0 0 0 0 0 0 0 0 0 0 0 0 0 0 1 0 0 0 0 0 0 0 0 0 0 0 0 0 0 0 0 0 0 0 0 0 0 0 0 0 0 0 0 0 0 0 0 0 0 0 0 0 0 0 0 0 0 0 0 0 0 0 0 0 0 0 0 0 0 0 0 0 0 0 0 0 0]
[3896159342343025444430379250781563000528536939582412017120310791274492767022099446341097312161249094300661456880484306885362202839720658087207333533029105375661908565884062509196376088353618151866081145804249550972679888885610128661994989262741598901970858734239111881 0 0 0 0 0 0 0 0 0 0 0 0 0 0 0 0 0 0 0 0 0 0 0 0 0 0 1 0 0 0 0 0 0 0 0 0 0 0 0 0 0 0 0 0 0 0 0 0 0 0 0 0 0 0 0 0 0 0 0 0 0 0 0 0 0 0 0 0 0 0 0 0 0 0 0 0 0 0 0 0 0 0 0 0 0 0 0 0]
[4174309544970857655168537867976849081479767978759701210307554697044244167986152880893369569506626408715355337704219617228609487900138564369776978479923546010853112139095661148431474357349582599327163290310018481464346375656226413540582627298505088834183601428121947167 0 0 0 0 0 0 0 0 0 0 0 0 0 0 0 0 0 0 0 0 0 0 0 0 0 0 0 1 0 0 0 0 0 0 0 0 0 0 0 0 0 0 0 0 0 0 0 0 0 0 0 0 0 0 0 0 0 0 0 0 0 0 0 0 0 0 0 0 0 0 0 0 0 0 0 0 0 0 0 0 0 0 0 0 0 0 0 0]
[2614388728116146919387046322594754714781524469175991287833408620625846597668130160213486885864792690344326117823197065682706064794244227939938184725183661263570161967558143558694065462870236173481114189941656737997908801987755849710551544936828588436212049162852418753 0 0 0 0 0 0 0 0 0 0 0 0 0 0 0 0 0 0 0 0 0 0 0 0 0 0 0 0 1 0 0 0 0 0 0 0 0 0 0 0 0 0 0 0 0 0 0 0 0 0 0 0 0 0 0 0 0 0 0 0 0 0 0 0 0 0 0 0 0 0 0 0 0 0 0 0 0 0 0 0 0 0 0 0 0 0 0 0]
[7208605991751554460698107911517767773998566269273280942612267170725792363497696784778261332416435883826047346645677093302572358044051416432248685571640485699061708531878292015995512083045721363919618275644809832920932227071417355040864741803512431103296922860504344136 0 0 0 0 0 0 0 0 0 0 0 0 0 0 0 0 0 0 0 0 0 0 0 0 0 0 0 0 0 1 0 0 0 0 0 0 0 0 0 0 0 0 0 0 0 0 0 0 0 0 0 0 0 0 0 0 0 0 0 0 0 0 0 0 0 0 0 0 0 0 0 0 0 0 0 0 0 0 0 0 0 0 0 0 0 0 0 0]
[7736021404839959812585783696073164479669041282039762747213188886158626628008926544205382416530975711510100742784093368515254099484473434935057994443686465031275558439498670088136935271993179704840007717006395396380574598726742600165860785647405876957348291937779374867 0 0 0 0 0 0 0 0 0 0 0 0 0 0 0 0 0 0 0 0 0 0 0 0 0 0 0 0 0 0 1 0 0 0 0 0 0 0 0 0 0 0 0 0 0 0 0 0 0 0 0 0 0 0 0 0 0 0 0 0 0 0 0 0 0 0 0 0 0 0 0 0 0 0 0 0 0 0 0 0 0 0 0 0 0 0 0 0]
[1999634921288788304014662576596420708401214706305267769299436747878439603139318878278432732780505955888614812965634844442129099301781933618748890438964895129941243277466828896350378799779067798117004765160950513953317269925941896955881187130392179763607741668880006732 0 0 0 0 0 0 0 0 0 0 0 0 0 0 0 0 0 0 0 0 0 0 0 0 0 0 0 0 0 0 0 1 0 0 0 0 0 0 0 0 0 0 0 0 0 0 0 0 0 0 0 0 0 0 0 0 0 0 0 0 0 0 0 0 0 0 0 0 0 0 0 0 0 0 0 0 0 0 0 0 0 0 0 0 0 0 0 0]
[7497933931112033948902973566050629671011923633645875426955708482169388915531179913942551433180574612746143931958631433467016823666029579975896609591818274240244321826889545099876190041772115149813314010774344639155903423669804637984311062382322235130155695503000917120 0 0 0 0 0 0 0 0 0 0 0 0 0 0 0 0 0 0 0 0 0 0 0 0 0 0 0 0 0 0 0 0 1 0 0 0 0 0 0 0 0 0 0 0 0 0 0 0 0 0 0 0 0 0 0 0 0 0 0 0 0 0 0 0 0 0 0 0 0 0 0 0 0 0 0 0 0 0 0 0 0 0 0 0 0 0 0 0]
[448300853588895211552516501596424354881644875226211216456544004163565918682593305206599500454344968692154708273184911061493298007656292688962871077918059968902772843372173221945430340484320342629877897156960597951189052125699132258169618513635159726424607899985541567 0 0 0 0 0 0 0 0 0 0 0 0 0 0 0 0 0 0 0 0 0 0 0 0 0 0 0 0 0 0 0 0 0 1 0 0 0 0 0 0 0 0 0 0 0 0 0 0 0 0 0 0 0 0 0 0 0 0 0 0 0 0 0 0 0 0 0 0 0 0 0 0 0 0 0 0 0 0 0 0 0 0 0 0 0 0 0 0]
[4909293005170361249230015710092175502872851567501236990621652517989943250161912639292186483770922238058235013417423159118029113874613003909460272184831348952981975599184054229120177550567184118074355665426122193013768948410030700127598570378765327818744956236519613320 0 0 0 0 0 0 0 0 0 0 0 0 0 0 0 0 0 0 0 0 0 0 0 0 0 0 0 0 0 0 0 0 0 0 1 0 0 0 0 0 0 0 0 0 0 0 0 0 0 0 0 0 0 0 0 0 0 0 0 0 0 0 0 0 0 0 0 0 0 0 0 0 0 0 0 0 0 0 0 0 0 0 0 0 0 0 0 0]
[3035890729692735759103818138317713298515303754481588393562287917762119908926873656098155170593762012328046055467600716992408600429078106693915546615650334713633864019205890515744304178800224773912828500628647002780776970022409879818641296512490981842257209177746602843 0 0 0 0 0 0 0 0 0 0 0 0 0 0 0 0 0 0 0 0 0 0 0 0 0 0 0 0 0 0 0 0 0 0 0 1 0 0 0 0 0 0 0 0 0 0 0 0 0 0 0 0 0 0 0 0 0 0 0 0 0 0 0 0 0 0 0 0 0 0 0 0 0 0 0 0 0 0 0 0 0 0 0 0 0 0 0 0]
[3058062065467789548782994223980451191583376135685395441782272464927455658593102199413369978540389493299231326848150151655334860723957536454056263996261432543403540669536945893518921499046459497674625564918723090930539472332285364495556966714841813945694455139870229836 0 0 0 0 0 0 0 0 0 0 0 0 0 0 0 0 0 0 0 0 0 0 0 0 0 0 0 0 0 0 0 0 0 0 0 0 1 0 0 0 0 0 0 0 0 0 0 0 0 0 0 0 0 0 0 0 0 0 0 0 0 0 0 0 0 0 0 0 0 0 0 0 0 0 0 0 0 0 0 0 0 0 0 0 0 0 0 0]
[5226033859611266961087811139703671979633308028094930138970527725152763543870502482354468682970483425754316318326338781579731617119628181599316160576749445544198133856905602540333074107414804612231093830830843422015797160698713189632036085169729796701674314660460848018 0 0 0 0 0 0 0 0 0 0 0 0 0 0 0 0 0 0 0 0 0 0 0 0 0 0 0 0 0 0 0 0 0 0 0 0 0 1 0 0 0 0 0 0 0 0 0 0 0 0 0 0 0 0 0 0 0 0 0 0 0 0 0 0 0 0 0 0 0 0 0 0 0 0 0 0 0 0 0 0 0 0 0 0 0 0 0 0]
[2412545881269371925298382792063174851401007976092066944299088734796840197298288664419373215861764771724659625472219571257977686584290925328114644030953928228008671952162072022477522906749874186024410107250837855713931265538680315797435738595281126580901550963542967397 0 0 0 0 0 0 0 0 0 0 0 0 0 0 0 0 0 0 0 0 0 0 0 0 0 0 0 0 0 0 0 0 0 0 0 0 0 0 1 0 0 0 0 0 0 0 0 0 0 0 0 0 0 0 0 0 0 0 0 0 0 0 0 0 0 0 0 0 0 0 0 0 0 0 0 0 0 0 0 0 0 0 0 0 0 0 0 0]
[3181089293175683435337111817860244708938335852119200860146456291726042746289864613385358288221618697926433971186292884866748504690132298443471825497007565824660312443262679936249501816504256504085971983213725943861570172633464899673319087679376532860427531962747248087 0 0 0 0 0 0 0 0 0 0 0 0 0 0 0 0 0 0 0 0 0 0 0 0 0 0 0 0 0 0 0 0 0 0 0 0 0 0 0 1 0 0 0 0 0 0 0 0 0 0 0 0 0 0 0 0 0 0 0 0 0 0 0 0 0 0 0 0 0 0 0 0 0 0 0 0 0 0 0 0 0 0 0 0 0 0 0 0]
[5541868351134873409752687350104864310081367736613288616050120237524263843352614093492030498507190426420787011216219021194494609259594506835874135276248329378706458145295357958536395958020801569076645180820999195757453279640358675246359474667967532235984310146408737090 0 0 0 0 0 0 0 0 0 0 0 0 0 0 0 0 0 0 0 0 0 0 0 0 0 0 0 0 0 0 0 0 0 0 0 0 0 0 0 0 1 0 0 0 0 0 0 0 0 0 0 0 0 0 0 0 0 0 0 0 0 0 0 0 0 0 0 0 0 0 0 0 0 0 0 0 0 0 0 0 0 0 0 0 0 0 0 0]
[7394041441593164532366609151744075878297259047641570283370184851733829318781711395548016319451726708047855577159090586816618245620375952141503664275829918993074860782370819321626570541677468246470779015482073637547279622396938250648691302990830252845054621879536094588 0 0 0 0 0 0 0 0 0 0 0 0 0 0 0 0 0 0 0 0 0 0 0 0 0 0 0 0 0 0 0 0 0 0 0 0 0 0 0 0 0 1 0 0 0 0 0 0 0 0 0 0 0 0 0 0 0 0 0 0 0 0 0 0 0 0 0 0 0 0 0 0 0 0 0 0 0 0 0 0 0 0 0 0 0 0 0 0]
[2773548854436755677754251028206012161111562295527288017938018002928772171635381076898890830442984532138555762917802167589405112349028508167899346151470221602056423470531032707158879876260055278875853434587273554047641937177968460710315931533756673758894017938477159035 0 0 0 0 0 0 0 0 0 0 0 0 0 0 0 0 0 0 0 0 0 0 0 0 0 0 0 0 0 0 0 0 0 0 0 0 0 0 0 0 0 0 1 0 0 0 0 0 0 0 0 0 0 0 0 0 0 0 0 0 0 0 0 0 0 0 0 0 0 0 0 0 0 0 0 0 0 0 0 0 0 0 0 0 0 0 0 0]
[7308159041643628629910408153905556836267884739566069116147604086597711619425449531054498308509948717092489559648641051992294791622479053217687298076082486682718140758881362674694786696384212126917303853192690019978879600108750207556660519148957832270614639369913562936 0 0 0 0 0 0 0 0 0 0 0 0 0 0 0 0 0 0 0 0 0 0 0 0 0 0 0 0 0 0 0 0 0 0 0 0 0 0 0 0 0 0 0 1 0 0 0 0 0 0 0 0 0 0 0 0 0 0 0 0 0 0 0 0 0 0 0 0 0 0 0 0 0 0 0 0 0 0 0 0 0 0 0 0 0 0 0 0]
[2664373863711036167472205591395277492278104174276245443717681609754409014991317068386274816794878140123128906688619168536450063848925207510015075267411855810321338519349017672478584151948811661921956158029858884059710100462639202137664583682997694568510682755368152443 0 0 0 0 0 0 0 0 0 0 0 0 0 0 0 0 0 0 0 0 0 0 0 0 0 0 0 0 0 0 0 0 0 0 0 0 0 0 0 0 0 0 0 0 1 0 0 0 0 0 0 0 0 0 0 0 0 0 0 0 0 0 0 0 0 0 0 0 0 0 0 0 0 0 0 0 0 0 0 0 0 0 0 0 0 0 0 0]
[4224005452854661007037620327986101712504701228500726926621757508992271986701539478197165238018733305830799639813883416382041237173644980327019347938202235369098609083316710138950899963366192423146916358294600899665196656434682474434778980354973639461861951491480649636 0 0 0 0 0 0 0 0 0 0 0 0 0 0 0 0 0 0 0 0 0 0 0 0 0 0 0 0 0 0 0 0 0 0 0 0 0 0 0 0 0 0 0 0 0 1 0 0 0 0 0 0 0 0 0 0 0 0 0 0 0 0 0 0 0 0 0 0 0 0 0 0 0 0 0 0 0 0 0 0 0 0 0 0 0 0 0 0]
[6757880577723477115370617678194965344037287109110681769431862344202557689062465500851154495333851038723840589715784153514740161844686681663765192256408826908539285055411674513342732585479523619336023790603034138968185882644124057388127157990546736507104308231708023081 0 0 0 0 0 0 0 0 0 0 0 0 0 0 0 0 0 0 0 0 0 0 0 0 0 0 0 0 0 0 0 0 0 0 0 0 0 0 0 0 0 0 0 0 0 0 1 0 0 0 0 0 0 0 0 0 0 0 0 0 0 0 0 0 0 0 0 0 0 0 0 0 0 0 0 0 0 0 0 0 0 0 0 0 0 0 0 0]
[5804814104403590798605581631695422156168957739622772322240446118568394766322898681176376126432298039086593707502270437975010996896706301818771731358604901758620125838162673744409040862427372507519520119663364951498221701354052181070151414379450174359164374813814739522 0 0 0 0 0 0 0 0 0 0 0 0 0 0 0 0 0 0 0 0 0 0 0 0 0 0 0 0 0 0 0 0 0 0 0 0 0 0 0 0 0 0 0 0 0 0 0 1 0 0 0 0 0 0 0 0 0 0 0 0 0 0 0 0 0 0 0 0 0 0 0 0 0 0 0 0 0 0 0 0 0 0 0 0 0 0 0 0]
[3297490675211134458409962336060273687445692131766251025147923479501151120681678196942930204021871506619446313276062035931844977857943724030099838207719075484389319192543217690847071258276406948809896527485493044799495288494018111056301344525819073620265758260062055853 0 0 0 0 0 0 0 0 0 0 0 0 0 0 0 0 0 0 0 0 0 0 0 0 0 0 0 0 0 0 0 0 0 0 0 0 0 0 0 0 0 0 0 0 0 0 0 0 1 0 0 0 0 0 0 0 0 0 0 0 0 0 0 0 0 0 0 0 0 0 0 0 0 0 0 0 0 0 0 0 0 0 0 0 0 0 0 0]
[2078728283369232859380896753763407434917464528757910183884510602169137162984452936395343464717318015271197251428549005451970243689455939733678464973757822728052300634137181949963390615540094731423224063011983337586166827701940134175370377352813593231198407152789528089 0 0 0 0 0 0 0 0 0 0 0 0 0 0 0 0 0 0 0 0 0 0 0 0 0 0 0 0 0 0 0 0 0 0 0 0 0 0 0 0 0 0 0 0 0 0 0 0 0 1 0 0 0 0 0 0 0 0 0 0 0 0 0 0 0 0 0 0 0 0 0 0 0 0 0 0 0 0 0 0 0 0 0 0 0 0 0 0]
[864864985058048849342778011643751669180043283366762620794564997971335721448468985398409745039467297890264399179636617463803525392032102964939148819268586915140425114595771553518283483878272590829593149758468924946097634810470505168994309657592218886788722637924099668 0 0 0 0 0 0 0 0 0 0 0 0 0 0 0 0 0 0 0 0 0 0 0 0 0 0 0 0 0 0 0 0 0 0 0 0 0 0 0 0 0 0 0 0 0 0 0 0 0 0 1 0 0 0 0 0 0 0 0 0 0 0 0 0 0 0 0 0 0 0 0 0 0 0 0 0 0 0 0 0 0 0 0 0 0 0 0 0]
[4173341147045425490476607463323003773376853238460698731071852495923466204776450850567416386271012059132524563662491965440770249235004744300464932414772808413788672916001497637358122728309746618450157698216752799017090983332915376326171079639781322463135472181516289952 0 0 0 0 0 0 0 0 0 0 0 0 0 0 0 0 0 0 0 0 0 0 0 0 0 0 0 0 0 0 0 0 0 0 0 0 0 0 0 0 0 0 0 0 0 0 0 0 0 0 0 1 0 0 0 0 0 0 0 0 0 0 0 0 0 0 0 0 0 0 0 0 0 0 0 0 0 0 0 0 0 0 0 0 0 0 0 0]
[4364228903765203489533125007156862280980715729274487953566832203414597463669873644139862996704447027892960869778819772396192631477482678155889869759401150895186024702839850271162516716370506945234824023228476786626234641812391132362750942266135822212641553047514318665 0 0 0 0 0 0 0 0 0 0 0 0 0 0 0 0 0 0 0 0 0 0 0 0 0 0 0 0 0 0 0 0 0 0 0 0 0 0 0 0 0 0 0 0 0 0 0 0 0 0 0 0 1 0 0 0 0 0 0 0 0 0 0 0 0 0 0 0 0 0 0 0 0 0 0 0 0 0 0 0 0 0 0 0 0 0 0 0]
[3703151843678732695100969102113164420240563786904583540533082027059071672162742769146174546629725202504335320861129691232322045927186141792253137068279489063125994139214425267490795344811760531387503562299578708754523085092962272717115942794482257940074467862616815726 0 0 0 0 0 0 0 0 0 0 0 0 0 0 0 0 0 0 0 0 0 0 0 0 0 0 0 0 0 0 0 0 0 0 0 0 0 0 0 0 0 0 0 0 0 0 0 0 0 0 0 0 0 1 0 0 0 0 0 0 0 0 0 0 0 0 0 0 0 0 0 0 0 0 0 0 0 0 0 0 0 0 0 0 0 0 0 0]
[7812806028008020501857165652555676149005276429181341764414966447100093669699732254865362195400841411938681528441387307662596166395385873642497813358350029705782404483186481973809805880780427267651735914144803565365201283052070487812951001187415468342758404724802608965 0 0 0 0 0 0 0 0 0 0 0 0 0 0 0 0 0 0 0 0 0 0 0 0 0 0 0 0 0 0 0 0 0 0 0 0 0 0 0 0 0 0 0 0 0 0 0 0 0 0 0 0 0 0 1 0 0 0 0 0 0 0 0 0 0 0 0 0 0 0 0 0 0 0 0 0 0 0 0 0 0 0 0 0 0 0 0 0]
[4026599988095759663907902657388952295332752960229360834456479916576194805383644002331262767850781559160722342266162318501810276901311129949468695483411189701643103041030767963640474841237710675780789940570022230097278878542468287182587833236176640032037174028653787572 0 0 0 0 0 0 0 0 0 0 0 0 0 0 0 0 0 0 0 0 0 0 0 0 0 0 0 0 0 0 0 0 0 0 0 0 0 0 0 0 0 0 0 0 0 0 0 0 0 0 0 0 0 0 0 1 0 0 0 0 0 0 0 0 0 0 0 0 0 0 0 0 0 0 0 0 0 0 0 0 0 0 0 0 0 0 0 0]
[4613155224320065321538786163949530270543931033755144274863953043295774104017771544566124422816780504828708374201158796348014312871041835057870629864396331025056531402149984367333636097704003649977928549228895805255512801621620252070658399105870962120635725491599171069 0 0 0 0 0 0 0 0 0 0 0 0 0 0 0 0 0 0 0 0 0 0 0 0 0 0 0 0 0 0 0 0 0 0 0 0 0 0 0 0 0 0 0 0 0 0 0 0 0 0 0 0 0 0 0 0 1 0 0 0 0 0 0 0 0 0 0 0 0 0 0 0 0 0 0 0 0 0 0 0 0 0 0 0 0 0 0 0]
[6431012377355752451056785157111515814290863959648147736713210850332768499235704330742180266846765029206225149659650078070130996977391331146342937867561674742494458737651356066420224115866950040561246608326111174512611989621965516863057030428451498408527109030712571859 0 0 0 0 0 0 0 0 0 0 0 0 0 0 0 0 0 0 0 0 0 0 0 0 0 0 0 0 0 0 0 0 0 0 0 0 0 0 0 0 0 0 0 0 0 0 0 0 0 0 0 0 0 0 0 0 0 1 0 0 0 0 0 0 0 0 0 0 0 0 0 0 0 0 0 0 0 0 0 0 0 0 0 0 0 0 0 0]
[3287703214594398080705026649092002885030141813620952596204540220833372678128323564396145791648919847340619007260242680465395090831617195858002566180688583047406152981397953988845792223199453275253837395722917027080613601621274240541893419453082364395141825684092635903 0 0 0 0 0 0 0 0 0 0 0 0 0 0 0 0 0 0 0 0 0 0 0 0 0 0 0 0 0 0 0 0 0 0 0 0 0 0 0 0 0 0 0 0 0 0 0 0 0 0 0 0 0 0 0 0 0 0 1 0 0 0 0 0 0 0 0 0 0 0 0 0 0 0 0 0 0 0 0 0 0 0 0 0 0 0 0 0]
[3812799899922933242475558091973065395698639827377022597184258812692527148029444544646750795786554772752730207751732147153531641177309250545768901694020987048050967910369889067670766496730130642065331588287910509491896154572908436398250513260446535656212066931970723871 0 0 0 0 0 0 0 0 0 0 0 0 0 0 0 0 0 0 0 0 0 0 0 0 0 0 0 0 0 0 0 0 0 0 0 0 0 0 0 0 0 0 0 0 0 0 0 0 0 0 0 0 0 0 0 0 0 0 0 1 0 0 0 0 0 0 0 0 0 0 0 0 0 0 0 0 0 0 0 0 0 0 0 0 0 0 0 0]
[6580177213418163292723142176508697060282887247469949171061487536335924902167894282544999041356981214511117863044411629256668352702888847718054254842423436944209507643856517694376130472713960131598275296810065449724599440117920084026787662619360264013502534674911092652 0 0 0 0 0 0 0 0 0 0 0 0 0 0 0 0 0 0 0 0 0 0 0 0 0 0 0 0 0 0 0 0 0 0 0 0 0 0 0 0 0 0 0 0 0 0 0 0 0 0 0 0 0 0 0 0 0 0 0 0 1 0 0 0 0 0 0 0 0 0 0 0 0 0 0 0 0 0 0 0 0 0 0 0 0 0 0 0]
[622504247371760230687040355588427587997317353847902983658991521592552728670349096590694677979047708620578247896298176791478808450079261997974175797038135035585734027420966293718679325120717658687718156090859269266345186446061584087120107603050292393373656999992303041 0 0 0 0 0 0 0 0 0 0 0 0 0 0 0 0 0 0 0 0 0 0 0 0 0 0 0 0 0 0 0 0 0 0 0 0 0 0 0 0 0 0 0 0 0 0 0 0 0 0 0 0 0 0 0 0 0 0 0 0 0 1 0 0 0 0 0 0 0 0 0 0 0 0 0 0 0 0 0 0 0 0 0 0 0 0 0 0]
[7157213441523566133387846277658837495341676422493897555116149107813660199828793995984186840397844666503357436971935195051150785816603053897893858014889533825000077640958178509718981108354596283762513001094236969538547413569221974220725736868907875399605129989358360780 0 0 0 0 0 0 0 0 0 0 0 0 0 0 0 0 0 0 0 0 0 0 0 0 0 0 0 0 0 0 0 0 0 0 0 0 0 0 0 0 0 0 0 0 0 0 0 0 0 0 0 0 0 0 0 0 0 0 0 0 0 0 1 0 0 0 0 0 0 0 0 0 0 0 0 0 0 0 0 0 0 0 0 0 0 0 0 0]
[7930870601541419263140856207087477003060199738639122467909246504855400828048200300083646321939860896397649208710541565695604922817554628364452460831511827463679410387741929714518931001085950619906899706796745009896407135205436126159105330935725313192730430205823888475 0 0 0 0 0 0 0 0 0 0 0 0 0 0 0 0 0 0 0 0 0 0 0 0 0 0 0 0 0 0 0 0 0 0 0 0 0 0 0 0 0 0 0 0 0 0 0 0 0 0 0 0 0 0 0 0 0 0 0 0 0 0 0 1 0 0 0 0 0 0 0 0 0 0 0 0 0 0 0 0 0 0 0 0 0 0 0 0]
[6028941180942620856525019047721439696169264593628965762163794060488890598448481066093469396452058160448028184286413085213997260433238300103913538451080325570320946817910205480811824627189941373285006397240583470407757077153945140313480457180434294731221076973584167022 0 0 0 0 0 0 0 0 0 0 0 0 0 0 0 0 0 0 0 0 0 0 0 0 0 0 0 0 0 0 0 0 0 0 0 0 0 0 0 0 0 0 0 0 0 0 0 0 0 0 0 0 0 0 0 0 0 0 0 0 0 0 0 0 1 0 0 0 0 0 0 0 0 0 0 0 0 0 0 0 0 0 0 0 0 0 0 0]
[3779436542419699934351599912728672614429336618986798001302276517092935793330277468963113019732254119224830682774457077874195099693954030222044228571794336635553998651567928836375430438806164118461811928651380950870406833572289770725594650688841437106357992316656355650 0 0 0 0 0 0 0 0 0 0 0 0 0 0 0 0 0 0 0 0 0 0 0 0 0 0 0 0 0 0 0 0 0 0 0 0 0 0 0 0 0 0 0 0 0 0 0 0 0 0 0 0 0 0 0 0 0 0 0 0 0 0 0 0 0 1 0 0 0 0 0 0 0 0 0 0 0 0 0 0 0 0 0 0 0 0 0 0]
[6323411100130625499129359073036704713307828699310261742095767108546049639318955743852870171436668776292549950870981797991359327423078262968856763476844849542740568549441156672942423601166399018167080304936312665576655143873835032740459458168689493343095821964180465967 0 0 0 0 0 0 0 0 0 0 0 0 0 0 0 0 0 0 0 0 0 0 0 0 0 0 0 0 0 0 0 0 0 0 0 0 0 0 0 0 0 0 0 0 0 0 0 0 0 0 0 0 0 0 0 0 0 0 0 0 0 0 0 0 0 0 1 0 0 0 0 0 0 0 0 0 0 0 0 0 0 0 0 0 0 0 0 0]
[3293872543842617136812685017348591435118349841544345645429320199317499115557747741295076025088083205038168864602541530208472780544947604193764316177119527161587142741865484754908436684735705141451963961328214674117820761001993052789966226541343296543701161176467080201 0 0 0 0 0 0 0 0 0 0 0 0 0 0 0 0 0 0 0 0 0 0 0 0 0 0 0 0 0 0 0 0 0 0 0 0 0 0 0 0 0 0 0 0 0 0 0 0 0 0 0 0 0 0 0 0 0 0 0 0 0 0 0 0 0 0 0 1 0 0 0 0 0 0 0 0 0 0 0 0 0 0 0 0 0 0 0 0]
[6844867765066177073249821960767723034072332998524469711234705258763420387519373466723869787757304257251998909342785412412158456695354610855728763986167055562180543965859167088185884123391149302754659099577035175381168792597745968157272186784781485554509359568961484017 0 0 0 0 0 0 0 0 0 0 0 0 0 0 0 0 0 0 0 0 0 0 0 0 0 0 0 0 0 0 0 0 0 0 0 0 0 0 0 0 0 0 0 0 0 0 0 0 0 0 0 0 0 0 0 0 0 0 0 0 0 0 0 0 0 0 0 0 1 0 0 0 0 0 0 0 0 0 0 0 0 0 0 0 0 0 0 0]
[2038837225323382265104873185588503179736032619046885185849066301135234647067781674556741302230804991673119474913214447776920275330120653498745240019729861840058077114688536457963089073963478788109426405914568080759836977515190242095797279500553597748187500706851872889 0 0 0 0 0 0 0 0 0 0 0 0 0 0 0 0 0 0 0 0 0 0 0 0 0 0 0 0 0 0 0 0 0 0 0 0 0 0 0 0 0 0 0 0 0 0 0 0 0 0 0 0 0 0 0 0 0 0 0 0 0 0 0 0 0 0 0 0 0 1 0 0 0 0 0 0 0 0 0 0 0 0 0 0 0 0 0 0]
[2699991068925819527348745843788613666256299528533065840303029664433956660665892200822856233899654412677187672980641622084984114274111403678996933619178459144717748741606947578115893204456959573387439976189567407791101163005007410297436418351596104161663148759822371714 0 0 0 0 0 0 0 0 0 0 0 0 0 0 0 0 0 0 0 0 0 0 0 0 0 0 0 0 0 0 0 0 0 0 0 0 0 0 0 0 0 0 0 0 0 0 0 0 0 0 0 0 0 0 0 0 0 0 0 0 0 0 0 0 0 0 0 0 0 0 1 0 0 0 0 0 0 0 0 0 0 0 0 0 0 0 0 0]
[6551511166126194009783169334439365686873788304843225788129350136945741146714901500240026540425498359946094663583752266311117206257075565617022903492968805962119298829202320528559248883965473023590963541287781902946807960809809619304710117039099143112547428576700899146 0 0 0 0 0 0 0 0 0 0 0 0 0 0 0 0 0 0 0 0 0 0 0 0 0 0 0 0 0 0 0 0 0 0 0 0 0 0 0 0 0 0 0 0 0 0 0 0 0 0 0 0 0 0 0 0 0 0 0 0 0 0 0 0 0 0 0 0 0 0 0 1 0 0 0 0 0 0 0 0 0 0 0 0 0 0 0 0]
[5993068423617609513546728980296107797832777087530012803808032265892317519015059347363233663380277916463543224363336569505938937955674799378319271561932014006791907363753629152086728102116661947588543286547584675707807738205061987223412712061529454280491748514022976803 0 0 0 0 0 0 0 0 0 0 0 0 0 0 0 0 0 0 0 0 0 0 0 0 0 0 0 0 0 0 0 0 0 0 0 0 0 0 0 0 0 0 0 0 0 0 0 0 0 0 0 0 0 0 0 0 0 0 0 0 0 0 0 0 0 0 0 0 0 0 0 0 1 0 0 0 0 0 0 0 0 0 0 0 0 0 0 0]
[232669421350089319584259880898520685677420395851275833484125152685281613276117928055165473333187489428582929209110810448744890336240400821623425267657897744381999071047326003665842065116075623707957222749257889186558156037030326335531734706890380201933100942558999669 0 0 0 0 0 0 0 0 0 0 0 0 0 0 0 0 0 0 0 0 0 0 0 0 0 0 0 0 0 0 0 0 0 0 0 0 0 0 0 0 0 0 0 0 0 0 0 0 0 0 0 0 0 0 0 0 0 0 0 0 0 0 0 0 0 0 0 0 0 0 0 0 0 1 0 0 0 0 0 0 0 0 0 0 0 0 0 0]
[5329029250598418768150141398368964501577365665494137769471923747588653966798379112186610654026566631587543798971123556381546220449153869260158908049243143580266800611901942707458783756902954431192265307956388133446314656294269761377371625057970026521430422421000793582 0 0 0 0 0 0 0 0 0 0 0 0 0 0 0 0 0 0 0 0 0 0 0 0 0 0 0 0 0 0 0 0 0 0 0 0 0 0 0 0 0 0 0 0 0 0 0 0 0 0 0 0 0 0 0 0 0 0 0 0 0 0 0 0 0 0 0 0 0 0 0 0 0 0 1 0 0 0 0 0 0 0 0 0 0 0 0 0]
[404438351041366477954290208677512631182433461661702449735155315821789056010674647755629629038270898266302674967207712470340709787596003751068670111424312180424060609816660664144225369957128774256274280003039310237015139035361335715834300561547556717015029319004644099 0 0 0 0 0 0 0 0 0 0 0 0 0 0 0 0 0 0 0 0 0 0 0 0 0 0 0 0 0 0 0 0 0 0 0 0 0 0 0 0 0 0 0 0 0 0 0 0 0 0 0 0 0 0 0 0 0 0 0 0 0 0 0 0 0 0 0 0 0 0 0 0 0 0 0 1 0 0 0 0 0 0 0 0 0 0 0 0]
[6696539585130721363934356688663353105961695475830988403708882800715579223056978235638487388414713129999230074862637854729088619349886970163577629737680928752723515169900752044418030750645849958241114756764982914801297731739566681709698926110615826845198497115722328286 0 0 0 0 0 0 0 0 0 0 0 0 0 0 0 0 0 0 0 0 0 0 0 0 0 0 0 0 0 0 0 0 0 0 0 0 0 0 0 0 0 0 0 0 0 0 0 0 0 0 0 0 0 0 0 0 0 0 0 0 0 0 0 0 0 0 0 0 0 0 0 0 0 0 0 0 1 0 0 0 0 0 0 0 0 0 0 0]
[6333078527755036897835416178977437513622649102643916157548291725289966897730475494372584859569667190590529511522265468104734613203664738592262982902426397328688125552174406607610980412404100280566037430375697198897160251460479220759121942913756984341264922243384255645 0 0 0 0 0 0 0 0 0 0 0 0 0 0 0 0 0 0 0 0 0 0 0 0 0 0 0 0 0 0 0 0 0 0 0 0 0 0 0 0 0 0 0 0 0 0 0 0 0 0 0 0 0 0 0 0 0 0 0 0 0 0 0 0 0 0 0 0 0 0 0 0 0 0 0 0 0 1 0 0 0 0 0 0 0 0 0 0]
[3207132089463608378548736506668888885196539763338029090456366318788817220626263611454284349696223561498019743735001686082676436423028367158124929946727150730110218023441239868689462650300356763376487237657641633422552260332324063719241075300415270866766971096574063229 0 0 0 0 0 0 0 0 0 0 0 0 0 0 0 0 0 0 0 0 0 0 0 0 0 0 0 0 0 0 0 0 0 0 0 0 0 0 0 0 0 0 0 0 0 0 0 0 0 0 0 0 0 0 0 0 0 0 0 0 0 0 0 0 0 0 0 0 0 0 0 0 0 0 0 0 0 0 1 0 0 0 0 0 0 0 0 0]
[1409287415229153126542252583534129082546935436011336168582359831090222873776847602298476424484775962097962919198573922990787073658167971788117299472980325628674608476025594831482298705146752477831471970486357656958976742151342992660431343842671239401830147168584766500 0 0 0 0 0 0 0 0 0 0 0 0 0 0 0 0 0 0 0 0 0 0 0 0 0 0 0 0 0 0 0 0 0 0 0 0 0 0 0 0 0 0 0 0 0 0 0 0 0 0 0 0 0 0 0 0 0 0 0 0 0 0 0 0 0 0 0 0 0 0 0 0 0 0 0 0 0 0 0 1 0 0 0 0 0 0 0 0]
[7280774045431622663720703879787858170340830799692238509012544497082856299450694381192463431618931256420678350735016312766292906989922300112450073643394387692541177053996598499716400950039041461639332122204912861248060248557079309615568926209835382326933707955029493762 0 0 0 0 0 0 0 0 0 0 0 0 0 0 0 0 0 0 0 0 0 0 0 0 0 0 0 0 0 0 0 0 0 0 0 0 0 0 0 0 0 0 0 0 0 0 0 0 0 0 0 0 0 0 0 0 0 0 0 0 0 0 0 0 0 0 0 0 0 0 0 0 0 0 0 0 0 0 0 0 1 0 0 0 0 0 0 0]
[6972974562693911097181366179563946703213835233487336326900908158740310762155422368875712505456875398378718947824171015482811402984839589127041192543693547724856971052865752526487297925393393547882205646554576736708927815050210938765488699797859890621131123944465273293 0 0 0 0 0 0 0 0 0 0 0 0 0 0 0 0 0 0 0 0 0 0 0 0 0 0 0 0 0 0 0 0 0 0 0 0 0 0 0 0 0 0 0 0 0 0 0 0 0 0 0 0 0 0 0 0 0 0 0 0 0 0 0 0 0 0 0 0 0 0 0 0 0 0 0 0 0 0 0 0 0 1 0 0 0 0 0 0]
[7782202269457381826039364349205722559255573211410079672220931824472461962957402667870704689878559200628827995457769827040124053596547946767453986744214766468137073591106248386312453053345696827509333723733103227730096526068261975557050173860383377076150799085792028439 0 0 0 0 0 0 0 0 0 0 0 0 0 0 0 0 0 0 0 0 0 0 0 0 0 0 0 0 0 0 0 0 0 0 0 0 0 0 0 0 0 0 0 0 0 0 0 0 0 0 0 0 0 0 0 0 0 0 0 0 0 0 0 0 0 0 0 0 0 0 0 0 0 0 0 0 0 0 0 0 0 0 1 0 0 0 0 0]
[4707440752405228991676260899431669465697731391116752491895194531503220816870932247816673236543935471827062412476163044877963439188203176159098216131206103715425279746335668039395864822800628983198832389049614177142453424601931767506144864377443444175540240177481191582 0 0 0 0 0 0 0 0 0 0 0 0 0 0 0 0 0 0 0 0 0 0 0 0 0 0 0 0 0 0 0 0 0 0 0 0 0 0 0 0 0 0 0 0 0 0 0 0 0 0 0 0 0 0 0 0 0 0 0 0 0 0 0 0 0 0 0 0 0 0 0 0 0 0 0 0 0 0 0 0 0 0 0 1 0 0 0 0]
[5621960279815505591454131291561547122975506051460450960167231028133699805618778195911694615585692237816656453836587264486118991849569067608056501529306154221304746805289973848215605406060185129796606431137637456132381412247963358927153441455446761371048332824611380856 0 0 0 0 0 0 0 0 0 0 0 0 0 0 0 0 0 0 0 0 0 0 0 0 0 0 0 0 0 0 0 0 0 0 0 0 0 0 0 0 0 0 0 0 0 0 0 0 0 0 0 0 0 0 0 0 0 0 0 0 0 0 0 0 0 0 0 0 0 0 0 0 0 0 0 0 0 0 0 0 0 0 0 0 1 0 0 0]
[6100398638553867292707679199063001101266096804844980789938456861464973746643046861308354594814815104180211265305673800292076442034124583896858774140553281022845021389139305560603711795881312534870888648176182492680761391078663992633302526335142531455642315957711071620 0 0 0 0 0 0 0 0 0 0 0 0 0 0 0 0 0 0 0 0 0 0 0 0 0 0 0 0 0 0 0 0 0 0 0 0 0 0 0 0 0 0 0 0 0 0 0 0 0 0 0 0 0 0 0 0 0 0 0 0 0 0 0 0 0 0 0 0 0 0 0 0 0 0 0 0 0 0 0 0 0 0 0 0 0 1 0 0]
[8040608911361619507410766306682349997718837512032458904518791707647172956222082863358398557789178363272529581844878074265901429533847003622469878535568430052822049261221367712746229954072285685975879152892887112600400734822968265173547238453822223458136442742735543958 0 0 0 0 0 0 0 0 0 0 0 0 0 0 0 0 0 0 0 0 0 0 0 0 0 0 0 0 0 0 0 0 0 0 0 0 0 0 0 0 0 0 0 0 0 0 0 0 0 0 0 0 0 0 0 0 0 0 0 0 0 0 0 0 0 0 0 0 0 0 0 0 0 0 0 0 0 0 0 0 0 0 0 0 0 0 1 0]
[3979804176019516520696148446205843503374894997269206190497419444688773051316212000692617138818117535458050248518514589342293225538125912290500350248644272260503261932673394100017042470604489105299581308608071239511633782561845020629507910801958586834834194907320107576 0 0 0 0 0 0 0 0 0 0 0 0 0 0 0 0 0 0 0 0 0 0 0 0 0 0 0 0 0 0 0 0 0 0 0 0 0 0 0 0 0 0 0 0 0 0 0 0 0 0 0 0 0 0 0 0 0 0 0 0 0 0 0 0 0 0 0 0 0 0 0 0 0 0 0 0 0 0 0 0 0 0 0 0 0 0 0 1]
]
