[[3448406924897858786212856414782812502814809034925663569794241786079084666920134097780740568525701107859246138267970402608507747194505842369877839251598792092850212516343734422716414597345364302483899766720538872140388159036907887857 0 0 0 0 0 0 0 0 0 0 0 0 0 0 0 0 0 0 0 0 0 0 0 0 0 0 0 0 0 0 0 0 0 0 0 0 0 0 0 0 0 0 0 0 0 0 0 0 0 0 0 0 0 0 0 0 0 0 0 0 0 0 0 0 0 0 0 0 0 0 0 0 0 0 0 0]
[2679730526891071796765936360644027051555784374328991643608938284863768810348731657409414094189983797603027557907822550669412896028616476729652289136283609170228295350124220765416830084354355615808529162638137317381628795357324996502 1 0 0 0 0 0 0 0 0 0 0 0 0 0 0 0 0 0 0 0 0 0 0 0 0 0 0 0 0 0 0 0 0 0 0 0 0 0 0 0 0 0 0 0 0 0 0 0 0 0 0 0 0 0 0 0 0 0 0 0 0 0 0 0 0 0 0 0 0 0 0 0 0 0 0 0]
[248205129230441629101584107144951677439911658487822093291008979869096760281447464223699499937452075376709431152693669565541002282843064615806146314247107667601883426032079788535732350688576615720760870649706554482373901664635188458 0 1 0 0 0 0 0 0 0 0 0 0 0 0 0 0 0 0 0 0 0 0 0 0 0 0 0 0 0 0 0 0 0 0 0 0 0 0 0 0 0 0 0 0 0 0 0 0 0 0 0 0 0 0 0 0 0 0 0 0 0 0 0 0 0 0 0 0 0 0 0 0 0 0 0 0]
[1726391939648312611949758934631659124684026814255712478994843606761693631958112626992239076044179690059338761965178391609101949323818048178874335397908928568720069480280359874445939006733848667667824591338817164851320151247936389029 0 0 1 0 0 0 0 0 0 0 0 0 0 0 0 0 0 0 0 0 0 0 0 0 0 0 0 0 0 0 0 0 0 0 0 0 0 0 0 0 0 0 0 0 0 0 0 0 0 0 0 0 0 0 0 0 0 0 0 0 0 0 0 0 0 0 0 0 0 0 0 0 0 0 0 0]
[3319279414806334462358175503648835572437246104527190425044288023204657773055280551765060432203378612225460961506442996424940167809758548594823835571190385098101731510394995750505350434181327641865571772349203628965773734793671855215 0 0 0 1 0 0 0 0 0 0 0 0 0 0 0 0 0 0 0 0 0 0 0 0 0 0 0 0 0 0 0 0 0 0 0 0 0 0 0 0 0 0 0 0 0 0 0 0 0 0 0 0 0 0 0 0 0 0 0 0 0 0 0 0 0 0 0 0 0 0 0 0 0 0 0 0]
[468160188948693675008955289925854744393558688380149367872325989263006150701655174226124664428354209506100018439202835010280468553720312690846784982098673315802864425641815488109622199984663444987397905863356248508170856345325745252 0 0 0 0 1 0 0 0 0 0 0 0 0 0 0 0 0 0 0 0 0 0 0 0 0 0 0 0 0 0 0 0 0 0 0 0 0 0 0 0 0 0 0 0 0 0 0 0 0 0 0 0 0 0 0 0 0 0 0 0 0 0 0 0 0 0 0 0 0 0 0 0 0 0 0 0]
[1750603414579974948494566648513409426505055318613697055159106958054025224892394179652468878948824286809262941594147528882098209084603713027641151877534023777483197843472887310526623640293180953932500066916638553947096086405610129374 0 0 0 0 0 1 0 0 0 0 0 0 0 0 0 0 0 0 0 0 0 0 0 0 0 0 0 0 0 0 0 0 0 0 0 0 0 0 0 0 0 0 0 0 0 0 0 0 0 0 0 0 0 0 0 0 0 0 0 0 0 0 0 0 0 0 0 0 0 0 0 0 0 0 0 0]
[320531108435938246549436077863871333922609005213032676002970288312091186207358451734174088270005857321934480351223919891003726033748577917692785848479448731739199952613472844910923998998766170260551638778438580853047154868146893321 0 0 0 0 0 0 1 0 0 0 0 0 0 0 0 0 0 0 0 0 0 0 0 0 0 0 0 0 0 0 0 0 0 0 0 0 0 0 0 0 0 0 0 0 0 0 0 0 0 0 0 0 0 0 0 0 0 0 0 0 0 0 0 0 0 0 0 0 0 0 0 0 0 0 0 0]
[3112070684914251596342013244638512522359431817321259977035756913614634479848241457295532403227271053849218038728789882288167792273911157794782603476809489455192836579363552060241537367724379490033699758938478791811327083889049738267 0 0 0 0 0 0 0 1 0 0 0 0 0 0 0 0 0 0 0 0 0 0 0 0 0 0 0 0 0 0 0 0 0 0 0 0 0 0 0 0 0 0 0 0 0 0 0 0 0 0 0 0 0 0 0 0 0 0 0 0 0 0 0 0 0 0 0 0 0 0 0 0 0 0 0 0]
[2239190512054927423014593414839215737533377927459584026947439126884596559329387045649084067785593162647829074738576614631983943952845081958200602134431267648088614727155156631318610497025476563520598909500789871096131106992093516165 0 0 0 0 0 0 0 0 1 0 0 0 0 0 0 0 0 0 0 0 0 0 0 0 0 0 0 0 0 0 0 0 0 0 0 0 0 0 0 0 0 0 0 0 0 0 0 0 0 0 0 0 0 0 0 0 0 0 0 0 0 0 0 0 0 0 0 0 0 0 0 0 0 0 0 0]
[290816723743457960907306426464259834732594952583950636878906459809800665542710766233200993964144559401269456716501304295596039789118851787512249299595416410573520697846169948420600734152533161975175550233853553692535869211559600921 0 0 0 0 0 0 0 0 0 1 0 0 0 0 0 0 0 0 0 0 0 0 0 0 0 0 0 0 0 0 0 0 0 0 0 0 0 0 0 0 0 0 0 0 0 0 0 0 0 0 0 0 0 0 0 0 0 0 0 0 0 0 0 0 0 0 0 0 0 0 0 0 0 0 0 0]
[895416065019839364635220063941229623987466137940901016061197343666075875065616283601289822111825952058839944607528065735850791863993599965785105620616319256488081758239304956117606542321087920410557588246920599959286205891155570616 0 0 0 0 0 0 0 0 0 0 1 0 0 0 0 0 0 0 0 0 0 0 0 0 0 0 0 0 0 0 0 0 0 0 0 0 0 0 0 0 0 0 0 0 0 0 0 0 0 0 0 0 0 0 0 0 0 0 0 0 0 0 0 0 0 0 0 0 0 0 0 0 0 0 0 0]
[1809575125567051557225102455725220952735435984993153196541838741556493772904017649025155488639899057001757780599330540078315824418525992816059643694966349396026085461249558469529017708380009433890104686611168493784298782518319220907 0 0 0 0 0 0 0 0 0 0 0 1 0 0 0 0 0 0 0 0 0 0 0 0 0 0 0 0 0 0 0 0 0 0 0 0 0 0 0 0 0 0 0 0 0 0 0 0 0 0 0 0 0 0 0 0 0 0 0 0 0 0 0 0 0 0 0 0 0 0 0 0 0 0 0 0]
[1281940326543390499580230188112139981225702650801837486105813726316945571188056983442724845925749539811541821008072084143988699470672494676654109616238793603694688167542491538909874968438479030887660094295187706787890926450087915485 0 0 0 0 0 0 0 0 0 0 0 0 1 0 0 0 0 0 0 0 0 0 0 0 0 0 0 0 0 0 0 0 0 0 0 0 0 0 0 0 0 0 0 0 0 0 0 0 0 0 0 0 0 0 0 0 0 0 0 0 0 0 0 0 0 0 0 0 0 0 0 0 0 0 0 0]
[1504834418490297381069490797189218303727285883803505359070312393534220578409384238495022565558154119587795239217733025202238473191204511703106692057733719966842758153184063220995982367667880129244921215807242362023929239430015282325 0 0 0 0 0 0 0 0 0 0 0 0 0 1 0 0 0 0 0 0 0 0 0 0 0 0 0 0 0 0 0 0 0 0 0 0 0 0 0 0 0 0 0 0 0 0 0 0 0 0 0 0 0 0 0 0 0 0 0 0 0 0 0 0 0 0 0 0 0 0 0 0 0 0 0 0]
[2872789877540586666127935665862477653520275589771372146444601694171048291079125236392189436256503250119438282783115623501019439443068601884651530948339166482477506013998236768757598710153556901600312866845962369168367151382510828090 0 0 0 0 0 0 0 0 0 0 0 0 0 0 1 0 0 0 0 0 0 0 0 0 0 0 0 0 0 0 0 0 0 0 0 0 0 0 0 0 0 0 0 0 0 0 0 0 0 0 0 0 0 0 0 0 0 0 0 0 0 0 0 0 0 0 0 0 0 0 0 0 0 0 0 0]
[3316318348021407701558016229955326973646300867075193250209062903267604306245125657331032392798143030940724630431812571902025915103722657202120863093149725909128457292192216523581299168369373005881242048718118776535192130682767559646 0 0 0 0 0 0 0 0 0 0 0 0 0 0 0 1 0 0 0 0 0 0 0 0 0 0 0 0 0 0 0 0 0 0 0 0 0 0 0 0 0 0 0 0 0 0 0 0 0 0 0 0 0 0 0 0 0 0 0 0 0 0 0 0 0 0 0 0 0 0 0 0 0 0 0 0]
[605119678048692583703993902700092458683797922334857103926363455093371745371280278067759086470176717106086448524519090529507034666105613994953171451940126937358667875128311850468259578705017969338246207152998038054225609548374411734 0 0 0 0 0 0 0 0 0 0 0 0 0 0 0 0 1 0 0 0 0 0 0 0 0 0 0 0 0 0 0 0 0 0 0 0 0 0 0 0 0 0 0 0 0 0 0 0 0 0 0 0 0 0 0 0 0 0 0 0 0 0 0 0 0 0 0 0 0 0 0 0 0 0 0 0]
[1835371703512247081295896134717695512449391694159002669902670983212586294207461049315028292371870152131955393876020756463298774231740328950601652150869762521829192355721895249900929710990790306763755895958737497657995079743010720909 0 0 0 0 0 0 0 0 0 0 0 0 0 0 0 0 0 1 0 0 0 0 0 0 0 0 0 0 0 0 0 0 0 0 0 0 0 0 0 0 0 0 0 0 0 0 0 0 0 0 0 0 0 0 0 0 0 0 0 0 0 0 0 0 0 0 0 0 0 0 0 0 0 0 0 0]
[2825566525872880967822090801565286558416996040969667226610127668950556552828335525323350047304410066296668265567798660986486538712451590148303226996767945195243026340350645403941772912266152175339436132631958564806912672129706983458 0 0 0 0 0 0 0 0 0 0 0 0 0 0 0 0 0 0 1 0 0 0 0 0 0 0 0 0 0 0 0 0 0 0 0 0 0 0 0 0 0 0 0 0 0 0 0 0 0 0 0 0 0 0 0 0 0 0 0 0 0 0 0 0 0 0 0 0 0 0 0 0 0 0 0 0]
[2672408284405420405643375123533576094633213974055206409829111266816845346213337802899636640338651539576574562994851306816675721415014877171611380613940134685338426410323018140271914508091267350853875593772381007841375063783696847449 0 0 0 0 0 0 0 0 0 0 0 0 0 0 0 0 0 0 0 1 0 0 0 0 0 0 0 0 0 0 0 0 0 0 0 0 0 0 0 0 0 0 0 0 0 0 0 0 0 0 0 0 0 0 0 0 0 0 0 0 0 0 0 0 0 0 0 0 0 0 0 0 0 0 0 0]
[51445409171196342185016999938885213358074409694839236054523615790842862865212033692445123280100981369207693150823682813338863033543747975725297649987188928259952950168999191408011636283097402043602642808016014329915302567691641706 0 0 0 0 0 0 0 0 0 0 0 0 0 0 0 0 0 0 0 0 1 0 0 0 0 0 0 0 0 0 0 0 0 0 0 0 0 0 0 0 0 0 0 0 0 0 0 0 0 0 0 0 0 0 0 0 0 0 0 0 0 0 0 0 0 0 0 0 0 0 0 0 0 0 0 0]
[1535188668580981971496728010800701537053871515456753452385168742078812944842960828211899876261319596983620999756967115131951450663873656870229018141418615713734572014540982858423540553862079066419729897356886853043307680949855976091 0 0 0 0 0 0 0 0 0 0 0 0 0 0 0 0 0 0 0 0 0 1 0 0 0 0 0 0 0 0 0 0 0 0 0 0 0 0 0 0 0 0 0 0 0 0 0 0 0 0 0 0 0 0 0 0 0 0 0 0 0 0 0 0 0 0 0 0 0 0 0 0 0 0 0 0]
[1021064248076065201961624561707869965446338090804126384845871327135915264882291578900432645814228628840831717823608721692697443479015365428832925444748929390014974476691131781649199103567289927416322450920996017043157535599897930365 0 0 0 0 0 0 0 0 0 0 0 0 0 0 0 0 0 0 0 0 0 0 1 0 0 0 0 0 0 0 0 0 0 0 0 0 0 0 0 0 0 0 0 0 0 0 0 0 0 0 0 0 0 0 0 0 0 0 0 0 0 0 0 0 0 0 0 0 0 0 0 0 0 0 0 0]
[2731429628717768266718583183045950974179007523158770160930081089880785279775146740059734032778452887622008578153877989102000163213309081580095618300647114261970608018569978041770925428724244732831564780888716430688962971126739399765 0 0 0 0 0 0 0 0 0 0 0 0 0 0 0 0 0 0 0 0 0 0 0 1 0 0 0 0 0 0 0 0 0 0 0 0 0 0 0 0 0 0 0 0 0 0 0 0 0 0 0 0 0 0 0 0 0 0 0 0 0 0 0 0 0 0 0 0 0 0 0 0 0 0 0 0]
[1036098006277231353780689146374388480274595649115317455650001931324261572304506870246945882878313725532507505078888379098883419121822774202340025998395262970607633045737526254492915109599211628346634716706511624609813412964452441650 0 0 0 0 0 0 0 0 0 0 0 0 0 0 0 0 0 0 0 0 0 0 0 0 1 0 0 0 0 0 0 0 0 0 0 0 0 0 0 0 0 0 0 0 0 0 0 0 0 0 0 0 0 0 0 0 0 0 0 0 0 0 0 0 0 0 0 0 0 0 0 0 0 0 0 0]
[1748067196086413001497762146428926217798753815962267399445597095170358112717932166739147345313639322921920307512989133498480052325914275596929089589521724353582146789751050528434919722763957173553950110333637792410459078101918790207 0 0 0 0 0 0 0 0 0 0 0 0 0 0 0 0 0 0 0 0 0 0 0 0 0 1 0 0 0 0 0 0 0 0 0 0 0 0 0 0 0 0 0 0 0 0 0 0 0 0 0 0 0 0 0 0 0 0 0 0 0 0 0 0 0 0 0 0 0 0 0 0 0 0 0 0]
[34413769806558336469820363895893743368292849221610411096650072509275315261011768529470742286860865678660391864878310666314578592925246731935426445834411615955702393839189539574141600559262142523729876349031418356399662618847395335 0 0 0 0 0 0 0 0 0 0 0 0 0 0 0 0 0 0 0 0 0 0 0 0 0 0 1 0 0 0 0 0 0 0 0 0 0 0 0 0 0 0 0 0 0 0 0 0 0 0 0 0 0 0 0 0 0 0 0 0 0 0 0 0 0 0 0 0 0 0 0 0 0 0 0 0]
[2769301301532530312383709755143514922218909895383142050095905846540532968257621281827376160425087857654687009319096092089362541164626207289593895826672856606640648931799286781586811022195863802506433759023751819549393411248807870618 0 0 0 0 0 0 0 0 0 0 0 0 0 0 0 0 0 0 0 0 0 0 0 0 0 0 0 1 0 0 0 0 0 0 0 0 0 0 0 0 0 0 0 0 0 0 0 0 0 0 0 0 0 0 0 0 0 0 0 0 0 0 0 0 0 0 0 0 0 0 0 0 0 0 0 0]
[1193832723964628435645276286469998750128524622780767387448727735631879192717726126917869378264702443009098661791384295911571372824356922397320661927278209352573486922995072306162205685771499489935386136827178929820598233137008004763 0 0 0 0 0 0 0 0 0 0 0 0 0 0 0 0 0 0 0 0 0 0 0 0 0 0 0 0 1 0 0 0 0 0 0 0 0 0 0 0 0 0 0 0 0 0 0 0 0 0 0 0 0 0 0 0 0 0 0 0 0 0 0 0 0 0 0 0 0 0 0 0 0 0 0 0]
[2288816342858307139364439141719051701034444705303522231357352494183996999499805299749220661599629202206591999839732958463200336718876854633882584212086653865162571621769924524267118243908513938883384523774157302393703364527170573586 0 0 0 0 0 0 0 0 0 0 0 0 0 0 0 0 0 0 0 0 0 0 0 0 0 0 0 0 0 1 0 0 0 0 0 0 0 0 0 0 0 0 0 0 0 0 0 0 0 0 0 0 0 0 0 0 0 0 0 0 0 0 0 0 0 0 0 0 0 0 0 0 0 0 0 0]
[2590091101260276034384532582725194979391156455788336688757496042538602146949193403691476295042274692464645320929237858841018317990886707967249597531867513811819149782685353012075722388520738547162574847759070137271280837541611835216 0 0 0 0 0 0 0 0 0 0 0 0 0 0 0 0 0 0 0 0 0 0 0 0 0 0 0 0 0 0 1 0 0 0 0 0 0 0 0 0 0 0 0 0 0 0 0 0 0 0 0 0 0 0 0 0 0 0 0 0 0 0 0 0 0 0 0 0 0 0 0 0 0 0 0 0]
[2971252842618344276703898752758223786644402672117371152769139863411822304209859666479199787688290853212671222250173128380069106170475971029085680650211148926602474051275379218961510637149788787928006819472323740803511039900012969341 0 0 0 0 0 0 0 0 0 0 0 0 0 0 0 0 0 0 0 0 0 0 0 0 0 0 0 0 0 0 0 1 0 0 0 0 0 0 0 0 0 0 0 0 0 0 0 0 0 0 0 0 0 0 0 0 0 0 0 0 0 0 0 0 0 0 0 0 0 0 0 0 0 0 0 0]
[1765517758476951541122474031317137918930767968538152435795037710486960805260212041700452794973841608599216697308261238647169794906888939078810519540115871403774391868543745865865577815591989456345876693012756657430391331201221164238 0 0 0 0 0 0 0 0 0 0 0 0 0 0 0 0 0 0 0 0 0 0 0 0 0 0 0 0 0 0 0 0 1 0 0 0 0 0 0 0 0 0 0 0 0 0 0 0 0 0 0 0 0 0 0 0 0 0 0 0 0 0 0 0 0 0 0 0 0 0 0 0 0 0 0 0]
[73836719050807860071497651619499146391128547685558982645252678037239802174893672006432892735369253853633746061793263066617242900577194768490534393659447392273016841929900903079608666181445435486027534062245366480159754766940124529 0 0 0 0 0 0 0 0 0 0 0 0 0 0 0 0 0 0 0 0 0 0 0 0 0 0 0 0 0 0 0 0 0 1 0 0 0 0 0 0 0 0 0 0 0 0 0 0 0 0 0 0 0 0 0 0 0 0 0 0 0 0 0 0 0 0 0 0 0 0 0 0 0 0 0 0]
[850559292836673387086379230622683323643012620005205463051933779013479839261151624982207564570628605467459088581916224862007358223842169265703059356226579512267551753772569392447993889905197845752651116887401707879720744333600197911 0 0 0 0 0 0 0 0 0 0 0 0 0 0 0 0 0 0 0 0 0 0 0 0 0 0 0 0 0 0 0 0 0 0 1 0 0 0 0 0 0 0 0 0 0 0 0 0 0 0 0 0 0 0 0 0 0 0 0 0 0 0 0 0 0 0 0 0 0 0 0 0 0 0 0 0]
[2848711736578173811833179715673097889196941499152651263572619276635612938090367280129657041117414061978078781694090279604953967455618131983690910716566659510772119371895970815356059809556606876488676441936442382697633475424676485002 0 0 0 0 0 0 0 0 0 0 0 0 0 0 0 0 0 0 0 0 0 0 0 0 0 0 0 0 0 0 0 0 0 0 0 1 0 0 0 0 0 0 0 0 0 0 0 0 0 0 0 0 0 0 0 0 0 0 0 0 0 0 0 0 0 0 0 0 0 0 0 0 0 0 0 0]
[1910747117332970068931539297977434217947885767629265035068296014300607381160990352626215282330155962755512563885385115371867731151051047261153917768096652872283894436908145072879984854764576980397237450527602808056465287361938035221 0 0 0 0 0 0 0 0 0 0 0 0 0 0 0 0 0 0 0 0 0 0 0 0 0 0 0 0 0 0 0 0 0 0 0 0 1 0 0 0 0 0 0 0 0 0 0 0 0 0 0 0 0 0 0 0 0 0 0 0 0 0 0 0 0 0 0 0 0 0 0 0 0 0 0 0]
[2388982268353063745292491331902509272479401977604976928297514259253003946840380219921207275850531853365825306741163160115014249503670014582957696188936604494180128514576192973604108141755788534568606863909796949944662677740504716260 0 0 0 0 0 0 0 0 0 0 0 0 0 0 0 0 0 0 0 0 0 0 0 0 0 0 0 0 0 0 0 0 0 0 0 0 0 1 0 0 0 0 0 0 0 0 0 0 0 0 0 0 0 0 0 0 0 0 0 0 0 0 0 0 0 0 0 0 0 0 0 0 0 0 0 0]
[2021073723920803161210822029301520893656672419192189831354917410789758391315012930773943701173127466777015251019733653699350121702107594036079964161688318246860674181436194787979546216763832150822731954564886693056187640334373803825 0 0 0 0 0 0 0 0 0 0 0 0 0 0 0 0 0 0 0 0 0 0 0 0 0 0 0 0 0 0 0 0 0 0 0 0 0 0 1 0 0 0 0 0 0 0 0 0 0 0 0 0 0 0 0 0 0 0 0 0 0 0 0 0 0 0 0 0 0 0 0 0 0 0 0 0]
[656670077299903874717531803668090551519256180203600886906818822992829767908371475312550406396182824131512133938993353423545273258864320541570142370012114102769313735652742647221845017752615210263673694495471828679601069247473431787 0 0 0 0 0 0 0 0 0 0 0 0 0 0 0 0 0 0 0 0 0 0 0 0 0 0 0 0 0 0 0 0 0 0 0 0 0 0 0 1 0 0 0 0 0 0 0 0 0 0 0 0 0 0 0 0 0 0 0 0 0 0 0 0 0 0 0 0 0 0 0 0 0 0 0 0]
[1109293213345696694981810326783255991188144583644712211029882208815832163521000022868873997051201873065252246059719809954215918517592150343268042012292430073531632757373801863538094975062844396007400082916737026579408446577817191727 0 0 0 0 0 0 0 0 0 0 0 0 0 0 0 0 0 0 0 0 0 0 0 0 0 0 0 0 0 0 0 0 0 0 0 0 0 0 0 0 1 0 0 0 0 0 0 0 0 0 0 0 0 0 0 0 0 0 0 0 0 0 0 0 0 0 0 0 0 0 0 0 0 0 0 0]
[2652608119270364282261339260798478270289800862645511293817735437773682919712708922826446966293565077511871199002317373373265777338144130307708451738401134634157858638742035763837440857120090774086076546100383649343010373378654277287 0 0 0 0 0 0 0 0 0 0 0 0 0 0 0 0 0 0 0 0 0 0 0 0 0 0 0 0 0 0 0 0 0 0 0 0 0 0 0 0 0 1 0 0 0 0 0 0 0 0 0 0 0 0 0 0 0 0 0 0 0 0 0 0 0 0 0 0 0 0 0 0 0 0 0 0]
[344670521454468067495574319950908206911891037844899771109105585795455776064182747447934659250876827416343385570786158148968419094243955241773870061820807589597844011649205848951851915855044386746923530086857714194404206407280683761 0 0 0 0 0 0 0 0 0 0 0 0 0 0 0 0 0 0 0 0 0 0 0 0 0 0 0 0 0 0 0 0 0 0 0 0 0 0 0 0 0 0 1 0 0 0 0 0 0 0 0 0 0 0 0 0 0 0 0 0 0 0 0 0 0 0 0 0 0 0 0 0 0 0 0 0]
[1429737728512232952351068962782643577350647143173674475587644923004095500392927368445917187654545534392444992829396454011892480360282300655233247146154272881793817752809494562443489008460798642667207653170663324883522287228540470566 0 0 0 0 0 0 0 0 0 0 0 0 0 0 0 0 0 0 0 0 0 0 0 0 0 0 0 0 0 0 0 0 0 0 0 0 0 0 0 0 0 0 0 1 0 0 0 0 0 0 0 0 0 0 0 0 0 0 0 0 0 0 0 0 0 0 0 0 0 0 0 0 0 0 0 0]
[1764332925140689764764221593635720701189406048046911673909343919066947712319032492777248408040513268423343365195832536807423765626711142150393577159874222214753726169968709776310546370355434983740851833561578157036636210617244093808 0 0 0 0 0 0 0 0 0 0 0 0 0 0 0 0 0 0 0 0 0 0 0 0 0 0 0 0 0 0 0 0 0 0 0 0 0 0 0 0 0 0 0 0 1 0 0 0 0 0 0 0 0 0 0 0 0 0 0 0 0 0 0 0 0 0 0 0 0 0 0 0 0 0 0 0]
[3019082375820919363569525497420311887911161523952081487158620110352116834937071342051589195038268104477279504548159811669334666363463986123588385564825996242850684740458356004155163067999111038297879432156694328263525696388259633659 0 0 0 0 0 0 0 0 0 0 0 0 0 0 0 0 0 0 0 0 0 0 0 0 0 0 0 0 0 0 0 0 0 0 0 0 0 0 0 0 0 0 0 0 0 1 0 0 0 0 0 0 0 0 0 0 0 0 0 0 0 0 0 0 0 0 0 0 0 0 0 0 0 0 0 0]
[1529420154115394210306839804515236030088464087777468266526342141427988129067293014080593809070085085860021164857587126330931080773332661769932059938758875182680759992513524817813234827641577704948166478484681366629059159262098071475 0 0 0 0 0 0 0 0 0 0 0 0 0 0 0 0 0 0 0 0 0 0 0 0 0 0 0 0 0 0 0 0 0 0 0 0 0 0 0 0 0 0 0 0 0 0 1 0 0 0 0 0 0 0 0 0 0 0 0 0 0 0 0 0 0 0 0 0 0 0 0 0 0 0 0 0]
[2763765262828100925206840121593176345318975838545344884431839491406645583278307574089414989843544460981289039493890553317265112337155537879471770478523620027197300284749242311387915770173766805293092230249986533554306022650328595091 0 0 0 0 0 0 0 0 0 0 0 0 0 0 0 0 0 0 0 0 0 0 0 0 0 0 0 0 0 0 0 0 0 0 0 0 0 0 0 0 0 0 0 0 0 0 0 1 0 0 0 0 0 0 0 0 0 0 0 0 0 0 0 0 0 0 0 0 0 0 0 0 0 0 0 0]
[1194369657507483021024991432457760302064446168001797660074374606723425029092423450240829274613272597568617063098390455953447937974392802850761153014942896381942369607056462380585762934857656819643241121561215037975257820843211272065 0 0 0 0 0 0 0 0 0 0 0 0 0 0 0 0 0 0 0 0 0 0 0 0 0 0 0 0 0 0 0 0 0 0 0 0 0 0 0 0 0 0 0 0 0 0 0 0 1 0 0 0 0 0 0 0 0 0 0 0 0 0 0 0 0 0 0 0 0 0 0 0 0 0 0 0]
[915734233589930115315624712800601375215700653478592156557599035315286681433079480510547787162821590177836920365117557427652014948087780403952278195902042333503525118195248368802938130262032616610965727412549860972172773934099317491 0 0 0 0 0 0 0 0 0 0 0 0 0 0 0 0 0 0 0 0 0 0 0 0 0 0 0 0 0 0 0 0 0 0 0 0 0 0 0 0 0 0 0 0 0 0 0 0 0 1 0 0 0 0 0 0 0 0 0 0 0 0 0 0 0 0 0 0 0 0 0 0 0 0 0 0]
[1379381192583558878461943443157730109818960704101198909797784397770721089353430735526639550539418755572287688791804807444489542732598817489723960176431452626734555144400413369229362707322865636276134072261153252987758441935473380255 0 0 0 0 0 0 0 0 0 0 0 0 0 0 0 0 0 0 0 0 0 0 0 0 0 0 0 0 0 0 0 0 0 0 0 0 0 0 0 0 0 0 0 0 0 0 0 0 0 0 1 0 0 0 0 0 0 0 0 0 0 0 0 0 0 0 0 0 0 0 0 0 0 0 0 0]
[209018292546699199361066966742464831500532792411973086344000388198293258616427639565437191403227396519959756173389040399955788401531958154553659328041814223728060590545268594389080022394323228125686431898987343136632287880593599003 0 0 0 0 0 0 0 0 0 0 0 0 0 0 0 0 0 0 0 0 0 0 0 0 0 0 0 0 0 0 0 0 0 0 0 0 0 0 0 0 0 0 0 0 0 0 0 0 0 0 0 1 0 0 0 0 0 0 0 0 0 0 0 0 0 0 0 0 0 0 0 0 0 0 0 0]
[2639687727469642282569874562669071317306264266478225066400000124794863186293616335076007308294399465474721034662932970201179737057657855843496859613942508708532309359962745706282282836642630551005573736408665749066437252456712369480 0 0 0 0 0 0 0 0 0 0 0 0 0 0 0 0 0 0 0 0 0 0 0 0 0 0 0 0 0 0 0 0 0 0 0 0 0 0 0 0 0 0 0 0 0 0 0 0 0 0 0 0 1 0 0 0 0 0 0 0 0 0 0 0 0 0 0 0 0 0 0 0 0 0 0 0]
[288112457963674009574980147053490165827830411821749937743424577436101700754867448572856199873775049798213712439869924143607524848582924829196547711646457721089400789888710524964596196748138155808614643968044541810000653113407752484 0 0 0 0 0 0 0 0 0 0 0 0 0 0 0 0 0 0 0 0 0 0 0 0 0 0 0 0 0 0 0 0 0 0 0 0 0 0 0 0 0 0 0 0 0 0 0 0 0 0 0 0 0 1 0 0 0 0 0 0 0 0 0 0 0 0 0 0 0 0 0 0 0 0 0 0]
[1545545754237724080469180248298013621647392793068982965608161388648016059312773706715026314382138144940142806841406734290624359507401092162346522279423344299784272739962552526531269406615507852936711443753885699058048254475653417943 0 0 0 0 0 0 0 0 0 0 0 0 0 0 0 0 0 0 0 0 0 0 0 0 0 0 0 0 0 0 0 0 0 0 0 0 0 0 0 0 0 0 0 0 0 0 0 0 0 0 0 0 0 0 1 0 0 0 0 0 0 0 0 0 0 0 0 0 0 0 0 0 0 0 0 0]
[462479077089153989801578054379300282359405867760041583541822147509444358492387922254238731477891986657803332001170850138479326978298622134296402909890545116417291271113838457457466291458723601487461278449158049665052344019182612830 0 0 0 0 0 0 0 0 0 0 0 0 0 0 0 0 0 0 0 0 0 0 0 0 0 0 0 0 0 0 0 0 0 0 0 0 0 0 0 0 0 0 0 0 0 0 0 0 0 0 0 0 0 0 0 1 0 0 0 0 0 0 0 0 0 0 0 0 0 0 0 0 0 0 0 0]
[680280384753320705541117265322009156394954040832564923994844485345377828405264367930333540876528408967678182933950705554393362471565314781344229430596077858806938965505756647320966781507806688790766511071747818786349834452888086805 0 0 0 0 0 0 0 0 0 0 0 0 0 0 0 0 0 0 0 0 0 0 0 0 0 0 0 0 0 0 0 0 0 0 0 0 0 0 0 0 0 0 0 0 0 0 0 0 0 0 0 0 0 0 0 0 1 0 0 0 0 0 0 0 0 0 0 0 0 0 0 0 0 0 0 0]
[3178020748330612213552021667588391219679371215902533164531004483291628815318963669704998991971162636916237620107586693397774501267201850792541816430113495086394842155428280545540847359954056677677259186883045646158171301633483441771 0 0 0 0 0 0 0 0 0 0 0 0 0 0 0 0 0 0 0 0 0 0 0 0 0 0 0 0 0 0 0 0 0 0 0 0 0 0 0 0 0 0 0 0 0 0 0 0 0 0 0 0 0 0 0 0 0 1 0 0 0 0 0 0 0 0 0 0 0 0 0 0 0 0 0 0]
[2882521909958028073945170295974651292153947056997487632354313306393616112398755249707025983654846699445657649746067893730909118685726260742481078212745883710757026391605876444181939615846340206676376511614299153426885388191488501236 0 0 0 0 0 0 0 0 0 0 0 0 0 0 0 0 0 0 0 0 0 0 0 0 0 0 0 0 0 0 0 0 0 0 0 0 0 0 0 0 0 0 0 0 0 0 0 0 0 0 0 0 0 0 0 0 0 0 1 0 0 0 0 0 0 0 0 0 0 0 0 0 0 0 0 0]
[1970093099428678893685753306150615329867960332916418464780059773063368856503488319321944646968607204220726438218937981265367016220252800233104175092026705978909230644329417806954014673641938759998136562049442711409123730828038938922 0 0 0 0 0 0 0 0 0 0 0 0 0 0 0 0 0 0 0 0 0 0 0 0 0 0 0 0 0 0 0 0 0 0 0 0 0 0 0 0 0 0 0 0 0 0 0 0 0 0 0 0 0 0 0 0 0 0 0 1 0 0 0 0 0 0 0 0 0 0 0 0 0 0 0 0]
[934744914091318591552192394147134800479979238896778540610236862796253535920671472235802627243549758807395722576491419620438643197402222967435249475515327629664290315319518515440091324945940080300093303659871384675482424245548416232 0 0 0 0 0 0 0 0 0 0 0 0 0 0 0 0 0 0 0 0 0 0 0 0 0 0 0 0 0 0 0 0 0 0 0 0 0 0 0 0 0 0 0 0 0 0 0 0 0 0 0 0 0 0 0 0 0 0 0 0 1 0 0 0 0 0 0 0 0 0 0 0 0 0 0 0]
[61038797051463267647334573943872602506755862145689005042942116211202882116389950029923730333971787569416072882656000739956299167649182352213882151876997478603342236232233392231035011125335601444074490330180476862608823978746294730 0 0 0 0 0 0 0 0 0 0 0 0 0 0 0 0 0 0 0 0 0 0 0 0 0 0 0 0 0 0 0 0 0 0 0 0 0 0 0 0 0 0 0 0 0 0 0 0 0 0 0 0 0 0 0 0 0 0 0 0 0 1 0 0 0 0 0 0 0 0 0 0 0 0 0 0]
[33959312876653979313111364228963566988722853414986631552858470384485091843126913807676803378184010638932678661528213517179253305562083777495647163110742448993219143142172351439261004021677881339924103180452412488727812679249201455 0 0 0 0 0 0 0 0 0 0 0 0 0 0 0 0 0 0 0 0 0 0 0 0 0 0 0 0 0 0 0 0 0 0 0 0 0 0 0 0 0 0 0 0 0 0 0 0 0 0 0 0 0 0 0 0 0 0 0 0 0 0 1 0 0 0 0 0 0 0 0 0 0 0 0 0]
[670431511764234411309497115952064606081168432609762843114726114447685049943339476079269578886057545178233119872685089995747578021778945203415598530165560275344573734990366294383751097415602044318437461511297321530211765444926417134 0 0 0 0 0 0 0 0 0 0 0 0 0 0 0 0 0 0 0 0 0 0 0 0 0 0 0 0 0 0 0 0 0 0 0 0 0 0 0 0 0 0 0 0 0 0 0 0 0 0 0 0 0 0 0 0 0 0 0 0 0 0 0 1 0 0 0 0 0 0 0 0 0 0 0 0]
[1623055225941241917399447640802422859592804222351109158047510997485269246006026309962119995033340271840424449157000496094519732801125149896956124300895924901830485454883390415101835612867441785765339497105156525932076782837043527894 0 0 0 0 0 0 0 0 0 0 0 0 0 0 0 0 0 0 0 0 0 0 0 0 0 0 0 0 0 0 0 0 0 0 0 0 0 0 0 0 0 0 0 0 0 0 0 0 0 0 0 0 0 0 0 0 0 0 0 0 0 0 0 0 1 0 0 0 0 0 0 0 0 0 0 0]
[968739260521212668615814975520455145774716684810984949828126271864299840134020223158991261567979868909913306779814620520786809848817825427827848520637062515007186551899544194886920033878341051032605024907101377516772071121381440187 0 0 0 0 0 0 0 0 0 0 0 0 0 0 0 0 0 0 0 0 0 0 0 0 0 0 0 0 0 0 0 0 0 0 0 0 0 0 0 0 0 0 0 0 0 0 0 0 0 0 0 0 0 0 0 0 0 0 0 0 0 0 0 0 0 1 0 0 0 0 0 0 0 0 0 0]
[211080479371207945080503544817743758792072482613043023601367275835005601807623408617723403972383496381767719570486124653663542112547889207191104071644341018893046719856422462429338795406313856757545593480960091990995667238792299902 0 0 0 0 0 0 0 0 0 0 0 0 0 0 0 0 0 0 0 0 0 0 0 0 0 0 0 0 0 0 0 0 0 0 0 0 0 0 0 0 0 0 0 0 0 0 0 0 0 0 0 0 0 0 0 0 0 0 0 0 0 0 0 0 0 0 1 0 0 0 0 0 0 0 0 0]
[2079009854174568685781791401818077021129712944287269600558181337638751142211685108881304819782091688866864402570210205484430873065736963099601906906871080133650066816842957125647654105287538438140064390033243210849004677275153183154 0 0 0 0 0 0 0 0 0 0 0 0 0 0 0 0 0 0 0 0 0 0 0 0 0 0 0 0 0 0 0 0 0 0 0 0 0 0 0 0 0 0 0 0 0 0 0 0 0 0 0 0 0 0 0 0 0 0 0 0 0 0 0 0 0 0 0 1 0 0 0 0 0 0 0 0]
[1681886818265773476383310616920515191504352218200902708278226878019407201799342992316309943713498876012096491196246164669808608275762025992726745021101758622215072911307650450589734299490068320448343708842557554946501919936037221412 0 0 0 0 0 0 0 0 0 0 0 0 0 0 0 0 0 0 0 0 0 0 0 0 0 0 0 0 0 0 0 0 0 0 0 0 0 0 0 0 0 0 0 0 0 0 0 0 0 0 0 0 0 0 0 0 0 0 0 0 0 0 0 0 0 0 0 0 1 0 0 0 0 0 0 0]
[3424352225688700495677965351936736233487064130600535568689876020274626776195775433580403615089871013970244983206269554682061292042423642108180146101187088488883559596922663146048530721915037932319697782395816253065092200564474027400 0 0 0 0 0 0 0 0 0 0 0 0 0 0 0 0 0 0 0 0 0 0 0 0 0 0 0 0 0 0 0 0 0 0 0 0 0 0 0 0 0 0 0 0 0 0 0 0 0 0 0 0 0 0 0 0 0 0 0 0 0 0 0 0 0 0 0 0 0 1 0 0 0 0 0 0]
[1923683398098204361861671667082974982670039384562078011005289711597695179381224085853746622663072342339527729586885629787361909382828061755787321168343353888532899155559896778680021662088361623104588678061728264869327382309958773063 0 0 0 0 0 0 0 0 0 0 0 0 0 0 0 0 0 0 0 0 0 0 0 0 0 0 0 0 0 0 0 0 0 0 0 0 0 0 0 0 0 0 0 0 0 0 0 0 0 0 0 0 0 0 0 0 0 0 0 0 0 0 0 0 0 0 0 0 0 0 1 0 0 0 0 0]
[618348896746860074274035972653512974785151913124425770239907248441458012578103222771267823826937108552655676918348462801229082391694849628109479953200247746600119207723895044255542637662502170068588491093115667573152109599328692450 0 0 0 0 0 0 0 0 0 0 0 0 0 0 0 0 0 0 0 0 0 0 0 0 0 0 0 0 0 0 0 0 0 0 0 0 0 0 0 0 0 0 0 0 0 0 0 0 0 0 0 0 0 0 0 0 0 0 0 0 0 0 0 0 0 0 0 0 0 0 0 1 0 0 0 0]
[2359064853988827334861894829942162967995603497054266822959154594673312927013681740797599006199594172041169305735932637163537600039768016799647978346357602269803085330155758034527182473204530135517929405015465755100448859088963765849 0 0 0 0 0 0 0 0 0 0 0 0 0 0 0 0 0 0 0 0 0 0 0 0 0 0 0 0 0 0 0 0 0 0 0 0 0 0 0 0 0 0 0 0 0 0 0 0 0 0 0 0 0 0 0 0 0 0 0 0 0 0 0 0 0 0 0 0 0 0 0 0 1 0 0 0]
[3339308168668151017801014961358105254085446827386857560930038994859758183155630043293752059467605813733979581616247193906857081930243568069853797713064996507759631301399700442101477519697943945534919188802051523674476125132947378566 0 0 0 0 0 0 0 0 0 0 0 0 0 0 0 0 0 0 0 0 0 0 0 0 0 0 0 0 0 0 0 0 0 0 0 0 0 0 0 0 0 0 0 0 0 0 0 0 0 0 0 0 0 0 0 0 0 0 0 0 0 0 0 0 0 0 0 0 0 0 0 0 0 1 0 0]
[2593105161288884915109440005470293047562225579237348097822584684617663968907013837699564160824877099188628660615055144316027104030937652771890956361200063231202642210781385647455668023209094777462221367164745856668681784100851934238 0 0 0 0 0 0 0 0 0 0 0 0 0 0 0 0 0 0 0 0 0 0 0 0 0 0 0 0 0 0 0 0 0 0 0 0 0 0 0 0 0 0 0 0 0 0 0 0 0 0 0 0 0 0 0 0 0 0 0 0 0 0 0 0 0 0 0 0 0 0 0 0 0 0 1 0]
[2062947855527012019360782951727939281408543647769829693175697796598404226030522177374596351328035459517406595165955366460143861718450166256941281033936389723741459756651228937140764565080533917501509817488727175095074486076839274597 0 0 0 0 0 0 0 0 0 0 0 0 0 0 0 0 0 0 0 0 0 0 0 0 0 0 0 0 0 0 0 0 0 0 0 0 0 0 0 0 0 0 0 0 0 0 0 0 0 0 0 0 0 0 0 0 0 0 0 0 0 0 0 0 0 0 0 0 0 0 0 0 0 0 0 1]
]
