[[2574774715503562578357555387523530866171557093045086208567823040231575234331088487915464564000795830091869718425569418500369 0 0 0 0 0 0 0 0 0 0 0 0 0 0 0 0 0 0 0 0 0 0 0 0 0 0 0 0 0 0 0 0 0 0 0 0 0 0 0 0]
[912018956860599205588500792026314939315717724251922666118697877213863750192227651894822827401243945598961083927439794958038 1 0 0 0 0 0 0 0 0 0 0 0 0 0 0 0 0 0 0 0 0 0 0 0 0 0 0 0 0 0 0 0 0 0 0 0 0 0 0 0]
[800238763070682445590319165982177486981470698809481163512087467102941121490871248424063899141435579522915837102903617908653 0 1 0 0 0 0 0 0 0 0 0 0 0 0 0 0 0 0 0 0 0 0 0 0 0 0 0 0 0 0 0 0 0 0 0 0 0 0 0 0]
[1468415355986901400011708454131236213970158501743368550507830633613072772880459850814763341071134093034327412793961278495246 0 0 1 0 0 0 0 0 0 0 0 0 0 0 0 0 0 0 0 0 0 0 0 0 0 0 0 0 0 0 0 0 0 0 0 0 0 0 0 0]
[1413627658924391519659763778415149183600925376037686380525126880387914343497626821590620069053664495124676672834521486926511 0 0 0 1 0 0 0 0 0 0 0 0 0 0 0 0 0 0 0 0 0 0 0 0 0 0 0 0 0 0 0 0 0 0 0 0 0 0 0 0]
[26261274385971096152601603947137969629080222933913545189022000228395127093318992087140480427041569517747646963102915812822 0 0 0 0 1 0 0 0 0 0 0 0 0 0 0 0 0 0 0 0 0 0 0 0 0 0 0 0 0 0 0 0 0 0 0 0 0 0 0 0]
[1042773336922597311479664534967422371913532449170510409459141913374536294710207749771145241379314214273512785952294136858117 0 0 0 0 0 1 0 0 0 0 0 0 0 0 0 0 0 0 0 0 0 0 0 0 0 0 0 0 0 0 0 0 0 0 0 0 0 0 0 0]
[1635965118052498124683060225050456228877961954881694996875655185997262268271940596924440216835004640160306593827406371178203 0 0 0 0 0 0 1 0 0 0 0 0 0 0 0 0 0 0 0 0 0 0 0 0 0 0 0 0 0 0 0 0 0 0 0 0 0 0 0 0]
[666504913779650942583276989133645558612527397396316280378515710168036947516226156450580170527790460773694073093795518555233 0 0 0 0 0 0 0 1 0 0 0 0 0 0 0 0 0 0 0 0 0 0 0 0 0 0 0 0 0 0 0 0 0 0 0 0 0 0 0 0]
[230963051167415099818089379336486136246257384854424797951653301624674879772524606622299147313556278119863713230594565333103 0 0 0 0 0 0 0 0 1 0 0 0 0 0 0 0 0 0 0 0 0 0 0 0 0 0 0 0 0 0 0 0 0 0 0 0 0 0 0 0]
[540036139895960528462094136729700297177286167233062327347531806791815793688591136059284759929807912807036081540448703517017 0 0 0 0 0 0 0 0 0 1 0 0 0 0 0 0 0 0 0 0 0 0 0 0 0 0 0 0 0 0 0 0 0 0 0 0 0 0 0 0]
[119222004947264332552377531010110535949702391641773055481944242745280262303953527259691994607078931876444589821652263442491 0 0 0 0 0 0 0 0 0 0 1 0 0 0 0 0 0 0 0 0 0 0 0 0 0 0 0 0 0 0 0 0 0 0 0 0 0 0 0 0]
[730061298071927704101602718593760700476933852677061665558901066069944147732018291135292352061931375771347508685860788569776 0 0 0 0 0 0 0 0 0 0 0 1 0 0 0 0 0 0 0 0 0 0 0 0 0 0 0 0 0 0 0 0 0 0 0 0 0 0 0 0]
[1477428468739990238987955265051915055666973674008944671669028027647261856930289557637605047505633986913326250935612649334549 0 0 0 0 0 0 0 0 0 0 0 0 1 0 0 0 0 0 0 0 0 0 0 0 0 0 0 0 0 0 0 0 0 0 0 0 0 0 0 0]
[2230408362042436827921871190360614642241445147454238935093719595415027045336918943157242911726060013713604760120477952132012 0 0 0 0 0 0 0 0 0 0 0 0 0 1 0 0 0 0 0 0 0 0 0 0 0 0 0 0 0 0 0 0 0 0 0 0 0 0 0 0]
[2417716228503411993004271789338962843546959307361835090529077823403384424784954618970186128360793312804401711704914973267353 0 0 0 0 0 0 0 0 0 0 0 0 0 0 1 0 0 0 0 0 0 0 0 0 0 0 0 0 0 0 0 0 0 0 0 0 0 0 0 0]
[1543855311180589191824459950957451741711754042688990658907235204388433664350374655206305859115056914056702448281268617479229 0 0 0 0 0 0 0 0 0 0 0 0 0 0 0 1 0 0 0 0 0 0 0 0 0 0 0 0 0 0 0 0 0 0 0 0 0 0 0 0]
[145160247773463120805182090106673326809920701855034855554147041398799028167094322177135300430196469838163741516739653168762 0 0 0 0 0 0 0 0 0 0 0 0 0 0 0 0 1 0 0 0 0 0 0 0 0 0 0 0 0 0 0 0 0 0 0 0 0 0 0 0]
[2164705901759422657748933132702426907452053800163587510100851415426754391081833362500367236477462675064518406985960516083659 0 0 0 0 0 0 0 0 0 0 0 0 0 0 0 0 0 1 0 0 0 0 0 0 0 0 0 0 0 0 0 0 0 0 0 0 0 0 0 0]
[743155687880355133614636305290242237006811623770646302796971899055246040006510547269910620475922551435982837657027045995241 0 0 0 0 0 0 0 0 0 0 0 0 0 0 0 0 0 0 1 0 0 0 0 0 0 0 0 0 0 0 0 0 0 0 0 0 0 0 0 0]
[1801072078441155740240367362113317999106789181293079368765368345299319914657155251138090355761296167339484617292014272772567 0 0 0 0 0 0 0 0 0 0 0 0 0 0 0 0 0 0 0 1 0 0 0 0 0 0 0 0 0 0 0 0 0 0 0 0 0 0 0 0]
[2243038614300108543130786151030031755931127526621397780504386645089368769190276869451625236948594242220766430447996692588815 0 0 0 0 0 0 0 0 0 0 0 0 0 0 0 0 0 0 0 0 1 0 0 0 0 0 0 0 0 0 0 0 0 0 0 0 0 0 0 0]
[1961512743389233111416003019756685154199237684831639293813875741364692475046795648519085189378248325515321521319585677672755 0 0 0 0 0 0 0 0 0 0 0 0 0 0 0 0 0 0 0 0 0 1 0 0 0 0 0 0 0 0 0 0 0 0 0 0 0 0 0 0]
[2422755127109653772525422426483919872987057540185938851106127009299882245657955275498440568856159753217569364910536974041931 0 0 0 0 0 0 0 0 0 0 0 0 0 0 0 0 0 0 0 0 0 0 1 0 0 0 0 0 0 0 0 0 0 0 0 0 0 0 0 0]
[604387950230377981956824357211154116106862760204423962029782238880665116292979501561076969959984786090420647011669499065806 0 0 0 0 0 0 0 0 0 0 0 0 0 0 0 0 0 0 0 0 0 0 0 1 0 0 0 0 0 0 0 0 0 0 0 0 0 0 0 0]
[1728266980232979848789331633436418911550360959646465775093278821587893943658607341744141304752848632575372441932988766531286 0 0 0 0 0 0 0 0 0 0 0 0 0 0 0 0 0 0 0 0 0 0 0 0 1 0 0 0 0 0 0 0 0 0 0 0 0 0 0 0]
[1784768398680325826233213935698942641283998219881195132630865206922936112478232723363357139287844492279724204089985385347521 0 0 0 0 0 0 0 0 0 0 0 0 0 0 0 0 0 0 0 0 0 0 0 0 0 1 0 0 0 0 0 0 0 0 0 0 0 0 0 0]
[1437000922085841076118552504659260441978101948923868609433775631711310427077322446827584225108387655522150811281045385255567 0 0 0 0 0 0 0 0 0 0 0 0 0 0 0 0 0 0 0 0 0 0 0 0 0 0 1 0 0 0 0 0 0 0 0 0 0 0 0 0]
[1814271786498176154637183452106415371940039525832419450301439532771476363881206159119313959074787733053915192809570181601602 0 0 0 0 0 0 0 0 0 0 0 0 0 0 0 0 0 0 0 0 0 0 0 0 0 0 0 1 0 0 0 0 0 0 0 0 0 0 0 0]
[1752393249132687078556263005481814068070178789436593536307920602513713287985453273051260029959990603683765204926138083730952 0 0 0 0 0 0 0 0 0 0 0 0 0 0 0 0 0 0 0 0 0 0 0 0 0 0 0 0 1 0 0 0 0 0 0 0 0 0 0 0]
[433670598045154846282266096474546542596198342479441896271415618328404013938179793903178453112291287692668869395953013514287 0 0 0 0 0 0 0 0 0 0 0 0 0 0 0 0 0 0 0 0 0 0 0 0 0 0 0 0 0 1 0 0 0 0 0 0 0 0 0 0]
[656460065747547885140306471975631482169421011215710508711869170435516942585859412558344595301806026583989028768027114089175 0 0 0 0 0 0 0 0 0 0 0 0 0 0 0 0 0 0 0 0 0 0 0 0 0 0 0 0 0 0 1 0 0 0 0 0 0 0 0 0]
[1006896914079189712862545002543739506561289288843894951244702522697689498180674216808317128501878929242406627091547604020919 0 0 0 0 0 0 0 0 0 0 0 0 0 0 0 0 0 0 0 0 0 0 0 0 0 0 0 0 0 0 0 1 0 0 0 0 0 0 0 0]
[758591817600380286128913466405304015317332631272276605725725242830360357236469629781259798921312753807976287583270799872330 0 0 0 0 0 0 0 0 0 0 0 0 0 0 0 0 0 0 0 0 0 0 0 0 0 0 0 0 0 0 0 0 1 0 0 0 0 0 0 0]
[2566020797906041309003213383658213980081138486749882074941839893851665341977113258221253569365731994166768419458880734050680 0 0 0 0 0 0 0 0 0 0 0 0 0 0 0 0 0 0 0 0 0 0 0 0 0 0 0 0 0 0 0 0 0 1 0 0 0 0 0 0]
[2306883264311975696944478164413409430222072063449037403372392608299298116384323407968007565336923078872139162921394341464620 0 0 0 0 0 0 0 0 0 0 0 0 0 0 0 0 0 0 0 0 0 0 0 0 0 0 0 0 0 0 0 0 0 0 1 0 0 0 0 0]
[1496181386828870903078990293627048168704571110903545418291759155226561961383140323539348981097307444541450500942466696002349 0 0 0 0 0 0 0 0 0 0 0 0 0 0 0 0 0 0 0 0 0 0 0 0 0 0 0 0 0 0 0 0 0 0 0 1 0 0 0 0]
[1300451360260399402024186440579657430128274427744804630836192738894923551215162375198639272982927359600338937986178798912690 0 0 0 0 0 0 0 0 0 0 0 0 0 0 0 0 0 0 0 0 0 0 0 0 0 0 0 0 0 0 0 0 0 0 0 0 1 0 0 0]
[1249230990590813465849383590739956948645904321249733440614869192414421867258114599675670515988907303588198134880882889712071 0 0 0 0 0 0 0 0 0 0 0 0 0 0 0 0 0 0 0 0 0 0 0 0 0 0 0 0 0 0 0 0 0 0 0 0 0 1 0 0]
[1380000262579619194834900270511030134763960335089140134358302510408025944630218929391308883454560559296764993632247637107187 0 0 0 0 0 0 0 0 0 0 0 0 0 0 0 0 0 0 0 0 0 0 0 0 0 0 0 0 0 0 0 0 0 0 0 0 0 0 1 0]
[139897015439315304146098952652205153835429772300750267150071692119742641676902171542469795653928885870710103830274145102038 0 0 0 0 0 0 0 0 0 0 0 0 0 0 0 0 0 0 0 0 0 0 0 0 0 0 0 0 0 0 0 0 0 0 0 0 0 0 0 1]
]
