[[6278390407257015329300757685291222763352452945674955081134077872995574653597371658956150887758400982718023302820760820757394864736292822853977992437241963215719997559472242151338720754068091856109576183801537208880184513759578880409238381 0 0 0 0 0 0 0 0 0 0 0 0 0 0 0 0 0 0 0 0 0 0 0 0 0 0 0 0 0 0 0 0 0 0 0 0 0 0 0 0 0 0 0 0 0 0 0 0 0 0 0 0 0 0 0 0 0 0 0 0 0 0 0 0 0 0 0 0 0 0 0 0 0 0 0 0 0 0]
[5111829225961317925752079855840287008717954414709098219686549967492998604561045926847617587380992070227689031101567084369081910210491197176951787111015878379469183274757349333627053146621280664717758492381638109008802350718890809528224364 1 0 0 0 0 0 0 0 0 0 0 0 0 0 0 0 0 0 0 0 0 0 0 0 0 0 0 0 0 0 0 0 0 0 0 0 0 0 0 0 0 0 0 0 0 0 0 0 0 0 0 0 0 0 0 0 0 0 0 0 0 0 0 0 0 0 0 0 0 0 0 0 0 0 0 0 0 0]
[2224467204500622300097074156781628467404122567062319441809042411384523590156086334796353581000242406179381049600692846744478165236894428271732522886860316849309672144527525980561929399352745448180318448457995100625710153317188699511824950 0 1 0 0 0 0 0 0 0 0 0 0 0 0 0 0 0 0 0 0 0 0 0 0 0 0 0 0 0 0 0 0 0 0 0 0 0 0 0 0 0 0 0 0 0 0 0 0 0 0 0 0 0 0 0 0 0 0 0 0 0 0 0 0 0 0 0 0 0 0 0 0 0 0 0 0 0 0]
[5006772562873118079981462906447285674319909476955037443059993875030633886304370498787223726841133804196338387048147030474087933365874890239283154139793410988655972419041062829762681594795898972725363208409574989267265464695504433698009628 0 0 1 0 0 0 0 0 0 0 0 0 0 0 0 0 0 0 0 0 0 0 0 0 0 0 0 0 0 0 0 0 0 0 0 0 0 0 0 0 0 0 0 0 0 0 0 0 0 0 0 0 0 0 0 0 0 0 0 0 0 0 0 0 0 0 0 0 0 0 0 0 0 0 0 0 0 0]
[1865259192374314006584629834442020273663141302708781362966840039367436874012927178228778373406807644124012669910399045034611631314714567443340703255082838272049598510171484445264642804392883690080812715759398171427289368520791339660525796 0 0 0 1 0 0 0 0 0 0 0 0 0 0 0 0 0 0 0 0 0 0 0 0 0 0 0 0 0 0 0 0 0 0 0 0 0 0 0 0 0 0 0 0 0 0 0 0 0 0 0 0 0 0 0 0 0 0 0 0 0 0 0 0 0 0 0 0 0 0 0 0 0 0 0 0 0 0]
[6231033396265591774885772793544620375034888160914612067794896859684167000407304120613189449132052748366851392789062467511628798806285737207419420311521920549731852277317557808663696855399507222953834195720466252808351416923909412303119690 0 0 0 0 1 0 0 0 0 0 0 0 0 0 0 0 0 0 0 0 0 0 0 0 0 0 0 0 0 0 0 0 0 0 0 0 0 0 0 0 0 0 0 0 0 0 0 0 0 0 0 0 0 0 0 0 0 0 0 0 0 0 0 0 0 0 0 0 0 0 0 0 0 0 0 0 0 0]
[340115732791603278908822778488970545196337080572276037162353207883804999031508957039656571025098796357046701693011951304408683568265962040799548600864481018115435388681057661119683581177762283514247113821198058982391402536038310505217129 0 0 0 0 0 1 0 0 0 0 0 0 0 0 0 0 0 0 0 0 0 0 0 0 0 0 0 0 0 0 0 0 0 0 0 0 0 0 0 0 0 0 0 0 0 0 0 0 0 0 0 0 0 0 0 0 0 0 0 0 0 0 0 0 0 0 0 0 0 0 0 0 0 0 0 0 0 0]
[4614541666627607805098508577091770764074425776015863539319796859361064111253870210869878404661468790415116526336038214061063801565782707381965114660685378412559311858326172068828809042818415849368628786120716771496879370692944043293546553 0 0 0 0 0 0 1 0 0 0 0 0 0 0 0 0 0 0 0 0 0 0 0 0 0 0 0 0 0 0 0 0 0 0 0 0 0 0 0 0 0 0 0 0 0 0 0 0 0 0 0 0 0 0 0 0 0 0 0 0 0 0 0 0 0 0 0 0 0 0 0 0 0 0 0 0 0 0]
[3551921673899345384305548096675002991982746841624708245250527684939691611870076301183232195464696054263071212573687002784438636280157600470342803026272643528834559937348342839340504184080619049199716651370621960937388817816067364568445107 0 0 0 0 0 0 0 1 0 0 0 0 0 0 0 0 0 0 0 0 0 0 0 0 0 0 0 0 0 0 0 0 0 0 0 0 0 0 0 0 0 0 0 0 0 0 0 0 0 0 0 0 0 0 0 0 0 0 0 0 0 0 0 0 0 0 0 0 0 0 0 0 0 0 0 0 0 0]
[3078222444923866357721807085126571781462510919964772901781439028162509953646535160195499532098149945274219308632705078551437602535170664636325250273683713964669481042178328473268781230792299843972133739787325695922487454754536955999652783 0 0 0 0 0 0 0 0 1 0 0 0 0 0 0 0 0 0 0 0 0 0 0 0 0 0 0 0 0 0 0 0 0 0 0 0 0 0 0 0 0 0 0 0 0 0 0 0 0 0 0 0 0 0 0 0 0 0 0 0 0 0 0 0 0 0 0 0 0 0 0 0 0 0 0 0 0 0]
[4415890215226846841065234298704938146141974672604298039846110936249833412697720582300192498977276543717332173128359637484091469058533337813462366507898281891113377838133421784250233544602826105055066285206233764310424613000012618174241941 0 0 0 0 0 0 0 0 0 1 0 0 0 0 0 0 0 0 0 0 0 0 0 0 0 0 0 0 0 0 0 0 0 0 0 0 0 0 0 0 0 0 0 0 0 0 0 0 0 0 0 0 0 0 0 0 0 0 0 0 0 0 0 0 0 0 0 0 0 0 0 0 0 0 0 0 0 0]
[2369547722592369060214093356419311234761772194717451391123850877694049933386797901832924132117124579348776371573189027808186114025556780852220003284404975792549099017661822572084056221720206251364257126214665940957231446673535168333573717 0 0 0 0 0 0 0 0 0 0 1 0 0 0 0 0 0 0 0 0 0 0 0 0 0 0 0 0 0 0 0 0 0 0 0 0 0 0 0 0 0 0 0 0 0 0 0 0 0 0 0 0 0 0 0 0 0 0 0 0 0 0 0 0 0 0 0 0 0 0 0 0 0 0 0 0 0 0]
[512384275708514495116507077024361498947317837238255318144689357507235991313143036834855296340018082803872377828489853616123361676558220469858329987102031187195742583791081425247026086977664208309587315497480225102343717392708901336079944 0 0 0 0 0 0 0 0 0 0 0 1 0 0 0 0 0 0 0 0 0 0 0 0 0 0 0 0 0 0 0 0 0 0 0 0 0 0 0 0 0 0 0 0 0 0 0 0 0 0 0 0 0 0 0 0 0 0 0 0 0 0 0 0 0 0 0 0 0 0 0 0 0 0 0 0 0 0]
[5669041745824429166257451680370587618185113474720135489331882180261274224265420644104994827191551255446646321039385240765520934155941669546220006463396080114502789599399943185659998094837241811159585025106800131227043981110245330480421188 0 0 0 0 0 0 0 0 0 0 0 0 1 0 0 0 0 0 0 0 0 0 0 0 0 0 0 0 0 0 0 0 0 0 0 0 0 0 0 0 0 0 0 0 0 0 0 0 0 0 0 0 0 0 0 0 0 0 0 0 0 0 0 0 0 0 0 0 0 0 0 0 0 0 0 0 0 0]
[4589850850088905142097341760460306850104531472106742606350807270932726050321389127993772496170347782038056522678552464176261931860466222068041332478019818687776272011235348501402058430364363857429431911698777020094674868467450252642122104 0 0 0 0 0 0 0 0 0 0 0 0 0 1 0 0 0 0 0 0 0 0 0 0 0 0 0 0 0 0 0 0 0 0 0 0 0 0 0 0 0 0 0 0 0 0 0 0 0 0 0 0 0 0 0 0 0 0 0 0 0 0 0 0 0 0 0 0 0 0 0 0 0 0 0 0 0 0]
[2779524111183188974765642827701675361329967717363031548926842607227400164021479139643922438554635885066495988440799506533113022250310522850541091720460006688922577687499173541600959956580225044488234410703560937521582684763998361901612846 0 0 0 0 0 0 0 0 0 0 0 0 0 0 1 0 0 0 0 0 0 0 0 0 0 0 0 0 0 0 0 0 0 0 0 0 0 0 0 0 0 0 0 0 0 0 0 0 0 0 0 0 0 0 0 0 0 0 0 0 0 0 0 0 0 0 0 0 0 0 0 0 0 0 0 0 0 0]
[2296513182635777782761812357126816947867786325115514183161213084861451900651489789325842059836676707227090471056952289342891902004910448975234738310847027377715148666238206099906451311835126368663574093058503532129659729319775355649769418 0 0 0 0 0 0 0 0 0 0 0 0 0 0 0 1 0 0 0 0 0 0 0 0 0 0 0 0 0 0 0 0 0 0 0 0 0 0 0 0 0 0 0 0 0 0 0 0 0 0 0 0 0 0 0 0 0 0 0 0 0 0 0 0 0 0 0 0 0 0 0 0 0 0 0 0 0 0]
[3016067296992517444251022271127351950679209755584525537193870641902209790266806072262289027845336020453847489615014072338724498625165465722573112406117455192081861606495567677548446702344005366050728397710161453040334561052252825081762733 0 0 0 0 0 0 0 0 0 0 0 0 0 0 0 0 1 0 0 0 0 0 0 0 0 0 0 0 0 0 0 0 0 0 0 0 0 0 0 0 0 0 0 0 0 0 0 0 0 0 0 0 0 0 0 0 0 0 0 0 0 0 0 0 0 0 0 0 0 0 0 0 0 0 0 0 0 0]
[2497697079110667157123018159111398683834516163152020999049681435239269997670442879132986094042702423983952796546744581688312026001225240793180316934766389517687658576090150045520263386335135360347739555267596115096417561817936284699193477 0 0 0 0 0 0 0 0 0 0 0 0 0 0 0 0 0 1 0 0 0 0 0 0 0 0 0 0 0 0 0 0 0 0 0 0 0 0 0 0 0 0 0 0 0 0 0 0 0 0 0 0 0 0 0 0 0 0 0 0 0 0 0 0 0 0 0 0 0 0 0 0 0 0 0 0 0 0]
[2878513552400245260243545861168924459266721099450169509145675232923864305303332911143018742705565865395960212514172566531152919487111949359895243601703403787064203809265368408128996811833912803609673841784919112000557022678960460190985863 0 0 0 0 0 0 0 0 0 0 0 0 0 0 0 0 0 0 1 0 0 0 0 0 0 0 0 0 0 0 0 0 0 0 0 0 0 0 0 0 0 0 0 0 0 0 0 0 0 0 0 0 0 0 0 0 0 0 0 0 0 0 0 0 0 0 0 0 0 0 0 0 0 0 0 0 0 0]
[3046590294063224331283891061010459146821591942405214594333069313415601933819632875024311134396805531133027872718589366535652315176505914508510453464431974165283422453237672524039906609437186893452138247894823776150744283127329472310789510 0 0 0 0 0 0 0 0 0 0 0 0 0 0 0 0 0 0 0 1 0 0 0 0 0 0 0 0 0 0 0 0 0 0 0 0 0 0 0 0 0 0 0 0 0 0 0 0 0 0 0 0 0 0 0 0 0 0 0 0 0 0 0 0 0 0 0 0 0 0 0 0 0 0 0 0 0 0]
[874125589365198917970450436594425663404723522512600646680822421929278383714699252898965605289329822854210626414017839841697536788295873123794292810113889323886036773928285680482664099376893162215394655832349462586011668698210941961513628 0 0 0 0 0 0 0 0 0 0 0 0 0 0 0 0 0 0 0 0 1 0 0 0 0 0 0 0 0 0 0 0 0 0 0 0 0 0 0 0 0 0 0 0 0 0 0 0 0 0 0 0 0 0 0 0 0 0 0 0 0 0 0 0 0 0 0 0 0 0 0 0 0 0 0 0 0 0]
[1344300338500343985930946357915879530628164651977783889106591958103970995788172373413661249792039291389201676555665989674217258173507995048714395214278208442369624180033888201028370155745907355525340653703945709315866891208388119681479248 0 0 0 0 0 0 0 0 0 0 0 0 0 0 0 0 0 0 0 0 0 1 0 0 0 0 0 0 0 0 0 0 0 0 0 0 0 0 0 0 0 0 0 0 0 0 0 0 0 0 0 0 0 0 0 0 0 0 0 0 0 0 0 0 0 0 0 0 0 0 0 0 0 0 0 0 0 0]
[5638827432781453411730337383097382008335407391413870151453864743221356420074823592333188538348644108952535019162758466588544082151034503097595004231984119929697883704636253970704381847126139204592794603046280608324542992354926749476922911 0 0 0 0 0 0 0 0 0 0 0 0 0 0 0 0 0 0 0 0 0 0 1 0 0 0 0 0 0 0 0 0 0 0 0 0 0 0 0 0 0 0 0 0 0 0 0 0 0 0 0 0 0 0 0 0 0 0 0 0 0 0 0 0 0 0 0 0 0 0 0 0 0 0 0 0 0 0]
[4653776267074869680474230328227303346858134039232820739802848545935104767946730618020384265511907511371371201378928620512861603864221261563733363146936153841410552337223382362587849881851211195004709601904727706734692504702203210105144145 0 0 0 0 0 0 0 0 0 0 0 0 0 0 0 0 0 0 0 0 0 0 0 1 0 0 0 0 0 0 0 0 0 0 0 0 0 0 0 0 0 0 0 0 0 0 0 0 0 0 0 0 0 0 0 0 0 0 0 0 0 0 0 0 0 0 0 0 0 0 0 0 0 0 0 0 0 0]
[5274661372012428802181565999136089854147362448802768799312580087040934565807790213046483850650615188856763636718579967430371253193141096028675096528581807368218484508406459016972559475318875996243781575628527971687624024976124287188432232 0 0 0 0 0 0 0 0 0 0 0 0 0 0 0 0 0 0 0 0 0 0 0 0 1 0 0 0 0 0 0 0 0 0 0 0 0 0 0 0 0 0 0 0 0 0 0 0 0 0 0 0 0 0 0 0 0 0 0 0 0 0 0 0 0 0 0 0 0 0 0 0 0 0 0 0 0 0]
[1916914140006724954478074649944494157116019036535632094152278971659615629207778305925950330599512091432810226235747073534076937860990366420004556446914372429731513155817420934220796031086784074622771784521816104213476188359389286751434343 0 0 0 0 0 0 0 0 0 0 0 0 0 0 0 0 0 0 0 0 0 0 0 0 0 1 0 0 0 0 0 0 0 0 0 0 0 0 0 0 0 0 0 0 0 0 0 0 0 0 0 0 0 0 0 0 0 0 0 0 0 0 0 0 0 0 0 0 0 0 0 0 0 0 0 0 0 0]
[5767832908239667764358770952638812012159966517166352243254309246413523426680546198805485812643244770334380433937417837061866249509358302428477430066199027360284193864260629005482439302848475651546275912291137147442900089666805334593101304 0 0 0 0 0 0 0 0 0 0 0 0 0 0 0 0 0 0 0 0 0 0 0 0 0 0 1 0 0 0 0 0 0 0 0 0 0 0 0 0 0 0 0 0 0 0 0 0 0 0 0 0 0 0 0 0 0 0 0 0 0 0 0 0 0 0 0 0 0 0 0 0 0 0 0 0 0 0]
[4923104987920174734052398772300260948475707981099458557271046350755251904183393049802554620162404719229821625913502244371305763640924515296763009636933217600879350520645028887920573332029946698037160367989159788724377564876403088558430922 0 0 0 0 0 0 0 0 0 0 0 0 0 0 0 0 0 0 0 0 0 0 0 0 0 0 0 1 0 0 0 0 0 0 0 0 0 0 0 0 0 0 0 0 0 0 0 0 0 0 0 0 0 0 0 0 0 0 0 0 0 0 0 0 0 0 0 0 0 0 0 0 0 0 0 0 0 0]
[3641759998453315000556320485113716742594609692004136542140410877346843763635126210790603779543490421683538467654220192984164818450319205425806474044487730921590422978895155799695220649868552251374134393097592852154681052941303302863840335 0 0 0 0 0 0 0 0 0 0 0 0 0 0 0 0 0 0 0 0 0 0 0 0 0 0 0 0 1 0 0 0 0 0 0 0 0 0 0 0 0 0 0 0 0 0 0 0 0 0 0 0 0 0 0 0 0 0 0 0 0 0 0 0 0 0 0 0 0 0 0 0 0 0 0 0 0 0]
[2448210095277860835782216935406325689735609892890149953399043640046965066492323008115732273968064339922254906696543955553679999543782073687590106610886154623527720579814819241111176610094559096047738662762977121163525635743111457545809453 0 0 0 0 0 0 0 0 0 0 0 0 0 0 0 0 0 0 0 0 0 0 0 0 0 0 0 0 0 1 0 0 0 0 0 0 0 0 0 0 0 0 0 0 0 0 0 0 0 0 0 0 0 0 0 0 0 0 0 0 0 0 0 0 0 0 0 0 0 0 0 0 0 0 0 0 0 0]
[1393904006391373249708282579571286158673517508422918591512161447664288303396457699483516613265997262131323314450097918900522389860901875889747481200112212633371028692274459506552137214419373616953513656064024192348503503655833462802292113 0 0 0 0 0 0 0 0 0 0 0 0 0 0 0 0 0 0 0 0 0 0 0 0 0 0 0 0 0 0 1 0 0 0 0 0 0 0 0 0 0 0 0 0 0 0 0 0 0 0 0 0 0 0 0 0 0 0 0 0 0 0 0 0 0 0 0 0 0 0 0 0 0 0 0 0 0 0]
[264791248439556801572400266578542269389294682669290189216171406443560820162965055219816209439373679140461250111688352277005933648048452612958558614017005259785337287522222393742070346715364923047501930294171596077547543516517821476633231 0 0 0 0 0 0 0 0 0 0 0 0 0 0 0 0 0 0 0 0 0 0 0 0 0 0 0 0 0 0 0 1 0 0 0 0 0 0 0 0 0 0 0 0 0 0 0 0 0 0 0 0 0 0 0 0 0 0 0 0 0 0 0 0 0 0 0 0 0 0 0 0 0 0 0 0 0 0]
[3304911303669282926836423860622958449594876649343813144551558190486671710364459704454718799741762813659553177338839675217199746615551511097888551154299684443331654334105317450409782067152959068742979893706844038505098071123010100115817092 0 0 0 0 0 0 0 0 0 0 0 0 0 0 0 0 0 0 0 0 0 0 0 0 0 0 0 0 0 0 0 0 1 0 0 0 0 0 0 0 0 0 0 0 0 0 0 0 0 0 0 0 0 0 0 0 0 0 0 0 0 0 0 0 0 0 0 0 0 0 0 0 0 0 0 0 0 0]
[4316240974350768208198885933390438632620466466804726985239669861333435071171269191856847443344734046073959626285262949476675280685530654972939384351699318998800739394609794246777557678391580995399305203725725102881508668456712902892747853 0 0 0 0 0 0 0 0 0 0 0 0 0 0 0 0 0 0 0 0 0 0 0 0 0 0 0 0 0 0 0 0 0 1 0 0 0 0 0 0 0 0 0 0 0 0 0 0 0 0 0 0 0 0 0 0 0 0 0 0 0 0 0 0 0 0 0 0 0 0 0 0 0 0 0 0 0 0]
[2038102516644547227935914294395407118532663612523420138748115192239173037291477626857715122192303042059567027826297198184882500298451280272382505721754054521876625449993851912451948707943449197175750719321537980354046555649101893214463394 0 0 0 0 0 0 0 0 0 0 0 0 0 0 0 0 0 0 0 0 0 0 0 0 0 0 0 0 0 0 0 0 0 0 1 0 0 0 0 0 0 0 0 0 0 0 0 0 0 0 0 0 0 0 0 0 0 0 0 0 0 0 0 0 0 0 0 0 0 0 0 0 0 0 0 0 0 0]
[4632989581382360493532863924146177178277266840100824346487959123883348296929890838642140131243754560865519970712404057319810024139981275962530334875653180219758530864944583142534112263581618574303389898670114768598807582892799707579595650 0 0 0 0 0 0 0 0 0 0 0 0 0 0 0 0 0 0 0 0 0 0 0 0 0 0 0 0 0 0 0 0 0 0 0 1 0 0 0 0 0 0 0 0 0 0 0 0 0 0 0 0 0 0 0 0 0 0 0 0 0 0 0 0 0 0 0 0 0 0 0 0 0 0 0 0 0 0]
[6166543043184173052576056919296598279994701825570506617345716290611473549171742585886858896595799915656540331324576560304472144573608603420480604598552219541190449902672625787337082886316304448253482999544661022847703881433402935387588864 0 0 0 0 0 0 0 0 0 0 0 0 0 0 0 0 0 0 0 0 0 0 0 0 0 0 0 0 0 0 0 0 0 0 0 0 1 0 0 0 0 0 0 0 0 0 0 0 0 0 0 0 0 0 0 0 0 0 0 0 0 0 0 0 0 0 0 0 0 0 0 0 0 0 0 0 0 0]
[5532989626307037634655729274240137323901319649128005551297146044925048784895382832250675252472560331118290089634974166621881939769621883540056124770930142050405095548022301182767507774057268803011874803735724082390396632679963529247410157 0 0 0 0 0 0 0 0 0 0 0 0 0 0 0 0 0 0 0 0 0 0 0 0 0 0 0 0 0 0 0 0 0 0 0 0 0 1 0 0 0 0 0 0 0 0 0 0 0 0 0 0 0 0 0 0 0 0 0 0 0 0 0 0 0 0 0 0 0 0 0 0 0 0 0 0 0 0]
[4911718534513814025478774765030370375002806946533511358007184596674663041322908101063398499370968768423207789868151560010803930161951482392541779203981016926188103895778180942461099200581664320869190084873724539442731391667756585224725331 0 0 0 0 0 0 0 0 0 0 0 0 0 0 0 0 0 0 0 0 0 0 0 0 0 0 0 0 0 0 0 0 0 0 0 0 0 0 1 0 0 0 0 0 0 0 0 0 0 0 0 0 0 0 0 0 0 0 0 0 0 0 0 0 0 0 0 0 0 0 0 0 0 0 0 0 0 0]
[6268833506485845131516140757986472940538348752738240174453829068576433125127180068986331046295283286315157966049273215132290001403269799827509139406404896915662288257189051903132793938395124404396703964170291459234902923498134964262686717 0 0 0 0 0 0 0 0 0 0 0 0 0 0 0 0 0 0 0 0 0 0 0 0 0 0 0 0 0 0 0 0 0 0 0 0 0 0 0 1 0 0 0 0 0 0 0 0 0 0 0 0 0 0 0 0 0 0 0 0 0 0 0 0 0 0 0 0 0 0 0 0 0 0 0 0 0 0]
[3180982195326063490362620519855647659163790269715751655017730630448717382396237992877939276065128096896315220358794472870310394338901758950351704206582070828004248089391268677089471022871681887016394508802259792858412512622987896540515229 0 0 0 0 0 0 0 0 0 0 0 0 0 0 0 0 0 0 0 0 0 0 0 0 0 0 0 0 0 0 0 0 0 0 0 0 0 0 0 0 1 0 0 0 0 0 0 0 0 0 0 0 0 0 0 0 0 0 0 0 0 0 0 0 0 0 0 0 0 0 0 0 0 0 0 0 0 0]
[4664503938311729896263912866229688854678304686845208179789410763905205364777291164501057829453102417194333730916381866772529605370605031889312670472952141459826054009781129091452450111984838366337314884697965778637925501693039942370587372 0 0 0 0 0 0 0 0 0 0 0 0 0 0 0 0 0 0 0 0 0 0 0 0 0 0 0 0 0 0 0 0 0 0 0 0 0 0 0 0 0 1 0 0 0 0 0 0 0 0 0 0 0 0 0 0 0 0 0 0 0 0 0 0 0 0 0 0 0 0 0 0 0 0 0 0 0 0]
[917912056537586298716843675261329690783022883293843132617545736998688812934735371630283293122531210728747122433820105202588854363359212506076466521303686496373326685909171210814668008716540181859653712393389061975273597195402465612506197 0 0 0 0 0 0 0 0 0 0 0 0 0 0 0 0 0 0 0 0 0 0 0 0 0 0 0 0 0 0 0 0 0 0 0 0 0 0 0 0 0 0 1 0 0 0 0 0 0 0 0 0 0 0 0 0 0 0 0 0 0 0 0 0 0 0 0 0 0 0 0 0 0 0 0 0 0 0]
[2222363341118616270560789522382677283296771851602136141718975392894370662484212855814972372862538580211013613891650990661069433806266598635282983383828580742689446874233246559112071520221868859845331531255355768926234395095660717005751744 0 0 0 0 0 0 0 0 0 0 0 0 0 0 0 0 0 0 0 0 0 0 0 0 0 0 0 0 0 0 0 0 0 0 0 0 0 0 0 0 0 0 0 1 0 0 0 0 0 0 0 0 0 0 0 0 0 0 0 0 0 0 0 0 0 0 0 0 0 0 0 0 0 0 0 0 0 0]
[2665709185952325171353580374634819478607848197993994840927207884438614343287052272019494474202041362256704594885664429583405237608178829124719462363985334421110796172842026317463478090281939246484015737867493117379771774267480723458348767 0 0 0 0 0 0 0 0 0 0 0 0 0 0 0 0 0 0 0 0 0 0 0 0 0 0 0 0 0 0 0 0 0 0 0 0 0 0 0 0 0 0 0 0 1 0 0 0 0 0 0 0 0 0 0 0 0 0 0 0 0 0 0 0 0 0 0 0 0 0 0 0 0 0 0 0 0 0]
[3735230705355566690987221449830602146837773947098144828800249309451745790768839768273840647011700026251712373320915992732685141791951704993794577173044741213242869858775943294675260614483295503328668472945861601823098921454858339344192716 0 0 0 0 0 0 0 0 0 0 0 0 0 0 0 0 0 0 0 0 0 0 0 0 0 0 0 0 0 0 0 0 0 0 0 0 0 0 0 0 0 0 0 0 0 1 0 0 0 0 0 0 0 0 0 0 0 0 0 0 0 0 0 0 0 0 0 0 0 0 0 0 0 0 0 0 0 0]
[1094848778140869582129175568609736920236692844873331590245956888094009181697807526329609831565383104759778049580026970104123569046458994357212679971385464106149305146244578358092855213836203811527927108347524871901931953702272985598286596 0 0 0 0 0 0 0 0 0 0 0 0 0 0 0 0 0 0 0 0 0 0 0 0 0 0 0 0 0 0 0 0 0 0 0 0 0 0 0 0 0 0 0 0 0 0 1 0 0 0 0 0 0 0 0 0 0 0 0 0 0 0 0 0 0 0 0 0 0 0 0 0 0 0 0 0 0 0]
[5250183349961214184253541583777681261203090961806019933102341317673962191000483418716681030782378606403902004714865654250065704766003377718460399546019304610890575475660747087179556862521574953891512241475078094255288827284758115531848105 0 0 0 0 0 0 0 0 0 0 0 0 0 0 0 0 0 0 0 0 0 0 0 0 0 0 0 0 0 0 0 0 0 0 0 0 0 0 0 0 0 0 0 0 0 0 0 1 0 0 0 0 0 0 0 0 0 0 0 0 0 0 0 0 0 0 0 0 0 0 0 0 0 0 0 0 0 0]
[4148946651346858878976829566506430919114194939838829969041186738831378106029113729685907343206429016399970033379326075470427965383708391114391496545081654792381979918819247777458380015324168031361297057614678956654656766227679301279272636 0 0 0 0 0 0 0 0 0 0 0 0 0 0 0 0 0 0 0 0 0 0 0 0 0 0 0 0 0 0 0 0 0 0 0 0 0 0 0 0 0 0 0 0 0 0 0 0 1 0 0 0 0 0 0 0 0 0 0 0 0 0 0 0 0 0 0 0 0 0 0 0 0 0 0 0 0 0]
[4910711025347277671557244652201989164994349949472520638957228288269741332313840500489860442614890695124481871018278938015307666271154871629432077586573814512886126998865873734723841643740785484291162023873097835737270163441290657954061138 0 0 0 0 0 0 0 0 0 0 0 0 0 0 0 0 0 0 0 0 0 0 0 0 0 0 0 0 0 0 0 0 0 0 0 0 0 0 0 0 0 0 0 0 0 0 0 0 0 1 0 0 0 0 0 0 0 0 0 0 0 0 0 0 0 0 0 0 0 0 0 0 0 0 0 0 0 0]
[2612431022211623123294234325207883157694281048408350357548660133761783526984324075375408592191203456056600050157103663881538563075831858817665599200610141313567989753916390272858780867559384197127757066314764870689702519961395725861749641 0 0 0 0 0 0 0 0 0 0 0 0 0 0 0 0 0 0 0 0 0 0 0 0 0 0 0 0 0 0 0 0 0 0 0 0 0 0 0 0 0 0 0 0 0 0 0 0 0 0 1 0 0 0 0 0 0 0 0 0 0 0 0 0 0 0 0 0 0 0 0 0 0 0 0 0 0 0]
[5373460817050247806709718955904340780119205349738116135937607564979547675090754502179461261592037147723195869107327226821771204038229545008957334027151306023983354820201146339155851633960008789828026340731656004208616207517159535360731528 0 0 0 0 0 0 0 0 0 0 0 0 0 0 0 0 0 0 0 0 0 0 0 0 0 0 0 0 0 0 0 0 0 0 0 0 0 0 0 0 0 0 0 0 0 0 0 0 0 0 0 1 0 0 0 0 0 0 0 0 0 0 0 0 0 0 0 0 0 0 0 0 0 0 0 0 0 0]
[1326326382089405546352820850219028741592937585106619524161558452946387881746413950814317824185556398301362659207284981016585281944311231018414057678245638341539646562634945312477068758547814169167625154622103773269601504029526403127709442 0 0 0 0 0 0 0 0 0 0 0 0 0 0 0 0 0 0 0 0 0 0 0 0 0 0 0 0 0 0 0 0 0 0 0 0 0 0 0 0 0 0 0 0 0 0 0 0 0 0 0 0 1 0 0 0 0 0 0 0 0 0 0 0 0 0 0 0 0 0 0 0 0 0 0 0 0 0]
[4345266156887281680022529813230120384799505930358599758785650052141045038882664573633607666175917693714755496259082815184081864001305254930340910152241916898858301860491991011231848921630640735838894640729179835108152675407407904658405955 0 0 0 0 0 0 0 0 0 0 0 0 0 0 0 0 0 0 0 0 0 0 0 0 0 0 0 0 0 0 0 0 0 0 0 0 0 0 0 0 0 0 0 0 0 0 0 0 0 0 0 0 0 1 0 0 0 0 0 0 0 0 0 0 0 0 0 0 0 0 0 0 0 0 0 0 0 0]
[5190832766342469091026555451502939940850148126271268231008987266778394357400722787945791144392420489055879105162510180234898036918027758850938265806249238151842500844388923020906600720972884063877768541592001620848859113770471779497313903 0 0 0 0 0 0 0 0 0 0 0 0 0 0 0 0 0 0 0 0 0 0 0 0 0 0 0 0 0 0 0 0 0 0 0 0 0 0 0 0 0 0 0 0 0 0 0 0 0 0 0 0 0 0 1 0 0 0 0 0 0 0 0 0 0 0 0 0 0 0 0 0 0 0 0 0 0 0]
[4228441889782500515735511432105284692106970231518233337791224681980582546535501358557138389639214157450502704068385738026042391260213489529781761396619568828450988829741136621864165739119227325451425643011469867517567195748124315639877808 0 0 0 0 0 0 0 0 0 0 0 0 0 0 0 0 0 0 0 0 0 0 0 0 0 0 0 0 0 0 0 0 0 0 0 0 0 0 0 0 0 0 0 0 0 0 0 0 0 0 0 0 0 0 0 1 0 0 0 0 0 0 0 0 0 0 0 0 0 0 0 0 0 0 0 0 0 0]
[3668770191186719151138008103687472070522400524813334990354735097574391342639180545106104269556927985693466212038127876960608570247504254577222403597445055446776577209953975705713742799551581098161536447612272739604934301416044699740986612 0 0 0 0 0 0 0 0 0 0 0 0 0 0 0 0 0 0 0 0 0 0 0 0 0 0 0 0 0 0 0 0 0 0 0 0 0 0 0 0 0 0 0 0 0 0 0 0 0 0 0 0 0 0 0 0 1 0 0 0 0 0 0 0 0 0 0 0 0 0 0 0 0 0 0 0 0 0]
[1203826690229224974709999490630117654074809904890686625963388446498554858681584088692298960227239027980156966883634582857872291821264017237383745367723389587289183273976608216794877152360749220391138325387072933585621432474620679343962702 0 0 0 0 0 0 0 0 0 0 0 0 0 0 0 0 0 0 0 0 0 0 0 0 0 0 0 0 0 0 0 0 0 0 0 0 0 0 0 0 0 0 0 0 0 0 0 0 0 0 0 0 0 0 0 0 0 1 0 0 0 0 0 0 0 0 0 0 0 0 0 0 0 0 0 0 0 0]
[4088447579048878374765226437567261202208343681631164090502443922026630204884987328999392028704896081638239203090152859234498328680621540519581599579693583148102807502009502851939132915385881660065641151575018101185115834413455794165049995 0 0 0 0 0 0 0 0 0 0 0 0 0 0 0 0 0 0 0 0 0 0 0 0 0 0 0 0 0 0 0 0 0 0 0 0 0 0 0 0 0 0 0 0 0 0 0 0 0 0 0 0 0 0 0 0 0 0 1 0 0 0 0 0 0 0 0 0 0 0 0 0 0 0 0 0 0 0]
[778479393817011167234602558575101995140224281364902883209523392637254722006972890147023147706652479856246229506449018681908266911904229154911146168383531932541403762470587228713506023608318572340340541506035567106277196365548592334816716 0 0 0 0 0 0 0 0 0 0 0 0 0 0 0 0 0 0 0 0 0 0 0 0 0 0 0 0 0 0 0 0 0 0 0 0 0 0 0 0 0 0 0 0 0 0 0 0 0 0 0 0 0 0 0 0 0 0 0 1 0 0 0 0 0 0 0 0 0 0 0 0 0 0 0 0 0 0]
[4910411698435500610789838610402975727190084691596646829899811372307915694161684730364554565311832535705040762917383421265816658413193124640179450412927704155558861344155559431885627718322441148171214225305282025010466437251389040278785975 0 0 0 0 0 0 0 0 0 0 0 0 0 0 0 0 0 0 0 0 0 0 0 0 0 0 0 0 0 0 0 0 0 0 0 0 0 0 0 0 0 0 0 0 0 0 0 0 0 0 0 0 0 0 0 0 0 0 0 0 1 0 0 0 0 0 0 0 0 0 0 0 0 0 0 0 0 0]
[2559816876957774465711472402324823155305812943567626451615084181550786431857203278461916956967161895287067452160600584189527907762474378153057679613268790553874467802022808403748073518291716099181025260195003800264942153393643479284901355 0 0 0 0 0 0 0 0 0 0 0 0 0 0 0 0 0 0 0 0 0 0 0 0 0 0 0 0 0 0 0 0 0 0 0 0 0 0 0 0 0 0 0 0 0 0 0 0 0 0 0 0 0 0 0 0 0 0 0 0 0 1 0 0 0 0 0 0 0 0 0 0 0 0 0 0 0 0]
[1875838765669042074680492213868387431193791886411119461807002540801051389317529583556708020942823076465485357481594151534577432630407782565855519595055645352628878901520972040076029758644356783606011020861726261614080767905011468045326921 0 0 0 0 0 0 0 0 0 0 0 0 0 0 0 0 0 0 0 0 0 0 0 0 0 0 0 0 0 0 0 0 0 0 0 0 0 0 0 0 0 0 0 0 0 0 0 0 0 0 0 0 0 0 0 0 0 0 0 0 0 0 1 0 0 0 0 0 0 0 0 0 0 0 0 0 0 0]
[3664377897326135661314041496078779426800067516545278739108314577475355416297810869199288758333428065797368344608031014075568880694206273647284754567111190498309861789960818181281331514181610293169158777407141797849480374006267163778558440 0 0 0 0 0 0 0 0 0 0 0 0 0 0 0 0 0 0 0 0 0 0 0 0 0 0 0 0 0 0 0 0 0 0 0 0 0 0 0 0 0 0 0 0 0 0 0 0 0 0 0 0 0 0 0 0 0 0 0 0 0 0 0 1 0 0 0 0 0 0 0 0 0 0 0 0 0 0]
[1917418367861718796979643637439453171191044732247129787355810255401989474988663258833428068082867014653687206832112749722171282302959708096640456160929352334395465822753042024103538621035258184467654037050324706547060256637291882778755461 0 0 0 0 0 0 0 0 0 0 0 0 0 0 0 0 0 0 0 0 0 0 0 0 0 0 0 0 0 0 0 0 0 0 0 0 0 0 0 0 0 0 0 0 0 0 0 0 0 0 0 0 0 0 0 0 0 0 0 0 0 0 0 0 1 0 0 0 0 0 0 0 0 0 0 0 0 0]
[5083568976024923144472981374127164758346909031466203396079740528943090486842564846147621260661231994948043717710498102753907683525667551414125592513575789296168846770213186479741034872860320136096382543168445825223267222564271282977201441 0 0 0 0 0 0 0 0 0 0 0 0 0 0 0 0 0 0 0 0 0 0 0 0 0 0 0 0 0 0 0 0 0 0 0 0 0 0 0 0 0 0 0 0 0 0 0 0 0 0 0 0 0 0 0 0 0 0 0 0 0 0 0 0 0 1 0 0 0 0 0 0 0 0 0 0 0 0]
[884543027786272060574453431610151640197383906638095790257290073167739699874192284258157485281079821015945385163319597227247212803397295434976304330687573567016723166327729406475999297537030972776257213546251784448340482773013270955624857 0 0 0 0 0 0 0 0 0 0 0 0 0 0 0 0 0 0 0 0 0 0 0 0 0 0 0 0 0 0 0 0 0 0 0 0 0 0 0 0 0 0 0 0 0 0 0 0 0 0 0 0 0 0 0 0 0 0 0 0 0 0 0 0 0 0 1 0 0 0 0 0 0 0 0 0 0 0]
[4010617296925962768899587220721424645893355106585433182952667121470150884376391128442049131159840087495415062626017999069860159954999111436758775656423432200250044612241748998044728205438429727980962694162998676502138996521197049446445070 0 0 0 0 0 0 0 0 0 0 0 0 0 0 0 0 0 0 0 0 0 0 0 0 0 0 0 0 0 0 0 0 0 0 0 0 0 0 0 0 0 0 0 0 0 0 0 0 0 0 0 0 0 0 0 0 0 0 0 0 0 0 0 0 0 0 0 1 0 0 0 0 0 0 0 0 0 0]
[3959096598229359288632329475556710474170276293375232075337961395292398803436130984307612879529719636971300799288278261025860476756338395738324657986179296346919140063258809431253051021340829034094247779567948268539348250476522406031814671 0 0 0 0 0 0 0 0 0 0 0 0 0 0 0 0 0 0 0 0 0 0 0 0 0 0 0 0 0 0 0 0 0 0 0 0 0 0 0 0 0 0 0 0 0 0 0 0 0 0 0 0 0 0 0 0 0 0 0 0 0 0 0 0 0 0 0 0 1 0 0 0 0 0 0 0 0 0]
[5669505385203910326906589753819699947383463316745747776420069244436438672113873930918362247234746278341717454926314003802122487734291437199382535674292416072899090482573065910496713239271017784969533119236086022955736813217293261613891030 0 0 0 0 0 0 0 0 0 0 0 0 0 0 0 0 0 0 0 0 0 0 0 0 0 0 0 0 0 0 0 0 0 0 0 0 0 0 0 0 0 0 0 0 0 0 0 0 0 0 0 0 0 0 0 0 0 0 0 0 0 0 0 0 0 0 0 0 0 1 0 0 0 0 0 0 0 0]
[4133885861704558980338352158995772618343980749253042932520542088706687312286269205546258909345870350593249078823637491767383529086529808566051167002960304553302921736300689248683829294839415684299660025088467340923280705107597733535300048 0 0 0 0 0 0 0 0 0 0 0 0 0 0 0 0 0 0 0 0 0 0 0 0 0 0 0 0 0 0 0 0 0 0 0 0 0 0 0 0 0 0 0 0 0 0 0 0 0 0 0 0 0 0 0 0 0 0 0 0 0 0 0 0 0 0 0 0 0 0 1 0 0 0 0 0 0 0]
[95401784140222655635144084686895295685202992486921784511610428456719505113898798051237801192776675621330574740573106982542393958041565765285107653527022702481488560322921825806952383151436728768209955146965549935204584460722716360021625 0 0 0 0 0 0 0 0 0 0 0 0 0 0 0 0 0 0 0 0 0 0 0 0 0 0 0 0 0 0 0 0 0 0 0 0 0 0 0 0 0 0 0 0 0 0 0 0 0 0 0 0 0 0 0 0 0 0 0 0 0 0 0 0 0 0 0 0 0 0 0 1 0 0 0 0 0 0]
[1619910856752455305750268459026582352569047023935499075459712854911607031576330535188960398544542153585951570738669524955596164790504834274142679868383856298973319961923842382300358095438507103169653832068326167937796534730126943608480330 0 0 0 0 0 0 0 0 0 0 0 0 0 0 0 0 0 0 0 0 0 0 0 0 0 0 0 0 0 0 0 0 0 0 0 0 0 0 0 0 0 0 0 0 0 0 0 0 0 0 0 0 0 0 0 0 0 0 0 0 0 0 0 0 0 0 0 0 0 0 0 0 1 0 0 0 0 0]
[1968940699171951515080227348588898338446206375303012216878166472992231705608246161359014585959585227011146537795562041678035493404282967678933692606368144261655673293684019799612704774103897777947854968559460472858492225317486188968877359 0 0 0 0 0 0 0 0 0 0 0 0 0 0 0 0 0 0 0 0 0 0 0 0 0 0 0 0 0 0 0 0 0 0 0 0 0 0 0 0 0 0 0 0 0 0 0 0 0 0 0 0 0 0 0 0 0 0 0 0 0 0 0 0 0 0 0 0 0 0 0 0 0 1 0 0 0 0]
[3278776643200324584658178611887105163358025607169355058474357620603540014354031235865803506073875534457953781594519349676064457312890627951742263542499209506689495911458993022418330595163068333653808506698477853947072678307440033239902747 0 0 0 0 0 0 0 0 0 0 0 0 0 0 0 0 0 0 0 0 0 0 0 0 0 0 0 0 0 0 0 0 0 0 0 0 0 0 0 0 0 0 0 0 0 0 0 0 0 0 0 0 0 0 0 0 0 0 0 0 0 0 0 0 0 0 0 0 0 0 0 0 0 0 1 0 0 0]
[4970236065380064032868176042967821670041952280178115826598258219602608657366261366042291890334224477559490055499115275482276740558197408298628072333730857328187536448911403110208837728195175320846785178899757047503063249758195145824014237 0 0 0 0 0 0 0 0 0 0 0 0 0 0 0 0 0 0 0 0 0 0 0 0 0 0 0 0 0 0 0 0 0 0 0 0 0 0 0 0 0 0 0 0 0 0 0 0 0 0 0 0 0 0 0 0 0 0 0 0 0 0 0 0 0 0 0 0 0 0 0 0 0 0 0 1 0 0]
[4765400661157800427940181325050732201794810874880925165851914446493474846543578054911347556228570107348800363517040236624705219566293283342773763046575635069225603429020535218767818486595997176237602239833814362334880465961606541111429949 0 0 0 0 0 0 0 0 0 0 0 0 0 0 0 0 0 0 0 0 0 0 0 0 0 0 0 0 0 0 0 0 0 0 0 0 0 0 0 0 0 0 0 0 0 0 0 0 0 0 0 0 0 0 0 0 0 0 0 0 0 0 0 0 0 0 0 0 0 0 0 0 0 0 0 0 1 0]
[3286143709093670419382034635114015898608410832929367405125183944072331686791626028069851696035502800928464345419949183506973888142438135315984169889424910402073471401583569672318239882628647831793560873102604622602554943857410894889602129 0 0 0 0 0 0 0 0 0 0 0 0 0 0 0 0 0 0 0 0 0 0 0 0 0 0 0 0 0 0 0 0 0 0 0 0 0 0 0 0 0 0 0 0 0 0 0 0 0 0 0 0 0 0 0 0 0 0 0 0 0 0 0 0 0 0 0 0 0 0 0 0 0 0 0 0 0 1]
]
