[[12659871934362983348468149474041616776578859351924074496737923520003218609025579988885051289321947067253717040448446069622597007653343415577648997381656942193450297245501342901106575290063210577158785708418659410406137460964505784181035441089068638088014709799655465556524749436816678067836012438462540576705475582435741895044772980732465898100082631 0 0 0 0 0 0 0 0 0 0 0 0 0 0 0 0 0 0 0 0 0 0 0 0 0 0 0 0 0 0 0 0 0 0 0 0 0 0 0 0 0 0 0 0 0 0 0 0 0 0 0 0 0 0 0 0 0 0 0 0 0 0 0 0 0 0 0 0 0 0 0 0 0 0 0 0 0 0 0 0 0 0 0 0 0 0 0 0 0 0 0 0 0 0 0 0 0 0 0 0 0 0 0 0 0 0 0 0 0 0 0 0 0 0 0]
[11495693199678279884045216069168360133553888510776194010436380680007221474540777177205120806847503852792670176471049660839371547382095640209249248100114846238625092033019550606084248940625511225937463151980343212842275785921182914888347539191445409087155108240546996131335423244976207499920112320675408804244198920103550141241164247489787485501020436 1 0 0 0 0 0 0 0 0 0 0 0 0 0 0 0 0 0 0 0 0 0 0 0 0 0 0 0 0 0 0 0 0 0 0 0 0 0 0 0 0 0 0 0 0 0 0 0 0 0 0 0 0 0 0 0 0 0 0 0 0 0 0 0 0 0 0 0 0 0 0 0 0 0 0 0 0 0 0 0 0 0 0 0 0 0 0 0 0 0 0 0 0 0 0 0 0 0 0 0 0 0 0 0 0 0 0 0 0 0 0 0 0 0 0]
[4788349283936746636625199935121317364329182534163095738997432271075305612425215158146485950232562232636916604935235184926530835000509732580022871702429749788227960647647719594778258791455461117465063662549272284476386592553777815278960334306923467384899016400484760309565014775818008446972939607757669911763923312966650070130218244132039464540053324 0 1 0 0 0 0 0 0 0 0 0 0 0 0 0 0 0 0 0 0 0 0 0 0 0 0 0 0 0 0 0 0 0 0 0 0 0 0 0 0 0 0 0 0 0 0 0 0 0 0 0 0 0 0 0 0 0 0 0 0 0 0 0 0 0 0 0 0 0 0 0 0 0 0 0 0 0 0 0 0 0 0 0 0 0 0 0 0 0 0 0 0 0 0 0 0 0 0 0 0 0 0 0 0 0 0 0 0 0 0 0 0 0 0 0]
[6053756336689752236384719767178519026144687564381760401211509734404170788584792448508902633515821339640372955574991740094366490222650089392370766932095364774119317773664216314980631577588927504689389229572496600080777040296940922694483480081623562321947303161642238816504072027830642174692044164156487780611155273991555361457811157230663557054795700 0 0 1 0 0 0 0 0 0 0 0 0 0 0 0 0 0 0 0 0 0 0 0 0 0 0 0 0 0 0 0 0 0 0 0 0 0 0 0 0 0 0 0 0 0 0 0 0 0 0 0 0 0 0 0 0 0 0 0 0 0 0 0 0 0 0 0 0 0 0 0 0 0 0 0 0 0 0 0 0 0 0 0 0 0 0 0 0 0 0 0 0 0 0 0 0 0 0 0 0 0 0 0 0 0 0 0 0 0 0 0 0 0 0 0]
[1679887515894232657783080981788125920677810861275137688049446229952822121033784655272263020673440387076894373219252594183696121071369723090240340304763120175430406729968878840560761957149572168373226714286737007164245149143066575518943500528282164051249582736436654405956562070056151362599321317930868030701714202781368449943173056068032557604435099 0 0 0 1 0 0 0 0 0 0 0 0 0 0 0 0 0 0 0 0 0 0 0 0 0 0 0 0 0 0 0 0 0 0 0 0 0 0 0 0 0 0 0 0 0 0 0 0 0 0 0 0 0 0 0 0 0 0 0 0 0 0 0 0 0 0 0 0 0 0 0 0 0 0 0 0 0 0 0 0 0 0 0 0 0 0 0 0 0 0 0 0 0 0 0 0 0 0 0 0 0 0 0 0 0 0 0 0 0 0 0 0 0 0 0]
[10495981191979006498120572307221750293334871497830745669204548259662899286282676143860767595994456847346273285519308875579548133433272320777421740900940781160285695656687469772672089644794921486887829714770270984164506677577529538399586203397511997148066633486251165317604454825490786102898335579590561848208063796711342977801272478936701896641245036 0 0 0 0 1 0 0 0 0 0 0 0 0 0 0 0 0 0 0 0 0 0 0 0 0 0 0 0 0 0 0 0 0 0 0 0 0 0 0 0 0 0 0 0 0 0 0 0 0 0 0 0 0 0 0 0 0 0 0 0 0 0 0 0 0 0 0 0 0 0 0 0 0 0 0 0 0 0 0 0 0 0 0 0 0 0 0 0 0 0 0 0 0 0 0 0 0 0 0 0 0 0 0 0 0 0 0 0 0 0 0 0 0 0 0]
[4280865816102480436773923470733139511641953765191999062003141666918631521134790490408424509655187909114168336100154822915288048091691726179056629611301203174664935439681988080965747787617514119718083065134118062919159972665006603374149376224196100482947216348208169727947697042602420655482958659231452609235654536232120121810607018876987107434411862 0 0 0 0 0 1 0 0 0 0 0 0 0 0 0 0 0 0 0 0 0 0 0 0 0 0 0 0 0 0 0 0 0 0 0 0 0 0 0 0 0 0 0 0 0 0 0 0 0 0 0 0 0 0 0 0 0 0 0 0 0 0 0 0 0 0 0 0 0 0 0 0 0 0 0 0 0 0 0 0 0 0 0 0 0 0 0 0 0 0 0 0 0 0 0 0 0 0 0 0 0 0 0 0 0 0 0 0 0 0 0 0 0 0 0]
[3207891806791793485545973881375150075325589969007034296054984358280210652219235713982588050726726781798546678665852700631773271160057046907571410932388814890074179597750924087012547426177081883799258698493715571678692063514284608065779092429701526244308560096462974342822717488728642273796289353623673132428025831535922025401550801712418497021356007 0 0 0 0 0 0 1 0 0 0 0 0 0 0 0 0 0 0 0 0 0 0 0 0 0 0 0 0 0 0 0 0 0 0 0 0 0 0 0 0 0 0 0 0 0 0 0 0 0 0 0 0 0 0 0 0 0 0 0 0 0 0 0 0 0 0 0 0 0 0 0 0 0 0 0 0 0 0 0 0 0 0 0 0 0 0 0 0 0 0 0 0 0 0 0 0 0 0 0 0 0 0 0 0 0 0 0 0 0 0 0 0 0 0 0]
[28155473546783234883372847837749117885014727143016215859460037302525365461912564669656380391626430386669764498338990428589651161513468975610571732478332162553619469550397930923201675944714734867869187116875652475929746030206658820836872747867044110456379253654046736832334540965841324020135716664056745086172656199349758688406872166622564107495117 0 0 0 0 0 0 0 1 0 0 0 0 0 0 0 0 0 0 0 0 0 0 0 0 0 0 0 0 0 0 0 0 0 0 0 0 0 0 0 0 0 0 0 0 0 0 0 0 0 0 0 0 0 0 0 0 0 0 0 0 0 0 0 0 0 0 0 0 0 0 0 0 0 0 0 0 0 0 0 0 0 0 0 0 0 0 0 0 0 0 0 0 0 0 0 0 0 0 0 0 0 0 0 0 0 0 0 0 0 0 0 0 0 0 0]
[2534691208767064608404794813665788998154835227399363116597406726849757123651627464522001301455434617435802506403048982811872174817905869173110099040195056384057786621160349346654266480263453527474429239686142739041346628527732660917174355257461951975223373953738707472136549071768901355249857540109537131392092416729909900656533247979237840081116627 0 0 0 0 0 0 0 0 1 0 0 0 0 0 0 0 0 0 0 0 0 0 0 0 0 0 0 0 0 0 0 0 0 0 0 0 0 0 0 0 0 0 0 0 0 0 0 0 0 0 0 0 0 0 0 0 0 0 0 0 0 0 0 0 0 0 0 0 0 0 0 0 0 0 0 0 0 0 0 0 0 0 0 0 0 0 0 0 0 0 0 0 0 0 0 0 0 0 0 0 0 0 0 0 0 0 0 0 0 0 0 0 0 0 0]
[2378647576930682883981598368023458184658254293835929831330682083031069134393128375557091172806545921078176284944959354444110106494077701782311831799147192256517591413784368484694382982521719938887510152832739384227347618721522612139779564000471209018166580963059742129602387847736058685722320693659759324550116365220086611510583403111895246096394003 0 0 0 0 0 0 0 0 0 1 0 0 0 0 0 0 0 0 0 0 0 0 0 0 0 0 0 0 0 0 0 0 0 0 0 0 0 0 0 0 0 0 0 0 0 0 0 0 0 0 0 0 0 0 0 0 0 0 0 0 0 0 0 0 0 0 0 0 0 0 0 0 0 0 0 0 0 0 0 0 0 0 0 0 0 0 0 0 0 0 0 0 0 0 0 0 0 0 0 0 0 0 0 0 0 0 0 0 0 0 0 0 0 0 0]
[7171948376274710216553050151604996363163364952852639839806436395405097623415602532625048334119384783433277198404310549118538378103545914585468540017044663111324916757805744978812584410211196425311789628548023555524921277051040180074894953586587373472200886440981124476076489269936272624596250742519303615167339959947034484260349096815945487134676019 0 0 0 0 0 0 0 0 0 0 1 0 0 0 0 0 0 0 0 0 0 0 0 0 0 0 0 0 0 0 0 0 0 0 0 0 0 0 0 0 0 0 0 0 0 0 0 0 0 0 0 0 0 0 0 0 0 0 0 0 0 0 0 0 0 0 0 0 0 0 0 0 0 0 0 0 0 0 0 0 0 0 0 0 0 0 0 0 0 0 0 0 0 0 0 0 0 0 0 0 0 0 0 0 0 0 0 0 0 0 0 0 0 0 0]
[11116024040866508388297465031567063345448747828047301596868787005134393210996931602382435764396011602098547123371000979934567826552594340320727979994231092973426663938593770975413639963966099817643378624975577073852932836526401631823486928715406806320738373861635370862296478489522298240038330240853210436257718547256033113633420026787558652749081013 0 0 0 0 0 0 0 0 0 0 0 1 0 0 0 0 0 0 0 0 0 0 0 0 0 0 0 0 0 0 0 0 0 0 0 0 0 0 0 0 0 0 0 0 0 0 0 0 0 0 0 0 0 0 0 0 0 0 0 0 0 0 0 0 0 0 0 0 0 0 0 0 0 0 0 0 0 0 0 0 0 0 0 0 0 0 0 0 0 0 0 0 0 0 0 0 0 0 0 0 0 0 0 0 0 0 0 0 0 0 0 0 0 0 0]
[5185146279505289922111806257220920347976086961074143746197330431327271918566280438073745025264509314390461807760412675381134652287719820664183913235399183901237095825562926304742711311063082770034544106417489038140128301800208037885053619633887196594194087737440212298586161005323124053269338956817265948032857485106488628563016366927331339920341053 0 0 0 0 0 0 0 0 0 0 0 0 1 0 0 0 0 0 0 0 0 0 0 0 0 0 0 0 0 0 0 0 0 0 0 0 0 0 0 0 0 0 0 0 0 0 0 0 0 0 0 0 0 0 0 0 0 0 0 0 0 0 0 0 0 0 0 0 0 0 0 0 0 0 0 0 0 0 0 0 0 0 0 0 0 0 0 0 0 0 0 0 0 0 0 0 0 0 0 0 0 0 0 0 0 0 0 0 0 0 0 0 0 0 0]
[12107748149928050255812608372998020989888021398279415464238643510320152075278345607121973788898216565968290056959130119660392517124304939266468834320607493121310828796467122174045559578206529999866211384482107388607660860194221888065218209463549632216106374043425917204537696799109938934170755083313493501553063877577840306227305334338662636897322968 0 0 0 0 0 0 0 0 0 0 0 0 0 1 0 0 0 0 0 0 0 0 0 0 0 0 0 0 0 0 0 0 0 0 0 0 0 0 0 0 0 0 0 0 0 0 0 0 0 0 0 0 0 0 0 0 0 0 0 0 0 0 0 0 0 0 0 0 0 0 0 0 0 0 0 0 0 0 0 0 0 0 0 0 0 0 0 0 0 0 0 0 0 0 0 0 0 0 0 0 0 0 0 0 0 0 0 0 0 0 0 0 0 0 0]
[6059356290192226908208522017125566996648116278808910019245692119673408572182081861883503274039710878030690089782729745250801145948380797569582362308583319990862481223330211399696407821567494877146297000339683832075742876101450454068070790332341712640752070727986689520583529377349086280279905662324119199949657803726252331752549961275364967562876783 0 0 0 0 0 0 0 0 0 0 0 0 0 0 1 0 0 0 0 0 0 0 0 0 0 0 0 0 0 0 0 0 0 0 0 0 0 0 0 0 0 0 0 0 0 0 0 0 0 0 0 0 0 0 0 0 0 0 0 0 0 0 0 0 0 0 0 0 0 0 0 0 0 0 0 0 0 0 0 0 0 0 0 0 0 0 0 0 0 0 0 0 0 0 0 0 0 0 0 0 0 0 0 0 0 0 0 0 0 0 0 0 0 0 0]
[9773047960192825795215039661524599924172606972666595960864277868829326948491517003689303939877112950897306110268852207254358151754356117422140469713330237394946261464813163613486995955436492110115357193581108902719018218172982814135038754467626097563060962559153040974560351899187118577405527469239854646035820217057030410638602083409504425146134102 0 0 0 0 0 0 0 0 0 0 0 0 0 0 0 1 0 0 0 0 0 0 0 0 0 0 0 0 0 0 0 0 0 0 0 0 0 0 0 0 0 0 0 0 0 0 0 0 0 0 0 0 0 0 0 0 0 0 0 0 0 0 0 0 0 0 0 0 0 0 0 0 0 0 0 0 0 0 0 0 0 0 0 0 0 0 0 0 0 0 0 0 0 0 0 0 0 0 0 0 0 0 0 0 0 0 0 0 0 0 0 0 0 0 0]
[6749337612154545102027316098943665459786501401368301430845517810312329302679698564528197864663777459326226687797687681978231840545981767565546961097045030470268767440181398829758741336193304567060206255827432709753805594871989680827907856896087053606452780968221395961700648503853528814926083284071370107684500004888133390108877900783717116712025605 0 0 0 0 0 0 0 0 0 0 0 0 0 0 0 0 1 0 0 0 0 0 0 0 0 0 0 0 0 0 0 0 0 0 0 0 0 0 0 0 0 0 0 0 0 0 0 0 0 0 0 0 0 0 0 0 0 0 0 0 0 0 0 0 0 0 0 0 0 0 0 0 0 0 0 0 0 0 0 0 0 0 0 0 0 0 0 0 0 0 0 0 0 0 0 0 0 0 0 0 0 0 0 0 0 0 0 0 0 0 0 0 0 0 0]
[3763613383326180899146704146747397742812799863018236913641726167272854361808745042155350761211558158605610395900713107164353776985563736598183975460661983239792690417135155574337018798173334959212856650453421829974153737559377872230526829612228714196361767976014948340250825190203788652190316405669895297875707574948794153094679977035199812011398263 0 0 0 0 0 0 0 0 0 0 0 0 0 0 0 0 0 1 0 0 0 0 0 0 0 0 0 0 0 0 0 0 0 0 0 0 0 0 0 0 0 0 0 0 0 0 0 0 0 0 0 0 0 0 0 0 0 0 0 0 0 0 0 0 0 0 0 0 0 0 0 0 0 0 0 0 0 0 0 0 0 0 0 0 0 0 0 0 0 0 0 0 0 0 0 0 0 0 0 0 0 0 0 0 0 0 0 0 0 0 0 0 0 0 0]
[8865920408046340612205303705409454946005409877514425580353647486068428540287934614872570716509980173116479324758312878302942378296155759410208233825298199761981493341343665867310290811177206753010144365528617863239055782339237246117995955914884453979070425928001767064309770242949978754291156574489008605058628347872995973921633770628111972510052853 0 0 0 0 0 0 0 0 0 0 0 0 0 0 0 0 0 0 1 0 0 0 0 0 0 0 0 0 0 0 0 0 0 0 0 0 0 0 0 0 0 0 0 0 0 0 0 0 0 0 0 0 0 0 0 0 0 0 0 0 0 0 0 0 0 0 0 0 0 0 0 0 0 0 0 0 0 0 0 0 0 0 0 0 0 0 0 0 0 0 0 0 0 0 0 0 0 0 0 0 0 0 0 0 0 0 0 0 0 0 0 0 0 0 0]
[8881119531442474016819994328472794818070817516259205854846974598058750956498996806575833404967566751657009274807176265371915285733278230902630044859802282149265644142803460484203259965922062788522203069930762581147403885087671989508481226646824939581869126773081004923159050620039794266186993882995490407743304088340472046196592352053489867591280838 0 0 0 0 0 0 0 0 0 0 0 0 0 0 0 0 0 0 0 1 0 0 0 0 0 0 0 0 0 0 0 0 0 0 0 0 0 0 0 0 0 0 0 0 0 0 0 0 0 0 0 0 0 0 0 0 0 0 0 0 0 0 0 0 0 0 0 0 0 0 0 0 0 0 0 0 0 0 0 0 0 0 0 0 0 0 0 0 0 0 0 0 0 0 0 0 0 0 0 0 0 0 0 0 0 0 0 0 0 0 0 0 0 0 0]
[6748093538979886168217549474822223425022296699502357586750121991789832967308569128795035382318977613177949979087666822994639511311952892276652299369480238602696348921451590597787851812832716706953686002075935439860539266800261708282236602755288055174071232285571112753248421234770562513370367179689364978107598366166866141434684032835771278813014347 0 0 0 0 0 0 0 0 0 0 0 0 0 0 0 0 0 0 0 0 1 0 0 0 0 0 0 0 0 0 0 0 0 0 0 0 0 0 0 0 0 0 0 0 0 0 0 0 0 0 0 0 0 0 0 0 0 0 0 0 0 0 0 0 0 0 0 0 0 0 0 0 0 0 0 0 0 0 0 0 0 0 0 0 0 0 0 0 0 0 0 0 0 0 0 0 0 0 0 0 0 0 0 0 0 0 0 0 0 0 0 0 0 0 0]
[1715709677975051499795063304903564850209050266208575763963916088296366563872679036736317843196670065278000823758094887396617876983838812555373887947771007571889952733358696087789183534942897190225073329567228807279757786892739117049953515128209301268281040790676195962697106355422748890072480585262302091306340124328725491134269388076783226086347699 0 0 0 0 0 0 0 0 0 0 0 0 0 0 0 0 0 0 0 0 0 1 0 0 0 0 0 0 0 0 0 0 0 0 0 0 0 0 0 0 0 0 0 0 0 0 0 0 0 0 0 0 0 0 0 0 0 0 0 0 0 0 0 0 0 0 0 0 0 0 0 0 0 0 0 0 0 0 0 0 0 0 0 0 0 0 0 0 0 0 0 0 0 0 0 0 0 0 0 0 0 0 0 0 0 0 0 0 0 0 0 0 0 0 0]
[3910170127134574586190917918042641937245783830287421128667123763730866447654383007091048990096189005508359339099855602256072753053295469665203734369064957438521091036197610148317497591003935966420743236195200834556394070993825665888536302406443618497405453675158176051511624303390621203751360329279162933231832872588212585862182159781432857004919136 0 0 0 0 0 0 0 0 0 0 0 0 0 0 0 0 0 0 0 0 0 0 1 0 0 0 0 0 0 0 0 0 0 0 0 0 0 0 0 0 0 0 0 0 0 0 0 0 0 0 0 0 0 0 0 0 0 0 0 0 0 0 0 0 0 0 0 0 0 0 0 0 0 0 0 0 0 0 0 0 0 0 0 0 0 0 0 0 0 0 0 0 0 0 0 0 0 0 0 0 0 0 0 0 0 0 0 0 0 0 0 0 0 0 0]
[1460380666576628937213639239315677307120231433909730690446749003304573008509948681244787262345572561931902953975069960171971584673831932704041309515379971719380160922722631697359984316555148672577663410810070361347888422434835198810238842565844354502370500042737251867744874315117405046394688026488180541457926120402962229937919356056193259470350495 0 0 0 0 0 0 0 0 0 0 0 0 0 0 0 0 0 0 0 0 0 0 0 1 0 0 0 0 0 0 0 0 0 0 0 0 0 0 0 0 0 0 0 0 0 0 0 0 0 0 0 0 0 0 0 0 0 0 0 0 0 0 0 0 0 0 0 0 0 0 0 0 0 0 0 0 0 0 0 0 0 0 0 0 0 0 0 0 0 0 0 0 0 0 0 0 0 0 0 0 0 0 0 0 0 0 0 0 0 0 0 0 0 0 0]
[1048212739219522322277457763699793009629545712618437684548028988030757237583634098487142217511797176240999927925103919270588717945537372919943661257370636556843275028753596533494555419913877979357235709726618839179676955993745057985942490313134914792927328699751242684416244538974757383884601629361502191906017488271537139664827927216620374395483227 0 0 0 0 0 0 0 0 0 0 0 0 0 0 0 0 0 0 0 0 0 0 0 0 1 0 0 0 0 0 0 0 0 0 0 0 0 0 0 0 0 0 0 0 0 0 0 0 0 0 0 0 0 0 0 0 0 0 0 0 0 0 0 0 0 0 0 0 0 0 0 0 0 0 0 0 0 0 0 0 0 0 0 0 0 0 0 0 0 0 0 0 0 0 0 0 0 0 0 0 0 0 0 0 0 0 0 0 0 0 0 0 0 0 0]
[9135320675455965391242901721298523637142104748343291423671770524992372385937014498705848097240613004857539696978049377795464377169943006867532731517360623203615417139776916581875907375244660641552712592208591224610953745562707031402765498914364924472134038184539072595682656638253984224856432781843625203646397333751154364602668348911006095841948867 0 0 0 0 0 0 0 0 0 0 0 0 0 0 0 0 0 0 0 0 0 0 0 0 0 1 0 0 0 0 0 0 0 0 0 0 0 0 0 0 0 0 0 0 0 0 0 0 0 0 0 0 0 0 0 0 0 0 0 0 0 0 0 0 0 0 0 0 0 0 0 0 0 0 0 0 0 0 0 0 0 0 0 0 0 0 0 0 0 0 0 0 0 0 0 0 0 0 0 0 0 0 0 0 0 0 0 0 0 0 0 0 0 0 0]
[9211890689869076188359503564665885443254491829429879676100179114231247838573161057324278785634492516186593538367494592378001227346978794431348419586571003471586639061674302314035851315426551438762256872782567547483855100344002239515304568399936690079124551778465295200018578363448120197968510829530403140582891699188198367859884803229518216389569705 0 0 0 0 0 0 0 0 0 0 0 0 0 0 0 0 0 0 0 0 0 0 0 0 0 0 1 0 0 0 0 0 0 0 0 0 0 0 0 0 0 0 0 0 0 0 0 0 0 0 0 0 0 0 0 0 0 0 0 0 0 0 0 0 0 0 0 0 0 0 0 0 0 0 0 0 0 0 0 0 0 0 0 0 0 0 0 0 0 0 0 0 0 0 0 0 0 0 0 0 0 0 0 0 0 0 0 0 0 0 0 0 0 0 0]
[7106870169672938392786761684285343626643484080962830060379841390050630628063244221595307878559086837846003745893944901671962549238456091524560873362527122157842967974826723676768324370771281322654483526859100738596806325004091894436093196028898724434442493914040948299737785124369186009084566459993144733573228240430403011151610179901287814588109243 0 0 0 0 0 0 0 0 0 0 0 0 0 0 0 0 0 0 0 0 0 0 0 0 0 0 0 1 0 0 0 0 0 0 0 0 0 0 0 0 0 0 0 0 0 0 0 0 0 0 0 0 0 0 0 0 0 0 0 0 0 0 0 0 0 0 0 0 0 0 0 0 0 0 0 0 0 0 0 0 0 0 0 0 0 0 0 0 0 0 0 0 0 0 0 0 0 0 0 0 0 0 0 0 0 0 0 0 0 0 0 0 0 0 0]
[11557782375940878714055984311045344052337054798423004014649451960568032662993907806621374149407744175044845593121573229472823633539025560153503992967971488034580519857826156521811279472148088400611759387901951589660224788783297088105349345555744886868020938741147781684443434747490732320840879461760191110931158468129568346859906414862357912114964882 0 0 0 0 0 0 0 0 0 0 0 0 0 0 0 0 0 0 0 0 0 0 0 0 0 0 0 0 1 0 0 0 0 0 0 0 0 0 0 0 0 0 0 0 0 0 0 0 0 0 0 0 0 0 0 0 0 0 0 0 0 0 0 0 0 0 0 0 0 0 0 0 0 0 0 0 0 0 0 0 0 0 0 0 0 0 0 0 0 0 0 0 0 0 0 0 0 0 0 0 0 0 0 0 0 0 0 0 0 0 0 0 0 0 0]
[4696313152631431552513740406999745166070203977343958275805029476444344145122347990233115399125723891575938400575078176528668563897904362844822577557993764236376124819097122209538364265830746378815061167028959022618943250143839402921471167639673622484353670194765093204908494659033724890804842878356707154592833196431423875915638456566704023705008383 0 0 0 0 0 0 0 0 0 0 0 0 0 0 0 0 0 0 0 0 0 0 0 0 0 0 0 0 0 1 0 0 0 0 0 0 0 0 0 0 0 0 0 0 0 0 0 0 0 0 0 0 0 0 0 0 0 0 0 0 0 0 0 0 0 0 0 0 0 0 0 0 0 0 0 0 0 0 0 0 0 0 0 0 0 0 0 0 0 0 0 0 0 0 0 0 0 0 0 0 0 0 0 0 0 0 0 0 0 0 0 0 0 0 0]
[86324704680137484600993814010061893386063018067612112797717049532422312390673714965708855012944104165059545249180374934387019897993494229510636215840636403430214712451554855222321404244348042913128429982305791074950075935619386184793010890881737425972009924949611675397409493446943316463845197990949522163017835330869112181588088550774909638893185 0 0 0 0 0 0 0 0 0 0 0 0 0 0 0 0 0 0 0 0 0 0 0 0 0 0 0 0 0 0 1 0 0 0 0 0 0 0 0 0 0 0 0 0 0 0 0 0 0 0 0 0 0 0 0 0 0 0 0 0 0 0 0 0 0 0 0 0 0 0 0 0 0 0 0 0 0 0 0 0 0 0 0 0 0 0 0 0 0 0 0 0 0 0 0 0 0 0 0 0 0 0 0 0 0 0 0 0 0 0 0 0 0 0 0]
[1303307386466169208557543791928318621904809496303195708610302172789249965901836997629191747870243870249333114207486451994109610360569085043096699921696892894944951533565503664904101136186469400769161442779705575138429872951529986076277391731026760606955201978660890429363325866158565431580059789132937224246321112380640079570119445114681106433954728 0 0 0 0 0 0 0 0 0 0 0 0 0 0 0 0 0 0 0 0 0 0 0 0 0 0 0 0 0 0 0 1 0 0 0 0 0 0 0 0 0 0 0 0 0 0 0 0 0 0 0 0 0 0 0 0 0 0 0 0 0 0 0 0 0 0 0 0 0 0 0 0 0 0 0 0 0 0 0 0 0 0 0 0 0 0 0 0 0 0 0 0 0 0 0 0 0 0 0 0 0 0 0 0 0 0 0 0 0 0 0 0 0 0 0]
[5865090287009373148107994227834712070616739190400083177061996132396501498424066312498505749941433562018507735497154456642520932647598029442983414527472272747487605443032351045381688140556799682265484123243292352028331802321161741413769587384337199986691593513865472905175231074938338791928934423135189353224675428444555253304488279406083433831377651 0 0 0 0 0 0 0 0 0 0 0 0 0 0 0 0 0 0 0 0 0 0 0 0 0 0 0 0 0 0 0 0 1 0 0 0 0 0 0 0 0 0 0 0 0 0 0 0 0 0 0 0 0 0 0 0 0 0 0 0 0 0 0 0 0 0 0 0 0 0 0 0 0 0 0 0 0 0 0 0 0 0 0 0 0 0 0 0 0 0 0 0 0 0 0 0 0 0 0 0 0 0 0 0 0 0 0 0 0 0 0 0 0 0 0]
[7876658420925182035778327713120355914602361969603139279251297761512065820421852153988275576218912223250063533629253825134369132041493813403486623626875265546336647493845424446575417154798016570198901502802668617892626120035381921040746774977423545431064899704873501707840927068380914605824517590354967996728843252298715429577705806832393983957047517 0 0 0 0 0 0 0 0 0 0 0 0 0 0 0 0 0 0 0 0 0 0 0 0 0 0 0 0 0 0 0 0 0 1 0 0 0 0 0 0 0 0 0 0 0 0 0 0 0 0 0 0 0 0 0 0 0 0 0 0 0 0 0 0 0 0 0 0 0 0 0 0 0 0 0 0 0 0 0 0 0 0 0 0 0 0 0 0 0 0 0 0 0 0 0 0 0 0 0 0 0 0 0 0 0 0 0 0 0 0 0 0 0 0 0]
[5080125560787144534580931043151352041910383822542645608966923819102094707880486987812263846589787870954968754693989856017989603979738010132122847387241080436268280920946758353875193814916433763526023390714282054279951135743147912502169457058694358728120892385419339753459317111618382464548238619538813252653515678597234636710326951595127793552103316 0 0 0 0 0 0 0 0 0 0 0 0 0 0 0 0 0 0 0 0 0 0 0 0 0 0 0 0 0 0 0 0 0 0 1 0 0 0 0 0 0 0 0 0 0 0 0 0 0 0 0 0 0 0 0 0 0 0 0 0 0 0 0 0 0 0 0 0 0 0 0 0 0 0 0 0 0 0 0 0 0 0 0 0 0 0 0 0 0 0 0 0 0 0 0 0 0 0 0 0 0 0 0 0 0 0 0 0 0 0 0 0 0 0 0]
[814437619493987187479916186126833759960282319743001466001289702224528779858277268546659722832931112891081723821320563914046226327322565878619430334978520273226630778816166034311992814280701207207779734388725431107411356624402523370833259168653398802960270156591602671697390421320923279288007416344495611026101036840558597712429272141999903109089830 0 0 0 0 0 0 0 0 0 0 0 0 0 0 0 0 0 0 0 0 0 0 0 0 0 0 0 0 0 0 0 0 0 0 0 1 0 0 0 0 0 0 0 0 0 0 0 0 0 0 0 0 0 0 0 0 0 0 0 0 0 0 0 0 0 0 0 0 0 0 0 0 0 0 0 0 0 0 0 0 0 0 0 0 0 0 0 0 0 0 0 0 0 0 0 0 0 0 0 0 0 0 0 0 0 0 0 0 0 0 0 0 0 0 0]
[1707680156174768165857186757031398699757057576544882917992818247291042996609552528688528420228052752291976401908028500525630567800605803702137261687248020357870072769097391247542591479391454339175234397783956450018274679832764326646316606925231042286031413136892511902527380963027540718889105890878848598394388156083822779801477604581681604757897932 0 0 0 0 0 0 0 0 0 0 0 0 0 0 0 0 0 0 0 0 0 0 0 0 0 0 0 0 0 0 0 0 0 0 0 0 1 0 0 0 0 0 0 0 0 0 0 0 0 0 0 0 0 0 0 0 0 0 0 0 0 0 0 0 0 0 0 0 0 0 0 0 0 0 0 0 0 0 0 0 0 0 0 0 0 0 0 0 0 0 0 0 0 0 0 0 0 0 0 0 0 0 0 0 0 0 0 0 0 0 0 0 0 0 0]
[4539124508346706567672105910568216102569303275537918837313391014336888319362698687463790696391860136245071176057786653417106205003271213653567988181739959331921955334232195795616782435860522223004210904788302830943068725865352717118546282339013644493581519355627954832457916832877620088948956015126218408308837737324005834545167308154080738430108631 0 0 0 0 0 0 0 0 0 0 0 0 0 0 0 0 0 0 0 0 0 0 0 0 0 0 0 0 0 0 0 0 0 0 0 0 0 1 0 0 0 0 0 0 0 0 0 0 0 0 0 0 0 0 0 0 0 0 0 0 0 0 0 0 0 0 0 0 0 0 0 0 0 0 0 0 0 0 0 0 0 0 0 0 0 0 0 0 0 0 0 0 0 0 0 0 0 0 0 0 0 0 0 0 0 0 0 0 0 0 0 0 0 0 0]
[11505142851185713294806677685194797523893329916148270558155626661940722467463208801039151977207089758649719141122123837964537862846496919450889550399653793574128683959030611177428871151106733335139331717535971387926551243285495444018202378117099913643357609447026809014498890475026736985222196971088299551740767811403373718023436979900917374802507571 0 0 0 0 0 0 0 0 0 0 0 0 0 0 0 0 0 0 0 0 0 0 0 0 0 0 0 0 0 0 0 0 0 0 0 0 0 0 1 0 0 0 0 0 0 0 0 0 0 0 0 0 0 0 0 0 0 0 0 0 0 0 0 0 0 0 0 0 0 0 0 0 0 0 0 0 0 0 0 0 0 0 0 0 0 0 0 0 0 0 0 0 0 0 0 0 0 0 0 0 0 0 0 0 0 0 0 0 0 0 0 0 0 0 0]
[10286802063583240583321140410410695233437886000435320137305380916905842894783112952063139460368078421972554705971580511215864493807308042689210032549226371159425286457212680292253501618501374395903631941552670269655723656688424358906517989418600607313297027385722321721481399594026783978978921067731838899618506286638599660452386977123680009140167612 0 0 0 0 0 0 0 0 0 0 0 0 0 0 0 0 0 0 0 0 0 0 0 0 0 0 0 0 0 0 0 0 0 0 0 0 0 0 0 1 0 0 0 0 0 0 0 0 0 0 0 0 0 0 0 0 0 0 0 0 0 0 0 0 0 0 0 0 0 0 0 0 0 0 0 0 0 0 0 0 0 0 0 0 0 0 0 0 0 0 0 0 0 0 0 0 0 0 0 0 0 0 0 0 0 0 0 0 0 0 0 0 0 0 0]
[3136884129918547406530252259115050800087457467780626512460968487988046844679411361078743401288909455029186906106688551120728170006274560425788897716844783664025619570643632996844058596346064218819268361171747090378002583978928748048388440903355493225745935995122971516785503862863981001189146024852101931611216694343622747769123672585960136185863949 0 0 0 0 0 0 0 0 0 0 0 0 0 0 0 0 0 0 0 0 0 0 0 0 0 0 0 0 0 0 0 0 0 0 0 0 0 0 0 0 1 0 0 0 0 0 0 0 0 0 0 0 0 0 0 0 0 0 0 0 0 0 0 0 0 0 0 0 0 0 0 0 0 0 0 0 0 0 0 0 0 0 0 0 0 0 0 0 0 0 0 0 0 0 0 0 0 0 0 0 0 0 0 0 0 0 0 0 0 0 0 0 0 0 0]
[11189522100891857291254745394179646322268852899061466814310963010278320026567272972914733954241661719447306637077291951952584596224142733682689783477949871643633016770495176726475565807135138776573606402692343575251662271751224863947579403778432918614548354831623368198396402661995572343599890254985889470893924279390181213397938646702761164587514651 0 0 0 0 0 0 0 0 0 0 0 0 0 0 0 0 0 0 0 0 0 0 0 0 0 0 0 0 0 0 0 0 0 0 0 0 0 0 0 0 0 1 0 0 0 0 0 0 0 0 0 0 0 0 0 0 0 0 0 0 0 0 0 0 0 0 0 0 0 0 0 0 0 0 0 0 0 0 0 0 0 0 0 0 0 0 0 0 0 0 0 0 0 0 0 0 0 0 0 0 0 0 0 0 0 0 0 0 0 0 0 0 0 0 0]
[8034908181162263049976210425631780375964130370066376660546717429396749496944997082395149240700196828147866869883304516738339132909192704249114941393415830774260869523356168191670483114636952029145586144272206247628112313892294727578324949801110465541801666947162332957193216403960168839575276180003541861184014474640613421171967440935703195825221365 0 0 0 0 0 0 0 0 0 0 0 0 0 0 0 0 0 0 0 0 0 0 0 0 0 0 0 0 0 0 0 0 0 0 0 0 0 0 0 0 0 0 1 0 0 0 0 0 0 0 0 0 0 0 0 0 0 0 0 0 0 0 0 0 0 0 0 0 0 0 0 0 0 0 0 0 0 0 0 0 0 0 0 0 0 0 0 0 0 0 0 0 0 0 0 0 0 0 0 0 0 0 0 0 0 0 0 0 0 0 0 0 0 0 0]
[1641993741667249569572138858138324239676239850305045970564916716921475010027236823411871303156205407811376874244332578868167204280443033392761651576535797933786304303911549976159230468653314636198323260809346863816154112200814817126608203907496579183936987316932278381448775323371426089142602489767990497341463434276302254185262379915470927916088865 0 0 0 0 0 0 0 0 0 0 0 0 0 0 0 0 0 0 0 0 0 0 0 0 0 0 0 0 0 0 0 0 0 0 0 0 0 0 0 0 0 0 0 1 0 0 0 0 0 0 0 0 0 0 0 0 0 0 0 0 0 0 0 0 0 0 0 0 0 0 0 0 0 0 0 0 0 0 0 0 0 0 0 0 0 0 0 0 0 0 0 0 0 0 0 0 0 0 0 0 0 0 0 0 0 0 0 0 0 0 0 0 0 0 0]
[932609020135099925471711932768098459114790650877475870764913303221637958516249987900249487199024376466825915756551786964428943233708501063860976438176804805214698243228470046179783920832979627468127552486558768601484702559838665433850836307405567583226143319958785663161789911476227116250160462157520245201490745537807658237730834453046297910679571 0 0 0 0 0 0 0 0 0 0 0 0 0 0 0 0 0 0 0 0 0 0 0 0 0 0 0 0 0 0 0 0 0 0 0 0 0 0 0 0 0 0 0 0 1 0 0 0 0 0 0 0 0 0 0 0 0 0 0 0 0 0 0 0 0 0 0 0 0 0 0 0 0 0 0 0 0 0 0 0 0 0 0 0 0 0 0 0 0 0 0 0 0 0 0 0 0 0 0 0 0 0 0 0 0 0 0 0 0 0 0 0 0 0 0]
[12083394102062602075562092363716628398686554884694242937784181590669803888382420912014435101919712010756582149961572984708954638495064966470779432802210526579826460190574125323555696604169505435594537439563353336542443656945265371043409460935843171697768149585238475233214525881364756236165288602389874966133324053518908878792525878440586064016790241 0 0 0 0 0 0 0 0 0 0 0 0 0 0 0 0 0 0 0 0 0 0 0 0 0 0 0 0 0 0 0 0 0 0 0 0 0 0 0 0 0 0 0 0 0 1 0 0 0 0 0 0 0 0 0 0 0 0 0 0 0 0 0 0 0 0 0 0 0 0 0 0 0 0 0 0 0 0 0 0 0 0 0 0 0 0 0 0 0 0 0 0 0 0 0 0 0 0 0 0 0 0 0 0 0 0 0 0 0 0 0 0 0 0 0]
[1198030177716955272711070067168586828489709335263063925131959651769056679425045651188951398267729263551862332758665921825880126511951551777239504806138491225406464312117115877960253244358728323338817678401780518032479264709117185224616568734666722033283263744538196411347033791530133103929227254837994405115540552373861235453003663065963655509785923 0 0 0 0 0 0 0 0 0 0 0 0 0 0 0 0 0 0 0 0 0 0 0 0 0 0 0 0 0 0 0 0 0 0 0 0 0 0 0 0 0 0 0 0 0 0 1 0 0 0 0 0 0 0 0 0 0 0 0 0 0 0 0 0 0 0 0 0 0 0 0 0 0 0 0 0 0 0 0 0 0 0 0 0 0 0 0 0 0 0 0 0 0 0 0 0 0 0 0 0 0 0 0 0 0 0 0 0 0 0 0 0 0 0 0]
[7091808012347516304507997628088391095156727558564168592601744032044404700815426732270079038599587417660160605724394311008447904501427328629623446726721263491772348454808797888264447108883537423139849540289120264437599160029666770588582269557610255488192557719476732966334408096758729443920036087494938186096704326833908719644784114380737437031548342 0 0 0 0 0 0 0 0 0 0 0 0 0 0 0 0 0 0 0 0 0 0 0 0 0 0 0 0 0 0 0 0 0 0 0 0 0 0 0 0 0 0 0 0 0 0 0 1 0 0 0 0 0 0 0 0 0 0 0 0 0 0 0 0 0 0 0 0 0 0 0 0 0 0 0 0 0 0 0 0 0 0 0 0 0 0 0 0 0 0 0 0 0 0 0 0 0 0 0 0 0 0 0 0 0 0 0 0 0 0 0 0 0 0 0]
[10943494289887413977497051784284942335585807908817920882696392454355513043724501379429697311896002572100725353388980822979579730822665190977069864571674895336215962083708881080787906360398920213149141751968185428843657601471854201930690721798050843642295802299604856052705593024184713366341909331743202245656613343608258705538591511282530362615515536 0 0 0 0 0 0 0 0 0 0 0 0 0 0 0 0 0 0 0 0 0 0 0 0 0 0 0 0 0 0 0 0 0 0 0 0 0 0 0 0 0 0 0 0 0 0 0 0 1 0 0 0 0 0 0 0 0 0 0 0 0 0 0 0 0 0 0 0 0 0 0 0 0 0 0 0 0 0 0 0 0 0 0 0 0 0 0 0 0 0 0 0 0 0 0 0 0 0 0 0 0 0 0 0 0 0 0 0 0 0 0 0 0 0 0]
[4742318458978918618264894789435437161172277293651124189568897565734914827206769260982862333773190251739918328455025548024488398303636787602377280428592373913749746546692695772084118303968391290824552965471368592707246863287913523257784784436186089246221136494305580944916170082356741689998443045855303751627957359555804169486250063286300492197203788 0 0 0 0 0 0 0 0 0 0 0 0 0 0 0 0 0 0 0 0 0 0 0 0 0 0 0 0 0 0 0 0 0 0 0 0 0 0 0 0 0 0 0 0 0 0 0 0 0 1 0 0 0 0 0 0 0 0 0 0 0 0 0 0 0 0 0 0 0 0 0 0 0 0 0 0 0 0 0 0 0 0 0 0 0 0 0 0 0 0 0 0 0 0 0 0 0 0 0 0 0 0 0 0 0 0 0 0 0 0 0 0 0 0 0]
[9370050911458213547604117765943973472202735081462592266597260982353589096610317437878977331533710153615957573057434449456711426202689266070018707495882248216826479594960585854669537511668693504220917839889824316239745501292843382112524506438706166502330434530391473255005164946488766088928739193295225356688440563167927691457278885706877372467498969 0 0 0 0 0 0 0 0 0 0 0 0 0 0 0 0 0 0 0 0 0 0 0 0 0 0 0 0 0 0 0 0 0 0 0 0 0 0 0 0 0 0 0 0 0 0 0 0 0 0 1 0 0 0 0 0 0 0 0 0 0 0 0 0 0 0 0 0 0 0 0 0 0 0 0 0 0 0 0 0 0 0 0 0 0 0 0 0 0 0 0 0 0 0 0 0 0 0 0 0 0 0 0 0 0 0 0 0 0 0 0 0 0 0 0]
[371071749754370948940398320715634676569444932812217034748576431714515161539844723542063731499391045521403609007251316042566300949777009695498779640644566450448715191586940592773916046995924863884176728310902401673503419680785985388764885278603963366877615698743440330977492920131977187786778391635295112781560679611275195391270297799926559024240831 0 0 0 0 0 0 0 0 0 0 0 0 0 0 0 0 0 0 0 0 0 0 0 0 0 0 0 0 0 0 0 0 0 0 0 0 0 0 0 0 0 0 0 0 0 0 0 0 0 0 0 1 0 0 0 0 0 0 0 0 0 0 0 0 0 0 0 0 0 0 0 0 0 0 0 0 0 0 0 0 0 0 0 0 0 0 0 0 0 0 0 0 0 0 0 0 0 0 0 0 0 0 0 0 0 0 0 0 0 0 0 0 0 0 0]
[11076734682799095152124031637409649961831536330799746419081989504466628345710725543588967125270138908519121797773156674591654961715157080270021166170432657422666054241053198343330731711159114726645731528798441546163885070957499056826543575162378733797946334574960247536593312510698286825649665613344183336037000596821709745194140936915137048244582302 0 0 0 0 0 0 0 0 0 0 0 0 0 0 0 0 0 0 0 0 0 0 0 0 0 0 0 0 0 0 0 0 0 0 0 0 0 0 0 0 0 0 0 0 0 0 0 0 0 0 0 0 1 0 0 0 0 0 0 0 0 0 0 0 0 0 0 0 0 0 0 0 0 0 0 0 0 0 0 0 0 0 0 0 0 0 0 0 0 0 0 0 0 0 0 0 0 0 0 0 0 0 0 0 0 0 0 0 0 0 0 0 0 0 0]
[8997360840662904545646449156331560589328390758943288143409266198912746745200557847533696700339418962646181767102450044216919949566584900829604473920008707250349344605601902153904210908111860869131170265629057204332214485221130975063674357388406150555060590182414465703748633592378310133250418098333637123992947306955848451452309491646189983979793929 0 0 0 0 0 0 0 0 0 0 0 0 0 0 0 0 0 0 0 0 0 0 0 0 0 0 0 0 0 0 0 0 0 0 0 0 0 0 0 0 0 0 0 0 0 0 0 0 0 0 0 0 0 1 0 0 0 0 0 0 0 0 0 0 0 0 0 0 0 0 0 0 0 0 0 0 0 0 0 0 0 0 0 0 0 0 0 0 0 0 0 0 0 0 0 0 0 0 0 0 0 0 0 0 0 0 0 0 0 0 0 0 0 0 0]
[4558501529616681956168942182476704228493381757857911415779346053550090621130758698356866424286065815112426132297943542221179403087234361652800978492293158639229773749916853474738345284985374441690871020336644099239393783428853434221348295765554708536819188874663380633184192427955541381921060923335912260335642155501906955853013651622470103023893985 0 0 0 0 0 0 0 0 0 0 0 0 0 0 0 0 0 0 0 0 0 0 0 0 0 0 0 0 0 0 0 0 0 0 0 0 0 0 0 0 0 0 0 0 0 0 0 0 0 0 0 0 0 0 1 0 0 0 0 0 0 0 0 0 0 0 0 0 0 0 0 0 0 0 0 0 0 0 0 0 0 0 0 0 0 0 0 0 0 0 0 0 0 0 0 0 0 0 0 0 0 0 0 0 0 0 0 0 0 0 0 0 0 0 0]
[6149235557506192750354474845224285139809422758067552394629783487514713402546516570118563860743286405393626871113165422005111681447571255998426699298282166800074296926139222645946881229022405513718517882999924421220276465670605245018249548495484477189429024145939117025444922862652354458919123707064725590589770350956841276911717946543531168865053136 0 0 0 0 0 0 0 0 0 0 0 0 0 0 0 0 0 0 0 0 0 0 0 0 0 0 0 0 0 0 0 0 0 0 0 0 0 0 0 0 0 0 0 0 0 0 0 0 0 0 0 0 0 0 0 1 0 0 0 0 0 0 0 0 0 0 0 0 0 0 0 0 0 0 0 0 0 0 0 0 0 0 0 0 0 0 0 0 0 0 0 0 0 0 0 0 0 0 0 0 0 0 0 0 0 0 0 0 0 0 0 0 0 0 0]
[9974047645892931826080344765681520726366190788700076748349246624973928041088764847221788981262303578610044233951896678970789661354151345943523338381903652615797564769306117028941361239915804715025561794594423099620061539694501215470293834378697671325065560814180709660701656270996198496736553003919273302738863221158636695599530879870681110007754076 0 0 0 0 0 0 0 0 0 0 0 0 0 0 0 0 0 0 0 0 0 0 0 0 0 0 0 0 0 0 0 0 0 0 0 0 0 0 0 0 0 0 0 0 0 0 0 0 0 0 0 0 0 0 0 0 1 0 0 0 0 0 0 0 0 0 0 0 0 0 0 0 0 0 0 0 0 0 0 0 0 0 0 0 0 0 0 0 0 0 0 0 0 0 0 0 0 0 0 0 0 0 0 0 0 0 0 0 0 0 0 0 0 0 0]
[11301925991442992657554756205060919507948539031738318066381812873613842936726469749992113253242104997480492351809568613659880146829036289057493918270160814278068657250237765837315524954066429383878856247740770452676180335558854761868473434282845122128721506277517517655625045038330772974109312425085132928197955629823987421941454658649054297090661336 0 0 0 0 0 0 0 0 0 0 0 0 0 0 0 0 0 0 0 0 0 0 0 0 0 0 0 0 0 0 0 0 0 0 0 0 0 0 0 0 0 0 0 0 0 0 0 0 0 0 0 0 0 0 0 0 0 1 0 0 0 0 0 0 0 0 0 0 0 0 0 0 0 0 0 0 0 0 0 0 0 0 0 0 0 0 0 0 0 0 0 0 0 0 0 0 0 0 0 0 0 0 0 0 0 0 0 0 0 0 0 0 0 0 0]
[670246300368202951582115446944258381937150497710523224571311758061724634744860482327876118034857841424210642490904923977689729519653033957356351604559911503335890763618651615466461431976426688572240426131002640363973945768473807125106286718962841693913959924641968339679837401952246769238499153753780705756726999213922375745423089649127597727946317 0 0 0 0 0 0 0 0 0 0 0 0 0 0 0 0 0 0 0 0 0 0 0 0 0 0 0 0 0 0 0 0 0 0 0 0 0 0 0 0 0 0 0 0 0 0 0 0 0 0 0 0 0 0 0 0 0 0 1 0 0 0 0 0 0 0 0 0 0 0 0 0 0 0 0 0 0 0 0 0 0 0 0 0 0 0 0 0 0 0 0 0 0 0 0 0 0 0 0 0 0 0 0 0 0 0 0 0 0 0 0 0 0 0 0]
[3873364125803060700328029569997588226626686977739533966961403852268279428405996968004119944379998363223069941092465903701342191495194789762907678076000488035829613015549046608604935510813070008789572675303071956495389052486681556702437053876394579165119941489384987504143885066017748861852002029955074678806264355010360972943002320523979094699077934 0 0 0 0 0 0 0 0 0 0 0 0 0 0 0 0 0 0 0 0 0 0 0 0 0 0 0 0 0 0 0 0 0 0 0 0 0 0 0 0 0 0 0 0 0 0 0 0 0 0 0 0 0 0 0 0 0 0 0 1 0 0 0 0 0 0 0 0 0 0 0 0 0 0 0 0 0 0 0 0 0 0 0 0 0 0 0 0 0 0 0 0 0 0 0 0 0 0 0 0 0 0 0 0 0 0 0 0 0 0 0 0 0 0 0]
[8938518807375944249939981948419411206451743963353439443198941434207353650261343556277120924742195302624795371862416453238610728974194962942966863219469161292543370480075210209673369080661802630272864648954144383125195661685066485438661042202610218478894333039688308851027053952433324196397378313497549652872085303524287104287147090340921051878758296 0 0 0 0 0 0 0 0 0 0 0 0 0 0 0 0 0 0 0 0 0 0 0 0 0 0 0 0 0 0 0 0 0 0 0 0 0 0 0 0 0 0 0 0 0 0 0 0 0 0 0 0 0 0 0 0 0 0 0 0 1 0 0 0 0 0 0 0 0 0 0 0 0 0 0 0 0 0 0 0 0 0 0 0 0 0 0 0 0 0 0 0 0 0 0 0 0 0 0 0 0 0 0 0 0 0 0 0 0 0 0 0 0 0 0]
[12180412145897602991934492577034666501667360192186214618978995035156020621472430033677649425658468267859663726188438385885649938867540889869927607283628094697200278048102082987729490737762896593613500475188595710154863480794939444063941795528371138898829268917618480234057478888538542844847929421295443258834016823775000820361735791969507482643565268 0 0 0 0 0 0 0 0 0 0 0 0 0 0 0 0 0 0 0 0 0 0 0 0 0 0 0 0 0 0 0 0 0 0 0 0 0 0 0 0 0 0 0 0 0 0 0 0 0 0 0 0 0 0 0 0 0 0 0 0 0 1 0 0 0 0 0 0 0 0 0 0 0 0 0 0 0 0 0 0 0 0 0 0 0 0 0 0 0 0 0 0 0 0 0 0 0 0 0 0 0 0 0 0 0 0 0 0 0 0 0 0 0 0 0]
[64817200982427134142448602303672834285136555872026382217138973111769039790800606013969139449533336689779100128951939622210118155136196198127561684559741129741243549525128616987050874769065265086484920829513099696892160232413635313134719731159004871772321815743488444746661496233912054361468877953570321916113076132023564022170936285253120203611216 0 0 0 0 0 0 0 0 0 0 0 0 0 0 0 0 0 0 0 0 0 0 0 0 0 0 0 0 0 0 0 0 0 0 0 0 0 0 0 0 0 0 0 0 0 0 0 0 0 0 0 0 0 0 0 0 0 0 0 0 0 0 1 0 0 0 0 0 0 0 0 0 0 0 0 0 0 0 0 0 0 0 0 0 0 0 0 0 0 0 0 0 0 0 0 0 0 0 0 0 0 0 0 0 0 0 0 0 0 0 0 0 0 0 0]
[4911910336505452867892276152016237546136170623398486641902768517019056394391816249159972401447272468872989674943755366948167985540939203399399680285718341493695076311340543688272391828234179672245182963714427173983218762217833508809448875813480419076028229502785053819411344857273939321951351191724498323817798536633362163192743694776643394939210735 0 0 0 0 0 0 0 0 0 0 0 0 0 0 0 0 0 0 0 0 0 0 0 0 0 0 0 0 0 0 0 0 0 0 0 0 0 0 0 0 0 0 0 0 0 0 0 0 0 0 0 0 0 0 0 0 0 0 0 0 0 0 0 1 0 0 0 0 0 0 0 0 0 0 0 0 0 0 0 0 0 0 0 0 0 0 0 0 0 0 0 0 0 0 0 0 0 0 0 0 0 0 0 0 0 0 0 0 0 0 0 0 0 0 0]
[5609481947514773944854309535128236569282081815168227131937606582717103780592750724169907953633524908757437666945666784416047577238776489579769696919804026125144452555261395665988377374478305326674918311033007561544720875289026105524664267018873669103372327748188192802974926564396032834614147073892291277993934309164973271500400609087997758988380717 0 0 0 0 0 0 0 0 0 0 0 0 0 0 0 0 0 0 0 0 0 0 0 0 0 0 0 0 0 0 0 0 0 0 0 0 0 0 0 0 0 0 0 0 0 0 0 0 0 0 0 0 0 0 0 0 0 0 0 0 0 0 0 0 1 0 0 0 0 0 0 0 0 0 0 0 0 0 0 0 0 0 0 0 0 0 0 0 0 0 0 0 0 0 0 0 0 0 0 0 0 0 0 0 0 0 0 0 0 0 0 0 0 0 0]
[8607233430039178159867906199657729849920580175829961552259511736658497616402169497144990411626529996843066830331005340594618260498495639927772080689491715808208888231345527245100429800402468575469287545476401505712943098841066442638925531318591585541841829453918795762915044112503759121651080904764216864892874963748121032568942131563880314663629645 0 0 0 0 0 0 0 0 0 0 0 0 0 0 0 0 0 0 0 0 0 0 0 0 0 0 0 0 0 0 0 0 0 0 0 0 0 0 0 0 0 0 0 0 0 0 0 0 0 0 0 0 0 0 0 0 0 0 0 0 0 0 0 0 0 1 0 0 0 0 0 0 0 0 0 0 0 0 0 0 0 0 0 0 0 0 0 0 0 0 0 0 0 0 0 0 0 0 0 0 0 0 0 0 0 0 0 0 0 0 0 0 0 0 0]
[3851846957151974515236496918322953352103084549004348504076479624170131775835938933791085654664418177179043557271534732414687420590392033659969613921553620447047823318833211515116769044279882780574463852728695265812424589810445935392382968539059419937974990519029797245227097048238255487718032282208774172490082106705864773636596576233646343193065700 0 0 0 0 0 0 0 0 0 0 0 0 0 0 0 0 0 0 0 0 0 0 0 0 0 0 0 0 0 0 0 0 0 0 0 0 0 0 0 0 0 0 0 0 0 0 0 0 0 0 0 0 0 0 0 0 0 0 0 0 0 0 0 0 0 0 1 0 0 0 0 0 0 0 0 0 0 0 0 0 0 0 0 0 0 0 0 0 0 0 0 0 0 0 0 0 0 0 0 0 0 0 0 0 0 0 0 0 0 0 0 0 0 0 0]
[5866890504350757551897203932796579339889010376049010625961416151305738021866444907209179500563509769792306488592696838138657474537824065686723407470778731134208072678411698500818577605645262840948558551237346295514300092047124372504314952526238154645058793014556458314579362837123528251511280414454329773574410133003361228747075129597944546787113263 0 0 0 0 0 0 0 0 0 0 0 0 0 0 0 0 0 0 0 0 0 0 0 0 0 0 0 0 0 0 0 0 0 0 0 0 0 0 0 0 0 0 0 0 0 0 0 0 0 0 0 0 0 0 0 0 0 0 0 0 0 0 0 0 0 0 0 1 0 0 0 0 0 0 0 0 0 0 0 0 0 0 0 0 0 0 0 0 0 0 0 0 0 0 0 0 0 0 0 0 0 0 0 0 0 0 0 0 0 0 0 0 0 0 0]
[7707680304655022974180963743001925223574365020371574007167704466063155610471641015541790566194797683605814728168980657426344939921592573789942253885241939665528990117325673225117309243820162367278657666713826587631363501699461798125602281576224571050390162677212803655955211246742484152180469858055098912311216560015757082990047057659707751452217683 0 0 0 0 0 0 0 0 0 0 0 0 0 0 0 0 0 0 0 0 0 0 0 0 0 0 0 0 0 0 0 0 0 0 0 0 0 0 0 0 0 0 0 0 0 0 0 0 0 0 0 0 0 0 0 0 0 0 0 0 0 0 0 0 0 0 0 0 1 0 0 0 0 0 0 0 0 0 0 0 0 0 0 0 0 0 0 0 0 0 0 0 0 0 0 0 0 0 0 0 0 0 0 0 0 0 0 0 0 0 0 0 0 0 0]
[8361660122258676971648233692579552734705137529237512179947347366313502520715422609584659014969732732166325432322825605006169738302710906559025674057026524366582504623693532165454144619250509297458257406537376716215558253101212288451407476900757978452318562501080213307580892892357928491653597814266879603965511708297316871891090853470872909934667158 0 0 0 0 0 0 0 0 0 0 0 0 0 0 0 0 0 0 0 0 0 0 0 0 0 0 0 0 0 0 0 0 0 0 0 0 0 0 0 0 0 0 0 0 0 0 0 0 0 0 0 0 0 0 0 0 0 0 0 0 0 0 0 0 0 0 0 0 0 1 0 0 0 0 0 0 0 0 0 0 0 0 0 0 0 0 0 0 0 0 0 0 0 0 0 0 0 0 0 0 0 0 0 0 0 0 0 0 0 0 0 0 0 0 0]
[1946532135740642575740836996519435282626874152147973037221856659991812230422379617441417402330200459452940684128311083204607460556712510197925718209456876352208135535112449219770204274654270654438638775498111182059227259708394168015815516557041037740637871991262652167150961993285067063816448367367080832785856856089447693270756025229031129293817843 0 0 0 0 0 0 0 0 0 0 0 0 0 0 0 0 0 0 0 0 0 0 0 0 0 0 0 0 0 0 0 0 0 0 0 0 0 0 0 0 0 0 0 0 0 0 0 0 0 0 0 0 0 0 0 0 0 0 0 0 0 0 0 0 0 0 0 0 0 0 1 0 0 0 0 0 0 0 0 0 0 0 0 0 0 0 0 0 0 0 0 0 0 0 0 0 0 0 0 0 0 0 0 0 0 0 0 0 0 0 0 0 0 0 0]
[9278442197493650498393792294841126605932419047557070587588322799675696249244604319839414644100024242134344299717502049612941863238078016914973614167115455343738377396244864075640810048122595873618790645991661003780298477084068320325611779932159315189715137827225523387830648941980554151834961266783121944250771612641418184244494046215826352490214668 0 0 0 0 0 0 0 0 0 0 0 0 0 0 0 0 0 0 0 0 0 0 0 0 0 0 0 0 0 0 0 0 0 0 0 0 0 0 0 0 0 0 0 0 0 0 0 0 0 0 0 0 0 0 0 0 0 0 0 0 0 0 0 0 0 0 0 0 0 0 0 1 0 0 0 0 0 0 0 0 0 0 0 0 0 0 0 0 0 0 0 0 0 0 0 0 0 0 0 0 0 0 0 0 0 0 0 0 0 0 0 0 0 0 0]
[9615296906132635393937006185447284098574626779389633994393896850358178700023535096156557415204952063263132824046724800287240619984384240883921630795479277133403086215836349994356572997236605279420149670621414334819725307432073044328558992823641227204233966425955850151435830718260991545464653708617324327127247049750802349693613349208801945785914913 0 0 0 0 0 0 0 0 0 0 0 0 0 0 0 0 0 0 0 0 0 0 0 0 0 0 0 0 0 0 0 0 0 0 0 0 0 0 0 0 0 0 0 0 0 0 0 0 0 0 0 0 0 0 0 0 0 0 0 0 0 0 0 0 0 0 0 0 0 0 0 0 1 0 0 0 0 0 0 0 0 0 0 0 0 0 0 0 0 0 0 0 0 0 0 0 0 0 0 0 0 0 0 0 0 0 0 0 0 0 0 0 0 0 0]
[9408050831076231223520597309562579244465233622315011431514982864607783498232257967451459537850795482772707554036789878878302111648903820121301366871634527433320452316628118369823851917405235053572198908482384643677890237864317152180863746054129765300448312433906735901629831690704068604878859299629595323988560491099723578910118048289598554044454812 0 0 0 0 0 0 0 0 0 0 0 0 0 0 0 0 0 0 0 0 0 0 0 0 0 0 0 0 0 0 0 0 0 0 0 0 0 0 0 0 0 0 0 0 0 0 0 0 0 0 0 0 0 0 0 0 0 0 0 0 0 0 0 0 0 0 0 0 0 0 0 0 0 1 0 0 0 0 0 0 0 0 0 0 0 0 0 0 0 0 0 0 0 0 0 0 0 0 0 0 0 0 0 0 0 0 0 0 0 0 0 0 0 0 0]
[5159434101920783638280375917031456553094471127376369242055185397588860663232465729373333235103043032969051443490057730069201171899899008225752441473859285361315370052972802155311201530512390902440908131557108364484457959601878401092757991273574547545347120844824526684774828817591128779158765318074071495549718395985776581999117144165234576838391081 0 0 0 0 0 0 0 0 0 0 0 0 0 0 0 0 0 0 0 0 0 0 0 0 0 0 0 0 0 0 0 0 0 0 0 0 0 0 0 0 0 0 0 0 0 0 0 0 0 0 0 0 0 0 0 0 0 0 0 0 0 0 0 0 0 0 0 0 0 0 0 0 0 0 1 0 0 0 0 0 0 0 0 0 0 0 0 0 0 0 0 0 0 0 0 0 0 0 0 0 0 0 0 0 0 0 0 0 0 0 0 0 0 0 0]
[12228971832973127507635483198648093059533643763436268973849688274589601745238266995568143235377356406674265251449757414611441117466411536675098735281525844713725205968667454426190346522024935254384542766101321395877334091801175679355950176134051951482354434936569767051998487006566007256037772268207876731758636533883120039931683222828459081715508204 0 0 0 0 0 0 0 0 0 0 0 0 0 0 0 0 0 0 0 0 0 0 0 0 0 0 0 0 0 0 0 0 0 0 0 0 0 0 0 0 0 0 0 0 0 0 0 0 0 0 0 0 0 0 0 0 0 0 0 0 0 0 0 0 0 0 0 0 0 0 0 0 0 0 0 1 0 0 0 0 0 0 0 0 0 0 0 0 0 0 0 0 0 0 0 0 0 0 0 0 0 0 0 0 0 0 0 0 0 0 0 0 0 0 0]
[1235864904514374212552601837020799085940272454134528166706612397638013889377867998654655458400216276021089976526582892770875900701378338675346267845561695453017974005517044454141614202158733595224553817703739534592080123329462082880038942888653192966132126054659803195037402046218194149934306791686590312611647948049356659025281767104393822774841063 0 0 0 0 0 0 0 0 0 0 0 0 0 0 0 0 0 0 0 0 0 0 0 0 0 0 0 0 0 0 0 0 0 0 0 0 0 0 0 0 0 0 0 0 0 0 0 0 0 0 0 0 0 0 0 0 0 0 0 0 0 0 0 0 0 0 0 0 0 0 0 0 0 0 0 0 1 0 0 0 0 0 0 0 0 0 0 0 0 0 0 0 0 0 0 0 0 0 0 0 0 0 0 0 0 0 0 0 0 0 0 0 0 0 0]
[5570868031232631712102550969674732473272510354696397481374916010598883694641803924897230074348908154171178167841913829250550844606476333651198675347383393340703208226862503281212169038664106590807338589116004363875946241762407281369354473738135200915851091393370363364085229341522741612735249287548169219549086895335531473267322157437027704873193453 0 0 0 0 0 0 0 0 0 0 0 0 0 0 0 0 0 0 0 0 0 0 0 0 0 0 0 0 0 0 0 0 0 0 0 0 0 0 0 0 0 0 0 0 0 0 0 0 0 0 0 0 0 0 0 0 0 0 0 0 0 0 0 0 0 0 0 0 0 0 0 0 0 0 0 0 0 1 0 0 0 0 0 0 0 0 0 0 0 0 0 0 0 0 0 0 0 0 0 0 0 0 0 0 0 0 0 0 0 0 0 0 0 0 0]
[11962607539785922047306978712929940238665525770241352720962003681483615550959524514234592480233652701996232979938925860480924784401244107769967811030405716360159755461917195542059894044314944571562000385646060971832915670489080960881194604361723047067741086864703741594417960391315731129488446249161005093180211202148097623966188348697700394470007653 0 0 0 0 0 0 0 0 0 0 0 0 0 0 0 0 0 0 0 0 0 0 0 0 0 0 0 0 0 0 0 0 0 0 0 0 0 0 0 0 0 0 0 0 0 0 0 0 0 0 0 0 0 0 0 0 0 0 0 0 0 0 0 0 0 0 0 0 0 0 0 0 0 0 0 0 0 0 1 0 0 0 0 0 0 0 0 0 0 0 0 0 0 0 0 0 0 0 0 0 0 0 0 0 0 0 0 0 0 0 0 0 0 0 0]
[8586138259484926644646516507579651533831785093154331530569348941352363074925377924273608740078246774170364712901629304261623445913521228044473311051798686724397628738200489528120369687928547473846662927290523955223992886728492049580364206369661763946549261906971508611325516547759687764274173531199941480237207480926395040791242133831683444651998722 0 0 0 0 0 0 0 0 0 0 0 0 0 0 0 0 0 0 0 0 0 0 0 0 0 0 0 0 0 0 0 0 0 0 0 0 0 0 0 0 0 0 0 0 0 0 0 0 0 0 0 0 0 0 0 0 0 0 0 0 0 0 0 0 0 0 0 0 0 0 0 0 0 0 0 0 0 0 0 1 0 0 0 0 0 0 0 0 0 0 0 0 0 0 0 0 0 0 0 0 0 0 0 0 0 0 0 0 0 0 0 0 0 0 0]
[10392382851905181270634534813365007432248908351720625283335948173863390880035782571818042674059137610820061476469014738684153698942188192130259239498449731670300300953087150931567092083822715309730877977166209516720778182588010026508940178136937211898771298011512279895463170857235281666022245089662035943922992257798637127031264400261061424959473105 0 0 0 0 0 0 0 0 0 0 0 0 0 0 0 0 0 0 0 0 0 0 0 0 0 0 0 0 0 0 0 0 0 0 0 0 0 0 0 0 0 0 0 0 0 0 0 0 0 0 0 0 0 0 0 0 0 0 0 0 0 0 0 0 0 0 0 0 0 0 0 0 0 0 0 0 0 0 0 0 1 0 0 0 0 0 0 0 0 0 0 0 0 0 0 0 0 0 0 0 0 0 0 0 0 0 0 0 0 0 0 0 0 0 0]
[2859219465396710412315582043670842442463309251758869944056375288718398507795594814673954680682508612873206594958427571562328635868905366124731837416533071132910801119014346132750334269110265133621122752675399231294618960430775009931676462005820688477539822698768540088259137228670095779151614423653219510626034663215840975159095668215750212812494516 0 0 0 0 0 0 0 0 0 0 0 0 0 0 0 0 0 0 0 0 0 0 0 0 0 0 0 0 0 0 0 0 0 0 0 0 0 0 0 0 0 0 0 0 0 0 0 0 0 0 0 0 0 0 0 0 0 0 0 0 0 0 0 0 0 0 0 0 0 0 0 0 0 0 0 0 0 0 0 0 0 1 0 0 0 0 0 0 0 0 0 0 0 0 0 0 0 0 0 0 0 0 0 0 0 0 0 0 0 0 0 0 0 0 0]
[5228284656195034782565439430830064131079720448882460528867468067321129199104015244965859253410920445370818723833316215201485084672188547223137066903003059699142558150290618083491140460456544975231135641503642728187108910565721938464014212267023974468583626731779010814669466866358744878767182699315073855941413666636993391548545044769836464813362387 0 0 0 0 0 0 0 0 0 0 0 0 0 0 0 0 0 0 0 0 0 0 0 0 0 0 0 0 0 0 0 0 0 0 0 0 0 0 0 0 0 0 0 0 0 0 0 0 0 0 0 0 0 0 0 0 0 0 0 0 0 0 0 0 0 0 0 0 0 0 0 0 0 0 0 0 0 0 0 0 0 0 1 0 0 0 0 0 0 0 0 0 0 0 0 0 0 0 0 0 0 0 0 0 0 0 0 0 0 0 0 0 0 0 0]
[10230714599630711912405354840558610952299554830650733638776933749626411872592975085163000860132010458593694568827558110907192053830507570945005846160804908132002844286837007856640483276124473192958438970490130689337360722307882550231363698739832314304886343979998450199585377786697703640370586765009112618551722765771147171614082385816165943685518263 0 0 0 0 0 0 0 0 0 0 0 0 0 0 0 0 0 0 0 0 0 0 0 0 0 0 0 0 0 0 0 0 0 0 0 0 0 0 0 0 0 0 0 0 0 0 0 0 0 0 0 0 0 0 0 0 0 0 0 0 0 0 0 0 0 0 0 0 0 0 0 0 0 0 0 0 0 0 0 0 0 0 0 1 0 0 0 0 0 0 0 0 0 0 0 0 0 0 0 0 0 0 0 0 0 0 0 0 0 0 0 0 0 0 0]
[3122228589135049902663274286687552435694003833331411027013315731726397113722013912565699693023035437026427530218555448645312651219217140493925445665112246332139248947331423814192842942598707306548257115701712231086687804850127148467365763267816781625122158470840726351164678422853705385881157130800141517206970430292403048048843624117340823161605345 0 0 0 0 0 0 0 0 0 0 0 0 0 0 0 0 0 0 0 0 0 0 0 0 0 0 0 0 0 0 0 0 0 0 0 0 0 0 0 0 0 0 0 0 0 0 0 0 0 0 0 0 0 0 0 0 0 0 0 0 0 0 0 0 0 0 0 0 0 0 0 0 0 0 0 0 0 0 0 0 0 0 0 0 1 0 0 0 0 0 0 0 0 0 0 0 0 0 0 0 0 0 0 0 0 0 0 0 0 0 0 0 0 0 0]
[11049669782668331613316971896780873915449774130799084673854845741011696638309151247200842363327669553448076837764061603624261425021198813936660019802061285431061197104393085712583033680904937726020566417700073059690653483271153081570704782008074842112555197950110426741532452600985391063516602893380737910520168955809413716756053073550211162621428565 0 0 0 0 0 0 0 0 0 0 0 0 0 0 0 0 0 0 0 0 0 0 0 0 0 0 0 0 0 0 0 0 0 0 0 0 0 0 0 0 0 0 0 0 0 0 0 0 0 0 0 0 0 0 0 0 0 0 0 0 0 0 0 0 0 0 0 0 0 0 0 0 0 0 0 0 0 0 0 0 0 0 0 0 0 1 0 0 0 0 0 0 0 0 0 0 0 0 0 0 0 0 0 0 0 0 0 0 0 0 0 0 0 0 0]
[10025764556598438825171441381064388865626987291728361514752371324990630595373434687454171137159715034879392398168943000680640666069597282981031205734285844115348954495210702046937692193144011330780314356200144863120900586192499537513511240904170610212436014608269340109745944348892013941531740937741617441176758484718832308831789922295159443633767740 0 0 0 0 0 0 0 0 0 0 0 0 0 0 0 0 0 0 0 0 0 0 0 0 0 0 0 0 0 0 0 0 0 0 0 0 0 0 0 0 0 0 0 0 0 0 0 0 0 0 0 0 0 0 0 0 0 0 0 0 0 0 0 0 0 0 0 0 0 0 0 0 0 0 0 0 0 0 0 0 0 0 0 0 0 0 1 0 0 0 0 0 0 0 0 0 0 0 0 0 0 0 0 0 0 0 0 0 0 0 0 0 0 0 0]
[1885384253721759496396011099645903421893449910650666673396471518793912638141409844335432769677722911730147850354532517560187404056611064781173110812381067690798378112232269936216678587731473240106521532544203574016968943871474927074676804523075398732416677250803838076474577936184270159790136631054511459257829149221131785545452545225768227876388442 0 0 0 0 0 0 0 0 0 0 0 0 0 0 0 0 0 0 0 0 0 0 0 0 0 0 0 0 0 0 0 0 0 0 0 0 0 0 0 0 0 0 0 0 0 0 0 0 0 0 0 0 0 0 0 0 0 0 0 0 0 0 0 0 0 0 0 0 0 0 0 0 0 0 0 0 0 0 0 0 0 0 0 0 0 0 0 1 0 0 0 0 0 0 0 0 0 0 0 0 0 0 0 0 0 0 0 0 0 0 0 0 0 0 0]
[10436516499404620074689771713636684774914772127866505700282009308029691699621875720923969337261277950535777257627589654000126429001333195646794313734133456190044052372237010037230365880842391922758288573448142196458181422891746593566610027261968414928480080622450561678100610011264158585922184903259564988186600879140828374107218742440996159267570097 0 0 0 0 0 0 0 0 0 0 0 0 0 0 0 0 0 0 0 0 0 0 0 0 0 0 0 0 0 0 0 0 0 0 0 0 0 0 0 0 0 0 0 0 0 0 0 0 0 0 0 0 0 0 0 0 0 0 0 0 0 0 0 0 0 0 0 0 0 0 0 0 0 0 0 0 0 0 0 0 0 0 0 0 0 0 0 0 1 0 0 0 0 0 0 0 0 0 0 0 0 0 0 0 0 0 0 0 0 0 0 0 0 0 0]
[4532048565431834234616722690114083050149447757112824057246024037197148971113132683573754985755903943367253789643242932047551256961719818115553766945709198002278851145160681067246381802475286680076748695610619252004408541649582117238897151667927868459732404942928093364025976425954427550635424174947159236622939737163865626336513258875129205185802826 0 0 0 0 0 0 0 0 0 0 0 0 0 0 0 0 0 0 0 0 0 0 0 0 0 0 0 0 0 0 0 0 0 0 0 0 0 0 0 0 0 0 0 0 0 0 0 0 0 0 0 0 0 0 0 0 0 0 0 0 0 0 0 0 0 0 0 0 0 0 0 0 0 0 0 0 0 0 0 0 0 0 0 0 0 0 0 0 0 1 0 0 0 0 0 0 0 0 0 0 0 0 0 0 0 0 0 0 0 0 0 0 0 0 0]
[765240634702332107974977385518783729685448603217984150103515840671756965079648556730472401807155844271713539551136048109695922122747155814115234585925651781318703468628175647115043747859597639125337980071197749678608375747042156408369713933331059187702129783797335427077109727778232453450235047176120336414267688390316761729303091116597053225166810 0 0 0 0 0 0 0 0 0 0 0 0 0 0 0 0 0 0 0 0 0 0 0 0 0 0 0 0 0 0 0 0 0 0 0 0 0 0 0 0 0 0 0 0 0 0 0 0 0 0 0 0 0 0 0 0 0 0 0 0 0 0 0 0 0 0 0 0 0 0 0 0 0 0 0 0 0 0 0 0 0 0 0 0 0 0 0 0 0 0 1 0 0 0 0 0 0 0 0 0 0 0 0 0 0 0 0 0 0 0 0 0 0 0 0]
[9599307919715234605275869165188818731986864473784536816457984437997069526611809949304294490251719271325006493694538759565631502885876231692721010053620760349380224144829074430453949665466793041009032132616782945857302987377533795288982598672658284502199542364019396505892870107717504200733666323835309148586120692718758821882938822893771929280702311 0 0 0 0 0 0 0 0 0 0 0 0 0 0 0 0 0 0 0 0 0 0 0 0 0 0 0 0 0 0 0 0 0 0 0 0 0 0 0 0 0 0 0 0 0 0 0 0 0 0 0 0 0 0 0 0 0 0 0 0 0 0 0 0 0 0 0 0 0 0 0 0 0 0 0 0 0 0 0 0 0 0 0 0 0 0 0 0 0 0 0 1 0 0 0 0 0 0 0 0 0 0 0 0 0 0 0 0 0 0 0 0 0 0 0]
[3584096205256647972674865521734613032917598764222778862633750659660974573708112574568718646500230737734008276696594392553140306506419927146836055514446259192267807297550435413798752181776632709070631627400725797985308550585611043492338952410213064026496694520139013222362954534214693619395203588969865647399248918379978264479985100914930284592302966 0 0 0 0 0 0 0 0 0 0 0 0 0 0 0 0 0 0 0 0 0 0 0 0 0 0 0 0 0 0 0 0 0 0 0 0 0 0 0 0 0 0 0 0 0 0 0 0 0 0 0 0 0 0 0 0 0 0 0 0 0 0 0 0 0 0 0 0 0 0 0 0 0 0 0 0 0 0 0 0 0 0 0 0 0 0 0 0 0 0 0 0 1 0 0 0 0 0 0 0 0 0 0 0 0 0 0 0 0 0 0 0 0 0 0]
[9675625039290692684577939962970823358214022713406571125985984726645887424857019356657915363253980374396689826937404401446548243007806209748567345666150232564152008011528568028020986519143161964912408916703899379364845121848545912531231341608926744755821246369090612041363228010093879845927441281514084022454881306989250108004532932279629020489670008 0 0 0 0 0 0 0 0 0 0 0 0 0 0 0 0 0 0 0 0 0 0 0 0 0 0 0 0 0 0 0 0 0 0 0 0 0 0 0 0 0 0 0 0 0 0 0 0 0 0 0 0 0 0 0 0 0 0 0 0 0 0 0 0 0 0 0 0 0 0 0 0 0 0 0 0 0 0 0 0 0 0 0 0 0 0 0 0 0 0 0 0 0 1 0 0 0 0 0 0 0 0 0 0 0 0 0 0 0 0 0 0 0 0 0]
[11602532990324306128389180903245425943044697916988270114067200880270521287090302347636275935331539270878540028209086210757134134077591144739647958173531333787949148827242319511230614925876480464025638500161864624507765893052249677083084633789011604320326139994744990306582911897183081887035703880220989357973552380792518335926480589413339885602571539 0 0 0 0 0 0 0 0 0 0 0 0 0 0 0 0 0 0 0 0 0 0 0 0 0 0 0 0 0 0 0 0 0 0 0 0 0 0 0 0 0 0 0 0 0 0 0 0 0 0 0 0 0 0 0 0 0 0 0 0 0 0 0 0 0 0 0 0 0 0 0 0 0 0 0 0 0 0 0 0 0 0 0 0 0 0 0 0 0 0 0 0 0 0 1 0 0 0 0 0 0 0 0 0 0 0 0 0 0 0 0 0 0 0 0]
[12252282168738065553263682216692832801910831168564657096418807096810103498520579204090153504840171078289413253125060338445785737541096328099156028927709991000760660469658811115039891473103215704802349869409876861258991397956968156199766772795408038739498118666175737519377524277423760818251215931014102838889651528711822795484236050589315425834521178 0 0 0 0 0 0 0 0 0 0 0 0 0 0 0 0 0 0 0 0 0 0 0 0 0 0 0 0 0 0 0 0 0 0 0 0 0 0 0 0 0 0 0 0 0 0 0 0 0 0 0 0 0 0 0 0 0 0 0 0 0 0 0 0 0 0 0 0 0 0 0 0 0 0 0 0 0 0 0 0 0 0 0 0 0 0 0 0 0 0 0 0 0 0 0 1 0 0 0 0 0 0 0 0 0 0 0 0 0 0 0 0 0 0 0]
[1316667716716583543104254468330596871319026844267374808858159282142233778164710470216741456896622252637330753505295076730326778605984220144837246867753333932848254912523378529367503792375947957824571153418967472255515521326702294792459452997646496035386287418071944933618695090577259200078872876845108511853633209009900352500269122016641799055827020 0 0 0 0 0 0 0 0 0 0 0 0 0 0 0 0 0 0 0 0 0 0 0 0 0 0 0 0 0 0 0 0 0 0 0 0 0 0 0 0 0 0 0 0 0 0 0 0 0 0 0 0 0 0 0 0 0 0 0 0 0 0 0 0 0 0 0 0 0 0 0 0 0 0 0 0 0 0 0 0 0 0 0 0 0 0 0 0 0 0 0 0 0 0 0 0 1 0 0 0 0 0 0 0 0 0 0 0 0 0 0 0 0 0 0]
[11386232047682609043378191954339112259014389144359577666388702194492526500358961978287222457036847981873077574311711520426714964388035605914074261065273868025908985241091929724064464258830410816205342091416564871042408856759574976841423503982506004663010895225883308631541605788546866738986987552641519795353670704817657841618676735579181613704323011 0 0 0 0 0 0 0 0 0 0 0 0 0 0 0 0 0 0 0 0 0 0 0 0 0 0 0 0 0 0 0 0 0 0 0 0 0 0 0 0 0 0 0 0 0 0 0 0 0 0 0 0 0 0 0 0 0 0 0 0 0 0 0 0 0 0 0 0 0 0 0 0 0 0 0 0 0 0 0 0 0 0 0 0 0 0 0 0 0 0 0 0 0 0 0 0 0 1 0 0 0 0 0 0 0 0 0 0 0 0 0 0 0 0 0]
[7523043656395529690061850027391696768463069701018179898774147975240555133954614358433190192681804742788466996832494056122519342538841018321118491571241394638860144787671349154409823292445544726103913692200698861700927565423848747439388220166167373427685609908743179978448800916256702757767933539151958790991195352053688545682436181266448324938971879 0 0 0 0 0 0 0 0 0 0 0 0 0 0 0 0 0 0 0 0 0 0 0 0 0 0 0 0 0 0 0 0 0 0 0 0 0 0 0 0 0 0 0 0 0 0 0 0 0 0 0 0 0 0 0 0 0 0 0 0 0 0 0 0 0 0 0 0 0 0 0 0 0 0 0 0 0 0 0 0 0 0 0 0 0 0 0 0 0 0 0 0 0 0 0 0 0 0 1 0 0 0 0 0 0 0 0 0 0 0 0 0 0 0 0]
[17043656274800714800827976221603086002989908349059140345383583578002735071907582153934513905780895785262911201789641108306312709558347539284066794721226327437906905408575774467835278821582885360833682096196707045887569726935003426726167932241361378818326084520737773816452447346109696306100214084839255346692750926893614821214221155486516583131505 0 0 0 0 0 0 0 0 0 0 0 0 0 0 0 0 0 0 0 0 0 0 0 0 0 0 0 0 0 0 0 0 0 0 0 0 0 0 0 0 0 0 0 0 0 0 0 0 0 0 0 0 0 0 0 0 0 0 0 0 0 0 0 0 0 0 0 0 0 0 0 0 0 0 0 0 0 0 0 0 0 0 0 0 0 0 0 0 0 0 0 0 0 0 0 0 0 0 0 1 0 0 0 0 0 0 0 0 0 0 0 0 0 0 0]
[11966343561106102072434380937257754007317522522946744575356464989799430528501168239540548846940596913678576701832493594408399579626806522177826891213728745769963881689095410587011427566979751884878138462687321502065731640649866288261184615592814718030661106031883444075681300384233996176101859074960976640869478268630678982660864922842625199653960333 0 0 0 0 0 0 0 0 0 0 0 0 0 0 0 0 0 0 0 0 0 0 0 0 0 0 0 0 0 0 0 0 0 0 0 0 0 0 0 0 0 0 0 0 0 0 0 0 0 0 0 0 0 0 0 0 0 0 0 0 0 0 0 0 0 0 0 0 0 0 0 0 0 0 0 0 0 0 0 0 0 0 0 0 0 0 0 0 0 0 0 0 0 0 0 0 0 0 0 0 1 0 0 0 0 0 0 0 0 0 0 0 0 0 0]
[11314693955065181933439145674846006688655697402892615463253313533288253566314917840115599632478479027236965851500956527710148042895779566003824531729476128833750796010534694198085170175420931873918163366634462058830684436029519924531954641868085420416978259136389619199731563146794432582288581407869740914828909716987049086308801359721213484487784344 0 0 0 0 0 0 0 0 0 0 0 0 0 0 0 0 0 0 0 0 0 0 0 0 0 0 0 0 0 0 0 0 0 0 0 0 0 0 0 0 0 0 0 0 0 0 0 0 0 0 0 0 0 0 0 0 0 0 0 0 0 0 0 0 0 0 0 0 0 0 0 0 0 0 0 0 0 0 0 0 0 0 0 0 0 0 0 0 0 0 0 0 0 0 0 0 0 0 0 0 0 1 0 0 0 0 0 0 0 0 0 0 0 0 0]
[11933719433356062434285961027919257772548395815720184229661320010694767079416834318521631799386723128707247492688360308209622054136320083809177212399689649366339167487259289832924921610216286270106052453036769756667803007258819493145502642992451926335512198618667274580763598196808717988388710614292235385911131919345255019234385627493585384544835558 0 0 0 0 0 0 0 0 0 0 0 0 0 0 0 0 0 0 0 0 0 0 0 0 0 0 0 0 0 0 0 0 0 0 0 0 0 0 0 0 0 0 0 0 0 0 0 0 0 0 0 0 0 0 0 0 0 0 0 0 0 0 0 0 0 0 0 0 0 0 0 0 0 0 0 0 0 0 0 0 0 0 0 0 0 0 0 0 0 0 0 0 0 0 0 0 0 0 0 0 0 0 1 0 0 0 0 0 0 0 0 0 0 0 0]
[9881345888870334231242114041780552357507219183595158205005533723663885158159681197349607561874540598001635238344884899620308105097167549135544747694588943225815585441406274150234920587188407129742616801289989595501156416138794090607405901835146732128536388503387837368200838735407880264273790850489071136977468773499298304960367496213813352437405793 0 0 0 0 0 0 0 0 0 0 0 0 0 0 0 0 0 0 0 0 0 0 0 0 0 0 0 0 0 0 0 0 0 0 0 0 0 0 0 0 0 0 0 0 0 0 0 0 0 0 0 0 0 0 0 0 0 0 0 0 0 0 0 0 0 0 0 0 0 0 0 0 0 0 0 0 0 0 0 0 0 0 0 0 0 0 0 0 0 0 0 0 0 0 0 0 0 0 0 0 0 0 0 1 0 0 0 0 0 0 0 0 0 0 0]
[12064280017946980126706378703965608812757854270793180269742643252670288724643644126809269343147183794702680958575945622012369596128455688261688181946982565017521615780153279304686877073558698704667912224528598172441239333498693624859575729702512940867652484766424412146289713359991625564677303603444261527835959305750452714038264257134560022674661962 0 0 0 0 0 0 0 0 0 0 0 0 0 0 0 0 0 0 0 0 0 0 0 0 0 0 0 0 0 0 0 0 0 0 0 0 0 0 0 0 0 0 0 0 0 0 0 0 0 0 0 0 0 0 0 0 0 0 0 0 0 0 0 0 0 0 0 0 0 0 0 0 0 0 0 0 0 0 0 0 0 0 0 0 0 0 0 0 0 0 0 0 0 0 0 0 0 0 0 0 0 0 0 0 1 0 0 0 0 0 0 0 0 0 0]
[5013596552980700323801593403285032747354323428902795474996235957933429849104160170582239702282916294982986750926897068783331738378052018575126750941311091837297271097600737658464008063014478880278488945265338917181319122831246696205695452741960154189892864338478448421572597512618532181087835694469353372646250263297297791124940262269407784335168875 0 0 0 0 0 0 0 0 0 0 0 0 0 0 0 0 0 0 0 0 0 0 0 0 0 0 0 0 0 0 0 0 0 0 0 0 0 0 0 0 0 0 0 0 0 0 0 0 0 0 0 0 0 0 0 0 0 0 0 0 0 0 0 0 0 0 0 0 0 0 0 0 0 0 0 0 0 0 0 0 0 0 0 0 0 0 0 0 0 0 0 0 0 0 0 0 0 0 0 0 0 0 0 0 0 1 0 0 0 0 0 0 0 0 0]
[5687436718986028164716657419638652920683366005767580635791019670793891630289860746025694027861165268661817765603057580850889319318278926348163593194925665100270430141016559102426276961165321034797081282070846509469601178902431399196555776459708486231420227578131826118019628334133914641913751056888491336828336013120405442179966692903564636346475680 0 0 0 0 0 0 0 0 0 0 0 0 0 0 0 0 0 0 0 0 0 0 0 0 0 0 0 0 0 0 0 0 0 0 0 0 0 0 0 0 0 0 0 0 0 0 0 0 0 0 0 0 0 0 0 0 0 0 0 0 0 0 0 0 0 0 0 0 0 0 0 0 0 0 0 0 0 0 0 0 0 0 0 0 0 0 0 0 0 0 0 0 0 0 0 0 0 0 0 0 0 0 0 0 0 0 1 0 0 0 0 0 0 0 0]
[5700483642827323811839681404558388896767941821787100510395268820867006459637417153299179615335542076273694760170244520168013048036133947207113625782740918097375034694277218604724019710073286333097977531163089705567256820562947300441368158507968389953864612555150934586448670779575481487132757578185054306631929898738810878196537762098027663591840427 0 0 0 0 0 0 0 0 0 0 0 0 0 0 0 0 0 0 0 0 0 0 0 0 0 0 0 0 0 0 0 0 0 0 0 0 0 0 0 0 0 0 0 0 0 0 0 0 0 0 0 0 0 0 0 0 0 0 0 0 0 0 0 0 0 0 0 0 0 0 0 0 0 0 0 0 0 0 0 0 0 0 0 0 0 0 0 0 0 0 0 0 0 0 0 0 0 0 0 0 0 0 0 0 0 0 0 1 0 0 0 0 0 0 0]
[6754137075339791954874447874753161571108703702898408805353775605273773118949057075622863615050960434452141293680577119713234116555537653123692043580037894588139450184367188099831129783787202952533849823447782529094001644148525398834147264356251142802866629040826158509771091250921782100577133498429335480701974815069645178588169732539424715918327696 0 0 0 0 0 0 0 0 0 0 0 0 0 0 0 0 0 0 0 0 0 0 0 0 0 0 0 0 0 0 0 0 0 0 0 0 0 0 0 0 0 0 0 0 0 0 0 0 0 0 0 0 0 0 0 0 0 0 0 0 0 0 0 0 0 0 0 0 0 0 0 0 0 0 0 0 0 0 0 0 0 0 0 0 0 0 0 0 0 0 0 0 0 0 0 0 0 0 0 0 0 0 0 0 0 0 0 0 1 0 0 0 0 0 0]
[8196897003538660564001443289116594837065281419067485074478736367557739228496695209598047868635410083009603364824644583045833570732804885863228830283595261889834444727761653656313206589440761517242058471099438081133987066481119672817292128328148004453392546910155138394966878431898930382301122170642114532452685196590194548513637880135009826210151357 0 0 0 0 0 0 0 0 0 0 0 0 0 0 0 0 0 0 0 0 0 0 0 0 0 0 0 0 0 0 0 0 0 0 0 0 0 0 0 0 0 0 0 0 0 0 0 0 0 0 0 0 0 0 0 0 0 0 0 0 0 0 0 0 0 0 0 0 0 0 0 0 0 0 0 0 0 0 0 0 0 0 0 0 0 0 0 0 0 0 0 0 0 0 0 0 0 0 0 0 0 0 0 0 0 0 0 0 0 1 0 0 0 0 0]
[852140915463331342915830080645716471303008510138803533737397073332180627774872075243544612602791282275852611419858223407624069336720582780659569618057853004478443472613615932102494877149537413557560577490932666649833409937210224209704276880391931480890198363835974430290361820528219830495395820606744179666992286240028349063895182031779858152634023 0 0 0 0 0 0 0 0 0 0 0 0 0 0 0 0 0 0 0 0 0 0 0 0 0 0 0 0 0 0 0 0 0 0 0 0 0 0 0 0 0 0 0 0 0 0 0 0 0 0 0 0 0 0 0 0 0 0 0 0 0 0 0 0 0 0 0 0 0 0 0 0 0 0 0 0 0 0 0 0 0 0 0 0 0 0 0 0 0 0 0 0 0 0 0 0 0 0 0 0 0 0 0 0 0 0 0 0 0 0 1 0 0 0 0]
[4172318021678440740027195430480513926120136440363317345631020693078767840197820083002923458336073579994624756829659469848486919871895510390738728496549257484298128065504416541368892071771762050922267781228708264013994445222012298425012031570478886234645510580176313397408952833611859369453071346852990410369668091249635975103636286483514450341970403 0 0 0 0 0 0 0 0 0 0 0 0 0 0 0 0 0 0 0 0 0 0 0 0 0 0 0 0 0 0 0 0 0 0 0 0 0 0 0 0 0 0 0 0 0 0 0 0 0 0 0 0 0 0 0 0 0 0 0 0 0 0 0 0 0 0 0 0 0 0 0 0 0 0 0 0 0 0 0 0 0 0 0 0 0 0 0 0 0 0 0 0 0 0 0 0 0 0 0 0 0 0 0 0 0 0 0 0 0 0 0 1 0 0 0]
[10831785638512952585911429674490369819452780380651210224127499853233260997326136510596630952977748703339873959645969618078591538695538313782503119607279908033666540473202345644574644389727688038975133702397412877351396856234016301124694951170999103553647397771296171012348124489357170004271357450864261503188661168867928970827632437909887833636814166 0 0 0 0 0 0 0 0 0 0 0 0 0 0 0 0 0 0 0 0 0 0 0 0 0 0 0 0 0 0 0 0 0 0 0 0 0 0 0 0 0 0 0 0 0 0 0 0 0 0 0 0 0 0 0 0 0 0 0 0 0 0 0 0 0 0 0 0 0 0 0 0 0 0 0 0 0 0 0 0 0 0 0 0 0 0 0 0 0 0 0 0 0 0 0 0 0 0 0 0 0 0 0 0 0 0 0 0 0 0 0 0 1 0 0]
[2382392357781235067760247171848297714959708680659033897998665918418580530149425714065372829546134280529670503782053380284652453762281035736236784308397815190080643345292770605835170356329515787831240097837366112305069242934435095694795865957816978671080493381760140231963174503447782966675637565776664671492046856533102472937503775514800334482155571 0 0 0 0 0 0 0 0 0 0 0 0 0 0 0 0 0 0 0 0 0 0 0 0 0 0 0 0 0 0 0 0 0 0 0 0 0 0 0 0 0 0 0 0 0 0 0 0 0 0 0 0 0 0 0 0 0 0 0 0 0 0 0 0 0 0 0 0 0 0 0 0 0 0 0 0 0 0 0 0 0 0 0 0 0 0 0 0 0 0 0 0 0 0 0 0 0 0 0 0 0 0 0 0 0 0 0 0 0 0 0 0 0 1 0]
[6921243798660168148511831935351627832585246906801793914012754578501643089124726198494519538634564104705018221116642221790507517838300459129517924228551696976012782349303290450065829179859574449471407816850071055345073418691878713518489231133103693657112518777859780150011598393319008193858091513397027682940304607110594870889882327693825276335247475 0 0 0 0 0 0 0 0 0 0 0 0 0 0 0 0 0 0 0 0 0 0 0 0 0 0 0 0 0 0 0 0 0 0 0 0 0 0 0 0 0 0 0 0 0 0 0 0 0 0 0 0 0 0 0 0 0 0 0 0 0 0 0 0 0 0 0 0 0 0 0 0 0 0 0 0 0 0 0 0 0 0 0 0 0 0 0 0 0 0 0 0 0 0 0 0 0 0 0 0 0 0 0 0 0 0 0 0 0 0 0 0 0 0 1]
]
