[[8452648554116374677537764402019469148716314796761175378480339768976390304402066523654589573602167452369541355060880251573692129299022036382070526003169419579473189244804962057633632836724765215227976629663666957108645422078922491462157025327688402067479669024352997132964451012912136135295726847453914954711 0 0 0 0 0 0 0 0 0 0 0 0 0 0 0 0 0 0 0 0 0 0 0 0 0 0 0 0 0 0 0 0 0 0 0 0 0 0 0 0 0 0 0 0 0 0 0 0 0 0 0 0 0 0 0 0 0 0 0 0 0 0 0 0 0 0 0 0 0 0 0 0 0 0 0 0 0 0 0 0 0 0 0 0 0 0 0 0 0 0 0 0 0 0 0 0 0 0 0 0 0]
[3017727533256965025013541563353982215008848125780812576928522266367207196656659592239147541236534367316306356579108350452138656989079674896766611542138564244485753047626546916253346770820060640064322563931708448761487676887394171371786488953632597260189431998061164933097143366339673885089261417754707208091 1 0 0 0 0 0 0 0 0 0 0 0 0 0 0 0 0 0 0 0 0 0 0 0 0 0 0 0 0 0 0 0 0 0 0 0 0 0 0 0 0 0 0 0 0 0 0 0 0 0 0 0 0 0 0 0 0 0 0 0 0 0 0 0 0 0 0 0 0 0 0 0 0 0 0 0 0 0 0 0 0 0 0 0 0 0 0 0 0 0 0 0 0 0 0 0 0 0 0 0 0]
[3731784465100054408226485771947211941985715077447777735358105559967619637224782194471078950516700879086775021502030570275468760720789887876319964396433200630566357340989879308210836879845537628880057405474986080851384715399418780376367773054077619547946335766042731923449425892389455937651160336453183995321 0 1 0 0 0 0 0 0 0 0 0 0 0 0 0 0 0 0 0 0 0 0 0 0 0 0 0 0 0 0 0 0 0 0 0 0 0 0 0 0 0 0 0 0 0 0 0 0 0 0 0 0 0 0 0 0 0 0 0 0 0 0 0 0 0 0 0 0 0 0 0 0 0 0 0 0 0 0 0 0 0 0 0 0 0 0 0 0 0 0 0 0 0 0 0 0 0 0 0 0 0]
[2558273355390769232186289793483587637908557899085108149500896138342275331908881690134633328084749995853509530734444731468638627118801020234753738939771136590035185791643565714263963424154877418924906760530002339577013254946824261160925989531730008845374306801013053714462979722643575909845847586478743899787 0 0 1 0 0 0 0 0 0 0 0 0 0 0 0 0 0 0 0 0 0 0 0 0 0 0 0 0 0 0 0 0 0 0 0 0 0 0 0 0 0 0 0 0 0 0 0 0 0 0 0 0 0 0 0 0 0 0 0 0 0 0 0 0 0 0 0 0 0 0 0 0 0 0 0 0 0 0 0 0 0 0 0 0 0 0 0 0 0 0 0 0 0 0 0 0 0 0 0 0 0]
[6124402629026509586245277382586697632796710046074898851275613846209186550927244003855618298353697350823505659812001638456143012123653897835628592998054265689168049559862975281851715276687997145317520408171750156976244099648792074038166926001822170950923654316256715779123145348963947174338730780966132368296 0 0 0 1 0 0 0 0 0 0 0 0 0 0 0 0 0 0 0 0 0 0 0 0 0 0 0 0 0 0 0 0 0 0 0 0 0 0 0 0 0 0 0 0 0 0 0 0 0 0 0 0 0 0 0 0 0 0 0 0 0 0 0 0 0 0 0 0 0 0 0 0 0 0 0 0 0 0 0 0 0 0 0 0 0 0 0 0 0 0 0 0 0 0 0 0 0 0 0 0 0]
[3362055235911695012404339197251135357704498991670538908935748829935111306742994002334302189929654405516470035226207973379962471677474341996617672758386193472048788954688736942117609187094843957511450478276697290701128178453920125691907304217556935315266245022561916488775204483203528825354096455033077585049 0 0 0 0 1 0 0 0 0 0 0 0 0 0 0 0 0 0 0 0 0 0 0 0 0 0 0 0 0 0 0 0 0 0 0 0 0 0 0 0 0 0 0 0 0 0 0 0 0 0 0 0 0 0 0 0 0 0 0 0 0 0 0 0 0 0 0 0 0 0 0 0 0 0 0 0 0 0 0 0 0 0 0 0 0 0 0 0 0 0 0 0 0 0 0 0 0 0 0 0 0]
[3276953216467611172366227154847158237563139548055555428831978894833830608573864067363367101021657279073865875012790317568648374687613151068865500709398487368621451173620843859202368901572611038455367664467374328035573902015341873705034196625912148377287177807402688399894851559376374917883089139862507350972 0 0 0 0 0 1 0 0 0 0 0 0 0 0 0 0 0 0 0 0 0 0 0 0 0 0 0 0 0 0 0 0 0 0 0 0 0 0 0 0 0 0 0 0 0 0 0 0 0 0 0 0 0 0 0 0 0 0 0 0 0 0 0 0 0 0 0 0 0 0 0 0 0 0 0 0 0 0 0 0 0 0 0 0 0 0 0 0 0 0 0 0 0 0 0 0 0 0 0 0 0]
[1383034491656382549983543184669332597232895763476167924511497819865667744810549805861257013200713107871953086487013839729747494812458408901899314537551033751618558570912561600774175863685321772492692324752064065533505046418294167421467097649404999170389140695082740469565677669503949006499242564622309008239 0 0 0 0 0 0 1 0 0 0 0 0 0 0 0 0 0 0 0 0 0 0 0 0 0 0 0 0 0 0 0 0 0 0 0 0 0 0 0 0 0 0 0 0 0 0 0 0 0 0 0 0 0 0 0 0 0 0 0 0 0 0 0 0 0 0 0 0 0 0 0 0 0 0 0 0 0 0 0 0 0 0 0 0 0 0 0 0 0 0 0 0 0 0 0 0 0 0 0 0 0]
[3633187717355255439238708269967752459434228774480702590863049113556504807577105461054122683255148731800589695214314892928660521317727459477022130885575573735849449546742720317483140763000878323715202337707201669801959149724541981999356373571237098866898772044070899752970180276604533615631186979189723025362 0 0 0 0 0 0 0 1 0 0 0 0 0 0 0 0 0 0 0 0 0 0 0 0 0 0 0 0 0 0 0 0 0 0 0 0 0 0 0 0 0 0 0 0 0 0 0 0 0 0 0 0 0 0 0 0 0 0 0 0 0 0 0 0 0 0 0 0 0 0 0 0 0 0 0 0 0 0 0 0 0 0 0 0 0 0 0 0 0 0 0 0 0 0 0 0 0 0 0 0 0]
[8142532264409682667501223425321214020121070573378576912723626946880627928361367053137857059273640385653937826516025098774215259832963440582773320151051166537911750221418930807697865343335542369967359152480319676315239669880486796951463306501101998405591086777428216999213111012855459063032071636002291452583 0 0 0 0 0 0 0 0 1 0 0 0 0 0 0 0 0 0 0 0 0 0 0 0 0 0 0 0 0 0 0 0 0 0 0 0 0 0 0 0 0 0 0 0 0 0 0 0 0 0 0 0 0 0 0 0 0 0 0 0 0 0 0 0 0 0 0 0 0 0 0 0 0 0 0 0 0 0 0 0 0 0 0 0 0 0 0 0 0 0 0 0 0 0 0 0 0 0 0 0 0]
[1667806532052610752819005639787236655374568184088240297624268326480456822923177085931517587298088318881982035508028743906063404688809065487484844877073127109019828316347569458057852640732087851953857202287713557099389924244532967131376119768103500168535997396367917793751021026857791788828519397001776752998 0 0 0 0 0 0 0 0 0 1 0 0 0 0 0 0 0 0 0 0 0 0 0 0 0 0 0 0 0 0 0 0 0 0 0 0 0 0 0 0 0 0 0 0 0 0 0 0 0 0 0 0 0 0 0 0 0 0 0 0 0 0 0 0 0 0 0 0 0 0 0 0 0 0 0 0 0 0 0 0 0 0 0 0 0 0 0 0 0 0 0 0 0 0 0 0 0 0 0 0 0]
[4232367563788284240867730134056404084649783577081945258029216404067161283363580953340684148772735978148197787095540735591607321159281728788375167075845242698812705886082639644109714073903560279620347349823112145652404708934662062116315591158642667928785068818642250310324210573745656896485399836578218704687 0 0 0 0 0 0 0 0 0 0 1 0 0 0 0 0 0 0 0 0 0 0 0 0 0 0 0 0 0 0 0 0 0 0 0 0 0 0 0 0 0 0 0 0 0 0 0 0 0 0 0 0 0 0 0 0 0 0 0 0 0 0 0 0 0 0 0 0 0 0 0 0 0 0 0 0 0 0 0 0 0 0 0 0 0 0 0 0 0 0 0 0 0 0 0 0 0 0 0 0 0]
[7175652281229375648030129915979493832196192169677895583819081890571349709801143342302073932983630678432975179422972665567773813147610717442763887504923590305681677582154366432865050711760493673953779684993331168425196373945640981499835855173778519675752716422652997226538917567283204613162328849361237409076 0 0 0 0 0 0 0 0 0 0 0 1 0 0 0 0 0 0 0 0 0 0 0 0 0 0 0 0 0 0 0 0 0 0 0 0 0 0 0 0 0 0 0 0 0 0 0 0 0 0 0 0 0 0 0 0 0 0 0 0 0 0 0 0 0 0 0 0 0 0 0 0 0 0 0 0 0 0 0 0 0 0 0 0 0 0 0 0 0 0 0 0 0 0 0 0 0 0 0 0 0]
[552721184567011350181692203657962464950269962801527235181847673475823681668723245710939009884801815279025053242555439368014022970626001555504870385666649182674055219929075142360792580887931431325105515801674619042061880755934878122911919411017451133472379292645370143589928128441879036708939072608109495413 0 0 0 0 0 0 0 0 0 0 0 0 1 0 0 0 0 0 0 0 0 0 0 0 0 0 0 0 0 0 0 0 0 0 0 0 0 0 0 0 0 0 0 0 0 0 0 0 0 0 0 0 0 0 0 0 0 0 0 0 0 0 0 0 0 0 0 0 0 0 0 0 0 0 0 0 0 0 0 0 0 0 0 0 0 0 0 0 0 0 0 0 0 0 0 0 0 0 0 0 0]
[2270421784583960973640330725939276999975087065525271796926931245208194466923727879349546419491926162814817351465991720590362601111494744122381343930031590183190179276159937779180906141300075025934302557777377229752443428660024631374302992372826244940409091992005664898728628103102396537593399678917684486744 0 0 0 0 0 0 0 0 0 0 0 0 0 1 0 0 0 0 0 0 0 0 0 0 0 0 0 0 0 0 0 0 0 0 0 0 0 0 0 0 0 0 0 0 0 0 0 0 0 0 0 0 0 0 0 0 0 0 0 0 0 0 0 0 0 0 0 0 0 0 0 0 0 0 0 0 0 0 0 0 0 0 0 0 0 0 0 0 0 0 0 0 0 0 0 0 0 0 0 0 0]
[2375774441445962839996690195146052996554375642278828396725281320396692099363539661261995235576373488964629555666195538914297401133329456960031901829307051476501949232931412245192036564841145895522356624447225785481032663792448042373943333963549408638248893375731857335761867033081627721770537686939943646515 0 0 0 0 0 0 0 0 0 0 0 0 0 0 1 0 0 0 0 0 0 0 0 0 0 0 0 0 0 0 0 0 0 0 0 0 0 0 0 0 0 0 0 0 0 0 0 0 0 0 0 0 0 0 0 0 0 0 0 0 0 0 0 0 0 0 0 0 0 0 0 0 0 0 0 0 0 0 0 0 0 0 0 0 0 0 0 0 0 0 0 0 0 0 0 0 0 0 0 0 0]
[6887261985193141940938464635631665794032080370412005704811370423691848400038929109412542479217358566099443402016402350239873538595789856251286209126217807822108326633843792483343707304943330203099899877719697804837314475887243194916977260173325185961629826158433526126295737299568424340984751939963090109616 0 0 0 0 0 0 0 0 0 0 0 0 0 0 0 1 0 0 0 0 0 0 0 0 0 0 0 0 0 0 0 0 0 0 0 0 0 0 0 0 0 0 0 0 0 0 0 0 0 0 0 0 0 0 0 0 0 0 0 0 0 0 0 0 0 0 0 0 0 0 0 0 0 0 0 0 0 0 0 0 0 0 0 0 0 0 0 0 0 0 0 0 0 0 0 0 0 0 0 0 0]
[5465214047670130010331742109152063841764298923346737672650501040041525938815183552531845081745297447378482519891724270223276864062257155077266046027731720043309230790666325537343111547745429463222729367332235760389433859833899305957224131078776339124981727488955208839729751383250874182249596219177380822120 0 0 0 0 0 0 0 0 0 0 0 0 0 0 0 0 1 0 0 0 0 0 0 0 0 0 0 0 0 0 0 0 0 0 0 0 0 0 0 0 0 0 0 0 0 0 0 0 0 0 0 0 0 0 0 0 0 0 0 0 0 0 0 0 0 0 0 0 0 0 0 0 0 0 0 0 0 0 0 0 0 0 0 0 0 0 0 0 0 0 0 0 0 0 0 0 0 0 0 0 0]
[5361692481029638630360757876539215198510690345480050696453739813268810145887410407468792307878446778502313515933044300701718556269756776512145275597714538703287790743340311345165530009955361462507298644354277178282020253446433795615769973274906898072708948442029272506118352106997047529703210548923557505968 0 0 0 0 0 0 0 0 0 0 0 0 0 0 0 0 0 1 0 0 0 0 0 0 0 0 0 0 0 0 0 0 0 0 0 0 0 0 0 0 0 0 0 0 0 0 0 0 0 0 0 0 0 0 0 0 0 0 0 0 0 0 0 0 0 0 0 0 0 0 0 0 0 0 0 0 0 0 0 0 0 0 0 0 0 0 0 0 0 0 0 0 0 0 0 0 0 0 0 0 0]
[338416816457478223603171003639432173896730380313005938078258071565611724257504139080665934797434309455086142619606000217811906046863059023678765681373458566020874346345635496941581076341517313464942864461195170028802578794954260252903716168259141970275310206627342440108465613644145960541944352512515402413 0 0 0 0 0 0 0 0 0 0 0 0 0 0 0 0 0 0 1 0 0 0 0 0 0 0 0 0 0 0 0 0 0 0 0 0 0 0 0 0 0 0 0 0 0 0 0 0 0 0 0 0 0 0 0 0 0 0 0 0 0 0 0 0 0 0 0 0 0 0 0 0 0 0 0 0 0 0 0 0 0 0 0 0 0 0 0 0 0 0 0 0 0 0 0 0 0 0 0 0 0]
[4687920074740834398475804027018621486670260251494563505681653911387138434060406874726504955196596612189908976663470163966823446771262384491816999243062517933795048784458063293809509951356002938829628855561629174311126552824955026798271324657843672916405467569823446246461680901376621591493841356589050743421 0 0 0 0 0 0 0 0 0 0 0 0 0 0 0 0 0 0 0 1 0 0 0 0 0 0 0 0 0 0 0 0 0 0 0 0 0 0 0 0 0 0 0 0 0 0 0 0 0 0 0 0 0 0 0 0 0 0 0 0 0 0 0 0 0 0 0 0 0 0 0 0 0 0 0 0 0 0 0 0 0 0 0 0 0 0 0 0 0 0 0 0 0 0 0 0 0 0 0 0 0]
[1085438758306210040664096599455754281521762094144100679926133968366925245357439362744978044608912881024144050897670259046128843991143961089582717663344149135770799252736163241586599866303217758782318596694110824579128607766003184470292942299132630386304099110978952274388122731165289899214423558046534533890 0 0 0 0 0 0 0 0 0 0 0 0 0 0 0 0 0 0 0 0 1 0 0 0 0 0 0 0 0 0 0 0 0 0 0 0 0 0 0 0 0 0 0 0 0 0 0 0 0 0 0 0 0 0 0 0 0 0 0 0 0 0 0 0 0 0 0 0 0 0 0 0 0 0 0 0 0 0 0 0 0 0 0 0 0 0 0 0 0 0 0 0 0 0 0 0 0 0 0 0 0]
[614805858654751248262125398075479791937904681166839996894118313699196265084583401307229540660050834553125475895903925878025594840320790459968729498850905473553708129350157549839822573831729331345990808617620812052746716772454478039765758523994728544174573579747235651254508792097875790031919786854182309192 0 0 0 0 0 0 0 0 0 0 0 0 0 0 0 0 0 0 0 0 0 1 0 0 0 0 0 0 0 0 0 0 0 0 0 0 0 0 0 0 0 0 0 0 0 0 0 0 0 0 0 0 0 0 0 0 0 0 0 0 0 0 0 0 0 0 0 0 0 0 0 0 0 0 0 0 0 0 0 0 0 0 0 0 0 0 0 0 0 0 0 0 0 0 0 0 0 0 0 0 0]
[2992496965869006169437690039779597579368185723487375916229891821525127671708539529543499927202109955138170195658119428839421055588449122168232593748806342680973114475938770088232253899704315927508142431657609526199840179629777766765551303388569645203881533487241411779532196838005950253648153779364251026830 0 0 0 0 0 0 0 0 0 0 0 0 0 0 0 0 0 0 0 0 0 0 1 0 0 0 0 0 0 0 0 0 0 0 0 0 0 0 0 0 0 0 0 0 0 0 0 0 0 0 0 0 0 0 0 0 0 0 0 0 0 0 0 0 0 0 0 0 0 0 0 0 0 0 0 0 0 0 0 0 0 0 0 0 0 0 0 0 0 0 0 0 0 0 0 0 0 0 0 0 0]
[2037117245743778749951053258481004146239135955960093218045332518055781409904648210460431498070761789552086648614985537665310673900147194771966178883019147065498723675945690001045489724785122883587760803898155668817015773678084493354031687949102596763369034331009628185522385459638066733117252327235382536876 0 0 0 0 0 0 0 0 0 0 0 0 0 0 0 0 0 0 0 0 0 0 0 1 0 0 0 0 0 0 0 0 0 0 0 0 0 0 0 0 0 0 0 0 0 0 0 0 0 0 0 0 0 0 0 0 0 0 0 0 0 0 0 0 0 0 0 0 0 0 0 0 0 0 0 0 0 0 0 0 0 0 0 0 0 0 0 0 0 0 0 0 0 0 0 0 0 0 0 0 0]
[92747618852585587014551611338554777604282944199119832491355602257776007066983550635658197108043041722188893730242851749046957716933677254700634524560737571261012223740663938048522207352915408559356796422315394273217327163979270150466738567999417202429912000072493339902414734783162667797421306608008120398 0 0 0 0 0 0 0 0 0 0 0 0 0 0 0 0 0 0 0 0 0 0 0 0 1 0 0 0 0 0 0 0 0 0 0 0 0 0 0 0 0 0 0 0 0 0 0 0 0 0 0 0 0 0 0 0 0 0 0 0 0 0 0 0 0 0 0 0 0 0 0 0 0 0 0 0 0 0 0 0 0 0 0 0 0 0 0 0 0 0 0 0 0 0 0 0 0 0 0 0 0]
[6994527164128653084641263630836947262430007214119692109033331580981647210482759102650375755872193750582115576591185117349180167080176119016913873101164760945877658126024631120737635096583402937979956380574729786285283576322448476990243976804690787813862501306027259479470453954520804249512438641833212170741 0 0 0 0 0 0 0 0 0 0 0 0 0 0 0 0 0 0 0 0 0 0 0 0 0 1 0 0 0 0 0 0 0 0 0 0 0 0 0 0 0 0 0 0 0 0 0 0 0 0 0 0 0 0 0 0 0 0 0 0 0 0 0 0 0 0 0 0 0 0 0 0 0 0 0 0 0 0 0 0 0 0 0 0 0 0 0 0 0 0 0 0 0 0 0 0 0 0 0 0 0]
[3492881095607256422759861209059225656440944171163349456732104599272678361344631703541406015370472671711920575386872508247266490455331538552371257811834516905271000600757473927984808876049410372721541047146932253466747427305879724992543803643425549251348409526619458642685068158050866791026113158827561782662 0 0 0 0 0 0 0 0 0 0 0 0 0 0 0 0 0 0 0 0 0 0 0 0 0 0 1 0 0 0 0 0 0 0 0 0 0 0 0 0 0 0 0 0 0 0 0 0 0 0 0 0 0 0 0 0 0 0 0 0 0 0 0 0 0 0 0 0 0 0 0 0 0 0 0 0 0 0 0 0 0 0 0 0 0 0 0 0 0 0 0 0 0 0 0 0 0 0 0 0 0]
[1134383943328828035314643192210202182136105635083168113468674907159248772403778932486676644816059502051170750573778476310846633825099108552015096895096124709925010142745056134857605448276492427786829713513784208654860079309820197666808524670689908892477801602257818336906367576297942916033343925714572903192 0 0 0 0 0 0 0 0 0 0 0 0 0 0 0 0 0 0 0 0 0 0 0 0 0 0 0 1 0 0 0 0 0 0 0 0 0 0 0 0 0 0 0 0 0 0 0 0 0 0 0 0 0 0 0 0 0 0 0 0 0 0 0 0 0 0 0 0 0 0 0 0 0 0 0 0 0 0 0 0 0 0 0 0 0 0 0 0 0 0 0 0 0 0 0 0 0 0 0 0 0]
[6142249087221828240298165246363847015073922771477509527402974079872271013493319329144844809056322657191905323238685733146323233980143648286383843105680546263026837366405787994363948564998532250756799515526677464446614147632644050203303104953580005086301854058116027949999490058574599374166743944382763842378 0 0 0 0 0 0 0 0 0 0 0 0 0 0 0 0 0 0 0 0 0 0 0 0 0 0 0 0 1 0 0 0 0 0 0 0 0 0 0 0 0 0 0 0 0 0 0 0 0 0 0 0 0 0 0 0 0 0 0 0 0 0 0 0 0 0 0 0 0 0 0 0 0 0 0 0 0 0 0 0 0 0 0 0 0 0 0 0 0 0 0 0 0 0 0 0 0 0 0 0 0]
[1877166928907770030662046587434417720181834656732570106092114576419042248538231298723305793881200649696934431347696570997264268871025035672719532340939646729064967886424497722874719980362459819237957208982198404846778176261414594462707718832608811714452777595672154641093358396134561181491100464797943418754 0 0 0 0 0 0 0 0 0 0 0 0 0 0 0 0 0 0 0 0 0 0 0 0 0 0 0 0 0 1 0 0 0 0 0 0 0 0 0 0 0 0 0 0 0 0 0 0 0 0 0 0 0 0 0 0 0 0 0 0 0 0 0 0 0 0 0 0 0 0 0 0 0 0 0 0 0 0 0 0 0 0 0 0 0 0 0 0 0 0 0 0 0 0 0 0 0 0 0 0 0]
[3823410042025506519841525936284575512414372942687040012279032920708457755318131884350767472096826887261110795177148306588715558474445701356169054802629871950523517543751165810912029789971429208353411522187031701076260015491745682766614212958325339506577478966685566346873130583670467153653274188898175160486 0 0 0 0 0 0 0 0 0 0 0 0 0 0 0 0 0 0 0 0 0 0 0 0 0 0 0 0 0 0 1 0 0 0 0 0 0 0 0 0 0 0 0 0 0 0 0 0 0 0 0 0 0 0 0 0 0 0 0 0 0 0 0 0 0 0 0 0 0 0 0 0 0 0 0 0 0 0 0 0 0 0 0 0 0 0 0 0 0 0 0 0 0 0 0 0 0 0 0 0 0]
[6775730671480113939533507214696126171015800755246745337786777881936619310337626674196710015059398037649651527671940383646885999856732783180996278294444901016280507707703701735525461837709384033576899702015954333984301602703710545842588459070656540086943943568814946670933561012862270954186758067737013722452 0 0 0 0 0 0 0 0 0 0 0 0 0 0 0 0 0 0 0 0 0 0 0 0 0 0 0 0 0 0 0 1 0 0 0 0 0 0 0 0 0 0 0 0 0 0 0 0 0 0 0 0 0 0 0 0 0 0 0 0 0 0 0 0 0 0 0 0 0 0 0 0 0 0 0 0 0 0 0 0 0 0 0 0 0 0 0 0 0 0 0 0 0 0 0 0 0 0 0 0 0]
[6285743562279791955969994754506633900419730149529927586057987545842295357369125315032152897049596293837733956294854226066717334470913830492880784661807504919717910714631466386138765089167280460843037760679648586070904619599017108189602894759851672004634895545214683025057116671419976867796364355183105598666 0 0 0 0 0 0 0 0 0 0 0 0 0 0 0 0 0 0 0 0 0 0 0 0 0 0 0 0 0 0 0 0 1 0 0 0 0 0 0 0 0 0 0 0 0 0 0 0 0 0 0 0 0 0 0 0 0 0 0 0 0 0 0 0 0 0 0 0 0 0 0 0 0 0 0 0 0 0 0 0 0 0 0 0 0 0 0 0 0 0 0 0 0 0 0 0 0 0 0 0 0]
[5930487196786022314540096719190926920818802877514298059584559936642864368068641885091299553364803001233869641227432014195493766245788903723879116757246712710467178324284290829610389381357720865154510722587565608522005620144737548540867405045593718632565798995064598261450841671321790295691417414828665419794 0 0 0 0 0 0 0 0 0 0 0 0 0 0 0 0 0 0 0 0 0 0 0 0 0 0 0 0 0 0 0 0 0 1 0 0 0 0 0 0 0 0 0 0 0 0 0 0 0 0 0 0 0 0 0 0 0 0 0 0 0 0 0 0 0 0 0 0 0 0 0 0 0 0 0 0 0 0 0 0 0 0 0 0 0 0 0 0 0 0 0 0 0 0 0 0 0 0 0 0 0]
[2729562049587628769084490956886324108847007610846188832263701026261377093823101312611071686578951768124479289182464132010275363676911232960786135485755412645608776671133064223950601263880080694583407670675752591297547651788642925333695130258876238991088408337062616870237002936337281561755805742835580259148 0 0 0 0 0 0 0 0 0 0 0 0 0 0 0 0 0 0 0 0 0 0 0 0 0 0 0 0 0 0 0 0 0 0 1 0 0 0 0 0 0 0 0 0 0 0 0 0 0 0 0 0 0 0 0 0 0 0 0 0 0 0 0 0 0 0 0 0 0 0 0 0 0 0 0 0 0 0 0 0 0 0 0 0 0 0 0 0 0 0 0 0 0 0 0 0 0 0 0 0 0]
[5545801212820937250328062132244386104868020838293450923215397125433016449249285736056977101933406451041236310199827158202831007786808466895119731901416127925060799342671226481325850672244327872373100168413756964363989522392082133331990852197118883571689303546786649209400149929632619934310544419408803974624 0 0 0 0 0 0 0 0 0 0 0 0 0 0 0 0 0 0 0 0 0 0 0 0 0 0 0 0 0 0 0 0 0 0 0 1 0 0 0 0 0 0 0 0 0 0 0 0 0 0 0 0 0 0 0 0 0 0 0 0 0 0 0 0 0 0 0 0 0 0 0 0 0 0 0 0 0 0 0 0 0 0 0 0 0 0 0 0 0 0 0 0 0 0 0 0 0 0 0 0 0]
[7038570805469467494862418221036336593172664549429550676216301190146987084256973072739398137219386562025911043550348088180997064889718117721954221990633207026789203339707181793452206731445318315097780648737037778712152270010623487419589187250504936659160692058594941284452009133997524175394090457742580466290 0 0 0 0 0 0 0 0 0 0 0 0 0 0 0 0 0 0 0 0 0 0 0 0 0 0 0 0 0 0 0 0 0 0 0 0 1 0 0 0 0 0 0 0 0 0 0 0 0 0 0 0 0 0 0 0 0 0 0 0 0 0 0 0 0 0 0 0 0 0 0 0 0 0 0 0 0 0 0 0 0 0 0 0 0 0 0 0 0 0 0 0 0 0 0 0 0 0 0 0 0]
[3044989879398300196844261275296291681707547967638188534584328742370353213754056778691501511617829117098386928048882858708816124202857850855913949551778184521325518988196341280327221322967042027505610983824790243548701385942524163342069763956023833735866613133303289888130688535804840725056540927833258155516 0 0 0 0 0 0 0 0 0 0 0 0 0 0 0 0 0 0 0 0 0 0 0 0 0 0 0 0 0 0 0 0 0 0 0 0 0 1 0 0 0 0 0 0 0 0 0 0 0 0 0 0 0 0 0 0 0 0 0 0 0 0 0 0 0 0 0 0 0 0 0 0 0 0 0 0 0 0 0 0 0 0 0 0 0 0 0 0 0 0 0 0 0 0 0 0 0 0 0 0 0]
[3976088548017175216089795172968873402972694085950655201876113907851988460961133948408017312252876622911723277235971363217758094854157042823224903414483620611971605478056274864509826498046812219672066508496551271928364233569202346956671927422579455427854179744084009439554010394178030096973575756622735140823 0 0 0 0 0 0 0 0 0 0 0 0 0 0 0 0 0 0 0 0 0 0 0 0 0 0 0 0 0 0 0 0 0 0 0 0 0 0 1 0 0 0 0 0 0 0 0 0 0 0 0 0 0 0 0 0 0 0 0 0 0 0 0 0 0 0 0 0 0 0 0 0 0 0 0 0 0 0 0 0 0 0 0 0 0 0 0 0 0 0 0 0 0 0 0 0 0 0 0 0 0]
[1776556346612845386850236454956848083081369500528398957750899457051918532191084735235804020433621332967340337858253457888020762393242056487569847612220255268412325784979667852903763425332458835125907655197619255266696344155303173201726751136359499782200425959742106966045405603615671458943375380670573825309 0 0 0 0 0 0 0 0 0 0 0 0 0 0 0 0 0 0 0 0 0 0 0 0 0 0 0 0 0 0 0 0 0 0 0 0 0 0 0 1 0 0 0 0 0 0 0 0 0 0 0 0 0 0 0 0 0 0 0 0 0 0 0 0 0 0 0 0 0 0 0 0 0 0 0 0 0 0 0 0 0 0 0 0 0 0 0 0 0 0 0 0 0 0 0 0 0 0 0 0 0]
[2862120975045319079046799462439279393882758391147950611350854793092887263945600264913749240678306528684830917993733682000875334300441737255432250669137506078433246410703515790491939671528841900117929331290334710644086589582686732997636874579459778353660513384355497210863672477627498337535528709806514460756 0 0 0 0 0 0 0 0 0 0 0 0 0 0 0 0 0 0 0 0 0 0 0 0 0 0 0 0 0 0 0 0 0 0 0 0 0 0 0 0 1 0 0 0 0 0 0 0 0 0 0 0 0 0 0 0 0 0 0 0 0 0 0 0 0 0 0 0 0 0 0 0 0 0 0 0 0 0 0 0 0 0 0 0 0 0 0 0 0 0 0 0 0 0 0 0 0 0 0 0 0]
[7299397200915531313890212630522127756509483499952603489466359264134456253581164645689050630150979794753423955738639233019608939746357046202561236736013352369211517557467003193844174835898517485842050439079961486633132578086052762692455860670133563888980833272744118040754345105578759782299928545213441483031 0 0 0 0 0 0 0 0 0 0 0 0 0 0 0 0 0 0 0 0 0 0 0 0 0 0 0 0 0 0 0 0 0 0 0 0 0 0 0 0 0 1 0 0 0 0 0 0 0 0 0 0 0 0 0 0 0 0 0 0 0 0 0 0 0 0 0 0 0 0 0 0 0 0 0 0 0 0 0 0 0 0 0 0 0 0 0 0 0 0 0 0 0 0 0 0 0 0 0 0 0]
[6818837433698752355520418529566814706351082434219456474120976173950997548181625266042187445601386495244865329814051962767833865754863645040070043657157635025568366301442335822398734319997762346802878298636529299406194037222893645056572239444602093065437393662914607333294386570293741876561166232114181208740 0 0 0 0 0 0 0 0 0 0 0 0 0 0 0 0 0 0 0 0 0 0 0 0 0 0 0 0 0 0 0 0 0 0 0 0 0 0 0 0 0 0 1 0 0 0 0 0 0 0 0 0 0 0 0 0 0 0 0 0 0 0 0 0 0 0 0 0 0 0 0 0 0 0 0 0 0 0 0 0 0 0 0 0 0 0 0 0 0 0 0 0 0 0 0 0 0 0 0 0 0]
[454164211719547109641131951551676008936269328341248833629188566267330048027179872198287532764009427721879996208559432675860130098892425962493454260045407630197787728461414723023010576216704209543261906491190835046338691562567718671898909761817516423089688179344986456609408381517269414845987680613929443835 0 0 0 0 0 0 0 0 0 0 0 0 0 0 0 0 0 0 0 0 0 0 0 0 0 0 0 0 0 0 0 0 0 0 0 0 0 0 0 0 0 0 0 1 0 0 0 0 0 0 0 0 0 0 0 0 0 0 0 0 0 0 0 0 0 0 0 0 0 0 0 0 0 0 0 0 0 0 0 0 0 0 0 0 0 0 0 0 0 0 0 0 0 0 0 0 0 0 0 0 0]
[2894585134028127274088986249331273264633934473656122031923511508920943751844124635806519716196045770362488713917336246525429928263217823434376562491173769196066262566135959698232590878313059586639474633109921932025197223349829398566679690644739979307011405850820748729676482238518634927094230794123184242014 0 0 0 0 0 0 0 0 0 0 0 0 0 0 0 0 0 0 0 0 0 0 0 0 0 0 0 0 0 0 0 0 0 0 0 0 0 0 0 0 0 0 0 0 1 0 0 0 0 0 0 0 0 0 0 0 0 0 0 0 0 0 0 0 0 0 0 0 0 0 0 0 0 0 0 0 0 0 0 0 0 0 0 0 0 0 0 0 0 0 0 0 0 0 0 0 0 0 0 0 0]
[5705030472353061652670220131365520624149356622543927883031310935950503167739223925218873449975369758073955178006501624972847435312785764384145945751700535998617314148288351201166495877333066053150015124803443980211074869006806966388755862791177205931252640169678884010923300454804960039309623100640605670647 0 0 0 0 0 0 0 0 0 0 0 0 0 0 0 0 0 0 0 0 0 0 0 0 0 0 0 0 0 0 0 0 0 0 0 0 0 0 0 0 0 0 0 0 0 1 0 0 0 0 0 0 0 0 0 0 0 0 0 0 0 0 0 0 0 0 0 0 0 0 0 0 0 0 0 0 0 0 0 0 0 0 0 0 0 0 0 0 0 0 0 0 0 0 0 0 0 0 0 0 0]
[3005236178640387133722877742310788839644842126205985775918792788542115384730931536526319563931125138767359687525062867893641738154117634919274342578228543472353647963749008512040702968023874716003501151848489869016541299825473136433605292212231084261901475136368998568208284004438080019033227117057547932331 0 0 0 0 0 0 0 0 0 0 0 0 0 0 0 0 0 0 0 0 0 0 0 0 0 0 0 0 0 0 0 0 0 0 0 0 0 0 0 0 0 0 0 0 0 0 1 0 0 0 0 0 0 0 0 0 0 0 0 0 0 0 0 0 0 0 0 0 0 0 0 0 0 0 0 0 0 0 0 0 0 0 0 0 0 0 0 0 0 0 0 0 0 0 0 0 0 0 0 0 0]
[3678339173728199792608219861769144922610453890111744073638369575830345537147855935540536104521895427994732078413622037085795620405618179099926208381303033834743947148754097355084256174996225941576087080731801729971987553246001535899966028242833938511704382786669472232940077328801456378184228633301846144725 0 0 0 0 0 0 0 0 0 0 0 0 0 0 0 0 0 0 0 0 0 0 0 0 0 0 0 0 0 0 0 0 0 0 0 0 0 0 0 0 0 0 0 0 0 0 0 1 0 0 0 0 0 0 0 0 0 0 0 0 0 0 0 0 0 0 0 0 0 0 0 0 0 0 0 0 0 0 0 0 0 0 0 0 0 0 0 0 0 0 0 0 0 0 0 0 0 0 0 0 0]
[4854557569211671009075618878475794175553495612994265800726491657536761083735000390495948391250800884813374429755498560521946761305304103829865954419459671666186721402793791401218047819347796458830746239260601671902242750919610047410706069714083286750920824150820006331460318848417193886438095207767319269957 0 0 0 0 0 0 0 0 0 0 0 0 0 0 0 0 0 0 0 0 0 0 0 0 0 0 0 0 0 0 0 0 0 0 0 0 0 0 0 0 0 0 0 0 0 0 0 0 1 0 0 0 0 0 0 0 0 0 0 0 0 0 0 0 0 0 0 0 0 0 0 0 0 0 0 0 0 0 0 0 0 0 0 0 0 0 0 0 0 0 0 0 0 0 0 0 0 0 0 0 0]
[8380945373069093330121105053780489362337762831900064597750341352165442824361530271513194671122286785015071868586087080826673918315964000827108333239305682002295280531226482625763319754468492237370720015958335490451240637727710848146636684565167196283983533801769015571707955057146115728373915770151007772583 0 0 0 0 0 0 0 0 0 0 0 0 0 0 0 0 0 0 0 0 0 0 0 0 0 0 0 0 0 0 0 0 0 0 0 0 0 0 0 0 0 0 0 0 0 0 0 0 0 1 0 0 0 0 0 0 0 0 0 0 0 0 0 0 0 0 0 0 0 0 0 0 0 0 0 0 0 0 0 0 0 0 0 0 0 0 0 0 0 0 0 0 0 0 0 0 0 0 0 0 0]
[3822314804099252992233597734783946712081927535678516037208772358770898847309991660759630264877758011995802512968545883855455208880817621039715271268548193068835594372296555765397600974383399187343373312699984801189651521937895757075961943085422681520618445379207256050283682198735430409287157275453199929305 0 0 0 0 0 0 0 0 0 0 0 0 0 0 0 0 0 0 0 0 0 0 0 0 0 0 0 0 0 0 0 0 0 0 0 0 0 0 0 0 0 0 0 0 0 0 0 0 0 0 1 0 0 0 0 0 0 0 0 0 0 0 0 0 0 0 0 0 0 0 0 0 0 0 0 0 0 0 0 0 0 0 0 0 0 0 0 0 0 0 0 0 0 0 0 0 0 0 0 0 0]
[2914335636602413878834613648720217989168170354950436588295870501147417241373397603294026698213539464686905550397024233138671304273084179950008955796433109863334856414917171696446540779044559651869581780822399818885694924973023532964630136088091719952430646815646790496905781491397117372113681307475124490762 0 0 0 0 0 0 0 0 0 0 0 0 0 0 0 0 0 0 0 0 0 0 0 0 0 0 0 0 0 0 0 0 0 0 0 0 0 0 0 0 0 0 0 0 0 0 0 0 0 0 0 1 0 0 0 0 0 0 0 0 0 0 0 0 0 0 0 0 0 0 0 0 0 0 0 0 0 0 0 0 0 0 0 0 0 0 0 0 0 0 0 0 0 0 0 0 0 0 0 0 0]
[2278410081095315472303722809346827171928947811482480843997032773776386962705807565808632646291951364038222261497764779379462127895928387179244872331786549421606451357689274730994923138477090954482615185731833457870781765201230771986374832096464250828461700405242933860973042577556458801120070167447179756568 0 0 0 0 0 0 0 0 0 0 0 0 0 0 0 0 0 0 0 0 0 0 0 0 0 0 0 0 0 0 0 0 0 0 0 0 0 0 0 0 0 0 0 0 0 0 0 0 0 0 0 0 1 0 0 0 0 0 0 0 0 0 0 0 0 0 0 0 0 0 0 0 0 0 0 0 0 0 0 0 0 0 0 0 0 0 0 0 0 0 0 0 0 0 0 0 0 0 0 0 0]
[2105623448477536820139221507079602459198325054733058379441177292921891749497374361972954100599741673449372206553454990885250465859754371943107128782787714283890473367567271090400415627239312090660965200169257787956999948709931753338072786944740799068574511867705410632384955839358062813313111171303347639422 0 0 0 0 0 0 0 0 0 0 0 0 0 0 0 0 0 0 0 0 0 0 0 0 0 0 0 0 0 0 0 0 0 0 0 0 0 0 0 0 0 0 0 0 0 0 0 0 0 0 0 0 0 1 0 0 0 0 0 0 0 0 0 0 0 0 0 0 0 0 0 0 0 0 0 0 0 0 0 0 0 0 0 0 0 0 0 0 0 0 0 0 0 0 0 0 0 0 0 0 0]
[2781228006972820277711882453897056012675687342662950091109551670900406343014822390073457342208738438823592273720885586604150089528887050430742231482215485499986958507672176501105156769674786475267098090913809702012651092639707592379551776297560501998532233259577183982929517182470890934435907595883292460786 0 0 0 0 0 0 0 0 0 0 0 0 0 0 0 0 0 0 0 0 0 0 0 0 0 0 0 0 0 0 0 0 0 0 0 0 0 0 0 0 0 0 0 0 0 0 0 0 0 0 0 0 0 0 1 0 0 0 0 0 0 0 0 0 0 0 0 0 0 0 0 0 0 0 0 0 0 0 0 0 0 0 0 0 0 0 0 0 0 0 0 0 0 0 0 0 0 0 0 0 0]
[5967129586096929931507355351828062344975697025519117248302914565260392637264117070895390106042032399696096527469164774832376833271462592327571493898524504904237489835475054428821681293783701480132483683267870029790148711393984762976340099510154448606970136156466590892299294721585034359683384395659866292775 0 0 0 0 0 0 0 0 0 0 0 0 0 0 0 0 0 0 0 0 0 0 0 0 0 0 0 0 0 0 0 0 0 0 0 0 0 0 0 0 0 0 0 0 0 0 0 0 0 0 0 0 0 0 0 1 0 0 0 0 0 0 0 0 0 0 0 0 0 0 0 0 0 0 0 0 0 0 0 0 0 0 0 0 0 0 0 0 0 0 0 0 0 0 0 0 0 0 0 0 0]
[6817051221249805893652979159318815214174590070839810345135433426032179687977240540804258872375502103228414944431854900368078088075933587906705713840587354816069292334402492357368945144911005099856267991900339239477244531884447304597748624860189690987864910257941349853813567522397632759538875328974874403527 0 0 0 0 0 0 0 0 0 0 0 0 0 0 0 0 0 0 0 0 0 0 0 0 0 0 0 0 0 0 0 0 0 0 0 0 0 0 0 0 0 0 0 0 0 0 0 0 0 0 0 0 0 0 0 0 1 0 0 0 0 0 0 0 0 0 0 0 0 0 0 0 0 0 0 0 0 0 0 0 0 0 0 0 0 0 0 0 0 0 0 0 0 0 0 0 0 0 0 0 0]
[5606112315944593365289997200204785801695192081361295672519380149242833986378508709137056775926956700196755067166366467573069582990101613202732857690195540551114372687274124375240399989558296525569435846430374468269324952043518341021739463724861002696291082666185379507700119971214718400417838512656952900259 0 0 0 0 0 0 0 0 0 0 0 0 0 0 0 0 0 0 0 0 0 0 0 0 0 0 0 0 0 0 0 0 0 0 0 0 0 0 0 0 0 0 0 0 0 0 0 0 0 0 0 0 0 0 0 0 0 1 0 0 0 0 0 0 0 0 0 0 0 0 0 0 0 0 0 0 0 0 0 0 0 0 0 0 0 0 0 0 0 0 0 0 0 0 0 0 0 0 0 0 0]
[4667187419813880471768977961379565634844288434728445365114758345917552627281044058959399212666014089650681340994648846969679955035424147651550220547436771365515221244026559553358978567650287909919710717872815958045051381524715121286850434233149132797321724020663303851743338043750755824598175128839032697606 0 0 0 0 0 0 0 0 0 0 0 0 0 0 0 0 0 0 0 0 0 0 0 0 0 0 0 0 0 0 0 0 0 0 0 0 0 0 0 0 0 0 0 0 0 0 0 0 0 0 0 0 0 0 0 0 0 0 1 0 0 0 0 0 0 0 0 0 0 0 0 0 0 0 0 0 0 0 0 0 0 0 0 0 0 0 0 0 0 0 0 0 0 0 0 0 0 0 0 0 0]
[1197136199404007532010432312778266092485346084861875354756876596320990923170692156356449124756452557352758255935862956737827738552480298580620468029611034132276238862825140847007759001910344292957577441475994614694637224586841779685963894674390059387439852155224775025272209234662687420169660764373291424160 0 0 0 0 0 0 0 0 0 0 0 0 0 0 0 0 0 0 0 0 0 0 0 0 0 0 0 0 0 0 0 0 0 0 0 0 0 0 0 0 0 0 0 0 0 0 0 0 0 0 0 0 0 0 0 0 0 0 0 1 0 0 0 0 0 0 0 0 0 0 0 0 0 0 0 0 0 0 0 0 0 0 0 0 0 0 0 0 0 0 0 0 0 0 0 0 0 0 0 0 0]
[8300509648129271448019748398762654520239723489696817963418594122486233003239560628686558963222282749707675096614523213238905342260528872588435981840380874871135360012510672483324754927975722891138547680040954720351865756422011648805292274971808435475633165071300277154599476438214003571618028843881164960340 0 0 0 0 0 0 0 0 0 0 0 0 0 0 0 0 0 0 0 0 0 0 0 0 0 0 0 0 0 0 0 0 0 0 0 0 0 0 0 0 0 0 0 0 0 0 0 0 0 0 0 0 0 0 0 0 0 0 0 0 1 0 0 0 0 0 0 0 0 0 0 0 0 0 0 0 0 0 0 0 0 0 0 0 0 0 0 0 0 0 0 0 0 0 0 0 0 0 0 0 0]
[7964088152721315528385982085733353806219242724163770042664870502159361021500569905858006565493802707008181627935782690033175713464294621900904277245343462361741922984903420404018095337997421656966168421581078573059298335544248203200128168551820575516028142898588443434106509545544220216993987068120448297391 0 0 0 0 0 0 0 0 0 0 0 0 0 0 0 0 0 0 0 0 0 0 0 0 0 0 0 0 0 0 0 0 0 0 0 0 0 0 0 0 0 0 0 0 0 0 0 0 0 0 0 0 0 0 0 0 0 0 0 0 0 1 0 0 0 0 0 0 0 0 0 0 0 0 0 0 0 0 0 0 0 0 0 0 0 0 0 0 0 0 0 0 0 0 0 0 0 0 0 0 0]
[5619250815685171555102088381235688835310065317359886365267620126055206750688580081264646825123112282456851250818965691535561386206274710260057963427939954248276933159363695480723469280826308358784163559685772797206061952741583012238003894642616030818000612022842652085409473575185059553276036738100811605420 0 0 0 0 0 0 0 0 0 0 0 0 0 0 0 0 0 0 0 0 0 0 0 0 0 0 0 0 0 0 0 0 0 0 0 0 0 0 0 0 0 0 0 0 0 0 0 0 0 0 0 0 0 0 0 0 0 0 0 0 0 0 1 0 0 0 0 0 0 0 0 0 0 0 0 0 0 0 0 0 0 0 0 0 0 0 0 0 0 0 0 0 0 0 0 0 0 0 0 0 0]
[4902290602072183849828380917666576948317234620881530618523948203354251999813942742597567242254851248003405330200086838647189745203805986930450733427489391053281922097184487298859296563098748126397788021521585919137682437857994458871794539849626730210648333299964598097760287409528723075538487107318462110185 0 0 0 0 0 0 0 0 0 0 0 0 0 0 0 0 0 0 0 0 0 0 0 0 0 0 0 0 0 0 0 0 0 0 0 0 0 0 0 0 0 0 0 0 0 0 0 0 0 0 0 0 0 0 0 0 0 0 0 0 0 0 0 1 0 0 0 0 0 0 0 0 0 0 0 0 0 0 0 0 0 0 0 0 0 0 0 0 0 0 0 0 0 0 0 0 0 0 0 0 0]
[5977925097519932096340979680665454176089299503691973827134918614275658731778593939390182197106921818159682753980170774789431482646450034362340066495398861817430298192956385367989255875394718031380627642744181830132745077836461780716312090530373045656570286082849936240062635938297899801686960347297764459767 0 0 0 0 0 0 0 0 0 0 0 0 0 0 0 0 0 0 0 0 0 0 0 0 0 0 0 0 0 0 0 0 0 0 0 0 0 0 0 0 0 0 0 0 0 0 0 0 0 0 0 0 0 0 0 0 0 0 0 0 0 0 0 0 1 0 0 0 0 0 0 0 0 0 0 0 0 0 0 0 0 0 0 0 0 0 0 0 0 0 0 0 0 0 0 0 0 0 0 0 0]
[4905561031050436870622476200597965170092246098457646860687264735500622143148927934565433194789857312475778204859189393703740560927833021817969913777907392991389287883740072948366356981866950445409391550113635338995818736282210092361852430841534357000249346650239875418903256563572849396928403543174784139892 0 0 0 0 0 0 0 0 0 0 0 0 0 0 0 0 0 0 0 0 0 0 0 0 0 0 0 0 0 0 0 0 0 0 0 0 0 0 0 0 0 0 0 0 0 0 0 0 0 0 0 0 0 0 0 0 0 0 0 0 0 0 0 0 0 1 0 0 0 0 0 0 0 0 0 0 0 0 0 0 0 0 0 0 0 0 0 0 0 0 0 0 0 0 0 0 0 0 0 0 0]
[3003160503429973791328657577308746173501486559920491874314449905353407323691390915886830652151763777315311497590227480698601704617210843677844182378987008041451763762579311391160282045627778104176505372875977723726792599913973501364682090080330666387465306182518618923046816506838387969807197544495272112471 0 0 0 0 0 0 0 0 0 0 0 0 0 0 0 0 0 0 0 0 0 0 0 0 0 0 0 0 0 0 0 0 0 0 0 0 0 0 0 0 0 0 0 0 0 0 0 0 0 0 0 0 0 0 0 0 0 0 0 0 0 0 0 0 0 0 1 0 0 0 0 0 0 0 0 0 0 0 0 0 0 0 0 0 0 0 0 0 0 0 0 0 0 0 0 0 0 0 0 0 0]
[5137456185456839491162338059071612003945468623928984942842134912959713705928022020832701422473857637983444582133793044800108641614812824986893993372683632746252251288555612378115207776265944260242915904292142640742369649450046325211590122276701583131228220140170478389495578107138911278108538837764341885096 0 0 0 0 0 0 0 0 0 0 0 0 0 0 0 0 0 0 0 0 0 0 0 0 0 0 0 0 0 0 0 0 0 0 0 0 0 0 0 0 0 0 0 0 0 0 0 0 0 0 0 0 0 0 0 0 0 0 0 0 0 0 0 0 0 0 0 1 0 0 0 0 0 0 0 0 0 0 0 0 0 0 0 0 0 0 0 0 0 0 0 0 0 0 0 0 0 0 0 0 0]
[7702273529103267104742457602638586203381083683867917779967840517648317550719989563483201359356452648973006791929362410873064761643734325724447040221923169316398337966131741821391211112083080982802203468358276615453911736549064153687919424967248246341679787321448739258562597393386376121834908370976284138678 0 0 0 0 0 0 0 0 0 0 0 0 0 0 0 0 0 0 0 0 0 0 0 0 0 0 0 0 0 0 0 0 0 0 0 0 0 0 0 0 0 0 0 0 0 0 0 0 0 0 0 0 0 0 0 0 0 0 0 0 0 0 0 0 0 0 0 0 1 0 0 0 0 0 0 0 0 0 0 0 0 0 0 0 0 0 0 0 0 0 0 0 0 0 0 0 0 0 0 0 0]
[5173643645404925557748152020462667791390076358949644151587392355803968703426889662131847290868414155004354648338442618355024788829486481555779146779860999738262248702226674243960679819789926239034008445685437690975028440803127155873208312052048732653040223663467167438263561997199566186305076478618484430505 0 0 0 0 0 0 0 0 0 0 0 0 0 0 0 0 0 0 0 0 0 0 0 0 0 0 0 0 0 0 0 0 0 0 0 0 0 0 0 0 0 0 0 0 0 0 0 0 0 0 0 0 0 0 0 0 0 0 0 0 0 0 0 0 0 0 0 0 0 1 0 0 0 0 0 0 0 0 0 0 0 0 0 0 0 0 0 0 0 0 0 0 0 0 0 0 0 0 0 0 0]
[2964217084599191413623916018983637799248507847228371546929971256210305245017859176801648335972163916780819914782308005582787738211051196394998741658800826983227868793380615430738407897446548193253779803019762703537800405612787127431373185038668118598535913748457798780499928988483628091521578653821893919444 0 0 0 0 0 0 0 0 0 0 0 0 0 0 0 0 0 0 0 0 0 0 0 0 0 0 0 0 0 0 0 0 0 0 0 0 0 0 0 0 0 0 0 0 0 0 0 0 0 0 0 0 0 0 0 0 0 0 0 0 0 0 0 0 0 0 0 0 0 0 1 0 0 0 0 0 0 0 0 0 0 0 0 0 0 0 0 0 0 0 0 0 0 0 0 0 0 0 0 0 0]
[1707872313190241433171228191319627055364021616059995833016250940673234052982079666904370429742249472668787176789087279888250283061440699870945109282942705187999841622514367873711026281703110745440046199594027117824038353664392559372728743631420296481421442798684345245113480815879221663683893649263560632534 0 0 0 0 0 0 0 0 0 0 0 0 0 0 0 0 0 0 0 0 0 0 0 0 0 0 0 0 0 0 0 0 0 0 0 0 0 0 0 0 0 0 0 0 0 0 0 0 0 0 0 0 0 0 0 0 0 0 0 0 0 0 0 0 0 0 0 0 0 0 0 1 0 0 0 0 0 0 0 0 0 0 0 0 0 0 0 0 0 0 0 0 0 0 0 0 0 0 0 0 0]
[6030774089136204863545531661143477297528179505907099370654121893424851859848230883827346096717476644479825719955298044326756514463928504889820329723206792625992064274291056265524087776797963041233865649769578017536286970695819650580785408392876327513752676768773746840717705202116239345767918907060933823572 0 0 0 0 0 0 0 0 0 0 0 0 0 0 0 0 0 0 0 0 0 0 0 0 0 0 0 0 0 0 0 0 0 0 0 0 0 0 0 0 0 0 0 0 0 0 0 0 0 0 0 0 0 0 0 0 0 0 0 0 0 0 0 0 0 0 0 0 0 0 0 0 1 0 0 0 0 0 0 0 0 0 0 0 0 0 0 0 0 0 0 0 0 0 0 0 0 0 0 0 0]
[8028303121409826523643739770102701890432958842937764024753470348041625310429868385576145604949683041699093602668026006383505706855879404727724777615419670146193467945336840991355872303833673605528853661488400691537331242116247722280077368456846807197861556680728779056539740258871670186781144887797811227214 0 0 0 0 0 0 0 0 0 0 0 0 0 0 0 0 0 0 0 0 0 0 0 0 0 0 0 0 0 0 0 0 0 0 0 0 0 0 0 0 0 0 0 0 0 0 0 0 0 0 0 0 0 0 0 0 0 0 0 0 0 0 0 0 0 0 0 0 0 0 0 0 0 1 0 0 0 0 0 0 0 0 0 0 0 0 0 0 0 0 0 0 0 0 0 0 0 0 0 0 0]
[491546948075354024918729568036244698101876519681996301607013690567414559075695084610647764929536256304561954041858614091819875853085797885675014264356065676938091943410372515434969465354279844650717067521469053729098744380073472580788910733184408321224951188749418802719158361229538579038209547094678919846 0 0 0 0 0 0 0 0 0 0 0 0 0 0 0 0 0 0 0 0 0 0 0 0 0 0 0 0 0 0 0 0 0 0 0 0 0 0 0 0 0 0 0 0 0 0 0 0 0 0 0 0 0 0 0 0 0 0 0 0 0 0 0 0 0 0 0 0 0 0 0 0 0 0 1 0 0 0 0 0 0 0 0 0 0 0 0 0 0 0 0 0 0 0 0 0 0 0 0 0 0]
[1549950996897301747745207563748126448665316064538386677570752559418781453012668038583262388753738939218385243113630335937945774744755442507613571783129548152556285180336176525181801041346154869926908003637687134135426136519414739309389642758758657379701364847897658087902833728544165417092611129019334566977 0 0 0 0 0 0 0 0 0 0 0 0 0 0 0 0 0 0 0 0 0 0 0 0 0 0 0 0 0 0 0 0 0 0 0 0 0 0 0 0 0 0 0 0 0 0 0 0 0 0 0 0 0 0 0 0 0 0 0 0 0 0 0 0 0 0 0 0 0 0 0 0 0 0 0 1 0 0 0 0 0 0 0 0 0 0 0 0 0 0 0 0 0 0 0 0 0 0 0 0 0]
[3143461582692288872740418386861631482425236176981606160130985341904480231733820066707432532203552724357899141553753880015881042930922039187092983506347432184163475005497150820997681670265791745288413469896916674921516032140866942287533376996219268756342462974661485751227452168542173855308373848157183880524 0 0 0 0 0 0 0 0 0 0 0 0 0 0 0 0 0 0 0 0 0 0 0 0 0 0 0 0 0 0 0 0 0 0 0 0 0 0 0 0 0 0 0 0 0 0 0 0 0 0 0 0 0 0 0 0 0 0 0 0 0 0 0 0 0 0 0 0 0 0 0 0 0 0 0 0 1 0 0 0 0 0 0 0 0 0 0 0 0 0 0 0 0 0 0 0 0 0 0 0 0]
[7791211511997163481685871467534933957958857148062358945129896173372909538978638826806794620610935930686644366172246600584249518647165987657681197984233456582722438800657574645879721483716761332549966813554322627813630128047713696821596894305445512394903300882124516988819385105810457787681253796152534657165 0 0 0 0 0 0 0 0 0 0 0 0 0 0 0 0 0 0 0 0 0 0 0 0 0 0 0 0 0 0 0 0 0 0 0 0 0 0 0 0 0 0 0 0 0 0 0 0 0 0 0 0 0 0 0 0 0 0 0 0 0 0 0 0 0 0 0 0 0 0 0 0 0 0 0 0 0 1 0 0 0 0 0 0 0 0 0 0 0 0 0 0 0 0 0 0 0 0 0 0 0]
[4018776636474888992905173342805427443445823236346186153096106871048185600368337750274772893931755102060202143036750162021416262682324758929989123648896338698910094685528400044580369945569097861505771102564412984909844246405730689906368866182652844088405073719356433107847881667166050684715075695883387901950 0 0 0 0 0 0 0 0 0 0 0 0 0 0 0 0 0 0 0 0 0 0 0 0 0 0 0 0 0 0 0 0 0 0 0 0 0 0 0 0 0 0 0 0 0 0 0 0 0 0 0 0 0 0 0 0 0 0 0 0 0 0 0 0 0 0 0 0 0 0 0 0 0 0 0 0 0 0 1 0 0 0 0 0 0 0 0 0 0 0 0 0 0 0 0 0 0 0 0 0 0]
[4047466502042298298336588365930229974444756872934081643737702162693029818481931954042620580539269116358936520028939752465228966776364833277361112331544198383512451627633912635248946157361581388043584279471228060512640858931644483612375442349185718615559787918910208779945843780244632866635497776732585254794 0 0 0 0 0 0 0 0 0 0 0 0 0 0 0 0 0 0 0 0 0 0 0 0 0 0 0 0 0 0 0 0 0 0 0 0 0 0 0 0 0 0 0 0 0 0 0 0 0 0 0 0 0 0 0 0 0 0 0 0 0 0 0 0 0 0 0 0 0 0 0 0 0 0 0 0 0 0 0 1 0 0 0 0 0 0 0 0 0 0 0 0 0 0 0 0 0 0 0 0 0]
[4983586528400824386812635066313841194065242843840957234511547634965642173837387660503817084784883246922279531763270066178717088487875869635038623575726951583513817315312073730608465884385186719682630535117889226247200180565058605290939374007637805090861799261927413294798674204734364277151330869433884253768 0 0 0 0 0 0 0 0 0 0 0 0 0 0 0 0 0 0 0 0 0 0 0 0 0 0 0 0 0 0 0 0 0 0 0 0 0 0 0 0 0 0 0 0 0 0 0 0 0 0 0 0 0 0 0 0 0 0 0 0 0 0 0 0 0 0 0 0 0 0 0 0 0 0 0 0 0 0 0 0 1 0 0 0 0 0 0 0 0 0 0 0 0 0 0 0 0 0 0 0 0]
[8089969996347024204273227468486475105023989968663817223313058989908053327019178347777614188129504331710123158510236446977656384306961507578606636698705030465214346684200304422038302857086813938435182271287717695910386264242112843354423975728673072981436112647528073589010372588071190069230148481162246231186 0 0 0 0 0 0 0 0 0 0 0 0 0 0 0 0 0 0 0 0 0 0 0 0 0 0 0 0 0 0 0 0 0 0 0 0 0 0 0 0 0 0 0 0 0 0 0 0 0 0 0 0 0 0 0 0 0 0 0 0 0 0 0 0 0 0 0 0 0 0 0 0 0 0 0 0 0 0 0 0 0 1 0 0 0 0 0 0 0 0 0 0 0 0 0 0 0 0 0 0 0]
[6523097718061607860457614019143263147407265306883949877086569450421341107653361392264228485648187982979740687720112930338953792506895498840338563883518265983047157354381727635164134148139754839980415838297271179623938901854286244355008153123325013783150591448696841415312056624400618411223574680501416318501 0 0 0 0 0 0 0 0 0 0 0 0 0 0 0 0 0 0 0 0 0 0 0 0 0 0 0 0 0 0 0 0 0 0 0 0 0 0 0 0 0 0 0 0 0 0 0 0 0 0 0 0 0 0 0 0 0 0 0 0 0 0 0 0 0 0 0 0 0 0 0 0 0 0 0 0 0 0 0 0 0 0 1 0 0 0 0 0 0 0 0 0 0 0 0 0 0 0 0 0 0]
[1798634285543606622794982792856008902477726056232512281393743035449522927943068696700264905525219379072628575880757021717009986567567515357117947828170380542885071217206503763012091059094108998886263164343421746680024741706688327047587382606876765840058373709007380791586597574413572021402094730912135909934 0 0 0 0 0 0 0 0 0 0 0 0 0 0 0 0 0 0 0 0 0 0 0 0 0 0 0 0 0 0 0 0 0 0 0 0 0 0 0 0 0 0 0 0 0 0 0 0 0 0 0 0 0 0 0 0 0 0 0 0 0 0 0 0 0 0 0 0 0 0 0 0 0 0 0 0 0 0 0 0 0 0 0 1 0 0 0 0 0 0 0 0 0 0 0 0 0 0 0 0 0]
[5448622665425250193851110586314627910340483371086808049285789137668145469336198069050274064609989598403076771602619049634291277350570202574881708450173754601347519382543375693083486974337467555208797093214500531054997041432169055725032794559875277291165078526612604961286684156820923088336159015345403950891 0 0 0 0 0 0 0 0 0 0 0 0 0 0 0 0 0 0 0 0 0 0 0 0 0 0 0 0 0 0 0 0 0 0 0 0 0 0 0 0 0 0 0 0 0 0 0 0 0 0 0 0 0 0 0 0 0 0 0 0 0 0 0 0 0 0 0 0 0 0 0 0 0 0 0 0 0 0 0 0 0 0 0 0 1 0 0 0 0 0 0 0 0 0 0 0 0 0 0 0 0]
[7206835569500662654369668434519351899270181937815425510512812786722541603996380938274123755277581306560146288662604528521857378865835272699731967091017666220292516096187428747594093285276993825455183632395157608276232537109582402368328417807343518535329941153612800728446888449341207481916738092227414243071 0 0 0 0 0 0 0 0 0 0 0 0 0 0 0 0 0 0 0 0 0 0 0 0 0 0 0 0 0 0 0 0 0 0 0 0 0 0 0 0 0 0 0 0 0 0 0 0 0 0 0 0 0 0 0 0 0 0 0 0 0 0 0 0 0 0 0 0 0 0 0 0 0 0 0 0 0 0 0 0 0 0 0 0 0 1 0 0 0 0 0 0 0 0 0 0 0 0 0 0 0]
[5862056232587451440859319609937797687809707885823198561812793812821238297116875667631969230085232400721180107124368542497048057277466460300842028111018880948896172578004547159843505709948421530122125892051161798986891268885800422434400504011152753115590051301239983063619467656101623164275847417056769413074 0 0 0 0 0 0 0 0 0 0 0 0 0 0 0 0 0 0 0 0 0 0 0 0 0 0 0 0 0 0 0 0 0 0 0 0 0 0 0 0 0 0 0 0 0 0 0 0 0 0 0 0 0 0 0 0 0 0 0 0 0 0 0 0 0 0 0 0 0 0 0 0 0 0 0 0 0 0 0 0 0 0 0 0 0 0 1 0 0 0 0 0 0 0 0 0 0 0 0 0 0]
[4063432527623472294122713745940710499098425451696969043055955950350622517722535509101898958128906979121189361018977993885501107518469379060472553301205884698918491214957583428325169684102481211395436637907811316054045070097489359257030277357807459047041151695569750791945204633390558416580494087586886449504 0 0 0 0 0 0 0 0 0 0 0 0 0 0 0 0 0 0 0 0 0 0 0 0 0 0 0 0 0 0 0 0 0 0 0 0 0 0 0 0 0 0 0 0 0 0 0 0 0 0 0 0 0 0 0 0 0 0 0 0 0 0 0 0 0 0 0 0 0 0 0 0 0 0 0 0 0 0 0 0 0 0 0 0 0 0 0 1 0 0 0 0 0 0 0 0 0 0 0 0 0]
[1782742843737869612896345395097525847810004408608982183658431208754082820412957105380062353326408790307196994372036152998010961369412325890142320249254602309263663654472656998753275546068504572000806728985358523735951008661603222576759453631651633447771530616909555441135918733246367615237718131293560334187 0 0 0 0 0 0 0 0 0 0 0 0 0 0 0 0 0 0 0 0 0 0 0 0 0 0 0 0 0 0 0 0 0 0 0 0 0 0 0 0 0 0 0 0 0 0 0 0 0 0 0 0 0 0 0 0 0 0 0 0 0 0 0 0 0 0 0 0 0 0 0 0 0 0 0 0 0 0 0 0 0 0 0 0 0 0 0 0 1 0 0 0 0 0 0 0 0 0 0 0 0]
[2545146162524114657951262217527765743514836513483839421957299089567609257487979889873462221480237711429243402039097760813630315584544005797656948851388740638052004777135014215340096987171689806162320547175538818713543812909923250995427664480967176648497249144651666421059742193610035100522494393513559049836 0 0 0 0 0 0 0 0 0 0 0 0 0 0 0 0 0 0 0 0 0 0 0 0 0 0 0 0 0 0 0 0 0 0 0 0 0 0 0 0 0 0 0 0 0 0 0 0 0 0 0 0 0 0 0 0 0 0 0 0 0 0 0 0 0 0 0 0 0 0 0 0 0 0 0 0 0 0 0 0 0 0 0 0 0 0 0 0 0 1 0 0 0 0 0 0 0 0 0 0 0]
[1560470011776862506888064333442205937609488243842473431624203141472686349517945776044784597633372315535822210877370687616118685466075647553251787721414608038324475135118657197457592474382573568368748670013660054764000661178775224797498180873453912361387698838820510823078635369868193214722776104771296936774 0 0 0 0 0 0 0 0 0 0 0 0 0 0 0 0 0 0 0 0 0 0 0 0 0 0 0 0 0 0 0 0 0 0 0 0 0 0 0 0 0 0 0 0 0 0 0 0 0 0 0 0 0 0 0 0 0 0 0 0 0 0 0 0 0 0 0 0 0 0 0 0 0 0 0 0 0 0 0 0 0 0 0 0 0 0 0 0 0 0 1 0 0 0 0 0 0 0 0 0 0]
[7467218325416987080260458776177673993106178318479118264659912149979432194784665423947448485502580789426610397791447649587902602076727350278318649002644383107040009001303849525687317988621443380017362880735128386489880010891876048182960118233757376848446778208334018250279147994728912700419319492333369392972 0 0 0 0 0 0 0 0 0 0 0 0 0 0 0 0 0 0 0 0 0 0 0 0 0 0 0 0 0 0 0 0 0 0 0 0 0 0 0 0 0 0 0 0 0 0 0 0 0 0 0 0 0 0 0 0 0 0 0 0 0 0 0 0 0 0 0 0 0 0 0 0 0 0 0 0 0 0 0 0 0 0 0 0 0 0 0 0 0 0 0 1 0 0 0 0 0 0 0 0 0]
[348863864760166606093987173064175756546541425417841332111732460533799550261573804842448550972211751371288651836378257714864126286657839414801645358388912694439472713938106805270988993294380955377157512733023668649742131910716830152631830601739620519614088834587848300178049791035165901874185270259053499565 0 0 0 0 0 0 0 0 0 0 0 0 0 0 0 0 0 0 0 0 0 0 0 0 0 0 0 0 0 0 0 0 0 0 0 0 0 0 0 0 0 0 0 0 0 0 0 0 0 0 0 0 0 0 0 0 0 0 0 0 0 0 0 0 0 0 0 0 0 0 0 0 0 0 0 0 0 0 0 0 0 0 0 0 0 0 0 0 0 0 0 0 1 0 0 0 0 0 0 0 0]
[6480091696659328132314607005014246757206963279029948558467228962295466448767785380151557255843752500781448343142502392839103003343484825887199604955643330067145873663969678911804031435125631963454027795030978253871316558469334382718884179825783564338244192333022688040304909064269403378558473992560251509973 0 0 0 0 0 0 0 0 0 0 0 0 0 0 0 0 0 0 0 0 0 0 0 0 0 0 0 0 0 0 0 0 0 0 0 0 0 0 0 0 0 0 0 0 0 0 0 0 0 0 0 0 0 0 0 0 0 0 0 0 0 0 0 0 0 0 0 0 0 0 0 0 0 0 0 0 0 0 0 0 0 0 0 0 0 0 0 0 0 0 0 0 0 1 0 0 0 0 0 0 0]
[8037925842059649431939700459561046297296445177702819289153592999141678479935136866114588953744193565532797043890514778194885072309417552149142042752364784784652014018167231555237924898658287030779040167462994705494772396304988919837546706735184655196529512769833538795784151382571884400579010185100088630635 0 0 0 0 0 0 0 0 0 0 0 0 0 0 0 0 0 0 0 0 0 0 0 0 0 0 0 0 0 0 0 0 0 0 0 0 0 0 0 0 0 0 0 0 0 0 0 0 0 0 0 0 0 0 0 0 0 0 0 0 0 0 0 0 0 0 0 0 0 0 0 0 0 0 0 0 0 0 0 0 0 0 0 0 0 0 0 0 0 0 0 0 0 0 1 0 0 0 0 0 0]
[1829311441344304458597028482702586973746394482271853317988700775924329617727252930798281605564242220692424243693559526348269630847369419240955594959517220680659640070221461767131944154128925598803082332481937249988349301979981925897503698179665771374311624907689416783461393541119945886555633410652378409657 0 0 0 0 0 0 0 0 0 0 0 0 0 0 0 0 0 0 0 0 0 0 0 0 0 0 0 0 0 0 0 0 0 0 0 0 0 0 0 0 0 0 0 0 0 0 0 0 0 0 0 0 0 0 0 0 0 0 0 0 0 0 0 0 0 0 0 0 0 0 0 0 0 0 0 0 0 0 0 0 0 0 0 0 0 0 0 0 0 0 0 0 0 0 0 1 0 0 0 0 0]
[658143074120328275577991499194042517149756967513608964705581924424127642499492755670085031207965582416079194116085280798396280658299478417240417485192400313690884792380995356813706990753064376603309271550924036418835557030384053522804301722372640770765073300110899800167122889295587548702056285800572524511 0 0 0 0 0 0 0 0 0 0 0 0 0 0 0 0 0 0 0 0 0 0 0 0 0 0 0 0 0 0 0 0 0 0 0 0 0 0 0 0 0 0 0 0 0 0 0 0 0 0 0 0 0 0 0 0 0 0 0 0 0 0 0 0 0 0 0 0 0 0 0 0 0 0 0 0 0 0 0 0 0 0 0 0 0 0 0 0 0 0 0 0 0 0 0 0 1 0 0 0 0]
[7464387087991798399066296845701777677899549374302307402763526776049552761831691082448629510536340977480578569815519362514112112535035667071246299995953146644296744789967416527429578458738233629334540139439795141867611302063051208534017736935037459032971715705783856629741180693220191401279294535622734271183 0 0 0 0 0 0 0 0 0 0 0 0 0 0 0 0 0 0 0 0 0 0 0 0 0 0 0 0 0 0 0 0 0 0 0 0 0 0 0 0 0 0 0 0 0 0 0 0 0 0 0 0 0 0 0 0 0 0 0 0 0 0 0 0 0 0 0 0 0 0 0 0 0 0 0 0 0 0 0 0 0 0 0 0 0 0 0 0 0 0 0 0 0 0 0 0 0 1 0 0 0]
[3357296401074802668616041822964181005564967309669407152119192316783124339981705647644727744479364251780201291155107479376897033610340672109785788494649842223862994535406587041544060643868009405609853700290072824392954649307256816377167789359854294120074615525251976748788643059754323380102986682976956974321 0 0 0 0 0 0 0 0 0 0 0 0 0 0 0 0 0 0 0 0 0 0 0 0 0 0 0 0 0 0 0 0 0 0 0 0 0 0 0 0 0 0 0 0 0 0 0 0 0 0 0 0 0 0 0 0 0 0 0 0 0 0 0 0 0 0 0 0 0 0 0 0 0 0 0 0 0 0 0 0 0 0 0 0 0 0 0 0 0 0 0 0 0 0 0 0 0 0 1 0 0]
[6043333549957935527022873127231711015342617031056643024397533679409501335722128479157176163846847798479325169862376774103024646281607041033957066908948621517669935921129968099993780003632378387166353369218987997909685202530620842301028437518423497863655017912963013435182698590076036572654646590482891328319 0 0 0 0 0 0 0 0 0 0 0 0 0 0 0 0 0 0 0 0 0 0 0 0 0 0 0 0 0 0 0 0 0 0 0 0 0 0 0 0 0 0 0 0 0 0 0 0 0 0 0 0 0 0 0 0 0 0 0 0 0 0 0 0 0 0 0 0 0 0 0 0 0 0 0 0 0 0 0 0 0 0 0 0 0 0 0 0 0 0 0 0 0 0 0 0 0 0 0 1 0]
[4295532959889391162209729583850329331851919458142879761976711418835336818203032288782515958522654228810523470184968526081423809261130490528135166772732269160407625943190210364820356154419358318462315071548669766255532343957045498257262577576308096414996697861985387276632256274326233463151973616431442579455 0 0 0 0 0 0 0 0 0 0 0 0 0 0 0 0 0 0 0 0 0 0 0 0 0 0 0 0 0 0 0 0 0 0 0 0 0 0 0 0 0 0 0 0 0 0 0 0 0 0 0 0 0 0 0 0 0 0 0 0 0 0 0 0 0 0 0 0 0 0 0 0 0 0 0 0 0 0 0 0 0 0 0 0 0 0 0 0 0 0 0 0 0 0 0 0 0 0 0 0 1]
]
