[[9440768894180739920485062373975836975493830136393551758781069784029625917508171176903797013762360817782717801976630602440130427672792858153374464994342493329011038875147588846224891500953012987840278039528388142984905345569516115829054606880142521716824326224738758091070422750026613178446418349096235873964137420157904770709812033171558173952058863 0 0 0 0 0 0 0 0 0 0 0 0 0 0 0 0 0 0 0 0 0 0 0 0 0 0 0 0 0 0 0 0 0 0 0 0 0 0 0 0 0 0 0 0 0 0 0 0 0 0 0 0 0 0 0 0 0 0 0 0 0 0 0 0 0 0 0 0 0 0 0 0 0 0 0 0 0 0 0 0 0 0 0 0 0 0 0 0 0 0 0 0 0 0 0 0 0 0 0 0 0 0 0 0 0 0 0 0 0 0 0 0 0 0 0]
[165249971319896999873953771374425895934586133868398815313495545936488447821862572433278582590187255357993452799609098697770436284159976052245928815170040018990908169327494739224950102388773601629014149514161514346060491950146792403749831850248681046961168572165856948188121864136036295402663190235047372656947639803975215729782207531721573833612442 1 0 0 0 0 0 0 0 0 0 0 0 0 0 0 0 0 0 0 0 0 0 0 0 0 0 0 0 0 0 0 0 0 0 0 0 0 0 0 0 0 0 0 0 0 0 0 0 0 0 0 0 0 0 0 0 0 0 0 0 0 0 0 0 0 0 0 0 0 0 0 0 0 0 0 0 0 0 0 0 0 0 0 0 0 0 0 0 0 0 0 0 0 0 0 0 0 0 0 0 0 0 0 0 0 0 0 0 0 0 0 0 0 0 0]
[3999780585819756416262973769104523698292501343946198290410369513786272312726386176409208591753313451164352018269107297336112930676779621875890946355967645545689543961684041843158594709202752232519652712146283819311182275742418342833007685192169844721616211797526189693631312668352872148002845153043928781012150717577973982390318480623842595917511198 0 1 0 0 0 0 0 0 0 0 0 0 0 0 0 0 0 0 0 0 0 0 0 0 0 0 0 0 0 0 0 0 0 0 0 0 0 0 0 0 0 0 0 0 0 0 0 0 0 0 0 0 0 0 0 0 0 0 0 0 0 0 0 0 0 0 0 0 0 0 0 0 0 0 0 0 0 0 0 0 0 0 0 0 0 0 0 0 0 0 0 0 0 0 0 0 0 0 0 0 0 0 0 0 0 0 0 0 0 0 0 0 0 0 0]
[171463071863836355347034966048667563663134328323376074578188676153002987259697515094807960084635676720253720180900796689760923051186660122171139284356089779159807194692600060432348449576628412286653042536184717409098884337574165753491066205658909480542455101402618386277661494035935576296592425860202773524421330606354953155176669563127643507161514 0 0 1 0 0 0 0 0 0 0 0 0 0 0 0 0 0 0 0 0 0 0 0 0 0 0 0 0 0 0 0 0 0 0 0 0 0 0 0 0 0 0 0 0 0 0 0 0 0 0 0 0 0 0 0 0 0 0 0 0 0 0 0 0 0 0 0 0 0 0 0 0 0 0 0 0 0 0 0 0 0 0 0 0 0 0 0 0 0 0 0 0 0 0 0 0 0 0 0 0 0 0 0 0 0 0 0 0 0 0 0 0 0 0 0]
[4172445327093057285010109254728967011410084028359387767559606382788964626341463557917023485258243005929417750463259742677419555344596030787208061148451189890241212184307930852107803715045237699688451689461939411764758540303124116259640489841674111843703760370364190978566500141096905478634819226568029672203386351201584310858331149630830317336063117 0 0 0 1 0 0 0 0 0 0 0 0 0 0 0 0 0 0 0 0 0 0 0 0 0 0 0 0 0 0 0 0 0 0 0 0 0 0 0 0 0 0 0 0 0 0 0 0 0 0 0 0 0 0 0 0 0 0 0 0 0 0 0 0 0 0 0 0 0 0 0 0 0 0 0 0 0 0 0 0 0 0 0 0 0 0 0 0 0 0 0 0 0 0 0 0 0 0 0 0 0 0 0 0 0 0 0 0 0 0 0 0 0 0 0]
[3332609816243131684704707444169866773170306848756638735682789595290069050645445027980762494372723901350843843547328210224805381235999238773470768326782194705561874138060119959843000532733095303882523323935985288979849892014597882952507881444099850982111893723264483201444013486523273470615933371326839122217874468911707023818082503649188007294796063 0 0 0 0 1 0 0 0 0 0 0 0 0 0 0 0 0 0 0 0 0 0 0 0 0 0 0 0 0 0 0 0 0 0 0 0 0 0 0 0 0 0 0 0 0 0 0 0 0 0 0 0 0 0 0 0 0 0 0 0 0 0 0 0 0 0 0 0 0 0 0 0 0 0 0 0 0 0 0 0 0 0 0 0 0 0 0 0 0 0 0 0 0 0 0 0 0 0 0 0 0 0 0 0 0 0 0 0 0 0 0 0 0 0 0]
[3950526558049013868302811331894410945078538953068837676698695126207758161814618251274321209141521100218623735616609238398582642496297976099287285340847182502777785293721650288855385825464664474336305452668460972196218935995898885872959609096513021652758026671942524851915835124648865340127845570263882696707275378175292118307832496776812385799032856 0 0 0 0 0 1 0 0 0 0 0 0 0 0 0 0 0 0 0 0 0 0 0 0 0 0 0 0 0 0 0 0 0 0 0 0 0 0 0 0 0 0 0 0 0 0 0 0 0 0 0 0 0 0 0 0 0 0 0 0 0 0 0 0 0 0 0 0 0 0 0 0 0 0 0 0 0 0 0 0 0 0 0 0 0 0 0 0 0 0 0 0 0 0 0 0 0 0 0 0 0 0 0 0 0 0 0 0 0 0 0 0 0 0 0]
[6665171970371106755606661676036490462125559223792087323019366235606585055521690528289766198356396078902685423513528913996727602598709869557683544685203538856381076515989141224551982070094311237765125516654142914646715172137780124333514676462193769492353447392376116914607958706153872998695158404563668817867630975959478285811200156424383934073895337 0 0 0 0 0 0 1 0 0 0 0 0 0 0 0 0 0 0 0 0 0 0 0 0 0 0 0 0 0 0 0 0 0 0 0 0 0 0 0 0 0 0 0 0 0 0 0 0 0 0 0 0 0 0 0 0 0 0 0 0 0 0 0 0 0 0 0 0 0 0 0 0 0 0 0 0 0 0 0 0 0 0 0 0 0 0 0 0 0 0 0 0 0 0 0 0 0 0 0 0 0 0 0 0 0 0 0 0 0 0 0 0 0 0 0]
[1201759544217368813545726617481339456127703209083108380659622551167588833055670692144274976549126286899162393944272711140858546006661514869644152512936570066289764680936097163072863600050761140959855123526634188698886362737911297668799766889583089725334910637390454394472417808624820738154561895186593364484732093462835101359550338655237061912609100 0 0 0 0 0 0 0 1 0 0 0 0 0 0 0 0 0 0 0 0 0 0 0 0 0 0 0 0 0 0 0 0 0 0 0 0 0 0 0 0 0 0 0 0 0 0 0 0 0 0 0 0 0 0 0 0 0 0 0 0 0 0 0 0 0 0 0 0 0 0 0 0 0 0 0 0 0 0 0 0 0 0 0 0 0 0 0 0 0 0 0 0 0 0 0 0 0 0 0 0 0 0 0 0 0 0 0 0 0 0 0 0 0 0 0]
[8310688794311397196130877521486187623034795610508285459470514522891697769155367520334436374114167768386664653086339322220140804727525537154450474018139000982202294900699640312711781053464056394405881788561172978817163080831698853976955902331456878369435631690921982894448337471524688122622660595492634790864274635844873136362917750272216991907614234 0 0 0 0 0 0 0 0 1 0 0 0 0 0 0 0 0 0 0 0 0 0 0 0 0 0 0 0 0 0 0 0 0 0 0 0 0 0 0 0 0 0 0 0 0 0 0 0 0 0 0 0 0 0 0 0 0 0 0 0 0 0 0 0 0 0 0 0 0 0 0 0 0 0 0 0 0 0 0 0 0 0 0 0 0 0 0 0 0 0 0 0 0 0 0 0 0 0 0 0 0 0 0 0 0 0 0 0 0 0 0 0 0 0 0]
[3993026947856111809774849537729926847620588502938107729646766026802795993228091627329028758803650803353460266750386022963344823999712092410271884963960096160622997598925468760483679946079477143180192037213800275107922669054399374173695767340039253052003262304045025170730988835726129864978608057139521344631546529410088913377272672484078986271195575 0 0 0 0 0 0 0 0 0 1 0 0 0 0 0 0 0 0 0 0 0 0 0 0 0 0 0 0 0 0 0 0 0 0 0 0 0 0 0 0 0 0 0 0 0 0 0 0 0 0 0 0 0 0 0 0 0 0 0 0 0 0 0 0 0 0 0 0 0 0 0 0 0 0 0 0 0 0 0 0 0 0 0 0 0 0 0 0 0 0 0 0 0 0 0 0 0 0 0 0 0 0 0 0 0 0 0 0 0 0 0 0 0 0 0]
[4222691705238587450157938445933371371385609415420086016358760378604308113691047678765205674183051087158418328866032203769999068252215840117994652261612046493632414620106888034749076522754206415190241746662055630701546003896741630042456299724498801761674392631610043868148363754154637742431535805385334381205683070150624979432213085512912432012803869 0 0 0 0 0 0 0 0 0 0 1 0 0 0 0 0 0 0 0 0 0 0 0 0 0 0 0 0 0 0 0 0 0 0 0 0 0 0 0 0 0 0 0 0 0 0 0 0 0 0 0 0 0 0 0 0 0 0 0 0 0 0 0 0 0 0 0 0 0 0 0 0 0 0 0 0 0 0 0 0 0 0 0 0 0 0 0 0 0 0 0 0 0 0 0 0 0 0 0 0 0 0 0 0 0 0 0 0 0 0 0 0 0 0 0]
[2514944719991044668183997706829963141881364388639619095401799114194709675660279502894387628261071850460084381870078646153637634913644970904691272429772911412105621963585054616989777233269359881946426801377904278245533710808657795566887157090664622279799572977026900165496582148886841609564523754548204691261041619893444138492724668574996260717020469 0 0 0 0 0 0 0 0 0 0 0 1 0 0 0 0 0 0 0 0 0 0 0 0 0 0 0 0 0 0 0 0 0 0 0 0 0 0 0 0 0 0 0 0 0 0 0 0 0 0 0 0 0 0 0 0 0 0 0 0 0 0 0 0 0 0 0 0 0 0 0 0 0 0 0 0 0 0 0 0 0 0 0 0 0 0 0 0 0 0 0 0 0 0 0 0 0 0 0 0 0 0 0 0 0 0 0 0 0 0 0 0 0 0 0]
[569150128494299733360502114656254919767581432933901738804418466068698813990972098123579450020693181991069637626930872180522793521601036485564115544377293917008345853281283761296958703063290768150482082952410112189288827193793147171958601996512259765320286639298625659662599233996182660396533578195848023772094016946188174244763414714903551009473836 0 0 0 0 0 0 0 0 0 0 0 0 1 0 0 0 0 0 0 0 0 0 0 0 0 0 0 0 0 0 0 0 0 0 0 0 0 0 0 0 0 0 0 0 0 0 0 0 0 0 0 0 0 0 0 0 0 0 0 0 0 0 0 0 0 0 0 0 0 0 0 0 0 0 0 0 0 0 0 0 0 0 0 0 0 0 0 0 0 0 0 0 0 0 0 0 0 0 0 0 0 0 0 0 0 0 0 0 0 0 0 0 0 0 0]
[3478929998104258504026111246852914098704845232385185679094328583664079109497904075631570591392088708757701689778615119185924302472894148009043272121617114740311713083812320584490449625143461451196392861377678578095102924319359486665212841534507542215321391151935654500540264929715204919006495344555811071056581788806564637215572816464634819518960405 0 0 0 0 0 0 0 0 0 0 0 0 0 1 0 0 0 0 0 0 0 0 0 0 0 0 0 0 0 0 0 0 0 0 0 0 0 0 0 0 0 0 0 0 0 0 0 0 0 0 0 0 0 0 0 0 0 0 0 0 0 0 0 0 0 0 0 0 0 0 0 0 0 0 0 0 0 0 0 0 0 0 0 0 0 0 0 0 0 0 0 0 0 0 0 0 0 0 0 0 0 0 0 0 0 0 0 0 0 0 0 0 0 0 0]
[1271845584022905129943408191884670794067755626999759507510058908476793099463924203387464274040228747467540314451485708051006855825317461208881699057637461375538767190306676013815059824042577966661795779972078006089176240530071446286600054835607552602522070335242160149419642932817878286205272335034542084357374631972903214929546615611877552914227606 0 0 0 0 0 0 0 0 0 0 0 0 0 0 1 0 0 0 0 0 0 0 0 0 0 0 0 0 0 0 0 0 0 0 0 0 0 0 0 0 0 0 0 0 0 0 0 0 0 0 0 0 0 0 0 0 0 0 0 0 0 0 0 0 0 0 0 0 0 0 0 0 0 0 0 0 0 0 0 0 0 0 0 0 0 0 0 0 0 0 0 0 0 0 0 0 0 0 0 0 0 0 0 0 0 0 0 0 0 0 0 0 0 0 0]
[9211918890781514793381071406058754574930644592231370755324574579691064306768201240325549359289792381828462502882248865031598862007009502462189835335668808658773084830380519228218155804744663885568015244224103360635240632479496614765429117305100952196547241700996852645564314679016355845326807863663284293891908127688543921630108779910233814021844792 0 0 0 0 0 0 0 0 0 0 0 0 0 0 0 1 0 0 0 0 0 0 0 0 0 0 0 0 0 0 0 0 0 0 0 0 0 0 0 0 0 0 0 0 0 0 0 0 0 0 0 0 0 0 0 0 0 0 0 0 0 0 0 0 0 0 0 0 0 0 0 0 0 0 0 0 0 0 0 0 0 0 0 0 0 0 0 0 0 0 0 0 0 0 0 0 0 0 0 0 0 0 0 0 0 0 0 0 0 0 0 0 0 0 0]
[8964508681500889185170600153116085130899890485128757433719386773710298104376588572117733492398360952665220672043765300965859975444160182500416328077642470284137808426644893769939857890248259575562977045622038744178089981233537840820615913477446921450268490905431998949090956352783311929465699137966621016849379168540160233412023344662592036325718029 0 0 0 0 0 0 0 0 0 0 0 0 0 0 0 0 1 0 0 0 0 0 0 0 0 0 0 0 0 0 0 0 0 0 0 0 0 0 0 0 0 0 0 0 0 0 0 0 0 0 0 0 0 0 0 0 0 0 0 0 0 0 0 0 0 0 0 0 0 0 0 0 0 0 0 0 0 0 0 0 0 0 0 0 0 0 0 0 0 0 0 0 0 0 0 0 0 0 0 0 0 0 0 0 0 0 0 0 0 0 0 0 0 0 0]
[7997447022274346719346080755814484813438604536702635519040624558480849959640363437032728407821635253400954399555745771054827154720175512322242528644559971171055715713537539659144659932849930447285497655831073775787773867043285181676060394953785369094926634691329231174430211150022824039029061503415031390055541135691806962925035095056195179129283503 0 0 0 0 0 0 0 0 0 0 0 0 0 0 0 0 0 1 0 0 0 0 0 0 0 0 0 0 0 0 0 0 0 0 0 0 0 0 0 0 0 0 0 0 0 0 0 0 0 0 0 0 0 0 0 0 0 0 0 0 0 0 0 0 0 0 0 0 0 0 0 0 0 0 0 0 0 0 0 0 0 0 0 0 0 0 0 0 0 0 0 0 0 0 0 0 0 0 0 0 0 0 0 0 0 0 0 0 0 0 0 0 0 0 0]
[1419265752923765919679674701371927127899352835283850706155300016480277176300755552868595685625695269920029965416945252616895357173514024318926021049897558803776881925761046893986406881340884204503373163542978688788115852436677866495449807175623338159127639857580303896529532218203562719970859336006121906851785758089903162172699126174909291250491988 0 0 0 0 0 0 0 0 0 0 0 0 0 0 0 0 0 0 1 0 0 0 0 0 0 0 0 0 0 0 0 0 0 0 0 0 0 0 0 0 0 0 0 0 0 0 0 0 0 0 0 0 0 0 0 0 0 0 0 0 0 0 0 0 0 0 0 0 0 0 0 0 0 0 0 0 0 0 0 0 0 0 0 0 0 0 0 0 0 0 0 0 0 0 0 0 0 0 0 0 0 0 0 0 0 0 0 0 0 0 0 0 0 0 0]
[6004150992656022341312307656607122073550944177981183908263416930792796913837378474021305034911486361355404092671197521642062845631438288102431545523423855932504011932955119010052833482418748014576036577330594125878980428064186757663529742827400879254188757759882961962015751408350515385051127441797289254392695126490395874972798513725757572039632759 0 0 0 0 0 0 0 0 0 0 0 0 0 0 0 0 0 0 0 1 0 0 0 0 0 0 0 0 0 0 0 0 0 0 0 0 0 0 0 0 0 0 0 0 0 0 0 0 0 0 0 0 0 0 0 0 0 0 0 0 0 0 0 0 0 0 0 0 0 0 0 0 0 0 0 0 0 0 0 0 0 0 0 0 0 0 0 0 0 0 0 0 0 0 0 0 0 0 0 0 0 0 0 0 0 0 0 0 0 0 0 0 0 0 0]
[6518078595717485936724230467191449086129866446983581725646172975616514706247403691306522472273496903637263098785705531455141168871469748063390116893758727965153939841205025453055197083050669717982995278732433217574045511973620341501017028473000339989258266741785234468883401051782417351589402950874927522080953942763538193936518001846540257537749439 0 0 0 0 0 0 0 0 0 0 0 0 0 0 0 0 0 0 0 0 1 0 0 0 0 0 0 0 0 0 0 0 0 0 0 0 0 0 0 0 0 0 0 0 0 0 0 0 0 0 0 0 0 0 0 0 0 0 0 0 0 0 0 0 0 0 0 0 0 0 0 0 0 0 0 0 0 0 0 0 0 0 0 0 0 0 0 0 0 0 0 0 0 0 0 0 0 0 0 0 0 0 0 0 0 0 0 0 0 0 0 0 0 0 0]
[5683594395266178145185050020331847177274381731159416755569859813834650460215002447665551228499545140507844503208298848884103548154639270817282681968652158077374806221509792532988347346653736476353858025360612476012360092541894383457473541694533651657798457483193302080422736974190030768442077741317059874787391789789168257238566931987305234656262616 0 0 0 0 0 0 0 0 0 0 0 0 0 0 0 0 0 0 0 0 0 1 0 0 0 0 0 0 0 0 0 0 0 0 0 0 0 0 0 0 0 0 0 0 0 0 0 0 0 0 0 0 0 0 0 0 0 0 0 0 0 0 0 0 0 0 0 0 0 0 0 0 0 0 0 0 0 0 0 0 0 0 0 0 0 0 0 0 0 0 0 0 0 0 0 0 0 0 0 0 0 0 0 0 0 0 0 0 0 0 0 0 0 0 0]
[5404833734637343720115930070205230592265776462868377301518332774480625600877392897925346409539048015971738561723096817140586037844558596533586321538724070138039854545949832870205279695177507441499730455632755553010471201157674063547596516936525377277751728924741293916458355542393650637726479561475052735320079937258043006985153067107376584304749591 0 0 0 0 0 0 0 0 0 0 0 0 0 0 0 0 0 0 0 0 0 0 1 0 0 0 0 0 0 0 0 0 0 0 0 0 0 0 0 0 0 0 0 0 0 0 0 0 0 0 0 0 0 0 0 0 0 0 0 0 0 0 0 0 0 0 0 0 0 0 0 0 0 0 0 0 0 0 0 0 0 0 0 0 0 0 0 0 0 0 0 0 0 0 0 0 0 0 0 0 0 0 0 0 0 0 0 0 0 0 0 0 0 0 0]
[4283803343941316361130480027807167633821341645181851133317476737469525440937618092159118566218977126539284168477164218980477715960590297359328429808073546108893070802595845251005339668459671820235071133706375548550595841518792461631304613292002002665217501194901429577085438513452137789073127147973744412620777636464675000972544613620268065737142066 0 0 0 0 0 0 0 0 0 0 0 0 0 0 0 0 0 0 0 0 0 0 0 1 0 0 0 0 0 0 0 0 0 0 0 0 0 0 0 0 0 0 0 0 0 0 0 0 0 0 0 0 0 0 0 0 0 0 0 0 0 0 0 0 0 0 0 0 0 0 0 0 0 0 0 0 0 0 0 0 0 0 0 0 0 0 0 0 0 0 0 0 0 0 0 0 0 0 0 0 0 0 0 0 0 0 0 0 0 0 0 0 0 0 0]
[4014974409898040606072798629831016363226820839038593353257552240496303848440882879286997105236168481160836348239960255982097881514037926064960329783148137579827072722196133329794369464423239750639042884658439321531469225420026594491864157521952876980755216096842769973597159750932252724065907101101291394457315399972634939123204434862866999802698062 0 0 0 0 0 0 0 0 0 0 0 0 0 0 0 0 0 0 0 0 0 0 0 0 1 0 0 0 0 0 0 0 0 0 0 0 0 0 0 0 0 0 0 0 0 0 0 0 0 0 0 0 0 0 0 0 0 0 0 0 0 0 0 0 0 0 0 0 0 0 0 0 0 0 0 0 0 0 0 0 0 0 0 0 0 0 0 0 0 0 0 0 0 0 0 0 0 0 0 0 0 0 0 0 0 0 0 0 0 0 0 0 0 0 0]
[1102147202987248371067340126431049036264129026926468504245440940788153853826618272040189173487173995775807428956310314492847743414939403924732666419409833830340933635011278420728501284941129015877507120960173888469512525236333440245275333547967523035655324539049668624527929665401357542853160457751604183356565785462233764974599189528013832214365270 0 0 0 0 0 0 0 0 0 0 0 0 0 0 0 0 0 0 0 0 0 0 0 0 0 1 0 0 0 0 0 0 0 0 0 0 0 0 0 0 0 0 0 0 0 0 0 0 0 0 0 0 0 0 0 0 0 0 0 0 0 0 0 0 0 0 0 0 0 0 0 0 0 0 0 0 0 0 0 0 0 0 0 0 0 0 0 0 0 0 0 0 0 0 0 0 0 0 0 0 0 0 0 0 0 0 0 0 0 0 0 0 0 0 0]
[5708094344698142988506312252737356975915909736473317458871740499074630780233387330946576518920280978353005286888753597386121796793835269469838435170559803037140694403647095200938614183950876251351036458561918896492760008932566790256784423197557938376214723143977560499803648993002342209249822989312157427423089829495661051430493347086145824712508134 0 0 0 0 0 0 0 0 0 0 0 0 0 0 0 0 0 0 0 0 0 0 0 0 0 0 1 0 0 0 0 0 0 0 0 0 0 0 0 0 0 0 0 0 0 0 0 0 0 0 0 0 0 0 0 0 0 0 0 0 0 0 0 0 0 0 0 0 0 0 0 0 0 0 0 0 0 0 0 0 0 0 0 0 0 0 0 0 0 0 0 0 0 0 0 0 0 0 0 0 0 0 0 0 0 0 0 0 0 0 0 0 0 0 0]
[9186439097343383526630104350133735531288105554013407676325230420615786074534805624414883088736541334321284747113229665288434111750858176136209776211074624646442526301122943052782641658107477843432575437892370520842660601581214201735720124693218289586948380299917017555665078530052012205397594637512914617096150762342832822323150249936281727006445949 0 0 0 0 0 0 0 0 0 0 0 0 0 0 0 0 0 0 0 0 0 0 0 0 0 0 0 1 0 0 0 0 0 0 0 0 0 0 0 0 0 0 0 0 0 0 0 0 0 0 0 0 0 0 0 0 0 0 0 0 0 0 0 0 0 0 0 0 0 0 0 0 0 0 0 0 0 0 0 0 0 0 0 0 0 0 0 0 0 0 0 0 0 0 0 0 0 0 0 0 0 0 0 0 0 0 0 0 0 0 0 0 0 0 0]
[1232339430222448528217828491167977848295256918674162041740263737793992878651131493281453199432487738408519042405604328738365668172685849738704374785507015938768635534861930129298572573652268659878400876647239656134972873296884633452856680252321766657903847881299163703085730359862146066853405043440727125709202936573671330985292576534287224834928947 0 0 0 0 0 0 0 0 0 0 0 0 0 0 0 0 0 0 0 0 0 0 0 0 0 0 0 0 1 0 0 0 0 0 0 0 0 0 0 0 0 0 0 0 0 0 0 0 0 0 0 0 0 0 0 0 0 0 0 0 0 0 0 0 0 0 0 0 0 0 0 0 0 0 0 0 0 0 0 0 0 0 0 0 0 0 0 0 0 0 0 0 0 0 0 0 0 0 0 0 0 0 0 0 0 0 0 0 0 0 0 0 0 0 0]
[5237149311976519042481551876839016812223856159512685979267244585869582152242987806431155888905443769931123511388015184836239324525899947372912895864001245494415623086178151730044725570621880794951941574600867972041970440698674618603012305976223811361968094123969774085027786265284866152823528582052724183578432796848746673003825359944163670822086412 0 0 0 0 0 0 0 0 0 0 0 0 0 0 0 0 0 0 0 0 0 0 0 0 0 0 0 0 0 1 0 0 0 0 0 0 0 0 0 0 0 0 0 0 0 0 0 0 0 0 0 0 0 0 0 0 0 0 0 0 0 0 0 0 0 0 0 0 0 0 0 0 0 0 0 0 0 0 0 0 0 0 0 0 0 0 0 0 0 0 0 0 0 0 0 0 0 0 0 0 0 0 0 0 0 0 0 0 0 0 0 0 0 0 0]
[4039651491168320264667103091800728164357671203139637788982719699108471770997595779556142645424753701795469203265266337135368830094183955844250958466996417475804454055852837955546562905331772582461157174625192716741498663190506129650043298777834353259613237790393738284867375361382038791496708871590583607551258129726119744583108808032520115889519240 0 0 0 0 0 0 0 0 0 0 0 0 0 0 0 0 0 0 0 0 0 0 0 0 0 0 0 0 0 0 1 0 0 0 0 0 0 0 0 0 0 0 0 0 0 0 0 0 0 0 0 0 0 0 0 0 0 0 0 0 0 0 0 0 0 0 0 0 0 0 0 0 0 0 0 0 0 0 0 0 0 0 0 0 0 0 0 0 0 0 0 0 0 0 0 0 0 0 0 0 0 0 0 0 0 0 0 0 0 0 0 0 0 0 0]
[5171382047033046133799766387289638726373357932035449803762603118462417911307666836977747316328239799790461481869222248742663435669518544907592637902893963819208469305699770043629902969132989308372974269296238900539781754621636581786134378455615300652182469660070310017008164316920071394576416368558300852201378339486968804092992907233111500197806141 0 0 0 0 0 0 0 0 0 0 0 0 0 0 0 0 0 0 0 0 0 0 0 0 0 0 0 0 0 0 0 1 0 0 0 0 0 0 0 0 0 0 0 0 0 0 0 0 0 0 0 0 0 0 0 0 0 0 0 0 0 0 0 0 0 0 0 0 0 0 0 0 0 0 0 0 0 0 0 0 0 0 0 0 0 0 0 0 0 0 0 0 0 0 0 0 0 0 0 0 0 0 0 0 0 0 0 0 0 0 0 0 0 0 0]
[3534835622738885890985139658271401174701735844577789868055414364023503119664583475276011442729978703306457843332791747227866015568949531682721936698396373777674910737390860587719186097297402291412540403062514625577044579069003530037943411948712730196344366309123095762243117912303351930227127105701793847941276167756717560504587321328423786158315446 0 0 0 0 0 0 0 0 0 0 0 0 0 0 0 0 0 0 0 0 0 0 0 0 0 0 0 0 0 0 0 0 1 0 0 0 0 0 0 0 0 0 0 0 0 0 0 0 0 0 0 0 0 0 0 0 0 0 0 0 0 0 0 0 0 0 0 0 0 0 0 0 0 0 0 0 0 0 0 0 0 0 0 0 0 0 0 0 0 0 0 0 0 0 0 0 0 0 0 0 0 0 0 0 0 0 0 0 0 0 0 0 0 0 0]
[5932581874734188900288926860012981862211590631797737575371675228659846188214950079809322117593054156100210990550923143419575817707073339910206184553799416842679819126337959162110695509166871451556303374682759673333388387370148792888768670260178267568487167389500554894957356163317681058018454382679909754199526438575585509546456463165191834643321454 0 0 0 0 0 0 0 0 0 0 0 0 0 0 0 0 0 0 0 0 0 0 0 0 0 0 0 0 0 0 0 0 0 1 0 0 0 0 0 0 0 0 0 0 0 0 0 0 0 0 0 0 0 0 0 0 0 0 0 0 0 0 0 0 0 0 0 0 0 0 0 0 0 0 0 0 0 0 0 0 0 0 0 0 0 0 0 0 0 0 0 0 0 0 0 0 0 0 0 0 0 0 0 0 0 0 0 0 0 0 0 0 0 0 0]
[5835991689026362350208167145483269333746599166760758351200286054863043610569327480498468734627916493308512311141083396158701240310020811746272330384785463672525238807614069126639757110205929495781704848661013672892063441790532282896833914506791440298985478108885946611710002019976958358254414573763130650217999237359944073063571552102309891056352804 0 0 0 0 0 0 0 0 0 0 0 0 0 0 0 0 0 0 0 0 0 0 0 0 0 0 0 0 0 0 0 0 0 0 1 0 0 0 0 0 0 0 0 0 0 0 0 0 0 0 0 0 0 0 0 0 0 0 0 0 0 0 0 0 0 0 0 0 0 0 0 0 0 0 0 0 0 0 0 0 0 0 0 0 0 0 0 0 0 0 0 0 0 0 0 0 0 0 0 0 0 0 0 0 0 0 0 0 0 0 0 0 0 0 0]
[9263986079532877333213213565250894597989428958788394124254563388452651332323931747756865608255918587844853601557965601066301187413252712414665106523935967800893458286103065717712322665593780457164287061605683129402371860523237881716070550228510198155150348145413420220143512137543970496266828658925149099788496669484653560382085280027097318101457356 0 0 0 0 0 0 0 0 0 0 0 0 0 0 0 0 0 0 0 0 0 0 0 0 0 0 0 0 0 0 0 0 0 0 0 1 0 0 0 0 0 0 0 0 0 0 0 0 0 0 0 0 0 0 0 0 0 0 0 0 0 0 0 0 0 0 0 0 0 0 0 0 0 0 0 0 0 0 0 0 0 0 0 0 0 0 0 0 0 0 0 0 0 0 0 0 0 0 0 0 0 0 0 0 0 0 0 0 0 0 0 0 0 0 0]
[7968235203508147397423882904982499198086153685933821201136170134939845726807175555483976114390886898563267580343226441685470051700791914232811671328938902601315406285669553970468252396978399516098235774433854446233428202785845278217836055599499308783716868270008791821747613715913078539654684005491608755387862595385803160769042325834274407392230582 0 0 0 0 0 0 0 0 0 0 0 0 0 0 0 0 0 0 0 0 0 0 0 0 0 0 0 0 0 0 0 0 0 0 0 0 1 0 0 0 0 0 0 0 0 0 0 0 0 0 0 0 0 0 0 0 0 0 0 0 0 0 0 0 0 0 0 0 0 0 0 0 0 0 0 0 0 0 0 0 0 0 0 0 0 0 0 0 0 0 0 0 0 0 0 0 0 0 0 0 0 0 0 0 0 0 0 0 0 0 0 0 0 0 0]
[6161869057582809034087473905495401541282029699928197239088785597642293074982854146304566028924639103010190632300151517237997284258342619513364769745898385488418823243681306068288202460233855555851567093577357674548863676875606789955515131152749963426413976583777321272067181989048170014975102728592548717321550263429611680040172525629888454045375163 0 0 0 0 0 0 0 0 0 0 0 0 0 0 0 0 0 0 0 0 0 0 0 0 0 0 0 0 0 0 0 0 0 0 0 0 0 1 0 0 0 0 0 0 0 0 0 0 0 0 0 0 0 0 0 0 0 0 0 0 0 0 0 0 0 0 0 0 0 0 0 0 0 0 0 0 0 0 0 0 0 0 0 0 0 0 0 0 0 0 0 0 0 0 0 0 0 0 0 0 0 0 0 0 0 0 0 0 0 0 0 0 0 0 0]
[7423315634978399834234477916422698015045444896167992756224145287899288051988570707984887426319982111842633330454817722112021430804664184435763710438429072008818311422427276891824088463792847979365970331668402369362351057645516760457876237452446963566379850129029924499498041746017321471896782712996404894518657636020766338537756767898714205688964631 0 0 0 0 0 0 0 0 0 0 0 0 0 0 0 0 0 0 0 0 0 0 0 0 0 0 0 0 0 0 0 0 0 0 0 0 0 0 1 0 0 0 0 0 0 0 0 0 0 0 0 0 0 0 0 0 0 0 0 0 0 0 0 0 0 0 0 0 0 0 0 0 0 0 0 0 0 0 0 0 0 0 0 0 0 0 0 0 0 0 0 0 0 0 0 0 0 0 0 0 0 0 0 0 0 0 0 0 0 0 0 0 0 0 0]
[2623906091500913975431456578831429798979387962436081967579845002907363838196016964694021530450690397727139052966315350065866434414219578095980634879231843215681039518675102259166581029621188854619209008243110672211461979635621605864440441565393519667025233144439356519284592749501988046676486235859840643764912398725716098967111817882388692025750421 0 0 0 0 0 0 0 0 0 0 0 0 0 0 0 0 0 0 0 0 0 0 0 0 0 0 0 0 0 0 0 0 0 0 0 0 0 0 0 1 0 0 0 0 0 0 0 0 0 0 0 0 0 0 0 0 0 0 0 0 0 0 0 0 0 0 0 0 0 0 0 0 0 0 0 0 0 0 0 0 0 0 0 0 0 0 0 0 0 0 0 0 0 0 0 0 0 0 0 0 0 0 0 0 0 0 0 0 0 0 0 0 0 0 0]
[2416707526978070836654099776641805310738198329539605623454624874620460985412179524824409958980426756933845781312290263997931665481716603023550363659695577385610650933901773483148930381787137040861799615040511153574749206713661212769700799306556595341703766667262053906246106556767955975143915550055469112469225931801954423934901264068887030523537852 0 0 0 0 0 0 0 0 0 0 0 0 0 0 0 0 0 0 0 0 0 0 0 0 0 0 0 0 0 0 0 0 0 0 0 0 0 0 0 0 1 0 0 0 0 0 0 0 0 0 0 0 0 0 0 0 0 0 0 0 0 0 0 0 0 0 0 0 0 0 0 0 0 0 0 0 0 0 0 0 0 0 0 0 0 0 0 0 0 0 0 0 0 0 0 0 0 0 0 0 0 0 0 0 0 0 0 0 0 0 0 0 0 0 0]
[4240485393676883472647738320500970911280426412801995933401465343944245699315860084885520579180609545520632712394716764571015569163848507044867904706142189329451523928889640871841975305233079591115432847901037661524191300342221711164765735637950798845648299374617932739779230345687305364663138428129925033889083699811630016082694195422876557466098863 0 0 0 0 0 0 0 0 0 0 0 0 0 0 0 0 0 0 0 0 0 0 0 0 0 0 0 0 0 0 0 0 0 0 0 0 0 0 0 0 0 1 0 0 0 0 0 0 0 0 0 0 0 0 0 0 0 0 0 0 0 0 0 0 0 0 0 0 0 0 0 0 0 0 0 0 0 0 0 0 0 0 0 0 0 0 0 0 0 0 0 0 0 0 0 0 0 0 0 0 0 0 0 0 0 0 0 0 0 0 0 0 0 0 0]
[5193844003221273669712126458078412419756552889930742379297300894156944428477222985158873391880858046473688165291848695163303065102244025551355799165675619456222600047024190252661840902461566514057143229556471160958787215419172233045254283193919770929262304101241422019331581508198261843599854926890893485545809328140781546573468500485601265995555304 0 0 0 0 0 0 0 0 0 0 0 0 0 0 0 0 0 0 0 0 0 0 0 0 0 0 0 0 0 0 0 0 0 0 0 0 0 0 0 0 0 0 1 0 0 0 0 0 0 0 0 0 0 0 0 0 0 0 0 0 0 0 0 0 0 0 0 0 0 0 0 0 0 0 0 0 0 0 0 0 0 0 0 0 0 0 0 0 0 0 0 0 0 0 0 0 0 0 0 0 0 0 0 0 0 0 0 0 0 0 0 0 0 0 0]
[6741205854056752841810635241141766990209574924884876363894820014793235737167211932200590773653239602442138800367683660285546258032702935871706048745512971446390602728115516487878474641271010663509903892609913239078481581774050369736024484220263216999343390108697448282911438818468852874648313286399438419114776655598418812844318679640089927357339658 0 0 0 0 0 0 0 0 0 0 0 0 0 0 0 0 0 0 0 0 0 0 0 0 0 0 0 0 0 0 0 0 0 0 0 0 0 0 0 0 0 0 0 1 0 0 0 0 0 0 0 0 0 0 0 0 0 0 0 0 0 0 0 0 0 0 0 0 0 0 0 0 0 0 0 0 0 0 0 0 0 0 0 0 0 0 0 0 0 0 0 0 0 0 0 0 0 0 0 0 0 0 0 0 0 0 0 0 0 0 0 0 0 0 0]
[4298337072245085679137877637463546767354491351316848139599406241664608160450018723614061263725066174600237641949334740641823881467373073735254434441608297857767149333307221422550128926404104959539741907660414067876202876004035771913989146872753745594155563021419554152484857471283723737068460238852425044929267146306990804801859200329159890705766833 0 0 0 0 0 0 0 0 0 0 0 0 0 0 0 0 0 0 0 0 0 0 0 0 0 0 0 0 0 0 0 0 0 0 0 0 0 0 0 0 0 0 0 0 1 0 0 0 0 0 0 0 0 0 0 0 0 0 0 0 0 0 0 0 0 0 0 0 0 0 0 0 0 0 0 0 0 0 0 0 0 0 0 0 0 0 0 0 0 0 0 0 0 0 0 0 0 0 0 0 0 0 0 0 0 0 0 0 0 0 0 0 0 0 0]
[5082379435926801206750891801018153297143907497212126057922002359413740743694588700450489834236494249043269057012977528852243282219371819002302185452043229551249189566960202170132899166041544238863396797131503000859639412863263540435571434868973290646834046433312716521308829997929211369903365496080503512687256918019485377839165077216006134645142203 0 0 0 0 0 0 0 0 0 0 0 0 0 0 0 0 0 0 0 0 0 0 0 0 0 0 0 0 0 0 0 0 0 0 0 0 0 0 0 0 0 0 0 0 0 1 0 0 0 0 0 0 0 0 0 0 0 0 0 0 0 0 0 0 0 0 0 0 0 0 0 0 0 0 0 0 0 0 0 0 0 0 0 0 0 0 0 0 0 0 0 0 0 0 0 0 0 0 0 0 0 0 0 0 0 0 0 0 0 0 0 0 0 0 0]
[8802907163869245001204266753692838968434675404317025637599172079286375058841632384240363875228026286498921882605863375922894501126437146280518261375355048090399510861071347215931850997573423264703361116765723065818435144247557962020208440359882138209174497780142567374999722304626684537677913151356844294303019874365713384255974718789158152284950077 0 0 0 0 0 0 0 0 0 0 0 0 0 0 0 0 0 0 0 0 0 0 0 0 0 0 0 0 0 0 0 0 0 0 0 0 0 0 0 0 0 0 0 0 0 0 1 0 0 0 0 0 0 0 0 0 0 0 0 0 0 0 0 0 0 0 0 0 0 0 0 0 0 0 0 0 0 0 0 0 0 0 0 0 0 0 0 0 0 0 0 0 0 0 0 0 0 0 0 0 0 0 0 0 0 0 0 0 0 0 0 0 0 0 0]
[3975530465616846429484042924738421945622881443004872450627992691497159933706676877589221545017077154153315067867912374563593182322348698286659764672557609017684724913670777959213584581913955647024207325697951782224374689446178144964801090893049364666319353085896033012773789601280588239333040271899423976785418065935514531599731261700220150156279415 0 0 0 0 0 0 0 0 0 0 0 0 0 0 0 0 0 0 0 0 0 0 0 0 0 0 0 0 0 0 0 0 0 0 0 0 0 0 0 0 0 0 0 0 0 0 0 1 0 0 0 0 0 0 0 0 0 0 0 0 0 0 0 0 0 0 0 0 0 0 0 0 0 0 0 0 0 0 0 0 0 0 0 0 0 0 0 0 0 0 0 0 0 0 0 0 0 0 0 0 0 0 0 0 0 0 0 0 0 0 0 0 0 0 0]
[824220823546500671170336995707439371450589661386833953184895116113417635589576141965015948899095286119016974614475739078396629966826676730593979013721306009725233522083169726947165778167861517155648656220807854507871600362775404588653943263455627672896659285994982958053631459626153500686257488969682110270437570158084256274244042164410569899096542 0 0 0 0 0 0 0 0 0 0 0 0 0 0 0 0 0 0 0 0 0 0 0 0 0 0 0 0 0 0 0 0 0 0 0 0 0 0 0 0 0 0 0 0 0 0 0 0 1 0 0 0 0 0 0 0 0 0 0 0 0 0 0 0 0 0 0 0 0 0 0 0 0 0 0 0 0 0 0 0 0 0 0 0 0 0 0 0 0 0 0 0 0 0 0 0 0 0 0 0 0 0 0 0 0 0 0 0 0 0 0 0 0 0 0]
[1076787968170116047525993018744061348509101001669012361700607668173647463793371928820370740538589771600059327655488251160622800178104925776484574818106464564518597514268306665399183561677914845726413021453470269753793634962264094434408934950346967911400110585785070447652732452718343421963111399151546118542086032400454868187269580308721130525477630 0 0 0 0 0 0 0 0 0 0 0 0 0 0 0 0 0 0 0 0 0 0 0 0 0 0 0 0 0 0 0 0 0 0 0 0 0 0 0 0 0 0 0 0 0 0 0 0 0 1 0 0 0 0 0 0 0 0 0 0 0 0 0 0 0 0 0 0 0 0 0 0 0 0 0 0 0 0 0 0 0 0 0 0 0 0 0 0 0 0 0 0 0 0 0 0 0 0 0 0 0 0 0 0 0 0 0 0 0 0 0 0 0 0 0]
[4796076309535231280883736103592949896933547059703124385958615198160568176600707360462311977071044218294636249087999330421022347311303084124795408411472690699588804797418439685221305510011463620277868924949846045327002087101921483402926479875072405736898291903671400874685939059955017155296957041588612838634132716934411416967356577706602380934524561 0 0 0 0 0 0 0 0 0 0 0 0 0 0 0 0 0 0 0 0 0 0 0 0 0 0 0 0 0 0 0 0 0 0 0 0 0 0 0 0 0 0 0 0 0 0 0 0 0 0 1 0 0 0 0 0 0 0 0 0 0 0 0 0 0 0 0 0 0 0 0 0 0 0 0 0 0 0 0 0 0 0 0 0 0 0 0 0 0 0 0 0 0 0 0 0 0 0 0 0 0 0 0 0 0 0 0 0 0 0 0 0 0 0 0]
[2893130876386900896709290327533449351749610882637208334856201683844202389398647425244653311115616620349429446666121574868530725599404232009277194663724066941410989766043965432819673732147026086003304432203017748420068205677904029848037654754474087438031247769524004498030417267696021540265995752233905557488993512685428110472565451075962077381702922 0 0 0 0 0 0 0 0 0 0 0 0 0 0 0 0 0 0 0 0 0 0 0 0 0 0 0 0 0 0 0 0 0 0 0 0 0 0 0 0 0 0 0 0 0 0 0 0 0 0 0 1 0 0 0 0 0 0 0 0 0 0 0 0 0 0 0 0 0 0 0 0 0 0 0 0 0 0 0 0 0 0 0 0 0 0 0 0 0 0 0 0 0 0 0 0 0 0 0 0 0 0 0 0 0 0 0 0 0 0 0 0 0 0 0]
[7739549892533794328227222248365148664172664730825173315070518797696752156719695899831098655466478069948382292380071353145619768836835053209477210373762544888363609244202141524692923262648581089753036065688318309957916094746364820696325038682518024289503854968544990660969406427432058280732798717606176651794674459158162968688023276970312240108965154 0 0 0 0 0 0 0 0 0 0 0 0 0 0 0 0 0 0 0 0 0 0 0 0 0 0 0 0 0 0 0 0 0 0 0 0 0 0 0 0 0 0 0 0 0 0 0 0 0 0 0 0 1 0 0 0 0 0 0 0 0 0 0 0 0 0 0 0 0 0 0 0 0 0 0 0 0 0 0 0 0 0 0 0 0 0 0 0 0 0 0 0 0 0 0 0 0 0 0 0 0 0 0 0 0 0 0 0 0 0 0 0 0 0 0]
[5755059541003251504987962428923855242712220833893105084653301383586572764869801504209523074776176192544308062923304992902216414688180176730580279281849970202173801208772144548435019499379844742935986386682779842126186175775753034204747153432972024444818574594051005493564980191629516472312231674032765272526827615875709313345075018671733817005361395 0 0 0 0 0 0 0 0 0 0 0 0 0 0 0 0 0 0 0 0 0 0 0 0 0 0 0 0 0 0 0 0 0 0 0 0 0 0 0 0 0 0 0 0 0 0 0 0 0 0 0 0 0 1 0 0 0 0 0 0 0 0 0 0 0 0 0 0 0 0 0 0 0 0 0 0 0 0 0 0 0 0 0 0 0 0 0 0 0 0 0 0 0 0 0 0 0 0 0 0 0 0 0 0 0 0 0 0 0 0 0 0 0 0 0]
[6099234738575217446768842725321467896423127853758397570031606829680661523918897168365001879340661039152746711770584661948154334606934716973554651149984360444582696088211402008946238689840701047899796105916316691807537793734298054002624225072248771661072740815473433423737482190487972811519895034739987764508903815466475002304545006113103592698753047 0 0 0 0 0 0 0 0 0 0 0 0 0 0 0 0 0 0 0 0 0 0 0 0 0 0 0 0 0 0 0 0 0 0 0 0 0 0 0 0 0 0 0 0 0 0 0 0 0 0 0 0 0 0 1 0 0 0 0 0 0 0 0 0 0 0 0 0 0 0 0 0 0 0 0 0 0 0 0 0 0 0 0 0 0 0 0 0 0 0 0 0 0 0 0 0 0 0 0 0 0 0 0 0 0 0 0 0 0 0 0 0 0 0 0]
[7339535206549761336143345887654648659933770936930878503003460742432166975366325588573035614618537524053954741034308947418859921048348471156651434709443752123156344843120556057000567946256177933052280439979237779170653154483059684012012222592925845877901851188060584810449621623165200800348515005293987285725435151917347863659335765656199511386776723 0 0 0 0 0 0 0 0 0 0 0 0 0 0 0 0 0 0 0 0 0 0 0 0 0 0 0 0 0 0 0 0 0 0 0 0 0 0 0 0 0 0 0 0 0 0 0 0 0 0 0 0 0 0 0 1 0 0 0 0 0 0 0 0 0 0 0 0 0 0 0 0 0 0 0 0 0 0 0 0 0 0 0 0 0 0 0 0 0 0 0 0 0 0 0 0 0 0 0 0 0 0 0 0 0 0 0 0 0 0 0 0 0 0 0]
[953546870861227332243713202948554460223604315117810959232874753281260501957608734522561387065057721380569232784021475081156282775856164643391990326615744045100420034252704842484564698052561536745179396849355759488768954667533178887503215787338680520598558454734679704953606819149412076202414936701676447242792731147921442133700112556699673906045933 0 0 0 0 0 0 0 0 0 0 0 0 0 0 0 0 0 0 0 0 0 0 0 0 0 0 0 0 0 0 0 0 0 0 0 0 0 0 0 0 0 0 0 0 0 0 0 0 0 0 0 0 0 0 0 0 1 0 0 0 0 0 0 0 0 0 0 0 0 0 0 0 0 0 0 0 0 0 0 0 0 0 0 0 0 0 0 0 0 0 0 0 0 0 0 0 0 0 0 0 0 0 0 0 0 0 0 0 0 0 0 0 0 0 0]
[1095070751579612140579689038958080722906307007874958724178018385340147020346314370484120955851359042939177179476321046490123142197038884367705360582172685551502999985719239722218690752295408949455345212373819186177917273482651541370765156723297291857402265483208697791391772114722148445046434474525577926810304239644516374303961423051820276288836480 0 0 0 0 0 0 0 0 0 0 0 0 0 0 0 0 0 0 0 0 0 0 0 0 0 0 0 0 0 0 0 0 0 0 0 0 0 0 0 0 0 0 0 0 0 0 0 0 0 0 0 0 0 0 0 0 0 1 0 0 0 0 0 0 0 0 0 0 0 0 0 0 0 0 0 0 0 0 0 0 0 0 0 0 0 0 0 0 0 0 0 0 0 0 0 0 0 0 0 0 0 0 0 0 0 0 0 0 0 0 0 0 0 0 0]
[3092611734734200862453964546583178710297924899396271096263848729325698009138192202030429686839741498503077319760291266246398655022184174767883414603369483659065011035091220160956390993778874096385132074619929919058110742911136042676693911439756833103852031054402352376111715217521546949757886749932979477972401630982784614379123401735319621022143518 0 0 0 0 0 0 0 0 0 0 0 0 0 0 0 0 0 0 0 0 0 0 0 0 0 0 0 0 0 0 0 0 0 0 0 0 0 0 0 0 0 0 0 0 0 0 0 0 0 0 0 0 0 0 0 0 0 0 1 0 0 0 0 0 0 0 0 0 0 0 0 0 0 0 0 0 0 0 0 0 0 0 0 0 0 0 0 0 0 0 0 0 0 0 0 0 0 0 0 0 0 0 0 0 0 0 0 0 0 0 0 0 0 0 0]
[4622955300411430302818850606741307721568392043013978713498819031640339441033958443306135207790960254585758270496715370452871725626627077941141686251101841306934637576084624614959321270904460914890505466454972617762623629785743568933534401542582802600600157856799822407298180561413578333026191964138438132176053778871151435791899245484816561067434262 0 0 0 0 0 0 0 0 0 0 0 0 0 0 0 0 0 0 0 0 0 0 0 0 0 0 0 0 0 0 0 0 0 0 0 0 0 0 0 0 0 0 0 0 0 0 0 0 0 0 0 0 0 0 0 0 0 0 0 1 0 0 0 0 0 0 0 0 0 0 0 0 0 0 0 0 0 0 0 0 0 0 0 0 0 0 0 0 0 0 0 0 0 0 0 0 0 0 0 0 0 0 0 0 0 0 0 0 0 0 0 0 0 0 0]
[6890674691295057882331969406364158607537871594886218133891772684057201234989460827806106115877163736448069661681417847960688394255763120374601793905327234723605003448953340678652422283622100519016772973087459529799127706645501973027464116205082862451383532943622441700603052238354593414266205563722518751708869610441575062185960309498370740266084098 0 0 0 0 0 0 0 0 0 0 0 0 0 0 0 0 0 0 0 0 0 0 0 0 0 0 0 0 0 0 0 0 0 0 0 0 0 0 0 0 0 0 0 0 0 0 0 0 0 0 0 0 0 0 0 0 0 0 0 0 1 0 0 0 0 0 0 0 0 0 0 0 0 0 0 0 0 0 0 0 0 0 0 0 0 0 0 0 0 0 0 0 0 0 0 0 0 0 0 0 0 0 0 0 0 0 0 0 0 0 0 0 0 0 0]
[6899900812838169238137435976668383543068815684743041987783848017851387136411568955722241727593803718376709446891803526063994415881711467313141103147435754648639041486427482829657643249779295000523726548580966295969505886610140245216112893549057871293245491727634233410148673056742564714139960553257485286770791086173945277985996995274326937141096887 0 0 0 0 0 0 0 0 0 0 0 0 0 0 0 0 0 0 0 0 0 0 0 0 0 0 0 0 0 0 0 0 0 0 0 0 0 0 0 0 0 0 0 0 0 0 0 0 0 0 0 0 0 0 0 0 0 0 0 0 0 1 0 0 0 0 0 0 0 0 0 0 0 0 0 0 0 0 0 0 0 0 0 0 0 0 0 0 0 0 0 0 0 0 0 0 0 0 0 0 0 0 0 0 0 0 0 0 0 0 0 0 0 0 0]
[5926518600511963948887822557857649523601728445525209065176607535387757395096902323963613527258440744258097240108868419130104624170618384842941494341190798346621209978679557005795749154597186997708823683985432116822219596489177111387380393182677780921529778725950579776009797425606139108025480324706596846804708573880580302511688565400626558875662155 0 0 0 0 0 0 0 0 0 0 0 0 0 0 0 0 0 0 0 0 0 0 0 0 0 0 0 0 0 0 0 0 0 0 0 0 0 0 0 0 0 0 0 0 0 0 0 0 0 0 0 0 0 0 0 0 0 0 0 0 0 0 1 0 0 0 0 0 0 0 0 0 0 0 0 0 0 0 0 0 0 0 0 0 0 0 0 0 0 0 0 0 0 0 0 0 0 0 0 0 0 0 0 0 0 0 0 0 0 0 0 0 0 0 0]
[1720074290433093714566584634837434456522294156536623116013802740384671205043958529441527336371067404772543123824956312053077767610703953124810272781576690897048426106280830569675953890645889426211977815224198261250888238897820919405920647087449742956647907441185723956062324558172038654298212569816098124149278798629147672380321664752454784229873414 0 0 0 0 0 0 0 0 0 0 0 0 0 0 0 0 0 0 0 0 0 0 0 0 0 0 0 0 0 0 0 0 0 0 0 0 0 0 0 0 0 0 0 0 0 0 0 0 0 0 0 0 0 0 0 0 0 0 0 0 0 0 0 1 0 0 0 0 0 0 0 0 0 0 0 0 0 0 0 0 0 0 0 0 0 0 0 0 0 0 0 0 0 0 0 0 0 0 0 0 0 0 0 0 0 0 0 0 0 0 0 0 0 0 0]
[7101010673116588979863555477179310399114969839717246357238144151357378492901626129960410036583587303586959238498164310661537078237106453363816377033438347730106130727378072579166192742759850682983552607075991583009763025463949302438948102107242965820446186508116064567942779973894723939385252489956158050514908146779843629296256738398425634405826812 0 0 0 0 0 0 0 0 0 0 0 0 0 0 0 0 0 0 0 0 0 0 0 0 0 0 0 0 0 0 0 0 0 0 0 0 0 0 0 0 0 0 0 0 0 0 0 0 0 0 0 0 0 0 0 0 0 0 0 0 0 0 0 0 1 0 0 0 0 0 0 0 0 0 0 0 0 0 0 0 0 0 0 0 0 0 0 0 0 0 0 0 0 0 0 0 0 0 0 0 0 0 0 0 0 0 0 0 0 0 0 0 0 0 0]
[7796555813986618686598749635672859197983991639219404404223517742334258946877549736567576837296861261403480788235428402427807715933618759972164162034319692553491696639770449700536886677227477448946893998208656698152310205943146807923091015997378383145871674659829299286363179970775413823245759534442205602427562797394487238793639839232187144786188712 0 0 0 0 0 0 0 0 0 0 0 0 0 0 0 0 0 0 0 0 0 0 0 0 0 0 0 0 0 0 0 0 0 0 0 0 0 0 0 0 0 0 0 0 0 0 0 0 0 0 0 0 0 0 0 0 0 0 0 0 0 0 0 0 0 1 0 0 0 0 0 0 0 0 0 0 0 0 0 0 0 0 0 0 0 0 0 0 0 0 0 0 0 0 0 0 0 0 0 0 0 0 0 0 0 0 0 0 0 0 0 0 0 0 0]
[2333614328752083433806835715465305230754591868291237664123878770282537614856874231585371975046287486662056441067189042363210691255736231882088526234230786892216367647554942264730938919223408473607656979713256299497322979570150691534989970711953670597666819099505572472828591420151025326232818060699616504248150400056493493972337443551986128419562772 0 0 0 0 0 0 0 0 0 0 0 0 0 0 0 0 0 0 0 0 0 0 0 0 0 0 0 0 0 0 0 0 0 0 0 0 0 0 0 0 0 0 0 0 0 0 0 0 0 0 0 0 0 0 0 0 0 0 0 0 0 0 0 0 0 0 1 0 0 0 0 0 0 0 0 0 0 0 0 0 0 0 0 0 0 0 0 0 0 0 0 0 0 0 0 0 0 0 0 0 0 0 0 0 0 0 0 0 0 0 0 0 0 0 0]
[2981353312444635281873090943133757399469110126174706695520332154979245082204836333970595632992026204760094208519225543850383256508623350910724708147043793217203631013649688422541948509908127055161095211893614874012569070683570849266349266388433198803298174315394344729583691591487036247315706524532540961888065264809731618352110515228660348761489918 0 0 0 0 0 0 0 0 0 0 0 0 0 0 0 0 0 0 0 0 0 0 0 0 0 0 0 0 0 0 0 0 0 0 0 0 0 0 0 0 0 0 0 0 0 0 0 0 0 0 0 0 0 0 0 0 0 0 0 0 0 0 0 0 0 0 0 1 0 0 0 0 0 0 0 0 0 0 0 0 0 0 0 0 0 0 0 0 0 0 0 0 0 0 0 0 0 0 0 0 0 0 0 0 0 0 0 0 0 0 0 0 0 0 0]
[1260200952913901006328191736072925595579067972747482542307321288454165113177810166556832005363487252950824724017851429968487611450776446856869091385565123223067861321785376939455454959179640787831088029005201691473558242754804491144055840228303880524351900458138597273408425730616015403194978473202931073590507735769789995840709098094590256084465938 0 0 0 0 0 0 0 0 0 0 0 0 0 0 0 0 0 0 0 0 0 0 0 0 0 0 0 0 0 0 0 0 0 0 0 0 0 0 0 0 0 0 0 0 0 0 0 0 0 0 0 0 0 0 0 0 0 0 0 0 0 0 0 0 0 0 0 0 1 0 0 0 0 0 0 0 0 0 0 0 0 0 0 0 0 0 0 0 0 0 0 0 0 0 0 0 0 0 0 0 0 0 0 0 0 0 0 0 0 0 0 0 0 0 0]
[6034051843873446215603296795284880738898776538357581428337326660263701326651311417356552960749923138732227767856398128165735690480796908026657342494021573627505057599787085414582471969488513772733099949129033991999655948751639331554502270837969130941337020300945112644931514709931376556931618688539471352431344746668868411617108078789157253479909547 0 0 0 0 0 0 0 0 0 0 0 0 0 0 0 0 0 0 0 0 0 0 0 0 0 0 0 0 0 0 0 0 0 0 0 0 0 0 0 0 0 0 0 0 0 0 0 0 0 0 0 0 0 0 0 0 0 0 0 0 0 0 0 0 0 0 0 0 0 1 0 0 0 0 0 0 0 0 0 0 0 0 0 0 0 0 0 0 0 0 0 0 0 0 0 0 0 0 0 0 0 0 0 0 0 0 0 0 0 0 0 0 0 0 0]
[7214206285738297438098768928912555465602282949024714524961891951546293093725700756618503493655880169454767142222858413608869909335363582783182744739884104031013925164078213149421295812654272713872563450502566629662757746272957598496816839098858611709687771004346109907581670690251002693090998089277197106059959393952650060386396774416541276088369272 0 0 0 0 0 0 0 0 0 0 0 0 0 0 0 0 0 0 0 0 0 0 0 0 0 0 0 0 0 0 0 0 0 0 0 0 0 0 0 0 0 0 0 0 0 0 0 0 0 0 0 0 0 0 0 0 0 0 0 0 0 0 0 0 0 0 0 0 0 0 1 0 0 0 0 0 0 0 0 0 0 0 0 0 0 0 0 0 0 0 0 0 0 0 0 0 0 0 0 0 0 0 0 0 0 0 0 0 0 0 0 0 0 0 0]
[8662606655339170326966965120359032216506919802318721832904337953847947643186099907238980858019216859954665194883149324091048432160135339332131131489726220662176222067288764099605364598550678154984374946088995482591732042684779899543220695946729956206837398072217799258932887715156867600957152788019752268178679076740911670103848766068868372530584285 0 0 0 0 0 0 0 0 0 0 0 0 0 0 0 0 0 0 0 0 0 0 0 0 0 0 0 0 0 0 0 0 0 0 0 0 0 0 0 0 0 0 0 0 0 0 0 0 0 0 0 0 0 0 0 0 0 0 0 0 0 0 0 0 0 0 0 0 0 0 0 1 0 0 0 0 0 0 0 0 0 0 0 0 0 0 0 0 0 0 0 0 0 0 0 0 0 0 0 0 0 0 0 0 0 0 0 0 0 0 0 0 0 0 0]
[8441123589238915799281690054859289402594290837762635388222125012849912452362146732523693171191536944581349455236082235576532569426598843929347123753348863774863482392618678262295952219788352964733101015609248780372305095139497258655093687207003057822580606561061590673635543382453578677141992478421695637199953890303202303681325633382669009455214964 0 0 0 0 0 0 0 0 0 0 0 0 0 0 0 0 0 0 0 0 0 0 0 0 0 0 0 0 0 0 0 0 0 0 0 0 0 0 0 0 0 0 0 0 0 0 0 0 0 0 0 0 0 0 0 0 0 0 0 0 0 0 0 0 0 0 0 0 0 0 0 0 1 0 0 0 0 0 0 0 0 0 0 0 0 0 0 0 0 0 0 0 0 0 0 0 0 0 0 0 0 0 0 0 0 0 0 0 0 0 0 0 0 0 0]
[5248329803846609654732508253637198817854631327037626183018706869898722663840059534130945938596983082025220987830058472347777054843280133038042312973076479775000603290873312530562465631208842622972679730203456100134455795495938841232895725420747484179928275793450072103826834313910097161467162883211952356864382503412765917569325981328694443238177441 0 0 0 0 0 0 0 0 0 0 0 0 0 0 0 0 0 0 0 0 0 0 0 0 0 0 0 0 0 0 0 0 0 0 0 0 0 0 0 0 0 0 0 0 0 0 0 0 0 0 0 0 0 0 0 0 0 0 0 0 0 0 0 0 0 0 0 0 0 0 0 0 0 1 0 0 0 0 0 0 0 0 0 0 0 0 0 0 0 0 0 0 0 0 0 0 0 0 0 0 0 0 0 0 0 0 0 0 0 0 0 0 0 0 0]
[4758061508005683699742073577546562123031844276868674326366051219515159195829878335968949436624200631005341903160734776925040478834383132138292000116715257840193847453922432071741311648797490099340599016289363685372591446959750850924293630193073341685408946563313219087230735684704067569242901579694287843867754334910653073315945162091401737704750557 0 0 0 0 0 0 0 0 0 0 0 0 0 0 0 0 0 0 0 0 0 0 0 0 0 0 0 0 0 0 0 0 0 0 0 0 0 0 0 0 0 0 0 0 0 0 0 0 0 0 0 0 0 0 0 0 0 0 0 0 0 0 0 0 0 0 0 0 0 0 0 0 0 0 1 0 0 0 0 0 0 0 0 0 0 0 0 0 0 0 0 0 0 0 0 0 0 0 0 0 0 0 0 0 0 0 0 0 0 0 0 0 0 0 0]
[1176951755688357601993803629993166323446247340598581690031917274960839562782436781597237460160171441988651818149258802412609443679182770117899585688953972631142711141132462574674442093502281821804655251231612203942393200369531953740806055126293840495310885517924461940046401143420597093096838504272870126833018576307787371525613292817851706405472534 0 0 0 0 0 0 0 0 0 0 0 0 0 0 0 0 0 0 0 0 0 0 0 0 0 0 0 0 0 0 0 0 0 0 0 0 0 0 0 0 0 0 0 0 0 0 0 0 0 0 0 0 0 0 0 0 0 0 0 0 0 0 0 0 0 0 0 0 0 0 0 0 0 0 0 1 0 0 0 0 0 0 0 0 0 0 0 0 0 0 0 0 0 0 0 0 0 0 0 0 0 0 0 0 0 0 0 0 0 0 0 0 0 0 0]
[9377790265209502468741519425637705087806617311907108288740365637706615227810100489581273629142656990576674447385743486167062722168919337168729854494056076328026822773866109284521274946068503463254588371344469407752871054202173657075615750701357453725231902444247604336667862015438975257983758527470574881567628204900206769001925849817390482351747828 0 0 0 0 0 0 0 0 0 0 0 0 0 0 0 0 0 0 0 0 0 0 0 0 0 0 0 0 0 0 0 0 0 0 0 0 0 0 0 0 0 0 0 0 0 0 0 0 0 0 0 0 0 0 0 0 0 0 0 0 0 0 0 0 0 0 0 0 0 0 0 0 0 0 0 0 1 0 0 0 0 0 0 0 0 0 0 0 0 0 0 0 0 0 0 0 0 0 0 0 0 0 0 0 0 0 0 0 0 0 0 0 0 0 0]
[4380876160384295518851187838009648370196101585597592356455909454282460675651974723912521617964191247679799006669419638007610295406529525715880726530935120658112815801969115337756974860831977275174741091128723428798338008539530623817772750683247800204785049686057652405762275583570712410059179027771111330057565500546706249486864782465481050468538236 0 0 0 0 0 0 0 0 0 0 0 0 0 0 0 0 0 0 0 0 0 0 0 0 0 0 0 0 0 0 0 0 0 0 0 0 0 0 0 0 0 0 0 0 0 0 0 0 0 0 0 0 0 0 0 0 0 0 0 0 0 0 0 0 0 0 0 0 0 0 0 0 0 0 0 0 0 1 0 0 0 0 0 0 0 0 0 0 0 0 0 0 0 0 0 0 0 0 0 0 0 0 0 0 0 0 0 0 0 0 0 0 0 0 0]
[1944396885626760207272149886836670396881732531675458604530092393094246627229281087940421551109807522000375432822699089223235753080805271524726296436121416797640331091144359417148177112697438360560345688967372601927361655833583060873928866095407318381198852412642530664837152690053203952866617653797765814326649984470073988623577703179533460147322133 0 0 0 0 0 0 0 0 0 0 0 0 0 0 0 0 0 0 0 0 0 0 0 0 0 0 0 0 0 0 0 0 0 0 0 0 0 0 0 0 0 0 0 0 0 0 0 0 0 0 0 0 0 0 0 0 0 0 0 0 0 0 0 0 0 0 0 0 0 0 0 0 0 0 0 0 0 0 1 0 0 0 0 0 0 0 0 0 0 0 0 0 0 0 0 0 0 0 0 0 0 0 0 0 0 0 0 0 0 0 0 0 0 0 0]
[4929533746248854368832540528286374192354258715597588256847829935644527661743623038121332084647626509679911689286913562245417989566420082566817148492897359671922447751294644413261044533291319089923686315510028657172639448983793394903121112627005357045630298924832397348196245979840644204960331521872517097423789632282179202371514507108337799357898623 0 0 0 0 0 0 0 0 0 0 0 0 0 0 0 0 0 0 0 0 0 0 0 0 0 0 0 0 0 0 0 0 0 0 0 0 0 0 0 0 0 0 0 0 0 0 0 0 0 0 0 0 0 0 0 0 0 0 0 0 0 0 0 0 0 0 0 0 0 0 0 0 0 0 0 0 0 0 0 1 0 0 0 0 0 0 0 0 0 0 0 0 0 0 0 0 0 0 0 0 0 0 0 0 0 0 0 0 0 0 0 0 0 0 0]
[1345559693466153208170820768349237445151121137248090644741244531917526094982408583749003858213942602084729031661049570485370629019901597465899323190651383157239416542063716461544581224358762934763408079158955952294624726997561168589786477377092196898285465118443459378285569091271148504527465628068998560255678143293766962384806507532669323299762488 0 0 0 0 0 0 0 0 0 0 0 0 0 0 0 0 0 0 0 0 0 0 0 0 0 0 0 0 0 0 0 0 0 0 0 0 0 0 0 0 0 0 0 0 0 0 0 0 0 0 0 0 0 0 0 0 0 0 0 0 0 0 0 0 0 0 0 0 0 0 0 0 0 0 0 0 0 0 0 0 1 0 0 0 0 0 0 0 0 0 0 0 0 0 0 0 0 0 0 0 0 0 0 0 0 0 0 0 0 0 0 0 0 0 0]
[3057141216331798139794709598966380389721919428258178260628256515381400930195034590011596017134239487985684603593153733912143070429943324221928099331281830837534248706012844977459927294528834289974900966182806447625306404865172826707400283860161205951342040693294871800645117694507689926191285560855372148811199639885414026956518608036390586018120105 0 0 0 0 0 0 0 0 0 0 0 0 0 0 0 0 0 0 0 0 0 0 0 0 0 0 0 0 0 0 0 0 0 0 0 0 0 0 0 0 0 0 0 0 0 0 0 0 0 0 0 0 0 0 0 0 0 0 0 0 0 0 0 0 0 0 0 0 0 0 0 0 0 0 0 0 0 0 0 0 0 1 0 0 0 0 0 0 0 0 0 0 0 0 0 0 0 0 0 0 0 0 0 0 0 0 0 0 0 0 0 0 0 0 0]
[91114906425415422083493348645649610470467189380675207095843850786192428173442376230422661256770815838179074084664442841157216097947872014869086678135390300040011023017381336525367994136265285335420899363931673574887711268130642658597918111616626280544250192840702368317494581342352632516989308235190557284593138628811116735865868143181936447581652 0 0 0 0 0 0 0 0 0 0 0 0 0 0 0 0 0 0 0 0 0 0 0 0 0 0 0 0 0 0 0 0 0 0 0 0 0 0 0 0 0 0 0 0 0 0 0 0 0 0 0 0 0 0 0 0 0 0 0 0 0 0 0 0 0 0 0 0 0 0 0 0 0 0 0 0 0 0 0 0 0 0 1 0 0 0 0 0 0 0 0 0 0 0 0 0 0 0 0 0 0 0 0 0 0 0 0 0 0 0 0 0 0 0 0]
[8470804486677744277720992223953566980836150585870083356965174246663774647056382479913336468550437068164475130315750829558872867137660229530599866830119927313007538180295697104484181049654286631725979588560041803104710272986067158641133678635451277178510288787860815334606393112702249213966357594976432645958706071565138670227528104226521712160475168 0 0 0 0 0 0 0 0 0 0 0 0 0 0 0 0 0 0 0 0 0 0 0 0 0 0 0 0 0 0 0 0 0 0 0 0 0 0 0 0 0 0 0 0 0 0 0 0 0 0 0 0 0 0 0 0 0 0 0 0 0 0 0 0 0 0 0 0 0 0 0 0 0 0 0 0 0 0 0 0 0 0 0 1 0 0 0 0 0 0 0 0 0 0 0 0 0 0 0 0 0 0 0 0 0 0 0 0 0 0 0 0 0 0 0]
[631417173903720149369904258708343931946140121851054230051971892721207540975386649023044052176882594042093829419696411122599183284187210895672666448476013725828770674003907193730040306015560107954085707162084291482122525420192467316707638070255925442030581752243289239008010275798828450710025062976199170016363022326506567598334924754626512983193779 0 0 0 0 0 0 0 0 0 0 0 0 0 0 0 0 0 0 0 0 0 0 0 0 0 0 0 0 0 0 0 0 0 0 0 0 0 0 0 0 0 0 0 0 0 0 0 0 0 0 0 0 0 0 0 0 0 0 0 0 0 0 0 0 0 0 0 0 0 0 0 0 0 0 0 0 0 0 0 0 0 0 0 0 1 0 0 0 0 0 0 0 0 0 0 0 0 0 0 0 0 0 0 0 0 0 0 0 0 0 0 0 0 0 0]
[4705637459777925016377395897366967457881398177562216396004525801499882779255296601219062588141191029773017239013910903812605680298698845066711374528295691716949965525569747646815508374458271751171757938782264827915694637256893923172989627016896246908030266568688427719782177748949335677815818271693517096624917978332056090623434326696480029993747786 0 0 0 0 0 0 0 0 0 0 0 0 0 0 0 0 0 0 0 0 0 0 0 0 0 0 0 0 0 0 0 0 0 0 0 0 0 0 0 0 0 0 0 0 0 0 0 0 0 0 0 0 0 0 0 0 0 0 0 0 0 0 0 0 0 0 0 0 0 0 0 0 0 0 0 0 0 0 0 0 0 0 0 0 0 1 0 0 0 0 0 0 0 0 0 0 0 0 0 0 0 0 0 0 0 0 0 0 0 0 0 0 0 0 0]
[3040810204932571144484918950786138280017493655157163228698039779547809519977032497599142602101978890768928251479199980487412459369594482051765928421670308470614253184910591037281755770158094846980966127769810712255364714552965266200920413662361400229785850050203615674392475319889148838952777009946586935199087238358919915580697438173474094293972151 0 0 0 0 0 0 0 0 0 0 0 0 0 0 0 0 0 0 0 0 0 0 0 0 0 0 0 0 0 0 0 0 0 0 0 0 0 0 0 0 0 0 0 0 0 0 0 0 0 0 0 0 0 0 0 0 0 0 0 0 0 0 0 0 0 0 0 0 0 0 0 0 0 0 0 0 0 0 0 0 0 0 0 0 0 0 1 0 0 0 0 0 0 0 0 0 0 0 0 0 0 0 0 0 0 0 0 0 0 0 0 0 0 0 0]
[8108938705252725914659761910297793586541568119484196345008116063499904063660179589071087538908653421734383270462332233682476733899002882215418502477452666173537635307930515105726603570185022646199689046101581330578587764754827028976298759843267239207495763411246505952355767926626205758741264530693140677950478561123945290149224383917734368111543003 0 0 0 0 0 0 0 0 0 0 0 0 0 0 0 0 0 0 0 0 0 0 0 0 0 0 0 0 0 0 0 0 0 0 0 0 0 0 0 0 0 0 0 0 0 0 0 0 0 0 0 0 0 0 0 0 0 0 0 0 0 0 0 0 0 0 0 0 0 0 0 0 0 0 0 0 0 0 0 0 0 0 0 0 0 0 0 1 0 0 0 0 0 0 0 0 0 0 0 0 0 0 0 0 0 0 0 0 0 0 0 0 0 0 0]
[1179577272266390335482816162664176534952587226770545016348076747554947852612471152792344470657695782352607950263923076579420122316310959608381454036857643781615745978628558784338546266504635408125918241588996397858888011307505875764995146031676170872030915603430352552477061120091682441069929156861339916909082649589790697430284953976706380963736508 0 0 0 0 0 0 0 0 0 0 0 0 0 0 0 0 0 0 0 0 0 0 0 0 0 0 0 0 0 0 0 0 0 0 0 0 0 0 0 0 0 0 0 0 0 0 0 0 0 0 0 0 0 0 0 0 0 0 0 0 0 0 0 0 0 0 0 0 0 0 0 0 0 0 0 0 0 0 0 0 0 0 0 0 0 0 0 0 1 0 0 0 0 0 0 0 0 0 0 0 0 0 0 0 0 0 0 0 0 0 0 0 0 0 0]
[6304413694774939255330824991108950349199464283799768160473598025434604185240241229024018284762349516052242868351506661083553423870233569663709120129152574142172198194178647909551741212085126561928737378646279988639985001828228149505275740830689725463996780366527935225405760538106740263101529748085977158639213997824128541018927870351112176158062065 0 0 0 0 0 0 0 0 0 0 0 0 0 0 0 0 0 0 0 0 0 0 0 0 0 0 0 0 0 0 0 0 0 0 0 0 0 0 0 0 0 0 0 0 0 0 0 0 0 0 0 0 0 0 0 0 0 0 0 0 0 0 0 0 0 0 0 0 0 0 0 0 0 0 0 0 0 0 0 0 0 0 0 0 0 0 0 0 0 1 0 0 0 0 0 0 0 0 0 0 0 0 0 0 0 0 0 0 0 0 0 0 0 0 0]
[5851892677135175964092501369542009855721942270423974940004585482971746793377140105026126655838969324653144693698679228908025241040984994640317651473945610225398516386040369080154428825300354723155695830181050807192773323175368215556423272762312997985390217848343443207554065281623833588580653568535310976468391923542825439899874477701325715921724845 0 0 0 0 0 0 0 0 0 0 0 0 0 0 0 0 0 0 0 0 0 0 0 0 0 0 0 0 0 0 0 0 0 0 0 0 0 0 0 0 0 0 0 0 0 0 0 0 0 0 0 0 0 0 0 0 0 0 0 0 0 0 0 0 0 0 0 0 0 0 0 0 0 0 0 0 0 0 0 0 0 0 0 0 0 0 0 0 0 0 1 0 0 0 0 0 0 0 0 0 0 0 0 0 0 0 0 0 0 0 0 0 0 0 0]
[5092788181552476291979649361834580107271975757118864937153166185653959593369839733266099875527601874008020968918019448810752603475568875831631594063735930885887719915186458937859360287996583049530545837859854901210924179205376825180499604454903528497026713094001159991268905860931724316195485339494899661546048392794929757374477445144492371794738625 0 0 0 0 0 0 0 0 0 0 0 0 0 0 0 0 0 0 0 0 0 0 0 0 0 0 0 0 0 0 0 0 0 0 0 0 0 0 0 0 0 0 0 0 0 0 0 0 0 0 0 0 0 0 0 0 0 0 0 0 0 0 0 0 0 0 0 0 0 0 0 0 0 0 0 0 0 0 0 0 0 0 0 0 0 0 0 0 0 0 0 1 0 0 0 0 0 0 0 0 0 0 0 0 0 0 0 0 0 0 0 0 0 0 0]
[7682604248755533159021045332291327392377250483182477721962338886515521811227966652720578456883951553028683905888256622869659117319361594768456477276701649928744502441575889945576335905692210893938314803840417443849187193807070898607662250397300857269791155620701875695393661194124677785648061417461033905257244126328107097675680372145837283390645909 0 0 0 0 0 0 0 0 0 0 0 0 0 0 0 0 0 0 0 0 0 0 0 0 0 0 0 0 0 0 0 0 0 0 0 0 0 0 0 0 0 0 0 0 0 0 0 0 0 0 0 0 0 0 0 0 0 0 0 0 0 0 0 0 0 0 0 0 0 0 0 0 0 0 0 0 0 0 0 0 0 0 0 0 0 0 0 0 0 0 0 0 1 0 0 0 0 0 0 0 0 0 0 0 0 0 0 0 0 0 0 0 0 0 0]
[4462179219528556442198208483997250540677089717241212377162006993958353393236845049975289547302076429669912157323514691607201881435873901312327886128113641307390988079613695977376547592157897019351687033164502612868439276893541000873045006562890544003954556008531350170250792737480666149160960143828926075318687848674687327948392456928942506195259660 0 0 0 0 0 0 0 0 0 0 0 0 0 0 0 0 0 0 0 0 0 0 0 0 0 0 0 0 0 0 0 0 0 0 0 0 0 0 0 0 0 0 0 0 0 0 0 0 0 0 0 0 0 0 0 0 0 0 0 0 0 0 0 0 0 0 0 0 0 0 0 0 0 0 0 0 0 0 0 0 0 0 0 0 0 0 0 0 0 0 0 0 0 1 0 0 0 0 0 0 0 0 0 0 0 0 0 0 0 0 0 0 0 0 0]
[2990443928463200992193154172752387118504419883678147514472676730944193443015741183491844247453811205395149074697080613453834258469956797783863505495637677816173020511055385138441327294974505129294012428735218434555377674087684503730188334547330376936813580383057190085124785175265290279801033680804849199301609432986611483550915869979522779796527860 0 0 0 0 0 0 0 0 0 0 0 0 0 0 0 0 0 0 0 0 0 0 0 0 0 0 0 0 0 0 0 0 0 0 0 0 0 0 0 0 0 0 0 0 0 0 0 0 0 0 0 0 0 0 0 0 0 0 0 0 0 0 0 0 0 0 0 0 0 0 0 0 0 0 0 0 0 0 0 0 0 0 0 0 0 0 0 0 0 0 0 0 0 0 1 0 0 0 0 0 0 0 0 0 0 0 0 0 0 0 0 0 0 0 0]
[6146663482073854708140344711605413965303924619671350286877268730536065122540740880063001890488155960588597448824508967851455099266027261642946311887202207118211946016032124805913066769624549098343644821766368189489789464982123557524923225235623547749489048722251855321625823063162290748961229252368433788085839168408843987130562826790707305153023029 0 0 0 0 0 0 0 0 0 0 0 0 0 0 0 0 0 0 0 0 0 0 0 0 0 0 0 0 0 0 0 0 0 0 0 0 0 0 0 0 0 0 0 0 0 0 0 0 0 0 0 0 0 0 0 0 0 0 0 0 0 0 0 0 0 0 0 0 0 0 0 0 0 0 0 0 0 0 0 0 0 0 0 0 0 0 0 0 0 0 0 0 0 0 0 1 0 0 0 0 0 0 0 0 0 0 0 0 0 0 0 0 0 0 0]
[3606815650891822000238164436441673046222615454774380549252821879036674226806332604774928759344688568169256597095587926513069215960110664723626706317066420730722587314448423358270485616668481998126088696755092411448603302435311963127436453317417256073246445741092173742556535765777026160947425475851459991624083536360202079656102832617302620286027158 0 0 0 0 0 0 0 0 0 0 0 0 0 0 0 0 0 0 0 0 0 0 0 0 0 0 0 0 0 0 0 0 0 0 0 0 0 0 0 0 0 0 0 0 0 0 0 0 0 0 0 0 0 0 0 0 0 0 0 0 0 0 0 0 0 0 0 0 0 0 0 0 0 0 0 0 0 0 0 0 0 0 0 0 0 0 0 0 0 0 0 0 0 0 0 0 1 0 0 0 0 0 0 0 0 0 0 0 0 0 0 0 0 0 0]
[6463363896105998666081359608267060811837284377013148191631133399993470208516288300356069462238097741293494919484278317165739844901660565700164407919793357273801169822411365785333605794366184710251821000623323928056137974251447138353861200879571445398392533015154074549816861304736655687446279551717875227676046607408094818277152541624275326893616611 0 0 0 0 0 0 0 0 0 0 0 0 0 0 0 0 0 0 0 0 0 0 0 0 0 0 0 0 0 0 0 0 0 0 0 0 0 0 0 0 0 0 0 0 0 0 0 0 0 0 0 0 0 0 0 0 0 0 0 0 0 0 0 0 0 0 0 0 0 0 0 0 0 0 0 0 0 0 0 0 0 0 0 0 0 0 0 0 0 0 0 0 0 0 0 0 0 1 0 0 0 0 0 0 0 0 0 0 0 0 0 0 0 0 0]
[5288146589478137201838649626990718692543664835371371155698392151544164227952024339747656214566503989467391784953288155627704041970641601876839057789370463468819622266215526471242836028031879619302088302543132810687806434372166144558115498323924999075263873106027966265754710003477639137412136685023652208856006490053610425610136592211998123251887950 0 0 0 0 0 0 0 0 0 0 0 0 0 0 0 0 0 0 0 0 0 0 0 0 0 0 0 0 0 0 0 0 0 0 0 0 0 0 0 0 0 0 0 0 0 0 0 0 0 0 0 0 0 0 0 0 0 0 0 0 0 0 0 0 0 0 0 0 0 0 0 0 0 0 0 0 0 0 0 0 0 0 0 0 0 0 0 0 0 0 0 0 0 0 0 0 0 0 1 0 0 0 0 0 0 0 0 0 0 0 0 0 0 0 0]
[6454140228796220308195844180697247521911556408047341363155473628793724587900010683989816548621945136822144662685397773771016686964772520314922986473471238194714204432948513966439553835439045339577057445774819417188725661243837236857418993590568448871872692193967473585830541390418138292791092297889262295434816117893041422096370806847903242099276428 0 0 0 0 0 0 0 0 0 0 0 0 0 0 0 0 0 0 0 0 0 0 0 0 0 0 0 0 0 0 0 0 0 0 0 0 0 0 0 0 0 0 0 0 0 0 0 0 0 0 0 0 0 0 0 0 0 0 0 0 0 0 0 0 0 0 0 0 0 0 0 0 0 0 0 0 0 0 0 0 0 0 0 0 0 0 0 0 0 0 0 0 0 0 0 0 0 0 0 1 0 0 0 0 0 0 0 0 0 0 0 0 0 0 0]
[7596314158215105894622114539866355928993083661248489807069327738204247903045269321660589566700660898725049697590100791589899023735632516272057727487754815799160359730810185902801915760800225088168235936267913836298849425788904329425474384890129726730979177255113010036332842707354001820869952733933739293597313829194196391018326241426415641723849815 0 0 0 0 0 0 0 0 0 0 0 0 0 0 0 0 0 0 0 0 0 0 0 0 0 0 0 0 0 0 0 0 0 0 0 0 0 0 0 0 0 0 0 0 0 0 0 0 0 0 0 0 0 0 0 0 0 0 0 0 0 0 0 0 0 0 0 0 0 0 0 0 0 0 0 0 0 0 0 0 0 0 0 0 0 0 0 0 0 0 0 0 0 0 0 0 0 0 0 0 1 0 0 0 0 0 0 0 0 0 0 0 0 0 0]
[6393382812711186221647774361963787409436433161873518582668547518116390904554388716561689246691216146866662289218543081343323621868942350671008637786027786373880941850934478874154075881497257617242414125251364780155752603595061446165189700908230858517793589692416020841118376747565816176612588028256508136433869240526375503223226000952808421382222178 0 0 0 0 0 0 0 0 0 0 0 0 0 0 0 0 0 0 0 0 0 0 0 0 0 0 0 0 0 0 0 0 0 0 0 0 0 0 0 0 0 0 0 0 0 0 0 0 0 0 0 0 0 0 0 0 0 0 0 0 0 0 0 0 0 0 0 0 0 0 0 0 0 0 0 0 0 0 0 0 0 0 0 0 0 0 0 0 0 0 0 0 0 0 0 0 0 0 0 0 0 1 0 0 0 0 0 0 0 0 0 0 0 0 0]
[6660782022514674012070343709115529886074512092234907131740899657783645489245582226498928097003784483229563549385647833668943976041820523572623138344439152461028177588854422614094774396862587087514467023872351983895170287370107860149360359015909667244577844824073259729782491699071492224127248042431233399711166921445097720377129426405681527777084044 0 0 0 0 0 0 0 0 0 0 0 0 0 0 0 0 0 0 0 0 0 0 0 0 0 0 0 0 0 0 0 0 0 0 0 0 0 0 0 0 0 0 0 0 0 0 0 0 0 0 0 0 0 0 0 0 0 0 0 0 0 0 0 0 0 0 0 0 0 0 0 0 0 0 0 0 0 0 0 0 0 0 0 0 0 0 0 0 0 0 0 0 0 0 0 0 0 0 0 0 0 0 1 0 0 0 0 0 0 0 0 0 0 0 0]
[454864270596908533324058866948669425311994810359509031770531673505262480276840359546720971528234110231881967481769405679457461770867395080674348659181316829330106092348711434953565118670605873887409146280875424429726572908194425111720292893079860482025513588330280720861944999799004941486565764877273092395628298689719533540804327378395291396120702 0 0 0 0 0 0 0 0 0 0 0 0 0 0 0 0 0 0 0 0 0 0 0 0 0 0 0 0 0 0 0 0 0 0 0 0 0 0 0 0 0 0 0 0 0 0 0 0 0 0 0 0 0 0 0 0 0 0 0 0 0 0 0 0 0 0 0 0 0 0 0 0 0 0 0 0 0 0 0 0 0 0 0 0 0 0 0 0 0 0 0 0 0 0 0 0 0 0 0 0 0 0 0 1 0 0 0 0 0 0 0 0 0 0 0]
[136811334749695033481924564043280240180129150554131017753004054696078956910361437992915139596295819857772447819918990882563571569976084653414769410821186303560778075466216442889946138841460855528112368466446828148593424800362584422825756942203520342207663550089265415089115611276773778864570067687845974099145738508258083215841020125063774799273661 0 0 0 0 0 0 0 0 0 0 0 0 0 0 0 0 0 0 0 0 0 0 0 0 0 0 0 0 0 0 0 0 0 0 0 0 0 0 0 0 0 0 0 0 0 0 0 0 0 0 0 0 0 0 0 0 0 0 0 0 0 0 0 0 0 0 0 0 0 0 0 0 0 0 0 0 0 0 0 0 0 0 0 0 0 0 0 0 0 0 0 0 0 0 0 0 0 0 0 0 0 0 0 0 1 0 0 0 0 0 0 0 0 0 0]
[6545697238811927537256311444111903723209188819315801374025703664240145998869943766023477013338265580332829748475019600011613037878440448562025413753175226257755187493576185165387732331200750088274859127112299015275114553147626075755635790199464768406062026603908698924810532687239635190729255638903367005264780475323506997844370150171935420021004201 0 0 0 0 0 0 0 0 0 0 0 0 0 0 0 0 0 0 0 0 0 0 0 0 0 0 0 0 0 0 0 0 0 0 0 0 0 0 0 0 0 0 0 0 0 0 0 0 0 0 0 0 0 0 0 0 0 0 0 0 0 0 0 0 0 0 0 0 0 0 0 0 0 0 0 0 0 0 0 0 0 0 0 0 0 0 0 0 0 0 0 0 0 0 0 0 0 0 0 0 0 0 0 0 0 1 0 0 0 0 0 0 0 0 0]
[5657402314419595895091973655595217647559487188090806006704045532645291066436793565830071311621103085786966808104461231455899994180978259067599053109761878688162146399827528950810148271328970687230084442746518116747731478523465947615452198776613720377516476502633670510896211234074201836177077350691954968859970577514390275817417115480952906033322198 0 0 0 0 0 0 0 0 0 0 0 0 0 0 0 0 0 0 0 0 0 0 0 0 0 0 0 0 0 0 0 0 0 0 0 0 0 0 0 0 0 0 0 0 0 0 0 0 0 0 0 0 0 0 0 0 0 0 0 0 0 0 0 0 0 0 0 0 0 0 0 0 0 0 0 0 0 0 0 0 0 0 0 0 0 0 0 0 0 0 0 0 0 0 0 0 0 0 0 0 0 0 0 0 0 0 1 0 0 0 0 0 0 0 0]
[4451825332709002044207557969345351985250318766900999256952527906719061144203688564748363410693861573916525905933964346758884628140191368701038847590387931739108673648246540057246259093388743086124541172505643211974207391525087812444682271094105133261185175321561935890336380777976114536971651585571010464944656724284499595109787776678534470342923171 0 0 0 0 0 0 0 0 0 0 0 0 0 0 0 0 0 0 0 0 0 0 0 0 0 0 0 0 0 0 0 0 0 0 0 0 0 0 0 0 0 0 0 0 0 0 0 0 0 0 0 0 0 0 0 0 0 0 0 0 0 0 0 0 0 0 0 0 0 0 0 0 0 0 0 0 0 0 0 0 0 0 0 0 0 0 0 0 0 0 0 0 0 0 0 0 0 0 0 0 0 0 0 0 0 0 0 1 0 0 0 0 0 0 0]
[3711870856528476148064813179314236719447068114974762940251637665434026755976662995553450900523267478276632021931843672754069486714480536591678644757695011420072944264240802237909822561370060397482234612180376665780066289725557225465895797618401241495917837154034518049742092776896723077828865566642222774825393400570610578553831199623345572793750672 0 0 0 0 0 0 0 0 0 0 0 0 0 0 0 0 0 0 0 0 0 0 0 0 0 0 0 0 0 0 0 0 0 0 0 0 0 0 0 0 0 0 0 0 0 0 0 0 0 0 0 0 0 0 0 0 0 0 0 0 0 0 0 0 0 0 0 0 0 0 0 0 0 0 0 0 0 0 0 0 0 0 0 0 0 0 0 0 0 0 0 0 0 0 0 0 0 0 0 0 0 0 0 0 0 0 0 0 1 0 0 0 0 0 0]
[3406788082753830755603320789850829892861608268618411063145247801209254915899418640924107680731236855423601150278763046395767311050071258214870890520782674952645449446812712629247507567280453162508406472721170097665304091516213946435245613086181610776197957062213929482555191826508779412384936405861344600825285827252999555984907593501126376229389308 0 0 0 0 0 0 0 0 0 0 0 0 0 0 0 0 0 0 0 0 0 0 0 0 0 0 0 0 0 0 0 0 0 0 0 0 0 0 0 0 0 0 0 0 0 0 0 0 0 0 0 0 0 0 0 0 0 0 0 0 0 0 0 0 0 0 0 0 0 0 0 0 0 0 0 0 0 0 0 0 0 0 0 0 0 0 0 0 0 0 0 0 0 0 0 0 0 0 0 0 0 0 0 0 0 0 0 0 0 1 0 0 0 0 0]
[7404473786433955420337472204251837065499303829982095949174734829549685921739344255216561771787920705491053774015439671922503050804566096193222226864513322198833975824355151441820730733273461222624147489311396008838000116949148639171627828500110050456283271681837330929318599757598546292001090101390108833358117188620244505648910275389191504149140526 0 0 0 0 0 0 0 0 0 0 0 0 0 0 0 0 0 0 0 0 0 0 0 0 0 0 0 0 0 0 0 0 0 0 0 0 0 0 0 0 0 0 0 0 0 0 0 0 0 0 0 0 0 0 0 0 0 0 0 0 0 0 0 0 0 0 0 0 0 0 0 0 0 0 0 0 0 0 0 0 0 0 0 0 0 0 0 0 0 0 0 0 0 0 0 0 0 0 0 0 0 0 0 0 0 0 0 0 0 0 1 0 0 0 0]
[7391467597574049428365595088139264011284888679063015564401738181310228205596558279515108366448911005666900095127554823133611305920424840684433072513830829990167804240758095635831634018647545991103313003974954172875136731114867674092930874219764977535178538581575735831009290276751961477217770487132795241171696376582741607751433028230597524337780429 0 0 0 0 0 0 0 0 0 0 0 0 0 0 0 0 0 0 0 0 0 0 0 0 0 0 0 0 0 0 0 0 0 0 0 0 0 0 0 0 0 0 0 0 0 0 0 0 0 0 0 0 0 0 0 0 0 0 0 0 0 0 0 0 0 0 0 0 0 0 0 0 0 0 0 0 0 0 0 0 0 0 0 0 0 0 0 0 0 0 0 0 0 0 0 0 0 0 0 0 0 0 0 0 0 0 0 0 0 0 0 1 0 0 0]
[5547632008008850101149413002698463907731645747859113496964439975819328258203432655847505916837896752534058985559535360649016788996062471859629503818829578659579565327396606236203897589247318112612837401394622127773662226404196458098159565838312724439394700958345533809838951276507326001461430411356740270722041660900127195655522270707765988166783437 0 0 0 0 0 0 0 0 0 0 0 0 0 0 0 0 0 0 0 0 0 0 0 0 0 0 0 0 0 0 0 0 0 0 0 0 0 0 0 0 0 0 0 0 0 0 0 0 0 0 0 0 0 0 0 0 0 0 0 0 0 0 0 0 0 0 0 0 0 0 0 0 0 0 0 0 0 0 0 0 0 0 0 0 0 0 0 0 0 0 0 0 0 0 0 0 0 0 0 0 0 0 0 0 0 0 0 0 0 0 0 0 1 0 0]
[4002846536151637571934982194430391842349576111122128023119999598070549885310767469581307491382185554052579583344036686421683808005722123164078098082063982600551488871198888126930333496706333973363099195826089256414418278094199388330098253022526850899888481599243583065170673701883729544841794424951506262393003101918751191280999189130455068898868784 0 0 0 0 0 0 0 0 0 0 0 0 0 0 0 0 0 0 0 0 0 0 0 0 0 0 0 0 0 0 0 0 0 0 0 0 0 0 0 0 0 0 0 0 0 0 0 0 0 0 0 0 0 0 0 0 0 0 0 0 0 0 0 0 0 0 0 0 0 0 0 0 0 0 0 0 0 0 0 0 0 0 0 0 0 0 0 0 0 0 0 0 0 0 0 0 0 0 0 0 0 0 0 0 0 0 0 0 0 0 0 0 0 1 0]
[1159573673994148102370351835785990797239676289453919293768015783368889074015474183073456145124637386801188161939903355285672407594694485544924186224128118927477081560275257256040420837052656715611669294885496963630780887611906821046575709758531233917975281888019620166246165533092939923936488095420340255666348801784091274692935293859321093461580354 0 0 0 0 0 0 0 0 0 0 0 0 0 0 0 0 0 0 0 0 0 0 0 0 0 0 0 0 0 0 0 0 0 0 0 0 0 0 0 0 0 0 0 0 0 0 0 0 0 0 0 0 0 0 0 0 0 0 0 0 0 0 0 0 0 0 0 0 0 0 0 0 0 0 0 0 0 0 0 0 0 0 0 0 0 0 0 0 0 0 0 0 0 0 0 0 0 0 0 0 0 0 0 0 0 0 0 0 0 0 0 0 0 0 1]
]
