[[5370783815083733832631080510463190240646540644596096237743615611719229894914985459861510783777696412256392985340368394700912172059251334929582566424216672941683519873496098690981608499710168895723481404101812603365762008487159271307710306558643418099056396730106536469736781767308335966747733 0 0 0 0 0 0 0 0 0 0 0 0 0 0 0 0 0 0 0 0 0 0 0 0 0 0 0 0 0 0 0 0 0 0 0 0 0 0 0 0 0 0 0 0 0 0 0 0 0 0 0 0 0 0 0 0 0 0 0 0 0 0 0 0 0 0 0 0 0 0 0 0 0 0 0 0 0 0 0 0 0 0 0 0 0 0 0 0 0 0 0 0 0 0 0 0]
[1683640499604753456588167762506453198673935980832631462357270224749186925703674261386768413096739020980530698248933618658940790506301348062743246652706347288273762459100998017341715195768125164693559030906927550951853662825352145467475112422122508126853169210710078307717415830435707315193927 1 0 0 0 0 0 0 0 0 0 0 0 0 0 0 0 0 0 0 0 0 0 0 0 0 0 0 0 0 0 0 0 0 0 0 0 0 0 0 0 0 0 0 0 0 0 0 0 0 0 0 0 0 0 0 0 0 0 0 0 0 0 0 0 0 0 0 0 0 0 0 0 0 0 0 0 0 0 0 0 0 0 0 0 0 0 0 0 0 0 0 0 0 0 0 0]
[5154120749660345830247937315578614411968762040429504191934943217782455907538441157379415913563663149186192002066041273876174322926197964999324357727741349253369280375877983592882726786337701035283698736175827147790545030028248386567626090664119599209460203136665458004263755530005834465815981 0 1 0 0 0 0 0 0 0 0 0 0 0 0 0 0 0 0 0 0 0 0 0 0 0 0 0 0 0 0 0 0 0 0 0 0 0 0 0 0 0 0 0 0 0 0 0 0 0 0 0 0 0 0 0 0 0 0 0 0 0 0 0 0 0 0 0 0 0 0 0 0 0 0 0 0 0 0 0 0 0 0 0 0 0 0 0 0 0 0 0 0 0 0 0 0]
[2372543387594120243925256452770334170726681363700029329589980709959163391599670185085980597767252111519779779360778269013280481730278378011350121341825875280901465712325287531531004054010468674895433643584663246315360111237132624329642862451105804820625671074198562141182314462609469637685658 0 0 1 0 0 0 0 0 0 0 0 0 0 0 0 0 0 0 0 0 0 0 0 0 0 0 0 0 0 0 0 0 0 0 0 0 0 0 0 0 0 0 0 0 0 0 0 0 0 0 0 0 0 0 0 0 0 0 0 0 0 0 0 0 0 0 0 0 0 0 0 0 0 0 0 0 0 0 0 0 0 0 0 0 0 0 0 0 0 0 0 0 0 0 0 0]
[761005343482948549990718930063264456108043670725446249645938291863179652826851047800399362259391817337208868389410405030598486200673568615057225790584334512710158874196951786551386615268600155842911918012679844978485815055918642599494871550368944024873252254481763404783315338753419189796078 0 0 0 1 0 0 0 0 0 0 0 0 0 0 0 0 0 0 0 0 0 0 0 0 0 0 0 0 0 0 0 0 0 0 0 0 0 0 0 0 0 0 0 0 0 0 0 0 0 0 0 0 0 0 0 0 0 0 0 0 0 0 0 0 0 0 0 0 0 0 0 0 0 0 0 0 0 0 0 0 0 0 0 0 0 0 0 0 0 0 0 0 0 0 0 0]
[1811644180441138899444814971286343430732150100293821562609046273800113576676928663777211983156850795266898735210221833616976341823272147605938533334081770959148594814412401142638066689674283389857901849870673111262095704365624191686705496708264518558752098223884822071423975718209617323930863 0 0 0 0 1 0 0 0 0 0 0 0 0 0 0 0 0 0 0 0 0 0 0 0 0 0 0 0 0 0 0 0 0 0 0 0 0 0 0 0 0 0 0 0 0 0 0 0 0 0 0 0 0 0 0 0 0 0 0 0 0 0 0 0 0 0 0 0 0 0 0 0 0 0 0 0 0 0 0 0 0 0 0 0 0 0 0 0 0 0 0 0 0 0 0 0]
[2882703614081148998832447284833297820570772552533309755048023615629135714747319522465508952262985984533305715604805363906073345251189957702236401682173895483322489234789679466972159625819258613898216947029913795147404240060559989734845133654691999817991926431046059523752459736328834238642796 0 0 0 0 0 1 0 0 0 0 0 0 0 0 0 0 0 0 0 0 0 0 0 0 0 0 0 0 0 0 0 0 0 0 0 0 0 0 0 0 0 0 0 0 0 0 0 0 0 0 0 0 0 0 0 0 0 0 0 0 0 0 0 0 0 0 0 0 0 0 0 0 0 0 0 0 0 0 0 0 0 0 0 0 0 0 0 0 0 0 0 0 0 0 0 0]
[503635249647954223124694561053394743784090446066968584430222783078401126724962028395751466782791603579897657350058976011024628654316694331412790559271572867837204239837360355530901044001137386696908077484077502245130047921039633166293990235068822494562515492612549715085651536141555868400092 0 0 0 0 0 0 1 0 0 0 0 0 0 0 0 0 0 0 0 0 0 0 0 0 0 0 0 0 0 0 0 0 0 0 0 0 0 0 0 0 0 0 0 0 0 0 0 0 0 0 0 0 0 0 0 0 0 0 0 0 0 0 0 0 0 0 0 0 0 0 0 0 0 0 0 0 0 0 0 0 0 0 0 0 0 0 0 0 0 0 0 0 0 0 0 0]
[4979800740655803054695052238107760613784648210773776215392649665044262969606518786985125356453516025374743582135217505901953841278200974710768770806768463070696066814896444399598415287151954079504198674645048239604473050573440031152869211989770153110301999414817285147354592136430983158107675 0 0 0 0 0 0 0 1 0 0 0 0 0 0 0 0 0 0 0 0 0 0 0 0 0 0 0 0 0 0 0 0 0 0 0 0 0 0 0 0 0 0 0 0 0 0 0 0 0 0 0 0 0 0 0 0 0 0 0 0 0 0 0 0 0 0 0 0 0 0 0 0 0 0 0 0 0 0 0 0 0 0 0 0 0 0 0 0 0 0 0 0 0 0 0 0]
[1151699849613982317580386762627078714271159141009229937290661397907696459206869381907651482097270553533250827068431935981201095979015661297704242644622171795311607414863327947111111763959840687971384867964015936812583255004606079001134914367737558476185685261148546149032664223485834155279043 0 0 0 0 0 0 0 0 1 0 0 0 0 0 0 0 0 0 0 0 0 0 0 0 0 0 0 0 0 0 0 0 0 0 0 0 0 0 0 0 0 0 0 0 0 0 0 0 0 0 0 0 0 0 0 0 0 0 0 0 0 0 0 0 0 0 0 0 0 0 0 0 0 0 0 0 0 0 0 0 0 0 0 0 0 0 0 0 0 0 0 0 0 0 0 0]
[3415835213597194903997734267485260618969853623933258241970917618580058584922714057628945838907038205631319671896937625817353690034856296536722034000162569044435876813498247525198640993419138100833195738750070487419830284340333418648133350813704462297518690561206450358601700719954071226478775 0 0 0 0 0 0 0 0 0 1 0 0 0 0 0 0 0 0 0 0 0 0 0 0 0 0 0 0 0 0 0 0 0 0 0 0 0 0 0 0 0 0 0 0 0 0 0 0 0 0 0 0 0 0 0 0 0 0 0 0 0 0 0 0 0 0 0 0 0 0 0 0 0 0 0 0 0 0 0 0 0 0 0 0 0 0 0 0 0 0 0 0 0 0 0 0]
[5108139385599495527574229590616360028959234712781409095793530991229043550744451641160277828233878433206734842468832110892346265783415088378555389119007919450435353534079521061178615431500662883524274989046662696585610459389621565299148624211265434860278718814569219837368395713445454554203905 0 0 0 0 0 0 0 0 0 0 1 0 0 0 0 0 0 0 0 0 0 0 0 0 0 0 0 0 0 0 0 0 0 0 0 0 0 0 0 0 0 0 0 0 0 0 0 0 0 0 0 0 0 0 0 0 0 0 0 0 0 0 0 0 0 0 0 0 0 0 0 0 0 0 0 0 0 0 0 0 0 0 0 0 0 0 0 0 0 0 0 0 0 0 0 0]
[2310361716167827903097317998151542123026142910100861333265140838374728163954329298327872555613827816702189274263267013223195231960868874697934803710764299539313082881696115031092313380243410988232710406191052460833681326195602792695956088865529300096759159027413350890085640203351124570864173 0 0 0 0 0 0 0 0 0 0 0 1 0 0 0 0 0 0 0 0 0 0 0 0 0 0 0 0 0 0 0 0 0 0 0 0 0 0 0 0 0 0 0 0 0 0 0 0 0 0 0 0 0 0 0 0 0 0 0 0 0 0 0 0 0 0 0 0 0 0 0 0 0 0 0 0 0 0 0 0 0 0 0 0 0 0 0 0 0 0 0 0 0 0 0 0]
[3408100167112161473100381148511690658580356885959581386306772094779570260878718865583591069622111610643934982098319660313865306192269088019143093251314901222758529811619351540738966652826071135834775603340490769860015712953022366002232315658053515329207087907019037586856111111959877972896254 0 0 0 0 0 0 0 0 0 0 0 0 1 0 0 0 0 0 0 0 0 0 0 0 0 0 0 0 0 0 0 0 0 0 0 0 0 0 0 0 0 0 0 0 0 0 0 0 0 0 0 0 0 0 0 0 0 0 0 0 0 0 0 0 0 0 0 0 0 0 0 0 0 0 0 0 0 0 0 0 0 0 0 0 0 0 0 0 0 0 0 0 0 0 0 0]
[748377277389033856573131444083177107871801035975160691049417998163828238894664360042823815348795612615758093717451556816012261844066524236841630104666990899633516191599828679877217738683372342503230701346712897023995729293036321126329409368916106338893203884184554385794462065292778803009782 0 0 0 0 0 0 0 0 0 0 0 0 0 1 0 0 0 0 0 0 0 0 0 0 0 0 0 0 0 0 0 0 0 0 0 0 0 0 0 0 0 0 0 0 0 0 0 0 0 0 0 0 0 0 0 0 0 0 0 0 0 0 0 0 0 0 0 0 0 0 0 0 0 0 0 0 0 0 0 0 0 0 0 0 0 0 0 0 0 0 0 0 0 0 0 0]
[1861945283591112264089956605567690710849911250889002832150923802505906413675273436978725587476914561322488907453904416347723242754669432605770323442081974511755103556052664056206884201077625286950194185923687800670256862991884484640874936548369535650585953113055255810494912485239838007546381 0 0 0 0 0 0 0 0 0 0 0 0 0 0 1 0 0 0 0 0 0 0 0 0 0 0 0 0 0 0 0 0 0 0 0 0 0 0 0 0 0 0 0 0 0 0 0 0 0 0 0 0 0 0 0 0 0 0 0 0 0 0 0 0 0 0 0 0 0 0 0 0 0 0 0 0 0 0 0 0 0 0 0 0 0 0 0 0 0 0 0 0 0 0 0 0]
[2929238950503032488665518643784747173768371510603218479085435553528179331341701014238213800191120996644359031388862345986156007821012782030028735246424262751626241744459451887913002903969361648082146135166876723268138595591957865950631240956755125931153612994482807698748038314909856858322687 0 0 0 0 0 0 0 0 0 0 0 0 0 0 0 1 0 0 0 0 0 0 0 0 0 0 0 0 0 0 0 0 0 0 0 0 0 0 0 0 0 0 0 0 0 0 0 0 0 0 0 0 0 0 0 0 0 0 0 0 0 0 0 0 0 0 0 0 0 0 0 0 0 0 0 0 0 0 0 0 0 0 0 0 0 0 0 0 0 0 0 0 0 0 0 0]
[3596676843386992939818666620010154802938588574821424972534598788393474532575691896114662035072743197043968799514651468698816434973266254807406589158636038295814587238288702228095373227046682513031082333013863851328892994381652506727063546866383746448080203887986121118723492907429384858236548 0 0 0 0 0 0 0 0 0 0 0 0 0 0 0 0 1 0 0 0 0 0 0 0 0 0 0 0 0 0 0 0 0 0 0 0 0 0 0 0 0 0 0 0 0 0 0 0 0 0 0 0 0 0 0 0 0 0 0 0 0 0 0 0 0 0 0 0 0 0 0 0 0 0 0 0 0 0 0 0 0 0 0 0 0 0 0 0 0 0 0 0 0 0 0 0]
[5058585576149172151325547939011187837376344157452959750182640377055687841997358533777429109703534094566908004356014969368693844477479160495299342325381116209762964975971003257105015627555761316329246438374462070408838338133975233060617663225665285201226610093284719521140219969348963112007049 0 0 0 0 0 0 0 0 0 0 0 0 0 0 0 0 0 1 0 0 0 0 0 0 0 0 0 0 0 0 0 0 0 0 0 0 0 0 0 0 0 0 0 0 0 0 0 0 0 0 0 0 0 0 0 0 0 0 0 0 0 0 0 0 0 0 0 0 0 0 0 0 0 0 0 0 0 0 0 0 0 0 0 0 0 0 0 0 0 0 0 0 0 0 0 0]
[3032299021929287847021269742728122475778625200139484561577575922634600561351603932493959288308777484778205209235900320302556838590893682096411494166116517177970542367861231411040816148732016992300332149010238025476942613228288992231644623751014781112332432012018831822579177007395169377464792 0 0 0 0 0 0 0 0 0 0 0 0 0 0 0 0 0 0 1 0 0 0 0 0 0 0 0 0 0 0 0 0 0 0 0 0 0 0 0 0 0 0 0 0 0 0 0 0 0 0 0 0 0 0 0 0 0 0 0 0 0 0 0 0 0 0 0 0 0 0 0 0 0 0 0 0 0 0 0 0 0 0 0 0 0 0 0 0 0 0 0 0 0 0 0 0]
[3531155717381582710025757373829266630776005864483896471853248795663737925637799885919289377033407791747795393257266784837471758096561272230261346957668185595587964949868072847838808709681710476050994189086514902480006866003297780831659568810325074797603383589576556327765243497449245210654503 0 0 0 0 0 0 0 0 0 0 0 0 0 0 0 0 0 0 0 1 0 0 0 0 0 0 0 0 0 0 0 0 0 0 0 0 0 0 0 0 0 0 0 0 0 0 0 0 0 0 0 0 0 0 0 0 0 0 0 0 0 0 0 0 0 0 0 0 0 0 0 0 0 0 0 0 0 0 0 0 0 0 0 0 0 0 0 0 0 0 0 0 0 0 0 0]
[4675805213155600376848555220040540279939548243804928573072371057943287475823945775687924946853965490052231332294586487121337917968240806825454611282675577604744586806191914518382585006559455510676933970247712385976592836505112433653054796958232517151179554580897213907189583890182668326105844 0 0 0 0 0 0 0 0 0 0 0 0 0 0 0 0 0 0 0 0 1 0 0 0 0 0 0 0 0 0 0 0 0 0 0 0 0 0 0 0 0 0 0 0 0 0 0 0 0 0 0 0 0 0 0 0 0 0 0 0 0 0 0 0 0 0 0 0 0 0 0 0 0 0 0 0 0 0 0 0 0 0 0 0 0 0 0 0 0 0 0 0 0 0 0 0]
[2578856421972260919298611403651391978830489817871651389858869660819818322941334481975755983136794824769641290115913906988932062154817582548824058725076323420692464370579855879837897193217301011300374732900347658308800791948822532183451362180844361760050056730502293310650253463773764069417570 0 0 0 0 0 0 0 0 0 0 0 0 0 0 0 0 0 0 0 0 0 1 0 0 0 0 0 0 0 0 0 0 0 0 0 0 0 0 0 0 0 0 0 0 0 0 0 0 0 0 0 0 0 0 0 0 0 0 0 0 0 0 0 0 0 0 0 0 0 0 0 0 0 0 0 0 0 0 0 0 0 0 0 0 0 0 0 0 0 0 0 0 0 0 0 0]
[1980795603685769991853666562428129201532851485367649795154235875038000817266917386107949819163224710707992225475070910514876216660942926971427000602341077453978290418900968469930477245068581372002012465617581897238957546879910931662942601494426482423250862228423024972824508391650118743944540 0 0 0 0 0 0 0 0 0 0 0 0 0 0 0 0 0 0 0 0 0 0 1 0 0 0 0 0 0 0 0 0 0 0 0 0 0 0 0 0 0 0 0 0 0 0 0 0 0 0 0 0 0 0 0 0 0 0 0 0 0 0 0 0 0 0 0 0 0 0 0 0 0 0 0 0 0 0 0 0 0 0 0 0 0 0 0 0 0 0 0 0 0 0 0 0]
[2656182707791239382699551788854518895279152706124923710462985629600339971734441042900041909089869481539125682092548785914689205766644026034576090174241071561847524148641718509576729542087507469495152660512976886749072725595783970721202350349067323542774783010947640972016246724443838496352867 0 0 0 0 0 0 0 0 0 0 0 0 0 0 0 0 0 0 0 0 0 0 0 1 0 0 0 0 0 0 0 0 0 0 0 0 0 0 0 0 0 0 0 0 0 0 0 0 0 0 0 0 0 0 0 0 0 0 0 0 0 0 0 0 0 0 0 0 0 0 0 0 0 0 0 0 0 0 0 0 0 0 0 0 0 0 0 0 0 0 0 0 0 0 0 0]
[3844621977562678230612526208692293270146974046400264735899242348086129645239311252856730190040625459257770459945265471905274944613109564913969835374509425930319214442933586921564412750780614176650897234671715955229628866234562406907547926125954344795662548537867500287864985943876361974521689 0 0 0 0 0 0 0 0 0 0 0 0 0 0 0 0 0 0 0 0 0 0 0 0 1 0 0 0 0 0 0 0 0 0 0 0 0 0 0 0 0 0 0 0 0 0 0 0 0 0 0 0 0 0 0 0 0 0 0 0 0 0 0 0 0 0 0 0 0 0 0 0 0 0 0 0 0 0 0 0 0 0 0 0 0 0 0 0 0 0 0 0 0 0 0 0]
[3354216939328600521876318887063281228276672468068189664723111955039642997528305584392500640157603941538851709633545211061249483312365785996096847924906895518479583305621717708689532485584490394283498154712279579020213394122151781261388902583232389965515098774934802152852663659162219375734740 0 0 0 0 0 0 0 0 0 0 0 0 0 0 0 0 0 0 0 0 0 0 0 0 0 1 0 0 0 0 0 0 0 0 0 0 0 0 0 0 0 0 0 0 0 0 0 0 0 0 0 0 0 0 0 0 0 0 0 0 0 0 0 0 0 0 0 0 0 0 0 0 0 0 0 0 0 0 0 0 0 0 0 0 0 0 0 0 0 0 0 0 0 0 0 0]
[3107590375077536174487160313836993672010049960353046581595858075632421009427508686924014652714014655839437726336281818271908312564821681766789251884883620988039739821124876497532463211985412081330432474853066958503266127877911638500817469422154253234475585009136443875073283693502162141234481 0 0 0 0 0 0 0 0 0 0 0 0 0 0 0 0 0 0 0 0 0 0 0 0 0 0 1 0 0 0 0 0 0 0 0 0 0 0 0 0 0 0 0 0 0 0 0 0 0 0 0 0 0 0 0 0 0 0 0 0 0 0 0 0 0 0 0 0 0 0 0 0 0 0 0 0 0 0 0 0 0 0 0 0 0 0 0 0 0 0 0 0 0 0 0 0]
[4765684556721857672259644828749775401365160355076627178951689970046673403434997668039757205594526352303749528877734436379790910479093990561950790516039351200421173714576544028649423949395098181144382391277214606467212827922754550061071263091565876880311235272950108479695943245140968202733371 0 0 0 0 0 0 0 0 0 0 0 0 0 0 0 0 0 0 0 0 0 0 0 0 0 0 0 1 0 0 0 0 0 0 0 0 0 0 0 0 0 0 0 0 0 0 0 0 0 0 0 0 0 0 0 0 0 0 0 0 0 0 0 0 0 0 0 0 0 0 0 0 0 0 0 0 0 0 0 0 0 0 0 0 0 0 0 0 0 0 0 0 0 0 0 0]
[681140021921152385371677201366593524925404878457549950435420281018976439831409562845192177093421235652256930144520541008888148451038904943731484390297849480938642181771403637477915610339534799070306872176380118625904535422679453443639289097767069263230564406560899443881192517420121296044850 0 0 0 0 0 0 0 0 0 0 0 0 0 0 0 0 0 0 0 0 0 0 0 0 0 0 0 0 1 0 0 0 0 0 0 0 0 0 0 0 0 0 0 0 0 0 0 0 0 0 0 0 0 0 0 0 0 0 0 0 0 0 0 0 0 0 0 0 0 0 0 0 0 0 0 0 0 0 0 0 0 0 0 0 0 0 0 0 0 0 0 0 0 0 0 0]
[4588372520531651328881774776937106138377097898115091360712723889741840479929775255361258061914580440840076173694695920569106758596145349751230564240397115507700629142944377192165465440293282162997763222349686300103761635260375221594959956102229306956347897810976378339780030998836420007781491 0 0 0 0 0 0 0 0 0 0 0 0 0 0 0 0 0 0 0 0 0 0 0 0 0 0 0 0 0 1 0 0 0 0 0 0 0 0 0 0 0 0 0 0 0 0 0 0 0 0 0 0 0 0 0 0 0 0 0 0 0 0 0 0 0 0 0 0 0 0 0 0 0 0 0 0 0 0 0 0 0 0 0 0 0 0 0 0 0 0 0 0 0 0 0 0]
[1447613976965937829515829672831933930709998754709623091946651731508096607434558221823723579496873613279360007411605754272638819532698888541605840566366407553434606843401333112000191404121937855387168976791197741349666876730841439195211380857326584215403624606740445507822004981556802258820888 0 0 0 0 0 0 0 0 0 0 0 0 0 0 0 0 0 0 0 0 0 0 0 0 0 0 0 0 0 0 1 0 0 0 0 0 0 0 0 0 0 0 0 0 0 0 0 0 0 0 0 0 0 0 0 0 0 0 0 0 0 0 0 0 0 0 0 0 0 0 0 0 0 0 0 0 0 0 0 0 0 0 0 0 0 0 0 0 0 0 0 0 0 0 0 0]
[882218801896480973755479715877101018906127821734827342022342602588391249323747000474814885126880375398035415076504847074754642864600644790883478548348623121583850032846519930102629269973196377674159528868713892015603610305193819842427632673593145942432107256237104521453825528173841056450575 0 0 0 0 0 0 0 0 0 0 0 0 0 0 0 0 0 0 0 0 0 0 0 0 0 0 0 0 0 0 0 1 0 0 0 0 0 0 0 0 0 0 0 0 0 0 0 0 0 0 0 0 0 0 0 0 0 0 0 0 0 0 0 0 0 0 0 0 0 0 0 0 0 0 0 0 0 0 0 0 0 0 0 0 0 0 0 0 0 0 0 0 0 0 0 0]
[4692438247226103457901768049430569683643336742652100071171192386125305735693860094900487004212624828504562707145381631039332248599866516558369380106199441680928896078020547584513394875619449174867789767960319429795959665299097217809345411951020590634596358327480766506356397995177291840798529 0 0 0 0 0 0 0 0 0 0 0 0 0 0 0 0 0 0 0 0 0 0 0 0 0 0 0 0 0 0 0 0 1 0 0 0 0 0 0 0 0 0 0 0 0 0 0 0 0 0 0 0 0 0 0 0 0 0 0 0 0 0 0 0 0 0 0 0 0 0 0 0 0 0 0 0 0 0 0 0 0 0 0 0 0 0 0 0 0 0 0 0 0 0 0 0]
[4640077722649472243603730036595074680740386662379060234162908610322083855891603388176766515191087210545221737293414007992385344267668555873621332909848595007939447806341615437329664377452088503953301088703483319339131939946166923276621974154659291168621164158308197115352659599093981759602386 0 0 0 0 0 0 0 0 0 0 0 0 0 0 0 0 0 0 0 0 0 0 0 0 0 0 0 0 0 0 0 0 0 1 0 0 0 0 0 0 0 0 0 0 0 0 0 0 0 0 0 0 0 0 0 0 0 0 0 0 0 0 0 0 0 0 0 0 0 0 0 0 0 0 0 0 0 0 0 0 0 0 0 0 0 0 0 0 0 0 0 0 0 0 0 0]
[4887972084835758103871906592593936736931134834165926238341991703953244679824848805896840052705750161055575979358967264501339450087707290791226332759619151503759616897196304835100821032495080594638051113239727910944398419566907278836328113814080924835367896107868812472527085269703742678114101 0 0 0 0 0 0 0 0 0 0 0 0 0 0 0 0 0 0 0 0 0 0 0 0 0 0 0 0 0 0 0 0 0 0 1 0 0 0 0 0 0 0 0 0 0 0 0 0 0 0 0 0 0 0 0 0 0 0 0 0 0 0 0 0 0 0 0 0 0 0 0 0 0 0 0 0 0 0 0 0 0 0 0 0 0 0 0 0 0 0 0 0 0 0 0 0]
[1624204559277863889764518911153697855396415724925273588852926414872147652627580280081435241518777928671068329473690919418928547659890751666896378313192781399146377110032067326626921084047491668214161786273597907940158509950533550958685524404000498412414883651156679191396216636085303890340999 0 0 0 0 0 0 0 0 0 0 0 0 0 0 0 0 0 0 0 0 0 0 0 0 0 0 0 0 0 0 0 0 0 0 0 1 0 0 0 0 0 0 0 0 0 0 0 0 0 0 0 0 0 0 0 0 0 0 0 0 0 0 0 0 0 0 0 0 0 0 0 0 0 0 0 0 0 0 0 0 0 0 0 0 0 0 0 0 0 0 0 0 0 0 0 0]
[1795124010051871003172862016703819120782667702982618647350851165594928763919496102751439812444495254589537656679457039958871231999672257290393955160972670878144913095102701859696910004573152525987230119814980572865389533654150901955271204342051907547887044965039457394674469183830126226437393 0 0 0 0 0 0 0 0 0 0 0 0 0 0 0 0 0 0 0 0 0 0 0 0 0 0 0 0 0 0 0 0 0 0 0 0 1 0 0 0 0 0 0 0 0 0 0 0 0 0 0 0 0 0 0 0 0 0 0 0 0 0 0 0 0 0 0 0 0 0 0 0 0 0 0 0 0 0 0 0 0 0 0 0 0 0 0 0 0 0 0 0 0 0 0 0]
[3902075396824649106748027574823708405338775418633552913092087668956563101026792048328386324510690142121672189756476825608575194796825717339725990644353915545028701220448396947200638825426501894693287976228827767400762624887602289263934566158038054460603404589629863513186096261890951392145539 0 0 0 0 0 0 0 0 0 0 0 0 0 0 0 0 0 0 0 0 0 0 0 0 0 0 0 0 0 0 0 0 0 0 0 0 0 1 0 0 0 0 0 0 0 0 0 0 0 0 0 0 0 0 0 0 0 0 0 0 0 0 0 0 0 0 0 0 0 0 0 0 0 0 0 0 0 0 0 0 0 0 0 0 0 0 0 0 0 0 0 0 0 0 0 0]
[1608133443888941733621791645808531504943303221259747825492505757315872303313953602321312487960556833482122721912389108578355767814205024267009687957880826000437947318036141152050489242946864259702226705514455612737586452428172885375579178322418090074285400254163448953716662612958940420230386 0 0 0 0 0 0 0 0 0 0 0 0 0 0 0 0 0 0 0 0 0 0 0 0 0 0 0 0 0 0 0 0 0 0 0 0 0 0 1 0 0 0 0 0 0 0 0 0 0 0 0 0 0 0 0 0 0 0 0 0 0 0 0 0 0 0 0 0 0 0 0 0 0 0 0 0 0 0 0 0 0 0 0 0 0 0 0 0 0 0 0 0 0 0 0 0]
[5208660424692701303150745491432136613419185206081919005015699362764328292101852756696714699844788276304100958220082778201541189569405481575496108892077093410734100962874150243584459897590522321737914395377841216910647444570708397696655479518583095907763320166531510396499247038262287395218200 0 0 0 0 0 0 0 0 0 0 0 0 0 0 0 0 0 0 0 0 0 0 0 0 0 0 0 0 0 0 0 0 0 0 0 0 0 0 0 1 0 0 0 0 0 0 0 0 0 0 0 0 0 0 0 0 0 0 0 0 0 0 0 0 0 0 0 0 0 0 0 0 0 0 0 0 0 0 0 0 0 0 0 0 0 0 0 0 0 0 0 0 0 0 0 0]
[2675581516210586937439949082384516730308042283161657839616612095083461109475641783815694833904564285020570254932072473702927853074862059311530948431891063685825818424012134794624966620728036201422378752408617675968315391156131646230005986169562891501964228692520494274340224764243649507039202 0 0 0 0 0 0 0 0 0 0 0 0 0 0 0 0 0 0 0 0 0 0 0 0 0 0 0 0 0 0 0 0 0 0 0 0 0 0 0 0 1 0 0 0 0 0 0 0 0 0 0 0 0 0 0 0 0 0 0 0 0 0 0 0 0 0 0 0 0 0 0 0 0 0 0 0 0 0 0 0 0 0 0 0 0 0 0 0 0 0 0 0 0 0 0 0]
[799586188553955924333474190276770097682624284694749226485420186465409196713803657115936287578294268460943054409495865514702994952054051002720367435810197796633442753342918468503383445285932312721553127017744404005015377935132654378045951217875364750378412620376130331834350007270017676965318 0 0 0 0 0 0 0 0 0 0 0 0 0 0 0 0 0 0 0 0 0 0 0 0 0 0 0 0 0 0 0 0 0 0 0 0 0 0 0 0 0 1 0 0 0 0 0 0 0 0 0 0 0 0 0 0 0 0 0 0 0 0 0 0 0 0 0 0 0 0 0 0 0 0 0 0 0 0 0 0 0 0 0 0 0 0 0 0 0 0 0 0 0 0 0 0]
[2509125474753137603548064358159345826914862877743907081567697211418802900317828313889708014103151064808860356947977064000045474616680972489012433784416404980805661015407190037219254170321332142196974008332824674058568555395137176343671819636223900166940254294646696408571352943182981955406067 0 0 0 0 0 0 0 0 0 0 0 0 0 0 0 0 0 0 0 0 0 0 0 0 0 0 0 0 0 0 0 0 0 0 0 0 0 0 0 0 0 0 1 0 0 0 0 0 0 0 0 0 0 0 0 0 0 0 0 0 0 0 0 0 0 0 0 0 0 0 0 0 0 0 0 0 0 0 0 0 0 0 0 0 0 0 0 0 0 0 0 0 0 0 0 0]
[3538177863499404897728942213469024433465034439170326245500192214686048692658381348091147224289140869961793922494105795905496666885013940552462998311641224150269275332109404298949660121799857872026885239009741293587304591754278037899339741405741144872356054834992507654742824276442145447460721 0 0 0 0 0 0 0 0 0 0 0 0 0 0 0 0 0 0 0 0 0 0 0 0 0 0 0 0 0 0 0 0 0 0 0 0 0 0 0 0 0 0 0 1 0 0 0 0 0 0 0 0 0 0 0 0 0 0 0 0 0 0 0 0 0 0 0 0 0 0 0 0 0 0 0 0 0 0 0 0 0 0 0 0 0 0 0 0 0 0 0 0 0 0 0 0]
[4147189178718908731684419706556817404568251538463816472433771496342511342429900420477514439487960822434386863941344203947615694494227799143326850015844542045953905760215337650028573343474524213526180849332217444023079481030117911538723603929917133839930695458382853389752654050182366888050136 0 0 0 0 0 0 0 0 0 0 0 0 0 0 0 0 0 0 0 0 0 0 0 0 0 0 0 0 0 0 0 0 0 0 0 0 0 0 0 0 0 0 0 0 1 0 0 0 0 0 0 0 0 0 0 0 0 0 0 0 0 0 0 0 0 0 0 0 0 0 0 0 0 0 0 0 0 0 0 0 0 0 0 0 0 0 0 0 0 0 0 0 0 0 0 0]
[1720116768882093957385392685541677215131280458965981178089613438470489442979585636533890831941112392109515675084948200178880491387410579834748002764495357036509658173871542646048968233017525883815387781619527951451107845959917022425180029602454376252106410800948871726223030273018256338588149 0 0 0 0 0 0 0 0 0 0 0 0 0 0 0 0 0 0 0 0 0 0 0 0 0 0 0 0 0 0 0 0 0 0 0 0 0 0 0 0 0 0 0 0 0 1 0 0 0 0 0 0 0 0 0 0 0 0 0 0 0 0 0 0 0 0 0 0 0 0 0 0 0 0 0 0 0 0 0 0 0 0 0 0 0 0 0 0 0 0 0 0 0 0 0 0]
[1213767215702049870041117218870909988904097363526965352536785928676779405162647061849093437752355651390305872932672079639851244368266782760154676777155329925738610905520891921621880543529256292931850380703059487064814290300211279560195095252448932264003904892758897063030338623351214417721625 0 0 0 0 0 0 0 0 0 0 0 0 0 0 0 0 0 0 0 0 0 0 0 0 0 0 0 0 0 0 0 0 0 0 0 0 0 0 0 0 0 0 0 0 0 0 1 0 0 0 0 0 0 0 0 0 0 0 0 0 0 0 0 0 0 0 0 0 0 0 0 0 0 0 0 0 0 0 0 0 0 0 0 0 0 0 0 0 0 0 0 0 0 0 0 0]
[4893304070372507383789716841460916554378757202166238197547396226270666912288553581798149472168822980919251537963197140060318207653408388302801061470372564659221155890662859564694429140986678871651545192139588493125909341391222975722056488565248899548051387913584333768309192674331805560283667 0 0 0 0 0 0 0 0 0 0 0 0 0 0 0 0 0 0 0 0 0 0 0 0 0 0 0 0 0 0 0 0 0 0 0 0 0 0 0 0 0 0 0 0 0 0 0 1 0 0 0 0 0 0 0 0 0 0 0 0 0 0 0 0 0 0 0 0 0 0 0 0 0 0 0 0 0 0 0 0 0 0 0 0 0 0 0 0 0 0 0 0 0 0 0 0]
[603030696309499415941735738360504156656784544526791439151608355791395016766534301532500698697894452469957725811934725768875865876818824387692392960669879880206834929301289801429620733198541438468425366265410095550010775140111168703405410538806713225159734014326068752037795357618061689217704 0 0 0 0 0 0 0 0 0 0 0 0 0 0 0 0 0 0 0 0 0 0 0 0 0 0 0 0 0 0 0 0 0 0 0 0 0 0 0 0 0 0 0 0 0 0 0 0 1 0 0 0 0 0 0 0 0 0 0 0 0 0 0 0 0 0 0 0 0 0 0 0 0 0 0 0 0 0 0 0 0 0 0 0 0 0 0 0 0 0 0 0 0 0 0 0]
[1845962410505038449702279373096107147794106413217021973823836206987545882475137553978784021829931961527655755738100403678044100180482830398596338894302553513008743679701998948029176489632220722034816556499257405496886020304578402360254430963656166490206523397343281133826610293683489401725504 0 0 0 0 0 0 0 0 0 0 0 0 0 0 0 0 0 0 0 0 0 0 0 0 0 0 0 0 0 0 0 0 0 0 0 0 0 0 0 0 0 0 0 0 0 0 0 0 0 1 0 0 0 0 0 0 0 0 0 0 0 0 0 0 0 0 0 0 0 0 0 0 0 0 0 0 0 0 0 0 0 0 0 0 0 0 0 0 0 0 0 0 0 0 0 0]
[2476868941147686713451437664753534930963798483915205921037739525981065333580479891785800309668785676213941345685466803012809289934969977485237814094550575474549388627226753272493358880849077457014023553344906004411682489712789173781252467211958795592984235667954704027823036500342686333294482 0 0 0 0 0 0 0 0 0 0 0 0 0 0 0 0 0 0 0 0 0 0 0 0 0 0 0 0 0 0 0 0 0 0 0 0 0 0 0 0 0 0 0 0 0 0 0 0 0 0 1 0 0 0 0 0 0 0 0 0 0 0 0 0 0 0 0 0 0 0 0 0 0 0 0 0 0 0 0 0 0 0 0 0 0 0 0 0 0 0 0 0 0 0 0 0]
[2362279090153484761146594630373258496401633391184615994924341911340088942330934810474624024155983185559405620740496642294506677303044735240406292955867653403331256261345901801764402408383907027940817349227759906659864107253149760000828673896710724124689101898158334817175064584565620578633738 0 0 0 0 0 0 0 0 0 0 0 0 0 0 0 0 0 0 0 0 0 0 0 0 0 0 0 0 0 0 0 0 0 0 0 0 0 0 0 0 0 0 0 0 0 0 0 0 0 0 0 1 0 0 0 0 0 0 0 0 0 0 0 0 0 0 0 0 0 0 0 0 0 0 0 0 0 0 0 0 0 0 0 0 0 0 0 0 0 0 0 0 0 0 0 0]
[3835145101133642913114421223870267283683742453688314651668666746919594698158014870843911000043293568940550927779178793915985630059576562260958230874432180217253091074255611446590526974136943663470563219545185146543875482595410537561269356317891380146226881909102740224643228598638102215790342 0 0 0 0 0 0 0 0 0 0 0 0 0 0 0 0 0 0 0 0 0 0 0 0 0 0 0 0 0 0 0 0 0 0 0 0 0 0 0 0 0 0 0 0 0 0 0 0 0 0 0 0 1 0 0 0 0 0 0 0 0 0 0 0 0 0 0 0 0 0 0 0 0 0 0 0 0 0 0 0 0 0 0 0 0 0 0 0 0 0 0 0 0 0 0 0]
[2301265020514420379980859304774339926983980013283538451237530714686879996258064586607236392302725382204295244755346629503754762209250865113100912897121965204825200104539793496475369176776497872363288029674194613543777910496451722523411208924702873416879613346370853793560035620608804690967850 0 0 0 0 0 0 0 0 0 0 0 0 0 0 0 0 0 0 0 0 0 0 0 0 0 0 0 0 0 0 0 0 0 0 0 0 0 0 0 0 0 0 0 0 0 0 0 0 0 0 0 0 0 1 0 0 0 0 0 0 0 0 0 0 0 0 0 0 0 0 0 0 0 0 0 0 0 0 0 0 0 0 0 0 0 0 0 0 0 0 0 0 0 0 0 0]
[1495514218869582501742849699037393042073382093756564001345881892195968082285450219902787159659302143583305241898205302214046969255131523655738899997075470531607957336029440089702428828350546308902125439369432702389609258072859384885068835735380599973385370915760266804150169869394802670555082 0 0 0 0 0 0 0 0 0 0 0 0 0 0 0 0 0 0 0 0 0 0 0 0 0 0 0 0 0 0 0 0 0 0 0 0 0 0 0 0 0 0 0 0 0 0 0 0 0 0 0 0 0 0 1 0 0 0 0 0 0 0 0 0 0 0 0 0 0 0 0 0 0 0 0 0 0 0 0 0 0 0 0 0 0 0 0 0 0 0 0 0 0 0 0 0]
[1547210507542085309922478831011010009183853674523972835685337866954117364449656673556797360067001497854770632908088352252497278783748867825509954683533066408378986540833082168259673750834979311920957406436299348168092360594404212809848660339980580997514938725328067744571533405483942699299589 0 0 0 0 0 0 0 0 0 0 0 0 0 0 0 0 0 0 0 0 0 0 0 0 0 0 0 0 0 0 0 0 0 0 0 0 0 0 0 0 0 0 0 0 0 0 0 0 0 0 0 0 0 0 0 1 0 0 0 0 0 0 0 0 0 0 0 0 0 0 0 0 0 0 0 0 0 0 0 0 0 0 0 0 0 0 0 0 0 0 0 0 0 0 0 0]
[2517013854077484591004440312901400724274929915220816968802843918896201831809071887087499117429643694765215843387857614484843904249231964266365479422220233878994385494624465012137793306638544812230926275181923731980144868090892634291804972886954052073753099617111395142637877232115461490707838 0 0 0 0 0 0 0 0 0 0 0 0 0 0 0 0 0 0 0 0 0 0 0 0 0 0 0 0 0 0 0 0 0 0 0 0 0 0 0 0 0 0 0 0 0 0 0 0 0 0 0 0 0 0 0 0 1 0 0 0 0 0 0 0 0 0 0 0 0 0 0 0 0 0 0 0 0 0 0 0 0 0 0 0 0 0 0 0 0 0 0 0 0 0 0 0]
[354998155890797351186197615910008232877149164965949075316557563398796001994125406078384791714045076875701201984598296980378953576264251270668148048959989519502373011740836128270032878103508034744745374122488880903326849123599808357221772455111513678300604183124425371228261383922961381508648 0 0 0 0 0 0 0 0 0 0 0 0 0 0 0 0 0 0 0 0 0 0 0 0 0 0 0 0 0 0 0 0 0 0 0 0 0 0 0 0 0 0 0 0 0 0 0 0 0 0 0 0 0 0 0 0 0 1 0 0 0 0 0 0 0 0 0 0 0 0 0 0 0 0 0 0 0 0 0 0 0 0 0 0 0 0 0 0 0 0 0 0 0 0 0 0]
[4746344984195414379452122650746352112316686413398407578633323850571085747377957470848856060538261829699585739485125198922771193266912035392808009632194876856902882186681801849115780116944511099977931312052963595044123047737563166269522922445129598329820729828203632692681861469249966385119561 0 0 0 0 0 0 0 0 0 0 0 0 0 0 0 0 0 0 0 0 0 0 0 0 0 0 0 0 0 0 0 0 0 0 0 0 0 0 0 0 0 0 0 0 0 0 0 0 0 0 0 0 0 0 0 0 0 0 1 0 0 0 0 0 0 0 0 0 0 0 0 0 0 0 0 0 0 0 0 0 0 0 0 0 0 0 0 0 0 0 0 0 0 0 0 0]
[4711104532631154467092436021653964023449504898419339728078174347473249809397518745568014105682030582728130059758867509178371738607216099918448932735160824074153314372992783656769687483063559126553906874167117597512020619346506396738969238037515905532005705142425560697965420365522056059999236 0 0 0 0 0 0 0 0 0 0 0 0 0 0 0 0 0 0 0 0 0 0 0 0 0 0 0 0 0 0 0 0 0 0 0 0 0 0 0 0 0 0 0 0 0 0 0 0 0 0 0 0 0 0 0 0 0 0 0 1 0 0 0 0 0 0 0 0 0 0 0 0 0 0 0 0 0 0 0 0 0 0 0 0 0 0 0 0 0 0 0 0 0 0 0 0]
[329529988715300501672490952146337971710907717132440820741013010153602754460553722854650244292595939973259895449450659246895023123187733094574574927188484520410626653406750115856875315683816704789702931410166348450792670867667883619122294185005193950730782162540512224540171110322454173196518 0 0 0 0 0 0 0 0 0 0 0 0 0 0 0 0 0 0 0 0 0 0 0 0 0 0 0 0 0 0 0 0 0 0 0 0 0 0 0 0 0 0 0 0 0 0 0 0 0 0 0 0 0 0 0 0 0 0 0 0 1 0 0 0 0 0 0 0 0 0 0 0 0 0 0 0 0 0 0 0 0 0 0 0 0 0 0 0 0 0 0 0 0 0 0 0]
[2943747260711866348016581217576300752986743566331512585338504060266416541612156765840168058067207890294574447820500074501427294344080974249553758105150485698700562072955689106443135682531391779654523843437816568928255835115793298479846654321155656110610615693483099986384614034447634164528053 0 0 0 0 0 0 0 0 0 0 0 0 0 0 0 0 0 0 0 0 0 0 0 0 0 0 0 0 0 0 0 0 0 0 0 0 0 0 0 0 0 0 0 0 0 0 0 0 0 0 0 0 0 0 0 0 0 0 0 0 0 1 0 0 0 0 0 0 0 0 0 0 0 0 0 0 0 0 0 0 0 0 0 0 0 0 0 0 0 0 0 0 0 0 0 0]
[2881548812363262021615785203761114055742171576197928319421396042305550615535715196088318043814835169764839271226232916774164938353125894913164694791580691803572068717656832874734210816882842528881175372984649921311029606103113980860169795868553876897569678610101349720840360404983038001969284 0 0 0 0 0 0 0 0 0 0 0 0 0 0 0 0 0 0 0 0 0 0 0 0 0 0 0 0 0 0 0 0 0 0 0 0 0 0 0 0 0 0 0 0 0 0 0 0 0 0 0 0 0 0 0 0 0 0 0 0 0 0 1 0 0 0 0 0 0 0 0 0 0 0 0 0 0 0 0 0 0 0 0 0 0 0 0 0 0 0 0 0 0 0 0 0]
[444749522682907556543163302859925713042906980941640824092613459427543812346640050367810586781709479605152628256173044207879756614002039530598394250976619123388412461560921833856861444293229111147079423336672916380305723395458268271080091668571788519844792729207526357128446980437084925960497 0 0 0 0 0 0 0 0 0 0 0 0 0 0 0 0 0 0 0 0 0 0 0 0 0 0 0 0 0 0 0 0 0 0 0 0 0 0 0 0 0 0 0 0 0 0 0 0 0 0 0 0 0 0 0 0 0 0 0 0 0 0 0 1 0 0 0 0 0 0 0 0 0 0 0 0 0 0 0 0 0 0 0 0 0 0 0 0 0 0 0 0 0 0 0 0]
[1824589273634396864607114583128630336434711972612664886284209218058952341743288975628278869458947747486721315360359261922179693261127531491571685860364799505632125375007550783634790820031910835193716436458941142548100911199260225880633929021032983227706833912132810754868638729942623171221484 0 0 0 0 0 0 0 0 0 0 0 0 0 0 0 0 0 0 0 0 0 0 0 0 0 0 0 0 0 0 0 0 0 0 0 0 0 0 0 0 0 0 0 0 0 0 0 0 0 0 0 0 0 0 0 0 0 0 0 0 0 0 0 0 1 0 0 0 0 0 0 0 0 0 0 0 0 0 0 0 0 0 0 0 0 0 0 0 0 0 0 0 0 0 0 0]
[608332116016211620664298195358422756711281067539524720119599087205150602264261799682684906080213239180053821457041894015648469866431245513015458394787137378830877411940222702327804703575819796360507272483246930268862224064762572963849670275196961337050549203000885367995114957148349127501957 0 0 0 0 0 0 0 0 0 0 0 0 0 0 0 0 0 0 0 0 0 0 0 0 0 0 0 0 0 0 0 0 0 0 0 0 0 0 0 0 0 0 0 0 0 0 0 0 0 0 0 0 0 0 0 0 0 0 0 0 0 0 0 0 0 1 0 0 0 0 0 0 0 0 0 0 0 0 0 0 0 0 0 0 0 0 0 0 0 0 0 0 0 0 0 0]
[4958044657794709957419201779896338157465401637884782333228713073334368839271994407121909651518242875720236962262371775688760336478537123426739341369886568525318385600821637698726621682386873960707528795212617327563662226294895441346425391809513720093998843411169762148806908617066122656948550 0 0 0 0 0 0 0 0 0 0 0 0 0 0 0 0 0 0 0 0 0 0 0 0 0 0 0 0 0 0 0 0 0 0 0 0 0 0 0 0 0 0 0 0 0 0 0 0 0 0 0 0 0 0 0 0 0 0 0 0 0 0 0 0 0 0 1 0 0 0 0 0 0 0 0 0 0 0 0 0 0 0 0 0 0 0 0 0 0 0 0 0 0 0 0 0]
[581906597737893768817755215490546161965555382732776096850656105755995084775112434222477485196462775772747182125259762067365879521382377468584805805682188363891687592391418580845215424169348094182969465577421821321966289365143165683220531100506737092177425703366443312443814719521843016106015 0 0 0 0 0 0 0 0 0 0 0 0 0 0 0 0 0 0 0 0 0 0 0 0 0 0 0 0 0 0 0 0 0 0 0 0 0 0 0 0 0 0 0 0 0 0 0 0 0 0 0 0 0 0 0 0 0 0 0 0 0 0 0 0 0 0 0 1 0 0 0 0 0 0 0 0 0 0 0 0 0 0 0 0 0 0 0 0 0 0 0 0 0 0 0 0]
[4068187320420459058792130584403754525141013639761526595114917828070974054340921060078415649657973283524307511346466629884231813312673624617006944390424743321125805769717782818449770773002360172452913754135342841117355038169946805133521904747408315371489742293318436495888171418733978210590130 0 0 0 0 0 0 0 0 0 0 0 0 0 0 0 0 0 0 0 0 0 0 0 0 0 0 0 0 0 0 0 0 0 0 0 0 0 0 0 0 0 0 0 0 0 0 0 0 0 0 0 0 0 0 0 0 0 0 0 0 0 0 0 0 0 0 0 0 1 0 0 0 0 0 0 0 0 0 0 0 0 0 0 0 0 0 0 0 0 0 0 0 0 0 0 0]
[1277084098725381234100651070670737775477806612520276691965761224104586451218725177492485576875982205157731352258446104216157184801967150776286617897625852899517831919119166963796991811652165753201117804946505211077586632905499727175776716366129681666972337464893469062390003919762818156673275 0 0 0 0 0 0 0 0 0 0 0 0 0 0 0 0 0 0 0 0 0 0 0 0 0 0 0 0 0 0 0 0 0 0 0 0 0 0 0 0 0 0 0 0 0 0 0 0 0 0 0 0 0 0 0 0 0 0 0 0 0 0 0 0 0 0 0 0 0 1 0 0 0 0 0 0 0 0 0 0 0 0 0 0 0 0 0 0 0 0 0 0 0 0 0 0]
[3862365515171209594299970642764516434204593802918871786298966976319615179208782119600062238753182507224333234237422655832028856471455676481322532114377437678590990571973316282802214396771559602363039961895042934025509743421648337090185520725332523464194975611830392568480309434263338225136465 0 0 0 0 0 0 0 0 0 0 0 0 0 0 0 0 0 0 0 0 0 0 0 0 0 0 0 0 0 0 0 0 0 0 0 0 0 0 0 0 0 0 0 0 0 0 0 0 0 0 0 0 0 0 0 0 0 0 0 0 0 0 0 0 0 0 0 0 0 0 1 0 0 0 0 0 0 0 0 0 0 0 0 0 0 0 0 0 0 0 0 0 0 0 0 0]
[3616485651150938349640773221937823896901190421455244276211026584441329447378456217027251541373506409983929907580649373128663012061041069099961733710883907535409598760482898509324137432333576432697514456557963795548656774492028430039244008841538182322403374458534827080722142143713148657025578 0 0 0 0 0 0 0 0 0 0 0 0 0 0 0 0 0 0 0 0 0 0 0 0 0 0 0 0 0 0 0 0 0 0 0 0 0 0 0 0 0 0 0 0 0 0 0 0 0 0 0 0 0 0 0 0 0 0 0 0 0 0 0 0 0 0 0 0 0 0 0 1 0 0 0 0 0 0 0 0 0 0 0 0 0 0 0 0 0 0 0 0 0 0 0 0]
[4382086602656667551273586708503500011919642076521869434357500943113016092435097539531775611203142199924312870529369558255616122124911970948411223262488210881895236767294355856052396971943579412203898711375561294486380081227174575795137795641850883750433112343980261111943746770903314619835181 0 0 0 0 0 0 0 0 0 0 0 0 0 0 0 0 0 0 0 0 0 0 0 0 0 0 0 0 0 0 0 0 0 0 0 0 0 0 0 0 0 0 0 0 0 0 0 0 0 0 0 0 0 0 0 0 0 0 0 0 0 0 0 0 0 0 0 0 0 0 0 0 1 0 0 0 0 0 0 0 0 0 0 0 0 0 0 0 0 0 0 0 0 0 0 0]
[1547979369554609415540701447206197715895493309273508202674477505149506904158828286268359157966580564481446304890454405037968230349973195805115100645552539726437278607296388371081592840249483791443526016579953457543766013459489279431140786934759857657946977228799256233095184957208423750206660 0 0 0 0 0 0 0 0 0 0 0 0 0 0 0 0 0 0 0 0 0 0 0 0 0 0 0 0 0 0 0 0 0 0 0 0 0 0 0 0 0 0 0 0 0 0 0 0 0 0 0 0 0 0 0 0 0 0 0 0 0 0 0 0 0 0 0 0 0 0 0 0 0 1 0 0 0 0 0 0 0 0 0 0 0 0 0 0 0 0 0 0 0 0 0 0]
[4436442169305491801737668090789892265241426241029260782269917552870765974140889750150791590743961077787089947436448095227897180835723599139467400479528137447608722657982534446347536662527091366809827323683692133194564739184010548995248296207259425221184431193864884981288204088821940976253694 0 0 0 0 0 0 0 0 0 0 0 0 0 0 0 0 0 0 0 0 0 0 0 0 0 0 0 0 0 0 0 0 0 0 0 0 0 0 0 0 0 0 0 0 0 0 0 0 0 0 0 0 0 0 0 0 0 0 0 0 0 0 0 0 0 0 0 0 0 0 0 0 0 0 1 0 0 0 0 0 0 0 0 0 0 0 0 0 0 0 0 0 0 0 0 0]
[2517806129001833645889079098445444440560537893937629378932869691424964464757272554157986108669170818556979046546056556626386411509235248456226402612491551685420688974640502717889220692741545211472212038437800392398120842839923513710301423211217116088487228787994629900032860944827075342803683 0 0 0 0 0 0 0 0 0 0 0 0 0 0 0 0 0 0 0 0 0 0 0 0 0 0 0 0 0 0 0 0 0 0 0 0 0 0 0 0 0 0 0 0 0 0 0 0 0 0 0 0 0 0 0 0 0 0 0 0 0 0 0 0 0 0 0 0 0 0 0 0 0 0 0 1 0 0 0 0 0 0 0 0 0 0 0 0 0 0 0 0 0 0 0 0]
[4597815236375459275552616308849123120475533742781503489778733971846820567474995340766305711784967551138642668786524680373227286870521784455369780069364997438971745220389563772093979530459929412432729737154572791531133448746772611575703877942199173436261303094532878037652026780224488164640610 0 0 0 0 0 0 0 0 0 0 0 0 0 0 0 0 0 0 0 0 0 0 0 0 0 0 0 0 0 0 0 0 0 0 0 0 0 0 0 0 0 0 0 0 0 0 0 0 0 0 0 0 0 0 0 0 0 0 0 0 0 0 0 0 0 0 0 0 0 0 0 0 0 0 0 0 1 0 0 0 0 0 0 0 0 0 0 0 0 0 0 0 0 0 0 0]
[4434604386582852950450343944133679955796246537703390173456235294112097244351851216384842157483040061130314983391829648806846093662906198712148925921878289892233002852817442349857369729571334989364796449846808069736238800590764486388235563200491442868058181918706487202518641758883323543821565 0 0 0 0 0 0 0 0 0 0 0 0 0 0 0 0 0 0 0 0 0 0 0 0 0 0 0 0 0 0 0 0 0 0 0 0 0 0 0 0 0 0 0 0 0 0 0 0 0 0 0 0 0 0 0 0 0 0 0 0 0 0 0 0 0 0 0 0 0 0 0 0 0 0 0 0 0 1 0 0 0 0 0 0 0 0 0 0 0 0 0 0 0 0 0 0]
[1841345656040666963022457100736514151777452682417957935009763753971446687831506208576304601296673513263100105288503047951767491803570964420055413237996051116249439088875793753196183040964676736724075016641605266638336734350336077767676900534137300658702992936766409214153844522269500904249993 0 0 0 0 0 0 0 0 0 0 0 0 0 0 0 0 0 0 0 0 0 0 0 0 0 0 0 0 0 0 0 0 0 0 0 0 0 0 0 0 0 0 0 0 0 0 0 0 0 0 0 0 0 0 0 0 0 0 0 0 0 0 0 0 0 0 0 0 0 0 0 0 0 0 0 0 0 0 1 0 0 0 0 0 0 0 0 0 0 0 0 0 0 0 0 0]
[3927923924335276163011592084595670583379350160931132357508622386276718308108563481929302508193878235464153630863350682909615749363226249788493680422753092218568935589957679782032150148236068946086593335018071126787857266388597868162387587092246459486309311815731565017393388937221402060661333 0 0 0 0 0 0 0 0 0 0 0 0 0 0 0 0 0 0 0 0 0 0 0 0 0 0 0 0 0 0 0 0 0 0 0 0 0 0 0 0 0 0 0 0 0 0 0 0 0 0 0 0 0 0 0 0 0 0 0 0 0 0 0 0 0 0 0 0 0 0 0 0 0 0 0 0 0 0 0 1 0 0 0 0 0 0 0 0 0 0 0 0 0 0 0 0]
[917207367771018275003399918427487983963163594180414700032363642674179024591177360199213015627497803996186532860881234553655884447348175649404156836703567284581538813411515849131251553838041304760816801909879234400161389239109732752256166653266398406231264027025814123226176478103896028142862 0 0 0 0 0 0 0 0 0 0 0 0 0 0 0 0 0 0 0 0 0 0 0 0 0 0 0 0 0 0 0 0 0 0 0 0 0 0 0 0 0 0 0 0 0 0 0 0 0 0 0 0 0 0 0 0 0 0 0 0 0 0 0 0 0 0 0 0 0 0 0 0 0 0 0 0 0 0 0 0 1 0 0 0 0 0 0 0 0 0 0 0 0 0 0 0]
[2934815191718646658098562861618240928589213113381637499748900707461271239184155584887435686318310182829420819117211081712938468959619569904441314167630565698309746293690654035125195410921538579831693631759176375252865097430349811167771566559317809556297358571778557637141259584197258991854270 0 0 0 0 0 0 0 0 0 0 0 0 0 0 0 0 0 0 0 0 0 0 0 0 0 0 0 0 0 0 0 0 0 0 0 0 0 0 0 0 0 0 0 0 0 0 0 0 0 0 0 0 0 0 0 0 0 0 0 0 0 0 0 0 0 0 0 0 0 0 0 0 0 0 0 0 0 0 0 0 0 1 0 0 0 0 0 0 0 0 0 0 0 0 0 0]
[2213693627644805781687559806774319778649220550243239580501670208527859098772327301197439888192995174228621916657541077766835326071703728875034872214427390382937809864477308024145663440409087917811322550735360006731494459122968228869054361531461488404168980446322980402076731968279419903906572 0 0 0 0 0 0 0 0 0 0 0 0 0 0 0 0 0 0 0 0 0 0 0 0 0 0 0 0 0 0 0 0 0 0 0 0 0 0 0 0 0 0 0 0 0 0 0 0 0 0 0 0 0 0 0 0 0 0 0 0 0 0 0 0 0 0 0 0 0 0 0 0 0 0 0 0 0 0 0 0 0 0 1 0 0 0 0 0 0 0 0 0 0 0 0 0]
[988210142751382683085258330663208344035016809619000191453139754109724812259914841347098399638449709707201453292280707333117757860989336319629861543715503831430613253118308094864192072212201091411590669552353248575089930008209798287995530905629024915837660256269841138147836369019308587925739 0 0 0 0 0 0 0 0 0 0 0 0 0 0 0 0 0 0 0 0 0 0 0 0 0 0 0 0 0 0 0 0 0 0 0 0 0 0 0 0 0 0 0 0 0 0 0 0 0 0 0 0 0 0 0 0 0 0 0 0 0 0 0 0 0 0 0 0 0 0 0 0 0 0 0 0 0 0 0 0 0 0 0 1 0 0 0 0 0 0 0 0 0 0 0 0]
[1208248262002251496895857849812422158479619343033361402616423462517935078824531432526658026971959558282089535754961054703342980623558221242375203527192380036962634901394233007752231101145611591663341055463662862652669491044843671965573514299289624992039454552487074877930953602161985336539442 0 0 0 0 0 0 0 0 0 0 0 0 0 0 0 0 0 0 0 0 0 0 0 0 0 0 0 0 0 0 0 0 0 0 0 0 0 0 0 0 0 0 0 0 0 0 0 0 0 0 0 0 0 0 0 0 0 0 0 0 0 0 0 0 0 0 0 0 0 0 0 0 0 0 0 0 0 0 0 0 0 0 0 0 1 0 0 0 0 0 0 0 0 0 0 0]
[1303954043027678443507739679501828074771925413404359138356795634582193013313987951048640457953490426298304838166470465009734092109665759498646950798622183288974238555602558788047837453960786429882352786166899218771928538483504737703160680244500439670826250005995475276544591533829336946685843 0 0 0 0 0 0 0 0 0 0 0 0 0 0 0 0 0 0 0 0 0 0 0 0 0 0 0 0 0 0 0 0 0 0 0 0 0 0 0 0 0 0 0 0 0 0 0 0 0 0 0 0 0 0 0 0 0 0 0 0 0 0 0 0 0 0 0 0 0 0 0 0 0 0 0 0 0 0 0 0 0 0 0 0 0 1 0 0 0 0 0 0 0 0 0 0]
[1165997326151301790824883012297019136630172472757189389965855695342435988395504146823033540808702526580320855443048927831338182854852925458990535322539262411097099606175893565426399381605078501078808274534279679929960832303316251421805296099643283386684277288510537913964729712239431702086495 0 0 0 0 0 0 0 0 0 0 0 0 0 0 0 0 0 0 0 0 0 0 0 0 0 0 0 0 0 0 0 0 0 0 0 0 0 0 0 0 0 0 0 0 0 0 0 0 0 0 0 0 0 0 0 0 0 0 0 0 0 0 0 0 0 0 0 0 0 0 0 0 0 0 0 0 0 0 0 0 0 0 0 0 0 0 1 0 0 0 0 0 0 0 0 0]
[1509029041473564185883257575936412174595372403646552882746874445245745060195653102939197290904554348593043904175279766417328582724973835937353621851492067811374094214042679176150524356021375828158236323411362964035009138167582863263066775763428506810258225514929538757755957883070918400744317 0 0 0 0 0 0 0 0 0 0 0 0 0 0 0 0 0 0 0 0 0 0 0 0 0 0 0 0 0 0 0 0 0 0 0 0 0 0 0 0 0 0 0 0 0 0 0 0 0 0 0 0 0 0 0 0 0 0 0 0 0 0 0 0 0 0 0 0 0 0 0 0 0 0 0 0 0 0 0 0 0 0 0 0 0 0 0 1 0 0 0 0 0 0 0 0]
[3353172377349056406325080527117457793046544345656961016178888434278193988716459304262289860739424412019905601197405134924325395024007498375714690175222068923936219765229790900650441341696748531658021870498654682297796014297240171261962641040004342165662068959578573930415157161167469649118868 0 0 0 0 0 0 0 0 0 0 0 0 0 0 0 0 0 0 0 0 0 0 0 0 0 0 0 0 0 0 0 0 0 0 0 0 0 0 0 0 0 0 0 0 0 0 0 0 0 0 0 0 0 0 0 0 0 0 0 0 0 0 0 0 0 0 0 0 0 0 0 0 0 0 0 0 0 0 0 0 0 0 0 0 0 0 0 0 1 0 0 0 0 0 0 0]
[5255006913477477653883812418704861443184882570101880556830470024849442293147833072490580435397800093071545173232226584521483807461237297080128881351241891003864337077845884948599238787147598359100610098999165763878138215899572270711711020239879874538122037601877869280423024181793549549755951 0 0 0 0 0 0 0 0 0 0 0 0 0 0 0 0 0 0 0 0 0 0 0 0 0 0 0 0 0 0 0 0 0 0 0 0 0 0 0 0 0 0 0 0 0 0 0 0 0 0 0 0 0 0 0 0 0 0 0 0 0 0 0 0 0 0 0 0 0 0 0 0 0 0 0 0 0 0 0 0 0 0 0 0 0 0 0 0 0 1 0 0 0 0 0 0]
[621346386240935118326960047325640985963693634537392502155121709126284618853554894952346277841516695753164609241725124752834012758797841946322764545857045184858387608715050088446185401121054449531718484150497582430156690127795563850521153313377544799467546860259627026669643911979322279636967 0 0 0 0 0 0 0 0 0 0 0 0 0 0 0 0 0 0 0 0 0 0 0 0 0 0 0 0 0 0 0 0 0 0 0 0 0 0 0 0 0 0 0 0 0 0 0 0 0 0 0 0 0 0 0 0 0 0 0 0 0 0 0 0 0 0 0 0 0 0 0 0 0 0 0 0 0 0 0 0 0 0 0 0 0 0 0 0 0 0 1 0 0 0 0 0]
[5099564112615155725288526100762254851171126177058151710962077247445988862026008653957493499324706624753307619347841165568754213094301117344675984050987814613333906544001550533424019288593016286853069364834486662080201244198849960493179281718231035270129533368163957804456795457917326962818904 0 0 0 0 0 0 0 0 0 0 0 0 0 0 0 0 0 0 0 0 0 0 0 0 0 0 0 0 0 0 0 0 0 0 0 0 0 0 0 0 0 0 0 0 0 0 0 0 0 0 0 0 0 0 0 0 0 0 0 0 0 0 0 0 0 0 0 0 0 0 0 0 0 0 0 0 0 0 0 0 0 0 0 0 0 0 0 0 0 0 0 1 0 0 0 0]
[469542674535660980377845686145796924242265305454348310829545759710108299796246514437133588177926645869664296099096580802139369024441733300890595515767388112271652697021756261205973890256312947184992631384254971897210757380152443364782367576702030503080574982374407087820704743168944779135782 0 0 0 0 0 0 0 0 0 0 0 0 0 0 0 0 0 0 0 0 0 0 0 0 0 0 0 0 0 0 0 0 0 0 0 0 0 0 0 0 0 0 0 0 0 0 0 0 0 0 0 0 0 0 0 0 0 0 0 0 0 0 0 0 0 0 0 0 0 0 0 0 0 0 0 0 0 0 0 0 0 0 0 0 0 0 0 0 0 0 0 0 1 0 0 0]
[4239991489141263622815043837284858499420647606498991208319409286002688561834541865481205295632501858260855256965300573420392012369281694332929594358617433190656373924162813229763596379077003623157992604293525319121640158523088534074838993621438780502949739165027867163049671526298831734311279 0 0 0 0 0 0 0 0 0 0 0 0 0 0 0 0 0 0 0 0 0 0 0 0 0 0 0 0 0 0 0 0 0 0 0 0 0 0 0 0 0 0 0 0 0 0 0 0 0 0 0 0 0 0 0 0 0 0 0 0 0 0 0 0 0 0 0 0 0 0 0 0 0 0 0 0 0 0 0 0 0 0 0 0 0 0 0 0 0 0 0 0 0 1 0 0]
[4963348889324608753252710312915378032419749892437587339597588455755106699517492008457147409995620595884819580869719643718358671255133664199956621990040979062622175388615402892351383368690258291231109877858072261617571514499688593448252638208388991558198393170764748751040866586831075725620859 0 0 0 0 0 0 0 0 0 0 0 0 0 0 0 0 0 0 0 0 0 0 0 0 0 0 0 0 0 0 0 0 0 0 0 0 0 0 0 0 0 0 0 0 0 0 0 0 0 0 0 0 0 0 0 0 0 0 0 0 0 0 0 0 0 0 0 0 0 0 0 0 0 0 0 0 0 0 0 0 0 0 0 0 0 0 0 0 0 0 0 0 0 0 1 0]
[2354783711920986074863457350453421045036731433535363547265585794960682038080300748284860221252917069756008258944166066412279390863587379845672933971424542703542497994728197697689475030184935105479138005060476201314238318028502535018111699874963761312904027060047082982835152681671411047069602 0 0 0 0 0 0 0 0 0 0 0 0 0 0 0 0 0 0 0 0 0 0 0 0 0 0 0 0 0 0 0 0 0 0 0 0 0 0 0 0 0 0 0 0 0 0 0 0 0 0 0 0 0 0 0 0 0 0 0 0 0 0 0 0 0 0 0 0 0 0 0 0 0 0 0 0 0 0 0 0 0 0 0 0 0 0 0 0 0 0 0 0 0 0 0 1]
]
