[[3060927963513220400851226678728787259700618233347950986972147143575558551677468639862146145812953226192577393646362854871780409820459121925213144265070611726882320301564709942074797110298720634377800851112199 0 0 0 0 0 0 0 0 0 0 0 0 0 0 0 0 0 0 0 0 0 0 0 0 0 0 0 0 0 0 0 0 0 0 0 0 0 0 0 0 0 0 0 0 0 0 0 0 0 0 0 0 0 0 0 0 0 0 0 0 0 0 0 0 0 0 0 0]
[2176705778734387040744218425082975184933919929081695150461269835191727045532746174751633454665721966924147070928835039807623147064467481266528036616207827268141780786016622065954532830187869857711862544473811 1 0 0 0 0 0 0 0 0 0 0 0 0 0 0 0 0 0 0 0 0 0 0 0 0 0 0 0 0 0 0 0 0 0 0 0 0 0 0 0 0 0 0 0 0 0 0 0 0 0 0 0 0 0 0 0 0 0 0 0 0 0 0 0 0 0 0 0]
[1384997509452651287285665056560733641217184519693248605847512136593040280132155598293113212229307955155012331720248352327610341709851602465512763250183639450954546289617306647978295523655614698106503855394571 0 1 0 0 0 0 0 0 0 0 0 0 0 0 0 0 0 0 0 0 0 0 0 0 0 0 0 0 0 0 0 0 0 0 0 0 0 0 0 0 0 0 0 0 0 0 0 0 0 0 0 0 0 0 0 0 0 0 0 0 0 0 0 0 0 0 0 0]
[2070782515858031675370983752210644422661872444016436702368354739622852699134881178930171939392371824508806740806281274120204628589748575656094797970701272308145193401895600093499102311168288130193520331426938 0 0 1 0 0 0 0 0 0 0 0 0 0 0 0 0 0 0 0 0 0 0 0 0 0 0 0 0 0 0 0 0 0 0 0 0 0 0 0 0 0 0 0 0 0 0 0 0 0 0 0 0 0 0 0 0 0 0 0 0 0 0 0 0 0 0 0 0]
[1629364169382334434837450517783429541265998044183921316900001873577797346767664277547606103566732848253189075864696714300605208127510024689994356130527782094901313631961247369224386655873930954521802453591525 0 0 0 1 0 0 0 0 0 0 0 0 0 0 0 0 0 0 0 0 0 0 0 0 0 0 0 0 0 0 0 0 0 0 0 0 0 0 0 0 0 0 0 0 0 0 0 0 0 0 0 0 0 0 0 0 0 0 0 0 0 0 0 0 0 0 0 0]
[2055534241046730283887186094327876712468619814315235503377785393353830478723464899838257117261520760410109125813058839938098753068378434204315771749212340905505194971024254332696475550195626781418571837807730 0 0 0 0 1 0 0 0 0 0 0 0 0 0 0 0 0 0 0 0 0 0 0 0 0 0 0 0 0 0 0 0 0 0 0 0 0 0 0 0 0 0 0 0 0 0 0 0 0 0 0 0 0 0 0 0 0 0 0 0 0 0 0 0 0 0 0 0]
[2108871501333662147201589481017937471096935626542374727832262958453305043349124393949725778912935355660327210679382921241619034501830933814784238737783553801864303727242760034050702309600989928218139232166438 0 0 0 0 0 1 0 0 0 0 0 0 0 0 0 0 0 0 0 0 0 0 0 0 0 0 0 0 0 0 0 0 0 0 0 0 0 0 0 0 0 0 0 0 0 0 0 0 0 0 0 0 0 0 0 0 0 0 0 0 0 0 0 0 0 0 0 0]
[1220360343377995431073167249496353775127177007063897729622441368304455849212773938811901797104090371212642829778886656127815841800005098653879955551740811204496442983384863356155426000707868736194475214859247 0 0 0 0 0 0 1 0 0 0 0 0 0 0 0 0 0 0 0 0 0 0 0 0 0 0 0 0 0 0 0 0 0 0 0 0 0 0 0 0 0 0 0 0 0 0 0 0 0 0 0 0 0 0 0 0 0 0 0 0 0 0 0 0 0 0 0 0]
[1841977886359601515791075446533150017923673919455683126268060056419689242992538818185183298644134960242375647861356582471294641343540172730430947584072684276878697599732970611588029578982116531587011607639584 0 0 0 0 0 0 0 1 0 0 0 0 0 0 0 0 0 0 0 0 0 0 0 0 0 0 0 0 0 0 0 0 0 0 0 0 0 0 0 0 0 0 0 0 0 0 0 0 0 0 0 0 0 0 0 0 0 0 0 0 0 0 0 0 0 0 0 0]
[974732004949233402220217964205006557373174520891518476492220195786830302043394450191987026877400628637861681233454725908506510212686378591245244775583052473380248956690493514506927332569601682333048075924371 0 0 0 0 0 0 0 0 1 0 0 0 0 0 0 0 0 0 0 0 0 0 0 0 0 0 0 0 0 0 0 0 0 0 0 0 0 0 0 0 0 0 0 0 0 0 0 0 0 0 0 0 0 0 0 0 0 0 0 0 0 0 0 0 0 0 0 0]
[998724326906696721099688198302703848962265520845302348761073845908643050922226517092848273734082111750357064185896504836044706997189198670228108558808808933938986569203563944091687824512530830087942562811487 0 0 0 0 0 0 0 0 0 1 0 0 0 0 0 0 0 0 0 0 0 0 0 0 0 0 0 0 0 0 0 0 0 0 0 0 0 0 0 0 0 0 0 0 0 0 0 0 0 0 0 0 0 0 0 0 0 0 0 0 0 0 0 0 0 0 0 0]
[2711027385684957901510646885912439943019773607486264591024475561636454219383132248964770483563239009540536669514188390581717869732666473947007405826971180149432550037553369706187327394143032967510182073852319 0 0 0 0 0 0 0 0 0 0 1 0 0 0 0 0 0 0 0 0 0 0 0 0 0 0 0 0 0 0 0 0 0 0 0 0 0 0 0 0 0 0 0 0 0 0 0 0 0 0 0 0 0 0 0 0 0 0 0 0 0 0 0 0 0 0 0 0]
[541409424557540851455466665335189985328874015842500684217943284275751087815642608295136559161167876054152063734489200201475912928554839453158658756566181619842238632600848654952173877169548974923748127609097 0 0 0 0 0 0 0 0 0 0 0 1 0 0 0 0 0 0 0 0 0 0 0 0 0 0 0 0 0 0 0 0 0 0 0 0 0 0 0 0 0 0 0 0 0 0 0 0 0 0 0 0 0 0 0 0 0 0 0 0 0 0 0 0 0 0 0 0]
[302947432168790438116783902031728668453761204599322288009310227517772404331245836477970600875708209457948046552527300267358604223896277349533705455917893094550805403176537305404720144294960057692100144097364 0 0 0 0 0 0 0 0 0 0 0 0 1 0 0 0 0 0 0 0 0 0 0 0 0 0 0 0 0 0 0 0 0 0 0 0 0 0 0 0 0 0 0 0 0 0 0 0 0 0 0 0 0 0 0 0 0 0 0 0 0 0 0 0 0 0 0 0]
[2481593359294742277735515952735110231551784860911058932608949961770131777217453595204483388398708885017497481769242946481483050560276196148854800942089977019955237750755359407382183701761013552551464668862252 0 0 0 0 0 0 0 0 0 0 0 0 0 1 0 0 0 0 0 0 0 0 0 0 0 0 0 0 0 0 0 0 0 0 0 0 0 0 0 0 0 0 0 0 0 0 0 0 0 0 0 0 0 0 0 0 0 0 0 0 0 0 0 0 0 0 0 0]
[81221167034533416828124370300575851840915523867678867006347897041044638932674214554474939255916304553570806770096013920205629966170460507285123549790788361666778488859083052340995395995353996061341665781492 0 0 0 0 0 0 0 0 0 0 0 0 0 0 1 0 0 0 0 0 0 0 0 0 0 0 0 0 0 0 0 0 0 0 0 0 0 0 0 0 0 0 0 0 0 0 0 0 0 0 0 0 0 0 0 0 0 0 0 0 0 0 0 0 0 0 0 0]
[1357681769478725765958093826927248816611247907526078561686588295678296412572667666671614997527414833867850958248890855828545657001362537143371635284356182838793222351517490264590358605002160085437783468889101 0 0 0 0 0 0 0 0 0 0 0 0 0 0 0 1 0 0 0 0 0 0 0 0 0 0 0 0 0 0 0 0 0 0 0 0 0 0 0 0 0 0 0 0 0 0 0 0 0 0 0 0 0 0 0 0 0 0 0 0 0 0 0 0 0 0 0 0]
[1612004451567361007045260850185666558274749102652756428779331045890497925662862808785630471761134554590393177460166068916508374096065855338976448126206325565416066915198735138204826764264364150937503971025907 0 0 0 0 0 0 0 0 0 0 0 0 0 0 0 0 1 0 0 0 0 0 0 0 0 0 0 0 0 0 0 0 0 0 0 0 0 0 0 0 0 0 0 0 0 0 0 0 0 0 0 0 0 0 0 0 0 0 0 0 0 0 0 0 0 0 0 0]
[2059652476670426116182030380993440230472019026056337596869263559617963272187940322914970028750237411248827501670582890561395125859925519467630024931717584545100380100307096274664583952827183529815692547449472 0 0 0 0 0 0 0 0 0 0 0 0 0 0 0 0 0 1 0 0 0 0 0 0 0 0 0 0 0 0 0 0 0 0 0 0 0 0 0 0 0 0 0 0 0 0 0 0 0 0 0 0 0 0 0 0 0 0 0 0 0 0 0 0 0 0 0 0]
[317438300548165595756899330509695638030443625105952295408220120018873589866448143811434697498400196322928987524240187022820217607643372814475108886384813342826343667758437621406626466584437910603366901560838 0 0 0 0 0 0 0 0 0 0 0 0 0 0 0 0 0 0 1 0 0 0 0 0 0 0 0 0 0 0 0 0 0 0 0 0 0 0 0 0 0 0 0 0 0 0 0 0 0 0 0 0 0 0 0 0 0 0 0 0 0 0 0 0 0 0 0 0]
[111134577718978980783178202703598542405265739238055599238346840777540100845884559060850520303904843482272441114110987319103729783090858770823361238778552459976561226764441494805361290903374010731745801082743 0 0 0 0 0 0 0 0 0 0 0 0 0 0 0 0 0 0 0 1 0 0 0 0 0 0 0 0 0 0 0 0 0 0 0 0 0 0 0 0 0 0 0 0 0 0 0 0 0 0 0 0 0 0 0 0 0 0 0 0 0 0 0 0 0 0 0 0]
[412695064086091180437976751271854753591337155059036043993214933509233358005744834068369441936883663625442263849375549199862655027623018607569703890626651375136715072251586350477428379266328689746412181051962 0 0 0 0 0 0 0 0 0 0 0 0 0 0 0 0 0 0 0 0 1 0 0 0 0 0 0 0 0 0 0 0 0 0 0 0 0 0 0 0 0 0 0 0 0 0 0 0 0 0 0 0 0 0 0 0 0 0 0 0 0 0 0 0 0 0 0 0]
[2305978188447084362929836833667417327315461691292901946617965803272042278690393206127448084672025870815356074803798410508898033625571393172676115969448281202952461572860884642285462953018826354086736990601965 0 0 0 0 0 0 0 0 0 0 0 0 0 0 0 0 0 0 0 0 0 1 0 0 0 0 0 0 0 0 0 0 0 0 0 0 0 0 0 0 0 0 0 0 0 0 0 0 0 0 0 0 0 0 0 0 0 0 0 0 0 0 0 0 0 0 0 0]
[2940272655456851830602178592445063413088410592641475030878120346096232947286071635265403056339781813572012670590558171553125053716743620473396717046938086137462930930622627533676159625904102099953290204203873 0 0 0 0 0 0 0 0 0 0 0 0 0 0 0 0 0 0 0 0 0 0 1 0 0 0 0 0 0 0 0 0 0 0 0 0 0 0 0 0 0 0 0 0 0 0 0 0 0 0 0 0 0 0 0 0 0 0 0 0 0 0 0 0 0 0 0 0]
[2845245717904726833966370922958008728985020431243734111941409059719153809267867828143262682674111037197026090719985388043910248586204483197667298957313020648147759569974270255264302515127887521163090804771904 0 0 0 0 0 0 0 0 0 0 0 0 0 0 0 0 0 0 0 0 0 0 0 1 0 0 0 0 0 0 0 0 0 0 0 0 0 0 0 0 0 0 0 0 0 0 0 0 0 0 0 0 0 0 0 0 0 0 0 0 0 0 0 0 0 0 0 0]
[742371789896938396793928572287996243360378987694407999063972279210952110371010363189867653351648598494253766637038061323399090032420502553949801448070545036826086602918935800703287176955603380657244838508097 0 0 0 0 0 0 0 0 0 0 0 0 0 0 0 0 0 0 0 0 0 0 0 0 1 0 0 0 0 0 0 0 0 0 0 0 0 0 0 0 0 0 0 0 0 0 0 0 0 0 0 0 0 0 0 0 0 0 0 0 0 0 0 0 0 0 0 0]
[2262528477626704302735099431409369296388566433883888552237285842021995236637156061619869518160839846208801010426316912733341037054319570089719875162481898960785263415072393743909277730123929254449091378665853 0 0 0 0 0 0 0 0 0 0 0 0 0 0 0 0 0 0 0 0 0 0 0 0 0 1 0 0 0 0 0 0 0 0 0 0 0 0 0 0 0 0 0 0 0 0 0 0 0 0 0 0 0 0 0 0 0 0 0 0 0 0 0 0 0 0 0 0]
[2544645882871412657841182159460940457614669209779129185819023450702784231288853479509125119952857244603908247688845793664747411841230625708918144846183068618198329762117973071561168006687172888283007947202018 0 0 0 0 0 0 0 0 0 0 0 0 0 0 0 0 0 0 0 0 0 0 0 0 0 0 1 0 0 0 0 0 0 0 0 0 0 0 0 0 0 0 0 0 0 0 0 0 0 0 0 0 0 0 0 0 0 0 0 0 0 0 0 0 0 0 0 0]
[1463820709732663018466973745212571015366339994807191698286157345556531938522142619626406480407228223918480762747530548086289843709494901944424260859342560237597633626425245969461204250005534267580291878324713 0 0 0 0 0 0 0 0 0 0 0 0 0 0 0 0 0 0 0 0 0 0 0 0 0 0 0 1 0 0 0 0 0 0 0 0 0 0 0 0 0 0 0 0 0 0 0 0 0 0 0 0 0 0 0 0 0 0 0 0 0 0 0 0 0 0 0 0]
[1114190077980325260094373576669081757186674573066945661291195360329081361381457010484494601480224425131144656049771880944405027104567520756924058753107091201464923961042232334839011324756784531862993184655514 0 0 0 0 0 0 0 0 0 0 0 0 0 0 0 0 0 0 0 0 0 0 0 0 0 0 0 0 1 0 0 0 0 0 0 0 0 0 0 0 0 0 0 0 0 0 0 0 0 0 0 0 0 0 0 0 0 0 0 0 0 0 0 0 0 0 0 0]
[2393371175862778750163786639101717950285608801638878286004795316030230850767950299304064561849063198814269524387725037179915536374703055127555647159214918263034592607777038099408450030930591745710906405021899 0 0 0 0 0 0 0 0 0 0 0 0 0 0 0 0 0 0 0 0 0 0 0 0 0 0 0 0 0 1 0 0 0 0 0 0 0 0 0 0 0 0 0 0 0 0 0 0 0 0 0 0 0 0 0 0 0 0 0 0 0 0 0 0 0 0 0 0]
[2597665020223603173051421556618071941079527413099769618497546031079069962750930822009529930688459263144108493349706968758577716586211759237338410746188199690560739897713309246759133429654593756810781151962146 0 0 0 0 0 0 0 0 0 0 0 0 0 0 0 0 0 0 0 0 0 0 0 0 0 0 0 0 0 0 1 0 0 0 0 0 0 0 0 0 0 0 0 0 0 0 0 0 0 0 0 0 0 0 0 0 0 0 0 0 0 0 0 0 0 0 0 0]
[1992053673266202473788602723641918186419782101744708444970202254290593954806628609288405443172093840787260701678969292579623867517154538806690900095852307119549721029693126382025304203700919839352997071627638 0 0 0 0 0 0 0 0 0 0 0 0 0 0 0 0 0 0 0 0 0 0 0 0 0 0 0 0 0 0 0 1 0 0 0 0 0 0 0 0 0 0 0 0 0 0 0 0 0 0 0 0 0 0 0 0 0 0 0 0 0 0 0 0 0 0 0 0]
[1184570959664875328139159608285656181793144034019732573054452582283529790189518196966263354114073431984059578494341374782213594452989783675635425100101507030981052834019793419839247087752168339014581944432506 0 0 0 0 0 0 0 0 0 0 0 0 0 0 0 0 0 0 0 0 0 0 0 0 0 0 0 0 0 0 0 0 1 0 0 0 0 0 0 0 0 0 0 0 0 0 0 0 0 0 0 0 0 0 0 0 0 0 0 0 0 0 0 0 0 0 0 0]
[1919601664122249929417839937380288091745385828787745200789179178461506477635202900455637045957181686198414541557742399226910679000786703417228304197171369085526213140276849305257205317856170973085769854913018 0 0 0 0 0 0 0 0 0 0 0 0 0 0 0 0 0 0 0 0 0 0 0 0 0 0 0 0 0 0 0 0 0 1 0 0 0 0 0 0 0 0 0 0 0 0 0 0 0 0 0 0 0 0 0 0 0 0 0 0 0 0 0 0 0 0 0 0]
[2773795798803200848949237540566399474809010935204910095945957182375963868193103192096436646025684910735108743055141318308100152847625621007777048218652073994883370660621522000507701809949381946287103277340062 0 0 0 0 0 0 0 0 0 0 0 0 0 0 0 0 0 0 0 0 0 0 0 0 0 0 0 0 0 0 0 0 0 0 1 0 0 0 0 0 0 0 0 0 0 0 0 0 0 0 0 0 0 0 0 0 0 0 0 0 0 0 0 0 0 0 0 0]
[641765254249562417960209415826800749892069701302202667165082621863965139635446994184387195174429922296039120147462764242996671289902863102452464356424308594714605057625850735008374700723661351896281788586758 0 0 0 0 0 0 0 0 0 0 0 0 0 0 0 0 0 0 0 0 0 0 0 0 0 0 0 0 0 0 0 0 0 0 0 1 0 0 0 0 0 0 0 0 0 0 0 0 0 0 0 0 0 0 0 0 0 0 0 0 0 0 0 0 0 0 0 0]
[1446578559348348779219313408901356922042251632667808136315284075485022262128884238322396834337083075574790766725734242344075290441328196955812707580206057041281576234674583623834989283240498886273636700667477 0 0 0 0 0 0 0 0 0 0 0 0 0 0 0 0 0 0 0 0 0 0 0 0 0 0 0 0 0 0 0 0 0 0 0 0 1 0 0 0 0 0 0 0 0 0 0 0 0 0 0 0 0 0 0 0 0 0 0 0 0 0 0 0 0 0 0 0]
[1166940751111639982269265427068416447552812603817490039296185461311514734900480882031281495852544970545621472728908720930479984162651272603388918734082059188791347602938646282745417014701150054134125274299704 0 0 0 0 0 0 0 0 0 0 0 0 0 0 0 0 0 0 0 0 0 0 0 0 0 0 0 0 0 0 0 0 0 0 0 0 0 1 0 0 0 0 0 0 0 0 0 0 0 0 0 0 0 0 0 0 0 0 0 0 0 0 0 0 0 0 0 0]
[1471474121146022915283907843341407128428455820895809751487384123627777126451514445537566159375012755089447949725488925018188442815753571587098986894213609282450428835045135513657708470616464098026557224304004 0 0 0 0 0 0 0 0 0 0 0 0 0 0 0 0 0 0 0 0 0 0 0 0 0 0 0 0 0 0 0 0 0 0 0 0 0 0 1 0 0 0 0 0 0 0 0 0 0 0 0 0 0 0 0 0 0 0 0 0 0 0 0 0 0 0 0 0]
[1453185553093306967545542322784871312134681730126297678622637394664407843411454401980140463993316137420254173263310183126232685413690230731979154460603835196297687366007668556568767515326263879718908568950047 0 0 0 0 0 0 0 0 0 0 0 0 0 0 0 0 0 0 0 0 0 0 0 0 0 0 0 0 0 0 0 0 0 0 0 0 0 0 0 1 0 0 0 0 0 0 0 0 0 0 0 0 0 0 0 0 0 0 0 0 0 0 0 0 0 0 0 0]
[806454216521230744449953110741765357707770033903382404562273590784316396688427804273337696043156343188263757450345693156234140740625676498252125813761409145154106458813158517855499077922869854438431401356221 0 0 0 0 0 0 0 0 0 0 0 0 0 0 0 0 0 0 0 0 0 0 0 0 0 0 0 0 0 0 0 0 0 0 0 0 0 0 0 0 1 0 0 0 0 0 0 0 0 0 0 0 0 0 0 0 0 0 0 0 0 0 0 0 0 0 0 0]
[103026732455110673305509945959979669364110002983702469460970817938545001179525932418252043289038028820276124459061554345256389537908427519420379430320338526331380945479160238914278719454959625281582623332545 0 0 0 0 0 0 0 0 0 0 0 0 0 0 0 0 0 0 0 0 0 0 0 0 0 0 0 0 0 0 0 0 0 0 0 0 0 0 0 0 0 1 0 0 0 0 0 0 0 0 0 0 0 0 0 0 0 0 0 0 0 0 0 0 0 0 0 0]
[2192448773917742536809116610873623617282877252539317236442535076136076519314806499852221924477865693811075267015801954252615026618873765165193019882823083848068433617873594696046281722945981543489680703577433 0 0 0 0 0 0 0 0 0 0 0 0 0 0 0 0 0 0 0 0 0 0 0 0 0 0 0 0 0 0 0 0 0 0 0 0 0 0 0 0 0 0 1 0 0 0 0 0 0 0 0 0 0 0 0 0 0 0 0 0 0 0 0 0 0 0 0 0]
[2701364766868424627629996999745920427281073888729444058840344411628555179839928992641818406386074161819566753050851041208339802484954434012665528805629953401281969158806216560160808280484552768213172071731540 0 0 0 0 0 0 0 0 0 0 0 0 0 0 0 0 0 0 0 0 0 0 0 0 0 0 0 0 0 0 0 0 0 0 0 0 0 0 0 0 0 0 0 1 0 0 0 0 0 0 0 0 0 0 0 0 0 0 0 0 0 0 0 0 0 0 0 0]
[2343683749681177581456430595907159548797973843220505003930254343033961819464416060953345981948344001504124522596546816205065169311933795678322486241979116124320539702998569186425500640551916051116556315993113 0 0 0 0 0 0 0 0 0 0 0 0 0 0 0 0 0 0 0 0 0 0 0 0 0 0 0 0 0 0 0 0 0 0 0 0 0 0 0 0 0 0 0 0 1 0 0 0 0 0 0 0 0 0 0 0 0 0 0 0 0 0 0 0 0 0 0 0]
[1931315387959520622490256886310785963799207439040408714492673212748514760060980200055755062695787885331078081220243207935223700827029273323955218430764523272104593042057030514243173511874789715930515358394288 0 0 0 0 0 0 0 0 0 0 0 0 0 0 0 0 0 0 0 0 0 0 0 0 0 0 0 0 0 0 0 0 0 0 0 0 0 0 0 0 0 0 0 0 0 1 0 0 0 0 0 0 0 0 0 0 0 0 0 0 0 0 0 0 0 0 0 0]
[1434493163149758579252708912566496230056099110296646478601535305384283202107898640182046540678076028463310095620732049484688171049570579679875688821955482124486253912053096740446260096158772436552315732072527 0 0 0 0 0 0 0 0 0 0 0 0 0 0 0 0 0 0 0 0 0 0 0 0 0 0 0 0 0 0 0 0 0 0 0 0 0 0 0 0 0 0 0 0 0 0 1 0 0 0 0 0 0 0 0 0 0 0 0 0 0 0 0 0 0 0 0 0]
[1596683054724636384565140442823936659442181340464569030618574879488099473256115726558694716703163243335069844290784080153043753704623012271818406705698091360598029899402068022844196703745180463175886192171382 0 0 0 0 0 0 0 0 0 0 0 0 0 0 0 0 0 0 0 0 0 0 0 0 0 0 0 0 0 0 0 0 0 0 0 0 0 0 0 0 0 0 0 0 0 0 0 1 0 0 0 0 0 0 0 0 0 0 0 0 0 0 0 0 0 0 0 0]
[112094965258803808492953866307270733875409071973401246378589372868453125120393181764034757485070894458548670579269276541660266337228215335553870762717371648813548583268537919780817215836508118205024216461135 0 0 0 0 0 0 0 0 0 0 0 0 0 0 0 0 0 0 0 0 0 0 0 0 0 0 0 0 0 0 0 0 0 0 0 0 0 0 0 0 0 0 0 0 0 0 0 0 1 0 0 0 0 0 0 0 0 0 0 0 0 0 0 0 0 0 0 0]
[1641193095549466662958294512846589073665389018969267670082947635998634232069179800532066274015653860263071434974101064910217438481757493736163746164953432340665048379732909238551153445893835874270146099950256 0 0 0 0 0 0 0 0 0 0 0 0 0 0 0 0 0 0 0 0 0 0 0 0 0 0 0 0 0 0 0 0 0 0 0 0 0 0 0 0 0 0 0 0 0 0 0 0 0 1 0 0 0 0 0 0 0 0 0 0 0 0 0 0 0 0 0 0]
[2133194327905107382094942886232548451260157549840399953054180818723370928924533255667857129420452070956599908312316868148929716480119266078771944220811920607998650125951106688948450620407293040980795982617042 0 0 0 0 0 0 0 0 0 0 0 0 0 0 0 0 0 0 0 0 0 0 0 0 0 0 0 0 0 0 0 0 0 0 0 0 0 0 0 0 0 0 0 0 0 0 0 0 0 0 1 0 0 0 0 0 0 0 0 0 0 0 0 0 0 0 0 0]
[1666161016704813566427858825675839509447626848520811555501483590883580747405714148980925894178831037978729879958103926108628796424298611146957800940594102967105548634126254938568967457153565792814362246137181 0 0 0 0 0 0 0 0 0 0 0 0 0 0 0 0 0 0 0 0 0 0 0 0 0 0 0 0 0 0 0 0 0 0 0 0 0 0 0 0 0 0 0 0 0 0 0 0 0 0 0 1 0 0 0 0 0 0 0 0 0 0 0 0 0 0 0 0]
[513031468260854349626292137156645052840625818215102131346087589681424972185346005266822663782136512324123089276829872002017106148505199635284694287119942811101378058499659799903488524739075315155369054102453 0 0 0 0 0 0 0 0 0 0 0 0 0 0 0 0 0 0 0 0 0 0 0 0 0 0 0 0 0 0 0 0 0 0 0 0 0 0 0 0 0 0 0 0 0 0 0 0 0 0 0 0 1 0 0 0 0 0 0 0 0 0 0 0 0 0 0 0]
[235749156762898226547129310355287625044736330652407240767565894063130086678161909177148888174556181308039695707446341553797079997455140709719932143310531550775182966162863444162047533619650741816998534436479 0 0 0 0 0 0 0 0 0 0 0 0 0 0 0 0 0 0 0 0 0 0 0 0 0 0 0 0 0 0 0 0 0 0 0 0 0 0 0 0 0 0 0 0 0 0 0 0 0 0 0 0 0 1 0 0 0 0 0 0 0 0 0 0 0 0 0 0]
[2079351387258818299068741918610740273630888170365470907642330198288229204980865057237464225013288684307597891494071023618048709026902692623980790731803259902073936884576005903133590521817339753916480215122950 0 0 0 0 0 0 0 0 0 0 0 0 0 0 0 0 0 0 0 0 0 0 0 0 0 0 0 0 0 0 0 0 0 0 0 0 0 0 0 0 0 0 0 0 0 0 0 0 0 0 0 0 0 0 1 0 0 0 0 0 0 0 0 0 0 0 0 0]
[1727075660743793212456393172925043418604634760553922297684172536886964355407589795735385405933803959386370227756406694507347511461975770218373373479001983304522791438797642120683800386109053839587895363122054 0 0 0 0 0 0 0 0 0 0 0 0 0 0 0 0 0 0 0 0 0 0 0 0 0 0 0 0 0 0 0 0 0 0 0 0 0 0 0 0 0 0 0 0 0 0 0 0 0 0 0 0 0 0 0 1 0 0 0 0 0 0 0 0 0 0 0 0]
[3059740743563466075281072219150317707791906893441925803601543867264404161297928860368963043882397040570212406342587689049571716388050105228157028307388731850501661905721597977607429151199702958952528357960014 0 0 0 0 0 0 0 0 0 0 0 0 0 0 0 0 0 0 0 0 0 0 0 0 0 0 0 0 0 0 0 0 0 0 0 0 0 0 0 0 0 0 0 0 0 0 0 0 0 0 0 0 0 0 0 0 1 0 0 0 0 0 0 0 0 0 0 0]
[2784352546236348119257351216585579058518721061179562524024861048337531366741952150450279390410037242003195694717202126396386640215964496633913843119996265988789927584204392782964054034705178271706362461409591 0 0 0 0 0 0 0 0 0 0 0 0 0 0 0 0 0 0 0 0 0 0 0 0 0 0 0 0 0 0 0 0 0 0 0 0 0 0 0 0 0 0 0 0 0 0 0 0 0 0 0 0 0 0 0 0 0 1 0 0 0 0 0 0 0 0 0 0]
[1652673519061628770966938280094560829596982551722170836773598268185498477261585017186725297164737150615034994791598286981386024022094241483186782694371139395334056173705115400467120985115057906188666114644312 0 0 0 0 0 0 0 0 0 0 0 0 0 0 0 0 0 0 0 0 0 0 0 0 0 0 0 0 0 0 0 0 0 0 0 0 0 0 0 0 0 0 0 0 0 0 0 0 0 0 0 0 0 0 0 0 0 0 1 0 0 0 0 0 0 0 0 0]
[535828358587603828937337261908460593247265120168719140562344543115954304064022430427345221352316723300135714741794214080407943573423660730817274434302976869815572833748003572861911384859929191695640568941980 0 0 0 0 0 0 0 0 0 0 0 0 0 0 0 0 0 0 0 0 0 0 0 0 0 0 0 0 0 0 0 0 0 0 0 0 0 0 0 0 0 0 0 0 0 0 0 0 0 0 0 0 0 0 0 0 0 0 0 1 0 0 0 0 0 0 0 0]
[2463404510142635208247257033560499890893647085274893483555343947078977226021044653229856920685458004619841725560305071853916141607266165661242836394108453405503462834909442651014750216114137232755365233456231 0 0 0 0 0 0 0 0 0 0 0 0 0 0 0 0 0 0 0 0 0 0 0 0 0 0 0 0 0 0 0 0 0 0 0 0 0 0 0 0 0 0 0 0 0 0 0 0 0 0 0 0 0 0 0 0 0 0 0 0 1 0 0 0 0 0 0 0]
[291656931329407140352559002745140158786855814992610574633123587000490100406586096634255234677538034523546016731522660347248080374117101814859010918754683746824908034890797634986285759227091530114080665015104 0 0 0 0 0 0 0 0 0 0 0 0 0 0 0 0 0 0 0 0 0 0 0 0 0 0 0 0 0 0 0 0 0 0 0 0 0 0 0 0 0 0 0 0 0 0 0 0 0 0 0 0 0 0 0 0 0 0 0 0 0 1 0 0 0 0 0 0]
[1552176369979535201458001410451758576315478520450101164580755937455419569080639886646744610545570979210925420162340463357864032748203651589108645875232998472120960541811539531800016338324301919364560381289292 0 0 0 0 0 0 0 0 0 0 0 0 0 0 0 0 0 0 0 0 0 0 0 0 0 0 0 0 0 0 0 0 0 0 0 0 0 0 0 0 0 0 0 0 0 0 0 0 0 0 0 0 0 0 0 0 0 0 0 0 0 0 1 0 0 0 0 0]
[442056540155428919109930631729211534544527183120550578930493760635440459890035014971883120406606515391082214416331395612816960771997934260928489596758345920762124528859738081570351745751269571239433920990858 0 0 0 0 0 0 0 0 0 0 0 0 0 0 0 0 0 0 0 0 0 0 0 0 0 0 0 0 0 0 0 0 0 0 0 0 0 0 0 0 0 0 0 0 0 0 0 0 0 0 0 0 0 0 0 0 0 0 0 0 0 0 0 1 0 0 0 0]
[1850357099629980844327559630162442746948873655749495772757923177425817385842955681305584703843307145133563364212768046169084460017634517521273553349627425869062142591129016736966982727706397844627488633032568 0 0 0 0 0 0 0 0 0 0 0 0 0 0 0 0 0 0 0 0 0 0 0 0 0 0 0 0 0 0 0 0 0 0 0 0 0 0 0 0 0 0 0 0 0 0 0 0 0 0 0 0 0 0 0 0 0 0 0 0 0 0 0 0 1 0 0 0]
[1228269018706975299497515520052745637036727281555419774108442865895852472349225146148244395913543111936864955097786619079731056079604977441075952332095562939499381525319875999717412777205682789118313413810260 0 0 0 0 0 0 0 0 0 0 0 0 0 0 0 0 0 0 0 0 0 0 0 0 0 0 0 0 0 0 0 0 0 0 0 0 0 0 0 0 0 0 0 0 0 0 0 0 0 0 0 0 0 0 0 0 0 0 0 0 0 0 0 0 0 1 0 0]
[2551011579396672369123657047945629039542520899938011043203612472461993688141587751327637932244842646606408026597658960573180857247197722744090387507683630640712184214522134138693015504229953677390616236130796 0 0 0 0 0 0 0 0 0 0 0 0 0 0 0 0 0 0 0 0 0 0 0 0 0 0 0 0 0 0 0 0 0 0 0 0 0 0 0 0 0 0 0 0 0 0 0 0 0 0 0 0 0 0 0 0 0 0 0 0 0 0 0 0 0 0 1 0]
[1475244061756230457431226815369377072412033442257940866839240791577627350497440470347593175282086926473805668779126305227568318092576053664394242427784672349825642827174241963238199509004719948256641793724146 0 0 0 0 0 0 0 0 0 0 0 0 0 0 0 0 0 0 0 0 0 0 0 0 0 0 0 0 0 0 0 0 0 0 0 0 0 0 0 0 0 0 0 0 0 0 0 0 0 0 0 0 0 0 0 0 0 0 0 0 0 0 0 0 0 0 0 1]
]
