[[1850527356074910507477676655953246753408607139596222119927193410965115947368052447036204407220687603639102925192994874733895174818933679 0 0 0 0 0 0 0 0 0 0 0 0 0 0 0 0 0 0 0 0 0 0 0 0 0 0 0 0 0 0 0 0 0 0 0 0 0 0 0 0 0 0 0 0]
[373217422518198767235497653864534139181104505018369513214463983441122057212922251140180957179994631567297998433855872189520628712340842 1 0 0 0 0 0 0 0 0 0 0 0 0 0 0 0 0 0 0 0 0 0 0 0 0 0 0 0 0 0 0 0 0 0 0 0 0 0 0 0 0 0 0 0]
[1776271566741617513897963089386832925827800688493358506284432384868821422806431573331926084082123995208223219782243631801469577345071944 0 1 0 0 0 0 0 0 0 0 0 0 0 0 0 0 0 0 0 0 0 0 0 0 0 0 0 0 0 0 0 0 0 0 0 0 0 0 0 0 0 0 0 0]
[53030806148199652547814935641959802288516649306062143082067587822487291386897626088320616495985757645300039604979804420944241744417190 0 0 1 0 0 0 0 0 0 0 0 0 0 0 0 0 0 0 0 0 0 0 0 0 0 0 0 0 0 0 0 0 0 0 0 0 0 0 0 0 0 0 0 0]
[1187124755386568152042225263303404907550084951998544127581578906777668641266003545482057972728932799577382661263796428673393703669266102 0 0 0 1 0 0 0 0 0 0 0 0 0 0 0 0 0 0 0 0 0 0 0 0 0 0 0 0 0 0 0 0 0 0 0 0 0 0 0 0 0 0 0 0]
[206160822556979938059843220380682774925994179535956042971679663896704646087811439184459078586935258716710552306685091403066844593163757 0 0 0 0 1 0 0 0 0 0 0 0 0 0 0 0 0 0 0 0 0 0 0 0 0 0 0 0 0 0 0 0 0 0 0 0 0 0 0 0 0 0 0 0]
[1156586691459381765203302437968906870945310475744865319835088800008770319557722292718384262533162215930262395518778429196216316940054073 0 0 0 0 0 1 0 0 0 0 0 0 0 0 0 0 0 0 0 0 0 0 0 0 0 0 0 0 0 0 0 0 0 0 0 0 0 0 0 0 0 0 0 0]
[387171024539255404135802161969132838359609971336513484137511643427548427012784293467343785766861021906551538029634596761512510685794762 0 0 0 0 0 0 1 0 0 0 0 0 0 0 0 0 0 0 0 0 0 0 0 0 0 0 0 0 0 0 0 0 0 0 0 0 0 0 0 0 0 0 0 0]
[314070629775433229852240057336183964073145658857286884657620222765961483698067762930557013936425884184789153553584696357078406409154885 0 0 0 0 0 0 0 1 0 0 0 0 0 0 0 0 0 0 0 0 0 0 0 0 0 0 0 0 0 0 0 0 0 0 0 0 0 0 0 0 0 0 0 0]
[562672671352649119470261956988822197003982950893047016412088382971595755398419295178150430390905405496602249234922199684081730812539862 0 0 0 0 0 0 0 0 1 0 0 0 0 0 0 0 0 0 0 0 0 0 0 0 0 0 0 0 0 0 0 0 0 0 0 0 0 0 0 0 0 0 0 0]
[1844049529631620169640847042187171252269192161350576141368968534822495077414311612013031447741905307926090696599731121754271922239986361 0 0 0 0 0 0 0 0 0 1 0 0 0 0 0 0 0 0 0 0 0 0 0 0 0 0 0 0 0 0 0 0 0 0 0 0 0 0 0 0 0 0 0 0]
[921251411717262025528750477179218473058552924254644613661358391650613221616135892545347895529364723883030541059816098004067882373764999 0 0 0 0 0 0 0 0 0 0 1 0 0 0 0 0 0 0 0 0 0 0 0 0 0 0 0 0 0 0 0 0 0 0 0 0 0 0 0 0 0 0 0 0]
[254179590883882776554772942976088191643860321095540297479661057525901090236641763054383121406206577130297114297782747309996658679772100 0 0 0 0 0 0 0 0 0 0 0 1 0 0 0 0 0 0 0 0 0 0 0 0 0 0 0 0 0 0 0 0 0 0 0 0 0 0 0 0 0 0 0 0]
[870502823906861777838069586328305577108915804988716288113702402861889003758772496825875915088147315053822398448838896790543858528098034 0 0 0 0 0 0 0 0 0 0 0 0 1 0 0 0 0 0 0 0 0 0 0 0 0 0 0 0 0 0 0 0 0 0 0 0 0 0 0 0 0 0 0 0]
[8096571900735252069469199058432547096579926569156122670337408027366576131872124885336029136400421447410339079157110975123885343517247 0 0 0 0 0 0 0 0 0 0 0 0 0 1 0 0 0 0 0 0 0 0 0 0 0 0 0 0 0 0 0 0 0 0 0 0 0 0 0 0 0 0 0 0]
[1224929286375007499050711929684372911166278978871972675376525737232789482547437134944852927469204004743726702394570889831203140399702659 0 0 0 0 0 0 0 0 0 0 0 0 0 0 1 0 0 0 0 0 0 0 0 0 0 0 0 0 0 0 0 0 0 0 0 0 0 0 0 0 0 0 0 0]
[924423909590986807591122349057740102112027896690268622165876553368567792237845475504611423324447994725682347275558864888605948888734515 0 0 0 0 0 0 0 0 0 0 0 0 0 0 0 1 0 0 0 0 0 0 0 0 0 0 0 0 0 0 0 0 0 0 0 0 0 0 0 0 0 0 0 0]
[1440351006588819873632641932027129320652238982452650837214335603572336237683799416374757583862949354824089801283098914605141438476664513 0 0 0 0 0 0 0 0 0 0 0 0 0 0 0 0 1 0 0 0 0 0 0 0 0 0 0 0 0 0 0 0 0 0 0 0 0 0 0 0 0 0 0 0]
[611009767398892149593679224717039110066597129247731142133854930701023778736371987527972855275199786230440923174747635052253658463866483 0 0 0 0 0 0 0 0 0 0 0 0 0 0 0 0 0 1 0 0 0 0 0 0 0 0 0 0 0 0 0 0 0 0 0 0 0 0 0 0 0 0 0 0]
[158501354605377668285785523245183266296318889096876302064439001235570008342412420245722439068776532576415495025829465176168135680192802 0 0 0 0 0 0 0 0 0 0 0 0 0 0 0 0 0 0 1 0 0 0 0 0 0 0 0 0 0 0 0 0 0 0 0 0 0 0 0 0 0 0 0 0]
[1098102083224248954295811227249772245623021778859956059063845002865461296241719768785000044974051127601060326782716926534000556540654079 0 0 0 0 0 0 0 0 0 0 0 0 0 0 0 0 0 0 0 1 0 0 0 0 0 0 0 0 0 0 0 0 0 0 0 0 0 0 0 0 0 0 0 0]
[504364711261099763895409850207932448199929285228528549727367963550372477264366541248874277987088521790592541806622431367058174866721853 0 0 0 0 0 0 0 0 0 0 0 0 0 0 0 0 0 0 0 0 1 0 0 0 0 0 0 0 0 0 0 0 0 0 0 0 0 0 0 0 0 0 0 0]
[333406932807543837143060369753344280300222703071466956545642083659332090646377829666079334699778270261253777693977520312836931174762898 0 0 0 0 0 0 0 0 0 0 0 0 0 0 0 0 0 0 0 0 0 1 0 0 0 0 0 0 0 0 0 0 0 0 0 0 0 0 0 0 0 0 0 0]
[503175107237654784233471362948421430038151718240403743140324791085798488131821324453736025329323756812052962181000121604706686243145398 0 0 0 0 0 0 0 0 0 0 0 0 0 0 0 0 0 0 0 0 0 0 1 0 0 0 0 0 0 0 0 0 0 0 0 0 0 0 0 0 0 0 0 0]
[1430896303193314735033583501671541869014510886377970053696364673557933339543359835391262496492118526273174370602572969685962250852359743 0 0 0 0 0 0 0 0 0 0 0 0 0 0 0 0 0 0 0 0 0 0 0 1 0 0 0 0 0 0 0 0 0 0 0 0 0 0 0 0 0 0 0 0]
[176061241565228514239513665024717791984770148174942669185051223066313006271856534019533331863116764598921924467115794086975933171319110 0 0 0 0 0 0 0 0 0 0 0 0 0 0 0 0 0 0 0 0 0 0 0 0 1 0 0 0 0 0 0 0 0 0 0 0 0 0 0 0 0 0 0 0]
[325774063883266571093485363657334414191383670313249784105957700885262803454603643544671226108555486402425622359717531377884112655663457 0 0 0 0 0 0 0 0 0 0 0 0 0 0 0 0 0 0 0 0 0 0 0 0 0 1 0 0 0 0 0 0 0 0 0 0 0 0 0 0 0 0 0 0]
[635108747855684304065820114085976694427248856340711716297612993815358647961286359138750260471044394860286360406812370327937014880124922 0 0 0 0 0 0 0 0 0 0 0 0 0 0 0 0 0 0 0 0 0 0 0 0 0 0 1 0 0 0 0 0 0 0 0 0 0 0 0 0 0 0 0 0]
[1019379661109752958533980439431892416938925475624588979161217123981818798051256085714279442788034830778349934289674058452071059379318433 0 0 0 0 0 0 0 0 0 0 0 0 0 0 0 0 0 0 0 0 0 0 0 0 0 0 0 1 0 0 0 0 0 0 0 0 0 0 0 0 0 0 0 0]
[1550390721071967251872376656340212285776375067708097261034228069491950047277795017952376547333039750519486554095886079654629136073253927 0 0 0 0 0 0 0 0 0 0 0 0 0 0 0 0 0 0 0 0 0 0 0 0 0 0 0 0 1 0 0 0 0 0 0 0 0 0 0 0 0 0 0 0]
[391434520290478937992063353697391695272656189558794805033082555153231615584316786629442049750045577029370276496680851640241477499827497 0 0 0 0 0 0 0 0 0 0 0 0 0 0 0 0 0 0 0 0 0 0 0 0 0 0 0 0 0 1 0 0 0 0 0 0 0 0 0 0 0 0 0 0]
[855772967955167271244311394243361964107111413947204069462018161048506291678551000041683714268809478524847693946610713020433297224376 0 0 0 0 0 0 0 0 0 0 0 0 0 0 0 0 0 0 0 0 0 0 0 0 0 0 0 0 0 0 1 0 0 0 0 0 0 0 0 0 0 0 0 0]
[1165762945224483652589584189672922946699368656675906978248198560504345274964671930711703927895346798898610756978495686632174173031889458 0 0 0 0 0 0 0 0 0 0 0 0 0 0 0 0 0 0 0 0 0 0 0 0 0 0 0 0 0 0 0 1 0 0 0 0 0 0 0 0 0 0 0 0]
[1367536818837565539686576831418546689430824483212833437522568977282233718259375697030675457785091572713351812466513618861452411432406792 0 0 0 0 0 0 0 0 0 0 0 0 0 0 0 0 0 0 0 0 0 0 0 0 0 0 0 0 0 0 0 0 1 0 0 0 0 0 0 0 0 0 0 0]
[1257251888795361088233730818364414446639605882678013078456363914684146196494017414047684185601214960989538934483104940704556283025108762 0 0 0 0 0 0 0 0 0 0 0 0 0 0 0 0 0 0 0 0 0 0 0 0 0 0 0 0 0 0 0 0 0 1 0 0 0 0 0 0 0 0 0 0]
[536852560638425279125765967203149852295030043749187319791596092052736065040684443964837294124430088542238703041522704295137729992627469 0 0 0 0 0 0 0 0 0 0 0 0 0 0 0 0 0 0 0 0 0 0 0 0 0 0 0 0 0 0 0 0 0 0 1 0 0 0 0 0 0 0 0 0]
[1583361638786184369246305155760912060773373624837022224865089691006011533147963436370210695264556210606288364061202221679463341004501684 0 0 0 0 0 0 0 0 0 0 0 0 0 0 0 0 0 0 0 0 0 0 0 0 0 0 0 0 0 0 0 0 0 0 0 1 0 0 0 0 0 0 0 0]
[229578799861551315085843637779125691692250956007664512855250355486641973975453709379086617972463152665614100624179945779791762788289556 0 0 0 0 0 0 0 0 0 0 0 0 0 0 0 0 0 0 0 0 0 0 0 0 0 0 0 0 0 0 0 0 0 0 0 0 1 0 0 0 0 0 0 0]
[173560888671266165351784640146904507734448411210744407164060428544068650768245542352642718358256850290842412348271744355919809435808327 0 0 0 0 0 0 0 0 0 0 0 0 0 0 0 0 0 0 0 0 0 0 0 0 0 0 0 0 0 0 0 0 0 0 0 0 0 1 0 0 0 0 0 0]
[1207293452828579928822261533780766816657739482050627953391422815173898338336409735672231436269201677699852629050875133043802106391340401 0 0 0 0 0 0 0 0 0 0 0 0 0 0 0 0 0 0 0 0 0 0 0 0 0 0 0 0 0 0 0 0 0 0 0 0 0 0 1 0 0 0 0 0]
[1588316157680661222030315257841439686794730388033682700098644773656097933780422867792479882030328341900523420693239996218023060685362098 0 0 0 0 0 0 0 0 0 0 0 0 0 0 0 0 0 0 0 0 0 0 0 0 0 0 0 0 0 0 0 0 0 0 0 0 0 0 0 1 0 0 0 0]
[1035295942762854950303655413570161331449399681641572832873936982069690135404749204003763290602256140605866387466250055385253930974702994 0 0 0 0 0 0 0 0 0 0 0 0 0 0 0 0 0 0 0 0 0 0 0 0 0 0 0 0 0 0 0 0 0 0 0 0 0 0 0 0 1 0 0 0]
[1809624950481709321887200227669094981262710098194653221690031419437247505397336668317410400558312594944921039084770659770522120170645171 0 0 0 0 0 0 0 0 0 0 0 0 0 0 0 0 0 0 0 0 0 0 0 0 0 0 0 0 0 0 0 0 0 0 0 0 0 0 0 0 0 1 0 0]
[311154720958756241526905660657404092046431000474607034947814832929892789124959076324490356286231168745313372031752904364360283919324518 0 0 0 0 0 0 0 0 0 0 0 0 0 0 0 0 0 0 0 0 0 0 0 0 0 0 0 0 0 0 0 0 0 0 0 0 0 0 0 0 0 0 1 0]
[796015711339479023981479477616647297421949960816730052140008764972839781867253786961191004320969167117394981083579673843017027428016613 0 0 0 0 0 0 0 0 0 0 0 0 0 0 0 0 0 0 0 0 0 0 0 0 0 0 0 0 0 0 0 0 0 0 0 0 0 0 0 0 0 0 0 1]
]
