[[8105724038453098693284294724141299172950426648406184278427617288385285928613915986594611216155103204752900700443782493245509334633871037243148883031312696412780891350223287361236312132132573879209767703744778915111914563134386261216893662468881530154066499177733592393070859051852462355220805386035247415967029730861 0 0 0 0 0 0 0 0 0 0 0 0 0 0 0 0 0 0 0 0 0 0 0 0 0 0 0 0 0 0 0 0 0 0 0 0 0 0 0 0 0 0 0 0 0 0 0 0 0 0 0 0 0 0 0 0 0 0 0 0 0 0 0 0 0 0 0 0 0 0 0 0 0 0 0 0 0 0 0 0 0 0 0 0 0 0 0 0 0 0 0 0 0 0 0 0 0 0 0 0 0 0 0 0]
[4940735463079109161337848935762929239465883096692082958762642044383686993695492152342268713594534619126524864584185232228985523309020734780274243084919366467709134056393187009607627161948713660778970282321983512898373226698154680794248559331301858867785165428427896257818720351234859297387230405291618845357768796088 1 0 0 0 0 0 0 0 0 0 0 0 0 0 0 0 0 0 0 0 0 0 0 0 0 0 0 0 0 0 0 0 0 0 0 0 0 0 0 0 0 0 0 0 0 0 0 0 0 0 0 0 0 0 0 0 0 0 0 0 0 0 0 0 0 0 0 0 0 0 0 0 0 0 0 0 0 0 0 0 0 0 0 0 0 0 0 0 0 0 0 0 0 0 0 0 0 0 0 0 0 0 0 0]
[3835937659779252472850954210776314796097588554355317917689695320085107517189629599357142662456314844004322420491915811056024772616673359258858004649232797366802210251918588853944631547503022932405598090176903967760061059075635503518113440367927257768069364012849406843001365167984185456410539744279142180197530599744 0 1 0 0 0 0 0 0 0 0 0 0 0 0 0 0 0 0 0 0 0 0 0 0 0 0 0 0 0 0 0 0 0 0 0 0 0 0 0 0 0 0 0 0 0 0 0 0 0 0 0 0 0 0 0 0 0 0 0 0 0 0 0 0 0 0 0 0 0 0 0 0 0 0 0 0 0 0 0 0 0 0 0 0 0 0 0 0 0 0 0 0 0 0 0 0 0 0 0 0 0 0 0 0]
[5910811786261969324511873191456571406418494461005614106564457822408135539892885939946526938683007317026250121762789638417719047735456095890102666744445184717972846632943177213678783235171167399816010288893608402091044483346522562532137192689924686529294293804440772273733275445804716240756031753641793948835626639727 0 0 1 0 0 0 0 0 0 0 0 0 0 0 0 0 0 0 0 0 0 0 0 0 0 0 0 0 0 0 0 0 0 0 0 0 0 0 0 0 0 0 0 0 0 0 0 0 0 0 0 0 0 0 0 0 0 0 0 0 0 0 0 0 0 0 0 0 0 0 0 0 0 0 0 0 0 0 0 0 0 0 0 0 0 0 0 0 0 0 0 0 0 0 0 0 0 0 0 0 0 0 0 0]
[1680855861940825389207608215148818169289353218406568409257354557786312579130604549524674907708604949745549367814509072262988023310742062112596206721070848238947649234002000332632820277211349149554021740478009777818332887622182213950839443034570175975926793567078022950756130219470683083736369787102558755654363472020 0 0 0 1 0 0 0 0 0 0 0 0 0 0 0 0 0 0 0 0 0 0 0 0 0 0 0 0 0 0 0 0 0 0 0 0 0 0 0 0 0 0 0 0 0 0 0 0 0 0 0 0 0 0 0 0 0 0 0 0 0 0 0 0 0 0 0 0 0 0 0 0 0 0 0 0 0 0 0 0 0 0 0 0 0 0 0 0 0 0 0 0 0 0 0 0 0 0 0 0 0 0 0 0]
[6551239187404277270913589731212884841919897207728172751976569640895550204703358489046314909719402762928824609783156852681229050033577024799155695297665880619937705442632340604468355595651054029594835580878918754123825422668449425905258996870463194278097613327483466794910787625114143828284340543190528093435570144107 0 0 0 0 1 0 0 0 0 0 0 0 0 0 0 0 0 0 0 0 0 0 0 0 0 0 0 0 0 0 0 0 0 0 0 0 0 0 0 0 0 0 0 0 0 0 0 0 0 0 0 0 0 0 0 0 0 0 0 0 0 0 0 0 0 0 0 0 0 0 0 0 0 0 0 0 0 0 0 0 0 0 0 0 0 0 0 0 0 0 0 0 0 0 0 0 0 0 0 0 0 0 0 0]
[1026667394832848436012185253256605430742992370958932867244839238780545500883697661841729221210770988030241364457384883367600811120345662325478221329766897491999095575840401913890651490904164451489934590641244660239139188422394943540245179532633646937438348800429139021196011930866595001253193747174789367434551127526 0 0 0 0 0 1 0 0 0 0 0 0 0 0 0 0 0 0 0 0 0 0 0 0 0 0 0 0 0 0 0 0 0 0 0 0 0 0 0 0 0 0 0 0 0 0 0 0 0 0 0 0 0 0 0 0 0 0 0 0 0 0 0 0 0 0 0 0 0 0 0 0 0 0 0 0 0 0 0 0 0 0 0 0 0 0 0 0 0 0 0 0 0 0 0 0 0 0 0 0 0 0 0 0]
[7684802188889534400004554477744803360738462551665707860843367508472938377072381379903027490783745628581630306432105732855859628376846955722224518750356110966239704860076219012875959178130698535131001662779531261482324243559850025265798991950755159460032932353728224367584640896410711251375658292840199530503830496412 0 0 0 0 0 0 1 0 0 0 0 0 0 0 0 0 0 0 0 0 0 0 0 0 0 0 0 0 0 0 0 0 0 0 0 0 0 0 0 0 0 0 0 0 0 0 0 0 0 0 0 0 0 0 0 0 0 0 0 0 0 0 0 0 0 0 0 0 0 0 0 0 0 0 0 0 0 0 0 0 0 0 0 0 0 0 0 0 0 0 0 0 0 0 0 0 0 0 0 0 0 0 0 0]
[5471763918146149294689684481046880605362985792796681595874132551553075471087222589694834562809451069925321076006681089731116880226267704039347317455366773174372787142892343988088604302619674630411732945894349004082692994298841185487455088532491182963980965921352206577919976011654623291757775818414283553811803629346 0 0 0 0 0 0 0 1 0 0 0 0 0 0 0 0 0 0 0 0 0 0 0 0 0 0 0 0 0 0 0 0 0 0 0 0 0 0 0 0 0 0 0 0 0 0 0 0 0 0 0 0 0 0 0 0 0 0 0 0 0 0 0 0 0 0 0 0 0 0 0 0 0 0 0 0 0 0 0 0 0 0 0 0 0 0 0 0 0 0 0 0 0 0 0 0 0 0 0 0 0 0 0 0]
[3854851532382879653258965481764697064034455631492046027103523379101454563087005558793028433943300674220773418167697903371340316846109111741966105536628662642846245193929022566761227380958001777916529103627101949527544666531230373668190023089273141470554406235205891975408264842832649781086079531859147483614037529156 0 0 0 0 0 0 0 0 1 0 0 0 0 0 0 0 0 0 0 0 0 0 0 0 0 0 0 0 0 0 0 0 0 0 0 0 0 0 0 0 0 0 0 0 0 0 0 0 0 0 0 0 0 0 0 0 0 0 0 0 0 0 0 0 0 0 0 0 0 0 0 0 0 0 0 0 0 0 0 0 0 0 0 0 0 0 0 0 0 0 0 0 0 0 0 0 0 0 0 0 0 0 0 0]
[7415291642802210285250075874490491163391237301709847100039792210267247076770242481027732115331084118430094865677457334030015412753353856950497064005008877998749153550291370790833659703415350235062797496894801643347122441937016559715515846802792166323548379771972198988031474926738763951427674670775734020664252802231 0 0 0 0 0 0 0 0 0 1 0 0 0 0 0 0 0 0 0 0 0 0 0 0 0 0 0 0 0 0 0 0 0 0 0 0 0 0 0 0 0 0 0 0 0 0 0 0 0 0 0 0 0 0 0 0 0 0 0 0 0 0 0 0 0 0 0 0 0 0 0 0 0 0 0 0 0 0 0 0 0 0 0 0 0 0 0 0 0 0 0 0 0 0 0 0 0 0 0 0 0 0 0 0]
[5490906269989355142566842964594804179628124194120387102364336038040416568679681372841527521145058274243844220404518969011603581557316692489882886193039639637936685660277602338899688226459999783904404131340447344572250393720838450371989541127875880450617908308167693976288010267449689600489665108752782292089813098802 0 0 0 0 0 0 0 0 0 0 1 0 0 0 0 0 0 0 0 0 0 0 0 0 0 0 0 0 0 0 0 0 0 0 0 0 0 0 0 0 0 0 0 0 0 0 0 0 0 0 0 0 0 0 0 0 0 0 0 0 0 0 0 0 0 0 0 0 0 0 0 0 0 0 0 0 0 0 0 0 0 0 0 0 0 0 0 0 0 0 0 0 0 0 0 0 0 0 0 0 0 0 0 0]
[6385505381480538776563717187786943531511677188704930167129278693321181276212265981588702461429956471516204741923046475616978183153544298506509995339224389467955573493718824365458053404346038862656265355013646760663951613464768861576509575725843426523549986496659569952946276107342410429234529449736546632662001332707 0 0 0 0 0 0 0 0 0 0 0 1 0 0 0 0 0 0 0 0 0 0 0 0 0 0 0 0 0 0 0 0 0 0 0 0 0 0 0 0 0 0 0 0 0 0 0 0 0 0 0 0 0 0 0 0 0 0 0 0 0 0 0 0 0 0 0 0 0 0 0 0 0 0 0 0 0 0 0 0 0 0 0 0 0 0 0 0 0 0 0 0 0 0 0 0 0 0 0 0 0 0 0 0]
[3014972897325024125020305871629410530543523791701666362280936390662633638310926794435266275824156159571928453122040944511815406788105139372657841108107305979390665640056558494777652398796332775510778680599046185946047394371211690026068801677362927252561805903377943841858048794989797024354395769585036688885474108444 0 0 0 0 0 0 0 0 0 0 0 0 1 0 0 0 0 0 0 0 0 0 0 0 0 0 0 0 0 0 0 0 0 0 0 0 0 0 0 0 0 0 0 0 0 0 0 0 0 0 0 0 0 0 0 0 0 0 0 0 0 0 0 0 0 0 0 0 0 0 0 0 0 0 0 0 0 0 0 0 0 0 0 0 0 0 0 0 0 0 0 0 0 0 0 0 0 0 0 0 0 0 0 0]
[574605601433685100056611439048169065082932924406713871000822600973828320239779994522783885006889090622637987202844939431660771316617146287712251880828911082838094826887069775064742655943518512263936371739893125432031289594228825475497487634395538313372340336785654198003338464774318598923984710867287729073145369546 0 0 0 0 0 0 0 0 0 0 0 0 0 1 0 0 0 0 0 0 0 0 0 0 0 0 0 0 0 0 0 0 0 0 0 0 0 0 0 0 0 0 0 0 0 0 0 0 0 0 0 0 0 0 0 0 0 0 0 0 0 0 0 0 0 0 0 0 0 0 0 0 0 0 0 0 0 0 0 0 0 0 0 0 0 0 0 0 0 0 0 0 0 0 0 0 0 0 0 0 0 0 0 0]
[4314396779668969664512628242633788104762040710117141700247429908397013573815431665609505414996704554052384540670772249575063509131228343244306773897034652736815594246971863348858242034746257210427507466446762342275633538192655764121368093577366496633981500389480679493542302853285389137164965490181132464838647075914 0 0 0 0 0 0 0 0 0 0 0 0 0 0 1 0 0 0 0 0 0 0 0 0 0 0 0 0 0 0 0 0 0 0 0 0 0 0 0 0 0 0 0 0 0 0 0 0 0 0 0 0 0 0 0 0 0 0 0 0 0 0 0 0 0 0 0 0 0 0 0 0 0 0 0 0 0 0 0 0 0 0 0 0 0 0 0 0 0 0 0 0 0 0 0 0 0 0 0 0 0 0 0 0]
[4343353689374122868569967378921359656947758085379716969874929868728867026280472655445706749813766369327869811986281680759288117247295326855128564492374146599639133394189028947221039946830195854650545049178259234646728661038316647766305633396295184368024420048667986844064601862027614416468214073679754925268524149871 0 0 0 0 0 0 0 0 0 0 0 0 0 0 0 1 0 0 0 0 0 0 0 0 0 0 0 0 0 0 0 0 0 0 0 0 0 0 0 0 0 0 0 0 0 0 0 0 0 0 0 0 0 0 0 0 0 0 0 0 0 0 0 0 0 0 0 0 0 0 0 0 0 0 0 0 0 0 0 0 0 0 0 0 0 0 0 0 0 0 0 0 0 0 0 0 0 0 0 0 0 0 0 0]
[1375331035760031960613668405768507610919806350062508858876414651627234628378858693698716432106727885834957005275975598636261640790624922982131343785311740251064665363002560136108456862106690185660018852514900819161727840004112352986151288314991954009947018406754688378996054814881076757593493742640687276781121095628 0 0 0 0 0 0 0 0 0 0 0 0 0 0 0 0 1 0 0 0 0 0 0 0 0 0 0 0 0 0 0 0 0 0 0 0 0 0 0 0 0 0 0 0 0 0 0 0 0 0 0 0 0 0 0 0 0 0 0 0 0 0 0 0 0 0 0 0 0 0 0 0 0 0 0 0 0 0 0 0 0 0 0 0 0 0 0 0 0 0 0 0 0 0 0 0 0 0 0 0 0 0 0 0]
[80188569724016228729053463058067592733229225643979730789150627299591101856751194020751949359338931517209771188967421356344301291445451272106094347694550950267574565284324672522143412834963940759265425137188426941571926885112565839855209261009428207882830313544030921878900750245785761873546823027820843628985875260 0 0 0 0 0 0 0 0 0 0 0 0 0 0 0 0 0 1 0 0 0 0 0 0 0 0 0 0 0 0 0 0 0 0 0 0 0 0 0 0 0 0 0 0 0 0 0 0 0 0 0 0 0 0 0 0 0 0 0 0 0 0 0 0 0 0 0 0 0 0 0 0 0 0 0 0 0 0 0 0 0 0 0 0 0 0 0 0 0 0 0 0 0 0 0 0 0 0 0 0 0 0 0 0]
[3578094745396089826311544932509979355534866268684363763042346068314170361554458550336333625245575210998895182278444580637445503999990127662871009788854752366420488597962859125124343452918514753630445403591071660975095847781353143024663665352707264881394585550351627946814546704639406400881383330555631257010231097826 0 0 0 0 0 0 0 0 0 0 0 0 0 0 0 0 0 0 1 0 0 0 0 0 0 0 0 0 0 0 0 0 0 0 0 0 0 0 0 0 0 0 0 0 0 0 0 0 0 0 0 0 0 0 0 0 0 0 0 0 0 0 0 0 0 0 0 0 0 0 0 0 0 0 0 0 0 0 0 0 0 0 0 0 0 0 0 0 0 0 0 0 0 0 0 0 0 0 0 0 0 0 0 0]
[4941018000826372005222740964514803408794581873289542617063252815163425585524406796232427067083150827468435505677278280844667310178955631072039631609721208730139774871978726958828007836043507238889595804035004182452071848243962514474734299304511294083004918195310855601623634808971474749693379154227793294280780528195 0 0 0 0 0 0 0 0 0 0 0 0 0 0 0 0 0 0 0 1 0 0 0 0 0 0 0 0 0 0 0 0 0 0 0 0 0 0 0 0 0 0 0 0 0 0 0 0 0 0 0 0 0 0 0 0 0 0 0 0 0 0 0 0 0 0 0 0 0 0 0 0 0 0 0 0 0 0 0 0 0 0 0 0 0 0 0 0 0 0 0 0 0 0 0 0 0 0 0 0 0 0 0 0]
[1662638016977399902866668283890835761516721662429953193361122445384019636347935911533500764888825513647037889843190962432632882250285338928368052860842520193252367277009002024687646125006194531832115097003398133680935218553521098821207915482678736714065245639648759630223327645764452125746420433503486984584606246091 0 0 0 0 0 0 0 0 0 0 0 0 0 0 0 0 0 0 0 0 1 0 0 0 0 0 0 0 0 0 0 0 0 0 0 0 0 0 0 0 0 0 0 0 0 0 0 0 0 0 0 0 0 0 0 0 0 0 0 0 0 0 0 0 0 0 0 0 0 0 0 0 0 0 0 0 0 0 0 0 0 0 0 0 0 0 0 0 0 0 0 0 0 0 0 0 0 0 0 0 0 0 0 0]
[4791387627157491162933841095076203769477530604493400917408455000669134291120791493211750280924143433782785254102143529701389459354433813044987527478930080211490346823359902105150179017370455012366541586478960454853072879257398855659495755966404194788064425329278366167760123006432576530597170203754214259503581536155 0 0 0 0 0 0 0 0 0 0 0 0 0 0 0 0 0 0 0 0 0 1 0 0 0 0 0 0 0 0 0 0 0 0 0 0 0 0 0 0 0 0 0 0 0 0 0 0 0 0 0 0 0 0 0 0 0 0 0 0 0 0 0 0 0 0 0 0 0 0 0 0 0 0 0 0 0 0 0 0 0 0 0 0 0 0 0 0 0 0 0 0 0 0 0 0 0 0 0 0 0 0 0 0]
[7906013843037297410375397424708810945706983163657960959535633123495797987850973032256711127935767588243010273168285806163195888218843617694496537390367953019655263988800727376220935126124640609504321032000579883156184011409401679773326507548690041905914628564515917432717112289488536601656037016276801461633071783578 0 0 0 0 0 0 0 0 0 0 0 0 0 0 0 0 0 0 0 0 0 0 1 0 0 0 0 0 0 0 0 0 0 0 0 0 0 0 0 0 0 0 0 0 0 0 0 0 0 0 0 0 0 0 0 0 0 0 0 0 0 0 0 0 0 0 0 0 0 0 0 0 0 0 0 0 0 0 0 0 0 0 0 0 0 0 0 0 0 0 0 0 0 0 0 0 0 0 0 0 0 0 0 0]
[4718629928422694731744303461503574565303755417776917820415509562796546609928437989250746711567925744574077165069568443768062516595343963142595302753504484421054918787477847340324495225850864204843178269845055628197734091231784467010075872266927892388043836597031786399310121345732925534065014117034664918201890787248 0 0 0 0 0 0 0 0 0 0 0 0 0 0 0 0 0 0 0 0 0 0 0 1 0 0 0 0 0 0 0 0 0 0 0 0 0 0 0 0 0 0 0 0 0 0 0 0 0 0 0 0 0 0 0 0 0 0 0 0 0 0 0 0 0 0 0 0 0 0 0 0 0 0 0 0 0 0 0 0 0 0 0 0 0 0 0 0 0 0 0 0 0 0 0 0 0 0 0 0 0 0 0 0]
[2639244882483034726285037559455144932782020828956038728268802828218777880257145450528048276315776067945168186575345625316994073479068844602678547723853453637538673577228335310183234658409826546475952588095651701934305608541121220588739938220614310932131127225364998577455749095776380183266007676806549025385925840121 0 0 0 0 0 0 0 0 0 0 0 0 0 0 0 0 0 0 0 0 0 0 0 0 1 0 0 0 0 0 0 0 0 0 0 0 0 0 0 0 0 0 0 0 0 0 0 0 0 0 0 0 0 0 0 0 0 0 0 0 0 0 0 0 0 0 0 0 0 0 0 0 0 0 0 0 0 0 0 0 0 0 0 0 0 0 0 0 0 0 0 0 0 0 0 0 0 0 0 0 0 0 0 0]
[3332849500830242819548745139813304854692879547243898766379002198704947776789753828313033070962687516048795584598293252969349734999054241683284443390931733437952230928976530808749026871541669290852255750912053308572457998723266863751834806675046032665221774917695196327189418052408422933997055445784583616971972427667 0 0 0 0 0 0 0 0 0 0 0 0 0 0 0 0 0 0 0 0 0 0 0 0 0 1 0 0 0 0 0 0 0 0 0 0 0 0 0 0 0 0 0 0 0 0 0 0 0 0 0 0 0 0 0 0 0 0 0 0 0 0 0 0 0 0 0 0 0 0 0 0 0 0 0 0 0 0 0 0 0 0 0 0 0 0 0 0 0 0 0 0 0 0 0 0 0 0 0 0 0 0 0 0]
[5522584698391153143793777087325137424299736815057541870138500995434366526132619258175566647384851111651705196265579871084974705326767352936137075253088507487065956673042265331776644194625493082407925464164083068883938954758773803048041084431583879452895902882096239548830187487586194769303078404686150754761208468817 0 0 0 0 0 0 0 0 0 0 0 0 0 0 0 0 0 0 0 0 0 0 0 0 0 0 1 0 0 0 0 0 0 0 0 0 0 0 0 0 0 0 0 0 0 0 0 0 0 0 0 0 0 0 0 0 0 0 0 0 0 0 0 0 0 0 0 0 0 0 0 0 0 0 0 0 0 0 0 0 0 0 0 0 0 0 0 0 0 0 0 0 0 0 0 0 0 0 0 0 0 0 0 0]
[3806513663434516554378008443656925655202832386164526932736611971682943842559190258450105708972243857015871357993024096139546163588802836933434437962123803760947317403135378997579556253452423792916188058942102903821643932361203686892100995487761102136210022586739038222501818621923660585990562845493308474396743680100 0 0 0 0 0 0 0 0 0 0 0 0 0 0 0 0 0 0 0 0 0 0 0 0 0 0 0 1 0 0 0 0 0 0 0 0 0 0 0 0 0 0 0 0 0 0 0 0 0 0 0 0 0 0 0 0 0 0 0 0 0 0 0 0 0 0 0 0 0 0 0 0 0 0 0 0 0 0 0 0 0 0 0 0 0 0 0 0 0 0 0 0 0 0 0 0 0 0 0 0 0 0 0 0]
[6451367177255224271808989568001538832597671704067686371332876640357436890713095049900161893165586509371105600650996843982955627000680506431016907253259111797504639924893569335154499278852336443813302895689650392151260083582112260735095931709545227206027498522260021799451052137433605799037822004356297125812058785729 0 0 0 0 0 0 0 0 0 0 0 0 0 0 0 0 0 0 0 0 0 0 0 0 0 0 0 0 1 0 0 0 0 0 0 0 0 0 0 0 0 0 0 0 0 0 0 0 0 0 0 0 0 0 0 0 0 0 0 0 0 0 0 0 0 0 0 0 0 0 0 0 0 0 0 0 0 0 0 0 0 0 0 0 0 0 0 0 0 0 0 0 0 0 0 0 0 0 0 0 0 0 0 0]
[554136798063549889748871563371743871940680593177509966806548675830020849561065212295931346725712247792502502560886431279452569230543229320776218927615407740968817744823740673270331046815139289727278746315159319995899834507984491792301141707132321862497099255501553140153511793836671664690282137087900054040440875397 0 0 0 0 0 0 0 0 0 0 0 0 0 0 0 0 0 0 0 0 0 0 0 0 0 0 0 0 0 1 0 0 0 0 0 0 0 0 0 0 0 0 0 0 0 0 0 0 0 0 0 0 0 0 0 0 0 0 0 0 0 0 0 0 0 0 0 0 0 0 0 0 0 0 0 0 0 0 0 0 0 0 0 0 0 0 0 0 0 0 0 0 0 0 0 0 0 0 0 0 0 0 0 0]
[3933204752607383920963792170778589129810040561701139132779563970498897390950896756597624385934786408003007888952913585794552819664243957359421577979613281747076096431902533173282328256215244088827368229409063727960701403708732578645852447297818483969102131817978513313584493868236821372644550887214698758846146162766 0 0 0 0 0 0 0 0 0 0 0 0 0 0 0 0 0 0 0 0 0 0 0 0 0 0 0 0 0 0 1 0 0 0 0 0 0 0 0 0 0 0 0 0 0 0 0 0 0 0 0 0 0 0 0 0 0 0 0 0 0 0 0 0 0 0 0 0 0 0 0 0 0 0 0 0 0 0 0 0 0 0 0 0 0 0 0 0 0 0 0 0 0 0 0 0 0 0 0 0 0 0 0 0]
[5096439158243034261224621099411811002679709931357756139071441674050549746295277847224515422636395388351331287011461444416162104910327956090075776233436042398289391208944378785963935947075246021263278330335083595134252932784555087455156014753914966286574345559545680590993897205377028989327180676566620779288963156100 0 0 0 0 0 0 0 0 0 0 0 0 0 0 0 0 0 0 0 0 0 0 0 0 0 0 0 0 0 0 0 1 0 0 0 0 0 0 0 0 0 0 0 0 0 0 0 0 0 0 0 0 0 0 0 0 0 0 0 0 0 0 0 0 0 0 0 0 0 0 0 0 0 0 0 0 0 0 0 0 0 0 0 0 0 0 0 0 0 0 0 0 0 0 0 0 0 0 0 0 0 0 0 0]
[7605385742639791957567750745898737732941780670846615607579572404955063906576940711525144221042532370828625641263164031439483037382585642813316255532097614612422525664221544986841020318676837696665238278163167565142752809836400949706436791579080528424180963583812458348199784407136503796140796706749623972120914118027 0 0 0 0 0 0 0 0 0 0 0 0 0 0 0 0 0 0 0 0 0 0 0 0 0 0 0 0 0 0 0 0 1 0 0 0 0 0 0 0 0 0 0 0 0 0 0 0 0 0 0 0 0 0 0 0 0 0 0 0 0 0 0 0 0 0 0 0 0 0 0 0 0 0 0 0 0 0 0 0 0 0 0 0 0 0 0 0 0 0 0 0 0 0 0 0 0 0 0 0 0 0 0 0]
[4116269274839639142734240078631938959762719227259304237662252172610316881641701815324116903363195551500177530904819023370185004751627433082353113212618022080981256791839236758470209577989065293233953187065172391142726193731093736305720306769333127612586483550915987133568901174364307158820375948503059205550100001502 0 0 0 0 0 0 0 0 0 0 0 0 0 0 0 0 0 0 0 0 0 0 0 0 0 0 0 0 0 0 0 0 0 1 0 0 0 0 0 0 0 0 0 0 0 0 0 0 0 0 0 0 0 0 0 0 0 0 0 0 0 0 0 0 0 0 0 0 0 0 0 0 0 0 0 0 0 0 0 0 0 0 0 0 0 0 0 0 0 0 0 0 0 0 0 0 0 0 0 0 0 0 0 0]
[2551651232129899857274606745537572566583009602288491225833973810640444359375100204301462422041648367986988248815470003693019374524962433094060685213587919638616032886053717499162463270082025494528738216254719372484371797594182542954660705219570914706228531759776883136123755001960630519199393483297050777774957718911 0 0 0 0 0 0 0 0 0 0 0 0 0 0 0 0 0 0 0 0 0 0 0 0 0 0 0 0 0 0 0 0 0 0 1 0 0 0 0 0 0 0 0 0 0 0 0 0 0 0 0 0 0 0 0 0 0 0 0 0 0 0 0 0 0 0 0 0 0 0 0 0 0 0 0 0 0 0 0 0 0 0 0 0 0 0 0 0 0 0 0 0 0 0 0 0 0 0 0 0 0 0 0 0]
[3968229259101513768323090842615887016912407839983315585478670640562459688339027773799175431734852102291525561881034839797450513453205451894090869410229866374619424012352629625564741535799929344905972605857675787702118200313931870070498613512714381457889468760009360767287272649251197760898912072270317355508190535280 0 0 0 0 0 0 0 0 0 0 0 0 0 0 0 0 0 0 0 0 0 0 0 0 0 0 0 0 0 0 0 0 0 0 0 1 0 0 0 0 0 0 0 0 0 0 0 0 0 0 0 0 0 0 0 0 0 0 0 0 0 0 0 0 0 0 0 0 0 0 0 0 0 0 0 0 0 0 0 0 0 0 0 0 0 0 0 0 0 0 0 0 0 0 0 0 0 0 0 0 0 0 0 0]
[7659394222426791376058087941191042600119215069342721678606302025486769723267898910820381269733660664905284383632853197979318360305668079543947318164327301461961347552396729652534189608286738498380952788458487434799202507868946084183371075658133627587015162636866631189528151820054977122600315244591565146235779322058 0 0 0 0 0 0 0 0 0 0 0 0 0 0 0 0 0 0 0 0 0 0 0 0 0 0 0 0 0 0 0 0 0 0 0 0 1 0 0 0 0 0 0 0 0 0 0 0 0 0 0 0 0 0 0 0 0 0 0 0 0 0 0 0 0 0 0 0 0 0 0 0 0 0 0 0 0 0 0 0 0 0 0 0 0 0 0 0 0 0 0 0 0 0 0 0 0 0 0 0 0 0 0 0]
[6425283075046271890262815072162229535171431138493092435854187604151355276866036444867916758987682063205058093756950402687388031145684856053728241573061853417613072930692026493555040137544697679513040362676448232857748720459174956243696254712900103143427738488267967967899881643183505347146105592585686585211001678035 0 0 0 0 0 0 0 0 0 0 0 0 0 0 0 0 0 0 0 0 0 0 0 0 0 0 0 0 0 0 0 0 0 0 0 0 0 1 0 0 0 0 0 0 0 0 0 0 0 0 0 0 0 0 0 0 0 0 0 0 0 0 0 0 0 0 0 0 0 0 0 0 0 0 0 0 0 0 0 0 0 0 0 0 0 0 0 0 0 0 0 0 0 0 0 0 0 0 0 0 0 0 0 0]
[5544818751990395484963833463177414315801695270834595338102609048084100148137523876792324233670662436409900516558407177913547737066864689766377372887048517594500988579824438939749330905747112802975122181343696262378407296247979629489523067084019085822322342199469070718879154835979069418711788490656493020853781383264 0 0 0 0 0 0 0 0 0 0 0 0 0 0 0 0 0 0 0 0 0 0 0 0 0 0 0 0 0 0 0 0 0 0 0 0 0 0 1 0 0 0 0 0 0 0 0 0 0 0 0 0 0 0 0 0 0 0 0 0 0 0 0 0 0 0 0 0 0 0 0 0 0 0 0 0 0 0 0 0 0 0 0 0 0 0 0 0 0 0 0 0 0 0 0 0 0 0 0 0 0 0 0 0]
[3052481643124440650649374699263271394757520056228153982171359833032856312877517219887313039812790632325358255268717200109734520466915589730006246460632495306219016575580158642645092632688483893377616207603166564461606976467402223409750514228559550383930217847141633792214596378600124741587608213196218454837494147701 0 0 0 0 0 0 0 0 0 0 0 0 0 0 0 0 0 0 0 0 0 0 0 0 0 0 0 0 0 0 0 0 0 0 0 0 0 0 0 1 0 0 0 0 0 0 0 0 0 0 0 0 0 0 0 0 0 0 0 0 0 0 0 0 0 0 0 0 0 0 0 0 0 0 0 0 0 0 0 0 0 0 0 0 0 0 0 0 0 0 0 0 0 0 0 0 0 0 0 0 0 0 0 0]
[216625946179121125290146399642349826977043061563403174119480003203410768292882510665095161697283432134136952806430738847118580060914884437052002077174365109315948653400069816244790114540267886279537892105663389509768982525948603037311810169481145385804992006466348746616695515741758027848871662733109864106243079271 0 0 0 0 0 0 0 0 0 0 0 0 0 0 0 0 0 0 0 0 0 0 0 0 0 0 0 0 0 0 0 0 0 0 0 0 0 0 0 0 1 0 0 0 0 0 0 0 0 0 0 0 0 0 0 0 0 0 0 0 0 0 0 0 0 0 0 0 0 0 0 0 0 0 0 0 0 0 0 0 0 0 0 0 0 0 0 0 0 0 0 0 0 0 0 0 0 0 0 0 0 0 0 0]
[5001701570330271166891554676335960091848599027074796213627143480114994300010422520828856756632131287402660997861528727400893435775216497083755547043329955606131210842978198322247368740298634147664683784481345318573612837968774446469422416367777852476907189626596066337269603595001565243645635044463066453125820106944 0 0 0 0 0 0 0 0 0 0 0 0 0 0 0 0 0 0 0 0 0 0 0 0 0 0 0 0 0 0 0 0 0 0 0 0 0 0 0 0 0 1 0 0 0 0 0 0 0 0 0 0 0 0 0 0 0 0 0 0 0 0 0 0 0 0 0 0 0 0 0 0 0 0 0 0 0 0 0 0 0 0 0 0 0 0 0 0 0 0 0 0 0 0 0 0 0 0 0 0 0 0 0 0]
[2687865701949879488183077832028803815586157957921495814548916833288801363217241287672031806780704250148975666235989233739705553880577775589181199282494348615630643133790123023051248527446869549876854826326366243854463734751808297911150147051323351625336724823882722091844549038233970359048417754497835932836707608379 0 0 0 0 0 0 0 0 0 0 0 0 0 0 0 0 0 0 0 0 0 0 0 0 0 0 0 0 0 0 0 0 0 0 0 0 0 0 0 0 0 0 1 0 0 0 0 0 0 0 0 0 0 0 0 0 0 0 0 0 0 0 0 0 0 0 0 0 0 0 0 0 0 0 0 0 0 0 0 0 0 0 0 0 0 0 0 0 0 0 0 0 0 0 0 0 0 0 0 0 0 0 0 0]
[5285838394906096106227942313555294279978050830108290212046511639428226812216371567977192051613458142041438535480280714802615714458554401647471301650210212070531908676897738079640556242277454149831752915402219976087430188101746326421858953261310999327627144549126795924121954306425089410890761452345731550076902085310 0 0 0 0 0 0 0 0 0 0 0 0 0 0 0 0 0 0 0 0 0 0 0 0 0 0 0 0 0 0 0 0 0 0 0 0 0 0 0 0 0 0 0 1 0 0 0 0 0 0 0 0 0 0 0 0 0 0 0 0 0 0 0 0 0 0 0 0 0 0 0 0 0 0 0 0 0 0 0 0 0 0 0 0 0 0 0 0 0 0 0 0 0 0 0 0 0 0 0 0 0 0 0 0]
[1477288014565467273167617908762883699651851315756281519814760770599653203061168356674773290245170481227826596165205376050548127425682184737195243891845336262590254944355181074327458775723525928544251154316344815526665220317361884681000283560086840014482699921913970436502680155373956735428064531865464229017351581455 0 0 0 0 0 0 0 0 0 0 0 0 0 0 0 0 0 0 0 0 0 0 0 0 0 0 0 0 0 0 0 0 0 0 0 0 0 0 0 0 0 0 0 0 1 0 0 0 0 0 0 0 0 0 0 0 0 0 0 0 0 0 0 0 0 0 0 0 0 0 0 0 0 0 0 0 0 0 0 0 0 0 0 0 0 0 0 0 0 0 0 0 0 0 0 0 0 0 0 0 0 0 0 0]
[2901708890653759529720170321643993781498723724377151764980455984473801720529158113784800359430792746671383826967912562348463698659976842289526791374662578147429204562931499241939055767534183777487288622705068754684775659298750954808134114751002385447070235192117791611826249217953657946408059810134020882494021627344 0 0 0 0 0 0 0 0 0 0 0 0 0 0 0 0 0 0 0 0 0 0 0 0 0 0 0 0 0 0 0 0 0 0 0 0 0 0 0 0 0 0 0 0 0 1 0 0 0 0 0 0 0 0 0 0 0 0 0 0 0 0 0 0 0 0 0 0 0 0 0 0 0 0 0 0 0 0 0 0 0 0 0 0 0 0 0 0 0 0 0 0 0 0 0 0 0 0 0 0 0 0 0 0]
[7256423430048522328601973776839625741905480833153741935563629927429844309716270529539752650945572214557507829700541803308921031153470466400066733735671278461846810671906464990561348224717731510071633862975414630003434787231621988666386888403420836567990430319287466581891646603858300099354808650119443138046626292084 0 0 0 0 0 0 0 0 0 0 0 0 0 0 0 0 0 0 0 0 0 0 0 0 0 0 0 0 0 0 0 0 0 0 0 0 0 0 0 0 0 0 0 0 0 0 1 0 0 0 0 0 0 0 0 0 0 0 0 0 0 0 0 0 0 0 0 0 0 0 0 0 0 0 0 0 0 0 0 0 0 0 0 0 0 0 0 0 0 0 0 0 0 0 0 0 0 0 0 0 0 0 0 0]
[5026359720233251607319732433258944969106723248864973645618089023202365746374415546996194437091047204065359860773263778487772015690555953330313262029759628241233314380006175551510774194158112079622618832444389290301325702368263655039309526457048614121055754632443549940732074100871985884457898145350735089463608126147 0 0 0 0 0 0 0 0 0 0 0 0 0 0 0 0 0 0 0 0 0 0 0 0 0 0 0 0 0 0 0 0 0 0 0 0 0 0 0 0 0 0 0 0 0 0 0 1 0 0 0 0 0 0 0 0 0 0 0 0 0 0 0 0 0 0 0 0 0 0 0 0 0 0 0 0 0 0 0 0 0 0 0 0 0 0 0 0 0 0 0 0 0 0 0 0 0 0 0 0 0 0 0 0]
[3801773115675433582378782761536680667577377826011568404412460908535809472915552011151466104791474212026887915945423343186675128750351525332770884973690319006513022603434271906918709303247230415263215974649403297948656197438774922670896129921175512355207431812398269041783574839828329035502707742586379573898275604189 0 0 0 0 0 0 0 0 0 0 0 0 0 0 0 0 0 0 0 0 0 0 0 0 0 0 0 0 0 0 0 0 0 0 0 0 0 0 0 0 0 0 0 0 0 0 0 0 1 0 0 0 0 0 0 0 0 0 0 0 0 0 0 0 0 0 0 0 0 0 0 0 0 0 0 0 0 0 0 0 0 0 0 0 0 0 0 0 0 0 0 0 0 0 0 0 0 0 0 0 0 0 0 0]
[1599283453787113279640698097539742089791637237906973989838639505372783032642124180845975984673015695858703943660117151726720899948939379252747531234526004145705660453019583379870420734891450626388245046170175598412937350510445839136267026333285562999015095792371170150663790317787399696330861194886692188487280537110 0 0 0 0 0 0 0 0 0 0 0 0 0 0 0 0 0 0 0 0 0 0 0 0 0 0 0 0 0 0 0 0 0 0 0 0 0 0 0 0 0 0 0 0 0 0 0 0 0 1 0 0 0 0 0 0 0 0 0 0 0 0 0 0 0 0 0 0 0 0 0 0 0 0 0 0 0 0 0 0 0 0 0 0 0 0 0 0 0 0 0 0 0 0 0 0 0 0 0 0 0 0 0 0]
[5765366527929341710422712732826234443861581078732128265687533547313331653802966254833731621037189381854135028282044012639773025661280291715050574643513385760604514569243363217890327438577089915147482906773250770887567332441950390295814394296815607591185593132439753487341551464113937311799769206597497057080195908384 0 0 0 0 0 0 0 0 0 0 0 0 0 0 0 0 0 0 0 0 0 0 0 0 0 0 0 0 0 0 0 0 0 0 0 0 0 0 0 0 0 0 0 0 0 0 0 0 0 0 1 0 0 0 0 0 0 0 0 0 0 0 0 0 0 0 0 0 0 0 0 0 0 0 0 0 0 0 0 0 0 0 0 0 0 0 0 0 0 0 0 0 0 0 0 0 0 0 0 0 0 0 0 0]
[5704924415574368263298887819134858031081280587389407501202875310165416917248517722397913277449788479318497222837757308660932591776137927222434630386657644809506072679311511839355013096540028207910217088834986480066013049019177488722461062308757640426212691809548091321678069609276964829154211170613569588447074731595 0 0 0 0 0 0 0 0 0 0 0 0 0 0 0 0 0 0 0 0 0 0 0 0 0 0 0 0 0 0 0 0 0 0 0 0 0 0 0 0 0 0 0 0 0 0 0 0 0 0 0 1 0 0 0 0 0 0 0 0 0 0 0 0 0 0 0 0 0 0 0 0 0 0 0 0 0 0 0 0 0 0 0 0 0 0 0 0 0 0 0 0 0 0 0 0 0 0 0 0 0 0 0 0]
[8053384541368374605194005045951339413562468981311689083639792901419261598170833280134485532365862243587706356568548086998525935080672990634423381813089811917811626051160458923307326936639382197284553606226843024860134466667299853122201746261680465557989451077763760759492397645159848265092999831682445770059392360367 0 0 0 0 0 0 0 0 0 0 0 0 0 0 0 0 0 0 0 0 0 0 0 0 0 0 0 0 0 0 0 0 0 0 0 0 0 0 0 0 0 0 0 0 0 0 0 0 0 0 0 0 1 0 0 0 0 0 0 0 0 0 0 0 0 0 0 0 0 0 0 0 0 0 0 0 0 0 0 0 0 0 0 0 0 0 0 0 0 0 0 0 0 0 0 0 0 0 0 0 0 0 0 0]
[1551383027928292987104807829589785133632129627938439695805723358529528949243513744105417385462355957683673820716767922888484997422258368988768458295216141381210159824999296955382539478171132421507447945493761088211881778414104499953352351791847595787584135920200008436179567808072746008191008921974162390667162931022 0 0 0 0 0 0 0 0 0 0 0 0 0 0 0 0 0 0 0 0 0 0 0 0 0 0 0 0 0 0 0 0 0 0 0 0 0 0 0 0 0 0 0 0 0 0 0 0 0 0 0 0 0 1 0 0 0 0 0 0 0 0 0 0 0 0 0 0 0 0 0 0 0 0 0 0 0 0 0 0 0 0 0 0 0 0 0 0 0 0 0 0 0 0 0 0 0 0 0 0 0 0 0 0]
[7804684690138736476483313605444119795872602298412142314078514829377730294498137381354411663722875007459636108725866991377261793005154552624529570984987660359993149829488333314941834393872982498712860574245628280407942179965384925824697810907038046878269084863459244321941630431571135831663282948947126474509011512129 0 0 0 0 0 0 0 0 0 0 0 0 0 0 0 0 0 0 0 0 0 0 0 0 0 0 0 0 0 0 0 0 0 0 0 0 0 0 0 0 0 0 0 0 0 0 0 0 0 0 0 0 0 0 1 0 0 0 0 0 0 0 0 0 0 0 0 0 0 0 0 0 0 0 0 0 0 0 0 0 0 0 0 0 0 0 0 0 0 0 0 0 0 0 0 0 0 0 0 0 0 0 0 0]
[2433372446750473863040795076590095008537721109549301944655827097956861823745214203743557304651037043713665519463942793222191220597596112385722515588400447304174222844757593174266820723912950712457650776292011965909637715973476002514408507525122260688275517001676120368917498442720599436234660787755781454928849587995 0 0 0 0 0 0 0 0 0 0 0 0 0 0 0 0 0 0 0 0 0 0 0 0 0 0 0 0 0 0 0 0 0 0 0 0 0 0 0 0 0 0 0 0 0 0 0 0 0 0 0 0 0 0 0 1 0 0 0 0 0 0 0 0 0 0 0 0 0 0 0 0 0 0 0 0 0 0 0 0 0 0 0 0 0 0 0 0 0 0 0 0 0 0 0 0 0 0 0 0 0 0 0 0]
[7896917362167526758061358813231695649901153436086228062163043631231941092066697826479915902420430067051252559020938300580192758121926492887587443398948410151353572546961276472688283053780325280863131565164237227928969840629609597041532122922860365720429118604111352993528491977939842802098094441610614080707867115037 0 0 0 0 0 0 0 0 0 0 0 0 0 0 0 0 0 0 0 0 0 0 0 0 0 0 0 0 0 0 0 0 0 0 0 0 0 0 0 0 0 0 0 0 0 0 0 0 0 0 0 0 0 0 0 0 1 0 0 0 0 0 0 0 0 0 0 0 0 0 0 0 0 0 0 0 0 0 0 0 0 0 0 0 0 0 0 0 0 0 0 0 0 0 0 0 0 0 0 0 0 0 0 0]
[6905352917678506207353973314854071300649558599659311908892744312784883630998509341556495298045320159599661210959245604872505322303333188498316147586219458646442250047801773130686170624929038615580911189852907996211358630738991130439969774352637189506395754807840248079517077622449532694315902652151813901462327270530 0 0 0 0 0 0 0 0 0 0 0 0 0 0 0 0 0 0 0 0 0 0 0 0 0 0 0 0 0 0 0 0 0 0 0 0 0 0 0 0 0 0 0 0 0 0 0 0 0 0 0 0 0 0 0 0 0 1 0 0 0 0 0 0 0 0 0 0 0 0 0 0 0 0 0 0 0 0 0 0 0 0 0 0 0 0 0 0 0 0 0 0 0 0 0 0 0 0 0 0 0 0 0 0]
[3605481912790504701807981417585214129662920372182107692545380572143546744412691325517339736708057826498983374576874052441333830206027445138860464041131985841145018818275752954605307103827374392179130522845646430684714370404302419334925872517558312050667113932689297785669783732875765845567029224149353366386435468036 0 0 0 0 0 0 0 0 0 0 0 0 0 0 0 0 0 0 0 0 0 0 0 0 0 0 0 0 0 0 0 0 0 0 0 0 0 0 0 0 0 0 0 0 0 0 0 0 0 0 0 0 0 0 0 0 0 0 1 0 0 0 0 0 0 0 0 0 0 0 0 0 0 0 0 0 0 0 0 0 0 0 0 0 0 0 0 0 0 0 0 0 0 0 0 0 0 0 0 0 0 0 0 0]
[5825325823463774670469816787967674765646530026499053859452393493729808542023382253886746274569857435143201606265615635728662328596759853815692459917591240859399716811862338198641741791951693062704012490587816644232817950692964984092006931459638917810333586159976524684136266161196215656087302045002478665002091007559 0 0 0 0 0 0 0 0 0 0 0 0 0 0 0 0 0 0 0 0 0 0 0 0 0 0 0 0 0 0 0 0 0 0 0 0 0 0 0 0 0 0 0 0 0 0 0 0 0 0 0 0 0 0 0 0 0 0 0 1 0 0 0 0 0 0 0 0 0 0 0 0 0 0 0 0 0 0 0 0 0 0 0 0 0 0 0 0 0 0 0 0 0 0 0 0 0 0 0 0 0 0 0 0]
[3132096256971302964008861762025151120355756428266464345629839635788485424633632452387208028941038623453279245496338312757173721584875809162997641250731250697911446750354339997250166427213967940092032904848024852475534811320719513738870096238610353239642826957185168096601722914659124763599014759767376889181034977873 0 0 0 0 0 0 0 0 0 0 0 0 0 0 0 0 0 0 0 0 0 0 0 0 0 0 0 0 0 0 0 0 0 0 0 0 0 0 0 0 0 0 0 0 0 0 0 0 0 0 0 0 0 0 0 0 0 0 0 0 1 0 0 0 0 0 0 0 0 0 0 0 0 0 0 0 0 0 0 0 0 0 0 0 0 0 0 0 0 0 0 0 0 0 0 0 0 0 0 0 0 0 0 0]
[2469737751383943392487548620805273329997342649994454286555000282103132693293680992693993277002441288291710946371780676968266415648773639022059313995474101847291840214884879714887869136835846971484819601950820331864255645308950804437517875058174419826856716680498699251789275491807839034159403941013979376084854204920 0 0 0 0 0 0 0 0 0 0 0 0 0 0 0 0 0 0 0 0 0 0 0 0 0 0 0 0 0 0 0 0 0 0 0 0 0 0 0 0 0 0 0 0 0 0 0 0 0 0 0 0 0 0 0 0 0 0 0 0 0 1 0 0 0 0 0 0 0 0 0 0 0 0 0 0 0 0 0 0 0 0 0 0 0 0 0 0 0 0 0 0 0 0 0 0 0 0 0 0 0 0 0 0]
[7104926102342497446095469903986291701762948855468611981625062291432800038241746275047503780008293469793093528438815756192189649550962623222264031758343485870564575658281241649822205164592738805427592370850215109759836871732712757591538239715713413396730066314271010403744075887608479401461111287694316808382669569239 0 0 0 0 0 0 0 0 0 0 0 0 0 0 0 0 0 0 0 0 0 0 0 0 0 0 0 0 0 0 0 0 0 0 0 0 0 0 0 0 0 0 0 0 0 0 0 0 0 0 0 0 0 0 0 0 0 0 0 0 0 0 1 0 0 0 0 0 0 0 0 0 0 0 0 0 0 0 0 0 0 0 0 0 0 0 0 0 0 0 0 0 0 0 0 0 0 0 0 0 0 0 0 0]
[1638189695652580468464172157284808219815179634916507204135013644456334887447352868778292031341765526550137398560197863099876405585915520022436008135495432668295400863379055435439640073446654906371556510561239323035870008998505336244896171411628872403181875714186811678980813217449047040843733405392673556781968046774 0 0 0 0 0 0 0 0 0 0 0 0 0 0 0 0 0 0 0 0 0 0 0 0 0 0 0 0 0 0 0 0 0 0 0 0 0 0 0 0 0 0 0 0 0 0 0 0 0 0 0 0 0 0 0 0 0 0 0 0 0 0 0 1 0 0 0 0 0 0 0 0 0 0 0 0 0 0 0 0 0 0 0 0 0 0 0 0 0 0 0 0 0 0 0 0 0 0 0 0 0 0 0 0]
[7597324082997303203342852582986796498500827388999837695501451117019560790526748434034590279734792158943581066326883394121040564723100003009406065263889679940752756610875132687246423334917954894973933273122925058915929506404188431758880303072051554843295993512136077906009709899246696846379020035044933688110922343688 0 0 0 0 0 0 0 0 0 0 0 0 0 0 0 0 0 0 0 0 0 0 0 0 0 0 0 0 0 0 0 0 0 0 0 0 0 0 0 0 0 0 0 0 0 0 0 0 0 0 0 0 0 0 0 0 0 0 0 0 0 0 0 0 1 0 0 0 0 0 0 0 0 0 0 0 0 0 0 0 0 0 0 0 0 0 0 0 0 0 0 0 0 0 0 0 0 0 0 0 0 0 0 0]
[5420026424798513209126060026023030001748437588178355158977797194637602069852856312775072228557197982517384608078545030046372629995505598150198001794603000135060226422708100937790238361022076026435291214252220150541532702388858246418931497447640416448531564282679541080139989481232096012058092515217565236182446791071 0 0 0 0 0 0 0 0 0 0 0 0 0 0 0 0 0 0 0 0 0 0 0 0 0 0 0 0 0 0 0 0 0 0 0 0 0 0 0 0 0 0 0 0 0 0 0 0 0 0 0 0 0 0 0 0 0 0 0 0 0 0 0 0 0 1 0 0 0 0 0 0 0 0 0 0 0 0 0 0 0 0 0 0 0 0 0 0 0 0 0 0 0 0 0 0 0 0 0 0 0 0 0 0]
[1401814253945415424978901001021964580599720318764443281695270449411889426850416268231353700309322195030467363392073285869891727263715156600333312849300749329401199403477401355614270817140184630224172867666611122916934493113641426036239390171791389626731330264802616438412165417621138981504982384796094325655616097203 0 0 0 0 0 0 0 0 0 0 0 0 0 0 0 0 0 0 0 0 0 0 0 0 0 0 0 0 0 0 0 0 0 0 0 0 0 0 0 0 0 0 0 0 0 0 0 0 0 0 0 0 0 0 0 0 0 0 0 0 0 0 0 0 0 0 1 0 0 0 0 0 0 0 0 0 0 0 0 0 0 0 0 0 0 0 0 0 0 0 0 0 0 0 0 0 0 0 0 0 0 0 0 0]
[5894932104643911686555834487314447690452434540400720171069540214229928086167379027679539151010286962792539160360290899129000425946310964210446398179161555574372500987137165012997130156602309874848300775636481704415427962071364703509195139121790533374281143793523201498493842856091695406067665287324287075036055695834 0 0 0 0 0 0 0 0 0 0 0 0 0 0 0 0 0 0 0 0 0 0 0 0 0 0 0 0 0 0 0 0 0 0 0 0 0 0 0 0 0 0 0 0 0 0 0 0 0 0 0 0 0 0 0 0 0 0 0 0 0 0 0 0 0 0 0 1 0 0 0 0 0 0 0 0 0 0 0 0 0 0 0 0 0 0 0 0 0 0 0 0 0 0 0 0 0 0 0 0 0 0 0 0]
[3877951229755920397244901391685391068113951603802670750294074498098223993752620431151596493202857164571884537659474661827839910347210321177101987020864366197832405320904837811973509390386329122528286898671725791758382092985815151656034880483366214444688161034968671264081106278776989593247327024284186684092367397774 0 0 0 0 0 0 0 0 0 0 0 0 0 0 0 0 0 0 0 0 0 0 0 0 0 0 0 0 0 0 0 0 0 0 0 0 0 0 0 0 0 0 0 0 0 0 0 0 0 0 0 0 0 0 0 0 0 0 0 0 0 0 0 0 0 0 0 0 1 0 0 0 0 0 0 0 0 0 0 0 0 0 0 0 0 0 0 0 0 0 0 0 0 0 0 0 0 0 0 0 0 0 0 0]
[5042174644566500447697645249198001484223174938343709302243263671699050669240655066494770177618352521187722314479912183144995985848240843751838556752468935680790330397268733403001183408968174430007640229411160588103730818664773976103178877206332264700045135056744985250260598602329695143553100873793943623068616533468 0 0 0 0 0 0 0 0 0 0 0 0 0 0 0 0 0 0 0 0 0 0 0 0 0 0 0 0 0 0 0 0 0 0 0 0 0 0 0 0 0 0 0 0 0 0 0 0 0 0 0 0 0 0 0 0 0 0 0 0 0 0 0 0 0 0 0 0 0 1 0 0 0 0 0 0 0 0 0 0 0 0 0 0 0 0 0 0 0 0 0 0 0 0 0 0 0 0 0 0 0 0 0 0]
[6741635168044881251068823082272935918290765675151236889047199586373992004212166713677745227167773336840207396167827033276064260339454031990189142696456696483406020535609151013800977404754178445889202453213394060063189105485709531898785788930076681458749107085857664943236429085139991625572506074154899113136623111086 0 0 0 0 0 0 0 0 0 0 0 0 0 0 0 0 0 0 0 0 0 0 0 0 0 0 0 0 0 0 0 0 0 0 0 0 0 0 0 0 0 0 0 0 0 0 0 0 0 0 0 0 0 0 0 0 0 0 0 0 0 0 0 0 0 0 0 0 0 0 1 0 0 0 0 0 0 0 0 0 0 0 0 0 0 0 0 0 0 0 0 0 0 0 0 0 0 0 0 0 0 0 0 0]
[7259813843329518401106496979857237662573375478188455075801823364261033911424557944247939325105092983217893340459440886183973133597474789467610636094344343575432407092431523514539509415913118051597849548281815833451186434352669830399282978847112738373411783281620378120592899068997773267108516947139018204272144637487 0 0 0 0 0 0 0 0 0 0 0 0 0 0 0 0 0 0 0 0 0 0 0 0 0 0 0 0 0 0 0 0 0 0 0 0 0 0 0 0 0 0 0 0 0 0 0 0 0 0 0 0 0 0 0 0 0 0 0 0 0 0 0 0 0 0 0 0 0 0 0 1 0 0 0 0 0 0 0 0 0 0 0 0 0 0 0 0 0 0 0 0 0 0 0 0 0 0 0 0 0 0 0 0]
[4008783553901612730522424698186599873181206522769915314626995138335314788401313711587233659087901350531752936031927725207428854505196432019534977330538262056097956533864427881374417029680213729689184372063808841765670335807578916199823877016188916761762940762706628910481755305697528422255255980680491082414705355054 0 0 0 0 0 0 0 0 0 0 0 0 0 0 0 0 0 0 0 0 0 0 0 0 0 0 0 0 0 0 0 0 0 0 0 0 0 0 0 0 0 0 0 0 0 0 0 0 0 0 0 0 0 0 0 0 0 0 0 0 0 0 0 0 0 0 0 0 0 0 0 0 1 0 0 0 0 0 0 0 0 0 0 0 0 0 0 0 0 0 0 0 0 0 0 0 0 0 0 0 0 0 0 0]
[3811153921694463642235990985845582737143156231270927613630533438408803915361603030054512796568100335014938172897749523838258456824537211591096930416947364481401770454723577041969124879885761350611449885679605228716348979604254897709721762243332714591889760310392267430788092322179974543359250839526966183412216973183 0 0 0 0 0 0 0 0 0 0 0 0 0 0 0 0 0 0 0 0 0 0 0 0 0 0 0 0 0 0 0 0 0 0 0 0 0 0 0 0 0 0 0 0 0 0 0 0 0 0 0 0 0 0 0 0 0 0 0 0 0 0 0 0 0 0 0 0 0 0 0 0 0 1 0 0 0 0 0 0 0 0 0 0 0 0 0 0 0 0 0 0 0 0 0 0 0 0 0 0 0 0 0 0]
[2148263387365906818134526696425285182077155288000745921859073461027062586908596677942502909420175996316816716144478011370664525916668080784704274673670964194668941610273683271676029993803190255034547006325426763317327294190925070300471136865365495846918301791325928309454416266349463565779567416875107925556271567354 0 0 0 0 0 0 0 0 0 0 0 0 0 0 0 0 0 0 0 0 0 0 0 0 0 0 0 0 0 0 0 0 0 0 0 0 0 0 0 0 0 0 0 0 0 0 0 0 0 0 0 0 0 0 0 0 0 0 0 0 0 0 0 0 0 0 0 0 0 0 0 0 0 0 1 0 0 0 0 0 0 0 0 0 0 0 0 0 0 0 0 0 0 0 0 0 0 0 0 0 0 0 0 0]
[4836005181995531332984231142155601372403373167452194564280420813485895008133141539252137745702987115533926204273428680809662026343274911411579376617278377284506889158547940853510462208348306549824298515418167228268826476639789976433234218430646204768370007827417295414724029159030916377760659096520639037887055290079 0 0 0 0 0 0 0 0 0 0 0 0 0 0 0 0 0 0 0 0 0 0 0 0 0 0 0 0 0 0 0 0 0 0 0 0 0 0 0 0 0 0 0 0 0 0 0 0 0 0 0 0 0 0 0 0 0 0 0 0 0 0 0 0 0 0 0 0 0 0 0 0 0 0 0 1 0 0 0 0 0 0 0 0 0 0 0 0 0 0 0 0 0 0 0 0 0 0 0 0 0 0 0 0]
[4195564202288941300824201581054494064633590718334250553849743543548405247378587980296123579186387574393231972846299069616126837330532800903094038452710137616436641171778312805625180595896103477383853541100370968692568255714007736495338255365459301363233184892670650120143741050498035399642985687179325203298159529902 0 0 0 0 0 0 0 0 0 0 0 0 0 0 0 0 0 0 0 0 0 0 0 0 0 0 0 0 0 0 0 0 0 0 0 0 0 0 0 0 0 0 0 0 0 0 0 0 0 0 0 0 0 0 0 0 0 0 0 0 0 0 0 0 0 0 0 0 0 0 0 0 0 0 0 0 1 0 0 0 0 0 0 0 0 0 0 0 0 0 0 0 0 0 0 0 0 0 0 0 0 0 0 0]
[4543195208982719550180798510178971216751611334671139480003589774157635002862396218397531834629437822121966169976472474321330659184828720552863706892229917690010062353482441731805989632294003270276537853086318554367929118806581317258595761590422774163989317314209267106456264790174403586651868256985936657906286846405 0 0 0 0 0 0 0 0 0 0 0 0 0 0 0 0 0 0 0 0 0 0 0 0 0 0 0 0 0 0 0 0 0 0 0 0 0 0 0 0 0 0 0 0 0 0 0 0 0 0 0 0 0 0 0 0 0 0 0 0 0 0 0 0 0 0 0 0 0 0 0 0 0 0 0 0 0 1 0 0 0 0 0 0 0 0 0 0 0 0 0 0 0 0 0 0 0 0 0 0 0 0 0 0]
[2521971519087169720173559084265646507195982719494906507527082979717947931821606903965071232599442561207273917585315288810490389672883806483043337402928333794623407613004642752306667728262889611323213579144363485956106260578765340403566650288840003965112860710770007444333973790879850924351354400397299669641822374799 0 0 0 0 0 0 0 0 0 0 0 0 0 0 0 0 0 0 0 0 0 0 0 0 0 0 0 0 0 0 0 0 0 0 0 0 0 0 0 0 0 0 0 0 0 0 0 0 0 0 0 0 0 0 0 0 0 0 0 0 0 0 0 0 0 0 0 0 0 0 0 0 0 0 0 0 0 0 1 0 0 0 0 0 0 0 0 0 0 0 0 0 0 0 0 0 0 0 0 0 0 0 0 0]
[4301101479316068222653875979108733167650242339446742934489810052539575901495826649432028911959441389655031634365728942147285904122531774387163659251741600564139126632357466698368907762848343544750410801604438535443881331153232520664966077723269725146127927072438460281718206559822191618007764080731295450722842121322 0 0 0 0 0 0 0 0 0 0 0 0 0 0 0 0 0 0 0 0 0 0 0 0 0 0 0 0 0 0 0 0 0 0 0 0 0 0 0 0 0 0 0 0 0 0 0 0 0 0 0 0 0 0 0 0 0 0 0 0 0 0 0 0 0 0 0 0 0 0 0 0 0 0 0 0 0 0 0 1 0 0 0 0 0 0 0 0 0 0 0 0 0 0 0 0 0 0 0 0 0 0 0 0]
[1535983920520571130669442520752185240034452792512925020557039576366958001902918221553675610190314282652293315652638930903145730922996583890363248210787102907547149871591254450646296741897357256434035151325041694394611041858399362475488386434831813657618720053378946241303801063904174146832567245151947523500417378440 0 0 0 0 0 0 0 0 0 0 0 0 0 0 0 0 0 0 0 0 0 0 0 0 0 0 0 0 0 0 0 0 0 0 0 0 0 0 0 0 0 0 0 0 0 0 0 0 0 0 0 0 0 0 0 0 0 0 0 0 0 0 0 0 0 0 0 0 0 0 0 0 0 0 0 0 0 0 0 0 1 0 0 0 0 0 0 0 0 0 0 0 0 0 0 0 0 0 0 0 0 0 0 0]
[6623736594179446058242978452483522889548249387336653210291919432835798501330374930929325525806487558110155121015158646950741248680716873710174033544254758585247768091736605638124442998612841969212873232912829139912190924857924962518487665124079995601927752799628631547308185939229431355223820852514251250742979327173 0 0 0 0 0 0 0 0 0 0 0 0 0 0 0 0 0 0 0 0 0 0 0 0 0 0 0 0 0 0 0 0 0 0 0 0 0 0 0 0 0 0 0 0 0 0 0 0 0 0 0 0 0 0 0 0 0 0 0 0 0 0 0 0 0 0 0 0 0 0 0 0 0 0 0 0 0 0 0 0 0 1 0 0 0 0 0 0 0 0 0 0 0 0 0 0 0 0 0 0 0 0 0 0]
[7754675342923848238317083509851082589112874505916452930532497452700032421888363082572713338665590940653812691843783325463746650595837315461372104056991218538385791416700159652048552446570583321019817646216967901860912475893192100871805707920563319450899371640778177464056625945503212252805377536692139719278045177991 0 0 0 0 0 0 0 0 0 0 0 0 0 0 0 0 0 0 0 0 0 0 0 0 0 0 0 0 0 0 0 0 0 0 0 0 0 0 0 0 0 0 0 0 0 0 0 0 0 0 0 0 0 0 0 0 0 0 0 0 0 0 0 0 0 0 0 0 0 0 0 0 0 0 0 0 0 0 0 0 0 0 1 0 0 0 0 0 0 0 0 0 0 0 0 0 0 0 0 0 0 0 0 0]
[7145251587586689882737749941383437057518930754473839091670115789075092577985537596522035578492937148454561391564205169945509823261716576889893883283082215089799082623296893425068065719110743349317700446158445960216233968447099191079827858250580180871427192735517676219745105026881567988493159928610168995300354782120 0 0 0 0 0 0 0 0 0 0 0 0 0 0 0 0 0 0 0 0 0 0 0 0 0 0 0 0 0 0 0 0 0 0 0 0 0 0 0 0 0 0 0 0 0 0 0 0 0 0 0 0 0 0 0 0 0 0 0 0 0 0 0 0 0 0 0 0 0 0 0 0 0 0 0 0 0 0 0 0 0 0 0 1 0 0 0 0 0 0 0 0 0 0 0 0 0 0 0 0 0 0 0 0]
[1977147785360030138874442695694037960606062281539558637672729841306038961377666354735787608664542897961622965821093247326094856664341705155959207711339058932044395120559319569583248528205296038395471249086097465135167792636138143244245616819818068743055662615504786640137988622771913665767486646087844663681415144223 0 0 0 0 0 0 0 0 0 0 0 0 0 0 0 0 0 0 0 0 0 0 0 0 0 0 0 0 0 0 0 0 0 0 0 0 0 0 0 0 0 0 0 0 0 0 0 0 0 0 0 0 0 0 0 0 0 0 0 0 0 0 0 0 0 0 0 0 0 0 0 0 0 0 0 0 0 0 0 0 0 0 0 0 1 0 0 0 0 0 0 0 0 0 0 0 0 0 0 0 0 0 0 0]
[1985027225512658264732845970332593451517818976981245667527816275086464690868402137331738301927699003243975511630630704609254835929738250212485310177351895437206975686915121947691728770666026910370042370457602631492409462817221397725692021935260874993435574110154938748389377974704269844301779018909725442280887232992 0 0 0 0 0 0 0 0 0 0 0 0 0 0 0 0 0 0 0 0 0 0 0 0 0 0 0 0 0 0 0 0 0 0 0 0 0 0 0 0 0 0 0 0 0 0 0 0 0 0 0 0 0 0 0 0 0 0 0 0 0 0 0 0 0 0 0 0 0 0 0 0 0 0 0 0 0 0 0 0 0 0 0 0 0 1 0 0 0 0 0 0 0 0 0 0 0 0 0 0 0 0 0 0]
[8005664529225000824801271009795738934127817432285054027819880964790944447411002527058368577430188905084664569091422919877179712088748464481118711147149659118725539331508620703828452908085751802899343595566124655317724398834080484255983458031677189077196817041893757780735100016834085459565675180754748538945299470862 0 0 0 0 0 0 0 0 0 0 0 0 0 0 0 0 0 0 0 0 0 0 0 0 0 0 0 0 0 0 0 0 0 0 0 0 0 0 0 0 0 0 0 0 0 0 0 0 0 0 0 0 0 0 0 0 0 0 0 0 0 0 0 0 0 0 0 0 0 0 0 0 0 0 0 0 0 0 0 0 0 0 0 0 0 0 1 0 0 0 0 0 0 0 0 0 0 0 0 0 0 0 0 0]
[906178214478730820428443934178788320178137012641602792323070709737318068666452040229794638659697535341093347037426275052783813379792665850962553478951252276556230844194478571634018174182742647748349656117566761807512277901630968505757565361931143947970216823833686238741070295275067729495178379904252200700112407073 0 0 0 0 0 0 0 0 0 0 0 0 0 0 0 0 0 0 0 0 0 0 0 0 0 0 0 0 0 0 0 0 0 0 0 0 0 0 0 0 0 0 0 0 0 0 0 0 0 0 0 0 0 0 0 0 0 0 0 0 0 0 0 0 0 0 0 0 0 0 0 0 0 0 0 0 0 0 0 0 0 0 0 0 0 0 0 1 0 0 0 0 0 0 0 0 0 0 0 0 0 0 0 0]
[4102615728734750120834845211939783772037907035787007436055948460750345604848436566496361373183470682533400063530943835703963669922619981982303078047573244895788951976805538494091854249778285305463443638818829067405722252112384238147313254875480940556590372204970952345146051310164272297585563412057189362772581941634 0 0 0 0 0 0 0 0 0 0 0 0 0 0 0 0 0 0 0 0 0 0 0 0 0 0 0 0 0 0 0 0 0 0 0 0 0 0 0 0 0 0 0 0 0 0 0 0 0 0 0 0 0 0 0 0 0 0 0 0 0 0 0 0 0 0 0 0 0 0 0 0 0 0 0 0 0 0 0 0 0 0 0 0 0 0 0 0 1 0 0 0 0 0 0 0 0 0 0 0 0 0 0 0]
[7222837577973979629602430090131372888970291409225138190003416412708993332663593725608781727991029568615959049808978235178827835044032645214290028631536552172645363959752869400719476262891611261695997157862309550361467954644594696189589414708938364978562821556550669249163571457180690176487489368858633515669981083059 0 0 0 0 0 0 0 0 0 0 0 0 0 0 0 0 0 0 0 0 0 0 0 0 0 0 0 0 0 0 0 0 0 0 0 0 0 0 0 0 0 0 0 0 0 0 0 0 0 0 0 0 0 0 0 0 0 0 0 0 0 0 0 0 0 0 0 0 0 0 0 0 0 0 0 0 0 0 0 0 0 0 0 0 0 0 0 0 0 1 0 0 0 0 0 0 0 0 0 0 0 0 0 0]
[8043896955496321254806203202218734158852512338651008814616887224956870545455612379456434912643389126766820824511715085213469788144108965078660462629773282410489615708494061332468189686741590811952864513572055401336786165783348340259898648140261629092756304529365218080585257404935716518503320036012908626018700845259 0 0 0 0 0 0 0 0 0 0 0 0 0 0 0 0 0 0 0 0 0 0 0 0 0 0 0 0 0 0 0 0 0 0 0 0 0 0 0 0 0 0 0 0 0 0 0 0 0 0 0 0 0 0 0 0 0 0 0 0 0 0 0 0 0 0 0 0 0 0 0 0 0 0 0 0 0 0 0 0 0 0 0 0 0 0 0 0 0 0 1 0 0 0 0 0 0 0 0 0 0 0 0 0]
[4238325075684957968502698924604722524139563315714472742284642920511287216442888913090502340992917149989714991581959329753965597670387878259638192098310442395644635506955781486673706140240292986792044086234676149046365463227719925473475222471988300252346940958293407814583044298923329056084105066549035483031065915610 0 0 0 0 0 0 0 0 0 0 0 0 0 0 0 0 0 0 0 0 0 0 0 0 0 0 0 0 0 0 0 0 0 0 0 0 0 0 0 0 0 0 0 0 0 0 0 0 0 0 0 0 0 0 0 0 0 0 0 0 0 0 0 0 0 0 0 0 0 0 0 0 0 0 0 0 0 0 0 0 0 0 0 0 0 0 0 0 0 0 0 1 0 0 0 0 0 0 0 0 0 0 0 0]
[5823639498996664006205882931576883355228420406083273556458795445731797281893923790522130524587682831299079637774691334067206281947591067431491907447225056747799186062393922601675628233137330372502607096794791825469753359616679210691983812000198977287627707096127766430954396522566002003568554698091526525984722001432 0 0 0 0 0 0 0 0 0 0 0 0 0 0 0 0 0 0 0 0 0 0 0 0 0 0 0 0 0 0 0 0 0 0 0 0 0 0 0 0 0 0 0 0 0 0 0 0 0 0 0 0 0 0 0 0 0 0 0 0 0 0 0 0 0 0 0 0 0 0 0 0 0 0 0 0 0 0 0 0 0 0 0 0 0 0 0 0 0 0 0 0 1 0 0 0 0 0 0 0 0 0 0 0]
[2054579236321201875259263783930915268315113084348170642336480417713542507806494166084864912156986013916150835581638759297994195886096330508680159233714164314445167345383135498268901418265496233073076345870800685600060446932494699419681160397788636044266643746501658535774085553989018325779957282789548842166721893475 0 0 0 0 0 0 0 0 0 0 0 0 0 0 0 0 0 0 0 0 0 0 0 0 0 0 0 0 0 0 0 0 0 0 0 0 0 0 0 0 0 0 0 0 0 0 0 0 0 0 0 0 0 0 0 0 0 0 0 0 0 0 0 0 0 0 0 0 0 0 0 0 0 0 0 0 0 0 0 0 0 0 0 0 0 0 0 0 0 0 0 0 0 1 0 0 0 0 0 0 0 0 0 0]
[2603935051922517731752314437773783010841666537272358461222318313595259016906943179642532251637564305949812143585918263714782440918148865458968903730980018245176136538939237109711490074477932887107852549470066085498683924846764770671793406274425922137401371022040596991703927680714246915874557609301667340707408560460 0 0 0 0 0 0 0 0 0 0 0 0 0 0 0 0 0 0 0 0 0 0 0 0 0 0 0 0 0 0 0 0 0 0 0 0 0 0 0 0 0 0 0 0 0 0 0 0 0 0 0 0 0 0 0 0 0 0 0 0 0 0 0 0 0 0 0 0 0 0 0 0 0 0 0 0 0 0 0 0 0 0 0 0 0 0 0 0 0 0 0 0 0 0 1 0 0 0 0 0 0 0 0 0]
[2633231315534117075741736747213451866324745548282571450523208582922154774480769982640001831544341333641287481122074417897270739911709977080558589206061351700029054118554682729081387945905251448406310821729668433147926907074905505948004048496994967782507830734183836671643016035269293540366722756520263077852621444391 0 0 0 0 0 0 0 0 0 0 0 0 0 0 0 0 0 0 0 0 0 0 0 0 0 0 0 0 0 0 0 0 0 0 0 0 0 0 0 0 0 0 0 0 0 0 0 0 0 0 0 0 0 0 0 0 0 0 0 0 0 0 0 0 0 0 0 0 0 0 0 0 0 0 0 0 0 0 0 0 0 0 0 0 0 0 0 0 0 0 0 0 0 0 0 1 0 0 0 0 0 0 0 0]
[3396322031958310808109363902055721170540842836638048128134648373497355162494427955248023194949438158974179773857785985372322413362769256231242740153151320253022098021722273346134126525438665375658209921733741424499420301871763364846168757290560774888819839600081586731973118010043958524389055549673245324307633663649 0 0 0 0 0 0 0 0 0 0 0 0 0 0 0 0 0 0 0 0 0 0 0 0 0 0 0 0 0 0 0 0 0 0 0 0 0 0 0 0 0 0 0 0 0 0 0 0 0 0 0 0 0 0 0 0 0 0 0 0 0 0 0 0 0 0 0 0 0 0 0 0 0 0 0 0 0 0 0 0 0 0 0 0 0 0 0 0 0 0 0 0 0 0 0 0 1 0 0 0 0 0 0 0]
[6959108456956728145525733567549274522485500384187454087062880421382735801235683355523266954626145712697346711053303126181753339213196008340010588416663983614540580898046185845870535915364286894796459026433818072047839754015111902107630139989617261424303706557034566788358094984294447645806960016814697780316305293209 0 0 0 0 0 0 0 0 0 0 0 0 0 0 0 0 0 0 0 0 0 0 0 0 0 0 0 0 0 0 0 0 0 0 0 0 0 0 0 0 0 0 0 0 0 0 0 0 0 0 0 0 0 0 0 0 0 0 0 0 0 0 0 0 0 0 0 0 0 0 0 0 0 0 0 0 0 0 0 0 0 0 0 0 0 0 0 0 0 0 0 0 0 0 0 0 0 1 0 0 0 0 0 0]
[7545430492220592152230232344437377507365063082854112976415679654072207037807102798619743557498943107242739672552236750432854956949317235744670856015019090638112976560614308882265410087591763667876408723257159405217147621566888336020375946744420298507864431345321501599063740441396866759724768433637224240881890611705 0 0 0 0 0 0 0 0 0 0 0 0 0 0 0 0 0 0 0 0 0 0 0 0 0 0 0 0 0 0 0 0 0 0 0 0 0 0 0 0 0 0 0 0 0 0 0 0 0 0 0 0 0 0 0 0 0 0 0 0 0 0 0 0 0 0 0 0 0 0 0 0 0 0 0 0 0 0 0 0 0 0 0 0 0 0 0 0 0 0 0 0 0 0 0 0 0 0 1 0 0 0 0 0]
[7254745763800983667362122528164855144744416705990677531928494411052702987655714335558008920767323870506406082339621983002417153616263441077315773642742391423384019467269083825327118631798199256327757307057196237767077357764971457485130793356061082621704445649015582915837257627094632128826218636877747291340718990405 0 0 0 0 0 0 0 0 0 0 0 0 0 0 0 0 0 0 0 0 0 0 0 0 0 0 0 0 0 0 0 0 0 0 0 0 0 0 0 0 0 0 0 0 0 0 0 0 0 0 0 0 0 0 0 0 0 0 0 0 0 0 0 0 0 0 0 0 0 0 0 0 0 0 0 0 0 0 0 0 0 0 0 0 0 0 0 0 0 0 0 0 0 0 0 0 0 0 0 1 0 0 0 0]
[5943035762923055497155087357136310739314678756470848690599701559654111929351261552375079954002852829498132082743930411613649533662512826610187946660447286717400268514786780972768588024643077145348220852184236066612722849123225024858428952781243471334025526415280722183241723584468433438648116068661123967920952849469 0 0 0 0 0 0 0 0 0 0 0 0 0 0 0 0 0 0 0 0 0 0 0 0 0 0 0 0 0 0 0 0 0 0 0 0 0 0 0 0 0 0 0 0 0 0 0 0 0 0 0 0 0 0 0 0 0 0 0 0 0 0 0 0 0 0 0 0 0 0 0 0 0 0 0 0 0 0 0 0 0 0 0 0 0 0 0 0 0 0 0 0 0 0 0 0 0 0 0 0 1 0 0 0]
[4253582007091168630332381726876013596628269269533575640155720204439988324177202806810269091633217648685695246086718973072358183303752279151918053406186684871654844117588606790819595463711398958945721950636896368131262790884415079149510777617626007802267072967146402625989276076921499286998159038108562115336021564864 0 0 0 0 0 0 0 0 0 0 0 0 0 0 0 0 0 0 0 0 0 0 0 0 0 0 0 0 0 0 0 0 0 0 0 0 0 0 0 0 0 0 0 0 0 0 0 0 0 0 0 0 0 0 0 0 0 0 0 0 0 0 0 0 0 0 0 0 0 0 0 0 0 0 0 0 0 0 0 0 0 0 0 0 0 0 0 0 0 0 0 0 0 0 0 0 0 0 0 0 0 1 0 0]
[4199233062647148478262382864289546341504434636034486660020169282905893007672538723667346706653733957434414483955993172213934135544123211166439800467665330566217514373592814445018359868517778310522446884192317281358695565661614063687089800891016750171002346534849567771896491493984678108080387951310757439223344163200 0 0 0 0 0 0 0 0 0 0 0 0 0 0 0 0 0 0 0 0 0 0 0 0 0 0 0 0 0 0 0 0 0 0 0 0 0 0 0 0 0 0 0 0 0 0 0 0 0 0 0 0 0 0 0 0 0 0 0 0 0 0 0 0 0 0 0 0 0 0 0 0 0 0 0 0 0 0 0 0 0 0 0 0 0 0 0 0 0 0 0 0 0 0 0 0 0 0 0 0 0 0 1 0]
[655514970326948372975232636700476089537992763977126851977197405815030848831084616163312361204063988169043973322058608018375557366285088255186238364516638356302961795327722172310427507978976634240774435385406472459739637907615923493627373855355152785237618796376154544459088498668505058626808948623648554265430352954 0 0 0 0 0 0 0 0 0 0 0 0 0 0 0 0 0 0 0 0 0 0 0 0 0 0 0 0 0 0 0 0 0 0 0 0 0 0 0 0 0 0 0 0 0 0 0 0 0 0 0 0 0 0 0 0 0 0 0 0 0 0 0 0 0 0 0 0 0 0 0 0 0 0 0 0 0 0 0 0 0 0 0 0 0 0 0 0 0 0 0 0 0 0 0 0 0 0 0 0 0 0 0 1]
]
