[[6612685879169315111004041994716785400637695329699089248320338292047070182835372170833496327442467262861548405071885174871194471154245000032958994340383816009093897185014742402308783732256626443951528704624901762813667188404230508165283153686898878142532863812172772723430512015290127 0 0 0 0 0 0 0 0 0 0 0 0 0 0 0 0 0 0 0 0 0 0 0 0 0 0 0 0 0 0 0 0 0 0 0 0 0 0 0 0 0 0 0 0 0 0 0 0 0 0 0 0 0 0 0 0 0 0 0 0 0 0 0 0 0 0 0 0 0 0 0 0 0 0 0 0 0 0 0 0 0 0 0 0 0 0 0 0 0 0 0 0 0]
[3411820922391975274210586129469638888525770483555256273929177000843265404731047378619897160494767997244763316456859468492449522981955475136938468374049578068074748563489724283452757568464004600118964200659460844931872134351988568720277838530592643427581422769978564466197449812691323 1 0 0 0 0 0 0 0 0 0 0 0 0 0 0 0 0 0 0 0 0 0 0 0 0 0 0 0 0 0 0 0 0 0 0 0 0 0 0 0 0 0 0 0 0 0 0 0 0 0 0 0 0 0 0 0 0 0 0 0 0 0 0 0 0 0 0 0 0 0 0 0 0 0 0 0 0 0 0 0 0 0 0 0 0 0 0 0 0 0 0 0 0]
[5303593194018964207693805794480426233880814354117130607048690872217355896221039873195937672688073189383833219660746938872730528000455327259881013198250974608918417305612078105566637579875097257955553842472715068968155338087289016527468168498310710491919499762395957942064885256569469 0 1 0 0 0 0 0 0 0 0 0 0 0 0 0 0 0 0 0 0 0 0 0 0 0 0 0 0 0 0 0 0 0 0 0 0 0 0 0 0 0 0 0 0 0 0 0 0 0 0 0 0 0 0 0 0 0 0 0 0 0 0 0 0 0 0 0 0 0 0 0 0 0 0 0 0 0 0 0 0 0 0 0 0 0 0 0 0 0 0 0 0 0]
[4483271963855491508006369088009178984125329112915042783456078605692228242129084257757828619628250164000870695933403898222385034844625283460151736207886099191135598135895111015308577851984940164776416505286746006802982649451757231411902096036816296893738314494089106242620721372252427 0 0 1 0 0 0 0 0 0 0 0 0 0 0 0 0 0 0 0 0 0 0 0 0 0 0 0 0 0 0 0 0 0 0 0 0 0 0 0 0 0 0 0 0 0 0 0 0 0 0 0 0 0 0 0 0 0 0 0 0 0 0 0 0 0 0 0 0 0 0 0 0 0 0 0 0 0 0 0 0 0 0 0 0 0 0 0 0 0 0 0 0 0]
[3161735921822731214578415453636659393564338649210297995743502106386861989921675107846723645509582775983572436854253000875185724056243377093737265404760297386516089336720629027853795185702289652678879070204213508891143751535768107165915053425538366835803268863643041609777184206754282 0 0 0 1 0 0 0 0 0 0 0 0 0 0 0 0 0 0 0 0 0 0 0 0 0 0 0 0 0 0 0 0 0 0 0 0 0 0 0 0 0 0 0 0 0 0 0 0 0 0 0 0 0 0 0 0 0 0 0 0 0 0 0 0 0 0 0 0 0 0 0 0 0 0 0 0 0 0 0 0 0 0 0 0 0 0 0 0 0 0 0 0 0]
[3027464740061171471545149062830921317610445794032445745484949138689576774859833167082108987502833103726715055344497743995851005650357263608454609997773026192562461675823293388937176240221224917120994747047744570742115562837030415826213319002206957974743370133826987194204838321429512 0 0 0 0 1 0 0 0 0 0 0 0 0 0 0 0 0 0 0 0 0 0 0 0 0 0 0 0 0 0 0 0 0 0 0 0 0 0 0 0 0 0 0 0 0 0 0 0 0 0 0 0 0 0 0 0 0 0 0 0 0 0 0 0 0 0 0 0 0 0 0 0 0 0 0 0 0 0 0 0 0 0 0 0 0 0 0 0 0 0 0 0 0]
[4646511917725043255365052417379227205794947239332092644092476658994795569867160748646074444069644151160088937481080307766637172912965297075763768723509712825241227682358034758874122261235000021911863141553418568079590122821731063062334134400525055265475311998831130330112319956323296 0 0 0 0 0 1 0 0 0 0 0 0 0 0 0 0 0 0 0 0 0 0 0 0 0 0 0 0 0 0 0 0 0 0 0 0 0 0 0 0 0 0 0 0 0 0 0 0 0 0 0 0 0 0 0 0 0 0 0 0 0 0 0 0 0 0 0 0 0 0 0 0 0 0 0 0 0 0 0 0 0 0 0 0 0 0 0 0 0 0 0 0 0]
[1465853215127531923165857309953141713549394853625605940627393566046299502807551891752890282676103911376062659932689960152942544207933550896404401472471765559336001348039651635009343525115785749775710495969403033036370553888915794169034870746176755420322756295416704768415612251163524 0 0 0 0 0 0 1 0 0 0 0 0 0 0 0 0 0 0 0 0 0 0 0 0 0 0 0 0 0 0 0 0 0 0 0 0 0 0 0 0 0 0 0 0 0 0 0 0 0 0 0 0 0 0 0 0 0 0 0 0 0 0 0 0 0 0 0 0 0 0 0 0 0 0 0 0 0 0 0 0 0 0 0 0 0 0 0 0 0 0 0 0 0]
[3531516682284204182253860168265928742873151745862034787722894243079931767204068927134160462954046538969458412225482782757973986550553795597012936590415126626288223012126683897967081333736113573156594226210145082383447269931971812995565880328795491883891426598612708348078070984576302 0 0 0 0 0 0 0 1 0 0 0 0 0 0 0 0 0 0 0 0 0 0 0 0 0 0 0 0 0 0 0 0 0 0 0 0 0 0 0 0 0 0 0 0 0 0 0 0 0 0 0 0 0 0 0 0 0 0 0 0 0 0 0 0 0 0 0 0 0 0 0 0 0 0 0 0 0 0 0 0 0 0 0 0 0 0 0 0 0 0 0 0 0]
[469773640954683771921610280637986304247542894834901079648260014877883378473941790419548671584525748823854328451007327609233508208415354549632817611658111758004339326865596921760223405540391852528667418952720455280123603963749739559871629814119416221319342492354869879759593578051857 0 0 0 0 0 0 0 0 1 0 0 0 0 0 0 0 0 0 0 0 0 0 0 0 0 0 0 0 0 0 0 0 0 0 0 0 0 0 0 0 0 0 0 0 0 0 0 0 0 0 0 0 0 0 0 0 0 0 0 0 0 0 0 0 0 0 0 0 0 0 0 0 0 0 0 0 0 0 0 0 0 0 0 0 0 0 0 0 0 0 0 0 0]
[1046442630703471439022759250629885910578807299792631612115984733523750476568779201535006609604281195784478553071307291212402142240738059607131565722683453000804555977609428087254750716244601790773692062119066499988327959872759537872423626741131979051361480436297052767642329514261314 0 0 0 0 0 0 0 0 0 1 0 0 0 0 0 0 0 0 0 0 0 0 0 0 0 0 0 0 0 0 0 0 0 0 0 0 0 0 0 0 0 0 0 0 0 0 0 0 0 0 0 0 0 0 0 0 0 0 0 0 0 0 0 0 0 0 0 0 0 0 0 0 0 0 0 0 0 0 0 0 0 0 0 0 0 0 0 0 0 0 0 0 0]
[136766104812796162456390956875536260968616502700462502630348444881713647989135725986152099746932792874668561891147964720787022113425573671267903975397678914497983488871900635828214429835984012556037731558731553933743271432367804008188931551340843929758462827482751328841145121676657 0 0 0 0 0 0 0 0 0 0 1 0 0 0 0 0 0 0 0 0 0 0 0 0 0 0 0 0 0 0 0 0 0 0 0 0 0 0 0 0 0 0 0 0 0 0 0 0 0 0 0 0 0 0 0 0 0 0 0 0 0 0 0 0 0 0 0 0 0 0 0 0 0 0 0 0 0 0 0 0 0 0 0 0 0 0 0 0 0 0 0 0 0]
[3560539316931335119030035212727764126249918631541357785265186970612954466342913360851577180961111812436515341352718159993067632515244919709407871864376557837499952558083989634137475164499740060723725880585926076841986131500806183958053667533775367793567106056250014582856965086154063 0 0 0 0 0 0 0 0 0 0 0 1 0 0 0 0 0 0 0 0 0 0 0 0 0 0 0 0 0 0 0 0 0 0 0 0 0 0 0 0 0 0 0 0 0 0 0 0 0 0 0 0 0 0 0 0 0 0 0 0 0 0 0 0 0 0 0 0 0 0 0 0 0 0 0 0 0 0 0 0 0 0 0 0 0 0 0 0 0 0 0 0 0]
[4151140144346633392009137999404236318981835014706788466851549215686238233850048358010459724018953002213827513519244014811089324495789582892434525070722491984038860834310808996143394091274614088503554699025646838099257236317332612091719299989538977941080558896756007180095604340159347 0 0 0 0 0 0 0 0 0 0 0 0 1 0 0 0 0 0 0 0 0 0 0 0 0 0 0 0 0 0 0 0 0 0 0 0 0 0 0 0 0 0 0 0 0 0 0 0 0 0 0 0 0 0 0 0 0 0 0 0 0 0 0 0 0 0 0 0 0 0 0 0 0 0 0 0 0 0 0 0 0 0 0 0 0 0 0 0 0 0 0 0 0]
[1809537319495736905624125327109721786750313833784137879459747220955052696464470231158309587171927606695153563251904440740561011099567271609289781512638946808095242427051688403885223425046988539790824313196933871024045627976011594526012885623494138469588651863552011546287797791677748 0 0 0 0 0 0 0 0 0 0 0 0 0 1 0 0 0 0 0 0 0 0 0 0 0 0 0 0 0 0 0 0 0 0 0 0 0 0 0 0 0 0 0 0 0 0 0 0 0 0 0 0 0 0 0 0 0 0 0 0 0 0 0 0 0 0 0 0 0 0 0 0 0 0 0 0 0 0 0 0 0 0 0 0 0 0 0 0 0 0 0 0 0]
[3848931108231452447426463400067796617014597663244594897515506645315516683177393232575494177075598047550244003653542334961528758783270473672504737101178517636698801214391158602866138519652635190422962659612318796607874473859342495375700291621313927381137703515980115654236888999636376 0 0 0 0 0 0 0 0 0 0 0 0 0 0 1 0 0 0 0 0 0 0 0 0 0 0 0 0 0 0 0 0 0 0 0 0 0 0 0 0 0 0 0 0 0 0 0 0 0 0 0 0 0 0 0 0 0 0 0 0 0 0 0 0 0 0 0 0 0 0 0 0 0 0 0 0 0 0 0 0 0 0 0 0 0 0 0 0 0 0 0 0 0]
[5335451600451208750420558653515740822801087726697714524879346951526277918059264044133156403864339773505827135415494553411875370834010159746241594233573762814990844780527141400152082207997966411098957311041975176461310950721417708005732519965575248715003922787339906173619883482994568 0 0 0 0 0 0 0 0 0 0 0 0 0 0 0 1 0 0 0 0 0 0 0 0 0 0 0 0 0 0 0 0 0 0 0 0 0 0 0 0 0 0 0 0 0 0 0 0 0 0 0 0 0 0 0 0 0 0 0 0 0 0 0 0 0 0 0 0 0 0 0 0 0 0 0 0 0 0 0 0 0 0 0 0 0 0 0 0 0 0 0 0 0]
[3192330765594358221387547264583236372174605855732149731003397259044069718793274319852497913044889493266595471072739761658751006112085346575345530466246440760948226039924768207194389070272837933912875168561697059748342775046493202840442136029160952062240326591471998859305357676649296 0 0 0 0 0 0 0 0 0 0 0 0 0 0 0 0 1 0 0 0 0 0 0 0 0 0 0 0 0 0 0 0 0 0 0 0 0 0 0 0 0 0 0 0 0 0 0 0 0 0 0 0 0 0 0 0 0 0 0 0 0 0 0 0 0 0 0 0 0 0 0 0 0 0 0 0 0 0 0 0 0 0 0 0 0 0 0 0 0 0 0 0 0]
[5757042100585710249940210326079032416221278823584864732865418929171741721047793091996193666275950139526428384906619922113460442866725302540446650393890623084383611468076957731774772997028560392050021385134349879898901378741891185056240688105006378848084860950155811857294390238643248 0 0 0 0 0 0 0 0 0 0 0 0 0 0 0 0 0 1 0 0 0 0 0 0 0 0 0 0 0 0 0 0 0 0 0 0 0 0 0 0 0 0 0 0 0 0 0 0 0 0 0 0 0 0 0 0 0 0 0 0 0 0 0 0 0 0 0 0 0 0 0 0 0 0 0 0 0 0 0 0 0 0 0 0 0 0 0 0 0 0 0 0 0]
[1670959874200124612755767936581863534902136694777604767225212518488858063112409981695379161980088848365689370612503422934022556604248177126440048972965979918834386812700458675038122023186872657609337519226604254684102179440049053037022720299430627712207110680025916229550360518964443 0 0 0 0 0 0 0 0 0 0 0 0 0 0 0 0 0 0 1 0 0 0 0 0 0 0 0 0 0 0 0 0 0 0 0 0 0 0 0 0 0 0 0 0 0 0 0 0 0 0 0 0 0 0 0 0 0 0 0 0 0 0 0 0 0 0 0 0 0 0 0 0 0 0 0 0 0 0 0 0 0 0 0 0 0 0 0 0 0 0 0 0 0]
[478039382964251729484523398521532013603043100146300226137272563660100953990194026261592153953284516077482613447859309389272395958746090122131319454109046212623169112727792430756994023273562172716730512879821631511288700387234532094148148072484436461148069505847503142614178984282207 0 0 0 0 0 0 0 0 0 0 0 0 0 0 0 0 0 0 0 1 0 0 0 0 0 0 0 0 0 0 0 0 0 0 0 0 0 0 0 0 0 0 0 0 0 0 0 0 0 0 0 0 0 0 0 0 0 0 0 0 0 0 0 0 0 0 0 0 0 0 0 0 0 0 0 0 0 0 0 0 0 0 0 0 0 0 0 0 0 0 0 0 0]
[4012649830044692267744986872479616099485313771616142535925931208429504416000131404548463331872638616372051770222486494537635550194383042172923995371319173827141451573504052469914477161269767188497873037115817389786552570259545538522831398305414882912930145935306500138353149138210133 0 0 0 0 0 0 0 0 0 0 0 0 0 0 0 0 0 0 0 0 1 0 0 0 0 0 0 0 0 0 0 0 0 0 0 0 0 0 0 0 0 0 0 0 0 0 0 0 0 0 0 0 0 0 0 0 0 0 0 0 0 0 0 0 0 0 0 0 0 0 0 0 0 0 0 0 0 0 0 0 0 0 0 0 0 0 0 0 0 0 0 0 0]
[2582705304970623321481807471246004956646872801309734126790147756382069321809183832349983219465134035434168443738751537077693860291789820664378893145647293012503392656551529648275878018819365760175298147752713321764126972529558151426066498688972495846148699309076898287324881302021683 0 0 0 0 0 0 0 0 0 0 0 0 0 0 0 0 0 0 0 0 0 1 0 0 0 0 0 0 0 0 0 0 0 0 0 0 0 0 0 0 0 0 0 0 0 0 0 0 0 0 0 0 0 0 0 0 0 0 0 0 0 0 0 0 0 0 0 0 0 0 0 0 0 0 0 0 0 0 0 0 0 0 0 0 0 0 0 0 0 0 0 0 0]
[1178438046742002997304940449255436579531927384408263710686812386918076187001372430505123791815706539347968441822727790156906931594673370371523024797186747411323092304547061524269303710710106079827398275295312073405417743861555212130515833068797180105523530566830786180398011439337480 0 0 0 0 0 0 0 0 0 0 0 0 0 0 0 0 0 0 0 0 0 0 1 0 0 0 0 0 0 0 0 0 0 0 0 0 0 0 0 0 0 0 0 0 0 0 0 0 0 0 0 0 0 0 0 0 0 0 0 0 0 0 0 0 0 0 0 0 0 0 0 0 0 0 0 0 0 0 0 0 0 0 0 0 0 0 0 0 0 0 0 0 0]
[4052262624584096356060868904974650631151336421143394342112594230139075437885899937068583032308405363071623712739895901887143925651543618945085947096594681333400265256487835433879282902211265916687408053946943013345984812830361981470607273473457821347107785884916659427333749744351256 0 0 0 0 0 0 0 0 0 0 0 0 0 0 0 0 0 0 0 0 0 0 0 1 0 0 0 0 0 0 0 0 0 0 0 0 0 0 0 0 0 0 0 0 0 0 0 0 0 0 0 0 0 0 0 0 0 0 0 0 0 0 0 0 0 0 0 0 0 0 0 0 0 0 0 0 0 0 0 0 0 0 0 0 0 0 0 0 0 0 0 0 0]
[4703074517151421939628948488213043814783560882378493139370006539719895132190603686615483945732931908770672286556587009055369045370994943780792511170463560575287786191997413148662979573849213064884848125808629512758032069420671351737503043443818746538865335247290562398715273570565209 0 0 0 0 0 0 0 0 0 0 0 0 0 0 0 0 0 0 0 0 0 0 0 0 1 0 0 0 0 0 0 0 0 0 0 0 0 0 0 0 0 0 0 0 0 0 0 0 0 0 0 0 0 0 0 0 0 0 0 0 0 0 0 0 0 0 0 0 0 0 0 0 0 0 0 0 0 0 0 0 0 0 0 0 0 0 0 0 0 0 0 0 0]
[2391960413452495052678583917776561530042138015464844960150704767736820163142103757758630178615380968050434981353912259266340933279792971190741089683559587786973156322964802623589824155794955296288768745184341480147465730318260620446827371754416303244010019912706672952980690410923664 0 0 0 0 0 0 0 0 0 0 0 0 0 0 0 0 0 0 0 0 0 0 0 0 0 1 0 0 0 0 0 0 0 0 0 0 0 0 0 0 0 0 0 0 0 0 0 0 0 0 0 0 0 0 0 0 0 0 0 0 0 0 0 0 0 0 0 0 0 0 0 0 0 0 0 0 0 0 0 0 0 0 0 0 0 0 0 0 0 0 0 0 0]
[1254764772343569236787650427461020856076341718453862461900039514555164409433424537569621976826041545717581815246854813348929851691501893818160912426190716108039832378137124447619726166815336425386197766792954991166359815466656016949871784712069604036277688655809864782272148230183204 0 0 0 0 0 0 0 0 0 0 0 0 0 0 0 0 0 0 0 0 0 0 0 0 0 0 1 0 0 0 0 0 0 0 0 0 0 0 0 0 0 0 0 0 0 0 0 0 0 0 0 0 0 0 0 0 0 0 0 0 0 0 0 0 0 0 0 0 0 0 0 0 0 0 0 0 0 0 0 0 0 0 0 0 0 0 0 0 0 0 0 0 0]
[6446875110075649616475785492091560560230464229959776317117248396473014816225654491299764446457394886032133594178396039948789087433498615190454321008635798324936149514970680844215983400063250547983440104075641977488824208977699426763475336299632349953567449161842818341826703703332763 0 0 0 0 0 0 0 0 0 0 0 0 0 0 0 0 0 0 0 0 0 0 0 0 0 0 0 1 0 0 0 0 0 0 0 0 0 0 0 0 0 0 0 0 0 0 0 0 0 0 0 0 0 0 0 0 0 0 0 0 0 0 0 0 0 0 0 0 0 0 0 0 0 0 0 0 0 0 0 0 0 0 0 0 0 0 0 0 0 0 0 0 0]
[4133287967000025761308169311420547372731752119695193608176356148429282218730088288708173220530549763306867099432779500302976354963018231999283747270961069881117249234710629519487162337647627000580552843560319426060244284851219994981745796878294845432559355584776713503827807524776245 0 0 0 0 0 0 0 0 0 0 0 0 0 0 0 0 0 0 0 0 0 0 0 0 0 0 0 0 1 0 0 0 0 0 0 0 0 0 0 0 0 0 0 0 0 0 0 0 0 0 0 0 0 0 0 0 0 0 0 0 0 0 0 0 0 0 0 0 0 0 0 0 0 0 0 0 0 0 0 0 0 0 0 0 0 0 0 0 0 0 0 0 0]
[5097523970367150658860960060708292009656448226238940937329425632516592693486763126565355795566832089373612305772028776703017109313035999538600078822118121308987571989284832099377359056766710034563105406779241788260930237766781131554547000241553127890990413626457429333384895527635951 0 0 0 0 0 0 0 0 0 0 0 0 0 0 0 0 0 0 0 0 0 0 0 0 0 0 0 0 0 1 0 0 0 0 0 0 0 0 0 0 0 0 0 0 0 0 0 0 0 0 0 0 0 0 0 0 0 0 0 0 0 0 0 0 0 0 0 0 0 0 0 0 0 0 0 0 0 0 0 0 0 0 0 0 0 0 0 0 0 0 0 0 0]
[4936790755466621588725205509623981666041811145812801642205401952854909846756800554173984985368103642865740605450738950762503810958702368302420236652482027859504191951897948506060538607983783849584265662765599138816726236424056581550904468118791143476339862624290356526924664794299765 0 0 0 0 0 0 0 0 0 0 0 0 0 0 0 0 0 0 0 0 0 0 0 0 0 0 0 0 0 0 1 0 0 0 0 0 0 0 0 0 0 0 0 0 0 0 0 0 0 0 0 0 0 0 0 0 0 0 0 0 0 0 0 0 0 0 0 0 0 0 0 0 0 0 0 0 0 0 0 0 0 0 0 0 0 0 0 0 0 0 0 0 0]
[4787769031478660831291964389326997030524571841595802161188308328120428282275718404831300686339935255463204062381400811868075751572861284254211010978596481710450635125389470083485828988070768243797326007101917780508601251084116135394161360731545852640070031581353571782270102523981095 0 0 0 0 0 0 0 0 0 0 0 0 0 0 0 0 0 0 0 0 0 0 0 0 0 0 0 0 0 0 0 1 0 0 0 0 0 0 0 0 0 0 0 0 0 0 0 0 0 0 0 0 0 0 0 0 0 0 0 0 0 0 0 0 0 0 0 0 0 0 0 0 0 0 0 0 0 0 0 0 0 0 0 0 0 0 0 0 0 0 0 0 0]
[6276940469751959015855798902623792553719370286810678053271320646621984676183519683981679837319016374517402366471981702317435035233822481876542974784833217077872448528371827690998423938708281918573224477398196317579348209383085975335042921767985532601147828925310940709267337185859858 0 0 0 0 0 0 0 0 0 0 0 0 0 0 0 0 0 0 0 0 0 0 0 0 0 0 0 0 0 0 0 0 1 0 0 0 0 0 0 0 0 0 0 0 0 0 0 0 0 0 0 0 0 0 0 0 0 0 0 0 0 0 0 0 0 0 0 0 0 0 0 0 0 0 0 0 0 0 0 0 0 0 0 0 0 0 0 0 0 0 0 0 0]
[5831348679984648302808984338348322590435798941758087571594888369009232993993853252912308835513732495763483319997573853063138226104825335954465977552603340753207939247949656157399200448984515790119386247249480488996394973880294680315870821932742537644078136510575046265604408997220018 0 0 0 0 0 0 0 0 0 0 0 0 0 0 0 0 0 0 0 0 0 0 0 0 0 0 0 0 0 0 0 0 0 1 0 0 0 0 0 0 0 0 0 0 0 0 0 0 0 0 0 0 0 0 0 0 0 0 0 0 0 0 0 0 0 0 0 0 0 0 0 0 0 0 0 0 0 0 0 0 0 0 0 0 0 0 0 0 0 0 0 0 0]
[593624092673671704737223648218071063647455340906423322137922543812485860524982747177770819618590855842915867978712832076750104362160185551990694660509620880846774440808331178299466148290279992999674733082521201900017737766837493405793986287496238960428073281220889053874394823582641 0 0 0 0 0 0 0 0 0 0 0 0 0 0 0 0 0 0 0 0 0 0 0 0 0 0 0 0 0 0 0 0 0 0 1 0 0 0 0 0 0 0 0 0 0 0 0 0 0 0 0 0 0 0 0 0 0 0 0 0 0 0 0 0 0 0 0 0 0 0 0 0 0 0 0 0 0 0 0 0 0 0 0 0 0 0 0 0 0 0 0 0 0]
[3966785260237380117269410462851216306710762912536231144896732438545747730573500626293312893345551228121838087409182682788972860804322558300805549287426364219214211351934129569678615946663299862407850667651610090739925031490356371979659887361123048391156890611119772040988746275089496 0 0 0 0 0 0 0 0 0 0 0 0 0 0 0 0 0 0 0 0 0 0 0 0 0 0 0 0 0 0 0 0 0 0 0 1 0 0 0 0 0 0 0 0 0 0 0 0 0 0 0 0 0 0 0 0 0 0 0 0 0 0 0 0 0 0 0 0 0 0 0 0 0 0 0 0 0 0 0 0 0 0 0 0 0 0 0 0 0 0 0 0 0]
[5818882720830488467971227621224916672860523073419204589975016425964472044683904252716076577800988077273103321735257826254665531200577022325868574957435788541282807228488839979493067058324503055894424691320287076759710633589371978529024135936281975130871380371516723598439563665568642 0 0 0 0 0 0 0 0 0 0 0 0 0 0 0 0 0 0 0 0 0 0 0 0 0 0 0 0 0 0 0 0 0 0 0 0 1 0 0 0 0 0 0 0 0 0 0 0 0 0 0 0 0 0 0 0 0 0 0 0 0 0 0 0 0 0 0 0 0 0 0 0 0 0 0 0 0 0 0 0 0 0 0 0 0 0 0 0 0 0 0 0 0]
[53928834468492383457665800663301436448016599160706435776956951378417010622801035158698041552797458083510063906668222247267735808801996941014858850648454021511576318770840849856127181619715023876747701567110387008985693500307032733880978687634974451724625961624535279074784395309991 0 0 0 0 0 0 0 0 0 0 0 0 0 0 0 0 0 0 0 0 0 0 0 0 0 0 0 0 0 0 0 0 0 0 0 0 0 1 0 0 0 0 0 0 0 0 0 0 0 0 0 0 0 0 0 0 0 0 0 0 0 0 0 0 0 0 0 0 0 0 0 0 0 0 0 0 0 0 0 0 0 0 0 0 0 0 0 0 0 0 0 0 0]
[1483603801739041311571554452524018268346209871997627447177376899302881004343383092355874424045904358766625086912979582637644828837101694332405468137498838020590262584817913858671231142615518275890351455112737728619469220437160873894784732727269476021310160402670393990115216807160838 0 0 0 0 0 0 0 0 0 0 0 0 0 0 0 0 0 0 0 0 0 0 0 0 0 0 0 0 0 0 0 0 0 0 0 0 0 0 1 0 0 0 0 0 0 0 0 0 0 0 0 0 0 0 0 0 0 0 0 0 0 0 0 0 0 0 0 0 0 0 0 0 0 0 0 0 0 0 0 0 0 0 0 0 0 0 0 0 0 0 0 0 0]
[2778135118507485780809295760917910439840234470818293954839458231288716192007561299043338862277118367763195246626880897459449369370873645530092065126920345866802673734387472138574417730676127695091738416887517074231160166287998157296967568455309091589607828224792416774726909711304871 0 0 0 0 0 0 0 0 0 0 0 0 0 0 0 0 0 0 0 0 0 0 0 0 0 0 0 0 0 0 0 0 0 0 0 0 0 0 0 1 0 0 0 0 0 0 0 0 0 0 0 0 0 0 0 0 0 0 0 0 0 0 0 0 0 0 0 0 0 0 0 0 0 0 0 0 0 0 0 0 0 0 0 0 0 0 0 0 0 0 0 0 0]
[1014106643250563330211029556047976600262570439135014351973970645268728943051707006960000459414237329500993963327526173641808119341063142187342388350169293261182256619877616265276522927881086320806271462411926079901730316688655473320596504924397199581408794279856062723166061205692144 0 0 0 0 0 0 0 0 0 0 0 0 0 0 0 0 0 0 0 0 0 0 0 0 0 0 0 0 0 0 0 0 0 0 0 0 0 0 0 0 1 0 0 0 0 0 0 0 0 0 0 0 0 0 0 0 0 0 0 0 0 0 0 0 0 0 0 0 0 0 0 0 0 0 0 0 0 0 0 0 0 0 0 0 0 0 0 0 0 0 0 0 0]
[146047410837978385599615968733307815360633392457329441193204254769656513798673122391337747999465662745066792110298325292835219677569434472956902049113314336826639890781053531231902526506598715919677425414350502645722510029401003227665642797985430221545087831026659820691511866213205 0 0 0 0 0 0 0 0 0 0 0 0 0 0 0 0 0 0 0 0 0 0 0 0 0 0 0 0 0 0 0 0 0 0 0 0 0 0 0 0 0 1 0 0 0 0 0 0 0 0 0 0 0 0 0 0 0 0 0 0 0 0 0 0 0 0 0 0 0 0 0 0 0 0 0 0 0 0 0 0 0 0 0 0 0 0 0 0 0 0 0 0 0]
[6219324685879420911070716502320615672856607993623208194782713685174794730966097764328554552483637455831645689637331499404825776209064389544642429839052202192335751147795022602564515034535286229594653198415726419427288711138158948972749520513889246999016082475484355939941635529027487 0 0 0 0 0 0 0 0 0 0 0 0 0 0 0 0 0 0 0 0 0 0 0 0 0 0 0 0 0 0 0 0 0 0 0 0 0 0 0 0 0 0 1 0 0 0 0 0 0 0 0 0 0 0 0 0 0 0 0 0 0 0 0 0 0 0 0 0 0 0 0 0 0 0 0 0 0 0 0 0 0 0 0 0 0 0 0 0 0 0 0 0 0]
[1880939742873871868259463503347664173748432715998421394843364810430208887345155491201931188856617471728431445740993449699012112285736820685085699929598386823426921309809623667539477572021522540906113751289817613194497177264915617107798431754272573330961504108380135580558417771714394 0 0 0 0 0 0 0 0 0 0 0 0 0 0 0 0 0 0 0 0 0 0 0 0 0 0 0 0 0 0 0 0 0 0 0 0 0 0 0 0 0 0 0 1 0 0 0 0 0 0 0 0 0 0 0 0 0 0 0 0 0 0 0 0 0 0 0 0 0 0 0 0 0 0 0 0 0 0 0 0 0 0 0 0 0 0 0 0 0 0 0 0 0]
[3998032936417944186146738524247203280800314109524400239740087651217458353347310343405178913410680570035670181850507725938434636072553747640468136564590155169495638621049949974248896490326981633510009145167918037778326301284497867078424883570536181988804986625230323517625827214418122 0 0 0 0 0 0 0 0 0 0 0 0 0 0 0 0 0 0 0 0 0 0 0 0 0 0 0 0 0 0 0 0 0 0 0 0 0 0 0 0 0 0 0 0 1 0 0 0 0 0 0 0 0 0 0 0 0 0 0 0 0 0 0 0 0 0 0 0 0 0 0 0 0 0 0 0 0 0 0 0 0 0 0 0 0 0 0 0 0 0 0 0 0]
[3775890905589816537412800036591497562265236818071935500166865248620932956998802553416347032754063827474774925762677449089904674292686508582864588265762592953136802056003348884590656142286032958231625584088180985933265959072131215085918937096416788358155302217950166234356530085627499 0 0 0 0 0 0 0 0 0 0 0 0 0 0 0 0 0 0 0 0 0 0 0 0 0 0 0 0 0 0 0 0 0 0 0 0 0 0 0 0 0 0 0 0 0 1 0 0 0 0 0 0 0 0 0 0 0 0 0 0 0 0 0 0 0 0 0 0 0 0 0 0 0 0 0 0 0 0 0 0 0 0 0 0 0 0 0 0 0 0 0 0 0]
[786000740327860538940281363571787108916519716215054812408264434141156654311675340541937278835503096539525594843352150274577873036931079742930391681782017903634949769712638246507436143942659769893429158317144889142729622395506156411795025661712901669678542854785888941964659252585939 0 0 0 0 0 0 0 0 0 0 0 0 0 0 0 0 0 0 0 0 0 0 0 0 0 0 0 0 0 0 0 0 0 0 0 0 0 0 0 0 0 0 0 0 0 0 1 0 0 0 0 0 0 0 0 0 0 0 0 0 0 0 0 0 0 0 0 0 0 0 0 0 0 0 0 0 0 0 0 0 0 0 0 0 0 0 0 0 0 0 0 0 0]
[2673716839590759293694621765037632802725251226317390200613942246621546786407386192850285767151299874961462962245127957498422214979043138460294780548789024457332966877580656973303052592401710051786817120023404975680537776436762637989157620370903521635968960051811201197872714676402600 0 0 0 0 0 0 0 0 0 0 0 0 0 0 0 0 0 0 0 0 0 0 0 0 0 0 0 0 0 0 0 0 0 0 0 0 0 0 0 0 0 0 0 0 0 0 0 1 0 0 0 0 0 0 0 0 0 0 0 0 0 0 0 0 0 0 0 0 0 0 0 0 0 0 0 0 0 0 0 0 0 0 0 0 0 0 0 0 0 0 0 0 0]
[2054654351271660945347074171479092881643167625181160746641326337736818337749100387063092500564707940486785732175980673014055763884222998712415123190648437006300929909159976866754532263036837066091506847220131051208657312438120888813487552028391809416680865732601432150460669890987033 0 0 0 0 0 0 0 0 0 0 0 0 0 0 0 0 0 0 0 0 0 0 0 0 0 0 0 0 0 0 0 0 0 0 0 0 0 0 0 0 0 0 0 0 0 0 0 0 1 0 0 0 0 0 0 0 0 0 0 0 0 0 0 0 0 0 0 0 0 0 0 0 0 0 0 0 0 0 0 0 0 0 0 0 0 0 0 0 0 0 0 0 0]
[1156752176280571232477302512416009482726423536117106834118641883312586366262178895631916750840257455955216502117014409440885518340682073327189905492556361549900594965752053423664695949208503877660398467240500829280442550058625993198327677872848792293672255811640973368101612501616660 0 0 0 0 0 0 0 0 0 0 0 0 0 0 0 0 0 0 0 0 0 0 0 0 0 0 0 0 0 0 0 0 0 0 0 0 0 0 0 0 0 0 0 0 0 0 0 0 0 1 0 0 0 0 0 0 0 0 0 0 0 0 0 0 0 0 0 0 0 0 0 0 0 0 0 0 0 0 0 0 0 0 0 0 0 0 0 0 0 0 0 0 0]
[4002929652654618995163101582947534996874507483297346963834855615103611912697187812203062799552689846132082083115552982494851588696093291876063226640903271050335951750449557997518114329478389626142831354633074239793848713562177922610530701381660304639998196566220356017446581975160249 0 0 0 0 0 0 0 0 0 0 0 0 0 0 0 0 0 0 0 0 0 0 0 0 0 0 0 0 0 0 0 0 0 0 0 0 0 0 0 0 0 0 0 0 0 0 0 0 0 0 1 0 0 0 0 0 0 0 0 0 0 0 0 0 0 0 0 0 0 0 0 0 0 0 0 0 0 0 0 0 0 0 0 0 0 0 0 0 0 0 0 0 0]
[6022026095057688496951728546912313721893434375700867013402451990983961946405924898429400633057774767329882625782388145883590108679057671079091962611113913095359133380322613290499215008845661642387110257671637209097880250863773703741317037595909215679778398886316152002794460370236154 0 0 0 0 0 0 0 0 0 0 0 0 0 0 0 0 0 0 0 0 0 0 0 0 0 0 0 0 0 0 0 0 0 0 0 0 0 0 0 0 0 0 0 0 0 0 0 0 0 0 0 1 0 0 0 0 0 0 0 0 0 0 0 0 0 0 0 0 0 0 0 0 0 0 0 0 0 0 0 0 0 0 0 0 0 0 0 0 0 0 0 0 0]
[3370934168953556018291775778171252566296834844718107490670753879257676495955864194793096608594975158449847676398474554401755563551527373530780590743717012382316175013439525784884536913672729691747472524656914712005942357694886669446967268510506562690243609414353309827319983747022248 0 0 0 0 0 0 0 0 0 0 0 0 0 0 0 0 0 0 0 0 0 0 0 0 0 0 0 0 0 0 0 0 0 0 0 0 0 0 0 0 0 0 0 0 0 0 0 0 0 0 0 0 1 0 0 0 0 0 0 0 0 0 0 0 0 0 0 0 0 0 0 0 0 0 0 0 0 0 0 0 0 0 0 0 0 0 0 0 0 0 0 0 0]
[2174908011478204749104891199015202776746191557783322690577839857914557165117852372468652229538025920903183337718063759288666528207321423397986534724502523837049490752828890485467378709096816360831838847878402341901785923513690262080617758715152876206001277827466981990045249840746517 0 0 0 0 0 0 0 0 0 0 0 0 0 0 0 0 0 0 0 0 0 0 0 0 0 0 0 0 0 0 0 0 0 0 0 0 0 0 0 0 0 0 0 0 0 0 0 0 0 0 0 0 0 1 0 0 0 0 0 0 0 0 0 0 0 0 0 0 0 0 0 0 0 0 0 0 0 0 0 0 0 0 0 0 0 0 0 0 0 0 0 0 0]
[3111402729783164997376132619203320488612990776971926380602355145207885151436810951882241170679053786269996316455609216675159225350131886475821114942114204311672579875505417982248025824774028534025259916649536120132489610755631217282567245950003653085014301078284939359616461578666274 0 0 0 0 0 0 0 0 0 0 0 0 0 0 0 0 0 0 0 0 0 0 0 0 0 0 0 0 0 0 0 0 0 0 0 0 0 0 0 0 0 0 0 0 0 0 0 0 0 0 0 0 0 0 1 0 0 0 0 0 0 0 0 0 0 0 0 0 0 0 0 0 0 0 0 0 0 0 0 0 0 0 0 0 0 0 0 0 0 0 0 0 0]
[2227567165179668594196282628908862110948587013468896801076468546502820703032083805275880864832526897941037900578599168625535079740404919322389409551258256473244102617316200291867958732807068567084716059031351412204416161305504739137585558649827165413498212569230696473298853892969455 0 0 0 0 0 0 0 0 0 0 0 0 0 0 0 0 0 0 0 0 0 0 0 0 0 0 0 0 0 0 0 0 0 0 0 0 0 0 0 0 0 0 0 0 0 0 0 0 0 0 0 0 0 0 0 1 0 0 0 0 0 0 0 0 0 0 0 0 0 0 0 0 0 0 0 0 0 0 0 0 0 0 0 0 0 0 0 0 0 0 0 0 0]
[6091216461538726483248892619293908103771345717343249767645539497076883925870864115744285660493935493004121826203699191068868142682533520469093458257458096202521995199542840135991260105294206117627183108376631397794141631476912423560012054506469373731762118137294549176088809529291699 0 0 0 0 0 0 0 0 0 0 0 0 0 0 0 0 0 0 0 0 0 0 0 0 0 0 0 0 0 0 0 0 0 0 0 0 0 0 0 0 0 0 0 0 0 0 0 0 0 0 0 0 0 0 0 0 1 0 0 0 0 0 0 0 0 0 0 0 0 0 0 0 0 0 0 0 0 0 0 0 0 0 0 0 0 0 0 0 0 0 0 0 0]
[634719045578914277011407142013923090204392920364262126680876958372619313010497619109111889062921252412454338041141565098851899688328264409559184597225093231902688973715985423675056092202105786495816253610864140669240093119568100146710307118041344388317678676162433604442186540262031 0 0 0 0 0 0 0 0 0 0 0 0 0 0 0 0 0 0 0 0 0 0 0 0 0 0 0 0 0 0 0 0 0 0 0 0 0 0 0 0 0 0 0 0 0 0 0 0 0 0 0 0 0 0 0 0 0 1 0 0 0 0 0 0 0 0 0 0 0 0 0 0 0 0 0 0 0 0 0 0 0 0 0 0 0 0 0 0 0 0 0 0 0]
[5823809090808390309707495311249386353100042179546620773378493178563434272062883859568201474386438051049169606984206863744858999326109176462086079351098207452863866082544203039302187980385412575832111764405405904944120702579905884682222092761219082954492717974374547345679526075347231 0 0 0 0 0 0 0 0 0 0 0 0 0 0 0 0 0 0 0 0 0 0 0 0 0 0 0 0 0 0 0 0 0 0 0 0 0 0 0 0 0 0 0 0 0 0 0 0 0 0 0 0 0 0 0 0 0 0 1 0 0 0 0 0 0 0 0 0 0 0 0 0 0 0 0 0 0 0 0 0 0 0 0 0 0 0 0 0 0 0 0 0 0]
[5326157321129465212378405550967599248334236515879935079996406388421841937115228563508427262965040651383087406968541166923051261136685728185656538530672300329574990687039692914965890987495772843127566771519536954282138620409780039337666518866148751673543400129320721193712043810225500 0 0 0 0 0 0 0 0 0 0 0 0 0 0 0 0 0 0 0 0 0 0 0 0 0 0 0 0 0 0 0 0 0 0 0 0 0 0 0 0 0 0 0 0 0 0 0 0 0 0 0 0 0 0 0 0 0 0 0 1 0 0 0 0 0 0 0 0 0 0 0 0 0 0 0 0 0 0 0 0 0 0 0 0 0 0 0 0 0 0 0 0 0]
[5684767020563670975432545155614662427951638750019537564289176805347196329096931444797709106144233604015140848413490012509503177217921883758313184936038646406330799924110484800457323171376944830432007159858811948585012744547282509542021875360145978534948403700890285015957966386661660 0 0 0 0 0 0 0 0 0 0 0 0 0 0 0 0 0 0 0 0 0 0 0 0 0 0 0 0 0 0 0 0 0 0 0 0 0 0 0 0 0 0 0 0 0 0 0 0 0 0 0 0 0 0 0 0 0 0 0 0 1 0 0 0 0 0 0 0 0 0 0 0 0 0 0 0 0 0 0 0 0 0 0 0 0 0 0 0 0 0 0 0 0]
[4077690347201967099533636283982202686026199162804488336153177073408295653364812027250831183172058439058804983594949900481062771409403803487743339167968280751803186970113785162711438168945256821790963767084621068490321719448004738094481165266331793928450956950371611550896845407248686 0 0 0 0 0 0 0 0 0 0 0 0 0 0 0 0 0 0 0 0 0 0 0 0 0 0 0 0 0 0 0 0 0 0 0 0 0 0 0 0 0 0 0 0 0 0 0 0 0 0 0 0 0 0 0 0 0 0 0 0 0 1 0 0 0 0 0 0 0 0 0 0 0 0 0 0 0 0 0 0 0 0 0 0 0 0 0 0 0 0 0 0 0]
[1588062259432147216382556474572589490974627657227057974061838035285544563934096513747945468574463294761729140963909745055658853838396121108698762920355125095383111017142584578887556035841252655195852892414399055798319709627294746339452858945950342274607109432179154588535539855558363 0 0 0 0 0 0 0 0 0 0 0 0 0 0 0 0 0 0 0 0 0 0 0 0 0 0 0 0 0 0 0 0 0 0 0 0 0 0 0 0 0 0 0 0 0 0 0 0 0 0 0 0 0 0 0 0 0 0 0 0 0 0 1 0 0 0 0 0 0 0 0 0 0 0 0 0 0 0 0 0 0 0 0 0 0 0 0 0 0 0 0 0 0]
[3118185215206298823321765926107838145806113444287752655675097965407030729120213208741349238157749612325182319333930743439355905156652282829889005961393107708291280915192280305989025662343298734581524984732179853236592320978019647741531252033766579470585959869843000679665412279080733 0 0 0 0 0 0 0 0 0 0 0 0 0 0 0 0 0 0 0 0 0 0 0 0 0 0 0 0 0 0 0 0 0 0 0 0 0 0 0 0 0 0 0 0 0 0 0 0 0 0 0 0 0 0 0 0 0 0 0 0 0 0 0 1 0 0 0 0 0 0 0 0 0 0 0 0 0 0 0 0 0 0 0 0 0 0 0 0 0 0 0 0 0]
[1456900599879962573406911471672544928794683722605208860773457680701537863804445771697796808849112647635720663934214959161568087395328474201385625173286968412246109165801512679902564709440355823159657721182278195551689714019855868203365238882170276696003356372986880684289012652559160 0 0 0 0 0 0 0 0 0 0 0 0 0 0 0 0 0 0 0 0 0 0 0 0 0 0 0 0 0 0 0 0 0 0 0 0 0 0 0 0 0 0 0 0 0 0 0 0 0 0 0 0 0 0 0 0 0 0 0 0 0 0 0 0 1 0 0 0 0 0 0 0 0 0 0 0 0 0 0 0 0 0 0 0 0 0 0 0 0 0 0 0 0]
[4277061163968352463011405944333162713692609240200733723059425040302020581210814520621882788706429633489653570596475033489949300384596875615151082451162517643576862635059124851829603744856471625464423365065986721646671577298882859335239151483862046508021409831736688361930735929533077 0 0 0 0 0 0 0 0 0 0 0 0 0 0 0 0 0 0 0 0 0 0 0 0 0 0 0 0 0 0 0 0 0 0 0 0 0 0 0 0 0 0 0 0 0 0 0 0 0 0 0 0 0 0 0 0 0 0 0 0 0 0 0 0 0 1 0 0 0 0 0 0 0 0 0 0 0 0 0 0 0 0 0 0 0 0 0 0 0 0 0 0 0]
[1781843210209134036705663384310814243866294772289406009233268988182194737051430062247103416495850953885887016178682660267834114584923529470420911403030830589357445065088747999479761425867263508147518319713800693507832703067081152275766692278717934661817539524844814735935463097111638 0 0 0 0 0 0 0 0 0 0 0 0 0 0 0 0 0 0 0 0 0 0 0 0 0 0 0 0 0 0 0 0 0 0 0 0 0 0 0 0 0 0 0 0 0 0 0 0 0 0 0 0 0 0 0 0 0 0 0 0 0 0 0 0 0 0 1 0 0 0 0 0 0 0 0 0 0 0 0 0 0 0 0 0 0 0 0 0 0 0 0 0 0]
[4326876803177941969196194231230323154363693905966734537898607387026153265027085973845644827588901706519881326325380614119721069696514972089901783902237517639107758734435978239618050419555670706652604877070557971583168137561856521577481559497111409019107193498525465225907160744425442 0 0 0 0 0 0 0 0 0 0 0 0 0 0 0 0 0 0 0 0 0 0 0 0 0 0 0 0 0 0 0 0 0 0 0 0 0 0 0 0 0 0 0 0 0 0 0 0 0 0 0 0 0 0 0 0 0 0 0 0 0 0 0 0 0 0 0 1 0 0 0 0 0 0 0 0 0 0 0 0 0 0 0 0 0 0 0 0 0 0 0 0 0]
[903578288479784714490736880330948727940820339339620272688500790062059980061665402843053300815344923307067828162586826439559899607879761708785790504133863234024818105795985000023461684324603390719553346019726171063975960372544272219524139596431781180946895348452862280430522122662430 0 0 0 0 0 0 0 0 0 0 0 0 0 0 0 0 0 0 0 0 0 0 0 0 0 0 0 0 0 0 0 0 0 0 0 0 0 0 0 0 0 0 0 0 0 0 0 0 0 0 0 0 0 0 0 0 0 0 0 0 0 0 0 0 0 0 0 0 1 0 0 0 0 0 0 0 0 0 0 0 0 0 0 0 0 0 0 0 0 0 0 0 0]
[3380184560586866227589950584275443942139332411590585651066087865291492722402100102775951120923055160951086232416956095036540205910326008222430666374169246343252921769337219265824267235741952067358072633738135586984608790184609025469738416255250217539276296631776381285534159793976181 0 0 0 0 0 0 0 0 0 0 0 0 0 0 0 0 0 0 0 0 0 0 0 0 0 0 0 0 0 0 0 0 0 0 0 0 0 0 0 0 0 0 0 0 0 0 0 0 0 0 0 0 0 0 0 0 0 0 0 0 0 0 0 0 0 0 0 0 0 1 0 0 0 0 0 0 0 0 0 0 0 0 0 0 0 0 0 0 0 0 0 0 0]
[4525687155652167735006640791899086164416373990540024644323058737522520220695874712878827913827886705948245317361118521569628714498497825725324733060534769327938081531620621265034279103205870137428883809705523403764578321367990756367178845659785892773146062349688262880728824943019851 0 0 0 0 0 0 0 0 0 0 0 0 0 0 0 0 0 0 0 0 0 0 0 0 0 0 0 0 0 0 0 0 0 0 0 0 0 0 0 0 0 0 0 0 0 0 0 0 0 0 0 0 0 0 0 0 0 0 0 0 0 0 0 0 0 0 0 0 0 0 1 0 0 0 0 0 0 0 0 0 0 0 0 0 0 0 0 0 0 0 0 0 0]
[5634716537516659680608291446404212334558153632274505895572135035526449523456870736902341536929528581555652737689406084384518829417311474125454670914548631876990778673578459388843706457163193504153850390376283484916909932821478768956725353942313771494995077734886716333608665636133029 0 0 0 0 0 0 0 0 0 0 0 0 0 0 0 0 0 0 0 0 0 0 0 0 0 0 0 0 0 0 0 0 0 0 0 0 0 0 0 0 0 0 0 0 0 0 0 0 0 0 0 0 0 0 0 0 0 0 0 0 0 0 0 0 0 0 0 0 0 0 0 1 0 0 0 0 0 0 0 0 0 0 0 0 0 0 0 0 0 0 0 0 0]
[3083480248813034832217853481395395849954388468921763258284322477015982740402946439831499395005753196568924598420686283259568343955426569732458464685595498382179136814509334055198075482551741127480070184340769813973531321699648202462929385335021326638795708264394635583700425678316321 0 0 0 0 0 0 0 0 0 0 0 0 0 0 0 0 0 0 0 0 0 0 0 0 0 0 0 0 0 0 0 0 0 0 0 0 0 0 0 0 0 0 0 0 0 0 0 0 0 0 0 0 0 0 0 0 0 0 0 0 0 0 0 0 0 0 0 0 0 0 0 0 1 0 0 0 0 0 0 0 0 0 0 0 0 0 0 0 0 0 0 0 0]
[1407008429313194845023278039240475959658598279867445270017192192537971817451461676056168462242753039748580088950114361977706747013567539167885928083238657737528934940568527481441372240910133611659474076718227733561203808722260777824826866706093685107289729858171246938621997612749382 0 0 0 0 0 0 0 0 0 0 0 0 0 0 0 0 0 0 0 0 0 0 0 0 0 0 0 0 0 0 0 0 0 0 0 0 0 0 0 0 0 0 0 0 0 0 0 0 0 0 0 0 0 0 0 0 0 0 0 0 0 0 0 0 0 0 0 0 0 0 0 0 0 1 0 0 0 0 0 0 0 0 0 0 0 0 0 0 0 0 0 0 0]
[3474286166500562309130260182662376472161265634644883428652715760501455709798166385840228856937132271968801046159168495227791906688061099431525725392260617439665666982725890660541863555868215340391835833984704234100109364687562507918261722968900144334990341511713816645309618565779271 0 0 0 0 0 0 0 0 0 0 0 0 0 0 0 0 0 0 0 0 0 0 0 0 0 0 0 0 0 0 0 0 0 0 0 0 0 0 0 0 0 0 0 0 0 0 0 0 0 0 0 0 0 0 0 0 0 0 0 0 0 0 0 0 0 0 0 0 0 0 0 0 0 0 1 0 0 0 0 0 0 0 0 0 0 0 0 0 0 0 0 0 0]
[4865781683971513435962962371680560196411244313367503382276699202733183569444385567960393739225630856086825603132966265887133845136602122938128567487548196119304669303367652701294524193540462592734400217574157948569102629985672859442124809757894870984860509131543788038054719276132972 0 0 0 0 0 0 0 0 0 0 0 0 0 0 0 0 0 0 0 0 0 0 0 0 0 0 0 0 0 0 0 0 0 0 0 0 0 0 0 0 0 0 0 0 0 0 0 0 0 0 0 0 0 0 0 0 0 0 0 0 0 0 0 0 0 0 0 0 0 0 0 0 0 0 0 1 0 0 0 0 0 0 0 0 0 0 0 0 0 0 0 0 0]
[39067237126438862559025713335370294201382786555990260757413547980813811934436587689609452523241315661976760787864961124412197823578123440353087552476674654282845068252563462905343635902888609984989374599634739339645042491794833013124681742275234325433517299540416298427095827842106 0 0 0 0 0 0 0 0 0 0 0 0 0 0 0 0 0 0 0 0 0 0 0 0 0 0 0 0 0 0 0 0 0 0 0 0 0 0 0 0 0 0 0 0 0 0 0 0 0 0 0 0 0 0 0 0 0 0 0 0 0 0 0 0 0 0 0 0 0 0 0 0 0 0 0 0 1 0 0 0 0 0 0 0 0 0 0 0 0 0 0 0 0]
[1203918727006733900168217416977942529330395490132113064420623841722371410263303306677887649525413135442619352641946344980487512910374292725252349077687071074110714644490359190036316882823447898180985486191160444863692663530166192504389147301906390227107614214398432633723333168557563 0 0 0 0 0 0 0 0 0 0 0 0 0 0 0 0 0 0 0 0 0 0 0 0 0 0 0 0 0 0 0 0 0 0 0 0 0 0 0 0 0 0 0 0 0 0 0 0 0 0 0 0 0 0 0 0 0 0 0 0 0 0 0 0 0 0 0 0 0 0 0 0 0 0 0 0 0 1 0 0 0 0 0 0 0 0 0 0 0 0 0 0 0]
[6579160954727848251495802134386667642682815808244144136466012854358814315510918091310554703863814062353600161631220658729306602201251545877828874686018907490277671608504320316304445281010660285925328820878914269740382590506878297135439627060010816488854596757396647366587910185006960 0 0 0 0 0 0 0 0 0 0 0 0 0 0 0 0 0 0 0 0 0 0 0 0 0 0 0 0 0 0 0 0 0 0 0 0 0 0 0 0 0 0 0 0 0 0 0 0 0 0 0 0 0 0 0 0 0 0 0 0 0 0 0 0 0 0 0 0 0 0 0 0 0 0 0 0 0 0 1 0 0 0 0 0 0 0 0 0 0 0 0 0 0]
[3700321782841798953291508956731690726502811507936381014855539255351903396731346878219670602875733153753353476794574296256503863523489868753495795876360463555903356453691100309131177811041906705415698230644043408825999219299542724200661870932429744629894238843443038071401016247369301 0 0 0 0 0 0 0 0 0 0 0 0 0 0 0 0 0 0 0 0 0 0 0 0 0 0 0 0 0 0 0 0 0 0 0 0 0 0 0 0 0 0 0 0 0 0 0 0 0 0 0 0 0 0 0 0 0 0 0 0 0 0 0 0 0 0 0 0 0 0 0 0 0 0 0 0 0 0 0 1 0 0 0 0 0 0 0 0 0 0 0 0 0]
[1503957149766557475148312727767339208710366113611651863328015207346084419769310078111275313828067537283584582507591882245584135120341909683880405804972466889692543413814748464854783658940415131713721175281158405029025833151068173142041075633591656435272689998066602830366994750708004 0 0 0 0 0 0 0 0 0 0 0 0 0 0 0 0 0 0 0 0 0 0 0 0 0 0 0 0 0 0 0 0 0 0 0 0 0 0 0 0 0 0 0 0 0 0 0 0 0 0 0 0 0 0 0 0 0 0 0 0 0 0 0 0 0 0 0 0 0 0 0 0 0 0 0 0 0 0 0 0 1 0 0 0 0 0 0 0 0 0 0 0 0]
[3613928196176119830206446061461475534871209006030671811744435444296163604181386466453189425083849339451318395392179989589664813607724241091598013984479920943340705404632619819145244517426238751984441956747736982600474120058782746384350161865968791777844046753984348010305987991628186 0 0 0 0 0 0 0 0 0 0 0 0 0 0 0 0 0 0 0 0 0 0 0 0 0 0 0 0 0 0 0 0 0 0 0 0 0 0 0 0 0 0 0 0 0 0 0 0 0 0 0 0 0 0 0 0 0 0 0 0 0 0 0 0 0 0 0 0 0 0 0 0 0 0 0 0 0 0 0 0 0 1 0 0 0 0 0 0 0 0 0 0 0]
[5335123286904322659926646707355259360951047650806510208319239002579363987909747540296076061842397812385363070534594972787713194625428953333787213872200991822808712526133752394266105714371590231999205627995320395070799918386442593240234145302082026159954534931133505588411810269992524 0 0 0 0 0 0 0 0 0 0 0 0 0 0 0 0 0 0 0 0 0 0 0 0 0 0 0 0 0 0 0 0 0 0 0 0 0 0 0 0 0 0 0 0 0 0 0 0 0 0 0 0 0 0 0 0 0 0 0 0 0 0 0 0 0 0 0 0 0 0 0 0 0 0 0 0 0 0 0 0 0 0 1 0 0 0 0 0 0 0 0 0 0]
[1049445974740715069148866449809046991731477525592039227687325991756322556553663042553075043213227546512668005283341446683240540659970707459489048405902404625901218458547369348683402280190201301460470393581280961268561685821871614577121827994312531674623247100333220936138496350814821 0 0 0 0 0 0 0 0 0 0 0 0 0 0 0 0 0 0 0 0 0 0 0 0 0 0 0 0 0 0 0 0 0 0 0 0 0 0 0 0 0 0 0 0 0 0 0 0 0 0 0 0 0 0 0 0 0 0 0 0 0 0 0 0 0 0 0 0 0 0 0 0 0 0 0 0 0 0 0 0 0 0 0 1 0 0 0 0 0 0 0 0 0]
[2323950334624218281391641671740526845735810537802776820527375962162043659534063106025363969326059018455871983018204829904838863075153954307705472653509396180097574281141797197507874707459529504960971408403018936154815133176134573433841626709161927908838783698534719781483792355926759 0 0 0 0 0 0 0 0 0 0 0 0 0 0 0 0 0 0 0 0 0 0 0 0 0 0 0 0 0 0 0 0 0 0 0 0 0 0 0 0 0 0 0 0 0 0 0 0 0 0 0 0 0 0 0 0 0 0 0 0 0 0 0 0 0 0 0 0 0 0 0 0 0 0 0 0 0 0 0 0 0 0 0 0 1 0 0 0 0 0 0 0 0]
[3189937225954256540350990176780885437017697392591910076118232161316582609466382161290977624979124710892903965835871930881248069840815493658501715476044416323545184575176064304267580534749777060901672491269627455945863993002362747086360600004291171293775624624225811044293025066728534 0 0 0 0 0 0 0 0 0 0 0 0 0 0 0 0 0 0 0 0 0 0 0 0 0 0 0 0 0 0 0 0 0 0 0 0 0 0 0 0 0 0 0 0 0 0 0 0 0 0 0 0 0 0 0 0 0 0 0 0 0 0 0 0 0 0 0 0 0 0 0 0 0 0 0 0 0 0 0 0 0 0 0 0 0 1 0 0 0 0 0 0 0]
[1076314988480106238355652727900506039369906593534085734931892708680816164333427044685000344667263657023812319501935264726642794957063954977939113550902519094210906535569445726962144639143862497502167467690484218892800864651491885180782168719951976111751473898067578554838396636428634 0 0 0 0 0 0 0 0 0 0 0 0 0 0 0 0 0 0 0 0 0 0 0 0 0 0 0 0 0 0 0 0 0 0 0 0 0 0 0 0 0 0 0 0 0 0 0 0 0 0 0 0 0 0 0 0 0 0 0 0 0 0 0 0 0 0 0 0 0 0 0 0 0 0 0 0 0 0 0 0 0 0 0 0 0 0 1 0 0 0 0 0 0]
[5244332369190128822837785406313587755372137529070013392361623386933802959572720081291910854496472646683595541131790785344910760338252525241697877800633416357864230692691891738650120526057836350099628820764288436973663224999682175995528341005727685178149701236461278804613630825878340 0 0 0 0 0 0 0 0 0 0 0 0 0 0 0 0 0 0 0 0 0 0 0 0 0 0 0 0 0 0 0 0 0 0 0 0 0 0 0 0 0 0 0 0 0 0 0 0 0 0 0 0 0 0 0 0 0 0 0 0 0 0 0 0 0 0 0 0 0 0 0 0 0 0 0 0 0 0 0 0 0 0 0 0 0 0 0 1 0 0 0 0 0]
[4153452727253539370390046236402708548959086428921702552976057624736569839264631215280072751340815655536047220506418386045023615095048510291889606034910693701807619766182237218605887934754370286625332436088445219432228354104977998371320432913552242160462041117506039150917963754231939 0 0 0 0 0 0 0 0 0 0 0 0 0 0 0 0 0 0 0 0 0 0 0 0 0 0 0 0 0 0 0 0 0 0 0 0 0 0 0 0 0 0 0 0 0 0 0 0 0 0 0 0 0 0 0 0 0 0 0 0 0 0 0 0 0 0 0 0 0 0 0 0 0 0 0 0 0 0 0 0 0 0 0 0 0 0 0 0 1 0 0 0 0]
[5239857025946876361374364897721570601162779378627400954203943249719597880909797692395926514716034066425198442097197831764096895262592706517205535227678979095989207551843548503409226066234686704062603210014929964328776585562385012659207373769058938472707135833645643532924359722387409 0 0 0 0 0 0 0 0 0 0 0 0 0 0 0 0 0 0 0 0 0 0 0 0 0 0 0 0 0 0 0 0 0 0 0 0 0 0 0 0 0 0 0 0 0 0 0 0 0 0 0 0 0 0 0 0 0 0 0 0 0 0 0 0 0 0 0 0 0 0 0 0 0 0 0 0 0 0 0 0 0 0 0 0 0 0 0 0 0 1 0 0 0]
[5595422088406008364978944212995255802483987005949265459925758767821209456736082438357537860142425628044931342742810539983267947023447446726648420550983594552429779502587750474970386847605740084232591430171339030411381532508147468766462571437770592385451036488139953093647292078118188 0 0 0 0 0 0 0 0 0 0 0 0 0 0 0 0 0 0 0 0 0 0 0 0 0 0 0 0 0 0 0 0 0 0 0 0 0 0 0 0 0 0 0 0 0 0 0 0 0 0 0 0 0 0 0 0 0 0 0 0 0 0 0 0 0 0 0 0 0 0 0 0 0 0 0 0 0 0 0 0 0 0 0 0 0 0 0 0 0 0 1 0 0]
[5253108763600146695096532500906350362810738513881585150597860023523635891626090263839057481945225817242134472890930425965991567936322506994177370882092661714918127176932401449476134716884060169776973755546277870883223324348833847572596819314026226407080587446126046769785679401248888 0 0 0 0 0 0 0 0 0 0 0 0 0 0 0 0 0 0 0 0 0 0 0 0 0 0 0 0 0 0 0 0 0 0 0 0 0 0 0 0 0 0 0 0 0 0 0 0 0 0 0 0 0 0 0 0 0 0 0 0 0 0 0 0 0 0 0 0 0 0 0 0 0 0 0 0 0 0 0 0 0 0 0 0 0 0 0 0 0 0 0 1 0]
[3949558567794618638898143384669374862844960618043620093682753079658773171155217222258729867725893565806595996213505265167769671313235617507774328876201365614520803547684268022282989090288893113206685855217468532381133455042210246966121096426806194198482679780430599787921446126132474 0 0 0 0 0 0 0 0 0 0 0 0 0 0 0 0 0 0 0 0 0 0 0 0 0 0 0 0 0 0 0 0 0 0 0 0 0 0 0 0 0 0 0 0 0 0 0 0 0 0 0 0 0 0 0 0 0 0 0 0 0 0 0 0 0 0 0 0 0 0 0 0 0 0 0 0 0 0 0 0 0 0 0 0 0 0 0 0 0 0 0 0 1]
]
