[[6290996802991864272600545931909641582139512324617441772378388213591347925230477213961373735072453125210523187254375048210695449837750737704940429300070561966059965578833390366839850563645468058725462475663441674419642543428141787634497 0 0 0 0 0 0 0 0 0 0 0 0 0 0 0 0 0 0 0 0 0 0 0 0 0 0 0 0 0 0 0 0 0 0 0 0 0 0 0 0 0 0 0 0 0 0 0 0 0 0 0 0 0 0 0 0 0 0 0 0 0 0 0 0 0 0 0 0 0 0 0 0 0 0 0 0 0]
[6000495576890998238388292053001963714549467056180604884462378869115269989547048171506643829430225014434377596360066099209096667608418288009586234856698514275944118742256153324349166091977395171588544471603889085947854677977610012457366 1 0 0 0 0 0 0 0 0 0 0 0 0 0 0 0 0 0 0 0 0 0 0 0 0 0 0 0 0 0 0 0 0 0 0 0 0 0 0 0 0 0 0 0 0 0 0 0 0 0 0 0 0 0 0 0 0 0 0 0 0 0 0 0 0 0 0 0 0 0 0 0 0 0 0 0 0]
[404786148879930921685657187182535758847697987579619865326699691168517920467210021811664472747239449164554111373591976161253039914536633281959326101926343646269826440619098838962178381478060590641473026007799790025725196216178853327596 0 1 0 0 0 0 0 0 0 0 0 0 0 0 0 0 0 0 0 0 0 0 0 0 0 0 0 0 0 0 0 0 0 0 0 0 0 0 0 0 0 0 0 0 0 0 0 0 0 0 0 0 0 0 0 0 0 0 0 0 0 0 0 0 0 0 0 0 0 0 0 0 0 0 0 0 0]
[3366429449370607944246814900462850715087800934663359908207739629184069948215437987426592076190359709904748901537052996929521817619631858691871058660231924777447119332327576416139280449151881176654444822071128524886777940061940113984045 0 0 1 0 0 0 0 0 0 0 0 0 0 0 0 0 0 0 0 0 0 0 0 0 0 0 0 0 0 0 0 0 0 0 0 0 0 0 0 0 0 0 0 0 0 0 0 0 0 0 0 0 0 0 0 0 0 0 0 0 0 0 0 0 0 0 0 0 0 0 0 0 0 0 0 0 0]
[2507125305344585027605585525800034948276041956404611510535521121869631453568747197409474534572011924240564767825813506917896674163999787482529015528938620121179261305728199398781160168521097916005903303115298086675552700383041221083847 0 0 0 1 0 0 0 0 0 0 0 0 0 0 0 0 0 0 0 0 0 0 0 0 0 0 0 0 0 0 0 0 0 0 0 0 0 0 0 0 0 0 0 0 0 0 0 0 0 0 0 0 0 0 0 0 0 0 0 0 0 0 0 0 0 0 0 0 0 0 0 0 0 0 0 0 0]
[1784046736312657978037193891902720007068197551472162629910114023867243688516204630393612955463174806360454579160545962389565875143935687012200489547088414053387417169642553826620786477366345262876908836557086263578124586108305818319161 0 0 0 0 1 0 0 0 0 0 0 0 0 0 0 0 0 0 0 0 0 0 0 0 0 0 0 0 0 0 0 0 0 0 0 0 0 0 0 0 0 0 0 0 0 0 0 0 0 0 0 0 0 0 0 0 0 0 0 0 0 0 0 0 0 0 0 0 0 0 0 0 0 0 0 0 0]
[912455005763050648671500842608416373087388076808829109512188895444482232593420392035222362903155461801644573675478855609258686987180322094243661021964983271577011762358027399117628745726123257027717430364482431237110694276310278823982 0 0 0 0 0 1 0 0 0 0 0 0 0 0 0 0 0 0 0 0 0 0 0 0 0 0 0 0 0 0 0 0 0 0 0 0 0 0 0 0 0 0 0 0 0 0 0 0 0 0 0 0 0 0 0 0 0 0 0 0 0 0 0 0 0 0 0 0 0 0 0 0 0 0 0 0 0]
[1272492705370598505563443425792445632178297406385886801435326312986316657874367732966298825214573604852079169632958913338365912224529297048662535227159797382434833928311567063345644325884477842467520370341921906311914079176589669525711 0 0 0 0 0 0 1 0 0 0 0 0 0 0 0 0 0 0 0 0 0 0 0 0 0 0 0 0 0 0 0 0 0 0 0 0 0 0 0 0 0 0 0 0 0 0 0 0 0 0 0 0 0 0 0 0 0 0 0 0 0 0 0 0 0 0 0 0 0 0 0 0 0 0 0 0 0]
[5242402777755050988171043784781590974606277708318531000457682912952735341429513105173529889973905743064604186985218981755305891227987012957557878060217773982578977964419967552238493216416342334876739747639638573430269209145685675753639 0 0 0 0 0 0 0 1 0 0 0 0 0 0 0 0 0 0 0 0 0 0 0 0 0 0 0 0 0 0 0 0 0 0 0 0 0 0 0 0 0 0 0 0 0 0 0 0 0 0 0 0 0 0 0 0 0 0 0 0 0 0 0 0 0 0 0 0 0 0 0 0 0 0 0 0 0]
[3618053958373227869342257803657362093552228824652846985050746068955900435750133783487215915376780056381578836598188718070188644406606738849015422967454755461108613846642260992453023686034619555857061402614013518407554907230504059092056 0 0 0 0 0 0 0 0 1 0 0 0 0 0 0 0 0 0 0 0 0 0 0 0 0 0 0 0 0 0 0 0 0 0 0 0 0 0 0 0 0 0 0 0 0 0 0 0 0 0 0 0 0 0 0 0 0 0 0 0 0 0 0 0 0 0 0 0 0 0 0 0 0 0 0 0 0]
[2998235365314873981177108810500876264852480908539596944155005448008138215086658579240858771198284093730816027269213861861125655981866299279783660206827053463737713935929208104982084457699061926677024187663390560596000415155849037589213 0 0 0 0 0 0 0 0 0 1 0 0 0 0 0 0 0 0 0 0 0 0 0 0 0 0 0 0 0 0 0 0 0 0 0 0 0 0 0 0 0 0 0 0 0 0 0 0 0 0 0 0 0 0 0 0 0 0 0 0 0 0 0 0 0 0 0 0 0 0 0 0 0 0 0 0 0]
[5486998179806868423527945792720461130382175243794860325750594883254171930174982969894227719147902648986270980552023983194310668974012488141393364431754881921188966507953633138445345154878724334615046250483493087089322444307905027013439 0 0 0 0 0 0 0 0 0 0 1 0 0 0 0 0 0 0 0 0 0 0 0 0 0 0 0 0 0 0 0 0 0 0 0 0 0 0 0 0 0 0 0 0 0 0 0 0 0 0 0 0 0 0 0 0 0 0 0 0 0 0 0 0 0 0 0 0 0 0 0 0 0 0 0 0 0]
[5021306360954726986510532862227554111687385375474493253758562530177426548379579945859512576542552966718919558038720706806710636514181534574951024928643561071921424644900796298048897930644970928845394090853845855701219269316690488763039 0 0 0 0 0 0 0 0 0 0 0 1 0 0 0 0 0 0 0 0 0 0 0 0 0 0 0 0 0 0 0 0 0 0 0 0 0 0 0 0 0 0 0 0 0 0 0 0 0 0 0 0 0 0 0 0 0 0 0 0 0 0 0 0 0 0 0 0 0 0 0 0 0 0 0 0 0]
[2663215615052435784394957660176733048725168682270464197229849930333005232183804865568917764000911561229704617113552257085908837163620995096545130881223394090212074914204146778959972847616551439061358848554766588571199828805894998822666 0 0 0 0 0 0 0 0 0 0 0 0 1 0 0 0 0 0 0 0 0 0 0 0 0 0 0 0 0 0 0 0 0 0 0 0 0 0 0 0 0 0 0 0 0 0 0 0 0 0 0 0 0 0 0 0 0 0 0 0 0 0 0 0 0 0 0 0 0 0 0 0 0 0 0 0 0]
[3877725001176252630910225101763157335940526898980438788400988123369147076471134948257174304198971099577654174959571089605935627683521749442333933529466979013570351627655032547621407016577803930896991649551822481991785278859732734950475 0 0 0 0 0 0 0 0 0 0 0 0 0 1 0 0 0 0 0 0 0 0 0 0 0 0 0 0 0 0 0 0 0 0 0 0 0 0 0 0 0 0 0 0 0 0 0 0 0 0 0 0 0 0 0 0 0 0 0 0 0 0 0 0 0 0 0 0 0 0 0 0 0 0 0 0 0]
[4245964276478347194671900461059444140314031478868654171964423911167308753752445942903645808099636497961948443739365322716691188039307510748083433873839032343101301991443709438327858736985852202911364686580234186229486411395583954550247 0 0 0 0 0 0 0 0 0 0 0 0 0 0 1 0 0 0 0 0 0 0 0 0 0 0 0 0 0 0 0 0 0 0 0 0 0 0 0 0 0 0 0 0 0 0 0 0 0 0 0 0 0 0 0 0 0 0 0 0 0 0 0 0 0 0 0 0 0 0 0 0 0 0 0 0 0]
[2221028488766857530615781182596467261527715568731824711654719592529915825382514611277572219503050188229105775313805414910090131412025871608752710243496482609156681340038146239915526347274103133165794744736801823160960201850561299465183 0 0 0 0 0 0 0 0 0 0 0 0 0 0 0 1 0 0 0 0 0 0 0 0 0 0 0 0 0 0 0 0 0 0 0 0 0 0 0 0 0 0 0 0 0 0 0 0 0 0 0 0 0 0 0 0 0 0 0 0 0 0 0 0 0 0 0 0 0 0 0 0 0 0 0 0 0]
[2484749356691019125248813763508865343717645787648397780778361315939075645958745778437526291714270452654674566370245574383849796238479189367288034356027263242007296963379179464089835305125356806311888339159382129374317151418682567222567 0 0 0 0 0 0 0 0 0 0 0 0 0 0 0 0 1 0 0 0 0 0 0 0 0 0 0 0 0 0 0 0 0 0 0 0 0 0 0 0 0 0 0 0 0 0 0 0 0 0 0 0 0 0 0 0 0 0 0 0 0 0 0 0 0 0 0 0 0 0 0 0 0 0 0 0 0]
[5456476231297320176066155448372095831734084443944039127749592416497536710032935787911734438728986808385601903494787849065827451771530867222601935033811744191567039043641921819687084462667233992041153319054387357591285283439464298574231 0 0 0 0 0 0 0 0 0 0 0 0 0 0 0 0 0 1 0 0 0 0 0 0 0 0 0 0 0 0 0 0 0 0 0 0 0 0 0 0 0 0 0 0 0 0 0 0 0 0 0 0 0 0 0 0 0 0 0 0 0 0 0 0 0 0 0 0 0 0 0 0 0 0 0 0 0]
[479089573492741855005191753744831902223441075671314109380863714456660000229034963817307387526621290885842940309288670967380357052158160536100306036553474698315389027057777518531628797938219687158597596361702199016575048768673442079158 0 0 0 0 0 0 0 0 0 0 0 0 0 0 0 0 0 0 1 0 0 0 0 0 0 0 0 0 0 0 0 0 0 0 0 0 0 0 0 0 0 0 0 0 0 0 0 0 0 0 0 0 0 0 0 0 0 0 0 0 0 0 0 0 0 0 0 0 0 0 0 0 0 0 0 0 0]
[4325792636443929898820323892466067672044634735056710866547505151829460799982542354862423341208260823075731982619071910083643277476286943072374571432299877372180387948111143263818695904723250101150026847394509754165881638390828960950503 0 0 0 0 0 0 0 0 0 0 0 0 0 0 0 0 0 0 0 1 0 0 0 0 0 0 0 0 0 0 0 0 0 0 0 0 0 0 0 0 0 0 0 0 0 0 0 0 0 0 0 0 0 0 0 0 0 0 0 0 0 0 0 0 0 0 0 0 0 0 0 0 0 0 0 0 0]
[3395898947469478368473341627808624926303245690935081846626230046766865330807613070503713311628433880864735394896790386195754360217849524356859775577509597849907656010640251445782549714271166850004424089267002090966160182915202342420805 0 0 0 0 0 0 0 0 0 0 0 0 0 0 0 0 0 0 0 0 1 0 0 0 0 0 0 0 0 0 0 0 0 0 0 0 0 0 0 0 0 0 0 0 0 0 0 0 0 0 0 0 0 0 0 0 0 0 0 0 0 0 0 0 0 0 0 0 0 0 0 0 0 0 0 0 0]
[651419137548461627118993539796315815631695618391197682368688058828929152968794402510613214514833334683187643137132011532191825403288475053884722908633726615555512196476612012712211017143967998049393019153864652479920526387388141658388 0 0 0 0 0 0 0 0 0 0 0 0 0 0 0 0 0 0 0 0 0 1 0 0 0 0 0 0 0 0 0 0 0 0 0 0 0 0 0 0 0 0 0 0 0 0 0 0 0 0 0 0 0 0 0 0 0 0 0 0 0 0 0 0 0 0 0 0 0 0 0 0 0 0 0 0 0]
[1367818850292974557849257588132645996745238477409756256695441771333542112965831287162638859004586015364908918533767021903443242680552147988087822420920324129866660086826445460367348536567048706909070016131614128699562244063219419823190 0 0 0 0 0 0 0 0 0 0 0 0 0 0 0 0 0 0 0 0 0 0 1 0 0 0 0 0 0 0 0 0 0 0 0 0 0 0 0 0 0 0 0 0 0 0 0 0 0 0 0 0 0 0 0 0 0 0 0 0 0 0 0 0 0 0 0 0 0 0 0 0 0 0 0 0 0]
[6257257176887143461851474787155437277084490015969950295183861932885165309420387872648549970590476732881587760471117968015613104955120836439241320749803687685228086824249686280848930697964697776616796657924535671555590788397548802205539 0 0 0 0 0 0 0 0 0 0 0 0 0 0 0 0 0 0 0 0 0 0 0 1 0 0 0 0 0 0 0 0 0 0 0 0 0 0 0 0 0 0 0 0 0 0 0 0 0 0 0 0 0 0 0 0 0 0 0 0 0 0 0 0 0 0 0 0 0 0 0 0 0 0 0 0 0]
[4838189462765551774582554120468451243938116096051350733287541604264693793555908214878569396805915672020186343375577843598873055040250433468043388549302141097016238089163315327575030720508762836732947502695082781951448843355241350238175 0 0 0 0 0 0 0 0 0 0 0 0 0 0 0 0 0 0 0 0 0 0 0 0 1 0 0 0 0 0 0 0 0 0 0 0 0 0 0 0 0 0 0 0 0 0 0 0 0 0 0 0 0 0 0 0 0 0 0 0 0 0 0 0 0 0 0 0 0 0 0 0 0 0 0 0 0]
[2101860002179274674352515094027427682812770774536380650963619976757478466751828469023311205513940445478660477299757289126373887217472590047507294835791352237235592614808589253944042317120030499126868674606778991184667959461605210913320 0 0 0 0 0 0 0 0 0 0 0 0 0 0 0 0 0 0 0 0 0 0 0 0 0 1 0 0 0 0 0 0 0 0 0 0 0 0 0 0 0 0 0 0 0 0 0 0 0 0 0 0 0 0 0 0 0 0 0 0 0 0 0 0 0 0 0 0 0 0 0 0 0 0 0 0 0]
[6204232675420790506101026129026092212964687300553154247978557622566932646653657939597368822016551591554861162367440524947704763873555795242776628874027129589092919216269841038030544089205996974253661743048655323848178190835934411276757 0 0 0 0 0 0 0 0 0 0 0 0 0 0 0 0 0 0 0 0 0 0 0 0 0 0 1 0 0 0 0 0 0 0 0 0 0 0 0 0 0 0 0 0 0 0 0 0 0 0 0 0 0 0 0 0 0 0 0 0 0 0 0 0 0 0 0 0 0 0 0 0 0 0 0 0 0]
[4159265699284627671372095776349391959957930728434022098298671105858861912168121049273087688916521995832028149031261664900592368088139903693870046694176606928432061362447991221105456265794153838148332874703854638450733658679507065460471 0 0 0 0 0 0 0 0 0 0 0 0 0 0 0 0 0 0 0 0 0 0 0 0 0 0 0 1 0 0 0 0 0 0 0 0 0 0 0 0 0 0 0 0 0 0 0 0 0 0 0 0 0 0 0 0 0 0 0 0 0 0 0 0 0 0 0 0 0 0 0 0 0 0 0 0 0]
[3006168374037007312188575024095338473141262049442862610925414676999757682089460411211747423506306455112813215543380461838647789666216898176828805706997009194587449836232930365913938216694525515209994592773118019632502797079807946068577 0 0 0 0 0 0 0 0 0 0 0 0 0 0 0 0 0 0 0 0 0 0 0 0 0 0 0 0 1 0 0 0 0 0 0 0 0 0 0 0 0 0 0 0 0 0 0 0 0 0 0 0 0 0 0 0 0 0 0 0 0 0 0 0 0 0 0 0 0 0 0 0 0 0 0 0 0]
[3080281872346195468507140057908369891137864465195648141656391106408281571500250911513779288664908229210219036798707348929558900031976535247262498464903989356381007870535399997471461804059212311105679928154649385347168090945248040422855 0 0 0 0 0 0 0 0 0 0 0 0 0 0 0 0 0 0 0 0 0 0 0 0 0 0 0 0 0 1 0 0 0 0 0 0 0 0 0 0 0 0 0 0 0 0 0 0 0 0 0 0 0 0 0 0 0 0 0 0 0 0 0 0 0 0 0 0 0 0 0 0 0 0 0 0 0]
[1907543610801164532514835532887930803434657052962101577750528335894673865644520468575593056200820752316367501394949864259874119112061191004193256689659357911724939956832818773914030977324439006726673610788643629860977869044712644823222 0 0 0 0 0 0 0 0 0 0 0 0 0 0 0 0 0 0 0 0 0 0 0 0 0 0 0 0 0 0 1 0 0 0 0 0 0 0 0 0 0 0 0 0 0 0 0 0 0 0 0 0 0 0 0 0 0 0 0 0 0 0 0 0 0 0 0 0 0 0 0 0 0 0 0 0 0]
[6062494020939646325245155108204829950703394069440903434425877671038414260791055596282056309755517252929000514887709583621738918687976063713046143883700308875308253248375300283441148275518110734484259466705813684061843246095489032736333 0 0 0 0 0 0 0 0 0 0 0 0 0 0 0 0 0 0 0 0 0 0 0 0 0 0 0 0 0 0 0 1 0 0 0 0 0 0 0 0 0 0 0 0 0 0 0 0 0 0 0 0 0 0 0 0 0 0 0 0 0 0 0 0 0 0 0 0 0 0 0 0 0 0 0 0 0]
[5935581796211560000422161702569503378948490581386648243135745274532585426326623079120205174315628419195808492408855813115047727907609265742138959703768519209671081090499288266825475846140802454675646177096517108743410695675084409769557 0 0 0 0 0 0 0 0 0 0 0 0 0 0 0 0 0 0 0 0 0 0 0 0 0 0 0 0 0 0 0 0 1 0 0 0 0 0 0 0 0 0 0 0 0 0 0 0 0 0 0 0 0 0 0 0 0 0 0 0 0 0 0 0 0 0 0 0 0 0 0 0 0 0 0 0 0]
[3285266144860886584429808801695216623618374452156074493799548148174391988168181403852917424666860231041679298242654528698657521172155943035576623823339942048870174208492408511329799319615342177418972332785980071078381555936910499275002 0 0 0 0 0 0 0 0 0 0 0 0 0 0 0 0 0 0 0 0 0 0 0 0 0 0 0 0 0 0 0 0 0 1 0 0 0 0 0 0 0 0 0 0 0 0 0 0 0 0 0 0 0 0 0 0 0 0 0 0 0 0 0 0 0 0 0 0 0 0 0 0 0 0 0 0 0]
[3010523383155190453487521729114440774116466499137385284616504159073007462902639465703536437205404577114184132813146821087036041850035992917898870665145495066563747880440955752422703931040723616917652762591475580481926500676228858175432 0 0 0 0 0 0 0 0 0 0 0 0 0 0 0 0 0 0 0 0 0 0 0 0 0 0 0 0 0 0 0 0 0 0 1 0 0 0 0 0 0 0 0 0 0 0 0 0 0 0 0 0 0 0 0 0 0 0 0 0 0 0 0 0 0 0 0 0 0 0 0 0 0 0 0 0 0]
[5041141985589763307062454751948806273573888270521185691952857685072120461453937197969432013816944162925704263535232904386750447804781379989807395639315395905381866642721104466220559028527654150621025076565907265434406140816265417080396 0 0 0 0 0 0 0 0 0 0 0 0 0 0 0 0 0 0 0 0 0 0 0 0 0 0 0 0 0 0 0 0 0 0 0 1 0 0 0 0 0 0 0 0 0 0 0 0 0 0 0 0 0 0 0 0 0 0 0 0 0 0 0 0 0 0 0 0 0 0 0 0 0 0 0 0 0]
[737054797265447349628028298242103163927977568312335891443531346401653994341877149147936589292719119670642244829591781155637786876125862256042098542792753159142355591523104825017327972552286142942253191421988469349681513976583337646321 0 0 0 0 0 0 0 0 0 0 0 0 0 0 0 0 0 0 0 0 0 0 0 0 0 0 0 0 0 0 0 0 0 0 0 0 1 0 0 0 0 0 0 0 0 0 0 0 0 0 0 0 0 0 0 0 0 0 0 0 0 0 0 0 0 0 0 0 0 0 0 0 0 0 0 0 0]
[4779510780251703655816865436248943032220804622815509361617459635076208976628237358871540081859284261562951376457439058739105215440498259310137929546054740512664316686626962053971638031338332995503616609132492677316925911239166106136512 0 0 0 0 0 0 0 0 0 0 0 0 0 0 0 0 0 0 0 0 0 0 0 0 0 0 0 0 0 0 0 0 0 0 0 0 0 1 0 0 0 0 0 0 0 0 0 0 0 0 0 0 0 0 0 0 0 0 0 0 0 0 0 0 0 0 0 0 0 0 0 0 0 0 0 0 0]
[5391518427267760019155653218986982571475736901724261571665320316138293113178688334370297160903236067096434975791284987019653287325587222122245714165275171485434925804762152831336192018891118515584395865063647356695753379997015484883120 0 0 0 0 0 0 0 0 0 0 0 0 0 0 0 0 0 0 0 0 0 0 0 0 0 0 0 0 0 0 0 0 0 0 0 0 0 0 1 0 0 0 0 0 0 0 0 0 0 0 0 0 0 0 0 0 0 0 0 0 0 0 0 0 0 0 0 0 0 0 0 0 0 0 0 0 0]
[4016974820737529751571680042881202198003063295603815672505189539956347919224950913917289873449631490732077046842680606295465435956121718364251232033273051257737575365138730071217491473374523658547526890054635198466680794516644179371567 0 0 0 0 0 0 0 0 0 0 0 0 0 0 0 0 0 0 0 0 0 0 0 0 0 0 0 0 0 0 0 0 0 0 0 0 0 0 0 1 0 0 0 0 0 0 0 0 0 0 0 0 0 0 0 0 0 0 0 0 0 0 0 0 0 0 0 0 0 0 0 0 0 0 0 0 0]
[4434524979764376275965022255823189692730306575137138182471507805894182053400269626354182195011381432214162080711706644226358822640628459429013649460776047410832141629017983763324876724038188170206960198364985958066654804860149752550995 0 0 0 0 0 0 0 0 0 0 0 0 0 0 0 0 0 0 0 0 0 0 0 0 0 0 0 0 0 0 0 0 0 0 0 0 0 0 0 0 1 0 0 0 0 0 0 0 0 0 0 0 0 0 0 0 0 0 0 0 0 0 0 0 0 0 0 0 0 0 0 0 0 0 0 0 0]
[6068543790997473804529754638142513423496048473293803489453527776697330091244064963318245636748075514240365656469676305924017402362879929391252019884956976867985973556354687896115591895457304402539893716366808187132888286769874424360357 0 0 0 0 0 0 0 0 0 0 0 0 0 0 0 0 0 0 0 0 0 0 0 0 0 0 0 0 0 0 0 0 0 0 0 0 0 0 0 0 0 1 0 0 0 0 0 0 0 0 0 0 0 0 0 0 0 0 0 0 0 0 0 0 0 0 0 0 0 0 0 0 0 0 0 0 0]
[2234060383694421252203317973269802811358749981482655183082017991457393391781292161883830875150359817312598189349344304191388056775699680958790295874564252208117728432429056064580180243691625231046287941776761113424283696239051990069146 0 0 0 0 0 0 0 0 0 0 0 0 0 0 0 0 0 0 0 0 0 0 0 0 0 0 0 0 0 0 0 0 0 0 0 0 0 0 0 0 0 0 1 0 0 0 0 0 0 0 0 0 0 0 0 0 0 0 0 0 0 0 0 0 0 0 0 0 0 0 0 0 0 0 0 0 0]
[3374129199614399420329995818464203442106221012202193550341570896883577316511639380943327696972084479669059129533649939001761706752290569856721392712759140221601485894163784648521948947389744534888158743174126175948996835409871880503048 0 0 0 0 0 0 0 0 0 0 0 0 0 0 0 0 0 0 0 0 0 0 0 0 0 0 0 0 0 0 0 0 0 0 0 0 0 0 0 0 0 0 0 1 0 0 0 0 0 0 0 0 0 0 0 0 0 0 0 0 0 0 0 0 0 0 0 0 0 0 0 0 0 0 0 0 0]
[3864810950974490729520347935892780554554047166415514627076317050773001384908715881952648233302514988001499494916289945090899414883878293647312544103905263692398522143658145188122959957224945372840526413103769877071689483095739957615427 0 0 0 0 0 0 0 0 0 0 0 0 0 0 0 0 0 0 0 0 0 0 0 0 0 0 0 0 0 0 0 0 0 0 0 0 0 0 0 0 0 0 0 0 1 0 0 0 0 0 0 0 0 0 0 0 0 0 0 0 0 0 0 0 0 0 0 0 0 0 0 0 0 0 0 0 0]
[2787860182440404542266287264749450255273470974136510030767018419427598300115301922865172465069769808747323467381273982087850115272499892320774813351332424101865534607991156803237868462572313370581169410905446841743525660198805718753760 0 0 0 0 0 0 0 0 0 0 0 0 0 0 0 0 0 0 0 0 0 0 0 0 0 0 0 0 0 0 0 0 0 0 0 0 0 0 0 0 0 0 0 0 0 1 0 0 0 0 0 0 0 0 0 0 0 0 0 0 0 0 0 0 0 0 0 0 0 0 0 0 0 0 0 0 0]
[6144013886975417585469277404296655655737772990054459073599227885940309261062089879377131710751652399848964596142466424224312440090807815825091053232457197151311381433073166546360870215600883086454758733192412592747758125684915298058094 0 0 0 0 0 0 0 0 0 0 0 0 0 0 0 0 0 0 0 0 0 0 0 0 0 0 0 0 0 0 0 0 0 0 0 0 0 0 0 0 0 0 0 0 0 0 1 0 0 0 0 0 0 0 0 0 0 0 0 0 0 0 0 0 0 0 0 0 0 0 0 0 0 0 0 0 0]
[3594816981074262737797188045482818002606450022100585984828346284120136114143392998613714870295197904350056808653344414028636723525801603259465458151748372573438301122283106247906207124821581522784590787936530832423066736793226938718349 0 0 0 0 0 0 0 0 0 0 0 0 0 0 0 0 0 0 0 0 0 0 0 0 0 0 0 0 0 0 0 0 0 0 0 0 0 0 0 0 0 0 0 0 0 0 0 1 0 0 0 0 0 0 0 0 0 0 0 0 0 0 0 0 0 0 0 0 0 0 0 0 0 0 0 0 0]
[5803947158124380867854368244409534583484322786916913839679893874981412380059040705909297328889600175655446254948170230588800323863515490805022123989408499831800293244865414392254639160807740343920520028426825526474207501438144377637208 0 0 0 0 0 0 0 0 0 0 0 0 0 0 0 0 0 0 0 0 0 0 0 0 0 0 0 0 0 0 0 0 0 0 0 0 0 0 0 0 0 0 0 0 0 0 0 0 1 0 0 0 0 0 0 0 0 0 0 0 0 0 0 0 0 0 0 0 0 0 0 0 0 0 0 0 0]
[3445492162444748490797116741388628136265805221815431244340134146980870660420784997028968511161503248922048039122567201706266030521316272588625278242678111467184385390063705287642582771627457132089074815218403785195694552645402970420973 0 0 0 0 0 0 0 0 0 0 0 0 0 0 0 0 0 0 0 0 0 0 0 0 0 0 0 0 0 0 0 0 0 0 0 0 0 0 0 0 0 0 0 0 0 0 0 0 0 1 0 0 0 0 0 0 0 0 0 0 0 0 0 0 0 0 0 0 0 0 0 0 0 0 0 0 0]
[1525043955957177604721328199993937656029470974786440008069798743368377312201113235852724116468682970474614855315669760266064504851337702356941768681660514957856472549743440685069476097303129782005678702180640411877470298197958566072869 0 0 0 0 0 0 0 0 0 0 0 0 0 0 0 0 0 0 0 0 0 0 0 0 0 0 0 0 0 0 0 0 0 0 0 0 0 0 0 0 0 0 0 0 0 0 0 0 0 0 1 0 0 0 0 0 0 0 0 0 0 0 0 0 0 0 0 0 0 0 0 0 0 0 0 0 0]
[3007576750801685605869606243053034840998229993228397013272262180751526070200079600808042819879404788471089912852851469018317710228998694402385825643526802777552331979904297638228489769663404917131513931952017755012874146735077763099952 0 0 0 0 0 0 0 0 0 0 0 0 0 0 0 0 0 0 0 0 0 0 0 0 0 0 0 0 0 0 0 0 0 0 0 0 0 0 0 0 0 0 0 0 0 0 0 0 0 0 0 1 0 0 0 0 0 0 0 0 0 0 0 0 0 0 0 0 0 0 0 0 0 0 0 0 0]
[1937326625427554957033248986705017880134243887185909680025100058828994079013809959982527886070555448282655136025992137985946875177547429039674608556033211260167591812695150258007570510468514232635644717965466127407336873222557449936956 0 0 0 0 0 0 0 0 0 0 0 0 0 0 0 0 0 0 0 0 0 0 0 0 0 0 0 0 0 0 0 0 0 0 0 0 0 0 0 0 0 0 0 0 0 0 0 0 0 0 0 0 1 0 0 0 0 0 0 0 0 0 0 0 0 0 0 0 0 0 0 0 0 0 0 0 0]
[6002968448065604181011641404923711321339096105647918071063952254638039481331089584609871950531336995973775534054058125744232109911282810099459567978034432844434329765236158694407706258884428349332640717532640987835446844269479835651018 0 0 0 0 0 0 0 0 0 0 0 0 0 0 0 0 0 0 0 0 0 0 0 0 0 0 0 0 0 0 0 0 0 0 0 0 0 0 0 0 0 0 0 0 0 0 0 0 0 0 0 0 0 1 0 0 0 0 0 0 0 0 0 0 0 0 0 0 0 0 0 0 0 0 0 0 0]
[2317359351889980378271800283485180423300358059956534196918436888676030255676167030861201019759044193655582316747944323315595083964051925661866651469092696906340988625918212270985689164712781163016097738277045462110371185858854703241139 0 0 0 0 0 0 0 0 0 0 0 0 0 0 0 0 0 0 0 0 0 0 0 0 0 0 0 0 0 0 0 0 0 0 0 0 0 0 0 0 0 0 0 0 0 0 0 0 0 0 0 0 0 0 1 0 0 0 0 0 0 0 0 0 0 0 0 0 0 0 0 0 0 0 0 0 0]
[993199164242130595508500143218704278148792529450152969246688935518590098318887995888618422312058262906328054559270229787278177653500410925960291378466842971748626692812727994029864469814256969375931476504225506045067662246734268251479 0 0 0 0 0 0 0 0 0 0 0 0 0 0 0 0 0 0 0 0 0 0 0 0 0 0 0 0 0 0 0 0 0 0 0 0 0 0 0 0 0 0 0 0 0 0 0 0 0 0 0 0 0 0 0 1 0 0 0 0 0 0 0 0 0 0 0 0 0 0 0 0 0 0 0 0 0]
[1418806460404876789166318637005726015381524027905576774367914182807860064339089818312268713291446387742679222102076835117291247564035201642478168072193222262048672297376470476984905615902339993875206490384155284606400340413473783632417 0 0 0 0 0 0 0 0 0 0 0 0 0 0 0 0 0 0 0 0 0 0 0 0 0 0 0 0 0 0 0 0 0 0 0 0 0 0 0 0 0 0 0 0 0 0 0 0 0 0 0 0 0 0 0 0 1 0 0 0 0 0 0 0 0 0 0 0 0 0 0 0 0 0 0 0 0]
[4889044917181941326002587463712659966910125532768343898791906219917630113911008375203639241184617358124343603393653730530766251844441592481806597309125760775796240074476249303601466592552762917447181468504153908746532739482586169533132 0 0 0 0 0 0 0 0 0 0 0 0 0 0 0 0 0 0 0 0 0 0 0 0 0 0 0 0 0 0 0 0 0 0 0 0 0 0 0 0 0 0 0 0 0 0 0 0 0 0 0 0 0 0 0 0 0 1 0 0 0 0 0 0 0 0 0 0 0 0 0 0 0 0 0 0 0]
[468125168699513530296128897225101272000368944097850716192173135770701492958206479906054440915840393055390149900918535059538702197056844696624156501667947970450077373312402244402007273860984011774056928579490476371456659233775847021297 0 0 0 0 0 0 0 0 0 0 0 0 0 0 0 0 0 0 0 0 0 0 0 0 0 0 0 0 0 0 0 0 0 0 0 0 0 0 0 0 0 0 0 0 0 0 0 0 0 0 0 0 0 0 0 0 0 0 1 0 0 0 0 0 0 0 0 0 0 0 0 0 0 0 0 0 0]
[272504671068913219323571945876933147900941599449942799874741460153486286115747175417022938655252521678482060778878674210166423308667432864868948463610064126150375015988898028983816206883910658701688744417755005929307485171657630164908 0 0 0 0 0 0 0 0 0 0 0 0 0 0 0 0 0 0 0 0 0 0 0 0 0 0 0 0 0 0 0 0 0 0 0 0 0 0 0 0 0 0 0 0 0 0 0 0 0 0 0 0 0 0 0 0 0 0 0 1 0 0 0 0 0 0 0 0 0 0 0 0 0 0 0 0 0]
[662279497925512144671911190305688678943616665013324419632817631474209780713569690641925331294780674342785556338069299270146377194987612144419795296799040928122383502750469071085846567666773709086797704137924807610923872694582974686227 0 0 0 0 0 0 0 0 0 0 0 0 0 0 0 0 0 0 0 0 0 0 0 0 0 0 0 0 0 0 0 0 0 0 0 0 0 0 0 0 0 0 0 0 0 0 0 0 0 0 0 0 0 0 0 0 0 0 0 0 1 0 0 0 0 0 0 0 0 0 0 0 0 0 0 0 0]
[205299874486043256040896230997614069821549224622604892179638562983841358856381946938670384969926443863233297256676788697066873740997379418828756949595725489510938466683097002494099442876632654285638532207332078851821550377769189070779 0 0 0 0 0 0 0 0 0 0 0 0 0 0 0 0 0 0 0 0 0 0 0 0 0 0 0 0 0 0 0 0 0 0 0 0 0 0 0 0 0 0 0 0 0 0 0 0 0 0 0 0 0 0 0 0 0 0 0 0 0 1 0 0 0 0 0 0 0 0 0 0 0 0 0 0 0]
[2955414011309069550001876102179806150379447250989144603714706637846241867006205264059734908335326617482572303228031458862318502001888695080232365068769012420621599901767650449053214623499312548334733803948250017546619668480254750112650 0 0 0 0 0 0 0 0 0 0 0 0 0 0 0 0 0 0 0 0 0 0 0 0 0 0 0 0 0 0 0 0 0 0 0 0 0 0 0 0 0 0 0 0 0 0 0 0 0 0 0 0 0 0 0 0 0 0 0 0 0 0 1 0 0 0 0 0 0 0 0 0 0 0 0 0 0]
[2120745338442318483001031904498060216390001633867927756187155657165825844184703839301441382417897521648077675360856538927102758586502136181385682234354759978249734423053999244544907210506230022363207046678491730025390206587087541644617 0 0 0 0 0 0 0 0 0 0 0 0 0 0 0 0 0 0 0 0 0 0 0 0 0 0 0 0 0 0 0 0 0 0 0 0 0 0 0 0 0 0 0 0 0 0 0 0 0 0 0 0 0 0 0 0 0 0 0 0 0 0 0 1 0 0 0 0 0 0 0 0 0 0 0 0 0]
[3411512546627022814390535173826217136147411754732398170424655506941064249131493681364155423125021026121706405918195953216107731131312986962949250817422221489571366696548158532827188519713686233883575947897961375557426977515207182811978 0 0 0 0 0 0 0 0 0 0 0 0 0 0 0 0 0 0 0 0 0 0 0 0 0 0 0 0 0 0 0 0 0 0 0 0 0 0 0 0 0 0 0 0 0 0 0 0 0 0 0 0 0 0 0 0 0 0 0 0 0 0 0 0 1 0 0 0 0 0 0 0 0 0 0 0 0]
[2147717619181824411326477538526958872805247302665365828228951685956688008055607003745414233331634037554332709961173771530701160543558224290083488809833618285013393461661785875362237610029285641472867324354903311525722509103349542832616 0 0 0 0 0 0 0 0 0 0 0 0 0 0 0 0 0 0 0 0 0 0 0 0 0 0 0 0 0 0 0 0 0 0 0 0 0 0 0 0 0 0 0 0 0 0 0 0 0 0 0 0 0 0 0 0 0 0 0 0 0 0 0 0 0 1 0 0 0 0 0 0 0 0 0 0 0]
[3737544395076227826376234008896022829159143221114112461136327076907297577164089648644392342723015492168070699257752084495297740848173891926793836008423385728682287784440129781956086397658990908997391934969413611006385113808043973482556 0 0 0 0 0 0 0 0 0 0 0 0 0 0 0 0 0 0 0 0 0 0 0 0 0 0 0 0 0 0 0 0 0 0 0 0 0 0 0 0 0 0 0 0 0 0 0 0 0 0 0 0 0 0 0 0 0 0 0 0 0 0 0 0 0 0 1 0 0 0 0 0 0 0 0 0 0]
[816730248284922543161223216706777294434595179378368164114709136833779331225853282027694313250223880140984184638180910954220168689904108712168872283396204844944781508272366702923386305584892848666773897315649917189765201683003414222734 0 0 0 0 0 0 0 0 0 0 0 0 0 0 0 0 0 0 0 0 0 0 0 0 0 0 0 0 0 0 0 0 0 0 0 0 0 0 0 0 0 0 0 0 0 0 0 0 0 0 0 0 0 0 0 0 0 0 0 0 0 0 0 0 0 0 0 1 0 0 0 0 0 0 0 0 0]
[393667908324138352770611482250066510039455893201765128510185033131513524769130715450059571866826190342184688921086721478685867144337749766135072892162910989982211240451368722238568376650064961500109773517742879808394423530297724795422 0 0 0 0 0 0 0 0 0 0 0 0 0 0 0 0 0 0 0 0 0 0 0 0 0 0 0 0 0 0 0 0 0 0 0 0 0 0 0 0 0 0 0 0 0 0 0 0 0 0 0 0 0 0 0 0 0 0 0 0 0 0 0 0 0 0 0 0 1 0 0 0 0 0 0 0 0]
[5140115215374282270046398067956394118166489162252384294700584584289029105389386163727200899566624561500067082636773275366921135585316866423832392671090265108432810878260044212710583816029778265888214935489274527043644213431916548557995 0 0 0 0 0 0 0 0 0 0 0 0 0 0 0 0 0 0 0 0 0 0 0 0 0 0 0 0 0 0 0 0 0 0 0 0 0 0 0 0 0 0 0 0 0 0 0 0 0 0 0 0 0 0 0 0 0 0 0 0 0 0 0 0 0 0 0 0 0 1 0 0 0 0 0 0 0]
[235031802996905421338306835544005170350185358167443487759955589312440100101425320214667208469625734847935830594072740317770541006777100450906187983954822696462409449176771674322403787045647872807317602787358751860921740428320258697341 0 0 0 0 0 0 0 0 0 0 0 0 0 0 0 0 0 0 0 0 0 0 0 0 0 0 0 0 0 0 0 0 0 0 0 0 0 0 0 0 0 0 0 0 0 0 0 0 0 0 0 0 0 0 0 0 0 0 0 0 0 0 0 0 0 0 0 0 0 0 1 0 0 0 0 0 0]
[2910050192088063829912306495556082966992190697542045834344735170874431306113521397725440728643250072229128530490206026770015708710489706706903633803785924414535480610733215552306897274777663851650987213108139303835625514636631157547076 0 0 0 0 0 0 0 0 0 0 0 0 0 0 0 0 0 0 0 0 0 0 0 0 0 0 0 0 0 0 0 0 0 0 0 0 0 0 0 0 0 0 0 0 0 0 0 0 0 0 0 0 0 0 0 0 0 0 0 0 0 0 0 0 0 0 0 0 0 0 0 1 0 0 0 0 0]
[2364355452659954797234314173940583960926110520993127687636703371351286349118762675783851502338759848492544862412832862665353867606299478829081600689505003251466217605145844517136410043663351951136297300529355064580047805610168038746625 0 0 0 0 0 0 0 0 0 0 0 0 0 0 0 0 0 0 0 0 0 0 0 0 0 0 0 0 0 0 0 0 0 0 0 0 0 0 0 0 0 0 0 0 0 0 0 0 0 0 0 0 0 0 0 0 0 0 0 0 0 0 0 0 0 0 0 0 0 0 0 0 1 0 0 0 0]
[1014040433358673151823116932575542288376481683054209250253431015759469146392111998085013412930123684108819433559697437732376833684614044372125480481484764196027059556626523209119778218125388434896346015383287379024275343893227758798399 0 0 0 0 0 0 0 0 0 0 0 0 0 0 0 0 0 0 0 0 0 0 0 0 0 0 0 0 0 0 0 0 0 0 0 0 0 0 0 0 0 0 0 0 0 0 0 0 0 0 0 0 0 0 0 0 0 0 0 0 0 0 0 0 0 0 0 0 0 0 0 0 0 1 0 0 0]
[6149951868490157748272808622625943628171115613999692562638435535335643314005144263081877582787202856938420268948361849210807143545539957948457443342308623495543661757053838559029948165287294480702075442903454581632655928028319453658729 0 0 0 0 0 0 0 0 0 0 0 0 0 0 0 0 0 0 0 0 0 0 0 0 0 0 0 0 0 0 0 0 0 0 0 0 0 0 0 0 0 0 0 0 0 0 0 0 0 0 0 0 0 0 0 0 0 0 0 0 0 0 0 0 0 0 0 0 0 0 0 0 0 0 1 0 0]
[3739637166972331919434738158079095135556802655397686297618642679501242026055921508840641897015424873100871931079113976230838523812995083117067292684777152699874954105246736531471081513818446734726023194480694423038187683824493253890423 0 0 0 0 0 0 0 0 0 0 0 0 0 0 0 0 0 0 0 0 0 0 0 0 0 0 0 0 0 0 0 0 0 0 0 0 0 0 0 0 0 0 0 0 0 0 0 0 0 0 0 0 0 0 0 0 0 0 0 0 0 0 0 0 0 0 0 0 0 0 0 0 0 0 0 1 0]
[3054393171630351112257819992524484770180237621831861893471738620478428604606515422502935925020543577160228637852938820944341252885354785986209291365152560877032673949768758809539320594004557563611883616917829760553185228690325867357206 0 0 0 0 0 0 0 0 0 0 0 0 0 0 0 0 0 0 0 0 0 0 0 0 0 0 0 0 0 0 0 0 0 0 0 0 0 0 0 0 0 0 0 0 0 0 0 0 0 0 0 0 0 0 0 0 0 0 0 0 0 0 0 0 0 0 0 0 0 0 0 0 0 0 0 0 1]
]
