[[13152972234767572085127519715393487904251675794876876997403992731665523591925978453218766604550879069951779350605173863358676000105331171517291572020486313287417104863183031994285913021160861219658536720878125024085370914804274358663984942304399775436171911851253282696720492467845836244306828573162168079232982678572852506840377 0 0 0 0 0 0 0 0 0 0 0 0 0 0 0 0 0 0 0 0 0 0 0 0 0 0 0 0 0 0 0 0 0 0 0 0 0 0 0 0 0 0 0 0 0 0 0 0 0 0 0 0 0 0 0 0 0 0 0 0 0 0 0 0 0 0 0 0 0 0 0 0 0 0 0 0 0 0 0 0 0 0 0 0 0 0 0 0 0 0 0 0 0 0 0 0 0 0 0 0 0 0 0 0 0 0 0 0]
[10206227589694305993837866295855892670112303566175694329019562037370815494059041640825093578440913332623169975047361472060091578320600049601709183844498230886998601320482390492618468595099824059976019144430248883349010005436582068761132450706154017815131741042856991975486256332134721276620718247945735321423541976731445634301155 1 0 0 0 0 0 0 0 0 0 0 0 0 0 0 0 0 0 0 0 0 0 0 0 0 0 0 0 0 0 0 0 0 0 0 0 0 0 0 0 0 0 0 0 0 0 0 0 0 0 0 0 0 0 0 0 0 0 0 0 0 0 0 0 0 0 0 0 0 0 0 0 0 0 0 0 0 0 0 0 0 0 0 0 0 0 0 0 0 0 0 0 0 0 0 0 0 0 0 0 0 0 0 0 0 0 0 0]
[4842543853781590705852058715127978337295963204608546650191381948246627535818974563038617932808953591619711807680221646331705743073840170885549577821484212351054262454223956884336805117429168506228275708480924472693571170589699739563985202620620606322098340849476184133719277816753307120342368182284583280467841036956517550363081 0 1 0 0 0 0 0 0 0 0 0 0 0 0 0 0 0 0 0 0 0 0 0 0 0 0 0 0 0 0 0 0 0 0 0 0 0 0 0 0 0 0 0 0 0 0 0 0 0 0 0 0 0 0 0 0 0 0 0 0 0 0 0 0 0 0 0 0 0 0 0 0 0 0 0 0 0 0 0 0 0 0 0 0 0 0 0 0 0 0 0 0 0 0 0 0 0 0 0 0 0 0 0 0 0 0 0 0]
[2164654207510653272804102867874598887006176917663114721421384536342229039562156629523272344814128903199578244018671584379377014275210358967685593377215343851391316358908043085065271023533393149896480686514785530886078196898306243743383949021828490240530946806613186865941347772229752239408062001412745006608297620722252678998808 0 0 1 0 0 0 0 0 0 0 0 0 0 0 0 0 0 0 0 0 0 0 0 0 0 0 0 0 0 0 0 0 0 0 0 0 0 0 0 0 0 0 0 0 0 0 0 0 0 0 0 0 0 0 0 0 0 0 0 0 0 0 0 0 0 0 0 0 0 0 0 0 0 0 0 0 0 0 0 0 0 0 0 0 0 0 0 0 0 0 0 0 0 0 0 0 0 0 0 0 0 0 0 0 0 0 0 0]
[9711875277004583430034274411101079456680605818484490877513060127175226709531588843160757026073835750712904829246293671636575982648085429866354037408997408706143489414349907454864420720666899279970546367149509264555645764054796981835325826583727915684865663720189994710745091592949404870364360931051006479216627882310334669444593 0 0 0 1 0 0 0 0 0 0 0 0 0 0 0 0 0 0 0 0 0 0 0 0 0 0 0 0 0 0 0 0 0 0 0 0 0 0 0 0 0 0 0 0 0 0 0 0 0 0 0 0 0 0 0 0 0 0 0 0 0 0 0 0 0 0 0 0 0 0 0 0 0 0 0 0 0 0 0 0 0 0 0 0 0 0 0 0 0 0 0 0 0 0 0 0 0 0 0 0 0 0 0 0 0 0 0 0]
[11755937303091695747738699796261976727241696422307299548402871712984761465935480035286852147203183519857880424056098699324339921271037303561664985906388828923836046785874989745718025926092692603123097627019198768543074263834786190976190780946485185939027468333544415633955296338536867943788115917496035407177144299615724087734775 0 0 0 0 1 0 0 0 0 0 0 0 0 0 0 0 0 0 0 0 0 0 0 0 0 0 0 0 0 0 0 0 0 0 0 0 0 0 0 0 0 0 0 0 0 0 0 0 0 0 0 0 0 0 0 0 0 0 0 0 0 0 0 0 0 0 0 0 0 0 0 0 0 0 0 0 0 0 0 0 0 0 0 0 0 0 0 0 0 0 0 0 0 0 0 0 0 0 0 0 0 0 0 0 0 0 0 0]
[6361671162219262719951420877158002478743606808693870241847220930782587993697489977951293213228639402232418504206535941313031363102929119981303207253976503945404037299287063285388619995827633737131701912791429495944718721587508129908485929732135079593842817624918550441046983570498714276532337185086637499268440454937179946972327 0 0 0 0 0 1 0 0 0 0 0 0 0 0 0 0 0 0 0 0 0 0 0 0 0 0 0 0 0 0 0 0 0 0 0 0 0 0 0 0 0 0 0 0 0 0 0 0 0 0 0 0 0 0 0 0 0 0 0 0 0 0 0 0 0 0 0 0 0 0 0 0 0 0 0 0 0 0 0 0 0 0 0 0 0 0 0 0 0 0 0 0 0 0 0 0 0 0 0 0 0 0 0 0 0 0 0 0]
[8661056180200517217462435195714141115085234567492177350833725238316804848790346889127555536896929397920139262522388240693070456124517324529013988723100399429090984589001939716966725416394346107452997544546515798158158945380542716723050811809793638466550110150922019189736742501439719010565192437816466437215138360184772697075162 0 0 0 0 0 0 1 0 0 0 0 0 0 0 0 0 0 0 0 0 0 0 0 0 0 0 0 0 0 0 0 0 0 0 0 0 0 0 0 0 0 0 0 0 0 0 0 0 0 0 0 0 0 0 0 0 0 0 0 0 0 0 0 0 0 0 0 0 0 0 0 0 0 0 0 0 0 0 0 0 0 0 0 0 0 0 0 0 0 0 0 0 0 0 0 0 0 0 0 0 0 0 0 0 0 0 0 0]
[5380562881549449135697716207834793212576271392158598893594828362118469373062017569734605110524561037362076365192702970561997448259630162723476244517951225760685049469082265888071538631851240138641725275904683458591720479832802491573118626062834772576666406990026885199197610452494479880053822782525439058729609378460124156237980 0 0 0 0 0 0 0 1 0 0 0 0 0 0 0 0 0 0 0 0 0 0 0 0 0 0 0 0 0 0 0 0 0 0 0 0 0 0 0 0 0 0 0 0 0 0 0 0 0 0 0 0 0 0 0 0 0 0 0 0 0 0 0 0 0 0 0 0 0 0 0 0 0 0 0 0 0 0 0 0 0 0 0 0 0 0 0 0 0 0 0 0 0 0 0 0 0 0 0 0 0 0 0 0 0 0 0 0]
[9756543632986057711894978307342820871393279813074455523099941840652001845713668085746121713356605588791867238574403075960588362474265699231504101885809139236085620232220033315058840192677471799337787690425500115333195666327595793861135877686555458346281361897321566918496233163287273745869660156860360425691265799578918630427505 0 0 0 0 0 0 0 0 1 0 0 0 0 0 0 0 0 0 0 0 0 0 0 0 0 0 0 0 0 0 0 0 0 0 0 0 0 0 0 0 0 0 0 0 0 0 0 0 0 0 0 0 0 0 0 0 0 0 0 0 0 0 0 0 0 0 0 0 0 0 0 0 0 0 0 0 0 0 0 0 0 0 0 0 0 0 0 0 0 0 0 0 0 0 0 0 0 0 0 0 0 0 0 0 0 0 0 0]
[3498996464974334469355693986610769163328360468780867737930118299769071556700995048339759299852339336143555396078347902645762391723200075292239048073163058190933206613330854205840052744384516926602756844293058532799194422889751983130691537282224692449766920621833433784226278911429496952370366566153134562299729336933597722282321 0 0 0 0 0 0 0 0 0 1 0 0 0 0 0 0 0 0 0 0 0 0 0 0 0 0 0 0 0 0 0 0 0 0 0 0 0 0 0 0 0 0 0 0 0 0 0 0 0 0 0 0 0 0 0 0 0 0 0 0 0 0 0 0 0 0 0 0 0 0 0 0 0 0 0 0 0 0 0 0 0 0 0 0 0 0 0 0 0 0 0 0 0 0 0 0 0 0 0 0 0 0 0 0 0 0 0 0]
[8164732097807749113125727941627466382741964842686537484297165899674410328498040970261891646232868824147791220631910390181662932267236484288167170334756417411543930705369493831118539749963502713903011587347241729768795377335903650584298379835405440294352168842572685064803950535317829273503531826700582131679744388036636633937711 0 0 0 0 0 0 0 0 0 0 1 0 0 0 0 0 0 0 0 0 0 0 0 0 0 0 0 0 0 0 0 0 0 0 0 0 0 0 0 0 0 0 0 0 0 0 0 0 0 0 0 0 0 0 0 0 0 0 0 0 0 0 0 0 0 0 0 0 0 0 0 0 0 0 0 0 0 0 0 0 0 0 0 0 0 0 0 0 0 0 0 0 0 0 0 0 0 0 0 0 0 0 0 0 0 0 0 0]
[10989166279831288989874199033983607285501149346796646881947926795642715286880739720599480461308818929185484043194620687729521245391794023911418165744815341511257691477789620404437753750131689994734315124186496309592961940285822938324289944728741385296168873766734116620682042709994131678250118491419735879823659234149690619135448 0 0 0 0 0 0 0 0 0 0 0 1 0 0 0 0 0 0 0 0 0 0 0 0 0 0 0 0 0 0 0 0 0 0 0 0 0 0 0 0 0 0 0 0 0 0 0 0 0 0 0 0 0 0 0 0 0 0 0 0 0 0 0 0 0 0 0 0 0 0 0 0 0 0 0 0 0 0 0 0 0 0 0 0 0 0 0 0 0 0 0 0 0 0 0 0 0 0 0 0 0 0 0 0 0 0 0 0]
[9406298420943768137360446749451447489255550119870892713708997786936507240223900181574929279221433521595477526437245543896361715113312800870199584520055772194755011621131811325849779739966890892267664228920573676837550900661187990375681243993724125284015230077846104714544494693897224251470884335325657216951665643102049286525134 0 0 0 0 0 0 0 0 0 0 0 0 1 0 0 0 0 0 0 0 0 0 0 0 0 0 0 0 0 0 0 0 0 0 0 0 0 0 0 0 0 0 0 0 0 0 0 0 0 0 0 0 0 0 0 0 0 0 0 0 0 0 0 0 0 0 0 0 0 0 0 0 0 0 0 0 0 0 0 0 0 0 0 0 0 0 0 0 0 0 0 0 0 0 0 0 0 0 0 0 0 0 0 0 0 0 0 0]
[12201401821756535036117210226891467496663911181122856753529402269020457147933400567129105553619318090232613678879787651911207391219268665328421050655248461825706615925079739956310052938598153198750513270153125309191037203220452399112502730108344680456271534351152384192657296193272754654898622408756106204387556162754433923961070 0 0 0 0 0 0 0 0 0 0 0 0 0 1 0 0 0 0 0 0 0 0 0 0 0 0 0 0 0 0 0 0 0 0 0 0 0 0 0 0 0 0 0 0 0 0 0 0 0 0 0 0 0 0 0 0 0 0 0 0 0 0 0 0 0 0 0 0 0 0 0 0 0 0 0 0 0 0 0 0 0 0 0 0 0 0 0 0 0 0 0 0 0 0 0 0 0 0 0 0 0 0 0 0 0 0 0 0]
[731555981953609899875318679867639813570253482242328173437185546773015945890429861758644129814519826691277754049915185531861329270170892941486602269713250164404812147170943610861549127371010536181809647911354929286052233715778120045781216889281503233397105140620075172759863875514223677154135568363386095512540635855572031670978 0 0 0 0 0 0 0 0 0 0 0 0 0 0 1 0 0 0 0 0 0 0 0 0 0 0 0 0 0 0 0 0 0 0 0 0 0 0 0 0 0 0 0 0 0 0 0 0 0 0 0 0 0 0 0 0 0 0 0 0 0 0 0 0 0 0 0 0 0 0 0 0 0 0 0 0 0 0 0 0 0 0 0 0 0 0 0 0 0 0 0 0 0 0 0 0 0 0 0 0 0 0 0 0 0 0 0 0]
[3949248453123316410883647787779779974961797288560384956761565284912290525781641872505488437723426571491490988611103626655827398822725872145733193025273461511885713582467485630805584265084084087240830731179966861762958428048056398019846790647991057973995967249088292853078841199859928449652405850834411724361046677368293370516740 0 0 0 0 0 0 0 0 0 0 0 0 0 0 0 1 0 0 0 0 0 0 0 0 0 0 0 0 0 0 0 0 0 0 0 0 0 0 0 0 0 0 0 0 0 0 0 0 0 0 0 0 0 0 0 0 0 0 0 0 0 0 0 0 0 0 0 0 0 0 0 0 0 0 0 0 0 0 0 0 0 0 0 0 0 0 0 0 0 0 0 0 0 0 0 0 0 0 0 0 0 0 0 0 0 0 0 0]
[12392756397985515661281332303711322341533986085455095651685578955131445197802796210631932722885399598878955531733958033318076831548739776724621429467890742432406211263163999545142501450349980797054111510470656735741884968509774121421033911517750116603972342786945246441460432069891046422069357128591482525390186461801749721535779 0 0 0 0 0 0 0 0 0 0 0 0 0 0 0 0 1 0 0 0 0 0 0 0 0 0 0 0 0 0 0 0 0 0 0 0 0 0 0 0 0 0 0 0 0 0 0 0 0 0 0 0 0 0 0 0 0 0 0 0 0 0 0 0 0 0 0 0 0 0 0 0 0 0 0 0 0 0 0 0 0 0 0 0 0 0 0 0 0 0 0 0 0 0 0 0 0 0 0 0 0 0 0 0 0 0 0 0]
[5549862733887627870301338066335870312239450950120189254144518790707188192691990132418259297572197461602872234012001730577124874508775592019294632321040226028194564421233336642388577140100598039076535594582552005966845137947255131380991333450060477567134348840484799262756952426655873095868610696393784229313105686488479012522710 0 0 0 0 0 0 0 0 0 0 0 0 0 0 0 0 0 1 0 0 0 0 0 0 0 0 0 0 0 0 0 0 0 0 0 0 0 0 0 0 0 0 0 0 0 0 0 0 0 0 0 0 0 0 0 0 0 0 0 0 0 0 0 0 0 0 0 0 0 0 0 0 0 0 0 0 0 0 0 0 0 0 0 0 0 0 0 0 0 0 0 0 0 0 0 0 0 0 0 0 0 0 0 0 0 0 0 0]
[9420490431759400258913623794892118060268896297458550319435845464827445226954090437340439619247139597140732267963811194901615493336982120694380668743954087106076831486646195060845139766550942397295851023124648956923925176421733139749750694940732742319560597698223545449798943408851416800564914253105880438812827412873737005332071 0 0 0 0 0 0 0 0 0 0 0 0 0 0 0 0 0 0 1 0 0 0 0 0 0 0 0 0 0 0 0 0 0 0 0 0 0 0 0 0 0 0 0 0 0 0 0 0 0 0 0 0 0 0 0 0 0 0 0 0 0 0 0 0 0 0 0 0 0 0 0 0 0 0 0 0 0 0 0 0 0 0 0 0 0 0 0 0 0 0 0 0 0 0 0 0 0 0 0 0 0 0 0 0 0 0 0 0]
[7068090536309865045544853122116089125732993031876062168716286736948011885256497925935942915729383933353728479859294035858720181969276420762901476531765523699588117022057759482288752580443197577785552616702409909629155594308458446850181508417971578532150176455837145497916884598791123622857531428344760507935717491928168742119073 0 0 0 0 0 0 0 0 0 0 0 0 0 0 0 0 0 0 0 1 0 0 0 0 0 0 0 0 0 0 0 0 0 0 0 0 0 0 0 0 0 0 0 0 0 0 0 0 0 0 0 0 0 0 0 0 0 0 0 0 0 0 0 0 0 0 0 0 0 0 0 0 0 0 0 0 0 0 0 0 0 0 0 0 0 0 0 0 0 0 0 0 0 0 0 0 0 0 0 0 0 0 0 0 0 0 0 0]
[12918696894164653438310774485732409882319275667539273475987471346976064808746349309881475367642473367637192515677509331312143331225547387630028996311987489925809229026637834002483212782182727078614425625188080000305718282169145464218069810742072946926344211933904707611487526933606436114915181669822745473467167294749074577453993 0 0 0 0 0 0 0 0 0 0 0 0 0 0 0 0 0 0 0 0 1 0 0 0 0 0 0 0 0 0 0 0 0 0 0 0 0 0 0 0 0 0 0 0 0 0 0 0 0 0 0 0 0 0 0 0 0 0 0 0 0 0 0 0 0 0 0 0 0 0 0 0 0 0 0 0 0 0 0 0 0 0 0 0 0 0 0 0 0 0 0 0 0 0 0 0 0 0 0 0 0 0 0 0 0 0 0 0]
[3055397257156980124522774556992626274662222057276334161670260744652130888693043268120659140358121231632133088598245776485572407020625722773607151395477802639761783119997705370664499375428449516337859924029746410648651644215760419895416287714137777458087807081510633766960505820088895629434141786302219079175663089696324846589708 0 0 0 0 0 0 0 0 0 0 0 0 0 0 0 0 0 0 0 0 0 1 0 0 0 0 0 0 0 0 0 0 0 0 0 0 0 0 0 0 0 0 0 0 0 0 0 0 0 0 0 0 0 0 0 0 0 0 0 0 0 0 0 0 0 0 0 0 0 0 0 0 0 0 0 0 0 0 0 0 0 0 0 0 0 0 0 0 0 0 0 0 0 0 0 0 0 0 0 0 0 0 0 0 0 0 0 0]
[4879354547815134978965944957580966760795204522644347374469493946310717213112972091711880715230646330512270936317551534264589660110176787683545013432239945884258163325620736433333845152629337510612596506889569556606005661859480730487196280832223986681594406769487672143019061875508366075170540568893233535595824227530222179075682 0 0 0 0 0 0 0 0 0 0 0 0 0 0 0 0 0 0 0 0 0 0 1 0 0 0 0 0 0 0 0 0 0 0 0 0 0 0 0 0 0 0 0 0 0 0 0 0 0 0 0 0 0 0 0 0 0 0 0 0 0 0 0 0 0 0 0 0 0 0 0 0 0 0 0 0 0 0 0 0 0 0 0 0 0 0 0 0 0 0 0 0 0 0 0 0 0 0 0 0 0 0 0 0 0 0 0 0]
[9987440079094513047349534953998913220198521857484381243768844363912331028969189076892065400013935692337091726361750305925855902035224750926686062737500403549994218214107053916769178879813590389861182257119058574879654068214271309905518491691956559438188273868312924972604309826285670394202389779800701218904144905872724458202076 0 0 0 0 0 0 0 0 0 0 0 0 0 0 0 0 0 0 0 0 0 0 0 1 0 0 0 0 0 0 0 0 0 0 0 0 0 0 0 0 0 0 0 0 0 0 0 0 0 0 0 0 0 0 0 0 0 0 0 0 0 0 0 0 0 0 0 0 0 0 0 0 0 0 0 0 0 0 0 0 0 0 0 0 0 0 0 0 0 0 0 0 0 0 0 0 0 0 0 0 0 0 0 0 0 0 0 0]
[5063248352039149924377143744120448547144578944964657781422687793315279073833248821013934619433371649907321164216003129553613135460234529539374914417684752428694435120562732532154441696246996508898930688745272075246010981146056007809581083611439175432431062922869832808653572289281993284711020428630744141879745441006636776276744 0 0 0 0 0 0 0 0 0 0 0 0 0 0 0 0 0 0 0 0 0 0 0 0 1 0 0 0 0 0 0 0 0 0 0 0 0 0 0 0 0 0 0 0 0 0 0 0 0 0 0 0 0 0 0 0 0 0 0 0 0 0 0 0 0 0 0 0 0 0 0 0 0 0 0 0 0 0 0 0 0 0 0 0 0 0 0 0 0 0 0 0 0 0 0 0 0 0 0 0 0 0 0 0 0 0 0 0]
[11760761809501780776877333031911257534886388890954273079521382800892919139302554238711572742550605662270557850859666825832780974075202676083748427352169447828845474963035564557333325865574357672818231046812272865876764552621940090661523466486488627925916440323251033566550845735245750298845159190535518291864004594766304191594725 0 0 0 0 0 0 0 0 0 0 0 0 0 0 0 0 0 0 0 0 0 0 0 0 0 1 0 0 0 0 0 0 0 0 0 0 0 0 0 0 0 0 0 0 0 0 0 0 0 0 0 0 0 0 0 0 0 0 0 0 0 0 0 0 0 0 0 0 0 0 0 0 0 0 0 0 0 0 0 0 0 0 0 0 0 0 0 0 0 0 0 0 0 0 0 0 0 0 0 0 0 0 0 0 0 0 0 0]
[2278058822284613566404782855947369128501376314942408841300211260575461786131288415108335129640474584700381489743736279655381915482498037309318816300852574686400265209590069985722038645606802660092385592599877102665673411279546613553868714255913615567913221453907285094871491666084257407553091359894076448085728618873216953876587 0 0 0 0 0 0 0 0 0 0 0 0 0 0 0 0 0 0 0 0 0 0 0 0 0 0 1 0 0 0 0 0 0 0 0 0 0 0 0 0 0 0 0 0 0 0 0 0 0 0 0 0 0 0 0 0 0 0 0 0 0 0 0 0 0 0 0 0 0 0 0 0 0 0 0 0 0 0 0 0 0 0 0 0 0 0 0 0 0 0 0 0 0 0 0 0 0 0 0 0 0 0 0 0 0 0 0 0]
[9762681063832434732262631491952096899493121166268194339917641661803038445654736822605992369693909285148067796857934091759432292188529582572848989587527970149194499834615415229261097144458985565909624524545032212332421517136515993232919167854838189304887950197809634922132791774511565325678554555191655432873158864555733901403658 0 0 0 0 0 0 0 0 0 0 0 0 0 0 0 0 0 0 0 0 0 0 0 0 0 0 0 1 0 0 0 0 0 0 0 0 0 0 0 0 0 0 0 0 0 0 0 0 0 0 0 0 0 0 0 0 0 0 0 0 0 0 0 0 0 0 0 0 0 0 0 0 0 0 0 0 0 0 0 0 0 0 0 0 0 0 0 0 0 0 0 0 0 0 0 0 0 0 0 0 0 0 0 0 0 0 0 0]
[9450385540429083934812944449119623850884994438140153979336861073706705120370598229389769056512552073194917330424417456823615298468134711130747466761472469862696961192163516133590638705035345878975347498094590711355109197896746967234083273773792864169636007800492480276866401320467518009206983886007374797454905064244468284695479 0 0 0 0 0 0 0 0 0 0 0 0 0 0 0 0 0 0 0 0 0 0 0 0 0 0 0 0 1 0 0 0 0 0 0 0 0 0 0 0 0 0 0 0 0 0 0 0 0 0 0 0 0 0 0 0 0 0 0 0 0 0 0 0 0 0 0 0 0 0 0 0 0 0 0 0 0 0 0 0 0 0 0 0 0 0 0 0 0 0 0 0 0 0 0 0 0 0 0 0 0 0 0 0 0 0 0 0]
[6828720529215043090110050079120370202833877993448641032187200205288123097263526687460842568330058434611910531400254380550767665328512622524957660141949193002934021001123928120208719636264803357190405748355033443389948634016192216939781422989079705396047686525596284186009604088403531934891886396457492456820734151519720943288672 0 0 0 0 0 0 0 0 0 0 0 0 0 0 0 0 0 0 0 0 0 0 0 0 0 0 0 0 0 1 0 0 0 0 0 0 0 0 0 0 0 0 0 0 0 0 0 0 0 0 0 0 0 0 0 0 0 0 0 0 0 0 0 0 0 0 0 0 0 0 0 0 0 0 0 0 0 0 0 0 0 0 0 0 0 0 0 0 0 0 0 0 0 0 0 0 0 0 0 0 0 0 0 0 0 0 0 0]
[3886933153248768245526119458095964784988899124681062638767730618799128596991937554273574113044723469260171347970813235368962117714207359994804086667707757409976802485841579936880267569242233136894202401702135420028063022201780609470960906621375691228460583063163451583343260724706231795373490298433594240021703262820050649140473 0 0 0 0 0 0 0 0 0 0 0 0 0 0 0 0 0 0 0 0 0 0 0 0 0 0 0 0 0 0 1 0 0 0 0 0 0 0 0 0 0 0 0 0 0 0 0 0 0 0 0 0 0 0 0 0 0 0 0 0 0 0 0 0 0 0 0 0 0 0 0 0 0 0 0 0 0 0 0 0 0 0 0 0 0 0 0 0 0 0 0 0 0 0 0 0 0 0 0 0 0 0 0 0 0 0 0 0]
[12298643602330305714460059982441267354237386405910781281866999824352747347430845851069127150177626762413971717231560795004008765242200757809070337684654517860591680676364266990726434945749503996220380905192367869493819012837469419846304131546365338406904793543802005786664278502896043586092632775165869857041529875225924936783752 0 0 0 0 0 0 0 0 0 0 0 0 0 0 0 0 0 0 0 0 0 0 0 0 0 0 0 0 0 0 0 1 0 0 0 0 0 0 0 0 0 0 0 0 0 0 0 0 0 0 0 0 0 0 0 0 0 0 0 0 0 0 0 0 0 0 0 0 0 0 0 0 0 0 0 0 0 0 0 0 0 0 0 0 0 0 0 0 0 0 0 0 0 0 0 0 0 0 0 0 0 0 0 0 0 0 0 0]
[4385146627942186318458021034584053360243758336141475288042364234177586018550650050772902285986282667480972925235762604489846038927505115980950631465626017011462592255716329454180710742993578994200551369012277467646465802465680376965116132690396515424953117711458120383938964848117898836966661626470649181899185450015934688291033 0 0 0 0 0 0 0 0 0 0 0 0 0 0 0 0 0 0 0 0 0 0 0 0 0 0 0 0 0 0 0 0 1 0 0 0 0 0 0 0 0 0 0 0 0 0 0 0 0 0 0 0 0 0 0 0 0 0 0 0 0 0 0 0 0 0 0 0 0 0 0 0 0 0 0 0 0 0 0 0 0 0 0 0 0 0 0 0 0 0 0 0 0 0 0 0 0 0 0 0 0 0 0 0 0 0 0 0]
[7171123874101969101561603461816687091594601333354289097123180783977301480552702925530666699616771092499730494418499929603092154506484493838358903493337012310085625201983594846505986440979330569555553886542560582732933590811936231977493904042836435620834417176676384425298755230515244239964084115168236300875127180705449668530797 0 0 0 0 0 0 0 0 0 0 0 0 0 0 0 0 0 0 0 0 0 0 0 0 0 0 0 0 0 0 0 0 0 1 0 0 0 0 0 0 0 0 0 0 0 0 0 0 0 0 0 0 0 0 0 0 0 0 0 0 0 0 0 0 0 0 0 0 0 0 0 0 0 0 0 0 0 0 0 0 0 0 0 0 0 0 0 0 0 0 0 0 0 0 0 0 0 0 0 0 0 0 0 0 0 0 0 0]
[11464196188444422328100888064035177229341462998033234794405150745745876073239753434659280390185538411610394490405678090670725909783451402479839425615515389692041677143185819993526266467027141595617498257710557453204174064783107864926165613205351569396129556414894789235623769905927222678222012535770636402084007368413901058486135 0 0 0 0 0 0 0 0 0 0 0 0 0 0 0 0 0 0 0 0 0 0 0 0 0 0 0 0 0 0 0 0 0 0 1 0 0 0 0 0 0 0 0 0 0 0 0 0 0 0 0 0 0 0 0 0 0 0 0 0 0 0 0 0 0 0 0 0 0 0 0 0 0 0 0 0 0 0 0 0 0 0 0 0 0 0 0 0 0 0 0 0 0 0 0 0 0 0 0 0 0 0 0 0 0 0 0 0]
[1978365969981623943622131048801064372843618566417660336552618937887719150631055268718940777270492299062793101782416955728242312630198994778151434405329326062557085718144673437767292897678891259327260430352551755424125879300838947818569529776871154841960631853078864393265472426680305590744482374431404173108565253395814464181052 0 0 0 0 0 0 0 0 0 0 0 0 0 0 0 0 0 0 0 0 0 0 0 0 0 0 0 0 0 0 0 0 0 0 0 1 0 0 0 0 0 0 0 0 0 0 0 0 0 0 0 0 0 0 0 0 0 0 0 0 0 0 0 0 0 0 0 0 0 0 0 0 0 0 0 0 0 0 0 0 0 0 0 0 0 0 0 0 0 0 0 0 0 0 0 0 0 0 0 0 0 0 0 0 0 0 0 0]
[12837425253425169529040806093598256805637221675075891367303303134548159388532297589003324615799415988871530907161890377379279305353667114011840716347069923290224240545904884335297319595468730106470514208919262691515722447050221363762224112494622364406485007858252806942017019105566668327675381776933946767468846413667792256006977 0 0 0 0 0 0 0 0 0 0 0 0 0 0 0 0 0 0 0 0 0 0 0 0 0 0 0 0 0 0 0 0 0 0 0 0 1 0 0 0 0 0 0 0 0 0 0 0 0 0 0 0 0 0 0 0 0 0 0 0 0 0 0 0 0 0 0 0 0 0 0 0 0 0 0 0 0 0 0 0 0 0 0 0 0 0 0 0 0 0 0 0 0 0 0 0 0 0 0 0 0 0 0 0 0 0 0 0]
[8336577305789045403889818688463244141234937051482440753792853575271339798722107697240902013681334869234169590278309174269469620201626648298730836095727139515653102595708323157097558868487505398638291864522031131778221420370654130743261895958673235152940838236355895599858238706385559132595173015427683534770942417076953356499880 0 0 0 0 0 0 0 0 0 0 0 0 0 0 0 0 0 0 0 0 0 0 0 0 0 0 0 0 0 0 0 0 0 0 0 0 0 1 0 0 0 0 0 0 0 0 0 0 0 0 0 0 0 0 0 0 0 0 0 0 0 0 0 0 0 0 0 0 0 0 0 0 0 0 0 0 0 0 0 0 0 0 0 0 0 0 0 0 0 0 0 0 0 0 0 0 0 0 0 0 0 0 0 0 0 0 0 0]
[11360564020717147472844762412774495336975760491023931831897652660289920232935369063776848385962472574243419046976495625635965517544715631285026407496351012521527864584909986272064154689192833217248951899850234002190518024704023492298066212921426680786868008305958322178973889023840577746305721929900420914871596231578382255530539 0 0 0 0 0 0 0 0 0 0 0 0 0 0 0 0 0 0 0 0 0 0 0 0 0 0 0 0 0 0 0 0 0 0 0 0 0 0 1 0 0 0 0 0 0 0 0 0 0 0 0 0 0 0 0 0 0 0 0 0 0 0 0 0 0 0 0 0 0 0 0 0 0 0 0 0 0 0 0 0 0 0 0 0 0 0 0 0 0 0 0 0 0 0 0 0 0 0 0 0 0 0 0 0 0 0 0 0]
[10011657395669433709097396154419864639733657482820291320139781449140153203723531319603278809276950737334384375536685743208927684886521756270441728664444320340382281439158734382421810183436802233576592078549298359157635512206401285008825489802918980234724214736540521348863284562589476828272144460901589763787883214337693006333551 0 0 0 0 0 0 0 0 0 0 0 0 0 0 0 0 0 0 0 0 0 0 0 0 0 0 0 0 0 0 0 0 0 0 0 0 0 0 0 1 0 0 0 0 0 0 0 0 0 0 0 0 0 0 0 0 0 0 0 0 0 0 0 0 0 0 0 0 0 0 0 0 0 0 0 0 0 0 0 0 0 0 0 0 0 0 0 0 0 0 0 0 0 0 0 0 0 0 0 0 0 0 0 0 0 0 0 0]
[2907884836186489764562064948177301121261814193662347014087509390508040313085386499364721267881396094400072447132873111417573815512633555706634015363738020490274752716161305551878107997372390632713917045014677441369921239223518224092786131673523654531116928809918870567323972137653237318085434901972505552913721699550079302260435 0 0 0 0 0 0 0 0 0 0 0 0 0 0 0 0 0 0 0 0 0 0 0 0 0 0 0 0 0 0 0 0 0 0 0 0 0 0 0 0 1 0 0 0 0 0 0 0 0 0 0 0 0 0 0 0 0 0 0 0 0 0 0 0 0 0 0 0 0 0 0 0 0 0 0 0 0 0 0 0 0 0 0 0 0 0 0 0 0 0 0 0 0 0 0 0 0 0 0 0 0 0 0 0 0 0 0 0]
[3776122830338737204960742866252884345256513580636122144161963179278313670962638012403803024251076609943499260442056858479500968108798141397367947759104805167287810336726035430421569308463025268542428562164272804313180861206473127219780393759759284769645161837156596682987310972708285056210352201523192161602495777983433309936312 0 0 0 0 0 0 0 0 0 0 0 0 0 0 0 0 0 0 0 0 0 0 0 0 0 0 0 0 0 0 0 0 0 0 0 0 0 0 0 0 0 1 0 0 0 0 0 0 0 0 0 0 0 0 0 0 0 0 0 0 0 0 0 0 0 0 0 0 0 0 0 0 0 0 0 0 0 0 0 0 0 0 0 0 0 0 0 0 0 0 0 0 0 0 0 0 0 0 0 0 0 0 0 0 0 0 0 0]
[4657431107057938736798289379215331221660729302873996045261755190804039381656090782649763457074668195628926729563272039139438036941609948917385108807527044870243170055039829845755440208487160545408002013338718528741229037117857662580811498602790399811053385644285237990499617121217117869492186999986167441319344275911840100505882 0 0 0 0 0 0 0 0 0 0 0 0 0 0 0 0 0 0 0 0 0 0 0 0 0 0 0 0 0 0 0 0 0 0 0 0 0 0 0 0 0 0 1 0 0 0 0 0 0 0 0 0 0 0 0 0 0 0 0 0 0 0 0 0 0 0 0 0 0 0 0 0 0 0 0 0 0 0 0 0 0 0 0 0 0 0 0 0 0 0 0 0 0 0 0 0 0 0 0 0 0 0 0 0 0 0 0 0]
[4976090386228844167774675441984726786633190094059633496680011236256936619969300075689692985967325893943831679986537289750840013088251116973061522978968066642543474026767632576094051634995285674695608838053852620704116999488174587734178209600087783806572923277948057660507275000114067598734567952352754414629860089372000377208629 0 0 0 0 0 0 0 0 0 0 0 0 0 0 0 0 0 0 0 0 0 0 0 0 0 0 0 0 0 0 0 0 0 0 0 0 0 0 0 0 0 0 0 1 0 0 0 0 0 0 0 0 0 0 0 0 0 0 0 0 0 0 0 0 0 0 0 0 0 0 0 0 0 0 0 0 0 0 0 0 0 0 0 0 0 0 0 0 0 0 0 0 0 0 0 0 0 0 0 0 0 0 0 0 0 0 0 0]
[5077956540205080251336085825810121928423451887816951547769219044572141656505456456348731681211330103924996237917351342217203340696581105346008623465360706471414174052860084674901693042901250987677506245095203429283189710302957524239966841313438283834402188250000390401454155538165993564691029942261583091038231996298730145894602 0 0 0 0 0 0 0 0 0 0 0 0 0 0 0 0 0 0 0 0 0 0 0 0 0 0 0 0 0 0 0 0 0 0 0 0 0 0 0 0 0 0 0 0 1 0 0 0 0 0 0 0 0 0 0 0 0 0 0 0 0 0 0 0 0 0 0 0 0 0 0 0 0 0 0 0 0 0 0 0 0 0 0 0 0 0 0 0 0 0 0 0 0 0 0 0 0 0 0 0 0 0 0 0 0 0 0 0]
[1524215609186595180226308165244241950761364367536064190719681419373475634369981585041925928065685013659218054860088416229764228524796391472810708307503783446988907481844072626316653163534000463652890671243888818933411116248435229804857492742605957409670283792015610841261310753354883999500341521533678951233992537399302116911996 0 0 0 0 0 0 0 0 0 0 0 0 0 0 0 0 0 0 0 0 0 0 0 0 0 0 0 0 0 0 0 0 0 0 0 0 0 0 0 0 0 0 0 0 0 1 0 0 0 0 0 0 0 0 0 0 0 0 0 0 0 0 0 0 0 0 0 0 0 0 0 0 0 0 0 0 0 0 0 0 0 0 0 0 0 0 0 0 0 0 0 0 0 0 0 0 0 0 0 0 0 0 0 0 0 0 0 0]
[4564948228395750495443801865367137203036673616025084992289577449668395296941515156925398127543317334281359889192153125362068851012592227755223220156900936439805445459429713095501427416746518027353703969689861406668602059480641336230234130988966363130487066306201829689197239529816829807596640372255504394329498271917100986590182 0 0 0 0 0 0 0 0 0 0 0 0 0 0 0 0 0 0 0 0 0 0 0 0 0 0 0 0 0 0 0 0 0 0 0 0 0 0 0 0 0 0 0 0 0 0 1 0 0 0 0 0 0 0 0 0 0 0 0 0 0 0 0 0 0 0 0 0 0 0 0 0 0 0 0 0 0 0 0 0 0 0 0 0 0 0 0 0 0 0 0 0 0 0 0 0 0 0 0 0 0 0 0 0 0 0 0 0]
[1707546933732866699778276503602570936186066422008793842564535234602313130357634747835725855211589345892561988577954323311119454725849751325017992369051356310244825836864536755606618798126787485898465851447088692288208293575295744305798146595066241599072118061619585283699117524918282227103143332847117125264076535028997087271530 0 0 0 0 0 0 0 0 0 0 0 0 0 0 0 0 0 0 0 0 0 0 0 0 0 0 0 0 0 0 0 0 0 0 0 0 0 0 0 0 0 0 0 0 0 0 0 1 0 0 0 0 0 0 0 0 0 0 0 0 0 0 0 0 0 0 0 0 0 0 0 0 0 0 0 0 0 0 0 0 0 0 0 0 0 0 0 0 0 0 0 0 0 0 0 0 0 0 0 0 0 0 0 0 0 0 0 0]
[11442080438200642396269297003600214724840978065062580397335334303222566769388257653486286035452837891810469862369346624946404428246856242596171762806618954741047767407221145459310214799696085960350525465079970282172571107107216301874755674658384664253076525491008948312211939022416931124457773113378748053666582673386182537403109 0 0 0 0 0 0 0 0 0 0 0 0 0 0 0 0 0 0 0 0 0 0 0 0 0 0 0 0 0 0 0 0 0 0 0 0 0 0 0 0 0 0 0 0 0 0 0 0 1 0 0 0 0 0 0 0 0 0 0 0 0 0 0 0 0 0 0 0 0 0 0 0 0 0 0 0 0 0 0 0 0 0 0 0 0 0 0 0 0 0 0 0 0 0 0 0 0 0 0 0 0 0 0 0 0 0 0 0]
[11790339524420635052721129512790518232784504070753660559297934248469747428337293924497949661207703569896712224618674338951052727928872253667896214743759879714068215008674669389514119874727217148853675898767297777739480541076068556204103174887427423786476576156765531234350510037142538125346936563076228606472955270133819622817889 0 0 0 0 0 0 0 0 0 0 0 0 0 0 0 0 0 0 0 0 0 0 0 0 0 0 0 0 0 0 0 0 0 0 0 0 0 0 0 0 0 0 0 0 0 0 0 0 0 1 0 0 0 0 0 0 0 0 0 0 0 0 0 0 0 0 0 0 0 0 0 0 0 0 0 0 0 0 0 0 0 0 0 0 0 0 0 0 0 0 0 0 0 0 0 0 0 0 0 0 0 0 0 0 0 0 0 0]
[7234032366485170512553069724827204205179666055257551668612984509759596929275584623391441452860856987367459460730950719486751520006352905988443526604697626186206102321983904413390094091874755715335412057085988288300364685360383939401399551258989660283114081152379290965674582960883741240956322475647994772220892397367531044252077 0 0 0 0 0 0 0 0 0 0 0 0 0 0 0 0 0 0 0 0 0 0 0 0 0 0 0 0 0 0 0 0 0 0 0 0 0 0 0 0 0 0 0 0 0 0 0 0 0 0 1 0 0 0 0 0 0 0 0 0 0 0 0 0 0 0 0 0 0 0 0 0 0 0 0 0 0 0 0 0 0 0 0 0 0 0 0 0 0 0 0 0 0 0 0 0 0 0 0 0 0 0 0 0 0 0 0 0]
[4976699068256676855326787337826763830789302248063500700418797562734771205585524263015189216972475885352339873315847419766554775801438704005264817085653971104555366998852917180590439012311441050004358712699157955759361718375486861470968317949656678945529728319447228864659487428251678995764271990674620530673504202604732661828544 0 0 0 0 0 0 0 0 0 0 0 0 0 0 0 0 0 0 0 0 0 0 0 0 0 0 0 0 0 0 0 0 0 0 0 0 0 0 0 0 0 0 0 0 0 0 0 0 0 0 0 1 0 0 0 0 0 0 0 0 0 0 0 0 0 0 0 0 0 0 0 0 0 0 0 0 0 0 0 0 0 0 0 0 0 0 0 0 0 0 0 0 0 0 0 0 0 0 0 0 0 0 0 0 0 0 0 0]
[4524094351921385180899332068429879927530788056631736426398654291575280501634019169484657162798466601416988106141285420445416500470053990184238094826686879239950583825501974869043944067386683608763819655645559641632372600872679313676829257437881314387548161356730001923628727355340061682721913842821028092050797220265070720707337 0 0 0 0 0 0 0 0 0 0 0 0 0 0 0 0 0 0 0 0 0 0 0 0 0 0 0 0 0 0 0 0 0 0 0 0 0 0 0 0 0 0 0 0 0 0 0 0 0 0 0 0 1 0 0 0 0 0 0 0 0 0 0 0 0 0 0 0 0 0 0 0 0 0 0 0 0 0 0 0 0 0 0 0 0 0 0 0 0 0 0 0 0 0 0 0 0 0 0 0 0 0 0 0 0 0 0 0]
[7171560953962523228780209691728355257342151865615793857168839893843410019125974216910794881172167257720504574877599362304688554958750352401251898673683571299892858087251743989945294835260312928711058913762769589409445032807126784433388776367087695967979587165327999657445768388627789224714944615811904288818054725843233761482225 0 0 0 0 0 0 0 0 0 0 0 0 0 0 0 0 0 0 0 0 0 0 0 0 0 0 0 0 0 0 0 0 0 0 0 0 0 0 0 0 0 0 0 0 0 0 0 0 0 0 0 0 0 1 0 0 0 0 0 0 0 0 0 0 0 0 0 0 0 0 0 0 0 0 0 0 0 0 0 0 0 0 0 0 0 0 0 0 0 0 0 0 0 0 0 0 0 0 0 0 0 0 0 0 0 0 0 0]
[7033126616839290880294981113450578528940083215020907030646106988521684680932049248127672910817360513745588769822258414444227914720043104963669140892835586424531390803946111401191486103584602347889230485828988806272178557361168492908066314382340341910163731173846627307851290870777912104878071636035878301422526354177341450966415 0 0 0 0 0 0 0 0 0 0 0 0 0 0 0 0 0 0 0 0 0 0 0 0 0 0 0 0 0 0 0 0 0 0 0 0 0 0 0 0 0 0 0 0 0 0 0 0 0 0 0 0 0 0 1 0 0 0 0 0 0 0 0 0 0 0 0 0 0 0 0 0 0 0 0 0 0 0 0 0 0 0 0 0 0 0 0 0 0 0 0 0 0 0 0 0 0 0 0 0 0 0 0 0 0 0 0 0]
[13061651787219994385436628684471718237303430273407358431551774833084406054013203747136200622161986768740098462190185095033705928633079340693934914971686663307565726357186538731382368457025036172068023620348550483101048511169911810260130853915088942424341512291167173773648899818895048835965141006072767733330884313541913416661698 0 0 0 0 0 0 0 0 0 0 0 0 0 0 0 0 0 0 0 0 0 0 0 0 0 0 0 0 0 0 0 0 0 0 0 0 0 0 0 0 0 0 0 0 0 0 0 0 0 0 0 0 0 0 0 1 0 0 0 0 0 0 0 0 0 0 0 0 0 0 0 0 0 0 0 0 0 0 0 0 0 0 0 0 0 0 0 0 0 0 0 0 0 0 0 0 0 0 0 0 0 0 0 0 0 0 0 0]
[4991520859197978141142320220112599228261077132504840072288604129583457441557476296588194566888409666080743153139740639068611273548699783245982353112396477871548118389896994400435874865919799999428713659476878290200696173725252586771965128561706466155358674084865362044719275474678701957153133278114868410929250974651513743720272 0 0 0 0 0 0 0 0 0 0 0 0 0 0 0 0 0 0 0 0 0 0 0 0 0 0 0 0 0 0 0 0 0 0 0 0 0 0 0 0 0 0 0 0 0 0 0 0 0 0 0 0 0 0 0 0 1 0 0 0 0 0 0 0 0 0 0 0 0 0 0 0 0 0 0 0 0 0 0 0 0 0 0 0 0 0 0 0 0 0 0 0 0 0 0 0 0 0 0 0 0 0 0 0 0 0 0 0]
[8636583989458617217683998568562250010338409711097954927948888800963581229811774162093213999989197511659019821086403765014483840606335006494510883980201217419045391429980981788517978096312915740615611947948714562508254563091899835441682173843619341217855152915689420319419803545225654370718117428148888736291129391927784372125167 0 0 0 0 0 0 0 0 0 0 0 0 0 0 0 0 0 0 0 0 0 0 0 0 0 0 0 0 0 0 0 0 0 0 0 0 0 0 0 0 0 0 0 0 0 0 0 0 0 0 0 0 0 0 0 0 0 1 0 0 0 0 0 0 0 0 0 0 0 0 0 0 0 0 0 0 0 0 0 0 0 0 0 0 0 0 0 0 0 0 0 0 0 0 0 0 0 0 0 0 0 0 0 0 0 0 0 0]
[10638424708158109764403171749306032820418106119560187341182399021879198118238695929417939022393155108198471761924415750026497323323622523708365805677874578413118848333663596450922035261902331325718790668777843528049007789178130363140701436332917280793127344359075259466717774532072042407504629492605264887595320435716515993401734 0 0 0 0 0 0 0 0 0 0 0 0 0 0 0 0 0 0 0 0 0 0 0 0 0 0 0 0 0 0 0 0 0 0 0 0 0 0 0 0 0 0 0 0 0 0 0 0 0 0 0 0 0 0 0 0 0 0 1 0 0 0 0 0 0 0 0 0 0 0 0 0 0 0 0 0 0 0 0 0 0 0 0 0 0 0 0 0 0 0 0 0 0 0 0 0 0 0 0 0 0 0 0 0 0 0 0 0]
[7952103322926486165664109184153095637577093055828168836789097974875668274917917020752327895965187186658626520705881331792542143375435926444240218487612046480683194804006249627692912259667333701090968942192050896441306608812310395413749851986062559057181897314307931332330764607665063345067709091357146249788784408569257307399983 0 0 0 0 0 0 0 0 0 0 0 0 0 0 0 0 0 0 0 0 0 0 0 0 0 0 0 0 0 0 0 0 0 0 0 0 0 0 0 0 0 0 0 0 0 0 0 0 0 0 0 0 0 0 0 0 0 0 0 1 0 0 0 0 0 0 0 0 0 0 0 0 0 0 0 0 0 0 0 0 0 0 0 0 0 0 0 0 0 0 0 0 0 0 0 0 0 0 0 0 0 0 0 0 0 0 0 0]
[11045613216162468952997223775945633113838059093574153592997302511379941328859854716799050423623959724310086532763872880184803850935575850728058021930542336298519127249483972061920312897717102863449197148342776035224439198670026264021209354048718440892043917901103485551613830536755340572797771715727655065351875178715191487566330 0 0 0 0 0 0 0 0 0 0 0 0 0 0 0 0 0 0 0 0 0 0 0 0 0 0 0 0 0 0 0 0 0 0 0 0 0 0 0 0 0 0 0 0 0 0 0 0 0 0 0 0 0 0 0 0 0 0 0 0 1 0 0 0 0 0 0 0 0 0 0 0 0 0 0 0 0 0 0 0 0 0 0 0 0 0 0 0 0 0 0 0 0 0 0 0 0 0 0 0 0 0 0 0 0 0 0 0]
[3592745503504843011142603969080043550148792475612047620843530490844126752011342750771543593448726959974114819840675841980257733330376457378314479887983842437816193263494723555598050197559281702952756069227487521228227269179628902986409617913831908700643783243294494436324449735182209604269282697597534607079885944564000732594093 0 0 0 0 0 0 0 0 0 0 0 0 0 0 0 0 0 0 0 0 0 0 0 0 0 0 0 0 0 0 0 0 0 0 0 0 0 0 0 0 0 0 0 0 0 0 0 0 0 0 0 0 0 0 0 0 0 0 0 0 0 1 0 0 0 0 0 0 0 0 0 0 0 0 0 0 0 0 0 0 0 0 0 0 0 0 0 0 0 0 0 0 0 0 0 0 0 0 0 0 0 0 0 0 0 0 0 0]
[9867355306829252628285123332162068069013196808281929767766158596911462449801129602421892184717820755670168543124883503491007578348735345789845146999858718730131612590840683205954493420041611982131168832797587215704055576954150982235819013444757430137823941860395895629508063150615710333453147116130574438121953476880679474323683 0 0 0 0 0 0 0 0 0 0 0 0 0 0 0 0 0 0 0 0 0 0 0 0 0 0 0 0 0 0 0 0 0 0 0 0 0 0 0 0 0 0 0 0 0 0 0 0 0 0 0 0 0 0 0 0 0 0 0 0 0 0 1 0 0 0 0 0 0 0 0 0 0 0 0 0 0 0 0 0 0 0 0 0 0 0 0 0 0 0 0 0 0 0 0 0 0 0 0 0 0 0 0 0 0 0 0 0]
[1525404382038324237157113907455253567863712201750299177594983846358816988584533945181124034090419548348063458697898223909814089440501467184855653280580507046847879746061361722764171354916282379693598310791238919144570576113551145421571361486035167668158298407040081605588002599895855550698904507902946335714408499744685558512350 0 0 0 0 0 0 0 0 0 0 0 0 0 0 0 0 0 0 0 0 0 0 0 0 0 0 0 0 0 0 0 0 0 0 0 0 0 0 0 0 0 0 0 0 0 0 0 0 0 0 0 0 0 0 0 0 0 0 0 0 0 0 0 1 0 0 0 0 0 0 0 0 0 0 0 0 0 0 0 0 0 0 0 0 0 0 0 0 0 0 0 0 0 0 0 0 0 0 0 0 0 0 0 0 0 0 0 0]
[8694179637140922889283283792833280602328733794400292684289093937280382373243937916594722851971634716316154603741623310658344372239912080550133401306952706277544391092168879627921261386857476418938956045395918953561851355535646587687467744313490685190519631296134268393919524729548849172301186110861710873792849145288572082547004 0 0 0 0 0 0 0 0 0 0 0 0 0 0 0 0 0 0 0 0 0 0 0 0 0 0 0 0 0 0 0 0 0 0 0 0 0 0 0 0 0 0 0 0 0 0 0 0 0 0 0 0 0 0 0 0 0 0 0 0 0 0 0 0 1 0 0 0 0 0 0 0 0 0 0 0 0 0 0 0 0 0 0 0 0 0 0 0 0 0 0 0 0 0 0 0 0 0 0 0 0 0 0 0 0 0 0 0]
[9855155094374649600806913229534590412882252853479584101632512591203318514461832636698803384658730787828333680101591672834181208675063080913494320541629270340080189675543700082429746459106518609805713318939388843053538077457366964176635796078613735737846532797090330224503746790059625475257161835759512752137802118411601345748055 0 0 0 0 0 0 0 0 0 0 0 0 0 0 0 0 0 0 0 0 0 0 0 0 0 0 0 0 0 0 0 0 0 0 0 0 0 0 0 0 0 0 0 0 0 0 0 0 0 0 0 0 0 0 0 0 0 0 0 0 0 0 0 0 0 1 0 0 0 0 0 0 0 0 0 0 0 0 0 0 0 0 0 0 0 0 0 0 0 0 0 0 0 0 0 0 0 0 0 0 0 0 0 0 0 0 0 0]
[10840767479690312981681899694920803388998805212773662539208409280584074956395421229351725105497580752146812387320501762481147086221314870242190139577885879220376191501119591726551451871467460370236865833838165143627405893880776447069337715704516896983449248898477345633565574512391360186822992101419838751931282428441603266032165 0 0 0 0 0 0 0 0 0 0 0 0 0 0 0 0 0 0 0 0 0 0 0 0 0 0 0 0 0 0 0 0 0 0 0 0 0 0 0 0 0 0 0 0 0 0 0 0 0 0 0 0 0 0 0 0 0 0 0 0 0 0 0 0 0 0 1 0 0 0 0 0 0 0 0 0 0 0 0 0 0 0 0 0 0 0 0 0 0 0 0 0 0 0 0 0 0 0 0 0 0 0 0 0 0 0 0 0]
[8533433561146215044668946833284656401157843507130641276694227812496803321181051642530157800325230711026859287023487074278139960309302633770804467460673769126216914524777161862727372572522118381201547295768714516238855486131884096276616382874641041566549725517587681458075265687181619231792712494509372484236247653276317474221708 0 0 0 0 0 0 0 0 0 0 0 0 0 0 0 0 0 0 0 0 0 0 0 0 0 0 0 0 0 0 0 0 0 0 0 0 0 0 0 0 0 0 0 0 0 0 0 0 0 0 0 0 0 0 0 0 0 0 0 0 0 0 0 0 0 0 0 1 0 0 0 0 0 0 0 0 0 0 0 0 0 0 0 0 0 0 0 0 0 0 0 0 0 0 0 0 0 0 0 0 0 0 0 0 0 0 0 0]
[12950757252784654736880359853872387567169657618501302973932438890289001211953775351097892761969532224793437153941304847755146170976085160499580566818641237955323926179691610184666546627073944693430594236437648300359975448932106809921110538148763350625159538619709818213520026593390802309418821528795783345014330161829777420926952 0 0 0 0 0 0 0 0 0 0 0 0 0 0 0 0 0 0 0 0 0 0 0 0 0 0 0 0 0 0 0 0 0 0 0 0 0 0 0 0 0 0 0 0 0 0 0 0 0 0 0 0 0 0 0 0 0 0 0 0 0 0 0 0 0 0 0 0 1 0 0 0 0 0 0 0 0 0 0 0 0 0 0 0 0 0 0 0 0 0 0 0 0 0 0 0 0 0 0 0 0 0 0 0 0 0 0 0]
[1625744902687389062397840931071551692943875431261221890010354083685044382322431495849947780744414884355275866926632044477878613996545244529013080755158497565835298373368827390667688666246407590470720159492314720179582953441552664350779486770993934091330108963130116302708531768904080707021893092535237999342118360333504092716658 0 0 0 0 0 0 0 0 0 0 0 0 0 0 0 0 0 0 0 0 0 0 0 0 0 0 0 0 0 0 0 0 0 0 0 0 0 0 0 0 0 0 0 0 0 0 0 0 0 0 0 0 0 0 0 0 0 0 0 0 0 0 0 0 0 0 0 0 0 1 0 0 0 0 0 0 0 0 0 0 0 0 0 0 0 0 0 0 0 0 0 0 0 0 0 0 0 0 0 0 0 0 0 0 0 0 0 0]
[7385221063302498100065500464854525262710520255413399099316030644909541234783407947648382430447113837469950681508542507333631271389072806202789009136574337300586307261249134908595430916618509558078626667833232572503711733515601902836049437619362613685302077205860799437001758797329793370429138058088787756628271882623715500394001 0 0 0 0 0 0 0 0 0 0 0 0 0 0 0 0 0 0 0 0 0 0 0 0 0 0 0 0 0 0 0 0 0 0 0 0 0 0 0 0 0 0 0 0 0 0 0 0 0 0 0 0 0 0 0 0 0 0 0 0 0 0 0 0 0 0 0 0 0 0 1 0 0 0 0 0 0 0 0 0 0 0 0 0 0 0 0 0 0 0 0 0 0 0 0 0 0 0 0 0 0 0 0 0 0 0 0 0]
[9262130472569670277415874359944771381105430753439682191589841310449689533363163094161917212347340129488650169455868255882868922968293074200025906271036892011899483105549664849589743561755288367414265226150043981249018274886398469916816763443379512800271787259883332458820922122571538462916683185718908727014783573519853440467936 0 0 0 0 0 0 0 0 0 0 0 0 0 0 0 0 0 0 0 0 0 0 0 0 0 0 0 0 0 0 0 0 0 0 0 0 0 0 0 0 0 0 0 0 0 0 0 0 0 0 0 0 0 0 0 0 0 0 0 0 0 0 0 0 0 0 0 0 0 0 0 1 0 0 0 0 0 0 0 0 0 0 0 0 0 0 0 0 0 0 0 0 0 0 0 0 0 0 0 0 0 0 0 0 0 0 0 0]
[8147589204377030554215280042124921705782718787012115941681949715165610709349233580602960754965733175603504716463367742901692883880721375791138852018140169936361758720796241099797924294177428935570300413026694912913491210274886571411292149045883752889764973917712687475276879129905795126250265419739900634554081291313638958072877 0 0 0 0 0 0 0 0 0 0 0 0 0 0 0 0 0 0 0 0 0 0 0 0 0 0 0 0 0 0 0 0 0 0 0 0 0 0 0 0 0 0 0 0 0 0 0 0 0 0 0 0 0 0 0 0 0 0 0 0 0 0 0 0 0 0 0 0 0 0 0 0 1 0 0 0 0 0 0 0 0 0 0 0 0 0 0 0 0 0 0 0 0 0 0 0 0 0 0 0 0 0 0 0 0 0 0 0]
[2620843382739011484139962966195386087436081017462027089158647620377804484802397490475103742147512258302939984807704048701032610315602610336137579980249555429417678941138637536245826395215914730094699528138293856159750716524824426138462464842478067157463772723523191494881835955139687329657043448560696337345733092023390748479247 0 0 0 0 0 0 0 0 0 0 0 0 0 0 0 0 0 0 0 0 0 0 0 0 0 0 0 0 0 0 0 0 0 0 0 0 0 0 0 0 0 0 0 0 0 0 0 0 0 0 0 0 0 0 0 0 0 0 0 0 0 0 0 0 0 0 0 0 0 0 0 0 0 1 0 0 0 0 0 0 0 0 0 0 0 0 0 0 0 0 0 0 0 0 0 0 0 0 0 0 0 0 0 0 0 0 0 0]
[10062936516364400620749986142281072865305838699943769893658414604713194315497425193202836377859923033957140358209998325676189048727437494753374501131043484151869173251760237954718918719308971888788549924054758894736298028471025425310576009845937582623378037865679344487616663055560591334751074815862399631428088029749591341758219 0 0 0 0 0 0 0 0 0 0 0 0 0 0 0 0 0 0 0 0 0 0 0 0 0 0 0 0 0 0 0 0 0 0 0 0 0 0 0 0 0 0 0 0 0 0 0 0 0 0 0 0 0 0 0 0 0 0 0 0 0 0 0 0 0 0 0 0 0 0 0 0 0 0 1 0 0 0 0 0 0 0 0 0 0 0 0 0 0 0 0 0 0 0 0 0 0 0 0 0 0 0 0 0 0 0 0 0]
[5735181188888666286769354822722998902557689962058916086742158300485255449526818866066733675043384637474550942895023483012911548178639859990052114014650113143018803290116513383332562120606092456196796837174511263358626158298397956506790385710885140971816003522398693732141991400131359950303013069681122289389374482651100074027539 0 0 0 0 0 0 0 0 0 0 0 0 0 0 0 0 0 0 0 0 0 0 0 0 0 0 0 0 0 0 0 0 0 0 0 0 0 0 0 0 0 0 0 0 0 0 0 0 0 0 0 0 0 0 0 0 0 0 0 0 0 0 0 0 0 0 0 0 0 0 0 0 0 0 0 1 0 0 0 0 0 0 0 0 0 0 0 0 0 0 0 0 0 0 0 0 0 0 0 0 0 0 0 0 0 0 0 0]
[12280419826444534664311767764962817161313177047622492957681493006433127173300696852817677334205197986291857149913664618678292746867075075839963582220623168854718941885295542321897201521023875063476547175472783122765205994227937355018292284360041965823231680331807075169791028818070986701790455998717778332384484906976034453091153 0 0 0 0 0 0 0 0 0 0 0 0 0 0 0 0 0 0 0 0 0 0 0 0 0 0 0 0 0 0 0 0 0 0 0 0 0 0 0 0 0 0 0 0 0 0 0 0 0 0 0 0 0 0 0 0 0 0 0 0 0 0 0 0 0 0 0 0 0 0 0 0 0 0 0 0 1 0 0 0 0 0 0 0 0 0 0 0 0 0 0 0 0 0 0 0 0 0 0 0 0 0 0 0 0 0 0 0]
[7685252926971338484912823372867357377103727663715079573805227872292098685337154252735958393425016667010784073718527101974389614006411125519869397534455960318371525786759634348859244597806262696557592490398286018043599104415605497886286940031585076479944443195209836286700137113212098469382752142544868927934228393801734757996186 0 0 0 0 0 0 0 0 0 0 0 0 0 0 0 0 0 0 0 0 0 0 0 0 0 0 0 0 0 0 0 0 0 0 0 0 0 0 0 0 0 0 0 0 0 0 0 0 0 0 0 0 0 0 0 0 0 0 0 0 0 0 0 0 0 0 0 0 0 0 0 0 0 0 0 0 0 1 0 0 0 0 0 0 0 0 0 0 0 0 0 0 0 0 0 0 0 0 0 0 0 0 0 0 0 0 0 0]
[5059877479203322863268977281184747797195350892323617379381937906175960190258855772315730615213326912179764053518626168062769292262583424167323499851466750313726819700238244475020673154290979494190533865699691949655138697405167422131016929450551450589529219394257224489266931348679440313923743999793944072742201787598709284338310 0 0 0 0 0 0 0 0 0 0 0 0 0 0 0 0 0 0 0 0 0 0 0 0 0 0 0 0 0 0 0 0 0 0 0 0 0 0 0 0 0 0 0 0 0 0 0 0 0 0 0 0 0 0 0 0 0 0 0 0 0 0 0 0 0 0 0 0 0 0 0 0 0 0 0 0 0 0 1 0 0 0 0 0 0 0 0 0 0 0 0 0 0 0 0 0 0 0 0 0 0 0 0 0 0 0 0 0]
[12754286115278976159001124421116112165354559592005387242057700896622637200978973818001976125297451400765651670513511088411992603126280022492564368255723502696310010148945530859601137053055059806334478466271611432346083257970630134880694745199635562162312728912758524422734455750471618718987257590718418491322071496688454917908646 0 0 0 0 0 0 0 0 0 0 0 0 0 0 0 0 0 0 0 0 0 0 0 0 0 0 0 0 0 0 0 0 0 0 0 0 0 0 0 0 0 0 0 0 0 0 0 0 0 0 0 0 0 0 0 0 0 0 0 0 0 0 0 0 0 0 0 0 0 0 0 0 0 0 0 0 0 0 0 1 0 0 0 0 0 0 0 0 0 0 0 0 0 0 0 0 0 0 0 0 0 0 0 0 0 0 0 0]
[2818318599242529242712644393239171680494345476711306183672273915309306275580015199061200455222276908127860229588264237535922422724561652657118837059703655780792235715392511983838261598405063857396538833971672454654848277888254176164036271762683511158153418485071602085062866147098358059077903776951427241327755521055773501927894 0 0 0 0 0 0 0 0 0 0 0 0 0 0 0 0 0 0 0 0 0 0 0 0 0 0 0 0 0 0 0 0 0 0 0 0 0 0 0 0 0 0 0 0 0 0 0 0 0 0 0 0 0 0 0 0 0 0 0 0 0 0 0 0 0 0 0 0 0 0 0 0 0 0 0 0 0 0 0 0 1 0 0 0 0 0 0 0 0 0 0 0 0 0 0 0 0 0 0 0 0 0 0 0 0 0 0 0]
[9278938287801706670484098912458476314470237766758615468318394529641592249827667814939931325904601355606010577191741250754547922003009030461557235184621365423549059529505115179152239324845320961517512359625303885799826738205862574964656546907614483741490130921803469346216981084641533707761664790610905013734663231451949322937945 0 0 0 0 0 0 0 0 0 0 0 0 0 0 0 0 0 0 0 0 0 0 0 0 0 0 0 0 0 0 0 0 0 0 0 0 0 0 0 0 0 0 0 0 0 0 0 0 0 0 0 0 0 0 0 0 0 0 0 0 0 0 0 0 0 0 0 0 0 0 0 0 0 0 0 0 0 0 0 0 0 1 0 0 0 0 0 0 0 0 0 0 0 0 0 0 0 0 0 0 0 0 0 0 0 0 0 0]
[7211020129963063753088517168370994688127688319174479299903902314599734828336628518402702565187662131743481673747951698670674492116111017034846222038553575707908913234098985786764738956398973406051273997377566898016610014486967498432029114951484651918019236359942495819916780831686447818078536336909145629945177471670878438535280 0 0 0 0 0 0 0 0 0 0 0 0 0 0 0 0 0 0 0 0 0 0 0 0 0 0 0 0 0 0 0 0 0 0 0 0 0 0 0 0 0 0 0 0 0 0 0 0 0 0 0 0 0 0 0 0 0 0 0 0 0 0 0 0 0 0 0 0 0 0 0 0 0 0 0 0 0 0 0 0 0 0 1 0 0 0 0 0 0 0 0 0 0 0 0 0 0 0 0 0 0 0 0 0 0 0 0 0]
[12315134350792646878255187590882310238155859937386173268386131622504035954402945929974180039057525693083887575115487489669921308424609782533371715694878509275400813371635883008169151499715095938402205100366026579361443216986639940896035224765946484403408284486325342603255866868328899044522909249819191348520191232849090843148808 0 0 0 0 0 0 0 0 0 0 0 0 0 0 0 0 0 0 0 0 0 0 0 0 0 0 0 0 0 0 0 0 0 0 0 0 0 0 0 0 0 0 0 0 0 0 0 0 0 0 0 0 0 0 0 0 0 0 0 0 0 0 0 0 0 0 0 0 0 0 0 0 0 0 0 0 0 0 0 0 0 0 0 1 0 0 0 0 0 0 0 0 0 0 0 0 0 0 0 0 0 0 0 0 0 0 0 0]
[11845842389844258291274071745079918896230032711034744075155711276266715685681286824836265020408104447437701103231661960523371686615408002190108592153233309180373068979281761547817791652306051371361784111079117529336456047530471949474061224855498730761913478540754888284761655193327295189439224821420472780593755567783452272021665 0 0 0 0 0 0 0 0 0 0 0 0 0 0 0 0 0 0 0 0 0 0 0 0 0 0 0 0 0 0 0 0 0 0 0 0 0 0 0 0 0 0 0 0 0 0 0 0 0 0 0 0 0 0 0 0 0 0 0 0 0 0 0 0 0 0 0 0 0 0 0 0 0 0 0 0 0 0 0 0 0 0 0 0 1 0 0 0 0 0 0 0 0 0 0 0 0 0 0 0 0 0 0 0 0 0 0 0]
[8523186083772561205203508628596785627050919023109051693270448650192963746772413350236232740001827904202815601500230960974682115920936813877700280017222383841002810334984732262902970048419422796476726644474564346515013489327332423541834473170529354086173346373760915608014374704961541740504021572321862345340776971279804720028925 0 0 0 0 0 0 0 0 0 0 0 0 0 0 0 0 0 0 0 0 0 0 0 0 0 0 0 0 0 0 0 0 0 0 0 0 0 0 0 0 0 0 0 0 0 0 0 0 0 0 0 0 0 0 0 0 0 0 0 0 0 0 0 0 0 0 0 0 0 0 0 0 0 0 0 0 0 0 0 0 0 0 0 0 0 1 0 0 0 0 0 0 0 0 0 0 0 0 0 0 0 0 0 0 0 0 0 0]
[3165728763082950728686236695378544399567639039233595302187700484968880303476214369218125901282454715948467917223166697385960178297298428576558691645809840752182128347301731124273476950662414905878368486617697466397682482353479588912578405628816828122629107344857856801408843871618477953881892775534859466369390632810818750266107 0 0 0 0 0 0 0 0 0 0 0 0 0 0 0 0 0 0 0 0 0 0 0 0 0 0 0 0 0 0 0 0 0 0 0 0 0 0 0 0 0 0 0 0 0 0 0 0 0 0 0 0 0 0 0 0 0 0 0 0 0 0 0 0 0 0 0 0 0 0 0 0 0 0 0 0 0 0 0 0 0 0 0 0 0 0 1 0 0 0 0 0 0 0 0 0 0 0 0 0 0 0 0 0 0 0 0 0]
[12066682766024559743704069122072423276023641139662637439653922011250391757377302017577078102514260615570869169488322021204911807692039613326530287345927086724715160395406437325656058375395501747415650271935735466453646311636706701679879786624403132025421066555743776505619571814370089932258433146279507922792689617801193858273119 0 0 0 0 0 0 0 0 0 0 0 0 0 0 0 0 0 0 0 0 0 0 0 0 0 0 0 0 0 0 0 0 0 0 0 0 0 0 0 0 0 0 0 0 0 0 0 0 0 0 0 0 0 0 0 0 0 0 0 0 0 0 0 0 0 0 0 0 0 0 0 0 0 0 0 0 0 0 0 0 0 0 0 0 0 0 0 1 0 0 0 0 0 0 0 0 0 0 0 0 0 0 0 0 0 0 0 0]
[6350023690023096915718858961348838217158181534780824561853586204429559236373064011441136716559832117879973059969025942336710430560627739358672077956003034131707157918900963846010810569877979241883120065567928976690229169267179538971943610644880519822923177892556618052922489677248619970528062828127184465176828845242012906919487 0 0 0 0 0 0 0 0 0 0 0 0 0 0 0 0 0 0 0 0 0 0 0 0 0 0 0 0 0 0 0 0 0 0 0 0 0 0 0 0 0 0 0 0 0 0 0 0 0 0 0 0 0 0 0 0 0 0 0 0 0 0 0 0 0 0 0 0 0 0 0 0 0 0 0 0 0 0 0 0 0 0 0 0 0 0 0 0 1 0 0 0 0 0 0 0 0 0 0 0 0 0 0 0 0 0 0 0]
[772413804650958263947312939220521762702274237477219157064056314939711536442370233904719276205562205001641348805064349376760263912376407145431799983632628385524162503022024306654659500506005365051509775939749281506618913485181112733120054256806481899370172997832708868745901334937145864360705704019528843752464293315728655451590 0 0 0 0 0 0 0 0 0 0 0 0 0 0 0 0 0 0 0 0 0 0 0 0 0 0 0 0 0 0 0 0 0 0 0 0 0 0 0 0 0 0 0 0 0 0 0 0 0 0 0 0 0 0 0 0 0 0 0 0 0 0 0 0 0 0 0 0 0 0 0 0 0 0 0 0 0 0 0 0 0 0 0 0 0 0 0 0 0 1 0 0 0 0 0 0 0 0 0 0 0 0 0 0 0 0 0 0]
[1601447558247484101784225301809360619940976438863857401934401391318147360808741640129072888995925288603087361772078059706320025719213683240413380888220198012386798627621091815579366476878244539380414932284547577793764470128292428931283964320551379233515047614504506272226069791635474718205972812006536928603981359286450124347936 0 0 0 0 0 0 0 0 0 0 0 0 0 0 0 0 0 0 0 0 0 0 0 0 0 0 0 0 0 0 0 0 0 0 0 0 0 0 0 0 0 0 0 0 0 0 0 0 0 0 0 0 0 0 0 0 0 0 0 0 0 0 0 0 0 0 0 0 0 0 0 0 0 0 0 0 0 0 0 0 0 0 0 0 0 0 0 0 0 0 1 0 0 0 0 0 0 0 0 0 0 0 0 0 0 0 0 0]
[805740901684386048857653429097216560450161205174035644312971767051834871254074132389293953602156902729297583362483093157213465168707058238470583612811712401249619830385638590379226959819794304991810703104021652242165458558044349680823059648031111055852793871616858426252462083703040514217781156552507571663921277341073781710402 0 0 0 0 0 0 0 0 0 0 0 0 0 0 0 0 0 0 0 0 0 0 0 0 0 0 0 0 0 0 0 0 0 0 0 0 0 0 0 0 0 0 0 0 0 0 0 0 0 0 0 0 0 0 0 0 0 0 0 0 0 0 0 0 0 0 0 0 0 0 0 0 0 0 0 0 0 0 0 0 0 0 0 0 0 0 0 0 0 0 0 1 0 0 0 0 0 0 0 0 0 0 0 0 0 0 0 0]
[9665921675329827632474346367517032200116408926989040798380082785305196272149323616116215754498056295524878371733353087197302975784121122755331252023248671110177853782942832257993680837399079272728842543383133646221180821891894850772481020293008740257681071734978099119376561215586409455681596407899530482713557093522806872106664 0 0 0 0 0 0 0 0 0 0 0 0 0 0 0 0 0 0 0 0 0 0 0 0 0 0 0 0 0 0 0 0 0 0 0 0 0 0 0 0 0 0 0 0 0 0 0 0 0 0 0 0 0 0 0 0 0 0 0 0 0 0 0 0 0 0 0 0 0 0 0 0 0 0 0 0 0 0 0 0 0 0 0 0 0 0 0 0 0 0 0 0 1 0 0 0 0 0 0 0 0 0 0 0 0 0 0 0]
[8273988456851008407676885805140728026292757219571026764969911448108974727970535647012362669096117079299191615681727570779080420219879984236284884761316079582197578174073091005701581947210632178950765437823365371877133550818340319113373399973446570572163404544336172353351104063922881156104376370549042472874868986061941588875651 0 0 0 0 0 0 0 0 0 0 0 0 0 0 0 0 0 0 0 0 0 0 0 0 0 0 0 0 0 0 0 0 0 0 0 0 0 0 0 0 0 0 0 0 0 0 0 0 0 0 0 0 0 0 0 0 0 0 0 0 0 0 0 0 0 0 0 0 0 0 0 0 0 0 0 0 0 0 0 0 0 0 0 0 0 0 0 0 0 0 0 0 0 1 0 0 0 0 0 0 0 0 0 0 0 0 0 0]
[7807472699479596038137953072740235669557793297164491869644031605557117495869363642218335643765132863984000580894367097527223159261653428294053280427695536495935013479169161955724083265793293554092142140169401681289675506267437934964137393764335432946378580581225495089746173839763989099044298183309955062120870815809267699486110 0 0 0 0 0 0 0 0 0 0 0 0 0 0 0 0 0 0 0 0 0 0 0 0 0 0 0 0 0 0 0 0 0 0 0 0 0 0 0 0 0 0 0 0 0 0 0 0 0 0 0 0 0 0 0 0 0 0 0 0 0 0 0 0 0 0 0 0 0 0 0 0 0 0 0 0 0 0 0 0 0 0 0 0 0 0 0 0 0 0 0 0 0 0 1 0 0 0 0 0 0 0 0 0 0 0 0 0]
[11311229541417123253116042469931619648743987931203531201968656330997694026062484493527025239612542134980543942744833201257430748022013379458493649988207475564328425289971745239432072363195548342614989206362875572041214741993542877960233659405000153994850045599944046327703932244445424205048858824720425375745834631637337594365099 0 0 0 0 0 0 0 0 0 0 0 0 0 0 0 0 0 0 0 0 0 0 0 0 0 0 0 0 0 0 0 0 0 0 0 0 0 0 0 0 0 0 0 0 0 0 0 0 0 0 0 0 0 0 0 0 0 0 0 0 0 0 0 0 0 0 0 0 0 0 0 0 0 0 0 0 0 0 0 0 0 0 0 0 0 0 0 0 0 0 0 0 0 0 0 1 0 0 0 0 0 0 0 0 0 0 0 0]
[8616464818111977958490019225353436651627228899642003265355123932285296178531720328987103074396123170926429781698139705696460052983083766600435033618786313509422576258019930779803745344306351865784065463033578137462133825404982244372352620634990080844460411378382129637124800966487721649831590131781090030703225140058890888095695 0 0 0 0 0 0 0 0 0 0 0 0 0 0 0 0 0 0 0 0 0 0 0 0 0 0 0 0 0 0 0 0 0 0 0 0 0 0 0 0 0 0 0 0 0 0 0 0 0 0 0 0 0 0 0 0 0 0 0 0 0 0 0 0 0 0 0 0 0 0 0 0 0 0 0 0 0 0 0 0 0 0 0 0 0 0 0 0 0 0 0 0 0 0 0 0 1 0 0 0 0 0 0 0 0 0 0 0]
[12864618797769523196553021618811844339467089036583154539785365815765625534117776807100808120456945720709222672980212072641296761049385478916537825113107332373462242000667037928148043109343900769646400320505640354398322185344947327149596885659315825158360240913847137513575929953143165132630424256221960891085802082684508041026512 0 0 0 0 0 0 0 0 0 0 0 0 0 0 0 0 0 0 0 0 0 0 0 0 0 0 0 0 0 0 0 0 0 0 0 0 0 0 0 0 0 0 0 0 0 0 0 0 0 0 0 0 0 0 0 0 0 0 0 0 0 0 0 0 0 0 0 0 0 0 0 0 0 0 0 0 0 0 0 0 0 0 0 0 0 0 0 0 0 0 0 0 0 0 0 0 0 1 0 0 0 0 0 0 0 0 0 0]
[11583171634641253191363924858412527905953993943073037359884709961436314777496706923427056901998725947342407580053079935833199680560907092977395154112659365879246640325942304513972643251856969839231481434263163676052834668786778538403415890623804198725761514134611806358993926730128809356571847594042068972114871221780374581125696 0 0 0 0 0 0 0 0 0 0 0 0 0 0 0 0 0 0 0 0 0 0 0 0 0 0 0 0 0 0 0 0 0 0 0 0 0 0 0 0 0 0 0 0 0 0 0 0 0 0 0 0 0 0 0 0 0 0 0 0 0 0 0 0 0 0 0 0 0 0 0 0 0 0 0 0 0 0 0 0 0 0 0 0 0 0 0 0 0 0 0 0 0 0 0 0 0 0 1 0 0 0 0 0 0 0 0 0]
[10319953894676930937484450904073286931769897263817539203092874009426995820330524866186716268231612030694371862386402156608254795012731384738448802722799437052484314980497244527081920950415660250853253039473155053682365074206285673153471949892153566937715619989902812584228937414639186810205911112008643293054254622298324450858119 0 0 0 0 0 0 0 0 0 0 0 0 0 0 0 0 0 0 0 0 0 0 0 0 0 0 0 0 0 0 0 0 0 0 0 0 0 0 0 0 0 0 0 0 0 0 0 0 0 0 0 0 0 0 0 0 0 0 0 0 0 0 0 0 0 0 0 0 0 0 0 0 0 0 0 0 0 0 0 0 0 0 0 0 0 0 0 0 0 0 0 0 0 0 0 0 0 0 0 1 0 0 0 0 0 0 0 0]
[3364828842315495703393551231610392891491720789013825828437999782297404168481812460846082729063797987066526864258147315235250004597266599512107952374942321571316785606270026835790065865177352613111173563356278132896939386723640766038104529276032230145914464658642126411904468010035206820278595522138274108965015376060395555097018 0 0 0 0 0 0 0 0 0 0 0 0 0 0 0 0 0 0 0 0 0 0 0 0 0 0 0 0 0 0 0 0 0 0 0 0 0 0 0 0 0 0 0 0 0 0 0 0 0 0 0 0 0 0 0 0 0 0 0 0 0 0 0 0 0 0 0 0 0 0 0 0 0 0 0 0 0 0 0 0 0 0 0 0 0 0 0 0 0 0 0 0 0 0 0 0 0 0 0 0 1 0 0 0 0 0 0 0]
[5312308019197285711580785323685936689424353233365276478133801261337210445911434154012349900930302682416612142365067961050248781408826335676097278030708308189995616763277728925916043728411203551845638362022802487556693335466930301533141655187000480672933085595264014357477960278556881935202116081792135622028612082326267353996888 0 0 0 0 0 0 0 0 0 0 0 0 0 0 0 0 0 0 0 0 0 0 0 0 0 0 0 0 0 0 0 0 0 0 0 0 0 0 0 0 0 0 0 0 0 0 0 0 0 0 0 0 0 0 0 0 0 0 0 0 0 0 0 0 0 0 0 0 0 0 0 0 0 0 0 0 0 0 0 0 0 0 0 0 0 0 0 0 0 0 0 0 0 0 0 0 0 0 0 0 0 1 0 0 0 0 0 0]
[7383826606507454589631368022550357268888850892696475155578344768881558993893423095266417632736776976774289879247740535081735837202951553158315508695763400334042102817398949499816689237907940005123588080181727048104743671867235916635410251556720215366811542606488373146223542410367682201858654840500064580077248066115567414443262 0 0 0 0 0 0 0 0 0 0 0 0 0 0 0 0 0 0 0 0 0 0 0 0 0 0 0 0 0 0 0 0 0 0 0 0 0 0 0 0 0 0 0 0 0 0 0 0 0 0 0 0 0 0 0 0 0 0 0 0 0 0 0 0 0 0 0 0 0 0 0 0 0 0 0 0 0 0 0 0 0 0 0 0 0 0 0 0 0 0 0 0 0 0 0 0 0 0 0 0 0 0 1 0 0 0 0 0]
[5139036746638759256349009175897468044001535048285436541875373482662613694432028425390019458995975080707154832555383789984274290241145915751209165992535162011691952700414616268592659031424867864315638829562404610664707243105001253357651156704076419006889665672123170539946958727173072153409396458017651278118360767994775903582398 0 0 0 0 0 0 0 0 0 0 0 0 0 0 0 0 0 0 0 0 0 0 0 0 0 0 0 0 0 0 0 0 0 0 0 0 0 0 0 0 0 0 0 0 0 0 0 0 0 0 0 0 0 0 0 0 0 0 0 0 0 0 0 0 0 0 0 0 0 0 0 0 0 0 0 0 0 0 0 0 0 0 0 0 0 0 0 0 0 0 0 0 0 0 0 0 0 0 0 0 0 0 0 1 0 0 0 0]
[3568380749703872870952029777938471167091596860152327999265896026728532746056093568034442659109481207284911025685076575258510611223248741990591680778921148631997621654147971008147302248700306716913408684639015378527610493187854908270044510499134863125839438734047918023505320057866316137543013242209513618532314341628380994642237 0 0 0 0 0 0 0 0 0 0 0 0 0 0 0 0 0 0 0 0 0 0 0 0 0 0 0 0 0 0 0 0 0 0 0 0 0 0 0 0 0 0 0 0 0 0 0 0 0 0 0 0 0 0 0 0 0 0 0 0 0 0 0 0 0 0 0 0 0 0 0 0 0 0 0 0 0 0 0 0 0 0 0 0 0 0 0 0 0 0 0 0 0 0 0 0 0 0 0 0 0 0 0 0 1 0 0 0]
[3023694707315580820517369602522381772886296681350418998627842445110853939506067911973170564909213719080033009293848949766343876757354587079690950072520504915933836327893704822705133398643696463515310328057655282077598894888531773076999185718045316939480622405458536468923907751978198271809584792852206172396344545928701342412817 0 0 0 0 0 0 0 0 0 0 0 0 0 0 0 0 0 0 0 0 0 0 0 0 0 0 0 0 0 0 0 0 0 0 0 0 0 0 0 0 0 0 0 0 0 0 0 0 0 0 0 0 0 0 0 0 0 0 0 0 0 0 0 0 0 0 0 0 0 0 0 0 0 0 0 0 0 0 0 0 0 0 0 0 0 0 0 0 0 0 0 0 0 0 0 0 0 0 0 0 0 0 0 0 0 1 0 0]
[9353584169171639762324007154571898762595323174997597849072195074595834033082639832927214483922249247998274694126727980482790777312485880274655637341280996615364890354684382517469224556622434583952450024597641470207884854675860402201318672495819288705127750648222883208419433550611939991843839983889762385837794018953713958554999 0 0 0 0 0 0 0 0 0 0 0 0 0 0 0 0 0 0 0 0 0 0 0 0 0 0 0 0 0 0 0 0 0 0 0 0 0 0 0 0 0 0 0 0 0 0 0 0 0 0 0 0 0 0 0 0 0 0 0 0 0 0 0 0 0 0 0 0 0 0 0 0 0 0 0 0 0 0 0 0 0 0 0 0 0 0 0 0 0 0 0 0 0 0 0 0 0 0 0 0 0 0 0 0 0 0 1 0]
[12481043593396858201608823418291265783965029721906735413100612203476953350418533280449963840916236936451959893234484719278280620618369226450492112587396088244189823529995189868138226390382926830023632623590181508189562386797166972904591593369704291342587168766963633332467973157567579288446348983445167887576582409996712820960120 0 0 0 0 0 0 0 0 0 0 0 0 0 0 0 0 0 0 0 0 0 0 0 0 0 0 0 0 0 0 0 0 0 0 0 0 0 0 0 0 0 0 0 0 0 0 0 0 0 0 0 0 0 0 0 0 0 0 0 0 0 0 0 0 0 0 0 0 0 0 0 0 0 0 0 0 0 0 0 0 0 0 0 0 0 0 0 0 0 0 0 0 0 0 0 0 0 0 0 0 0 0 0 0 0 0 0 1]
]
