[[13059549936728241587471308317880757069633376040846264512928631521713987564818800467986898654286612472837187597783426299391523766789461174522394846970012348057572800148627115474654926457089569180361465016127758480704203941679412628479988224356369288609870027885558821303330734764895084518294594466286170746002928240093370325152905670188916533819154753 0 0 0 0 0 0 0 0 0 0 0 0 0 0 0 0 0 0 0 0 0 0 0 0 0 0 0 0 0 0 0 0 0 0 0 0 0 0 0 0 0 0 0 0 0 0 0 0 0 0 0 0 0 0 0 0 0 0 0 0 0 0 0 0 0 0 0 0 0 0 0 0 0 0 0 0 0 0 0 0 0 0 0 0 0 0 0 0 0 0 0 0 0 0 0 0 0 0 0 0 0 0 0 0 0 0 0 0 0 0 0 0 0 0 0]
[10098345066399561949003801033792902376638915098339740707899906127052507465758126263591092431707797106106835127042746265727466039346746886410868156808274151857946673831459423639006443643493699523305384457484582951933763749013881709509251704081358831693207102541520446201658909517748030057808805027610694877338727958183644809152789175212694761242152715 1 0 0 0 0 0 0 0 0 0 0 0 0 0 0 0 0 0 0 0 0 0 0 0 0 0 0 0 0 0 0 0 0 0 0 0 0 0 0 0 0 0 0 0 0 0 0 0 0 0 0 0 0 0 0 0 0 0 0 0 0 0 0 0 0 0 0 0 0 0 0 0 0 0 0 0 0 0 0 0 0 0 0 0 0 0 0 0 0 0 0 0 0 0 0 0 0 0 0 0 0 0 0 0 0 0 0 0 0 0 0 0 0 0 0]
[12725708885995399946289319975340480630766878148931166987548400083570550404244807919354431721859792785689681083474119409495768239771229744262281295572409288674957963259408762481281596313274461948949490789555317458193203419900620120626633540672848873941504835714162311214446152931075873307731585429585706764027403941428398455955408051011524123351433106 0 1 0 0 0 0 0 0 0 0 0 0 0 0 0 0 0 0 0 0 0 0 0 0 0 0 0 0 0 0 0 0 0 0 0 0 0 0 0 0 0 0 0 0 0 0 0 0 0 0 0 0 0 0 0 0 0 0 0 0 0 0 0 0 0 0 0 0 0 0 0 0 0 0 0 0 0 0 0 0 0 0 0 0 0 0 0 0 0 0 0 0 0 0 0 0 0 0 0 0 0 0 0 0 0 0 0 0 0 0 0 0 0 0 0]
[11618765172977927575855602100024162415722209048886471436056240845888207924310918306383023902841766929606053487884596383617588283362622658716671634465242166995683886425412142008985685261936237312583821352664981376448132884985769806646551264563269149266677607823037501741403170646059916472962849876212216106428870306224518841331958320988912023749994166 0 0 1 0 0 0 0 0 0 0 0 0 0 0 0 0 0 0 0 0 0 0 0 0 0 0 0 0 0 0 0 0 0 0 0 0 0 0 0 0 0 0 0 0 0 0 0 0 0 0 0 0 0 0 0 0 0 0 0 0 0 0 0 0 0 0 0 0 0 0 0 0 0 0 0 0 0 0 0 0 0 0 0 0 0 0 0 0 0 0 0 0 0 0 0 0 0 0 0 0 0 0 0 0 0 0 0 0 0 0 0 0 0 0 0]
[6245311046886067191885868047000059636190078438703665384643853923423328257464628299996373442029520122487329412327933118939766717884303536376188506930338391487587103863000432497980286344860015103974294064800048803735838996315515470827344160805645203050695397028501431313912442455588366356842043583223326102442323708825105505886264985597452727221859010 0 0 0 1 0 0 0 0 0 0 0 0 0 0 0 0 0 0 0 0 0 0 0 0 0 0 0 0 0 0 0 0 0 0 0 0 0 0 0 0 0 0 0 0 0 0 0 0 0 0 0 0 0 0 0 0 0 0 0 0 0 0 0 0 0 0 0 0 0 0 0 0 0 0 0 0 0 0 0 0 0 0 0 0 0 0 0 0 0 0 0 0 0 0 0 0 0 0 0 0 0 0 0 0 0 0 0 0 0 0 0 0 0 0 0]
[4517482713359694689089851714644243981272049517809875948687087715560718967767511864745311403126374267158508345056495896894730482076731630417104325719669753966564669624774532136298106205285107458017825559059783206366904748066723133171917794754685533205768733830114279391285160775905158863298719282301846718375308056510197242708841922861709278715809150 0 0 0 0 1 0 0 0 0 0 0 0 0 0 0 0 0 0 0 0 0 0 0 0 0 0 0 0 0 0 0 0 0 0 0 0 0 0 0 0 0 0 0 0 0 0 0 0 0 0 0 0 0 0 0 0 0 0 0 0 0 0 0 0 0 0 0 0 0 0 0 0 0 0 0 0 0 0 0 0 0 0 0 0 0 0 0 0 0 0 0 0 0 0 0 0 0 0 0 0 0 0 0 0 0 0 0 0 0 0 0 0 0 0 0]
[9647770889062787583082134006794242712389815218855271650857947945451299137384232116686312049834031034821025396837533756346172809502090969809586876896454822277869487723729317920603680329465344202634930897966027680467268000421430862789980573806241075652376858746888099728496238710925675697842557297067818068308791121703264487376896046044468408769010107 0 0 0 0 0 1 0 0 0 0 0 0 0 0 0 0 0 0 0 0 0 0 0 0 0 0 0 0 0 0 0 0 0 0 0 0 0 0 0 0 0 0 0 0 0 0 0 0 0 0 0 0 0 0 0 0 0 0 0 0 0 0 0 0 0 0 0 0 0 0 0 0 0 0 0 0 0 0 0 0 0 0 0 0 0 0 0 0 0 0 0 0 0 0 0 0 0 0 0 0 0 0 0 0 0 0 0 0 0 0 0 0 0 0 0]
[6627745593728768543674885279906553328015293747075566736057907708124887136247256129731314075983730557855512824713140795458277160809661273295426746226238528287388609112925899985453255717819798315723212844147568465181301991620119294809613696500501920560319753814994135050499583322356226497897723557688299713644911866891582805643445702402666770447208969 0 0 0 0 0 0 1 0 0 0 0 0 0 0 0 0 0 0 0 0 0 0 0 0 0 0 0 0 0 0 0 0 0 0 0 0 0 0 0 0 0 0 0 0 0 0 0 0 0 0 0 0 0 0 0 0 0 0 0 0 0 0 0 0 0 0 0 0 0 0 0 0 0 0 0 0 0 0 0 0 0 0 0 0 0 0 0 0 0 0 0 0 0 0 0 0 0 0 0 0 0 0 0 0 0 0 0 0 0 0 0 0 0 0 0]
[5517999577127222858920460104569290851740071594289173575885471580048328812800275217240806460449773748109760579050070089618089787287594731128906439592868539232355742310081477365206917836045716341838300609449774172307483283566771914367542611508917341272901033234782205506769031253976300163175020131527318009995710981232217864091074788998770195707250773 0 0 0 0 0 0 0 1 0 0 0 0 0 0 0 0 0 0 0 0 0 0 0 0 0 0 0 0 0 0 0 0 0 0 0 0 0 0 0 0 0 0 0 0 0 0 0 0 0 0 0 0 0 0 0 0 0 0 0 0 0 0 0 0 0 0 0 0 0 0 0 0 0 0 0 0 0 0 0 0 0 0 0 0 0 0 0 0 0 0 0 0 0 0 0 0 0 0 0 0 0 0 0 0 0 0 0 0 0 0 0 0 0 0 0]
[5672529797533563327645010700316965772927055226515425504533079294778105551217519798682143544749289333826230793226697373461362293803954237600480902553125609356179522277938771105020794326963861049695494292840384676115491575304984804180838798179911310764437883515143101047196758575691139069163087950090418046177412773518953002946219573267257221821932017 0 0 0 0 0 0 0 0 1 0 0 0 0 0 0 0 0 0 0 0 0 0 0 0 0 0 0 0 0 0 0 0 0 0 0 0 0 0 0 0 0 0 0 0 0 0 0 0 0 0 0 0 0 0 0 0 0 0 0 0 0 0 0 0 0 0 0 0 0 0 0 0 0 0 0 0 0 0 0 0 0 0 0 0 0 0 0 0 0 0 0 0 0 0 0 0 0 0 0 0 0 0 0 0 0 0 0 0 0 0 0 0 0 0 0]
[10576535319443750217962651589907786768065499566724793503611526272454281358599721354578756197293770327070492512766579774968633100469331073428494768756556898959234996432226892545521398649365645959863405138851601027056836862815926482583828327820634498164889844467936566485668698394399492155158264951236836445747156250827745302853755996199905895576220103 0 0 0 0 0 0 0 0 0 1 0 0 0 0 0 0 0 0 0 0 0 0 0 0 0 0 0 0 0 0 0 0 0 0 0 0 0 0 0 0 0 0 0 0 0 0 0 0 0 0 0 0 0 0 0 0 0 0 0 0 0 0 0 0 0 0 0 0 0 0 0 0 0 0 0 0 0 0 0 0 0 0 0 0 0 0 0 0 0 0 0 0 0 0 0 0 0 0 0 0 0 0 0 0 0 0 0 0 0 0 0 0 0 0 0]
[9480429044712339927268861624084162115741088467513255715190185302065129523739927131864045157711841978436698237891944214569696561735746958117281421000101342472200091040432303379939086276386050467666922972936749507087293308689841247881096110239224190518255859599602465637306249074339610966437582688805223261363328204845102061808651502308956781199925708 0 0 0 0 0 0 0 0 0 0 1 0 0 0 0 0 0 0 0 0 0 0 0 0 0 0 0 0 0 0 0 0 0 0 0 0 0 0 0 0 0 0 0 0 0 0 0 0 0 0 0 0 0 0 0 0 0 0 0 0 0 0 0 0 0 0 0 0 0 0 0 0 0 0 0 0 0 0 0 0 0 0 0 0 0 0 0 0 0 0 0 0 0 0 0 0 0 0 0 0 0 0 0 0 0 0 0 0 0 0 0 0 0 0 0]
[2361490923343770610574529818033616334405336630176680245191052491222356181942089837897861299156368355240167616273425553923631489255361531926712265839454619572413781996499743892482156325357942309527817839533576549445625453959352151787782149596371989494559765940689926689946940007626408089236999925393286442330709603780806867537288146010033768898474878 0 0 0 0 0 0 0 0 0 0 0 1 0 0 0 0 0 0 0 0 0 0 0 0 0 0 0 0 0 0 0 0 0 0 0 0 0 0 0 0 0 0 0 0 0 0 0 0 0 0 0 0 0 0 0 0 0 0 0 0 0 0 0 0 0 0 0 0 0 0 0 0 0 0 0 0 0 0 0 0 0 0 0 0 0 0 0 0 0 0 0 0 0 0 0 0 0 0 0 0 0 0 0 0 0 0 0 0 0 0 0 0 0 0 0]
[4889070301965609346497388137236321653431739304503826556826284706323858443301494602909256043225828222535989645050738129306889540343793816001220340397229428460491478754887440447363663994135594448068604100896022836162773329014906273138002644594250371415277457675799639029818842151183610826359027012322342830102471742508323182484625125651852144547731980 0 0 0 0 0 0 0 0 0 0 0 0 1 0 0 0 0 0 0 0 0 0 0 0 0 0 0 0 0 0 0 0 0 0 0 0 0 0 0 0 0 0 0 0 0 0 0 0 0 0 0 0 0 0 0 0 0 0 0 0 0 0 0 0 0 0 0 0 0 0 0 0 0 0 0 0 0 0 0 0 0 0 0 0 0 0 0 0 0 0 0 0 0 0 0 0 0 0 0 0 0 0 0 0 0 0 0 0 0 0 0 0 0 0 0]
[11658555882491623581311426669308695593672629646192707979706799272910435992549698709979198836130927377977241416838993364076129592061822816709880071530182940326256172650135173431904151809080995944457105161981820135782969202448867463659635704872403462678541707584150632258716549361703059293466335116509652174652925085674413444343722413121763850109438544 0 0 0 0 0 0 0 0 0 0 0 0 0 1 0 0 0 0 0 0 0 0 0 0 0 0 0 0 0 0 0 0 0 0 0 0 0 0 0 0 0 0 0 0 0 0 0 0 0 0 0 0 0 0 0 0 0 0 0 0 0 0 0 0 0 0 0 0 0 0 0 0 0 0 0 0 0 0 0 0 0 0 0 0 0 0 0 0 0 0 0 0 0 0 0 0 0 0 0 0 0 0 0 0 0 0 0 0 0 0 0 0 0 0 0]
[8893059652673164224240890652071826821967470427987699123936552052088697176172792490358534424950596717695143908029092976773653437271978038549914909730207522053220916947540688520489774526224615998747320062209802239117205962402546475709034716940721618818438413163414185377539368803286811237045923953530665718960371242301111121667980224982423140307183498 0 0 0 0 0 0 0 0 0 0 0 0 0 0 1 0 0 0 0 0 0 0 0 0 0 0 0 0 0 0 0 0 0 0 0 0 0 0 0 0 0 0 0 0 0 0 0 0 0 0 0 0 0 0 0 0 0 0 0 0 0 0 0 0 0 0 0 0 0 0 0 0 0 0 0 0 0 0 0 0 0 0 0 0 0 0 0 0 0 0 0 0 0 0 0 0 0 0 0 0 0 0 0 0 0 0 0 0 0 0 0 0 0 0 0]
[9745587124909779849581458140180746037970401663308053469825057002751311737837833562459565024459627898641190397380877301952831298270090411657890783542458640871336365424267362016694805846558935708690389075178209999953366559142027479006965114626756388944599555710362601968694354700806174929324653265543282312835534893173889185665310484308637273862001775 0 0 0 0 0 0 0 0 0 0 0 0 0 0 0 1 0 0 0 0 0 0 0 0 0 0 0 0 0 0 0 0 0 0 0 0 0 0 0 0 0 0 0 0 0 0 0 0 0 0 0 0 0 0 0 0 0 0 0 0 0 0 0 0 0 0 0 0 0 0 0 0 0 0 0 0 0 0 0 0 0 0 0 0 0 0 0 0 0 0 0 0 0 0 0 0 0 0 0 0 0 0 0 0 0 0 0 0 0 0 0 0 0 0 0]
[8436290517634861622811817745210735969882533459671984430491864578653715670676954537595165499523148571675978568393064811300916315329842718399289959937849483025611054358354010281942859977840962359784657295660121076503001937214404119032893312288067749032006897248509479318644711768733893540662664266569437672396527370982662570837942886681872231247606789 0 0 0 0 0 0 0 0 0 0 0 0 0 0 0 0 1 0 0 0 0 0 0 0 0 0 0 0 0 0 0 0 0 0 0 0 0 0 0 0 0 0 0 0 0 0 0 0 0 0 0 0 0 0 0 0 0 0 0 0 0 0 0 0 0 0 0 0 0 0 0 0 0 0 0 0 0 0 0 0 0 0 0 0 0 0 0 0 0 0 0 0 0 0 0 0 0 0 0 0 0 0 0 0 0 0 0 0 0 0 0 0 0 0 0]
[2757601512571308080230064674935556403423055674419199347208515327431335186049410456905067384218963275416368139941219509876640467146424380021417932939102710314781898960412499120646167599328930067904039606144429687631258747500543478394484869921942568268361390467007490341172605427303239199749835796857436488453891175649677766006513239590849779962435988 0 0 0 0 0 0 0 0 0 0 0 0 0 0 0 0 0 1 0 0 0 0 0 0 0 0 0 0 0 0 0 0 0 0 0 0 0 0 0 0 0 0 0 0 0 0 0 0 0 0 0 0 0 0 0 0 0 0 0 0 0 0 0 0 0 0 0 0 0 0 0 0 0 0 0 0 0 0 0 0 0 0 0 0 0 0 0 0 0 0 0 0 0 0 0 0 0 0 0 0 0 0 0 0 0 0 0 0 0 0 0 0 0 0 0]
[2931926597981710763800924850170399677095434135662614990543787903878061378605499740548360392170413941334983069951446303673818228234449373178487925555546645678694954969707161897485248035881936153209153858411200657226396675916389567138696902741861045544418724067818273908635426850408615083989584180070364932076934357691393910599745293247556931632253353 0 0 0 0 0 0 0 0 0 0 0 0 0 0 0 0 0 0 1 0 0 0 0 0 0 0 0 0 0 0 0 0 0 0 0 0 0 0 0 0 0 0 0 0 0 0 0 0 0 0 0 0 0 0 0 0 0 0 0 0 0 0 0 0 0 0 0 0 0 0 0 0 0 0 0 0 0 0 0 0 0 0 0 0 0 0 0 0 0 0 0 0 0 0 0 0 0 0 0 0 0 0 0 0 0 0 0 0 0 0 0 0 0 0 0]
[11223786147496407746338317690535528184013854482792277388825475683619559211268633467695833153407851016912693475570919020004109791607080738885792845253493956978418090150199462583732770293978703187157671317786867015877582715798916136736563120708275426184929267569616125789010974772313208011639055775353459864430292636675601212190564584486555649772515609 0 0 0 0 0 0 0 0 0 0 0 0 0 0 0 0 0 0 0 1 0 0 0 0 0 0 0 0 0 0 0 0 0 0 0 0 0 0 0 0 0 0 0 0 0 0 0 0 0 0 0 0 0 0 0 0 0 0 0 0 0 0 0 0 0 0 0 0 0 0 0 0 0 0 0 0 0 0 0 0 0 0 0 0 0 0 0 0 0 0 0 0 0 0 0 0 0 0 0 0 0 0 0 0 0 0 0 0 0 0 0 0 0 0 0]
[1944429310199201614653395828127633585282688738195762123317254442826171692080135997020898704949859108281516967966491077706731385356413352282512712654063005077441230570259011781294165778968853566451748023596972740197726290097925179591042357109965682775835049431356752922747148914969451858174927640390555845333898878576905164502606808314111161651433400 0 0 0 0 0 0 0 0 0 0 0 0 0 0 0 0 0 0 0 0 1 0 0 0 0 0 0 0 0 0 0 0 0 0 0 0 0 0 0 0 0 0 0 0 0 0 0 0 0 0 0 0 0 0 0 0 0 0 0 0 0 0 0 0 0 0 0 0 0 0 0 0 0 0 0 0 0 0 0 0 0 0 0 0 0 0 0 0 0 0 0 0 0 0 0 0 0 0 0 0 0 0 0 0 0 0 0 0 0 0 0 0 0 0 0]
[2562826640094505885389141859443756696932409733810458715085962594681544346578274553106426308839234476399851733062367374854043188919317447382623516304482024104224660407523128548911531720884868534936317505201346015258599560293997100193045991222388863143540238409471934627633552385604272536775196596049184632761716476951251731399999031678344369424359947 0 0 0 0 0 0 0 0 0 0 0 0 0 0 0 0 0 0 0 0 0 1 0 0 0 0 0 0 0 0 0 0 0 0 0 0 0 0 0 0 0 0 0 0 0 0 0 0 0 0 0 0 0 0 0 0 0 0 0 0 0 0 0 0 0 0 0 0 0 0 0 0 0 0 0 0 0 0 0 0 0 0 0 0 0 0 0 0 0 0 0 0 0 0 0 0 0 0 0 0 0 0 0 0 0 0 0 0 0 0 0 0 0 0 0]
[5741201785855221579469252436721077929784389148631747613143371528060346206349211510389753142483322829775037302692890188989538162012087615196652926229348870096662777042272456564388517513181302461603886051220535481977608729595859475491382822198516301127665235362609503308548428092442781157469035770665501439152918165028537795933258568902681359640091275 0 0 0 0 0 0 0 0 0 0 0 0 0 0 0 0 0 0 0 0 0 0 1 0 0 0 0 0 0 0 0 0 0 0 0 0 0 0 0 0 0 0 0 0 0 0 0 0 0 0 0 0 0 0 0 0 0 0 0 0 0 0 0 0 0 0 0 0 0 0 0 0 0 0 0 0 0 0 0 0 0 0 0 0 0 0 0 0 0 0 0 0 0 0 0 0 0 0 0 0 0 0 0 0 0 0 0 0 0 0 0 0 0 0 0]
[5327600884726020724817627791925569337417307158546230700557924350016751758342556593387080838955810072598514232300772506445791437020886544163971571873223316438687334049932089020295877118118046246241215879998949491016687736511681503300446648527435628427149974692614768235201835632544282237121754464913389114525083394814861494761723230956396579528574650 0 0 0 0 0 0 0 0 0 0 0 0 0 0 0 0 0 0 0 0 0 0 0 1 0 0 0 0 0 0 0 0 0 0 0 0 0 0 0 0 0 0 0 0 0 0 0 0 0 0 0 0 0 0 0 0 0 0 0 0 0 0 0 0 0 0 0 0 0 0 0 0 0 0 0 0 0 0 0 0 0 0 0 0 0 0 0 0 0 0 0 0 0 0 0 0 0 0 0 0 0 0 0 0 0 0 0 0 0 0 0 0 0 0 0]
[5127851107171757329119394894639632265118618435100637304611580810791096791304279721105378094413751380631501313551699574758253118481033494907597984072998456339215098575308448420125265891829638057175292233277088332158827032469554040992539672560633408726416708666469907849827992028554648701122487366955392907918460387906382558076103038685302421936023759 0 0 0 0 0 0 0 0 0 0 0 0 0 0 0 0 0 0 0 0 0 0 0 0 1 0 0 0 0 0 0 0 0 0 0 0 0 0 0 0 0 0 0 0 0 0 0 0 0 0 0 0 0 0 0 0 0 0 0 0 0 0 0 0 0 0 0 0 0 0 0 0 0 0 0 0 0 0 0 0 0 0 0 0 0 0 0 0 0 0 0 0 0 0 0 0 0 0 0 0 0 0 0 0 0 0 0 0 0 0 0 0 0 0 0]
[4358460701294087628925662328625162047566837602028930301258719122027242795552309344671134487427150211177433586080062264188766102874945674442385530604924519853039891257092686260763126406327717788703313599185354206987590219438053518954979880517692543466432886869773306167204195383497556955669298401838912899526370738548235395449740480124461995572746727 0 0 0 0 0 0 0 0 0 0 0 0 0 0 0 0 0 0 0 0 0 0 0 0 0 1 0 0 0 0 0 0 0 0 0 0 0 0 0 0 0 0 0 0 0 0 0 0 0 0 0 0 0 0 0 0 0 0 0 0 0 0 0 0 0 0 0 0 0 0 0 0 0 0 0 0 0 0 0 0 0 0 0 0 0 0 0 0 0 0 0 0 0 0 0 0 0 0 0 0 0 0 0 0 0 0 0 0 0 0 0 0 0 0 0]
[12965638725750999225608112038364088658830221105689183119904566316759603162003385695264835051782647812328912141056352067298685435219993134029428700383775438609122704726078828946411057755336883058341459500358272057983687848922737061555810035463127717929334986385850805790893280592815131246307593999615063551610553935303261379948847437949592393113887647 0 0 0 0 0 0 0 0 0 0 0 0 0 0 0 0 0 0 0 0 0 0 0 0 0 0 1 0 0 0 0 0 0 0 0 0 0 0 0 0 0 0 0 0 0 0 0 0 0 0 0 0 0 0 0 0 0 0 0 0 0 0 0 0 0 0 0 0 0 0 0 0 0 0 0 0 0 0 0 0 0 0 0 0 0 0 0 0 0 0 0 0 0 0 0 0 0 0 0 0 0 0 0 0 0 0 0 0 0 0 0 0 0 0 0]
[10867194275747427966843391672370301220988730624872424338991809994431863641473780036059983507156238008268209266190674871250080914585879989918308220169685755026599581564374708547044351250893614761358166756047380053565509221824419322498770707182263121485619313405655416878377704238345703168693099203950666487417173106472129312835376936156491958612845828 0 0 0 0 0 0 0 0 0 0 0 0 0 0 0 0 0 0 0 0 0 0 0 0 0 0 0 1 0 0 0 0 0 0 0 0 0 0 0 0 0 0 0 0 0 0 0 0 0 0 0 0 0 0 0 0 0 0 0 0 0 0 0 0 0 0 0 0 0 0 0 0 0 0 0 0 0 0 0 0 0 0 0 0 0 0 0 0 0 0 0 0 0 0 0 0 0 0 0 0 0 0 0 0 0 0 0 0 0 0 0 0 0 0 0]
[1812981285738093422613738946057999865981242808156816186276099260966858487404779433332325777553909210174962414025806115507619887315631844545177738827973069128580702917685944497272409560552903086206331760236561774002858010833637935136309320794711921042867286670095770986293401832063496298820645941295262368225307714317982949016282088205955274718246172 0 0 0 0 0 0 0 0 0 0 0 0 0 0 0 0 0 0 0 0 0 0 0 0 0 0 0 0 1 0 0 0 0 0 0 0 0 0 0 0 0 0 0 0 0 0 0 0 0 0 0 0 0 0 0 0 0 0 0 0 0 0 0 0 0 0 0 0 0 0 0 0 0 0 0 0 0 0 0 0 0 0 0 0 0 0 0 0 0 0 0 0 0 0 0 0 0 0 0 0 0 0 0 0 0 0 0 0 0 0 0 0 0 0 0]
[4707434810084337246371314192971894901876168410794173253205713127004869918468508711007723728809730197852901938600441042773211088959234870798240339898071788221235534921490622001837536344905614921507924152134106033359382352620580475024061010168334978685777286485443284968028367715560150264876733141484662744750967529416435709312593302896753777686765880 0 0 0 0 0 0 0 0 0 0 0 0 0 0 0 0 0 0 0 0 0 0 0 0 0 0 0 0 0 1 0 0 0 0 0 0 0 0 0 0 0 0 0 0 0 0 0 0 0 0 0 0 0 0 0 0 0 0 0 0 0 0 0 0 0 0 0 0 0 0 0 0 0 0 0 0 0 0 0 0 0 0 0 0 0 0 0 0 0 0 0 0 0 0 0 0 0 0 0 0 0 0 0 0 0 0 0 0 0 0 0 0 0 0 0]
[2292476081330652798169622108255617925040663533208420696549912013310089393424884893017650207320635170502092595792581431625926069407451231915267466131980217220061929882345563303435674366028447486495014851030147588524653080978860426151760907659766854396024002636392161964825450181185785040707164370816651976236643168892104447497844459674478466135423046 0 0 0 0 0 0 0 0 0 0 0 0 0 0 0 0 0 0 0 0 0 0 0 0 0 0 0 0 0 0 1 0 0 0 0 0 0 0 0 0 0 0 0 0 0 0 0 0 0 0 0 0 0 0 0 0 0 0 0 0 0 0 0 0 0 0 0 0 0 0 0 0 0 0 0 0 0 0 0 0 0 0 0 0 0 0 0 0 0 0 0 0 0 0 0 0 0 0 0 0 0 0 0 0 0 0 0 0 0 0 0 0 0 0 0]
[10155994635554930098292239947044952152777126674541403600575683921501018045340963342657246861772606650182321855510950745399966339405578829555518437701804357982231630761298256049005620722667572841679515988783325852581725978827763182358047047451354482131772108812971335440374798878611637947156923859973169003755470123536195674447988258719758435840357543 0 0 0 0 0 0 0 0 0 0 0 0 0 0 0 0 0 0 0 0 0 0 0 0 0 0 0 0 0 0 0 1 0 0 0 0 0 0 0 0 0 0 0 0 0 0 0 0 0 0 0 0 0 0 0 0 0 0 0 0 0 0 0 0 0 0 0 0 0 0 0 0 0 0 0 0 0 0 0 0 0 0 0 0 0 0 0 0 0 0 0 0 0 0 0 0 0 0 0 0 0 0 0 0 0 0 0 0 0 0 0 0 0 0 0]
[1621464152587661932983926225372597717179812025288144245388838601674723790248641879846867425819365086247559041418670589897869884440479964123917298610657360871342429103955202873609251097057723064450388437307178828785164603082127383049508825365149013945212208439837355420014140509972707752160968902230864846808460821173976752796243888520227929494597160 0 0 0 0 0 0 0 0 0 0 0 0 0 0 0 0 0 0 0 0 0 0 0 0 0 0 0 0 0 0 0 0 1 0 0 0 0 0 0 0 0 0 0 0 0 0 0 0 0 0 0 0 0 0 0 0 0 0 0 0 0 0 0 0 0 0 0 0 0 0 0 0 0 0 0 0 0 0 0 0 0 0 0 0 0 0 0 0 0 0 0 0 0 0 0 0 0 0 0 0 0 0 0 0 0 0 0 0 0 0 0 0 0 0 0]
[11676059505969596633311472053881182270750282819853753629337438246934938749139323271131926040561624311771085487431613716880523417414970734994167553097951748387693730929107196475913858690175805581386504688807460374057115170731782014781921239150392236860135429944501517415164226768321784509162082650252388581674584808956697899993803400825623191327857986 0 0 0 0 0 0 0 0 0 0 0 0 0 0 0 0 0 0 0 0 0 0 0 0 0 0 0 0 0 0 0 0 0 1 0 0 0 0 0 0 0 0 0 0 0 0 0 0 0 0 0 0 0 0 0 0 0 0 0 0 0 0 0 0 0 0 0 0 0 0 0 0 0 0 0 0 0 0 0 0 0 0 0 0 0 0 0 0 0 0 0 0 0 0 0 0 0 0 0 0 0 0 0 0 0 0 0 0 0 0 0 0 0 0 0]
[3211523039315072352113310522461618285061542075285932701103090850497200600724674685576912311760841931639078494092916369729337948466962234218458700489012628145448858208189509221600467192315433366858846164437679276607361849763373324427768975093030146725521659848768072042804707371105434206793004809096555062150001037533794692370413309742141143426213398 0 0 0 0 0 0 0 0 0 0 0 0 0 0 0 0 0 0 0 0 0 0 0 0 0 0 0 0 0 0 0 0 0 0 1 0 0 0 0 0 0 0 0 0 0 0 0 0 0 0 0 0 0 0 0 0 0 0 0 0 0 0 0 0 0 0 0 0 0 0 0 0 0 0 0 0 0 0 0 0 0 0 0 0 0 0 0 0 0 0 0 0 0 0 0 0 0 0 0 0 0 0 0 0 0 0 0 0 0 0 0 0 0 0 0]
[6198806122339182841722120611378751601265877611164586326920271409669127940479156778769178432450701728615152511254288606025135862500548764633790106962922077003980060427971216278979116909194375744254070977838277105597976171110420390832946284187875177424807924419685416752774161663035996433478511818511925407905629042581390307567540887548378375880531838 0 0 0 0 0 0 0 0 0 0 0 0 0 0 0 0 0 0 0 0 0 0 0 0 0 0 0 0 0 0 0 0 0 0 0 1 0 0 0 0 0 0 0 0 0 0 0 0 0 0 0 0 0 0 0 0 0 0 0 0 0 0 0 0 0 0 0 0 0 0 0 0 0 0 0 0 0 0 0 0 0 0 0 0 0 0 0 0 0 0 0 0 0 0 0 0 0 0 0 0 0 0 0 0 0 0 0 0 0 0 0 0 0 0 0]
[1190676710819762279370086795602639311779749709284304151074211133571532859048557252044032103894232773539198820172270266058632581730368610673685173844411949732748738749402945788257079394188598483873166441037835269415060833373878135436107084618958398680967272428909625430245174952416843969771058217321974071273801170866926512900836251562883334829706115 0 0 0 0 0 0 0 0 0 0 0 0 0 0 0 0 0 0 0 0 0 0 0 0 0 0 0 0 0 0 0 0 0 0 0 0 1 0 0 0 0 0 0 0 0 0 0 0 0 0 0 0 0 0 0 0 0 0 0 0 0 0 0 0 0 0 0 0 0 0 0 0 0 0 0 0 0 0 0 0 0 0 0 0 0 0 0 0 0 0 0 0 0 0 0 0 0 0 0 0 0 0 0 0 0 0 0 0 0 0 0 0 0 0 0]
[12104405944052698907090885789917273004354105436598017590483914705001938881286746323965876680549513289310130362626739607115182354485383189131784561080132581574971886676747269705373920059846136339904213045916013527146083907766242057591909376730279083043987060131452136967239736359826559388647048581116341357901280581538734687257768953374731055751272998 0 0 0 0 0 0 0 0 0 0 0 0 0 0 0 0 0 0 0 0 0 0 0 0 0 0 0 0 0 0 0 0 0 0 0 0 0 1 0 0 0 0 0 0 0 0 0 0 0 0 0 0 0 0 0 0 0 0 0 0 0 0 0 0 0 0 0 0 0 0 0 0 0 0 0 0 0 0 0 0 0 0 0 0 0 0 0 0 0 0 0 0 0 0 0 0 0 0 0 0 0 0 0 0 0 0 0 0 0 0 0 0 0 0 0]
[6600716138291405013092925815842293250007190570764587878467287886389349830545998114629468262929202764689935861122064310634403820746866171925809451435383628395642942178725572884882750924207187009542167835491187095785199623319248700509509736702916979090719582439544226430627656588693910857749671214824992334248691658191087206403967076528725608000943396 0 0 0 0 0 0 0 0 0 0 0 0 0 0 0 0 0 0 0 0 0 0 0 0 0 0 0 0 0 0 0 0 0 0 0 0 0 0 1 0 0 0 0 0 0 0 0 0 0 0 0 0 0 0 0 0 0 0 0 0 0 0 0 0 0 0 0 0 0 0 0 0 0 0 0 0 0 0 0 0 0 0 0 0 0 0 0 0 0 0 0 0 0 0 0 0 0 0 0 0 0 0 0 0 0 0 0 0 0 0 0 0 0 0 0]
[4960812587084850884637874942380541203580608527056503339203707017912530168858884842284863424111793993302932643290227486235563375681351557354149396783064030984740326793042069292541612381622525835077025123660081840431874400755196936021029878736332199933993347803186919087560681792018464585441889753329228581183119717216387532761015177983967062114601556 0 0 0 0 0 0 0 0 0 0 0 0 0 0 0 0 0 0 0 0 0 0 0 0 0 0 0 0 0 0 0 0 0 0 0 0 0 0 0 1 0 0 0 0 0 0 0 0 0 0 0 0 0 0 0 0 0 0 0 0 0 0 0 0 0 0 0 0 0 0 0 0 0 0 0 0 0 0 0 0 0 0 0 0 0 0 0 0 0 0 0 0 0 0 0 0 0 0 0 0 0 0 0 0 0 0 0 0 0 0 0 0 0 0 0]
[7489971338926523316859059283233931831830728359665258301898937149159807191262818333046075876404912865531634060366812978190954141994082924159829777294742532454684196316931214911936310497064539601059954120247877933051687353905132050293543924149205375956386343601334486847405446729619677224772328842117466427844538606905831148829921655197819654094673465 0 0 0 0 0 0 0 0 0 0 0 0 0 0 0 0 0 0 0 0 0 0 0 0 0 0 0 0 0 0 0 0 0 0 0 0 0 0 0 0 1 0 0 0 0 0 0 0 0 0 0 0 0 0 0 0 0 0 0 0 0 0 0 0 0 0 0 0 0 0 0 0 0 0 0 0 0 0 0 0 0 0 0 0 0 0 0 0 0 0 0 0 0 0 0 0 0 0 0 0 0 0 0 0 0 0 0 0 0 0 0 0 0 0 0]
[9517581346891407191801145914331622164525444263142326147859981626752122407852827342320884401031020158018485194769004687472356473610395594329924363877807601237468904683784772115463039584606004555047026146926188454685722541326720474302364569631394004078665392741545907982320303160514385571309049292567379305953737497098839961862614472533520438216520099 0 0 0 0 0 0 0 0 0 0 0 0 0 0 0 0 0 0 0 0 0 0 0 0 0 0 0 0 0 0 0 0 0 0 0 0 0 0 0 0 0 1 0 0 0 0 0 0 0 0 0 0 0 0 0 0 0 0 0 0 0 0 0 0 0 0 0 0 0 0 0 0 0 0 0 0 0 0 0 0 0 0 0 0 0 0 0 0 0 0 0 0 0 0 0 0 0 0 0 0 0 0 0 0 0 0 0 0 0 0 0 0 0 0 0]
[5772675206030132815123937306231975182652736314536172411834411312311145602210042503843591501561710585330706433326319046214473364381475618401679950531815198078985345151797329744689931886167989152157993733885753717731927927992121879501627552857368564431447396323460330820618532787270086120212644682094444180696836459218585150515320586379671441623058442 0 0 0 0 0 0 0 0 0 0 0 0 0 0 0 0 0 0 0 0 0 0 0 0 0 0 0 0 0 0 0 0 0 0 0 0 0 0 0 0 0 0 1 0 0 0 0 0 0 0 0 0 0 0 0 0 0 0 0 0 0 0 0 0 0 0 0 0 0 0 0 0 0 0 0 0 0 0 0 0 0 0 0 0 0 0 0 0 0 0 0 0 0 0 0 0 0 0 0 0 0 0 0 0 0 0 0 0 0 0 0 0 0 0 0]
[648302331773853340067042505874060808746463570195310122586570773321709408501265731306263843184035429202275553651254773640645805228188433590689897656046778937853756331095181942434736624054151307712031184666562221116472793496459467906253779954553132627942502362713130883896671685961724887402556100911863719891928827822623478010556001440330126184932155 0 0 0 0 0 0 0 0 0 0 0 0 0 0 0 0 0 0 0 0 0 0 0 0 0 0 0 0 0 0 0 0 0 0 0 0 0 0 0 0 0 0 0 1 0 0 0 0 0 0 0 0 0 0 0 0 0 0 0 0 0 0 0 0 0 0 0 0 0 0 0 0 0 0 0 0 0 0 0 0 0 0 0 0 0 0 0 0 0 0 0 0 0 0 0 0 0 0 0 0 0 0 0 0 0 0 0 0 0 0 0 0 0 0 0]
[2963312184850802588223367062347183909401387565955212986811975145113896948860253236961445611371134322885680157655220129353713837427800545326868073365992693591310401881675353661614551539665323955710345473188479212419136859979116594686831857138212628025213085595129529792288978247351402869513492778998654802987980547119256620817483344953216679124401431 0 0 0 0 0 0 0 0 0 0 0 0 0 0 0 0 0 0 0 0 0 0 0 0 0 0 0 0 0 0 0 0 0 0 0 0 0 0 0 0 0 0 0 0 1 0 0 0 0 0 0 0 0 0 0 0 0 0 0 0 0 0 0 0 0 0 0 0 0 0 0 0 0 0 0 0 0 0 0 0 0 0 0 0 0 0 0 0 0 0 0 0 0 0 0 0 0 0 0 0 0 0 0 0 0 0 0 0 0 0 0 0 0 0 0]
[247190810641526508150573407278226768631458731962564366909695457928411512476412068662668514232056427874379926552140789679540545846100626756279132449161399027256016498676821775452089668625179808530060921836782177825766036340738185992721092928161034514513637850283921116740435689148831290546794045600413490838385683196555422101301910737524248548918160 0 0 0 0 0 0 0 0 0 0 0 0 0 0 0 0 0 0 0 0 0 0 0 0 0 0 0 0 0 0 0 0 0 0 0 0 0 0 0 0 0 0 0 0 0 1 0 0 0 0 0 0 0 0 0 0 0 0 0 0 0 0 0 0 0 0 0 0 0 0 0 0 0 0 0 0 0 0 0 0 0 0 0 0 0 0 0 0 0 0 0 0 0 0 0 0 0 0 0 0 0 0 0 0 0 0 0 0 0 0 0 0 0 0 0]
[4561515661025405816409013084829671210047743976302595990775222136273108510929492941193910738075853472598662054351999952588032226418034701285787760550997889051855490596184582313227213133634985495084211733059674987750354598513629486725835931929201493214596787372883079191902694288394650263611289872737527492985356415921732746032159521615454919999749384 0 0 0 0 0 0 0 0 0 0 0 0 0 0 0 0 0 0 0 0 0 0 0 0 0 0 0 0 0 0 0 0 0 0 0 0 0 0 0 0 0 0 0 0 0 0 1 0 0 0 0 0 0 0 0 0 0 0 0 0 0 0 0 0 0 0 0 0 0 0 0 0 0 0 0 0 0 0 0 0 0 0 0 0 0 0 0 0 0 0 0 0 0 0 0 0 0 0 0 0 0 0 0 0 0 0 0 0 0 0 0 0 0 0 0]
[2258549280473342339781839442537565267987073072394700066650724780592232552113718112732464868443413268162432081103141205655178306480510429455826312601888040855786303157079154106384481106981980721570495579815862130969016758602027706070319306280307043135728062819292604619195044921816886156020899360470280476711199947679459235907678960621577047498467677 0 0 0 0 0 0 0 0 0 0 0 0 0 0 0 0 0 0 0 0 0 0 0 0 0 0 0 0 0 0 0 0 0 0 0 0 0 0 0 0 0 0 0 0 0 0 0 1 0 0 0 0 0 0 0 0 0 0 0 0 0 0 0 0 0 0 0 0 0 0 0 0 0 0 0 0 0 0 0 0 0 0 0 0 0 0 0 0 0 0 0 0 0 0 0 0 0 0 0 0 0 0 0 0 0 0 0 0 0 0 0 0 0 0 0]
[10487626400127961870753534287434398359785348585919554691267743814189924681062710772367509665230054285639837177154545598332225742415920592889856525221149626270483177072088279590963251054885728628220419829477247706052604929370879611217787568598764834407660615219722416359913655537091422793200552106861669306684943912966839103156679657166794715067568957 0 0 0 0 0 0 0 0 0 0 0 0 0 0 0 0 0 0 0 0 0 0 0 0 0 0 0 0 0 0 0 0 0 0 0 0 0 0 0 0 0 0 0 0 0 0 0 0 1 0 0 0 0 0 0 0 0 0 0 0 0 0 0 0 0 0 0 0 0 0 0 0 0 0 0 0 0 0 0 0 0 0 0 0 0 0 0 0 0 0 0 0 0 0 0 0 0 0 0 0 0 0 0 0 0 0 0 0 0 0 0 0 0 0 0]
[5948204488385523075820800008001864303331531842944538801459831319751498360098143658980402626591844821309201889509093569498181305783963168059902860113696816800521546196285583482627905036579511268550472783501245214098404052435027858447113359325866972483405387495869654766068844862981588574402951900922807682261902784103932062978863123949222530858487982 0 0 0 0 0 0 0 0 0 0 0 0 0 0 0 0 0 0 0 0 0 0 0 0 0 0 0 0 0 0 0 0 0 0 0 0 0 0 0 0 0 0 0 0 0 0 0 0 0 1 0 0 0 0 0 0 0 0 0 0 0 0 0 0 0 0 0 0 0 0 0 0 0 0 0 0 0 0 0 0 0 0 0 0 0 0 0 0 0 0 0 0 0 0 0 0 0 0 0 0 0 0 0 0 0 0 0 0 0 0 0 0 0 0 0]
[4077569806475070427713771159453678178708703940140282814260967370670669633649712142285142852974670620835763571602290696986102724259529476230026192558186060276298332332166379275907324492655131087996315047541538182645904323271134752058365786977285736252950808923935525570449159663744682630198022157204086456525074671113170887910145295822721760291857043 0 0 0 0 0 0 0 0 0 0 0 0 0 0 0 0 0 0 0 0 0 0 0 0 0 0 0 0 0 0 0 0 0 0 0 0 0 0 0 0 0 0 0 0 0 0 0 0 0 0 1 0 0 0 0 0 0 0 0 0 0 0 0 0 0 0 0 0 0 0 0 0 0 0 0 0 0 0 0 0 0 0 0 0 0 0 0 0 0 0 0 0 0 0 0 0 0 0 0 0 0 0 0 0 0 0 0 0 0 0 0 0 0 0 0]
[7015883989895605011969738044333775571398488028421506237704688674967527659311617866599567384116538232617064279212632051767095808351380848115399081586726090007700898795863672766536618604099267286597438002486883832317051117955485761782105303812110058900044585591594613525352248077276599471941308835090097752332151986876937081626834091377634073500940607 0 0 0 0 0 0 0 0 0 0 0 0 0 0 0 0 0 0 0 0 0 0 0 0 0 0 0 0 0 0 0 0 0 0 0 0 0 0 0 0 0 0 0 0 0 0 0 0 0 0 0 1 0 0 0 0 0 0 0 0 0 0 0 0 0 0 0 0 0 0 0 0 0 0 0 0 0 0 0 0 0 0 0 0 0 0 0 0 0 0 0 0 0 0 0 0 0 0 0 0 0 0 0 0 0 0 0 0 0 0 0 0 0 0 0]
[400069042156282597749652088716423144205089196474510899329972329753217269191027194484441223391461547539519558612084349540511872152948665124262386903812714675951270837635667950368626583126405026811032734300690130426434917183880682140318267629581873446019993779612776863755912666445146137611942940214566135880643582438411439500288339430655471811699685 0 0 0 0 0 0 0 0 0 0 0 0 0 0 0 0 0 0 0 0 0 0 0 0 0 0 0 0 0 0 0 0 0 0 0 0 0 0 0 0 0 0 0 0 0 0 0 0 0 0 0 0 1 0 0 0 0 0 0 0 0 0 0 0 0 0 0 0 0 0 0 0 0 0 0 0 0 0 0 0 0 0 0 0 0 0 0 0 0 0 0 0 0 0 0 0 0 0 0 0 0 0 0 0 0 0 0 0 0 0 0 0 0 0 0]
[327977271419282304121194744521594143506045207646575048585639660195866618833506676182529108543900902708875025841434990706582781721244664839742953057646582973342559832528936953096340644563503143233209326363460627126397099968491025221471819108671845777450243832735640706633371429245159334604272473090097051903000704359790629385564947222825356885137203 0 0 0 0 0 0 0 0 0 0 0 0 0 0 0 0 0 0 0 0 0 0 0 0 0 0 0 0 0 0 0 0 0 0 0 0 0 0 0 0 0 0 0 0 0 0 0 0 0 0 0 0 0 1 0 0 0 0 0 0 0 0 0 0 0 0 0 0 0 0 0 0 0 0 0 0 0 0 0 0 0 0 0 0 0 0 0 0 0 0 0 0 0 0 0 0 0 0 0 0 0 0 0 0 0 0 0 0 0 0 0 0 0 0 0]
[9992192494280058101929620955751330193873448368818730663991909070142231075613056928431263476329088045771715305480003932853817550446043426401888407659132496818027224444973370269083696299509489073345513923637369271081257232553446544608962099402094637978081454225283978407484912215336178335371788444442127754050184059042152975126549060195549119736458204 0 0 0 0 0 0 0 0 0 0 0 0 0 0 0 0 0 0 0 0 0 0 0 0 0 0 0 0 0 0 0 0 0 0 0 0 0 0 0 0 0 0 0 0 0 0 0 0 0 0 0 0 0 0 1 0 0 0 0 0 0 0 0 0 0 0 0 0 0 0 0 0 0 0 0 0 0 0 0 0 0 0 0 0 0 0 0 0 0 0 0 0 0 0 0 0 0 0 0 0 0 0 0 0 0 0 0 0 0 0 0 0 0 0 0]
[10259281926248899469436066099398320900522059000591042205164433256153238155824007278600230099738561576889139982160391497206968533679708685544338890434495155413045063694342231327509684338234320916216546030350152323852599794271014027639267653065571598028526733258910332087718331122954005463084149075939760464073348379652826177112702426522883201372599998 0 0 0 0 0 0 0 0 0 0 0 0 0 0 0 0 0 0 0 0 0 0 0 0 0 0 0 0 0 0 0 0 0 0 0 0 0 0 0 0 0 0 0 0 0 0 0 0 0 0 0 0 0 0 0 1 0 0 0 0 0 0 0 0 0 0 0 0 0 0 0 0 0 0 0 0 0 0 0 0 0 0 0 0 0 0 0 0 0 0 0 0 0 0 0 0 0 0 0 0 0 0 0 0 0 0 0 0 0 0 0 0 0 0 0]
[2004851146881351210314579908096566331427356110567991284213205513634839195865933614630992973316514597790823895217810320921658159464715616405512890780656545804575616873242702787124028174947285887543422449658974186581856394796003267947841113499844953705029629533401867252937635434259774624327288555419709364974392768581300269055175394642222646631745960 0 0 0 0 0 0 0 0 0 0 0 0 0 0 0 0 0 0 0 0 0 0 0 0 0 0 0 0 0 0 0 0 0 0 0 0 0 0 0 0 0 0 0 0 0 0 0 0 0 0 0 0 0 0 0 0 1 0 0 0 0 0 0 0 0 0 0 0 0 0 0 0 0 0 0 0 0 0 0 0 0 0 0 0 0 0 0 0 0 0 0 0 0 0 0 0 0 0 0 0 0 0 0 0 0 0 0 0 0 0 0 0 0 0 0]
[1369656392221440286694175767422572721545885258388297487773463995337758943143951680035401325905666941560651471675725635335354365273657008553739835205909902472824692213608284514904014192906565917248944942854898717199588252088796867525330788170914086067673872187283417111160867245358070735487827764143241151724277729901106264594187906447130784397750606 0 0 0 0 0 0 0 0 0 0 0 0 0 0 0 0 0 0 0 0 0 0 0 0 0 0 0 0 0 0 0 0 0 0 0 0 0 0 0 0 0 0 0 0 0 0 0 0 0 0 0 0 0 0 0 0 0 1 0 0 0 0 0 0 0 0 0 0 0 0 0 0 0 0 0 0 0 0 0 0 0 0 0 0 0 0 0 0 0 0 0 0 0 0 0 0 0 0 0 0 0 0 0 0 0 0 0 0 0 0 0 0 0 0 0]
[7927599905931908892916066427639835922508681784858246941043580677024385109107888038997291192933559447641178805967790025050071896392694321263404306861329532002550570571850792379028932219437350237085317902668746014947805323143441294554073544446097563510999120277637909711656312283118279068388239524787079975152777325306380288474958210100397548691377528 0 0 0 0 0 0 0 0 0 0 0 0 0 0 0 0 0 0 0 0 0 0 0 0 0 0 0 0 0 0 0 0 0 0 0 0 0 0 0 0 0 0 0 0 0 0 0 0 0 0 0 0 0 0 0 0 0 0 1 0 0 0 0 0 0 0 0 0 0 0 0 0 0 0 0 0 0 0 0 0 0 0 0 0 0 0 0 0 0 0 0 0 0 0 0 0 0 0 0 0 0 0 0 0 0 0 0 0 0 0 0 0 0 0 0]
[529749251745719181325610281259438777865986909044470988459436494480628423361886888592796051685401147024738707390571728674380791789805377221084961513745760084297987192721535479112248045045181448362052469365892983069043709069571083908618711332942443657005194207057105999521596329160949762710506851731851161242638621126222209897719324993137885158281617 0 0 0 0 0 0 0 0 0 0 0 0 0 0 0 0 0 0 0 0 0 0 0 0 0 0 0 0 0 0 0 0 0 0 0 0 0 0 0 0 0 0 0 0 0 0 0 0 0 0 0 0 0 0 0 0 0 0 0 1 0 0 0 0 0 0 0 0 0 0 0 0 0 0 0 0 0 0 0 0 0 0 0 0 0 0 0 0 0 0 0 0 0 0 0 0 0 0 0 0 0 0 0 0 0 0 0 0 0 0 0 0 0 0 0]
[3989998569322465397111816785734712044950436354833756441739922535166275505105594346238168118117035664333601905905217808626317113682847662717087109209428431649275202262333534049283829506767990543910694085707897825957675826735659274489102401626689788687571239263154504360575168838681647237363353904963959933404854908092407091391130971956076240235481147 0 0 0 0 0 0 0 0 0 0 0 0 0 0 0 0 0 0 0 0 0 0 0 0 0 0 0 0 0 0 0 0 0 0 0 0 0 0 0 0 0 0 0 0 0 0 0 0 0 0 0 0 0 0 0 0 0 0 0 0 1 0 0 0 0 0 0 0 0 0 0 0 0 0 0 0 0 0 0 0 0 0 0 0 0 0 0 0 0 0 0 0 0 0 0 0 0 0 0 0 0 0 0 0 0 0 0 0 0 0 0 0 0 0 0]
[10137614563525509886135880658151974182990598093382301515299402001116686887348580201384127613683948871370897369376278465663928646747212171565412194108136905429297617552555251604195879544295102170764239688459841981168415645119793450961234227969385849507600297385742665971461825544679395981390632616691855107561549609789633298089220796574420784966641362 0 0 0 0 0 0 0 0 0 0 0 0 0 0 0 0 0 0 0 0 0 0 0 0 0 0 0 0 0 0 0 0 0 0 0 0 0 0 0 0 0 0 0 0 0 0 0 0 0 0 0 0 0 0 0 0 0 0 0 0 0 1 0 0 0 0 0 0 0 0 0 0 0 0 0 0 0 0 0 0 0 0 0 0 0 0 0 0 0 0 0 0 0 0 0 0 0 0 0 0 0 0 0 0 0 0 0 0 0 0 0 0 0 0 0]
[11668492764049286867685456223113401628910998308812327913690032353879844828241477181894447103148319183291331163132703917690635622892931880740522340244816056277545789479492760283345074000292195089398407318527128654150101436681282935815955342661619343534070814614094751332841186275349729903594780936432621078431460180570515220058726883617541777329006060 0 0 0 0 0 0 0 0 0 0 0 0 0 0 0 0 0 0 0 0 0 0 0 0 0 0 0 0 0 0 0 0 0 0 0 0 0 0 0 0 0 0 0 0 0 0 0 0 0 0 0 0 0 0 0 0 0 0 0 0 0 0 1 0 0 0 0 0 0 0 0 0 0 0 0 0 0 0 0 0 0 0 0 0 0 0 0 0 0 0 0 0 0 0 0 0 0 0 0 0 0 0 0 0 0 0 0 0 0 0 0 0 0 0 0]
[1330629033217089884356672792993609490226145701549378164267846216703382614125555201726365563870500597670531265057483367307507954187914405408760078256808622219762093815039443786892129314051932165916028595737687417795289025753182131835001252283205600883977551725206779650069452115181859032410575775936691194760254306706211157071389359153559656798508528 0 0 0 0 0 0 0 0 0 0 0 0 0 0 0 0 0 0 0 0 0 0 0 0 0 0 0 0 0 0 0 0 0 0 0 0 0 0 0 0 0 0 0 0 0 0 0 0 0 0 0 0 0 0 0 0 0 0 0 0 0 0 0 1 0 0 0 0 0 0 0 0 0 0 0 0 0 0 0 0 0 0 0 0 0 0 0 0 0 0 0 0 0 0 0 0 0 0 0 0 0 0 0 0 0 0 0 0 0 0 0 0 0 0 0]
[4755396965596150041549714772584546121262368255320138382533834699828030611722544595263494064103934965641516413054709732080694329096523767810120839059105552136916855789851528597253710707711052628189548771031018077939528253278425630065832331634170475755270144235412807786345278870651603394521991882320135453503395553438074890813910846037989756381336910 0 0 0 0 0 0 0 0 0 0 0 0 0 0 0 0 0 0 0 0 0 0 0 0 0 0 0 0 0 0 0 0 0 0 0 0 0 0 0 0 0 0 0 0 0 0 0 0 0 0 0 0 0 0 0 0 0 0 0 0 0 0 0 0 1 0 0 0 0 0 0 0 0 0 0 0 0 0 0 0 0 0 0 0 0 0 0 0 0 0 0 0 0 0 0 0 0 0 0 0 0 0 0 0 0 0 0 0 0 0 0 0 0 0 0]
[7417986191027489587546777633441199082603013589425125720387545566259326161065118491646167821906029872717459520415073182185228523376603906996901535836837809655616090749267628193787213432873922075841874717219289785735390079480079811687477268429793615195903477440390104956294554904319176294004577360781145703377533200126296029436619579578699417580019144 0 0 0 0 0 0 0 0 0 0 0 0 0 0 0 0 0 0 0 0 0 0 0 0 0 0 0 0 0 0 0 0 0 0 0 0 0 0 0 0 0 0 0 0 0 0 0 0 0 0 0 0 0 0 0 0 0 0 0 0 0 0 0 0 0 1 0 0 0 0 0 0 0 0 0 0 0 0 0 0 0 0 0 0 0 0 0 0 0 0 0 0 0 0 0 0 0 0 0 0 0 0 0 0 0 0 0 0 0 0 0 0 0 0 0]
[10958662306774799216901385326152997794457649827672587617522971479504512684825947412056418028972376580779647603447047933289148698623476388154223610861869603364832765170030944314093525848874785441082828271855838625434506121109266928461017046579431731486914714474027203776574008340937037317758121200062263272521964594991205883202507106872663522458900183 0 0 0 0 0 0 0 0 0 0 0 0 0 0 0 0 0 0 0 0 0 0 0 0 0 0 0 0 0 0 0 0 0 0 0 0 0 0 0 0 0 0 0 0 0 0 0 0 0 0 0 0 0 0 0 0 0 0 0 0 0 0 0 0 0 0 1 0 0 0 0 0 0 0 0 0 0 0 0 0 0 0 0 0 0 0 0 0 0 0 0 0 0 0 0 0 0 0 0 0 0 0 0 0 0 0 0 0 0 0 0 0 0 0 0]
[867378480930681020495983623267567156682656329149801844967682666324681166670345722155065991040643599465426979715664559224651618359169251310610411506505348268604900188299711757354164339546008163758295391356273954469329218008345810228984914710280889440287336611956266764378529610714328742867488513817261592326733653463715774224674470723455628962590123 0 0 0 0 0 0 0 0 0 0 0 0 0 0 0 0 0 0 0 0 0 0 0 0 0 0 0 0 0 0 0 0 0 0 0 0 0 0 0 0 0 0 0 0 0 0 0 0 0 0 0 0 0 0 0 0 0 0 0 0 0 0 0 0 0 0 0 1 0 0 0 0 0 0 0 0 0 0 0 0 0 0 0 0 0 0 0 0 0 0 0 0 0 0 0 0 0 0 0 0 0 0 0 0 0 0 0 0 0 0 0 0 0 0 0]
[6510170263700469556789964670534286136521974015115836195048573619857835921715981379616453102792710507615641506180024175229048859745288381411404901809805319786207777102680568543443953271745735824870490847174197698983561945214255149771494927414863014383936575698717938281530879766194788026978097078672959144052428639482405825738602895528150665932232294 0 0 0 0 0 0 0 0 0 0 0 0 0 0 0 0 0 0 0 0 0 0 0 0 0 0 0 0 0 0 0 0 0 0 0 0 0 0 0 0 0 0 0 0 0 0 0 0 0 0 0 0 0 0 0 0 0 0 0 0 0 0 0 0 0 0 0 0 1 0 0 0 0 0 0 0 0 0 0 0 0 0 0 0 0 0 0 0 0 0 0 0 0 0 0 0 0 0 0 0 0 0 0 0 0 0 0 0 0 0 0 0 0 0 0]
[1589031775572453806645634757540190757768068263867245470628653299763581425268212831708198312312279984027531057988657884956559466978681109418899869684912068780996181120865985657312680810444420492696482233135502802395650082711494122667946166325568180987637350025369407633437165034447240679316987676236814579776099679001481192587583027302852219916113234 0 0 0 0 0 0 0 0 0 0 0 0 0 0 0 0 0 0 0 0 0 0 0 0 0 0 0 0 0 0 0 0 0 0 0 0 0 0 0 0 0 0 0 0 0 0 0 0 0 0 0 0 0 0 0 0 0 0 0 0 0 0 0 0 0 0 0 0 0 1 0 0 0 0 0 0 0 0 0 0 0 0 0 0 0 0 0 0 0 0 0 0 0 0 0 0 0 0 0 0 0 0 0 0 0 0 0 0 0 0 0 0 0 0 0]
[4977924221710886635699133201127113495779741495284414909390329679905418084452512643473669257660204951266285620614255993271526251286542353603599756132914788483404868697429592864455685854769071665264443616436834319794419331700530572818368141955935022937567623622724124937498622241478595072038747864515136735569361709682642687739828662686254049392569959 0 0 0 0 0 0 0 0 0 0 0 0 0 0 0 0 0 0 0 0 0 0 0 0 0 0 0 0 0 0 0 0 0 0 0 0 0 0 0 0 0 0 0 0 0 0 0 0 0 0 0 0 0 0 0 0 0 0 0 0 0 0 0 0 0 0 0 0 0 0 1 0 0 0 0 0 0 0 0 0 0 0 0 0 0 0 0 0 0 0 0 0 0 0 0 0 0 0 0 0 0 0 0 0 0 0 0 0 0 0 0 0 0 0 0]
[9286470117347295792259148402789542881377586957727246202091423021256494923918941330449321379924044746404036760743320799835954448537038361268632048731498457682411713740887355031200145174874687622778516993284986224534624995235817485402324682770512385823460597996181669219186480483399203602520954494242220865567034351933627280759968248146846228611711080 0 0 0 0 0 0 0 0 0 0 0 0 0 0 0 0 0 0 0 0 0 0 0 0 0 0 0 0 0 0 0 0 0 0 0 0 0 0 0 0 0 0 0 0 0 0 0 0 0 0 0 0 0 0 0 0 0 0 0 0 0 0 0 0 0 0 0 0 0 0 0 1 0 0 0 0 0 0 0 0 0 0 0 0 0 0 0 0 0 0 0 0 0 0 0 0 0 0 0 0 0 0 0 0 0 0 0 0 0 0 0 0 0 0 0]
[6867326630205984275382926195033809850767877709128410954250673069604431682338370314016406294987337419921348211629750193461445564074325119471317167997188055371230341504860074640853965291318970334987253374698215973272201825660009025415186818028282928094122120141952997250448195550517929328024993006783139972789268875664060959681274144778952829365096767 0 0 0 0 0 0 0 0 0 0 0 0 0 0 0 0 0 0 0 0 0 0 0 0 0 0 0 0 0 0 0 0 0 0 0 0 0 0 0 0 0 0 0 0 0 0 0 0 0 0 0 0 0 0 0 0 0 0 0 0 0 0 0 0 0 0 0 0 0 0 0 0 1 0 0 0 0 0 0 0 0 0 0 0 0 0 0 0 0 0 0 0 0 0 0 0 0 0 0 0 0 0 0 0 0 0 0 0 0 0 0 0 0 0 0]
[8813052208670561827257928184292894051406464813585045813800084254265136827362081368690425543095568708804323714157788326743311849445434654166547131005878720941617134201038521309437852033842684991559245566733679162620986322293827291435402897088223560985166960808360159129217153318868056361539326439541932937161489386837463446406243326149953483688240091 0 0 0 0 0 0 0 0 0 0 0 0 0 0 0 0 0 0 0 0 0 0 0 0 0 0 0 0 0 0 0 0 0 0 0 0 0 0 0 0 0 0 0 0 0 0 0 0 0 0 0 0 0 0 0 0 0 0 0 0 0 0 0 0 0 0 0 0 0 0 0 0 0 1 0 0 0 0 0 0 0 0 0 0 0 0 0 0 0 0 0 0 0 0 0 0 0 0 0 0 0 0 0 0 0 0 0 0 0 0 0 0 0 0 0]
[3017997259532262951464322380468500701626710051766131138780096054220307483821914052813073617877976531165440341933210693931505397870714719373564198505228142436920710961967556566136032308937246845877530873289350217363487113719987606148657199875071728719918937175256273707602970623494038908480770776031231110275472516133576767793598078094031208281554263 0 0 0 0 0 0 0 0 0 0 0 0 0 0 0 0 0 0 0 0 0 0 0 0 0 0 0 0 0 0 0 0 0 0 0 0 0 0 0 0 0 0 0 0 0 0 0 0 0 0 0 0 0 0 0 0 0 0 0 0 0 0 0 0 0 0 0 0 0 0 0 0 0 0 1 0 0 0 0 0 0 0 0 0 0 0 0 0 0 0 0 0 0 0 0 0 0 0 0 0 0 0 0 0 0 0 0 0 0 0 0 0 0 0 0]
[6641686092312394590160837629562233810216329650878656448096145503269373274559991248662513371194596605457563767348532981595854721840711997877686529602786720626870872550261941532755684173067174424516010325138673679418178425893010741817199744070326357075696982117487630613709195717768991779221618393104716301282342518789814589419967998984082800681069014 0 0 0 0 0 0 0 0 0 0 0 0 0 0 0 0 0 0 0 0 0 0 0 0 0 0 0 0 0 0 0 0 0 0 0 0 0 0 0 0 0 0 0 0 0 0 0 0 0 0 0 0 0 0 0 0 0 0 0 0 0 0 0 0 0 0 0 0 0 0 0 0 0 0 0 1 0 0 0 0 0 0 0 0 0 0 0 0 0 0 0 0 0 0 0 0 0 0 0 0 0 0 0 0 0 0 0 0 0 0 0 0 0 0 0]
[8184040628340262118510845784227709122497454886058489558906492961966721739222498106520170667806742792645439348265138734860425003765276686843830588908335442140416793557769509488650977998497148209632385815395137282093177710590549215545438100161856271936210057063957912167069676454463020306420496114352915206468332379833330535787420624473012142464582775 0 0 0 0 0 0 0 0 0 0 0 0 0 0 0 0 0 0 0 0 0 0 0 0 0 0 0 0 0 0 0 0 0 0 0 0 0 0 0 0 0 0 0 0 0 0 0 0 0 0 0 0 0 0 0 0 0 0 0 0 0 0 0 0 0 0 0 0 0 0 0 0 0 0 0 0 1 0 0 0 0 0 0 0 0 0 0 0 0 0 0 0 0 0 0 0 0 0 0 0 0 0 0 0 0 0 0 0 0 0 0 0 0 0 0]
[6616294311286935071771541849616952221257312277717753006893716585136918958997050128185135498633988543176014444962979764404364320858797643766997773542668493075433955055682183625942070127959821427515754510901790612213126303897823249655860308006655860011969890003871921493563764171843818286129597246166653695643669218526387737212533928371864959669331592 0 0 0 0 0 0 0 0 0 0 0 0 0 0 0 0 0 0 0 0 0 0 0 0 0 0 0 0 0 0 0 0 0 0 0 0 0 0 0 0 0 0 0 0 0 0 0 0 0 0 0 0 0 0 0 0 0 0 0 0 0 0 0 0 0 0 0 0 0 0 0 0 0 0 0 0 0 1 0 0 0 0 0 0 0 0 0 0 0 0 0 0 0 0 0 0 0 0 0 0 0 0 0 0 0 0 0 0 0 0 0 0 0 0 0]
[7592102167648798213141092429831190796494749965508277125016096263058518817721531633974309888099516945217250093296870818014767164203958833017388921691980595468317647680109056774224462332047247379404015814194387422630809628834049947235346375896086102612590327946440075457333969155912298383408851140194657306864604339924889860409915041342469077720387836 0 0 0 0 0 0 0 0 0 0 0 0 0 0 0 0 0 0 0 0 0 0 0 0 0 0 0 0 0 0 0 0 0 0 0 0 0 0 0 0 0 0 0 0 0 0 0 0 0 0 0 0 0 0 0 0 0 0 0 0 0 0 0 0 0 0 0 0 0 0 0 0 0 0 0 0 0 0 1 0 0 0 0 0 0 0 0 0 0 0 0 0 0 0 0 0 0 0 0 0 0 0 0 0 0 0 0 0 0 0 0 0 0 0 0]
[6019385994476388695889740920090145021786610048435175102895356736093795934633802635563117049459036545862647213610812205976120981634819117472216946794805211757133545242690397200750812006987612586360292606417778730839795770380658889454218244853827786691084825203551008076401794180115393340714342214597975529989511531529881773303348868120514958541671240 0 0 0 0 0 0 0 0 0 0 0 0 0 0 0 0 0 0 0 0 0 0 0 0 0 0 0 0 0 0 0 0 0 0 0 0 0 0 0 0 0 0 0 0 0 0 0 0 0 0 0 0 0 0 0 0 0 0 0 0 0 0 0 0 0 0 0 0 0 0 0 0 0 0 0 0 0 0 0 1 0 0 0 0 0 0 0 0 0 0 0 0 0 0 0 0 0 0 0 0 0 0 0 0 0 0 0 0 0 0 0 0 0 0 0]
[4756974812325197533125090754736964556059741595777002575787260819734106400267360794620152080247238731601958896248709128710249793022191614763636292964912624723225240882811329860953772432244748352784776291987539607516940753202301927462727498067391937576188387471892778219420680614747640880612361968628374029971499019774553310028069090920545177054573528 0 0 0 0 0 0 0 0 0 0 0 0 0 0 0 0 0 0 0 0 0 0 0 0 0 0 0 0 0 0 0 0 0 0 0 0 0 0 0 0 0 0 0 0 0 0 0 0 0 0 0 0 0 0 0 0 0 0 0 0 0 0 0 0 0 0 0 0 0 0 0 0 0 0 0 0 0 0 0 0 1 0 0 0 0 0 0 0 0 0 0 0 0 0 0 0 0 0 0 0 0 0 0 0 0 0 0 0 0 0 0 0 0 0 0]
[2849803076428438838784122588152631863179398272210751353163237955859731696568505590483710832005604692014564269055035806612266113330116535145469622644215926901183737561934613226231616470506684911818401669257282825442858207346206199556208428764978006943671335914165371959104960564933700906450951758556904453073431283664111950290182318664474422077497278 0 0 0 0 0 0 0 0 0 0 0 0 0 0 0 0 0 0 0 0 0 0 0 0 0 0 0 0 0 0 0 0 0 0 0 0 0 0 0 0 0 0 0 0 0 0 0 0 0 0 0 0 0 0 0 0 0 0 0 0 0 0 0 0 0 0 0 0 0 0 0 0 0 0 0 0 0 0 0 0 0 1 0 0 0 0 0 0 0 0 0 0 0 0 0 0 0 0 0 0 0 0 0 0 0 0 0 0 0 0 0 0 0 0 0]
[9949327314377752353153401137586674131837498636580036169824248132531044937467570961752792949607309907135123406186159269907144761560604466250515618454815624426549699913122186758852229750099717411318088073905651366928650002184796801256751091595089787157462754980589896235684151814200266060031670245056643207228143855613474072183920795344860948110953925 0 0 0 0 0 0 0 0 0 0 0 0 0 0 0 0 0 0 0 0 0 0 0 0 0 0 0 0 0 0 0 0 0 0 0 0 0 0 0 0 0 0 0 0 0 0 0 0 0 0 0 0 0 0 0 0 0 0 0 0 0 0 0 0 0 0 0 0 0 0 0 0 0 0 0 0 0 0 0 0 0 0 1 0 0 0 0 0 0 0 0 0 0 0 0 0 0 0 0 0 0 0 0 0 0 0 0 0 0 0 0 0 0 0 0]
[11451688846409888853257287808907616269339410225191773192214704304260721324991519822691670536228043845613974151177658849196885347908747391253679417273441943618038930881070499694153769063720917686569672388970614646254089420896298112120998273880268756690664930319913594288855506653575973011311426338866594509003746793538212713893422742348010283480181604 0 0 0 0 0 0 0 0 0 0 0 0 0 0 0 0 0 0 0 0 0 0 0 0 0 0 0 0 0 0 0 0 0 0 0 0 0 0 0 0 0 0 0 0 0 0 0 0 0 0 0 0 0 0 0 0 0 0 0 0 0 0 0 0 0 0 0 0 0 0 0 0 0 0 0 0 0 0 0 0 0 0 0 1 0 0 0 0 0 0 0 0 0 0 0 0 0 0 0 0 0 0 0 0 0 0 0 0 0 0 0 0 0 0 0]
[2492017308734559230337805414535259055642142369004837464337148865416901522474405502489734109810043094356387398093046859774718663200166173218950302263408264243076825266818241348456276539250654726648241458153498984767589402684749192296220927413955654864105551178036667432994014624377796652099395161146027600004440785752046950969120605856187758952546571 0 0 0 0 0 0 0 0 0 0 0 0 0 0 0 0 0 0 0 0 0 0 0 0 0 0 0 0 0 0 0 0 0 0 0 0 0 0 0 0 0 0 0 0 0 0 0 0 0 0 0 0 0 0 0 0 0 0 0 0 0 0 0 0 0 0 0 0 0 0 0 0 0 0 0 0 0 0 0 0 0 0 0 0 1 0 0 0 0 0 0 0 0 0 0 0 0 0 0 0 0 0 0 0 0 0 0 0 0 0 0 0 0 0 0]
[6017190856216205750951594934235438379830940821598398199246094306328918488513808571124747846359999523983380389131346502735653376702196969668720603297722424459721770034604742328264757216348437464431734524438658284195844848539642743770937547118231911195735266910076810678769484563907307684804343939693970994736794144958902727823010387733554416206000642 0 0 0 0 0 0 0 0 0 0 0 0 0 0 0 0 0 0 0 0 0 0 0 0 0 0 0 0 0 0 0 0 0 0 0 0 0 0 0 0 0 0 0 0 0 0 0 0 0 0 0 0 0 0 0 0 0 0 0 0 0 0 0 0 0 0 0 0 0 0 0 0 0 0 0 0 0 0 0 0 0 0 0 0 0 1 0 0 0 0 0 0 0 0 0 0 0 0 0 0 0 0 0 0 0 0 0 0 0 0 0 0 0 0 0]
[2249275851698586424302490642905302126446673839923650646436599992925369901770715622618797991757677234177351561010572475525310030152663106613426146888778215201411838889283481033027670532276192543894800800317545387895947358634981969829414712039174940569879976375906610340690105574065201530804422036632647708410123407213030855189122563328617825592828102 0 0 0 0 0 0 0 0 0 0 0 0 0 0 0 0 0 0 0 0 0 0 0 0 0 0 0 0 0 0 0 0 0 0 0 0 0 0 0 0 0 0 0 0 0 0 0 0 0 0 0 0 0 0 0 0 0 0 0 0 0 0 0 0 0 0 0 0 0 0 0 0 0 0 0 0 0 0 0 0 0 0 0 0 0 0 1 0 0 0 0 0 0 0 0 0 0 0 0 0 0 0 0 0 0 0 0 0 0 0 0 0 0 0 0]
[3793070651216262750638666760481095547028498196247958797330052498400797786435122563020554587161853107254943505754932610710234408327284442130794378975906620500001733552777688016015612013215674114604345244466240231779064459438836695333565044374615555245980931608523216838969663513148599321861736969884657769939047798351849437854793738667919133087295350 0 0 0 0 0 0 0 0 0 0 0 0 0 0 0 0 0 0 0 0 0 0 0 0 0 0 0 0 0 0 0 0 0 0 0 0 0 0 0 0 0 0 0 0 0 0 0 0 0 0 0 0 0 0 0 0 0 0 0 0 0 0 0 0 0 0 0 0 0 0 0 0 0 0 0 0 0 0 0 0 0 0 0 0 0 0 0 1 0 0 0 0 0 0 0 0 0 0 0 0 0 0 0 0 0 0 0 0 0 0 0 0 0 0 0]
[2373563961847054313214141026967437682060744318652223056026843921053134163382393086247766383767655083801374212608670531889640757480746417158600453959425453531422456638462457280189978724688287133238979087078687498128007194202189034344604941514619729533313376066932494790871761061883947406783272651214441716534787894640144353298993144554624825055583342 0 0 0 0 0 0 0 0 0 0 0 0 0 0 0 0 0 0 0 0 0 0 0 0 0 0 0 0 0 0 0 0 0 0 0 0 0 0 0 0 0 0 0 0 0 0 0 0 0 0 0 0 0 0 0 0 0 0 0 0 0 0 0 0 0 0 0 0 0 0 0 0 0 0 0 0 0 0 0 0 0 0 0 0 0 0 0 0 1 0 0 0 0 0 0 0 0 0 0 0 0 0 0 0 0 0 0 0 0 0 0 0 0 0 0]
[4969014120373206427107692968930989766831488643944582034992437651430015984011691750578507963554254017103223188854923228479257461660455013962553103746173453429122100919828079570569502151260369571156824405940423164491255265936080509026150076172729014346859993400622013395285375623246616568890246754315465160854313186981363682873988451860612912968328921 0 0 0 0 0 0 0 0 0 0 0 0 0 0 0 0 0 0 0 0 0 0 0 0 0 0 0 0 0 0 0 0 0 0 0 0 0 0 0 0 0 0 0 0 0 0 0 0 0 0 0 0 0 0 0 0 0 0 0 0 0 0 0 0 0 0 0 0 0 0 0 0 0 0 0 0 0 0 0 0 0 0 0 0 0 0 0 0 0 1 0 0 0 0 0 0 0 0 0 0 0 0 0 0 0 0 0 0 0 0 0 0 0 0 0]
[7445798569098150970443509682459196900600490999138821250409443314448937879687482513526979451999335837731090954890993113407152528862730571515322406572179409752381609245186876011634152289754100329899812004667010829744976738900412587414489279304479115497064545131767731024635030174945900856151101174232831140970454301668037703037035791161778439362235927 0 0 0 0 0 0 0 0 0 0 0 0 0 0 0 0 0 0 0 0 0 0 0 0 0 0 0 0 0 0 0 0 0 0 0 0 0 0 0 0 0 0 0 0 0 0 0 0 0 0 0 0 0 0 0 0 0 0 0 0 0 0 0 0 0 0 0 0 0 0 0 0 0 0 0 0 0 0 0 0 0 0 0 0 0 0 0 0 0 0 1 0 0 0 0 0 0 0 0 0 0 0 0 0 0 0 0 0 0 0 0 0 0 0 0]
[10349063831157988625089457840203455501117852230582029491379096570530912667286214594457105685120184113051684280972260740933578590256978348583597656264125357506593809391923952471586552681404142785401330176488214456298903133614420226574378413675241478611336903971063517656943255277597856688773301816078249115524436183049580122742359051230307370580903687 0 0 0 0 0 0 0 0 0 0 0 0 0 0 0 0 0 0 0 0 0 0 0 0 0 0 0 0 0 0 0 0 0 0 0 0 0 0 0 0 0 0 0 0 0 0 0 0 0 0 0 0 0 0 0 0 0 0 0 0 0 0 0 0 0 0 0 0 0 0 0 0 0 0 0 0 0 0 0 0 0 0 0 0 0 0 0 0 0 0 0 1 0 0 0 0 0 0 0 0 0 0 0 0 0 0 0 0 0 0 0 0 0 0 0]
[12564860388377390235166062410743263760919839568818130212887370984257625106875371179863160156459337180223564930579087191540342861689712906969874076530551508269635447353237012969481863600121065963529771947458005626528901224294921160280659807622606862792699750570761367416033436332816358201794354057133418546266062348189821625651851573438006733207536193 0 0 0 0 0 0 0 0 0 0 0 0 0 0 0 0 0 0 0 0 0 0 0 0 0 0 0 0 0 0 0 0 0 0 0 0 0 0 0 0 0 0 0 0 0 0 0 0 0 0 0 0 0 0 0 0 0 0 0 0 0 0 0 0 0 0 0 0 0 0 0 0 0 0 0 0 0 0 0 0 0 0 0 0 0 0 0 0 0 0 0 0 1 0 0 0 0 0 0 0 0 0 0 0 0 0 0 0 0 0 0 0 0 0 0]
[8753560513791895578265462859068298747453416210454240208407499581586201187646788801968893965098608290468642131851972832515378846680713222746324571762331259013318648184263845864479184112312550678570400560057941113427462426815577105705804016853156451456620917133131026187137220333265110839680987320904033928850173609107580548427913981371686978964074922 0 0 0 0 0 0 0 0 0 0 0 0 0 0 0 0 0 0 0 0 0 0 0 0 0 0 0 0 0 0 0 0 0 0 0 0 0 0 0 0 0 0 0 0 0 0 0 0 0 0 0 0 0 0 0 0 0 0 0 0 0 0 0 0 0 0 0 0 0 0 0 0 0 0 0 0 0 0 0 0 0 0 0 0 0 0 0 0 0 0 0 0 0 1 0 0 0 0 0 0 0 0 0 0 0 0 0 0 0 0 0 0 0 0 0]
[3539170250957373014196982992350977510718989001507743182453691727179556598630632578559334977431573515212378586849197362218047631387713697212032939164140583210189579499506920903159734417162177539614576272302574725000329573776501771395827891611275446916511989861158035166803143040273514050574118543303773302243382362127251641253433495892003582390910618 0 0 0 0 0 0 0 0 0 0 0 0 0 0 0 0 0 0 0 0 0 0 0 0 0 0 0 0 0 0 0 0 0 0 0 0 0 0 0 0 0 0 0 0 0 0 0 0 0 0 0 0 0 0 0 0 0 0 0 0 0 0 0 0 0 0 0 0 0 0 0 0 0 0 0 0 0 0 0 0 0 0 0 0 0 0 0 0 0 0 0 0 0 0 1 0 0 0 0 0 0 0 0 0 0 0 0 0 0 0 0 0 0 0 0]
[6403625677166269869015595236279653981595441555238874873789763146697326978414517506465320845690045736861120609196238949944333299134821699008267477552006038346613726531602991744587131816789206492292336102379077173562979125898739759875765586810253236498031924091365710181442351675107640773762870464934906666509390754862738773904578468459058501694351117 0 0 0 0 0 0 0 0 0 0 0 0 0 0 0 0 0 0 0 0 0 0 0 0 0 0 0 0 0 0 0 0 0 0 0 0 0 0 0 0 0 0 0 0 0 0 0 0 0 0 0 0 0 0 0 0 0 0 0 0 0 0 0 0 0 0 0 0 0 0 0 0 0 0 0 0 0 0 0 0 0 0 0 0 0 0 0 0 0 0 0 0 0 0 0 1 0 0 0 0 0 0 0 0 0 0 0 0 0 0 0 0 0 0 0]
[4718971078372222623756806184008311797023338861936432037467235924239923853802425632269133896897487561773828159454455980761981982282875704502999304320387026734039146539179883056595305028521163248449582127466432740933643993214212865794535050434370279727004266029276055101336765228753381166141889012488809279979871915356782585659562033085479062092214660 0 0 0 0 0 0 0 0 0 0 0 0 0 0 0 0 0 0 0 0 0 0 0 0 0 0 0 0 0 0 0 0 0 0 0 0 0 0 0 0 0 0 0 0 0 0 0 0 0 0 0 0 0 0 0 0 0 0 0 0 0 0 0 0 0 0 0 0 0 0 0 0 0 0 0 0 0 0 0 0 0 0 0 0 0 0 0 0 0 0 0 0 0 0 0 0 1 0 0 0 0 0 0 0 0 0 0 0 0 0 0 0 0 0 0]
[2349612137141921561350271145294304529535919462129457908270610774291183608276636622119904752228666218005709749420298918294018826867358968294195189073195647647757967965817836149056081966419773845544718248147742386862141800537017157942007981960803671456325399772597836672996693832355361802595540122037208268994717687557167780056029967848805842242234905 0 0 0 0 0 0 0 0 0 0 0 0 0 0 0 0 0 0 0 0 0 0 0 0 0 0 0 0 0 0 0 0 0 0 0 0 0 0 0 0 0 0 0 0 0 0 0 0 0 0 0 0 0 0 0 0 0 0 0 0 0 0 0 0 0 0 0 0 0 0 0 0 0 0 0 0 0 0 0 0 0 0 0 0 0 0 0 0 0 0 0 0 0 0 0 0 0 1 0 0 0 0 0 0 0 0 0 0 0 0 0 0 0 0 0]
[5104628848891359908098792511563618700098215412195399850271128284684977240898883800906370031165522112767317184450255820382068835471965133839374594299851279839372500995428204748015190582895220111758332323987545874922390666370018256498418571283133361285707876245298697107047798032232458500857419635295279121266009385089352764599945153025245277303005328 0 0 0 0 0 0 0 0 0 0 0 0 0 0 0 0 0 0 0 0 0 0 0 0 0 0 0 0 0 0 0 0 0 0 0 0 0 0 0 0 0 0 0 0 0 0 0 0 0 0 0 0 0 0 0 0 0 0 0 0 0 0 0 0 0 0 0 0 0 0 0 0 0 0 0 0 0 0 0 0 0 0 0 0 0 0 0 0 0 0 0 0 0 0 0 0 0 0 1 0 0 0 0 0 0 0 0 0 0 0 0 0 0 0 0]
[11137463938825114708773113622601870318292689272153199207789772534378678404043059044861451533675377571268402243112609838341610761004808260683459929276421447921333796551869854739950404115215111917076649059748773060500717983826912992199151204706673684701217674747657207238628282265202365522254099396260332344001132495890575325815929343892518450769529898 0 0 0 0 0 0 0 0 0 0 0 0 0 0 0 0 0 0 0 0 0 0 0 0 0 0 0 0 0 0 0 0 0 0 0 0 0 0 0 0 0 0 0 0 0 0 0 0 0 0 0 0 0 0 0 0 0 0 0 0 0 0 0 0 0 0 0 0 0 0 0 0 0 0 0 0 0 0 0 0 0 0 0 0 0 0 0 0 0 0 0 0 0 0 0 0 0 0 0 1 0 0 0 0 0 0 0 0 0 0 0 0 0 0 0]
[8931460139434766001930293305879034382725251940007832621812262773752071208050559058122574276938160741071915272520880883212054432258343695241653885566239733390530284531763975279177908356875540292770302290684451649697234354008806970824702268562845903852671702249154660174327433427210956091327599304993150542471170761620091862924816958718806480030553005 0 0 0 0 0 0 0 0 0 0 0 0 0 0 0 0 0 0 0 0 0 0 0 0 0 0 0 0 0 0 0 0 0 0 0 0 0 0 0 0 0 0 0 0 0 0 0 0 0 0 0 0 0 0 0 0 0 0 0 0 0 0 0 0 0 0 0 0 0 0 0 0 0 0 0 0 0 0 0 0 0 0 0 0 0 0 0 0 0 0 0 0 0 0 0 0 0 0 0 0 1 0 0 0 0 0 0 0 0 0 0 0 0 0 0]
[9266708534700564765980994940579301759763857465159002156478215813902418111204429784067937018828663470170337056208330039598202815683501392852836527602705410846837505175981593899835616710084272590790775895139750664995401341713760357147644278851201943470364791548700399282490328408723913852618792829976370608427343218465895803619166080352144679329265111 0 0 0 0 0 0 0 0 0 0 0 0 0 0 0 0 0 0 0 0 0 0 0 0 0 0 0 0 0 0 0 0 0 0 0 0 0 0 0 0 0 0 0 0 0 0 0 0 0 0 0 0 0 0 0 0 0 0 0 0 0 0 0 0 0 0 0 0 0 0 0 0 0 0 0 0 0 0 0 0 0 0 0 0 0 0 0 0 0 0 0 0 0 0 0 0 0 0 0 0 0 1 0 0 0 0 0 0 0 0 0 0 0 0 0]
[9602127267408211003404785662884888310189038765466524205232744464970301410138444123502987512203593736121483466528134018099997075326839381279953701840078881313591856841154831312457307549681050379522394372556347729659063717113040761344544321363743835286389270576173545224650851509778959116674399278844505847348025326828212563605535303371437141317152956 0 0 0 0 0 0 0 0 0 0 0 0 0 0 0 0 0 0 0 0 0 0 0 0 0 0 0 0 0 0 0 0 0 0 0 0 0 0 0 0 0 0 0 0 0 0 0 0 0 0 0 0 0 0 0 0 0 0 0 0 0 0 0 0 0 0 0 0 0 0 0 0 0 0 0 0 0 0 0 0 0 0 0 0 0 0 0 0 0 0 0 0 0 0 0 0 0 0 0 0 0 0 1 0 0 0 0 0 0 0 0 0 0 0 0]
[8907372457884654222709366565561604911716496437423032099607188069683809391021258028345953517136184349711157668938648359120339550206344895690263270964453313759745813817874807324802275365220922787003544485720416228295243946815208305048610068208268260148942962659446896370942707657580212475874253525868278182805391565913911609963837923651218338596780020 0 0 0 0 0 0 0 0 0 0 0 0 0 0 0 0 0 0 0 0 0 0 0 0 0 0 0 0 0 0 0 0 0 0 0 0 0 0 0 0 0 0 0 0 0 0 0 0 0 0 0 0 0 0 0 0 0 0 0 0 0 0 0 0 0 0 0 0 0 0 0 0 0 0 0 0 0 0 0 0 0 0 0 0 0 0 0 0 0 0 0 0 0 0 0 0 0 0 0 0 0 0 0 1 0 0 0 0 0 0 0 0 0 0 0]
[1678152184990834370534996742156347812794513664657601935766002378655763595209997817414242760521273874312858736735452737240312997547622983806171369078527179117096728514787221017662352294873666869715665107140102414283206719760927604949921630138654593343783709853148864847690064548274391910809217941465200101550492328345166195728560985824493339794373012 0 0 0 0 0 0 0 0 0 0 0 0 0 0 0 0 0 0 0 0 0 0 0 0 0 0 0 0 0 0 0 0 0 0 0 0 0 0 0 0 0 0 0 0 0 0 0 0 0 0 0 0 0 0 0 0 0 0 0 0 0 0 0 0 0 0 0 0 0 0 0 0 0 0 0 0 0 0 0 0 0 0 0 0 0 0 0 0 0 0 0 0 0 0 0 0 0 0 0 0 0 0 0 0 1 0 0 0 0 0 0 0 0 0 0]
[6715333151988125904548183158918885332518698371665172695197617708466202254158372076640380602520696445885643960627323163909808513533070454151857955301263404857066407974790115241267364294141483630138268676568807369490784105654582601651336730506507335853346855018377124875979227460774242592012556494488303943597210167042078674772576479504359911736657920 0 0 0 0 0 0 0 0 0 0 0 0 0 0 0 0 0 0 0 0 0 0 0 0 0 0 0 0 0 0 0 0 0 0 0 0 0 0 0 0 0 0 0 0 0 0 0 0 0 0 0 0 0 0 0 0 0 0 0 0 0 0 0 0 0 0 0 0 0 0 0 0 0 0 0 0 0 0 0 0 0 0 0 0 0 0 0 0 0 0 0 0 0 0 0 0 0 0 0 0 0 0 0 0 0 1 0 0 0 0 0 0 0 0 0]
[1563813263313527420127113912589311021199059340306647348579108347104613154694686309792249922648168149727505282949919119364322540400282693659134712286980828883620091824050723747666112391945354951993096236956254131573482284292721553424015038039641155529133414971851081653180698629778082835939028759162754697323650428101928343891394300145010822263592519 0 0 0 0 0 0 0 0 0 0 0 0 0 0 0 0 0 0 0 0 0 0 0 0 0 0 0 0 0 0 0 0 0 0 0 0 0 0 0 0 0 0 0 0 0 0 0 0 0 0 0 0 0 0 0 0 0 0 0 0 0 0 0 0 0 0 0 0 0 0 0 0 0 0 0 0 0 0 0 0 0 0 0 0 0 0 0 0 0 0 0 0 0 0 0 0 0 0 0 0 0 0 0 0 0 0 1 0 0 0 0 0 0 0 0]
[8879933266257298546841548208429076986249409379435635351936776800262166361154698277740457998093305739128486278208999390770010861418281451099583684016987954797360945883730798500956196941330564267613344739310408446524591752816366733316162037654320621391283622698309182432302754446248557052534074717868710111011737836053539843076313353846052795053592564 0 0 0 0 0 0 0 0 0 0 0 0 0 0 0 0 0 0 0 0 0 0 0 0 0 0 0 0 0 0 0 0 0 0 0 0 0 0 0 0 0 0 0 0 0 0 0 0 0 0 0 0 0 0 0 0 0 0 0 0 0 0 0 0 0 0 0 0 0 0 0 0 0 0 0 0 0 0 0 0 0 0 0 0 0 0 0 0 0 0 0 0 0 0 0 0 0 0 0 0 0 0 0 0 0 0 0 1 0 0 0 0 0 0 0]
[4161454537905496626521906207611151633244913464800312608714493208499628355762795198782825413077545709282463767239136880034584682796173069756744526038340603799097802454210499769949016625423502390660209273323451929350754330958254476832543294254503610164426407412837051874715246936080614399417696821263938408569042815720606160510095937329704698411814516 0 0 0 0 0 0 0 0 0 0 0 0 0 0 0 0 0 0 0 0 0 0 0 0 0 0 0 0 0 0 0 0 0 0 0 0 0 0 0 0 0 0 0 0 0 0 0 0 0 0 0 0 0 0 0 0 0 0 0 0 0 0 0 0 0 0 0 0 0 0 0 0 0 0 0 0 0 0 0 0 0 0 0 0 0 0 0 0 0 0 0 0 0 0 0 0 0 0 0 0 0 0 0 0 0 0 0 0 1 0 0 0 0 0 0]
[6602599017537272852256112293497574979298178267719863893165347719963189955275959247746069411811184618272457075460094454924671230078732237978886582261498234787807825527598563528339861806806463655973679745709433141581634927436545342802278757289496219565220081172242487120751000082933572453060446023015532503701682967845912808351403478206605096166973211 0 0 0 0 0 0 0 0 0 0 0 0 0 0 0 0 0 0 0 0 0 0 0 0 0 0 0 0 0 0 0 0 0 0 0 0 0 0 0 0 0 0 0 0 0 0 0 0 0 0 0 0 0 0 0 0 0 0 0 0 0 0 0 0 0 0 0 0 0 0 0 0 0 0 0 0 0 0 0 0 0 0 0 0 0 0 0 0 0 0 0 0 0 0 0 0 0 0 0 0 0 0 0 0 0 0 0 0 0 1 0 0 0 0 0]
[6917786942246894084916324623213364131549315150623174915654223185074469091718019047039761888379340825935777387160488877005962376488594970359742609448665477597355464526804448489862900810835158577562726153053106699520012501464425426342066855822191626002311255608845608706437345667071352175016887464008545119043382289771236664611985255350839403965521603 0 0 0 0 0 0 0 0 0 0 0 0 0 0 0 0 0 0 0 0 0 0 0 0 0 0 0 0 0 0 0 0 0 0 0 0 0 0 0 0 0 0 0 0 0 0 0 0 0 0 0 0 0 0 0 0 0 0 0 0 0 0 0 0 0 0 0 0 0 0 0 0 0 0 0 0 0 0 0 0 0 0 0 0 0 0 0 0 0 0 0 0 0 0 0 0 0 0 0 0 0 0 0 0 0 0 0 0 0 0 1 0 0 0 0]
[12731269276934677553673278898275047665661546956447037704400921458880842066170896907341042291512986334285532290723830638357841702934741527248679261656154040398182461238670578771381025851175442566161399863717568135536075029898706725319389486776504424662731082780610032973500653251832071033703765268256409776681483983729754409415445979116081198128704547 0 0 0 0 0 0 0 0 0 0 0 0 0 0 0 0 0 0 0 0 0 0 0 0 0 0 0 0 0 0 0 0 0 0 0 0 0 0 0 0 0 0 0 0 0 0 0 0 0 0 0 0 0 0 0 0 0 0 0 0 0 0 0 0 0 0 0 0 0 0 0 0 0 0 0 0 0 0 0 0 0 0 0 0 0 0 0 0 0 0 0 0 0 0 0 0 0 0 0 0 0 0 0 0 0 0 0 0 0 0 0 1 0 0 0]
[11760286579248750493111213911818552276908027520137487213997972082551695429628995473621169424091725763814717264151922680313432495464937139878109682252041253075112370626134208006017360372230047333221276937322874730303755312203378548717826625936377400762215021379145376658271246279562782545763866081013378460820131852811319893348409196001570130512860207 0 0 0 0 0 0 0 0 0 0 0 0 0 0 0 0 0 0 0 0 0 0 0 0 0 0 0 0 0 0 0 0 0 0 0 0 0 0 0 0 0 0 0 0 0 0 0 0 0 0 0 0 0 0 0 0 0 0 0 0 0 0 0 0 0 0 0 0 0 0 0 0 0 0 0 0 0 0 0 0 0 0 0 0 0 0 0 0 0 0 0 0 0 0 0 0 0 0 0 0 0 0 0 0 0 0 0 0 0 0 0 0 1 0 0]
[936274277320055914037378785821564488674043972371868748108367019353622321077220933232728373807473037915730483705493427692540563203964245096328873753580301609278459648295433743134714533535903393679185753692660254310319213299342096089989835440455437455640593775197614846865135877211581669244994200471894392910857499821451431604293206027163309093695356 0 0 0 0 0 0 0 0 0 0 0 0 0 0 0 0 0 0 0 0 0 0 0 0 0 0 0 0 0 0 0 0 0 0 0 0 0 0 0 0 0 0 0 0 0 0 0 0 0 0 0 0 0 0 0 0 0 0 0 0 0 0 0 0 0 0 0 0 0 0 0 0 0 0 0 0 0 0 0 0 0 0 0 0 0 0 0 0 0 0 0 0 0 0 0 0 0 0 0 0 0 0 0 0 0 0 0 0 0 0 0 0 0 1 0]
[3978932841670968824407390847295802229070580780640476994805208041544240362922614964724532466140125405354806123832818821531232663361886010988886848157837027634234245924779163831939143353970186651230476915606318612357395011335372966768300146677970705864853236813240523727537983154288315553495657990557199844542073762255416280906086143403963341200463105 0 0 0 0 0 0 0 0 0 0 0 0 0 0 0 0 0 0 0 0 0 0 0 0 0 0 0 0 0 0 0 0 0 0 0 0 0 0 0 0 0 0 0 0 0 0 0 0 0 0 0 0 0 0 0 0 0 0 0 0 0 0 0 0 0 0 0 0 0 0 0 0 0 0 0 0 0 0 0 0 0 0 0 0 0 0 0 0 0 0 0 0 0 0 0 0 0 0 0 0 0 0 0 0 0 0 0 0 0 0 0 0 0 0 1]
]
