[[2625303908331022098224318034716838010125852241231104859539791103029619371980209882513791919638195707555623297863968546560401518339715760124237942320205096703767 0 0 0 0 0 0 0 0 0 0 0 0 0 0 0 0 0 0 0 0 0 0 0 0 0 0 0 0 0 0 0 0 0 0 0 0 0 0 0 0 0 0 0 0 0 0 0 0 0 0 0 0]
[1510331611649076946639830230299842352958205241788899307301678663120491584064410188840571988235917570871572741809678065954079423231467619609894744637524567917057 1 0 0 0 0 0 0 0 0 0 0 0 0 0 0 0 0 0 0 0 0 0 0 0 0 0 0 0 0 0 0 0 0 0 0 0 0 0 0 0 0 0 0 0 0 0 0 0 0 0 0 0]
[2001320167199671138614514529863384400442978548205249834828438480974738373933625745701003053063565975038996398115377320987944329534403323291652318587513225979066 0 1 0 0 0 0 0 0 0 0 0 0 0 0 0 0 0 0 0 0 0 0 0 0 0 0 0 0 0 0 0 0 0 0 0 0 0 0 0 0 0 0 0 0 0 0 0 0 0 0 0 0]
[2113501842276971134831704340601242697449470646426839758413436358766116156230721202012724210382166787744902041736424417816294210825069582399599888268671604868504 0 0 1 0 0 0 0 0 0 0 0 0 0 0 0 0 0 0 0 0 0 0 0 0 0 0 0 0 0 0 0 0 0 0 0 0 0 0 0 0 0 0 0 0 0 0 0 0 0 0 0 0]
[1687636105837467338226688341333087882244585808141409935915017597184403285941106635836793312263789874406531307718486234926929539035919258490735656786724614522405 0 0 0 1 0 0 0 0 0 0 0 0 0 0 0 0 0 0 0 0 0 0 0 0 0 0 0 0 0 0 0 0 0 0 0 0 0 0 0 0 0 0 0 0 0 0 0 0 0 0 0 0]
[267494572917677546621291697138458807181008780441473218153292759970293199335011213707852522886505289484856322025181211042590147647777793202458848905022151142922 0 0 0 0 1 0 0 0 0 0 0 0 0 0 0 0 0 0 0 0 0 0 0 0 0 0 0 0 0 0 0 0 0 0 0 0 0 0 0 0 0 0 0 0 0 0 0 0 0 0 0 0]
[1824635117481575171214599208766689047988275595000910625973889944333956518094807228827540426266888809613853990399083956648099366770809622867260698722552236336793 0 0 0 0 0 1 0 0 0 0 0 0 0 0 0 0 0 0 0 0 0 0 0 0 0 0 0 0 0 0 0 0 0 0 0 0 0 0 0 0 0 0 0 0 0 0 0 0 0 0 0 0]
[1671813146340329000041748967817356742052600484651508900030069554750389266893968762227345235847993885391087532686409817895708674598337254423365022144605574082484 0 0 0 0 0 0 1 0 0 0 0 0 0 0 0 0 0 0 0 0 0 0 0 0 0 0 0 0 0 0 0 0 0 0 0 0 0 0 0 0 0 0 0 0 0 0 0 0 0 0 0 0]
[1169630955193825062438463729074599305968180289106212638308509352815149009635430727468375302160905782135663563107569403949957151887138719463505434711826600686407 0 0 0 0 0 0 0 1 0 0 0 0 0 0 0 0 0 0 0 0 0 0 0 0 0 0 0 0 0 0 0 0 0 0 0 0 0 0 0 0 0 0 0 0 0 0 0 0 0 0 0 0]
[1583556460710154266651482575679182168773718847004056254834349176125927811233371128194320671581864043677925343483150385861225574416823246127621903719277492596163 0 0 0 0 0 0 0 0 1 0 0 0 0 0 0 0 0 0 0 0 0 0 0 0 0 0 0 0 0 0 0 0 0 0 0 0 0 0 0 0 0 0 0 0 0 0 0 0 0 0 0 0]
[1761997233835993358216577522717763512358560318095651597526855619837025999952995017128682060729003890317283904193079475671035496402065392040196712368750172531374 0 0 0 0 0 0 0 0 0 1 0 0 0 0 0 0 0 0 0 0 0 0 0 0 0 0 0 0 0 0 0 0 0 0 0 0 0 0 0 0 0 0 0 0 0 0 0 0 0 0 0 0]
[145227091097185946848010764376974837692909533049527013698032088703489004058358316075209349907989491972037806187444083443412064421728493712975532001574526103485 0 0 0 0 0 0 0 0 0 0 1 0 0 0 0 0 0 0 0 0 0 0 0 0 0 0 0 0 0 0 0 0 0 0 0 0 0 0 0 0 0 0 0 0 0 0 0 0 0 0 0 0]
[1895036678725868016475078112152863199262427778403482918253172456120824045457727024265032097847871959921697792163862333267406027911996300930300753908474427264136 0 0 0 0 0 0 0 0 0 0 0 1 0 0 0 0 0 0 0 0 0 0 0 0 0 0 0 0 0 0 0 0 0 0 0 0 0 0 0 0 0 0 0 0 0 0 0 0 0 0 0 0]
[202080190722727262099458313600457751362879504266431591646482921588016228197769692022601165017735638325694266368223225401916096049892395484913847817072556785249 0 0 0 0 0 0 0 0 0 0 0 0 1 0 0 0 0 0 0 0 0 0 0 0 0 0 0 0 0 0 0 0 0 0 0 0 0 0 0 0 0 0 0 0 0 0 0 0 0 0 0 0]
[681046040689557993182621905876880586467038315280991613747743916829237605633601538545708659294923909683683327926102917555451649537276472807960015767448148257349 0 0 0 0 0 0 0 0 0 0 0 0 0 1 0 0 0 0 0 0 0 0 0 0 0 0 0 0 0 0 0 0 0 0 0 0 0 0 0 0 0 0 0 0 0 0 0 0 0 0 0 0]
[1661628103897205873780878975955013417672475274060108071228614274089376723774357032901826206285849850375012096990593702440300154338703994817960372968905449474271 0 0 0 0 0 0 0 0 0 0 0 0 0 0 1 0 0 0 0 0 0 0 0 0 0 0 0 0 0 0 0 0 0 0 0 0 0 0 0 0 0 0 0 0 0 0 0 0 0 0 0 0]
[2118287178018367996942790861209442581706924371869314553856643923222436098277305884998507104007150613627439903135165167806814636381866219304041985717758756231348 0 0 0 0 0 0 0 0 0 0 0 0 0 0 0 1 0 0 0 0 0 0 0 0 0 0 0 0 0 0 0 0 0 0 0 0 0 0 0 0 0 0 0 0 0 0 0 0 0 0 0 0]
[1146214536794737512827102586147742133857171924941757230073147449886607616493345951594319343174687042639943838262148929562928731078869890777765961801256097865518 0 0 0 0 0 0 0 0 0 0 0 0 0 0 0 0 1 0 0 0 0 0 0 0 0 0 0 0 0 0 0 0 0 0 0 0 0 0 0 0 0 0 0 0 0 0 0 0 0 0 0 0]
[1716876821001602612322226921280646003155284068161651190121772913592205432637105913321046963283275738269370126036894746567240326407538175482290734425683347261509 0 0 0 0 0 0 0 0 0 0 0 0 0 0 0 0 0 1 0 0 0 0 0 0 0 0 0 0 0 0 0 0 0 0 0 0 0 0 0 0 0 0 0 0 0 0 0 0 0 0 0 0]
[525349181046945775752634405926539175129000068091186741620641426198136534954943660388723927323797328772980530792671133949784413795651372753655604695969640466230 0 0 0 0 0 0 0 0 0 0 0 0 0 0 0 0 0 0 1 0 0 0 0 0 0 0 0 0 0 0 0 0 0 0 0 0 0 0 0 0 0 0 0 0 0 0 0 0 0 0 0 0]
[907781930036099515951807270587752975357319006954511590886910561121746333631056796260967366282709585396669232339759102594261233336422345806972006093599415299354 0 0 0 0 0 0 0 0 0 0 0 0 0 0 0 0 0 0 0 1 0 0 0 0 0 0 0 0 0 0 0 0 0 0 0 0 0 0 0 0 0 0 0 0 0 0 0 0 0 0 0 0]
[1064808876286688180323401344538518368439509254439125350877906932724928738225934200297956286397603548904543205645269930787473856833660050334112567452756810706002 0 0 0 0 0 0 0 0 0 0 0 0 0 0 0 0 0 0 0 0 1 0 0 0 0 0 0 0 0 0 0 0 0 0 0 0 0 0 0 0 0 0 0 0 0 0 0 0 0 0 0 0]
[2177329137561508503304273572233624786576448087926148666026955777092898202260000192149116184196499509412145952384437133520115759276452302293930045807033868479438 0 0 0 0 0 0 0 0 0 0 0 0 0 0 0 0 0 0 0 0 0 1 0 0 0 0 0 0 0 0 0 0 0 0 0 0 0 0 0 0 0 0 0 0 0 0 0 0 0 0 0 0]
[1448710284002100999408072399125918485704155079137479203925606396851196468085108116692408754872179491291020831303738595172667949833719443212621416508811478002320 0 0 0 0 0 0 0 0 0 0 0 0 0 0 0 0 0 0 0 0 0 0 1 0 0 0 0 0 0 0 0 0 0 0 0 0 0 0 0 0 0 0 0 0 0 0 0 0 0 0 0 0]
[1443195279680129891661492395554924430267314372834479106658130416787860280329322550574984400244035619955264936205123568236362464775488745466563198777764896164541 0 0 0 0 0 0 0 0 0 0 0 0 0 0 0 0 0 0 0 0 0 0 0 1 0 0 0 0 0 0 0 0 0 0 0 0 0 0 0 0 0 0 0 0 0 0 0 0 0 0 0 0]
[433983428528980482392753398596541166630948562909948835903984750121429495962263357333338525462570846327669828639883401023721834879569203652498585544342378756053 0 0 0 0 0 0 0 0 0 0 0 0 0 0 0 0 0 0 0 0 0 0 0 0 1 0 0 0 0 0 0 0 0 0 0 0 0 0 0 0 0 0 0 0 0 0 0 0 0 0 0 0]
[443532626625715569399092554000564966278238120374208161110326116729636004800966241970933082073406755279438043974960799897182604493211415988759536650925382099321 0 0 0 0 0 0 0 0 0 0 0 0 0 0 0 0 0 0 0 0 0 0 0 0 0 1 0 0 0 0 0 0 0 0 0 0 0 0 0 0 0 0 0 0 0 0 0 0 0 0 0 0]
[259824618374944011255721171385732249200445961986583010596701604568618369471087852879192671408523139970086327796543226162596715364845647604493950734898727529543 0 0 0 0 0 0 0 0 0 0 0 0 0 0 0 0 0 0 0 0 0 0 0 0 0 0 1 0 0 0 0 0 0 0 0 0 0 0 0 0 0 0 0 0 0 0 0 0 0 0 0 0]
[216843554951452972761807755734144474044221830750702368850356269641566716743466077440002667955817707091015251733333121087904825381650471454557319422444039692418 0 0 0 0 0 0 0 0 0 0 0 0 0 0 0 0 0 0 0 0 0 0 0 0 0 0 0 1 0 0 0 0 0 0 0 0 0 0 0 0 0 0 0 0 0 0 0 0 0 0 0 0]
[211679289193707240370524186635686626453137661245323436722794869651141372081326728969714279279508697248258668622441671410969283423230935661571145581929296119664 0 0 0 0 0 0 0 0 0 0 0 0 0 0 0 0 0 0 0 0 0 0 0 0 0 0 0 0 1 0 0 0 0 0 0 0 0 0 0 0 0 0 0 0 0 0 0 0 0 0 0 0]
[1913457020836924929414944625048104208476514909787590890047295447822684857175828118911696982557982588637243260413123712568430634911802834501705641547832539653379 0 0 0 0 0 0 0 0 0 0 0 0 0 0 0 0 0 0 0 0 0 0 0 0 0 0 0 0 0 1 0 0 0 0 0 0 0 0 0 0 0 0 0 0 0 0 0 0 0 0 0 0]
[328799579413213912887306344540726860791882891170268742933659594358773049824631784966422260097584271055733127937311983173996615341091916768108380695545583974966 0 0 0 0 0 0 0 0 0 0 0 0 0 0 0 0 0 0 0 0 0 0 0 0 0 0 0 0 0 0 1 0 0 0 0 0 0 0 0 0 0 0 0 0 0 0 0 0 0 0 0 0]
[336135159878759351321931814183325822904399424783026539821393415848819462855009092800674448315657749723463805741245339837381555200070478539384908194265267804450 0 0 0 0 0 0 0 0 0 0 0 0 0 0 0 0 0 0 0 0 0 0 0 0 0 0 0 0 0 0 0 1 0 0 0 0 0 0 0 0 0 0 0 0 0 0 0 0 0 0 0 0]
[2105075698621631636689498897256793486279408921405573824448371261076298959803878395299402047011026937663855754238431938282382947239741805283503687216558791165551 0 0 0 0 0 0 0 0 0 0 0 0 0 0 0 0 0 0 0 0 0 0 0 0 0 0 0 0 0 0 0 0 1 0 0 0 0 0 0 0 0 0 0 0 0 0 0 0 0 0 0 0]
[1479813975159197685566979770765396447672855950457314367441925766475298815685747811036625524848161774638364144876941332832097973221654355797312356700968721499123 0 0 0 0 0 0 0 0 0 0 0 0 0 0 0 0 0 0 0 0 0 0 0 0 0 0 0 0 0 0 0 0 0 1 0 0 0 0 0 0 0 0 0 0 0 0 0 0 0 0 0 0]
[2259119954624009242263294474526329892362614473467650285558739930757225696164358200641808224695479900105022593304057430019689875578335259355641659327511606289293 0 0 0 0 0 0 0 0 0 0 0 0 0 0 0 0 0 0 0 0 0 0 0 0 0 0 0 0 0 0 0 0 0 0 1 0 0 0 0 0 0 0 0 0 0 0 0 0 0 0 0 0]
[1622033085603046655083360397777557138711697656196914706460572282163529157334220506618149248695965516167943222817561082425929728699267786536544309205771157824974 0 0 0 0 0 0 0 0 0 0 0 0 0 0 0 0 0 0 0 0 0 0 0 0 0 0 0 0 0 0 0 0 0 0 0 1 0 0 0 0 0 0 0 0 0 0 0 0 0 0 0 0]
[2606487357897444756137765314587792076335217286626676269992433586663952654890634698443697589642440942172499554323982929369111860003974748221491455079052584697066 0 0 0 0 0 0 0 0 0 0 0 0 0 0 0 0 0 0 0 0 0 0 0 0 0 0 0 0 0 0 0 0 0 0 0 0 1 0 0 0 0 0 0 0 0 0 0 0 0 0 0 0]
[2262317083033937250021792650209059038535942249751989957482932703175859816781817529199474853410945940636659607751940594883018991917850958132260212768606242687758 0 0 0 0 0 0 0 0 0 0 0 0 0 0 0 0 0 0 0 0 0 0 0 0 0 0 0 0 0 0 0 0 0 0 0 0 0 1 0 0 0 0 0 0 0 0 0 0 0 0 0 0]
[2378920958123492122818144606289430024074085195065144532068968605442252481369838073059135401426401613877573523760585579926050311169638031579192932320313891559861 0 0 0 0 0 0 0 0 0 0 0 0 0 0 0 0 0 0 0 0 0 0 0 0 0 0 0 0 0 0 0 0 0 0 0 0 0 0 1 0 0 0 0 0 0 0 0 0 0 0 0 0]
[2272586808457644246486875969177063784753622933363590102567494249031531306675000422875416578663972752040475446994031220066593079272618401124284394549274624213275 0 0 0 0 0 0 0 0 0 0 0 0 0 0 0 0 0 0 0 0 0 0 0 0 0 0 0 0 0 0 0 0 0 0 0 0 0 0 0 1 0 0 0 0 0 0 0 0 0 0 0 0]
[1290784402463524013870151834818568243169989235779510345083652343303727434531633013908522862198550287916416694514091903417384308799548043701899802958956658853897 0 0 0 0 0 0 0 0 0 0 0 0 0 0 0 0 0 0 0 0 0 0 0 0 0 0 0 0 0 0 0 0 0 0 0 0 0 0 0 0 1 0 0 0 0 0 0 0 0 0 0 0]
[957605951349672497514866125114494338430579437971026319020256234337107311782167813289058397654071082715099279672781541164292724823913153327410369165230929358652 0 0 0 0 0 0 0 0 0 0 0 0 0 0 0 0 0 0 0 0 0 0 0 0 0 0 0 0 0 0 0 0 0 0 0 0 0 0 0 0 0 1 0 0 0 0 0 0 0 0 0 0]
[15041281767181690555633103193803257576747224587248449027051401931607917754101517662381349172704402949283287572198240421329523845663519822189664530884691569118 0 0 0 0 0 0 0 0 0 0 0 0 0 0 0 0 0 0 0 0 0 0 0 0 0 0 0 0 0 0 0 0 0 0 0 0 0 0 0 0 0 0 1 0 0 0 0 0 0 0 0 0]
[2171511100702800327743010940666416005051805738710202756434170930087925820098340254488967457209520055990516854913797510044111074450148496711914808466230990674323 0 0 0 0 0 0 0 0 0 0 0 0 0 0 0 0 0 0 0 0 0 0 0 0 0 0 0 0 0 0 0 0 0 0 0 0 0 0 0 0 0 0 0 1 0 0 0 0 0 0 0 0]
[32053818283783084138444504528187558462703401056269964313641499740928128145630380403004288002678646271837954225501589317947644863267246037556419166662063959255 0 0 0 0 0 0 0 0 0 0 0 0 0 0 0 0 0 0 0 0 0 0 0 0 0 0 0 0 0 0 0 0 0 0 0 0 0 0 0 0 0 0 0 0 1 0 0 0 0 0 0 0]
[480469867167927391889981297074572739499832208550751584360175930804020420354119063948298357201118308028422480424598042882244696668831648260207784789494065089971 0 0 0 0 0 0 0 0 0 0 0 0 0 0 0 0 0 0 0 0 0 0 0 0 0 0 0 0 0 0 0 0 0 0 0 0 0 0 0 0 0 0 0 0 0 1 0 0 0 0 0 0]
[953211563618333850196575500957980552918476919075311957158309067777215472805121092794860248310543326635498858051342692874991306267938167440118283868974515263917 0 0 0 0 0 0 0 0 0 0 0 0 0 0 0 0 0 0 0 0 0 0 0 0 0 0 0 0 0 0 0 0 0 0 0 0 0 0 0 0 0 0 0 0 0 0 1 0 0 0 0 0]
[1384909030425350829602145237735710095959888781343393871556944339987752744914317277688278862078713514763281898923421503719229806810341151206867592161103144720211 0 0 0 0 0 0 0 0 0 0 0 0 0 0 0 0 0 0 0 0 0 0 0 0 0 0 0 0 0 0 0 0 0 0 0 0 0 0 0 0 0 0 0 0 0 0 0 1 0 0 0 0]
[551946513708979204193558507336920108415347889838355151319969009083977255453612032599661425262570885992885503160960749920619328201360129506593528514207815314498 0 0 0 0 0 0 0 0 0 0 0 0 0 0 0 0 0 0 0 0 0 0 0 0 0 0 0 0 0 0 0 0 0 0 0 0 0 0 0 0 0 0 0 0 0 0 0 0 1 0 0 0]
[427739348356517379229502292232668913618341201552868430106381337618171104456413123501892102746387082791365349190014137533541481558029022369058444970998537232042 0 0 0 0 0 0 0 0 0 0 0 0 0 0 0 0 0 0 0 0 0 0 0 0 0 0 0 0 0 0 0 0 0 0 0 0 0 0 0 0 0 0 0 0 0 0 0 0 0 1 0 0]
[68294454514568548919335580024267615530921847243944884839047558684864808089365466096651010668182701130279551389323897133985476048193182921467980480308886226978 0 0 0 0 0 0 0 0 0 0 0 0 0 0 0 0 0 0 0 0 0 0 0 0 0 0 0 0 0 0 0 0 0 0 0 0 0 0 0 0 0 0 0 0 0 0 0 0 0 0 1 0]
[550125758362564697368808443276129731577603076275274321107083921178116892594505021689894819710219092513559353907921747624416593051408067274685539990217053702752 0 0 0 0 0 0 0 0 0 0 0 0 0 0 0 0 0 0 0 0 0 0 0 0 0 0 0 0 0 0 0 0 0 0 0 0 0 0 0 0 0 0 0 0 0 0 0 0 0 0 0 1]
]
