[[4636596146723937488721835409978319016504439148818772282207229455690343808001396586519016984097565629295018275785098741242830574103087899576076485395683019588587500718573543644115415561551688452958233181095061467282863444901589 0 0 0 0 0 0 0 0 0 0 0 0 0 0 0 0 0 0 0 0 0 0 0 0 0 0 0 0 0 0 0 0 0 0 0 0 0 0 0 0 0 0 0 0 0 0 0 0 0 0 0 0 0 0 0 0 0 0 0 0 0 0 0 0 0 0 0 0 0 0 0 0 0 0]
[3067409879406660902420651691541685193050598524735413002581228339140632381199703080514941310623170179298012413425242419523557021193679089107035918860069015257070906116547646854151929278891833199552794661044255257658080728844000 1 0 0 0 0 0 0 0 0 0 0 0 0 0 0 0 0 0 0 0 0 0 0 0 0 0 0 0 0 0 0 0 0 0 0 0 0 0 0 0 0 0 0 0 0 0 0 0 0 0 0 0 0 0 0 0 0 0 0 0 0 0 0 0 0 0 0 0 0 0 0 0 0 0]
[3333070157476704389418062766886368873653434800215181849962960076186379631420356214300294468723226323963007191383951933615455090101022406098336992260680555943998709107668912918778895275445752134859958711696645881444380241725159 0 1 0 0 0 0 0 0 0 0 0 0 0 0 0 0 0 0 0 0 0 0 0 0 0 0 0 0 0 0 0 0 0 0 0 0 0 0 0 0 0 0 0 0 0 0 0 0 0 0 0 0 0 0 0 0 0 0 0 0 0 0 0 0 0 0 0 0 0 0 0 0 0 0]
[4507994809406570852396818674818264848651558146202809245605305727478566056668489242060023172464403027666717355029150451332961689120537926078778739147788266495352310017890018640882133026036648992552334661147722922987589478028298 0 0 1 0 0 0 0 0 0 0 0 0 0 0 0 0 0 0 0 0 0 0 0 0 0 0 0 0 0 0 0 0 0 0 0 0 0 0 0 0 0 0 0 0 0 0 0 0 0 0 0 0 0 0 0 0 0 0 0 0 0 0 0 0 0 0 0 0 0 0 0 0 0 0]
[2504510500869690309538327152368817838562912184704660818149214160991599821980223443174935981886348198439816674780317215673536368080016996147353679095886696276374940839201223414485554630815617785200013318928893970089017715046620 0 0 0 1 0 0 0 0 0 0 0 0 0 0 0 0 0 0 0 0 0 0 0 0 0 0 0 0 0 0 0 0 0 0 0 0 0 0 0 0 0 0 0 0 0 0 0 0 0 0 0 0 0 0 0 0 0 0 0 0 0 0 0 0 0 0 0 0 0 0 0 0 0 0]
[2289516492685390877380239535511721265495564804812864407617163209329231167414723936647580230494911815885340334178778030673595443647232104699919473130527515251209836940585703884983152905216849066517794194284996623455572847677936 0 0 0 0 1 0 0 0 0 0 0 0 0 0 0 0 0 0 0 0 0 0 0 0 0 0 0 0 0 0 0 0 0 0 0 0 0 0 0 0 0 0 0 0 0 0 0 0 0 0 0 0 0 0 0 0 0 0 0 0 0 0 0 0 0 0 0 0 0 0 0 0 0 0]
[4156315830279867599492251012558743848547758235524728944073598737035147331682539069660836574883049601235400247073639704059131500662698161032710976984288054634477346183567244313214546822537368184525828240412534957691906834669691 0 0 0 0 0 1 0 0 0 0 0 0 0 0 0 0 0 0 0 0 0 0 0 0 0 0 0 0 0 0 0 0 0 0 0 0 0 0 0 0 0 0 0 0 0 0 0 0 0 0 0 0 0 0 0 0 0 0 0 0 0 0 0 0 0 0 0 0 0 0 0 0 0 0]
[460613162246930477943873907865497055353429279932906759255183303542425882271064910270941355572655875752425481850276234702957374633603306422314792104820190736046489036834659017798598701861834884533920274310952833367640150993533 0 0 0 0 0 0 1 0 0 0 0 0 0 0 0 0 0 0 0 0 0 0 0 0 0 0 0 0 0 0 0 0 0 0 0 0 0 0 0 0 0 0 0 0 0 0 0 0 0 0 0 0 0 0 0 0 0 0 0 0 0 0 0 0 0 0 0 0 0 0 0 0 0 0]
[4015989266444115363192754634487036290155883202269204680004013340500087699847707069106909788983143084155947729107632738362444607983424118582998979318568923720759797542799065364891268541899304747166830194549439283393403312649315 0 0 0 0 0 0 0 1 0 0 0 0 0 0 0 0 0 0 0 0 0 0 0 0 0 0 0 0 0 0 0 0 0 0 0 0 0 0 0 0 0 0 0 0 0 0 0 0 0 0 0 0 0 0 0 0 0 0 0 0 0 0 0 0 0 0 0 0 0 0 0 0 0 0]
[1274235584347334155865336152045077455054136368676712029430142356634004410326945061251185852876897777321446450100896985657133310055212627149675474518675860322759473704520090084441553033019480047389331408656160205362660276415414 0 0 0 0 0 0 0 0 1 0 0 0 0 0 0 0 0 0 0 0 0 0 0 0 0 0 0 0 0 0 0 0 0 0 0 0 0 0 0 0 0 0 0 0 0 0 0 0 0 0 0 0 0 0 0 0 0 0 0 0 0 0 0 0 0 0 0 0 0 0 0 0 0 0]
[2570099579562692781268298064235043444284400321124297601412220996069176318704324529148165129332230801068102666263528353956178867560034851752454176527047045781894022892557596106682515615488889036282256461252124754415137880661461 0 0 0 0 0 0 0 0 0 1 0 0 0 0 0 0 0 0 0 0 0 0 0 0 0 0 0 0 0 0 0 0 0 0 0 0 0 0 0 0 0 0 0 0 0 0 0 0 0 0 0 0 0 0 0 0 0 0 0 0 0 0 0 0 0 0 0 0 0 0 0 0 0 0]
[529386205933580771013554381433330158812137483346204341496602204573042034714598076347016554228616914355255239224169211617786702828707279276404742611517623162248368599539457589954506805502677160934909609710678882302290120469731 0 0 0 0 0 0 0 0 0 0 1 0 0 0 0 0 0 0 0 0 0 0 0 0 0 0 0 0 0 0 0 0 0 0 0 0 0 0 0 0 0 0 0 0 0 0 0 0 0 0 0 0 0 0 0 0 0 0 0 0 0 0 0 0 0 0 0 0 0 0 0 0 0 0]
[1268486335315295305857573434583330243639307250122127193147743923221307630012374733263778017388616155232518515282520096227910873663865319929713093155195619627047642442621927141850902956053553798443564842842905819751708573678159 0 0 0 0 0 0 0 0 0 0 0 1 0 0 0 0 0 0 0 0 0 0 0 0 0 0 0 0 0 0 0 0 0 0 0 0 0 0 0 0 0 0 0 0 0 0 0 0 0 0 0 0 0 0 0 0 0 0 0 0 0 0 0 0 0 0 0 0 0 0 0 0 0 0]
[3997196938259648355440670181919989482833291362440726541847349317414332315615409902901843753873216214315795721708338221982018254048193320220545278423451131982197082383555832588823304042385397035493111407947398637797348446269214 0 0 0 0 0 0 0 0 0 0 0 0 1 0 0 0 0 0 0 0 0 0 0 0 0 0 0 0 0 0 0 0 0 0 0 0 0 0 0 0 0 0 0 0 0 0 0 0 0 0 0 0 0 0 0 0 0 0 0 0 0 0 0 0 0 0 0 0 0 0 0 0 0 0]
[612182113709514679248385542114490497503490964604238859396142677951064964862996756459305836104496002266735193508385628337285307832942391325037580622579739241279427198148991816303348276562053823448065448071138138934249932500694 0 0 0 0 0 0 0 0 0 0 0 0 0 1 0 0 0 0 0 0 0 0 0 0 0 0 0 0 0 0 0 0 0 0 0 0 0 0 0 0 0 0 0 0 0 0 0 0 0 0 0 0 0 0 0 0 0 0 0 0 0 0 0 0 0 0 0 0 0 0 0 0 0 0]
[297475888681729559652768169934853544927386438210982037161138195986047047534134718902596234466602927825274408950122740791776812659086251123770279436033470061579195186375144703301943605654274312355034885929706949315510228611666 0 0 0 0 0 0 0 0 0 0 0 0 0 0 1 0 0 0 0 0 0 0 0 0 0 0 0 0 0 0 0 0 0 0 0 0 0 0 0 0 0 0 0 0 0 0 0 0 0 0 0 0 0 0 0 0 0 0 0 0 0 0 0 0 0 0 0 0 0 0 0 0 0 0]
[3063933282356896681202759993815142106362951190901026701326714040331036147385498442800391654382125770812069614860117495120358572432049941776706334601670733336535676532618253160770021437718317536072145434945913028210699897656918 0 0 0 0 0 0 0 0 0 0 0 0 0 0 0 1 0 0 0 0 0 0 0 0 0 0 0 0 0 0 0 0 0 0 0 0 0 0 0 0 0 0 0 0 0 0 0 0 0 0 0 0 0 0 0 0 0 0 0 0 0 0 0 0 0 0 0 0 0 0 0 0 0 0]
[1192276259367985644128404385534537251225702504160144441284101740532386127757893375651412407946945141893990836961478003815202299987923377462634590717358144638667394805370764568595871646774416765478522402313704636444055407487288 0 0 0 0 0 0 0 0 0 0 0 0 0 0 0 0 1 0 0 0 0 0 0 0 0 0 0 0 0 0 0 0 0 0 0 0 0 0 0 0 0 0 0 0 0 0 0 0 0 0 0 0 0 0 0 0 0 0 0 0 0 0 0 0 0 0 0 0 0 0 0 0 0 0]
[3946570636621523489904438106813386533491389259541394047692479550733695923583450718295707441202860969475857798402432151268043100651232226910300662131637974449259819817027066156640330125310676555759753567585308629242669887923038 0 0 0 0 0 0 0 0 0 0 0 0 0 0 0 0 0 1 0 0 0 0 0 0 0 0 0 0 0 0 0 0 0 0 0 0 0 0 0 0 0 0 0 0 0 0 0 0 0 0 0 0 0 0 0 0 0 0 0 0 0 0 0 0 0 0 0 0 0 0 0 0 0 0]
[1645791869292848563543106903229425405039249925636463654267715847616786954111735780231367664529060886407615703386949878783673612475659529797092903880268869908003909668346093947365427141521879752008056393902615435515695258843394 0 0 0 0 0 0 0 0 0 0 0 0 0 0 0 0 0 0 1 0 0 0 0 0 0 0 0 0 0 0 0 0 0 0 0 0 0 0 0 0 0 0 0 0 0 0 0 0 0 0 0 0 0 0 0 0 0 0 0 0 0 0 0 0 0 0 0 0 0 0 0 0 0 0]
[930247272588155958923415861486976060218407874405980654342179133185497556554411754187548478943073176701989556321746603094030634528292529961031779176886498175301254757538983100397073624808701937225621156182761680564374461972677 0 0 0 0 0 0 0 0 0 0 0 0 0 0 0 0 0 0 0 1 0 0 0 0 0 0 0 0 0 0 0 0 0 0 0 0 0 0 0 0 0 0 0 0 0 0 0 0 0 0 0 0 0 0 0 0 0 0 0 0 0 0 0 0 0 0 0 0 0 0 0 0 0 0]
[532579040392917115336822038477786697803211720670323929490017522969659767156834593199624020471197559311506851906125580521832488160325752212044575183440435759386507150843097079754114156883383267587278145981734447349628052893390 0 0 0 0 0 0 0 0 0 0 0 0 0 0 0 0 0 0 0 0 1 0 0 0 0 0 0 0 0 0 0 0 0 0 0 0 0 0 0 0 0 0 0 0 0 0 0 0 0 0 0 0 0 0 0 0 0 0 0 0 0 0 0 0 0 0 0 0 0 0 0 0 0 0]
[4505422021374718290828467340727093093262169657180711797402280513211411461874436070335235789857516902361691761567424936308080268794735804393876823692279893525055504108454191165753983455116655909619150472101863564701011340055005 0 0 0 0 0 0 0 0 0 0 0 0 0 0 0 0 0 0 0 0 0 1 0 0 0 0 0 0 0 0 0 0 0 0 0 0 0 0 0 0 0 0 0 0 0 0 0 0 0 0 0 0 0 0 0 0 0 0 0 0 0 0 0 0 0 0 0 0 0 0 0 0 0 0]
[3963100311614013244139158032911837217270893859230545150233096991210324146130917985441886830228346720734369145612705491450769472880880701647366552522372312218915051051541574296340162612763535370305257611102263059768091389775066 0 0 0 0 0 0 0 0 0 0 0 0 0 0 0 0 0 0 0 0 0 0 1 0 0 0 0 0 0 0 0 0 0 0 0 0 0 0 0 0 0 0 0 0 0 0 0 0 0 0 0 0 0 0 0 0 0 0 0 0 0 0 0 0 0 0 0 0 0 0 0 0 0 0]
[1008876851660857836587656715133558617899242566349020957500117661925663893968147501073669018115349513482276494532714803091202438926179550120167888801658997108485861124762066104463528592466187456617406790889280023960050975322270 0 0 0 0 0 0 0 0 0 0 0 0 0 0 0 0 0 0 0 0 0 0 0 1 0 0 0 0 0 0 0 0 0 0 0 0 0 0 0 0 0 0 0 0 0 0 0 0 0 0 0 0 0 0 0 0 0 0 0 0 0 0 0 0 0 0 0 0 0 0 0 0 0 0]
[348844617639620770417250862592771439401136658185668605184576611660077513299589452371985990764570369664837509502205185523152518036426449221119485447206482715887683013916636417435587332209568304729190524907667686228173970893523 0 0 0 0 0 0 0 0 0 0 0 0 0 0 0 0 0 0 0 0 0 0 0 0 1 0 0 0 0 0 0 0 0 0 0 0 0 0 0 0 0 0 0 0 0 0 0 0 0 0 0 0 0 0 0 0 0 0 0 0 0 0 0 0 0 0 0 0 0 0 0 0 0 0]
[2639246564135891075288186147735459831936327758637425967237091246853516677056531301739927273652004353292979648416645681710611357708664362248088636155088777692193836477541032289691011174786137959064606845919225878006297957021384 0 0 0 0 0 0 0 0 0 0 0 0 0 0 0 0 0 0 0 0 0 0 0 0 0 1 0 0 0 0 0 0 0 0 0 0 0 0 0 0 0 0 0 0 0 0 0 0 0 0 0 0 0 0 0 0 0 0 0 0 0 0 0 0 0 0 0 0 0 0 0 0 0 0]
[3450357265660364583274524820880131725289405698637341275826512256014906104436761491073764097019093419595242525432293350895081274388272045704405578084233560055902201379517525306048458932725288064650431220862181875161565644519976 0 0 0 0 0 0 0 0 0 0 0 0 0 0 0 0 0 0 0 0 0 0 0 0 0 0 1 0 0 0 0 0 0 0 0 0 0 0 0 0 0 0 0 0 0 0 0 0 0 0 0 0 0 0 0 0 0 0 0 0 0 0 0 0 0 0 0 0 0 0 0 0 0 0]
[3503535753672919180055004400901807709786167156981850336716415856991176697424215181088488877751249570282668526580439455318714388226682583497137752442494244378329437289939972883420755069196614809117702495156460652792051928979164 0 0 0 0 0 0 0 0 0 0 0 0 0 0 0 0 0 0 0 0 0 0 0 0 0 0 0 1 0 0 0 0 0 0 0 0 0 0 0 0 0 0 0 0 0 0 0 0 0 0 0 0 0 0 0 0 0 0 0 0 0 0 0 0 0 0 0 0 0 0 0 0 0 0]
[1127283039301366588840904599532525925636450797247396421996646734471604965078161626410812686028875102640592872353049024223576118878669540143118495115749282867172481331901035552481298979504337326808731305887680143776651913851445 0 0 0 0 0 0 0 0 0 0 0 0 0 0 0 0 0 0 0 0 0 0 0 0 0 0 0 0 1 0 0 0 0 0 0 0 0 0 0 0 0 0 0 0 0 0 0 0 0 0 0 0 0 0 0 0 0 0 0 0 0 0 0 0 0 0 0 0 0 0 0 0 0 0]
[1110340206410175104113503310332700480570720421703158460246720903429096356299367358818245684280318817528725178638287023593089505527728247331519714026980719592344118319074555611740820400716987264535251691509622368240266984642907 0 0 0 0 0 0 0 0 0 0 0 0 0 0 0 0 0 0 0 0 0 0 0 0 0 0 0 0 0 1 0 0 0 0 0 0 0 0 0 0 0 0 0 0 0 0 0 0 0 0 0 0 0 0 0 0 0 0 0 0 0 0 0 0 0 0 0 0 0 0 0 0 0 0]
[774492190328327389728811549311023282884899608402950019546242630101290629444987563773862825369476260985221687119938310558371973720586488787450687204262878135160887871596884894359669016536191970034396019447641205750118701963428 0 0 0 0 0 0 0 0 0 0 0 0 0 0 0 0 0 0 0 0 0 0 0 0 0 0 0 0 0 0 1 0 0 0 0 0 0 0 0 0 0 0 0 0 0 0 0 0 0 0 0 0 0 0 0 0 0 0 0 0 0 0 0 0 0 0 0 0 0 0 0 0 0 0]
[1325084620982956675800113415867826039454046609691001099033501371336059467357554339358374445913105687231104594379081718164108887994065953451695697319403002490172720931507109088445195424799066110145767660739794332973349697430116 0 0 0 0 0 0 0 0 0 0 0 0 0 0 0 0 0 0 0 0 0 0 0 0 0 0 0 0 0 0 0 1 0 0 0 0 0 0 0 0 0 0 0 0 0 0 0 0 0 0 0 0 0 0 0 0 0 0 0 0 0 0 0 0 0 0 0 0 0 0 0 0 0 0]
[4547886306449684934470546231898369112222672627027152993754258248469561258427433898009599058882016838390540304667351760765715910848974647245608725647626829162567191554363375766989344422054948163721022496364326401003244362134049 0 0 0 0 0 0 0 0 0 0 0 0 0 0 0 0 0 0 0 0 0 0 0 0 0 0 0 0 0 0 0 0 1 0 0 0 0 0 0 0 0 0 0 0 0 0 0 0 0 0 0 0 0 0 0 0 0 0 0 0 0 0 0 0 0 0 0 0 0 0 0 0 0 0]
[1421954608357236820896259674812592362383112902462505130262541195136106898172780150513793258009407692067875569309484142750976415787029510215335255712308561361250194458420413387074902670979674365336453718954563124460468057488252 0 0 0 0 0 0 0 0 0 0 0 0 0 0 0 0 0 0 0 0 0 0 0 0 0 0 0 0 0 0 0 0 0 1 0 0 0 0 0 0 0 0 0 0 0 0 0 0 0 0 0 0 0 0 0 0 0 0 0 0 0 0 0 0 0 0 0 0 0 0 0 0 0 0]
[181240941117923587944558253061503940250027609567283031281791267673824408310375605939718566362463624478247303532071589393868227648901176289401860612921772171657243952423150428811780082133373929303756067941464524210836613713444 0 0 0 0 0 0 0 0 0 0 0 0 0 0 0 0 0 0 0 0 0 0 0 0 0 0 0 0 0 0 0 0 0 0 1 0 0 0 0 0 0 0 0 0 0 0 0 0 0 0 0 0 0 0 0 0 0 0 0 0 0 0 0 0 0 0 0 0 0 0 0 0 0 0]
[3953692519034840410004855267747227155123956679966141703284715895401924704023504766427792664565645117969540082206569178476053605271732286258513327128142811557292471080692423777033890389194838980895645055973610906578921953617460 0 0 0 0 0 0 0 0 0 0 0 0 0 0 0 0 0 0 0 0 0 0 0 0 0 0 0 0 0 0 0 0 0 0 0 1 0 0 0 0 0 0 0 0 0 0 0 0 0 0 0 0 0 0 0 0 0 0 0 0 0 0 0 0 0 0 0 0 0 0 0 0 0 0]
[438341869053991379660480352098704880875421082453277722248877170616443895433627724279292968652254535525218351506966490989816100613327043307359949853196871576269490285121926499754459714211149769598374837008776927469247548580529 0 0 0 0 0 0 0 0 0 0 0 0 0 0 0 0 0 0 0 0 0 0 0 0 0 0 0 0 0 0 0 0 0 0 0 0 1 0 0 0 0 0 0 0 0 0 0 0 0 0 0 0 0 0 0 0 0 0 0 0 0 0 0 0 0 0 0 0 0 0 0 0 0 0]
[3491760856168129640966045921383359522007408345859068099190107249055472184402055196563196220798252610620846092466725530685575094196962016947678238287154332930625746913185537514188872625220858422827354919257840354287622517004542 0 0 0 0 0 0 0 0 0 0 0 0 0 0 0 0 0 0 0 0 0 0 0 0 0 0 0 0 0 0 0 0 0 0 0 0 0 1 0 0 0 0 0 0 0 0 0 0 0 0 0 0 0 0 0 0 0 0 0 0 0 0 0 0 0 0 0 0 0 0 0 0 0 0]
[1742027883676264335421559453809456407054629745204548225461951258699904346821665693356543729544189733818790311914134945615577989994525621658727390877945846186024535989606478626938667216902535445756139960989518137275264234425938 0 0 0 0 0 0 0 0 0 0 0 0 0 0 0 0 0 0 0 0 0 0 0 0 0 0 0 0 0 0 0 0 0 0 0 0 0 0 1 0 0 0 0 0 0 0 0 0 0 0 0 0 0 0 0 0 0 0 0 0 0 0 0 0 0 0 0 0 0 0 0 0 0 0]
[4286129369482280084022030676887191361345073745733040605395897842241086891345073806540905966317283456086719426971500878518609853619491315187363260343476020419018511746178759310289318226836318123843452100222161705247181074448993 0 0 0 0 0 0 0 0 0 0 0 0 0 0 0 0 0 0 0 0 0 0 0 0 0 0 0 0 0 0 0 0 0 0 0 0 0 0 0 1 0 0 0 0 0 0 0 0 0 0 0 0 0 0 0 0 0 0 0 0 0 0 0 0 0 0 0 0 0 0 0 0 0 0]
[584107948802585889428658578932382919193070682027252149054670241213472372241011441664416050169169564985053161133102745382452165455261421060708592149425581915255618178193426803153933418201950324384007817639292151508994895973402 0 0 0 0 0 0 0 0 0 0 0 0 0 0 0 0 0 0 0 0 0 0 0 0 0 0 0 0 0 0 0 0 0 0 0 0 0 0 0 0 1 0 0 0 0 0 0 0 0 0 0 0 0 0 0 0 0 0 0 0 0 0 0 0 0 0 0 0 0 0 0 0 0 0]
[854757495434119551683254669281356350981941657074173553245021812731537700174443665536608325644048118298082356658597912831615413371679607681407394653197764827872806265934589524252620493407823347348195024721394090186703083193984 0 0 0 0 0 0 0 0 0 0 0 0 0 0 0 0 0 0 0 0 0 0 0 0 0 0 0 0 0 0 0 0 0 0 0 0 0 0 0 0 0 1 0 0 0 0 0 0 0 0 0 0 0 0 0 0 0 0 0 0 0 0 0 0 0 0 0 0 0 0 0 0 0 0]
[4447568684257267160346238210329001166539039018157212277008600378611803654528496648591058205028870795152087287695514979168499544512360261646231121552950951490159710532041715592920177034432662485100352943934454380535182801432945 0 0 0 0 0 0 0 0 0 0 0 0 0 0 0 0 0 0 0 0 0 0 0 0 0 0 0 0 0 0 0 0 0 0 0 0 0 0 0 0 0 0 1 0 0 0 0 0 0 0 0 0 0 0 0 0 0 0 0 0 0 0 0 0 0 0 0 0 0 0 0 0 0 0]
[1527745079653885872592482158271106088477095318027928000766775916948553472465043840095552774682808391755924684171099779397900164948418439860180346554941345091757171761826948084338199247240559597615642889002718923623141715849720 0 0 0 0 0 0 0 0 0 0 0 0 0 0 0 0 0 0 0 0 0 0 0 0 0 0 0 0 0 0 0 0 0 0 0 0 0 0 0 0 0 0 0 1 0 0 0 0 0 0 0 0 0 0 0 0 0 0 0 0 0 0 0 0 0 0 0 0 0 0 0 0 0 0]
[2546164588694856636246370586567799781465200551406543102472804324126811043749132861798450613180927396239975919555258278305164854453187591132930533866591612949968370284357574642334680898348377686103079773786173278742825585529115 0 0 0 0 0 0 0 0 0 0 0 0 0 0 0 0 0 0 0 0 0 0 0 0 0 0 0 0 0 0 0 0 0 0 0 0 0 0 0 0 0 0 0 0 1 0 0 0 0 0 0 0 0 0 0 0 0 0 0 0 0 0 0 0 0 0 0 0 0 0 0 0 0 0]
[6976231597999228518145650693238857707447453116193730663673436509297745834622531620722922042203611954667519081661773116402850426151203360331205427193938880050284612645320527514513313421605694007065306471713873241607498953543 0 0 0 0 0 0 0 0 0 0 0 0 0 0 0 0 0 0 0 0 0 0 0 0 0 0 0 0 0 0 0 0 0 0 0 0 0 0 0 0 0 0 0 0 0 1 0 0 0 0 0 0 0 0 0 0 0 0 0 0 0 0 0 0 0 0 0 0 0 0 0 0 0 0]
[2602185160399045536902604595551941398679635183506408456514417480513396695424430977149275704538977887427380050901025249630231142580641068681571667608909263112766549985364930036198590886283172522120138089187886876064739702975647 0 0 0 0 0 0 0 0 0 0 0 0 0 0 0 0 0 0 0 0 0 0 0 0 0 0 0 0 0 0 0 0 0 0 0 0 0 0 0 0 0 0 0 0 0 0 1 0 0 0 0 0 0 0 0 0 0 0 0 0 0 0 0 0 0 0 0 0 0 0 0 0 0 0]
[2381977279720242337925453734572673400825261472283575828207459444700487348503467114505394246795884932959990163958153425370370273420543948598166413693859038744563116053432322368078733582658263181066478237034203396956709515488382 0 0 0 0 0 0 0 0 0 0 0 0 0 0 0 0 0 0 0 0 0 0 0 0 0 0 0 0 0 0 0 0 0 0 0 0 0 0 0 0 0 0 0 0 0 0 0 1 0 0 0 0 0 0 0 0 0 0 0 0 0 0 0 0 0 0 0 0 0 0 0 0 0 0]
[4176222406010530765076568393785757269845206926794247481640494998160633530339439680443691896600911467459657757161726335301846549101513836820840667220977515480761703200679840380210961552316675867961293479343854562222451285038130 0 0 0 0 0 0 0 0 0 0 0 0 0 0 0 0 0 0 0 0 0 0 0 0 0 0 0 0 0 0 0 0 0 0 0 0 0 0 0 0 0 0 0 0 0 0 0 0 1 0 0 0 0 0 0 0 0 0 0 0 0 0 0 0 0 0 0 0 0 0 0 0 0 0]
[1985230105464305869964857985622518177722365313693494706814852755399202569324332172667546787486229819832904439795179396483730104426988727712390113354650862559760695711404477142921585947291956538003647402109705379656752703365527 0 0 0 0 0 0 0 0 0 0 0 0 0 0 0 0 0 0 0 0 0 0 0 0 0 0 0 0 0 0 0 0 0 0 0 0 0 0 0 0 0 0 0 0 0 0 0 0 0 1 0 0 0 0 0 0 0 0 0 0 0 0 0 0 0 0 0 0 0 0 0 0 0 0]
[2675148384895643242335793530368778928211716953072566587548063983777942744884621268839360029724018551786201167493500606457398046008957840181211955884932435221996090891157865084707015668404609462473329718329927754724022866437601 0 0 0 0 0 0 0 0 0 0 0 0 0 0 0 0 0 0 0 0 0 0 0 0 0 0 0 0 0 0 0 0 0 0 0 0 0 0 0 0 0 0 0 0 0 0 0 0 0 0 1 0 0 0 0 0 0 0 0 0 0 0 0 0 0 0 0 0 0 0 0 0 0 0]
[1736192197956086358987466135769126497028596684572599314296730076782039306541106332163091151045177952213255271225007976638606252857695965624077320257492736176291435026226336302191432860202647946281025586949993003568130824591108 0 0 0 0 0 0 0 0 0 0 0 0 0 0 0 0 0 0 0 0 0 0 0 0 0 0 0 0 0 0 0 0 0 0 0 0 0 0 0 0 0 0 0 0 0 0 0 0 0 0 0 1 0 0 0 0 0 0 0 0 0 0 0 0 0 0 0 0 0 0 0 0 0 0]
[1520964763519781386918624306552466183201447286443026558938955963378004121504167522849898010526326568727917935244679093037238409437072490287375288669108928567897226859323100675956127167394090060170178248823449245137194931159597 0 0 0 0 0 0 0 0 0 0 0 0 0 0 0 0 0 0 0 0 0 0 0 0 0 0 0 0 0 0 0 0 0 0 0 0 0 0 0 0 0 0 0 0 0 0 0 0 0 0 0 0 1 0 0 0 0 0 0 0 0 0 0 0 0 0 0 0 0 0 0 0 0 0]
[5864886448724135162405820031782480038179074029257247055448409100873905720550008622562837907945482136728936383422156187999552340305907641635590649250125002381525461321753675506084728046577494736337966867929421957211798971727 0 0 0 0 0 0 0 0 0 0 0 0 0 0 0 0 0 0 0 0 0 0 0 0 0 0 0 0 0 0 0 0 0 0 0 0 0 0 0 0 0 0 0 0 0 0 0 0 0 0 0 0 0 1 0 0 0 0 0 0 0 0 0 0 0 0 0 0 0 0 0 0 0 0]
[3412259466293633556960491156080046247684776950434587344682408583293793942494385297934204120130062947016515684379601008536196562340111556962931117303178294905080174755505923231316842951250245847283733024296298440145777979908156 0 0 0 0 0 0 0 0 0 0 0 0 0 0 0 0 0 0 0 0 0 0 0 0 0 0 0 0 0 0 0 0 0 0 0 0 0 0 0 0 0 0 0 0 0 0 0 0 0 0 0 0 0 0 1 0 0 0 0 0 0 0 0 0 0 0 0 0 0 0 0 0 0 0]
[138174814127670174015802160119970645871802208588014528276528709567250272318499584713259871090811008833925207574276380550631192765249715084673277528072046867144420221884556488648241140510070670401378683533771707511938066603108 0 0 0 0 0 0 0 0 0 0 0 0 0 0 0 0 0 0 0 0 0 0 0 0 0 0 0 0 0 0 0 0 0 0 0 0 0 0 0 0 0 0 0 0 0 0 0 0 0 0 0 0 0 0 0 1 0 0 0 0 0 0 0 0 0 0 0 0 0 0 0 0 0 0]
[465507436128734098937816839331292669511490556492084983598662399505799817509619414052006876016273329589819062213800678623576913821379473033149281815919709878462590313681766855006072191462185619987375352024660415201280178123788 0 0 0 0 0 0 0 0 0 0 0 0 0 0 0 0 0 0 0 0 0 0 0 0 0 0 0 0 0 0 0 0 0 0 0 0 0 0 0 0 0 0 0 0 0 0 0 0 0 0 0 0 0 0 0 0 1 0 0 0 0 0 0 0 0 0 0 0 0 0 0 0 0 0]
[2717610428878168822755197964276811711234680181686492491831557177823485308648898566302296688852546357894631963563376974977956074139976098410499053880828462692070515665582497805132668283035666017447079012191160375652871888648815 0 0 0 0 0 0 0 0 0 0 0 0 0 0 0 0 0 0 0 0 0 0 0 0 0 0 0 0 0 0 0 0 0 0 0 0 0 0 0 0 0 0 0 0 0 0 0 0 0 0 0 0 0 0 0 0 0 1 0 0 0 0 0 0 0 0 0 0 0 0 0 0 0 0]
[2673326482011891585153291964883635298875331389753911117518832103943740416406501369112397266706776016203984495497496257767108834486488875430983992493907030791401842324678084108894550736472802765776169660571228118482084836280126 0 0 0 0 0 0 0 0 0 0 0 0 0 0 0 0 0 0 0 0 0 0 0 0 0 0 0 0 0 0 0 0 0 0 0 0 0 0 0 0 0 0 0 0 0 0 0 0 0 0 0 0 0 0 0 0 0 0 1 0 0 0 0 0 0 0 0 0 0 0 0 0 0 0]
[472296127752801293827778208040306351117249527228867480198892674116068908699557012754608801656059186484163438848318912236200329103396675603155774226231988602614295280368730371679786934300838210233654102593728034108414490519165 0 0 0 0 0 0 0 0 0 0 0 0 0 0 0 0 0 0 0 0 0 0 0 0 0 0 0 0 0 0 0 0 0 0 0 0 0 0 0 0 0 0 0 0 0 0 0 0 0 0 0 0 0 0 0 0 0 0 0 1 0 0 0 0 0 0 0 0 0 0 0 0 0 0]
[839087887341492718625034927334799013286554098242487511511222271831907857375266115449054384692937874028610269558512542876421828122691759534552410539185533859444268883366741630957511952920147744528119431736563093444911047551059 0 0 0 0 0 0 0 0 0 0 0 0 0 0 0 0 0 0 0 0 0 0 0 0 0 0 0 0 0 0 0 0 0 0 0 0 0 0 0 0 0 0 0 0 0 0 0 0 0 0 0 0 0 0 0 0 0 0 0 0 1 0 0 0 0 0 0 0 0 0 0 0 0 0]
[1375494363921320991508236977585511446021183708471617839214799003457020237902794674063207805134144084034670745145114468799578492485831696251964659065566996006458543740584204207197760198071999002967623365311388152973572998227986 0 0 0 0 0 0 0 0 0 0 0 0 0 0 0 0 0 0 0 0 0 0 0 0 0 0 0 0 0 0 0 0 0 0 0 0 0 0 0 0 0 0 0 0 0 0 0 0 0 0 0 0 0 0 0 0 0 0 0 0 0 1 0 0 0 0 0 0 0 0 0 0 0 0]
[1001745774493468076098448756869425254145618475501546143196273280189999206056848626288381381819848158032574898209628732781736837776214830437100186691950870803795455093395669021216497405643620613164387625524153677149791770023866 0 0 0 0 0 0 0 0 0 0 0 0 0 0 0 0 0 0 0 0 0 0 0 0 0 0 0 0 0 0 0 0 0 0 0 0 0 0 0 0 0 0 0 0 0 0 0 0 0 0 0 0 0 0 0 0 0 0 0 0 0 0 1 0 0 0 0 0 0 0 0 0 0 0]
[3769590638219308876827865339604499424845605020686635593983412836216462426096294768955642015630110915174792811129352724563527566243000624070800975363690137425651045872372128414580763044210568644323066972292179734599490666383220 0 0 0 0 0 0 0 0 0 0 0 0 0 0 0 0 0 0 0 0 0 0 0 0 0 0 0 0 0 0 0 0 0 0 0 0 0 0 0 0 0 0 0 0 0 0 0 0 0 0 0 0 0 0 0 0 0 0 0 0 0 0 0 1 0 0 0 0 0 0 0 0 0 0]
[3424281345293714949073088821508670865402850814655568224732312652104832223567076446813137886563806833031485379983997080938308012084428454910491491994238113988791119237625024698556343429969736371223005021769910985514052007856586 0 0 0 0 0 0 0 0 0 0 0 0 0 0 0 0 0 0 0 0 0 0 0 0 0 0 0 0 0 0 0 0 0 0 0 0 0 0 0 0 0 0 0 0 0 0 0 0 0 0 0 0 0 0 0 0 0 0 0 0 0 0 0 0 1 0 0 0 0 0 0 0 0 0]
[3576123510519347699503796073551159169595538327637215803167747734345913926651232228574299588218922036628179097224226406921804140336686214603257756194636391923126483410956078886424135491142690187377493258486557524239962876470642 0 0 0 0 0 0 0 0 0 0 0 0 0 0 0 0 0 0 0 0 0 0 0 0 0 0 0 0 0 0 0 0 0 0 0 0 0 0 0 0 0 0 0 0 0 0 0 0 0 0 0 0 0 0 0 0 0 0 0 0 0 0 0 0 0 1 0 0 0 0 0 0 0 0]
[3518527796708059313441439016449104848607158369981831003984090023610221502784743629796534010917761034395589970788867199614084648104799396430212350600426627642311984272377997397933553380112440380667514482967468257813536992663890 0 0 0 0 0 0 0 0 0 0 0 0 0 0 0 0 0 0 0 0 0 0 0 0 0 0 0 0 0 0 0 0 0 0 0 0 0 0 0 0 0 0 0 0 0 0 0 0 0 0 0 0 0 0 0 0 0 0 0 0 0 0 0 0 0 0 1 0 0 0 0 0 0 0]
[863826751960121637371964431589790531840199957955697520852694034987943635665173201172265091069098248130343744554263813181054703061778694976584323700864347075058101222891312692495183171773250468832979388691163768817512340977375 0 0 0 0 0 0 0 0 0 0 0 0 0 0 0 0 0 0 0 0 0 0 0 0 0 0 0 0 0 0 0 0 0 0 0 0 0 0 0 0 0 0 0 0 0 0 0 0 0 0 0 0 0 0 0 0 0 0 0 0 0 0 0 0 0 0 0 1 0 0 0 0 0 0]
[222322247972866251094880229305886169288369792311509419858985668550885931781471742140623920865585416268423931773723202244147880626169157409641902459322773923343759915407107781473378324998586461158050909206165896561262073265588 0 0 0 0 0 0 0 0 0 0 0 0 0 0 0 0 0 0 0 0 0 0 0 0 0 0 0 0 0 0 0 0 0 0 0 0 0 0 0 0 0 0 0 0 0 0 0 0 0 0 0 0 0 0 0 0 0 0 0 0 0 0 0 0 0 0 0 0 1 0 0 0 0 0]
[3760289971795667246896664712405887209233648119125182360879084385887345387174062696325080344404832058937315700330606440527264020241188919137024655402547891816657196460195945237628347103123272278472582115655404588216696848259218 0 0 0 0 0 0 0 0 0 0 0 0 0 0 0 0 0 0 0 0 0 0 0 0 0 0 0 0 0 0 0 0 0 0 0 0 0 0 0 0 0 0 0 0 0 0 0 0 0 0 0 0 0 0 0 0 0 0 0 0 0 0 0 0 0 0 0 0 0 1 0 0 0 0]
[834452022194469672830048246656490899589718632424926958905146173823753231507640179524691978849107212553752410125238895119742592742064452724978003976138914895910992477647428943989854774130531310660446843920654270463673574131141 0 0 0 0 0 0 0 0 0 0 0 0 0 0 0 0 0 0 0 0 0 0 0 0 0 0 0 0 0 0 0 0 0 0 0 0 0 0 0 0 0 0 0 0 0 0 0 0 0 0 0 0 0 0 0 0 0 0 0 0 0 0 0 0 0 0 0 0 0 0 1 0 0 0]
[4451693327617279174794725772563006106569260661526744858557157436528321999758071498212826743662908322815456802519054739180622115586611773743464464375265158362214987201413679406009899025103668669782446137849350433410910394352673 0 0 0 0 0 0 0 0 0 0 0 0 0 0 0 0 0 0 0 0 0 0 0 0 0 0 0 0 0 0 0 0 0 0 0 0 0 0 0 0 0 0 0 0 0 0 0 0 0 0 0 0 0 0 0 0 0 0 0 0 0 0 0 0 0 0 0 0 0 0 0 1 0 0]
[1952307661493640284797936456860418697621549758370157123019797630763280548192283140174230951771037206608017105085186266959035263752454409544807862103494849944170626455122003714938110229735475094005779919964506327815194182698160 0 0 0 0 0 0 0 0 0 0 0 0 0 0 0 0 0 0 0 0 0 0 0 0 0 0 0 0 0 0 0 0 0 0 0 0 0 0 0 0 0 0 0 0 0 0 0 0 0 0 0 0 0 0 0 0 0 0 0 0 0 0 0 0 0 0 0 0 0 0 0 0 1 0]
[4630481951774934415289043600655245152672124573600736176760314275418300258923319825305997515906070500190230852518845440613630718599261607710498531084880657922119276170530831444414382844713884663986457973689665494676399105124580 0 0 0 0 0 0 0 0 0 0 0 0 0 0 0 0 0 0 0 0 0 0 0 0 0 0 0 0 0 0 0 0 0 0 0 0 0 0 0 0 0 0 0 0 0 0 0 0 0 0 0 0 0 0 0 0 0 0 0 0 0 0 0 0 0 0 0 0 0 0 0 0 0 1]
]
