[[9048013478490856817985635443635799643511060853090125296943380880960730021182039025031448556728600961167864897299927356252705179152103924894126175747176957823580430016658953507649507027196588692869755137511851349576317178790074090909912571534421661928356697296321558340484048847211670903765999046319579431323 0 0 0 0 0 0 0 0 0 0 0 0 0 0 0 0 0 0 0 0 0 0 0 0 0 0 0 0 0 0 0 0 0 0 0 0 0 0 0 0 0 0 0 0 0 0 0 0 0 0 0 0 0 0 0 0 0 0 0 0 0 0 0 0 0 0 0 0 0 0 0 0 0 0 0 0 0 0 0 0 0 0 0 0 0 0 0 0 0 0 0 0 0 0 0 0 0 0 0 0 0]
[1418811501529784472778038648252810465020155513729727326911728973716668021273726996060292122058224517168035126971977781625092967874887253189540732344490882051855978747290189752175199421989711950301829777472617820103107293398186571866904171670484307882306320206097026528454624998178851065193041255298424675263 1 0 0 0 0 0 0 0 0 0 0 0 0 0 0 0 0 0 0 0 0 0 0 0 0 0 0 0 0 0 0 0 0 0 0 0 0 0 0 0 0 0 0 0 0 0 0 0 0 0 0 0 0 0 0 0 0 0 0 0 0 0 0 0 0 0 0 0 0 0 0 0 0 0 0 0 0 0 0 0 0 0 0 0 0 0 0 0 0 0 0 0 0 0 0 0 0 0 0 0 0]
[879202682756806162194010772484458356474343108334891201251823976938686750050435201715809459883865083707108549891812491443009551175123186052081355058655796182593717822878011080823978426087559964969387635692062398388677070721973862042404486186066441820069511476789012478282111518687999038645534836156906451031 0 1 0 0 0 0 0 0 0 0 0 0 0 0 0 0 0 0 0 0 0 0 0 0 0 0 0 0 0 0 0 0 0 0 0 0 0 0 0 0 0 0 0 0 0 0 0 0 0 0 0 0 0 0 0 0 0 0 0 0 0 0 0 0 0 0 0 0 0 0 0 0 0 0 0 0 0 0 0 0 0 0 0 0 0 0 0 0 0 0 0 0 0 0 0 0 0 0 0 0 0]
[3063132716055819948593080371034578196823113586562491118159990997165888125206391042076438928291100354116201439737821440940989536056224019674864851940560939443117892729762681133714776788989028650162250781601730542804745272002740109223750927125071393364767095614481139161766137727345451416505859905164980090938 0 0 1 0 0 0 0 0 0 0 0 0 0 0 0 0 0 0 0 0 0 0 0 0 0 0 0 0 0 0 0 0 0 0 0 0 0 0 0 0 0 0 0 0 0 0 0 0 0 0 0 0 0 0 0 0 0 0 0 0 0 0 0 0 0 0 0 0 0 0 0 0 0 0 0 0 0 0 0 0 0 0 0 0 0 0 0 0 0 0 0 0 0 0 0 0 0 0 0 0 0]
[5617983767740365772621473059570202766289263409090289477184669675622812095210230798065234293116170448545430467938140832664389524046482306057210107443440317389722778698650469874200362112635213486418804385775153160575158043385064265404648211074555246858893320669235368141717077785101528478111420088464649339229 0 0 0 1 0 0 0 0 0 0 0 0 0 0 0 0 0 0 0 0 0 0 0 0 0 0 0 0 0 0 0 0 0 0 0 0 0 0 0 0 0 0 0 0 0 0 0 0 0 0 0 0 0 0 0 0 0 0 0 0 0 0 0 0 0 0 0 0 0 0 0 0 0 0 0 0 0 0 0 0 0 0 0 0 0 0 0 0 0 0 0 0 0 0 0 0 0 0 0 0 0]
[5891101333327163002959725530080959648493359813333953666630726328362485740069114938833867419690292950801496621265760150546266055735923309157204038148146781548623456342473195444980772925560063633412569455110088085587656542570979002787908428061844347926705958271958296513147533637878105424125749906178682155046 0 0 0 0 1 0 0 0 0 0 0 0 0 0 0 0 0 0 0 0 0 0 0 0 0 0 0 0 0 0 0 0 0 0 0 0 0 0 0 0 0 0 0 0 0 0 0 0 0 0 0 0 0 0 0 0 0 0 0 0 0 0 0 0 0 0 0 0 0 0 0 0 0 0 0 0 0 0 0 0 0 0 0 0 0 0 0 0 0 0 0 0 0 0 0 0 0 0 0 0 0]
[4151297588504045060300016965664854832477644817399925639096983252373552467415450026175377688315348740223344403150021048306970242611455130284169303411292606184145950796652305550722447321079418949484812051944317578220661697109507631384752524417441213947798846938158732980946316103060960449935092778205298553230 0 0 0 0 0 1 0 0 0 0 0 0 0 0 0 0 0 0 0 0 0 0 0 0 0 0 0 0 0 0 0 0 0 0 0 0 0 0 0 0 0 0 0 0 0 0 0 0 0 0 0 0 0 0 0 0 0 0 0 0 0 0 0 0 0 0 0 0 0 0 0 0 0 0 0 0 0 0 0 0 0 0 0 0 0 0 0 0 0 0 0 0 0 0 0 0 0 0 0 0 0]
[4385804914713813787050077311574460584950045688274530474164220975333757827059320708222094556670338333824498065723298917985737366930582416651100419535113842347405126527650260117195566688348139753076442832723369375150591470532730972934946482788614801964363100494135465587968666810703519660197373649605626571169 0 0 0 0 0 0 1 0 0 0 0 0 0 0 0 0 0 0 0 0 0 0 0 0 0 0 0 0 0 0 0 0 0 0 0 0 0 0 0 0 0 0 0 0 0 0 0 0 0 0 0 0 0 0 0 0 0 0 0 0 0 0 0 0 0 0 0 0 0 0 0 0 0 0 0 0 0 0 0 0 0 0 0 0 0 0 0 0 0 0 0 0 0 0 0 0 0 0 0 0 0]
[8402552118581272171895723925016779932806224291488638432289090976101380575012030652772319526735037480664573346990013265235309222377373570852008318385567745815820278162315986653230894139534319146133073087940166759054734123093191599624418721864809052592606136173000216684287163658157713020823685271095113540714 0 0 0 0 0 0 0 1 0 0 0 0 0 0 0 0 0 0 0 0 0 0 0 0 0 0 0 0 0 0 0 0 0 0 0 0 0 0 0 0 0 0 0 0 0 0 0 0 0 0 0 0 0 0 0 0 0 0 0 0 0 0 0 0 0 0 0 0 0 0 0 0 0 0 0 0 0 0 0 0 0 0 0 0 0 0 0 0 0 0 0 0 0 0 0 0 0 0 0 0 0]
[7117874754190533555383497091107237341466804407791965077697405217572263078685520238141991463214275604667980863539528134497107386323978221941051920892226422951061115800509679146443203001448957084172796516647466333557521433073457684976873784959623114821074180764031130447675751758653482582889925626272087440167 0 0 0 0 0 0 0 0 1 0 0 0 0 0 0 0 0 0 0 0 0 0 0 0 0 0 0 0 0 0 0 0 0 0 0 0 0 0 0 0 0 0 0 0 0 0 0 0 0 0 0 0 0 0 0 0 0 0 0 0 0 0 0 0 0 0 0 0 0 0 0 0 0 0 0 0 0 0 0 0 0 0 0 0 0 0 0 0 0 0 0 0 0 0 0 0 0 0 0 0 0]
[8229830845806263066427677505349104716161213280131823847499262647379335271000113064442637930398110397809027357091188510392695244792847147510685764870006697725256673631107319038193176177733350306199462105706714985934629065972923428336946055337849089430013453654433949867319669891049222874231511826933147393072 0 0 0 0 0 0 0 0 0 1 0 0 0 0 0 0 0 0 0 0 0 0 0 0 0 0 0 0 0 0 0 0 0 0 0 0 0 0 0 0 0 0 0 0 0 0 0 0 0 0 0 0 0 0 0 0 0 0 0 0 0 0 0 0 0 0 0 0 0 0 0 0 0 0 0 0 0 0 0 0 0 0 0 0 0 0 0 0 0 0 0 0 0 0 0 0 0 0 0 0 0]
[2609470256415993765725116851501595888248682178922665982841450399290194388487192112104070739722585647806536075421908127328591925864969660125531969570710966336236479271133984050991104826455281948635395290672315391014267434112537601683775759845841976053503871032753478023180699263849431046857754113259135342936 0 0 0 0 0 0 0 0 0 0 1 0 0 0 0 0 0 0 0 0 0 0 0 0 0 0 0 0 0 0 0 0 0 0 0 0 0 0 0 0 0 0 0 0 0 0 0 0 0 0 0 0 0 0 0 0 0 0 0 0 0 0 0 0 0 0 0 0 0 0 0 0 0 0 0 0 0 0 0 0 0 0 0 0 0 0 0 0 0 0 0 0 0 0 0 0 0 0 0 0 0]
[8907207134124853080170608167531476006843598185851860314657626448776335643638244703921356462750241749649097221933515139071879680900418101509308294698781773094785940231403364557288682611295417204324427567736173054058999463133928990879324886364025444080485692606130475978251764091162917251691506055110089893919 0 0 0 0 0 0 0 0 0 0 0 1 0 0 0 0 0 0 0 0 0 0 0 0 0 0 0 0 0 0 0 0 0 0 0 0 0 0 0 0 0 0 0 0 0 0 0 0 0 0 0 0 0 0 0 0 0 0 0 0 0 0 0 0 0 0 0 0 0 0 0 0 0 0 0 0 0 0 0 0 0 0 0 0 0 0 0 0 0 0 0 0 0 0 0 0 0 0 0 0 0]
[2125273476399498035936109818288672764729715369638126897203825921134406345404705781914554558774491338104256000134256652131069801216743231370714853086433640002336538487030166971882593606837528428762348549716692114393308426131642493010827690712319224611631842228380919645157601938633117405889014412821179214581 0 0 0 0 0 0 0 0 0 0 0 0 1 0 0 0 0 0 0 0 0 0 0 0 0 0 0 0 0 0 0 0 0 0 0 0 0 0 0 0 0 0 0 0 0 0 0 0 0 0 0 0 0 0 0 0 0 0 0 0 0 0 0 0 0 0 0 0 0 0 0 0 0 0 0 0 0 0 0 0 0 0 0 0 0 0 0 0 0 0 0 0 0 0 0 0 0 0 0 0 0]
[4451384191215524910307184424786623086733527851122677001280394041824358621632901796395406372309805572798462339970605784495431131011205894962588627105229323861705050582773764306203994633128014306183359738772443813878214719696047988558006483229413178632608511416401896659728630183034584744050887827076387229358 0 0 0 0 0 0 0 0 0 0 0 0 0 1 0 0 0 0 0 0 0 0 0 0 0 0 0 0 0 0 0 0 0 0 0 0 0 0 0 0 0 0 0 0 0 0 0 0 0 0 0 0 0 0 0 0 0 0 0 0 0 0 0 0 0 0 0 0 0 0 0 0 0 0 0 0 0 0 0 0 0 0 0 0 0 0 0 0 0 0 0 0 0 0 0 0 0 0 0 0 0]
[2701104028165581190711944108574397304806921298574688585328104845068396691551686300228066109766063157445236632066192135100665444222232401477501687247473131834034770099952341432406018462609309468483865408825000437390876306168986853766836769186894061964917022327929061074566299913541492937817622496716498918474 0 0 0 0 0 0 0 0 0 0 0 0 0 0 1 0 0 0 0 0 0 0 0 0 0 0 0 0 0 0 0 0 0 0 0 0 0 0 0 0 0 0 0 0 0 0 0 0 0 0 0 0 0 0 0 0 0 0 0 0 0 0 0 0 0 0 0 0 0 0 0 0 0 0 0 0 0 0 0 0 0 0 0 0 0 0 0 0 0 0 0 0 0 0 0 0 0 0 0 0 0]
[5689156877174429664813743901020166493053702956415435229760523474682816464654550527890248441605791879326685124974304444233592388385680048809727642943667843543376935292926540857512199697932786414495736387799729453170630333605416513899242154220963232438915316904328696710203314010166897111224308057457639505118 0 0 0 0 0 0 0 0 0 0 0 0 0 0 0 1 0 0 0 0 0 0 0 0 0 0 0 0 0 0 0 0 0 0 0 0 0 0 0 0 0 0 0 0 0 0 0 0 0 0 0 0 0 0 0 0 0 0 0 0 0 0 0 0 0 0 0 0 0 0 0 0 0 0 0 0 0 0 0 0 0 0 0 0 0 0 0 0 0 0 0 0 0 0 0 0 0 0 0 0 0]
[8399531163620680041099223749378041345324001163405181132569683023905555177538303720004292709753231872481524404406253429322580496237211690824869880662119902356132534216783902031277048362779032102260076342600203862440842823411158226640062850293716735680094892516977272853777751307193630087501898252147369522275 0 0 0 0 0 0 0 0 0 0 0 0 0 0 0 0 1 0 0 0 0 0 0 0 0 0 0 0 0 0 0 0 0 0 0 0 0 0 0 0 0 0 0 0 0 0 0 0 0 0 0 0 0 0 0 0 0 0 0 0 0 0 0 0 0 0 0 0 0 0 0 0 0 0 0 0 0 0 0 0 0 0 0 0 0 0 0 0 0 0 0 0 0 0 0 0 0 0 0 0 0]
[2775195183961834838598074478447702415034909099033130257716640272500101369873137334213708185733152426318798004292558658727286889596594639888618697483574056377590365943008925681609535329672816779126469210456007467466572440819834440177768484420539682223189237658507894121905613052390911175670021953178495905966 0 0 0 0 0 0 0 0 0 0 0 0 0 0 0 0 0 1 0 0 0 0 0 0 0 0 0 0 0 0 0 0 0 0 0 0 0 0 0 0 0 0 0 0 0 0 0 0 0 0 0 0 0 0 0 0 0 0 0 0 0 0 0 0 0 0 0 0 0 0 0 0 0 0 0 0 0 0 0 0 0 0 0 0 0 0 0 0 0 0 0 0 0 0 0 0 0 0 0 0 0]
[9034173751981135169289638145510909492768638731345741999792414837305350238976739370908062392693123041114312061494490028721658101983434391336486645606767968579644020143372765807596241871563924555960818266199161541638573314301046655704949561320801336340908427137411663535988018385645635696203020162091596013016 0 0 0 0 0 0 0 0 0 0 0 0 0 0 0 0 0 0 1 0 0 0 0 0 0 0 0 0 0 0 0 0 0 0 0 0 0 0 0 0 0 0 0 0 0 0 0 0 0 0 0 0 0 0 0 0 0 0 0 0 0 0 0 0 0 0 0 0 0 0 0 0 0 0 0 0 0 0 0 0 0 0 0 0 0 0 0 0 0 0 0 0 0 0 0 0 0 0 0 0 0]
[3598318351545171562281825798686664872770247342322360764805082403048546629497326932872829577852911406874430060758086184534413385485145789630200581475451212603795750541812964291296891595399440049900950556967787173296408071973904799309456614159446410664752748476783431346895031144403092103675315002613718013506 0 0 0 0 0 0 0 0 0 0 0 0 0 0 0 0 0 0 0 1 0 0 0 0 0 0 0 0 0 0 0 0 0 0 0 0 0 0 0 0 0 0 0 0 0 0 0 0 0 0 0 0 0 0 0 0 0 0 0 0 0 0 0 0 0 0 0 0 0 0 0 0 0 0 0 0 0 0 0 0 0 0 0 0 0 0 0 0 0 0 0 0 0 0 0 0 0 0 0 0 0]
[4338817424829680201857149199214238001033779735557395776835001523843490207347970173866494301481787710676017305148754719998496033602233481765349748530120092561797298667436208956793995684879772788652702876663717028877768893507819355447053614302038592438883607402822114262357192207637167372113760594906484275529 0 0 0 0 0 0 0 0 0 0 0 0 0 0 0 0 0 0 0 0 1 0 0 0 0 0 0 0 0 0 0 0 0 0 0 0 0 0 0 0 0 0 0 0 0 0 0 0 0 0 0 0 0 0 0 0 0 0 0 0 0 0 0 0 0 0 0 0 0 0 0 0 0 0 0 0 0 0 0 0 0 0 0 0 0 0 0 0 0 0 0 0 0 0 0 0 0 0 0 0 0]
[5025053210563618115667558198992979852897376722948937299613288233790072963547184607878987719931196957968969782729941853414214334961287028188569141792165279022986548414786128722297914623067735816795620697063453260613378828406329664551579449863706091673910351484411002926506492376072428467796873529685878313476 0 0 0 0 0 0 0 0 0 0 0 0 0 0 0 0 0 0 0 0 0 1 0 0 0 0 0 0 0 0 0 0 0 0 0 0 0 0 0 0 0 0 0 0 0 0 0 0 0 0 0 0 0 0 0 0 0 0 0 0 0 0 0 0 0 0 0 0 0 0 0 0 0 0 0 0 0 0 0 0 0 0 0 0 0 0 0 0 0 0 0 0 0 0 0 0 0 0 0 0 0]
[4802273287827923072916543985339804104340815733774514141333514234436546464401873116959269000825181925684053370597917569506703864410267294259926518374511372236022130195594670676307074115775579994706668890385157899286665189291980713496484147001176327407842039382126493864836789433513020920643511008891291364149 0 0 0 0 0 0 0 0 0 0 0 0 0 0 0 0 0 0 0 0 0 0 1 0 0 0 0 0 0 0 0 0 0 0 0 0 0 0 0 0 0 0 0 0 0 0 0 0 0 0 0 0 0 0 0 0 0 0 0 0 0 0 0 0 0 0 0 0 0 0 0 0 0 0 0 0 0 0 0 0 0 0 0 0 0 0 0 0 0 0 0 0 0 0 0 0 0 0 0 0 0]
[7271023613481671344756811875524194044207794885762424712239168679507366970818569250795296579944444706079125300507845390867299596516168648372998370133448623523365046700004039341404221401152563015146260704873894053737419433139824118329256769568745268547829157987184825373093217920259370818223318943444228068552 0 0 0 0 0 0 0 0 0 0 0 0 0 0 0 0 0 0 0 0 0 0 0 1 0 0 0 0 0 0 0 0 0 0 0 0 0 0 0 0 0 0 0 0 0 0 0 0 0 0 0 0 0 0 0 0 0 0 0 0 0 0 0 0 0 0 0 0 0 0 0 0 0 0 0 0 0 0 0 0 0 0 0 0 0 0 0 0 0 0 0 0 0 0 0 0 0 0 0 0 0]
[7138760907844842926839607163421946378563448722321730392430808185526359285312777968281615561442124696380210514151307555363329951656256699564796818101810252471891862472099959325172405933060992240587747210014698138854328771229290710931046968995465285461482514641629780205252313010766743849255219239488583274434 0 0 0 0 0 0 0 0 0 0 0 0 0 0 0 0 0 0 0 0 0 0 0 0 1 0 0 0 0 0 0 0 0 0 0 0 0 0 0 0 0 0 0 0 0 0 0 0 0 0 0 0 0 0 0 0 0 0 0 0 0 0 0 0 0 0 0 0 0 0 0 0 0 0 0 0 0 0 0 0 0 0 0 0 0 0 0 0 0 0 0 0 0 0 0 0 0 0 0 0 0]
[6918845445635425104119555397072737003886120560981623994242396868809273792415672197869107963316131851891480500517156841275554426795886978423942221542196557373899395413660471250491749838453784095207308189551788326862458619900641720631669287368297522729998041299101765835436439809396183247805159127085043943142 0 0 0 0 0 0 0 0 0 0 0 0 0 0 0 0 0 0 0 0 0 0 0 0 0 1 0 0 0 0 0 0 0 0 0 0 0 0 0 0 0 0 0 0 0 0 0 0 0 0 0 0 0 0 0 0 0 0 0 0 0 0 0 0 0 0 0 0 0 0 0 0 0 0 0 0 0 0 0 0 0 0 0 0 0 0 0 0 0 0 0 0 0 0 0 0 0 0 0 0 0]
[7929360390745212047762486672613015115480470062728226502092417383806296582660361549730363931488655848599048548255550165097366335799800035576526602686476050085508921347567784230754598713704276200995147272643768934231138984587315849189325634987277000492135678819156459634179385630093601678987986672612686134608 0 0 0 0 0 0 0 0 0 0 0 0 0 0 0 0 0 0 0 0 0 0 0 0 0 0 1 0 0 0 0 0 0 0 0 0 0 0 0 0 0 0 0 0 0 0 0 0 0 0 0 0 0 0 0 0 0 0 0 0 0 0 0 0 0 0 0 0 0 0 0 0 0 0 0 0 0 0 0 0 0 0 0 0 0 0 0 0 0 0 0 0 0 0 0 0 0 0 0 0 0]
[3598768618542501872657430844712174875260109432509793013845603676336383700425131096996914265345473035534309014149074261045493386711728722655004481280038051963897004405720334321575208500767477635994126428263467401191036884855976196266651203510658330056359825567763463759131655623719701114264335337739065054770 0 0 0 0 0 0 0 0 0 0 0 0 0 0 0 0 0 0 0 0 0 0 0 0 0 0 0 1 0 0 0 0 0 0 0 0 0 0 0 0 0 0 0 0 0 0 0 0 0 0 0 0 0 0 0 0 0 0 0 0 0 0 0 0 0 0 0 0 0 0 0 0 0 0 0 0 0 0 0 0 0 0 0 0 0 0 0 0 0 0 0 0 0 0 0 0 0 0 0 0 0]
[1835954401013269122402784730884295694480603474287649546299854994574349701567550743571996379712118233605639444291162425337706590520041126502763086719296274792733884490325347657838708542284290048631942222190490444080136873295468783204622107064701841120188720571011080588405448782743258434660713547521735085804 0 0 0 0 0 0 0 0 0 0 0 0 0 0 0 0 0 0 0 0 0 0 0 0 0 0 0 0 1 0 0 0 0 0 0 0 0 0 0 0 0 0 0 0 0 0 0 0 0 0 0 0 0 0 0 0 0 0 0 0 0 0 0 0 0 0 0 0 0 0 0 0 0 0 0 0 0 0 0 0 0 0 0 0 0 0 0 0 0 0 0 0 0 0 0 0 0 0 0 0 0]
[4242786256222690454762265959442719671213397406577834628163729730012476698700819678531785581021145651154466644480193590543636860611412025514197209205696136565887145823420395310846981312476683276706544749737387586024337276894389302661378651338249972555825314094699397493429231204527113976258148682136099129104 0 0 0 0 0 0 0 0 0 0 0 0 0 0 0 0 0 0 0 0 0 0 0 0 0 0 0 0 0 1 0 0 0 0 0 0 0 0 0 0 0 0 0 0 0 0 0 0 0 0 0 0 0 0 0 0 0 0 0 0 0 0 0 0 0 0 0 0 0 0 0 0 0 0 0 0 0 0 0 0 0 0 0 0 0 0 0 0 0 0 0 0 0 0 0 0 0 0 0 0 0]
[4035346045314690059742065861212360781416316349669042182151690852025712068864101349435320788269678170998705157270497878217283680291269725959629697561100386784452743296814902728555635775972081246560209006597664783795213332248210447528252197593954540218692672632933627346224538582368685857812289341152771454599 0 0 0 0 0 0 0 0 0 0 0 0 0 0 0 0 0 0 0 0 0 0 0 0 0 0 0 0 0 0 1 0 0 0 0 0 0 0 0 0 0 0 0 0 0 0 0 0 0 0 0 0 0 0 0 0 0 0 0 0 0 0 0 0 0 0 0 0 0 0 0 0 0 0 0 0 0 0 0 0 0 0 0 0 0 0 0 0 0 0 0 0 0 0 0 0 0 0 0 0 0]
[9042218496396209219496040273547721525114414343961115190639522629560492100955198451236482607823047488160068492669033256555328405937539305054751673646627566799876443295423887845662172680874442650641642973574264460511742603595684737347364997251827463296094254935206529604563479175077849055973588665270055097144 0 0 0 0 0 0 0 0 0 0 0 0 0 0 0 0 0 0 0 0 0 0 0 0 0 0 0 0 0 0 0 1 0 0 0 0 0 0 0 0 0 0 0 0 0 0 0 0 0 0 0 0 0 0 0 0 0 0 0 0 0 0 0 0 0 0 0 0 0 0 0 0 0 0 0 0 0 0 0 0 0 0 0 0 0 0 0 0 0 0 0 0 0 0 0 0 0 0 0 0 0]
[8930636250110654319864841166268648385599866648511894267221115976824713641637474377908839832034193927611343110311233111318068653818875155578276960478116606216529536563476521297941493777499914524840054357695608096383876091213845826376089544529915024517398851706454954374926723857649266907876319090866366570433 0 0 0 0 0 0 0 0 0 0 0 0 0 0 0 0 0 0 0 0 0 0 0 0 0 0 0 0 0 0 0 0 1 0 0 0 0 0 0 0 0 0 0 0 0 0 0 0 0 0 0 0 0 0 0 0 0 0 0 0 0 0 0 0 0 0 0 0 0 0 0 0 0 0 0 0 0 0 0 0 0 0 0 0 0 0 0 0 0 0 0 0 0 0 0 0 0 0 0 0 0]
[6052605664171157066104153031670371617639968963184796256440933006581351779116597695068095885077154721145282206323131989087374977702631622002229973761436214583739393695374480662435272404663971002954473663195269223490494290135454609628890480426992901819584228072831274214855479873351686104934814517486623970342 0 0 0 0 0 0 0 0 0 0 0 0 0 0 0 0 0 0 0 0 0 0 0 0 0 0 0 0 0 0 0 0 0 1 0 0 0 0 0 0 0 0 0 0 0 0 0 0 0 0 0 0 0 0 0 0 0 0 0 0 0 0 0 0 0 0 0 0 0 0 0 0 0 0 0 0 0 0 0 0 0 0 0 0 0 0 0 0 0 0 0 0 0 0 0 0 0 0 0 0 0]
[7955011788929812130580200503275512152616258032769331179005638799063798542411051211064794649815297436732909491232922734888600631833647706049394442468700969127538037501267007920479941411412520410081423689721119275208441069579979558596745976086452680336227599770862967919504793283348387059189635535322613432073 0 0 0 0 0 0 0 0 0 0 0 0 0 0 0 0 0 0 0 0 0 0 0 0 0 0 0 0 0 0 0 0 0 0 1 0 0 0 0 0 0 0 0 0 0 0 0 0 0 0 0 0 0 0 0 0 0 0 0 0 0 0 0 0 0 0 0 0 0 0 0 0 0 0 0 0 0 0 0 0 0 0 0 0 0 0 0 0 0 0 0 0 0 0 0 0 0 0 0 0 0]
[7914236908290277829219653351463508980926246240240713120313080687717019011676730226093254029234599757277361574890460175833293978718628562434055066568328890254902528939230052832320288580262547638656104926619497514288291785231993136904533333275388025376004689636544260356684048270270351947151470284744593777217 0 0 0 0 0 0 0 0 0 0 0 0 0 0 0 0 0 0 0 0 0 0 0 0 0 0 0 0 0 0 0 0 0 0 0 1 0 0 0 0 0 0 0 0 0 0 0 0 0 0 0 0 0 0 0 0 0 0 0 0 0 0 0 0 0 0 0 0 0 0 0 0 0 0 0 0 0 0 0 0 0 0 0 0 0 0 0 0 0 0 0 0 0 0 0 0 0 0 0 0 0]
[7731438221270385354243798091281587750662136450421562502764995260266343550476830031390876913428289341384650186389644340189180700687817049331587254601463526483980909366262375666288714130416899247510263916089622041666331167845238818712307261651879538951790572236308536076913200523815852468433140372890918825624 0 0 0 0 0 0 0 0 0 0 0 0 0 0 0 0 0 0 0 0 0 0 0 0 0 0 0 0 0 0 0 0 0 0 0 0 1 0 0 0 0 0 0 0 0 0 0 0 0 0 0 0 0 0 0 0 0 0 0 0 0 0 0 0 0 0 0 0 0 0 0 0 0 0 0 0 0 0 0 0 0 0 0 0 0 0 0 0 0 0 0 0 0 0 0 0 0 0 0 0 0]
[26506798776694016379253092107037960506934927658029166198560490087835375457725075199578137750375938305479610388106436304387362294110771416917546897114321155589666650350815035551360616793457951174075361555765974647738905125543291118641311363595078879281045180639098949694659380371423983866609207364943745907 0 0 0 0 0 0 0 0 0 0 0 0 0 0 0 0 0 0 0 0 0 0 0 0 0 0 0 0 0 0 0 0 0 0 0 0 0 1 0 0 0 0 0 0 0 0 0 0 0 0 0 0 0 0 0 0 0 0 0 0 0 0 0 0 0 0 0 0 0 0 0 0 0 0 0 0 0 0 0 0 0 0 0 0 0 0 0 0 0 0 0 0 0 0 0 0 0 0 0 0 0]
[4869971882243041760741467406905055317840976030200562963917643446016530812505697369711471167637280783077102638098634806085075868091694233989435191129845970559201897538510621539879326426384593037395524110829483209061075438753069783641576124839352164196206363412235450171434609907225619869233152604184228620057 0 0 0 0 0 0 0 0 0 0 0 0 0 0 0 0 0 0 0 0 0 0 0 0 0 0 0 0 0 0 0 0 0 0 0 0 0 0 1 0 0 0 0 0 0 0 0 0 0 0 0 0 0 0 0 0 0 0 0 0 0 0 0 0 0 0 0 0 0 0 0 0 0 0 0 0 0 0 0 0 0 0 0 0 0 0 0 0 0 0 0 0 0 0 0 0 0 0 0 0 0]
[1022479598838963761882808375565241431171347344575361330653508470280477331556458361748772018907872179780407857508146264340848463897483744971051182023538485696661081603057378481240362416988753055095254501032693682641025360794079637514855251701506303815095584077227994041685217371834032887886402691348629952179 0 0 0 0 0 0 0 0 0 0 0 0 0 0 0 0 0 0 0 0 0 0 0 0 0 0 0 0 0 0 0 0 0 0 0 0 0 0 0 1 0 0 0 0 0 0 0 0 0 0 0 0 0 0 0 0 0 0 0 0 0 0 0 0 0 0 0 0 0 0 0 0 0 0 0 0 0 0 0 0 0 0 0 0 0 0 0 0 0 0 0 0 0 0 0 0 0 0 0 0 0]
[3956700736720192979222815334767380576920568006443910980206919375184371393256706609821399932897094775954527414683882511265724235079349042036240899937312924069974315846701560633665070365825027563052721945108710213478717414691059075412712755931219245975729099273810822082820969394639497927369609332993556507806 0 0 0 0 0 0 0 0 0 0 0 0 0 0 0 0 0 0 0 0 0 0 0 0 0 0 0 0 0 0 0 0 0 0 0 0 0 0 0 0 1 0 0 0 0 0 0 0 0 0 0 0 0 0 0 0 0 0 0 0 0 0 0 0 0 0 0 0 0 0 0 0 0 0 0 0 0 0 0 0 0 0 0 0 0 0 0 0 0 0 0 0 0 0 0 0 0 0 0 0 0]
[3606528229304748536961483166248018398888762891141066307002362211483032644953527844133424566191344905380898238362013118076176518338816622424559459948171831469505630073919347545358385672822714758884008067570105476257346895555845303094470732467152968697813742438074319758043873703819048586509517624785348740074 0 0 0 0 0 0 0 0 0 0 0 0 0 0 0 0 0 0 0 0 0 0 0 0 0 0 0 0 0 0 0 0 0 0 0 0 0 0 0 0 0 1 0 0 0 0 0 0 0 0 0 0 0 0 0 0 0 0 0 0 0 0 0 0 0 0 0 0 0 0 0 0 0 0 0 0 0 0 0 0 0 0 0 0 0 0 0 0 0 0 0 0 0 0 0 0 0 0 0 0 0]
[2041271413265581680012409560917023953488865983207583403483246068655032478557870152832719761884780487435860599557348747157270834823956603726991287056452576968967328220741605238237093555242471663031546366408939121029924124661249970504340155259107948710582068690107070125943854789884596898078934136751905996434 0 0 0 0 0 0 0 0 0 0 0 0 0 0 0 0 0 0 0 0 0 0 0 0 0 0 0 0 0 0 0 0 0 0 0 0 0 0 0 0 0 0 1 0 0 0 0 0 0 0 0 0 0 0 0 0 0 0 0 0 0 0 0 0 0 0 0 0 0 0 0 0 0 0 0 0 0 0 0 0 0 0 0 0 0 0 0 0 0 0 0 0 0 0 0 0 0 0 0 0 0]
[2389435580539189479683170928961828158102153097077383677959670000261152451020431000535172674678395492323930540412093487059692586805365231673371698952196131936770229354184412187599556519661592656308456342523420077587118363953749856945770442930282837624368945869956183493003203408508799935303624873830668190150 0 0 0 0 0 0 0 0 0 0 0 0 0 0 0 0 0 0 0 0 0 0 0 0 0 0 0 0 0 0 0 0 0 0 0 0 0 0 0 0 0 0 0 1 0 0 0 0 0 0 0 0 0 0 0 0 0 0 0 0 0 0 0 0 0 0 0 0 0 0 0 0 0 0 0 0 0 0 0 0 0 0 0 0 0 0 0 0 0 0 0 0 0 0 0 0 0 0 0 0 0]
[1635151324985820789759740300225912674858664779541709159798385593064435564855928480563473883741339446341052205690737990831296105257102187596990662795025162770885747188878777728946671537297881197844656266396722263680220479096764116007663278932992671548443791467535145546419918149372885260789152292996884996665 0 0 0 0 0 0 0 0 0 0 0 0 0 0 0 0 0 0 0 0 0 0 0 0 0 0 0 0 0 0 0 0 0 0 0 0 0 0 0 0 0 0 0 0 1 0 0 0 0 0 0 0 0 0 0 0 0 0 0 0 0 0 0 0 0 0 0 0 0 0 0 0 0 0 0 0 0 0 0 0 0 0 0 0 0 0 0 0 0 0 0 0 0 0 0 0 0 0 0 0 0]
[2704192059861745378641654159074500750292112893270327909778710837590186295375948854324506545305345571671872713480336902267002823735834597206864514569450612275698242331695385279527112097406995761283499870515764799562792922263324806204733780092092100314262962313780734631465639953494574649811565854037736966875 0 0 0 0 0 0 0 0 0 0 0 0 0 0 0 0 0 0 0 0 0 0 0 0 0 0 0 0 0 0 0 0 0 0 0 0 0 0 0 0 0 0 0 0 0 1 0 0 0 0 0 0 0 0 0 0 0 0 0 0 0 0 0 0 0 0 0 0 0 0 0 0 0 0 0 0 0 0 0 0 0 0 0 0 0 0 0 0 0 0 0 0 0 0 0 0 0 0 0 0 0]
[2093964983664251199715092715322725754852404659956858587253219946611647228939784771826042199131810373270660570394712428048845190093216982772372968150448186003411361144269860282372975617289268399278039679213287093764120276099220218523975814631218922643551376762157012990575647291921378224120300952465060232467 0 0 0 0 0 0 0 0 0 0 0 0 0 0 0 0 0 0 0 0 0 0 0 0 0 0 0 0 0 0 0 0 0 0 0 0 0 0 0 0 0 0 0 0 0 0 1 0 0 0 0 0 0 0 0 0 0 0 0 0 0 0 0 0 0 0 0 0 0 0 0 0 0 0 0 0 0 0 0 0 0 0 0 0 0 0 0 0 0 0 0 0 0 0 0 0 0 0 0 0 0]
[3102684811628780010127807486700826235796260709562410776083980432257786384886574753032109994177245663676299231232161817637557535764128197242650725556033756252980227713943296916127814115610161322383674356656072659252561025481710069866191224184775721874690989453316921391724700331651292261536717772450179506857 0 0 0 0 0 0 0 0 0 0 0 0 0 0 0 0 0 0 0 0 0 0 0 0 0 0 0 0 0 0 0 0 0 0 0 0 0 0 0 0 0 0 0 0 0 0 0 1 0 0 0 0 0 0 0 0 0 0 0 0 0 0 0 0 0 0 0 0 0 0 0 0 0 0 0 0 0 0 0 0 0 0 0 0 0 0 0 0 0 0 0 0 0 0 0 0 0 0 0 0 0]
[2180876315167310570484529801576118425519576263068164635618456920218244357537225016922456318862834156311977087704160298647306095338046164639975725240944432748386237393055941824348582660589715862739247588187502595017782275953829788799150716591223307490491892402148842215451939935785150362982531525441387058422 0 0 0 0 0 0 0 0 0 0 0 0 0 0 0 0 0 0 0 0 0 0 0 0 0 0 0 0 0 0 0 0 0 0 0 0 0 0 0 0 0 0 0 0 0 0 0 0 1 0 0 0 0 0 0 0 0 0 0 0 0 0 0 0 0 0 0 0 0 0 0 0 0 0 0 0 0 0 0 0 0 0 0 0 0 0 0 0 0 0 0 0 0 0 0 0 0 0 0 0 0]
[5476172216021894259792099712268979259423874979385107383842399848455276876583098169108148255320601397767498696316448727055159560387374046823433787910786414998439933860069860279785228315282133185613714785940785526593810457295517210679221622008543339692705810499904821525184675864011321003518404529453119298663 0 0 0 0 0 0 0 0 0 0 0 0 0 0 0 0 0 0 0 0 0 0 0 0 0 0 0 0 0 0 0 0 0 0 0 0 0 0 0 0 0 0 0 0 0 0 0 0 0 1 0 0 0 0 0 0 0 0 0 0 0 0 0 0 0 0 0 0 0 0 0 0 0 0 0 0 0 0 0 0 0 0 0 0 0 0 0 0 0 0 0 0 0 0 0 0 0 0 0 0 0]
[8128634854801898129821108634814516517892704860332216022122501311288915558651612126247097295172276878792086551941335895059452455501099692175487800435924721513058421356496021445975799572410330519064679855014368038167336347839012462582014488056482032335224597315657328586396969006747302948406424168846830324177 0 0 0 0 0 0 0 0 0 0 0 0 0 0 0 0 0 0 0 0 0 0 0 0 0 0 0 0 0 0 0 0 0 0 0 0 0 0 0 0 0 0 0 0 0 0 0 0 0 0 1 0 0 0 0 0 0 0 0 0 0 0 0 0 0 0 0 0 0 0 0 0 0 0 0 0 0 0 0 0 0 0 0 0 0 0 0 0 0 0 0 0 0 0 0 0 0 0 0 0 0]
[4138006013675661663458199396873579846901827210816522333662172094278026148340387431664872016420417340846065148447213402428797111542436974659190001387455333164238670189338058535142961583263656408479950284841753033034842582226328437912714806710021491549109911831244086035432952423003394418334124867952082147715 0 0 0 0 0 0 0 0 0 0 0 0 0 0 0 0 0 0 0 0 0 0 0 0 0 0 0 0 0 0 0 0 0 0 0 0 0 0 0 0 0 0 0 0 0 0 0 0 0 0 0 1 0 0 0 0 0 0 0 0 0 0 0 0 0 0 0 0 0 0 0 0 0 0 0 0 0 0 0 0 0 0 0 0 0 0 0 0 0 0 0 0 0 0 0 0 0 0 0 0 0]
[5495339996459569113004628793116182417923967646504767825248826996643571512102206552955211106995024286080305936375444734225033216773110034837821553797618498954541004763884905430984025971261242253315482483787850883757057200175508546320365041296176124995506622526324157069311582343677024666893353183772555704544 0 0 0 0 0 0 0 0 0 0 0 0 0 0 0 0 0 0 0 0 0 0 0 0 0 0 0 0 0 0 0 0 0 0 0 0 0 0 0 0 0 0 0 0 0 0 0 0 0 0 0 0 1 0 0 0 0 0 0 0 0 0 0 0 0 0 0 0 0 0 0 0 0 0 0 0 0 0 0 0 0 0 0 0 0 0 0 0 0 0 0 0 0 0 0 0 0 0 0 0 0]
[4551800462444911319058859363499166038030590288343740181407210919743569305303611674301068674452240941014028859804049480878356508321810808934186031105050817045800459974326240243359442880673056339656059780310435922540229675488373767798868333681257826183312330970004312945447322439790214811288303653609361631928 0 0 0 0 0 0 0 0 0 0 0 0 0 0 0 0 0 0 0 0 0 0 0 0 0 0 0 0 0 0 0 0 0 0 0 0 0 0 0 0 0 0 0 0 0 0 0 0 0 0 0 0 0 1 0 0 0 0 0 0 0 0 0 0 0 0 0 0 0 0 0 0 0 0 0 0 0 0 0 0 0 0 0 0 0 0 0 0 0 0 0 0 0 0 0 0 0 0 0 0 0]
[7440751506532567020812781608200141798413079827223292121426786670183664945362783837852817583900243129856666125370105449803975407714684870551871214617664217073027134321022625048779095465160915660151518122054189027686821339506430653420481939761051847388421889225751194486260830438254135590373314011436101271507 0 0 0 0 0 0 0 0 0 0 0 0 0 0 0 0 0 0 0 0 0 0 0 0 0 0 0 0 0 0 0 0 0 0 0 0 0 0 0 0 0 0 0 0 0 0 0 0 0 0 0 0 0 0 1 0 0 0 0 0 0 0 0 0 0 0 0 0 0 0 0 0 0 0 0 0 0 0 0 0 0 0 0 0 0 0 0 0 0 0 0 0 0 0 0 0 0 0 0 0 0]
[1729480009538184598459222265879666967800427228530225952168034261552482631143356939382094985376482697235788174090460823036682021625839839104481665476190032918606750659019755957689460198796462870845010460130707426264039718600698430658685644200725911545426654117238141306962974689374604566739273333428353886993 0 0 0 0 0 0 0 0 0 0 0 0 0 0 0 0 0 0 0 0 0 0 0 0 0 0 0 0 0 0 0 0 0 0 0 0 0 0 0 0 0 0 0 0 0 0 0 0 0 0 0 0 0 0 0 1 0 0 0 0 0 0 0 0 0 0 0 0 0 0 0 0 0 0 0 0 0 0 0 0 0 0 0 0 0 0 0 0 0 0 0 0 0 0 0 0 0 0 0 0 0]
[2133843779060806191612817279817608918295195362492622488156104867752645500420485515760573770016343126418353003807893210334860252555785436209058120192917027496565750251081342061084101451149071872701785415955719601999700307902441036084740482683983279293794410133802885626196365735240372977449895980136159791957 0 0 0 0 0 0 0 0 0 0 0 0 0 0 0 0 0 0 0 0 0 0 0 0 0 0 0 0 0 0 0 0 0 0 0 0 0 0 0 0 0 0 0 0 0 0 0 0 0 0 0 0 0 0 0 0 1 0 0 0 0 0 0 0 0 0 0 0 0 0 0 0 0 0 0 0 0 0 0 0 0 0 0 0 0 0 0 0 0 0 0 0 0 0 0 0 0 0 0 0 0]
[8242391514774796084593117947837328181639037972375113828376880854688317277071380745938039017313229804427033366899341338938222143395975903346184096757854786687724162591532305934765542071002740481844278177637608539269634680246449388029809676039931338959696087582613455628768605242324825146030362595430828146085 0 0 0 0 0 0 0 0 0 0 0 0 0 0 0 0 0 0 0 0 0 0 0 0 0 0 0 0 0 0 0 0 0 0 0 0 0 0 0 0 0 0 0 0 0 0 0 0 0 0 0 0 0 0 0 0 0 1 0 0 0 0 0 0 0 0 0 0 0 0 0 0 0 0 0 0 0 0 0 0 0 0 0 0 0 0 0 0 0 0 0 0 0 0 0 0 0 0 0 0 0]
[6770320789242698075067549256916904690232779466406350630587565657477208548932579751129263473745666460014415675419111556452210335022673058453556942100316217308519869199548460055418425300530102330319552684754527804833993812944330905790483228351841899833393188397461622508618379691405673071095094326303726214448 0 0 0 0 0 0 0 0 0 0 0 0 0 0 0 0 0 0 0 0 0 0 0 0 0 0 0 0 0 0 0 0 0 0 0 0 0 0 0 0 0 0 0 0 0 0 0 0 0 0 0 0 0 0 0 0 0 0 1 0 0 0 0 0 0 0 0 0 0 0 0 0 0 0 0 0 0 0 0 0 0 0 0 0 0 0 0 0 0 0 0 0 0 0 0 0 0 0 0 0 0]
[7551527761498761411635092259135180865694917368220187548572956080444352681068996612736039776915549130266322738156519221755206927510619637297171423599067067204684001590793249069679328271453751571654958078455306594049054977540038924269186046578345368983383997766419619973612565354399054755070005218463731864113 0 0 0 0 0 0 0 0 0 0 0 0 0 0 0 0 0 0 0 0 0 0 0 0 0 0 0 0 0 0 0 0 0 0 0 0 0 0 0 0 0 0 0 0 0 0 0 0 0 0 0 0 0 0 0 0 0 0 0 1 0 0 0 0 0 0 0 0 0 0 0 0 0 0 0 0 0 0 0 0 0 0 0 0 0 0 0 0 0 0 0 0 0 0 0 0 0 0 0 0 0]
[3012224404453935063268612195625292775933364779406175019177685437252907604698285358002814032125010115315237427283445317592876034967879348016740240996905713681441275654294642251498569860397881482758570944293593152665998013055712711234293317449360299507063364975603825138882209706123946990466268048546820253865 0 0 0 0 0 0 0 0 0 0 0 0 0 0 0 0 0 0 0 0 0 0 0 0 0 0 0 0 0 0 0 0 0 0 0 0 0 0 0 0 0 0 0 0 0 0 0 0 0 0 0 0 0 0 0 0 0 0 0 0 1 0 0 0 0 0 0 0 0 0 0 0 0 0 0 0 0 0 0 0 0 0 0 0 0 0 0 0 0 0 0 0 0 0 0 0 0 0 0 0 0]
[3904500196058606501425992831615400071331328384015768367191851110421229693211748252178947346732623777239442076980179985213566143451222372847809690752449402546716249448104500224116754249486650676131470117287580802690199643997505597139683169691299288057777731570940079408000547424134959587368227756143929143962 0 0 0 0 0 0 0 0 0 0 0 0 0 0 0 0 0 0 0 0 0 0 0 0 0 0 0 0 0 0 0 0 0 0 0 0 0 0 0 0 0 0 0 0 0 0 0 0 0 0 0 0 0 0 0 0 0 0 0 0 0 1 0 0 0 0 0 0 0 0 0 0 0 0 0 0 0 0 0 0 0 0 0 0 0 0 0 0 0 0 0 0 0 0 0 0 0 0 0 0 0]
[4114692344674295037077588994296718237246848480676152994225595189357546855390621667768986043307171362050786339356043520286337280631677156342408433899774661004640630038566176203747447566873142974459970189460048696191681436117156563270738189561460443626298864080729494453943874082164824407186467121974205042807 0 0 0 0 0 0 0 0 0 0 0 0 0 0 0 0 0 0 0 0 0 0 0 0 0 0 0 0 0 0 0 0 0 0 0 0 0 0 0 0 0 0 0 0 0 0 0 0 0 0 0 0 0 0 0 0 0 0 0 0 0 0 1 0 0 0 0 0 0 0 0 0 0 0 0 0 0 0 0 0 0 0 0 0 0 0 0 0 0 0 0 0 0 0 0 0 0 0 0 0 0]
[3989210272693030449381705095625522494550383052824022332115504480748074679591736559798459700961935927701021221961058688933960905942355870276174077243807330741442281006689196231766154415579958601872748750316919930621428546779092596536663018464943093965256927840627139515435117110185304334174478858333964028701 0 0 0 0 0 0 0 0 0 0 0 0 0 0 0 0 0 0 0 0 0 0 0 0 0 0 0 0 0 0 0 0 0 0 0 0 0 0 0 0 0 0 0 0 0 0 0 0 0 0 0 0 0 0 0 0 0 0 0 0 0 0 0 1 0 0 0 0 0 0 0 0 0 0 0 0 0 0 0 0 0 0 0 0 0 0 0 0 0 0 0 0 0 0 0 0 0 0 0 0 0]
[4242933455849834990651377547600131806751647531340822824238691382392554057862017489547024111715814375403880235470274385070192278727722519110024308273816895693058918774264101658975417893486086728054842945880223417198360735586395148737007771669435739117599359430692219783137221665307670312022633740426416092325 0 0 0 0 0 0 0 0 0 0 0 0 0 0 0 0 0 0 0 0 0 0 0 0 0 0 0 0 0 0 0 0 0 0 0 0 0 0 0 0 0 0 0 0 0 0 0 0 0 0 0 0 0 0 0 0 0 0 0 0 0 0 0 0 1 0 0 0 0 0 0 0 0 0 0 0 0 0 0 0 0 0 0 0 0 0 0 0 0 0 0 0 0 0 0 0 0 0 0 0 0]
[2815721107457142100576478445088403997812341441960212812252638299497468164851531393736258908778185169545593429697761027272937555723440565173244548695171933811891506593335152898272246668333106338119890207451838182771505762159951244840974256868928369463768767443617263981012900343871355186226464729086410356521 0 0 0 0 0 0 0 0 0 0 0 0 0 0 0 0 0 0 0 0 0 0 0 0 0 0 0 0 0 0 0 0 0 0 0 0 0 0 0 0 0 0 0 0 0 0 0 0 0 0 0 0 0 0 0 0 0 0 0 0 0 0 0 0 0 1 0 0 0 0 0 0 0 0 0 0 0 0 0 0 0 0 0 0 0 0 0 0 0 0 0 0 0 0 0 0 0 0 0 0 0]
[5500439656427806608083345690266158104980188967152158686012807923801082386088356812450076535737911263572763455723446671333291708134640011417408359502026696659964493850220203642169771662318879132684954814547354889937845719006896967916225341179410696705711427018681555072229227547836853430792856582066193190958 0 0 0 0 0 0 0 0 0 0 0 0 0 0 0 0 0 0 0 0 0 0 0 0 0 0 0 0 0 0 0 0 0 0 0 0 0 0 0 0 0 0 0 0 0 0 0 0 0 0 0 0 0 0 0 0 0 0 0 0 0 0 0 0 0 0 1 0 0 0 0 0 0 0 0 0 0 0 0 0 0 0 0 0 0 0 0 0 0 0 0 0 0 0 0 0 0 0 0 0 0]
[7600066988054368554463574719263538894100451897420182146020039375413169371325692398076293014749151889692029851012414892729751169306132694431535385253883591469169857858371961711844112495820766561260283421295341897996030671559195018955747150316872045933531091170323441175735514581292151624697983513100364988192 0 0 0 0 0 0 0 0 0 0 0 0 0 0 0 0 0 0 0 0 0 0 0 0 0 0 0 0 0 0 0 0 0 0 0 0 0 0 0 0 0 0 0 0 0 0 0 0 0 0 0 0 0 0 0 0 0 0 0 0 0 0 0 0 0 0 0 1 0 0 0 0 0 0 0 0 0 0 0 0 0 0 0 0 0 0 0 0 0 0 0 0 0 0 0 0 0 0 0 0 0]
[7361111405947203020989895968268211102264125752469739426646470867600914857796988128779756823051790956286217660988017519316966041742444632925282460247392652901212196121170495050339156922205868543840110759100810298930881056381708231356538670408421661319365468488447189870521110840588801143404463732809995260183 0 0 0 0 0 0 0 0 0 0 0 0 0 0 0 0 0 0 0 0 0 0 0 0 0 0 0 0 0 0 0 0 0 0 0 0 0 0 0 0 0 0 0 0 0 0 0 0 0 0 0 0 0 0 0 0 0 0 0 0 0 0 0 0 0 0 0 0 1 0 0 0 0 0 0 0 0 0 0 0 0 0 0 0 0 0 0 0 0 0 0 0 0 0 0 0 0 0 0 0 0]
[4310582592702993572734053844062737550184761399766818332252159611243269127495298092901809780363172200404657032413094207013171931108989543015781156519075772505565117646571325111524999058209387236549984369214898226346155902368994048542013559899038836620638383548739345001185478469900593225855530441693127645710 0 0 0 0 0 0 0 0 0 0 0 0 0 0 0 0 0 0 0 0 0 0 0 0 0 0 0 0 0 0 0 0 0 0 0 0 0 0 0 0 0 0 0 0 0 0 0 0 0 0 0 0 0 0 0 0 0 0 0 0 0 0 0 0 0 0 0 0 0 1 0 0 0 0 0 0 0 0 0 0 0 0 0 0 0 0 0 0 0 0 0 0 0 0 0 0 0 0 0 0 0]
[2633365464700101465036902529623008818021537569152840962060975358852279559675837228553695774518438745399909978192666211035806000440312852507624194498560532055659524273031249147415351703629418616956452964076450890680184532007547178639950227068652589620082076593889281429126657928597029803860583080497587343113 0 0 0 0 0 0 0 0 0 0 0 0 0 0 0 0 0 0 0 0 0 0 0 0 0 0 0 0 0 0 0 0 0 0 0 0 0 0 0 0 0 0 0 0 0 0 0 0 0 0 0 0 0 0 0 0 0 0 0 0 0 0 0 0 0 0 0 0 0 0 1 0 0 0 0 0 0 0 0 0 0 0 0 0 0 0 0 0 0 0 0 0 0 0 0 0 0 0 0 0 0]
[8122133893890187416178606131893552158969956885207327778740279655322452966829438913245865948055499960524075796191187710295263749130670245469028298593895312055877984295588049517599062106366283616163818766045429963175945627042239026750361993526255841314283201246858162633370777011495340827847859736356290242506 0 0 0 0 0 0 0 0 0 0 0 0 0 0 0 0 0 0 0 0 0 0 0 0 0 0 0 0 0 0 0 0 0 0 0 0 0 0 0 0 0 0 0 0 0 0 0 0 0 0 0 0 0 0 0 0 0 0 0 0 0 0 0 0 0 0 0 0 0 0 0 1 0 0 0 0 0 0 0 0 0 0 0 0 0 0 0 0 0 0 0 0 0 0 0 0 0 0 0 0 0]
[6236716278858236574345998014199737027995792484184636691773088779619042535549317682007663554320042807691614128757920312267396038814703537875045817404607522052963536811169294343896654771583406213004840871821273451447996993440864078689520834306379372107389581758015699380048600610683983014386017456458527483599 0 0 0 0 0 0 0 0 0 0 0 0 0 0 0 0 0 0 0 0 0 0 0 0 0 0 0 0 0 0 0 0 0 0 0 0 0 0 0 0 0 0 0 0 0 0 0 0 0 0 0 0 0 0 0 0 0 0 0 0 0 0 0 0 0 0 0 0 0 0 0 0 1 0 0 0 0 0 0 0 0 0 0 0 0 0 0 0 0 0 0 0 0 0 0 0 0 0 0 0 0]
[3800691198060052359670568473925085489992682021637665889296082244957403347129514276479104090979291093156105923466429371990762582653111983249718015120393085527241140585948211507491022978868609816902881065107469793215017147609405722371463053161401187920659445763759593679742929545303790530364730368287607275054 0 0 0 0 0 0 0 0 0 0 0 0 0 0 0 0 0 0 0 0 0 0 0 0 0 0 0 0 0 0 0 0 0 0 0 0 0 0 0 0 0 0 0 0 0 0 0 0 0 0 0 0 0 0 0 0 0 0 0 0 0 0 0 0 0 0 0 0 0 0 0 0 0 1 0 0 0 0 0 0 0 0 0 0 0 0 0 0 0 0 0 0 0 0 0 0 0 0 0 0 0]
[5458948427619640427675791695822915534100566581865769887472548024064934913089997942243761081940481352909766357612720388378336277402649566569797538997868658768169944369227628719587767052041976592859142943439019872779558986495098195318810664870128267917361787824521293682899984551207991197624249524626794858861 0 0 0 0 0 0 0 0 0 0 0 0 0 0 0 0 0 0 0 0 0 0 0 0 0 0 0 0 0 0 0 0 0 0 0 0 0 0 0 0 0 0 0 0 0 0 0 0 0 0 0 0 0 0 0 0 0 0 0 0 0 0 0 0 0 0 0 0 0 0 0 0 0 0 1 0 0 0 0 0 0 0 0 0 0 0 0 0 0 0 0 0 0 0 0 0 0 0 0 0 0]
[1429176845259992586807671820251114928380500344255167808377146659576558508563889159836378215946928747354738280945354550252497328649162846951502001210071313942891709884026835093127588874945929122798611082634080147137154152222592164039415468077446336956188860162374042682658861235411921617293457408946832587355 0 0 0 0 0 0 0 0 0 0 0 0 0 0 0 0 0 0 0 0 0 0 0 0 0 0 0 0 0 0 0 0 0 0 0 0 0 0 0 0 0 0 0 0 0 0 0 0 0 0 0 0 0 0 0 0 0 0 0 0 0 0 0 0 0 0 0 0 0 0 0 0 0 0 0 1 0 0 0 0 0 0 0 0 0 0 0 0 0 0 0 0 0 0 0 0 0 0 0 0 0]
[5157033018097376868661938172471238300553205301214097937753405256094005633705189466481162207005254060709004405305157767186458225517836967531816777121958570306964119331625880687349960929780022789278386513116340744197085762947521942468487571374412517693914625853079457234852895639668674904166106761260672765740 0 0 0 0 0 0 0 0 0 0 0 0 0 0 0 0 0 0 0 0 0 0 0 0 0 0 0 0 0 0 0 0 0 0 0 0 0 0 0 0 0 0 0 0 0 0 0 0 0 0 0 0 0 0 0 0 0 0 0 0 0 0 0 0 0 0 0 0 0 0 0 0 0 0 0 0 1 0 0 0 0 0 0 0 0 0 0 0 0 0 0 0 0 0 0 0 0 0 0 0 0]
[3408427222476759408678728317390328494265725621643074879418393793200171848471139011275976050442655058893357241420380598462842047895862831289988052041863439269110950686354947908538864282179608627306259542664154917799604697005843349125458890932046975506210987105929849236429945485336637262184535353459939374084 0 0 0 0 0 0 0 0 0 0 0 0 0 0 0 0 0 0 0 0 0 0 0 0 0 0 0 0 0 0 0 0 0 0 0 0 0 0 0 0 0 0 0 0 0 0 0 0 0 0 0 0 0 0 0 0 0 0 0 0 0 0 0 0 0 0 0 0 0 0 0 0 0 0 0 0 0 1 0 0 0 0 0 0 0 0 0 0 0 0 0 0 0 0 0 0 0 0 0 0 0]
[5285008446251974270296579566185057497364605612673610107386837631788902357603185338630062831007137875925890981521179187747290852473544957959561265263524147648820918587298050381183956589954735372818429560127740286600261407255033439780434116768396129211831248531536769181185151361741035851447255020177482852597 0 0 0 0 0 0 0 0 0 0 0 0 0 0 0 0 0 0 0 0 0 0 0 0 0 0 0 0 0 0 0 0 0 0 0 0 0 0 0 0 0 0 0 0 0 0 0 0 0 0 0 0 0 0 0 0 0 0 0 0 0 0 0 0 0 0 0 0 0 0 0 0 0 0 0 0 0 0 1 0 0 0 0 0 0 0 0 0 0 0 0 0 0 0 0 0 0 0 0 0 0]
[5430450657460907680541969213058771943923648762349311408597354576106014029446931531401786075283439662942770268786880790710167202638907494031634271039052270772321300042217000953138434471395917244551556723522840796502031633459852413498313831424368783650561488372535413145666575884112634517102401376077249995625 0 0 0 0 0 0 0 0 0 0 0 0 0 0 0 0 0 0 0 0 0 0 0 0 0 0 0 0 0 0 0 0 0 0 0 0 0 0 0 0 0 0 0 0 0 0 0 0 0 0 0 0 0 0 0 0 0 0 0 0 0 0 0 0 0 0 0 0 0 0 0 0 0 0 0 0 0 0 0 1 0 0 0 0 0 0 0 0 0 0 0 0 0 0 0 0 0 0 0 0 0]
[2191309756616010183060971325729469609186150815118915611824897172592959133965845947100979277622558640637325913077710534633031308106050307393211723707562156807649929324954180855011697794952401081565171000837229683713852874366462500321566297543460027035977264186797287492248402101715402653026609336538540221013 0 0 0 0 0 0 0 0 0 0 0 0 0 0 0 0 0 0 0 0 0 0 0 0 0 0 0 0 0 0 0 0 0 0 0 0 0 0 0 0 0 0 0 0 0 0 0 0 0 0 0 0 0 0 0 0 0 0 0 0 0 0 0 0 0 0 0 0 0 0 0 0 0 0 0 0 0 0 0 0 1 0 0 0 0 0 0 0 0 0 0 0 0 0 0 0 0 0 0 0 0]
[1757179361688225817701801626741649482573109218778309823076896034757742811441197575952144289734405268159027401288495150030671990754696029898083097044015111422674739947580322765458740823604611404429625314536563066321576722026254941134674448201122400334307199284107698333000962751804406536057592349657087597099 0 0 0 0 0 0 0 0 0 0 0 0 0 0 0 0 0 0 0 0 0 0 0 0 0 0 0 0 0 0 0 0 0 0 0 0 0 0 0 0 0 0 0 0 0 0 0 0 0 0 0 0 0 0 0 0 0 0 0 0 0 0 0 0 0 0 0 0 0 0 0 0 0 0 0 0 0 0 0 0 0 1 0 0 0 0 0 0 0 0 0 0 0 0 0 0 0 0 0 0 0]
[7731125101574214181649703757908081409048335469684757171554124656839728070958086878601478613238953988914556074945390151809739740543262960457439561856263834936180450476911210401571680954900291723909536289981407153488841262438573503885314278252928344565923334130536721627792399045695375738474192853884483220189 0 0 0 0 0 0 0 0 0 0 0 0 0 0 0 0 0 0 0 0 0 0 0 0 0 0 0 0 0 0 0 0 0 0 0 0 0 0 0 0 0 0 0 0 0 0 0 0 0 0 0 0 0 0 0 0 0 0 0 0 0 0 0 0 0 0 0 0 0 0 0 0 0 0 0 0 0 0 0 0 0 0 1 0 0 0 0 0 0 0 0 0 0 0 0 0 0 0 0 0 0]
[8382853660682447502378079404770305200734493412678315247467795057562538649238126409227766628419583140692999550484515653449121358228029051725296459926874312668072783615220669577349567885224525356940440659788962045018784753282708833661920183065773553130782137001886319679704269903700589074971320194719070353240 0 0 0 0 0 0 0 0 0 0 0 0 0 0 0 0 0 0 0 0 0 0 0 0 0 0 0 0 0 0 0 0 0 0 0 0 0 0 0 0 0 0 0 0 0 0 0 0 0 0 0 0 0 0 0 0 0 0 0 0 0 0 0 0 0 0 0 0 0 0 0 0 0 0 0 0 0 0 0 0 0 0 0 1 0 0 0 0 0 0 0 0 0 0 0 0 0 0 0 0 0]
[7436512273417235754877706414702843967150724738752858055118006181779785489867028901267851348998557832967207326161106121979989433536347495180004453464792185093946444227608547550387866604267224667270805054796380427368755259048437628604047518068660734431957600886299140711406173016063124866361240742180666676156 0 0 0 0 0 0 0 0 0 0 0 0 0 0 0 0 0 0 0 0 0 0 0 0 0 0 0 0 0 0 0 0 0 0 0 0 0 0 0 0 0 0 0 0 0 0 0 0 0 0 0 0 0 0 0 0 0 0 0 0 0 0 0 0 0 0 0 0 0 0 0 0 0 0 0 0 0 0 0 0 0 0 0 0 1 0 0 0 0 0 0 0 0 0 0 0 0 0 0 0 0]
[2606462415118121808719395191163669421829056719934186952669900621811820786484520432063343723454464377619148712474359721683544009656546503278040047214480270004598646140591383466560049608680975741106087448173252859623148626392176272964462432381877509698138731133099508657878560893800904184875148906646506463732 0 0 0 0 0 0 0 0 0 0 0 0 0 0 0 0 0 0 0 0 0 0 0 0 0 0 0 0 0 0 0 0 0 0 0 0 0 0 0 0 0 0 0 0 0 0 0 0 0 0 0 0 0 0 0 0 0 0 0 0 0 0 0 0 0 0 0 0 0 0 0 0 0 0 0 0 0 0 0 0 0 0 0 0 0 1 0 0 0 0 0 0 0 0 0 0 0 0 0 0 0]
[6814827357462606203006394119593504965004203688220540706897244337979998336018343883894256565698136602166955568104197406764805047934587577680341094277899001317063654370917243223545183727667610942836385317863428475792198955511146595655333813248681588261819954683052310698127743956579652462347888685010668649255 0 0 0 0 0 0 0 0 0 0 0 0 0 0 0 0 0 0 0 0 0 0 0 0 0 0 0 0 0 0 0 0 0 0 0 0 0 0 0 0 0 0 0 0 0 0 0 0 0 0 0 0 0 0 0 0 0 0 0 0 0 0 0 0 0 0 0 0 0 0 0 0 0 0 0 0 0 0 0 0 0 0 0 0 0 0 1 0 0 0 0 0 0 0 0 0 0 0 0 0 0]
[5174214770938904668464815684167858922956052545079317606621971415171224873756378902944518517081802081303927870912745872573913298141524051372119087082619092608140728426234207621031597063850903788048061030110472528070079357661063222115664792991676476108980571501687220559982358870874198678276933335262189961084 0 0 0 0 0 0 0 0 0 0 0 0 0 0 0 0 0 0 0 0 0 0 0 0 0 0 0 0 0 0 0 0 0 0 0 0 0 0 0 0 0 0 0 0 0 0 0 0 0 0 0 0 0 0 0 0 0 0 0 0 0 0 0 0 0 0 0 0 0 0 0 0 0 0 0 0 0 0 0 0 0 0 0 0 0 0 0 1 0 0 0 0 0 0 0 0 0 0 0 0 0]
[278334108147142728752601432515189671083211863029897274437265796851055600596053217821159576057886663789558288968114371541351363564967378084930230215211716728493775552315171831477540364216302906751713068440825018746818861857533332896607540331103125838081114525430270000485505367903304026797306031337914834847 0 0 0 0 0 0 0 0 0 0 0 0 0 0 0 0 0 0 0 0 0 0 0 0 0 0 0 0 0 0 0 0 0 0 0 0 0 0 0 0 0 0 0 0 0 0 0 0 0 0 0 0 0 0 0 0 0 0 0 0 0 0 0 0 0 0 0 0 0 0 0 0 0 0 0 0 0 0 0 0 0 0 0 0 0 0 0 0 1 0 0 0 0 0 0 0 0 0 0 0 0]
[3632741403856554988858506347677030145761575975331298791251263419670483427512944483115919252091679176990785189921235843431077223317370032806092952472902408905384873698644733516703121638333950221049076504352236911649746558302881981447013297815791923260557890415714866830878075152682135371004960087963778589207 0 0 0 0 0 0 0 0 0 0 0 0 0 0 0 0 0 0 0 0 0 0 0 0 0 0 0 0 0 0 0 0 0 0 0 0 0 0 0 0 0 0 0 0 0 0 0 0 0 0 0 0 0 0 0 0 0 0 0 0 0 0 0 0 0 0 0 0 0 0 0 0 0 0 0 0 0 0 0 0 0 0 0 0 0 0 0 0 0 1 0 0 0 0 0 0 0 0 0 0 0]
[1624678885949363940327960193837120519021229509477751520280441823624755197530301347924557323119180204346468253198253452399225200890707022927267144609902801786428363314294762144309072846260531465959529730148846172925159562412524839063359562847008699969795638952559369436361896822690023319757891115720380384122 0 0 0 0 0 0 0 0 0 0 0 0 0 0 0 0 0 0 0 0 0 0 0 0 0 0 0 0 0 0 0 0 0 0 0 0 0 0 0 0 0 0 0 0 0 0 0 0 0 0 0 0 0 0 0 0 0 0 0 0 0 0 0 0 0 0 0 0 0 0 0 0 0 0 0 0 0 0 0 0 0 0 0 0 0 0 0 0 0 0 1 0 0 0 0 0 0 0 0 0 0]
[7348742801366204719695898888299227555594340534474484204042283588105713103201716519570871386759453858804146788336964736855251964277746347627242071569689249874647557032873021222754877996541237639737813298052706282588456853709360794241988429936558552870031539485863917273280726064948282891139253511525113894502 0 0 0 0 0 0 0 0 0 0 0 0 0 0 0 0 0 0 0 0 0 0 0 0 0 0 0 0 0 0 0 0 0 0 0 0 0 0 0 0 0 0 0 0 0 0 0 0 0 0 0 0 0 0 0 0 0 0 0 0 0 0 0 0 0 0 0 0 0 0 0 0 0 0 0 0 0 0 0 0 0 0 0 0 0 0 0 0 0 0 0 1 0 0 0 0 0 0 0 0 0]
[6139697582448068071673419022391854834623262411026016530705825588338353224646440973325318297003158124412187344173538832382741247731192457263547252590326025102579213384703044260643527089532027738268871482805386976101083409852591789781036961755659185554677977229967011167663095408704358018753300970354211075457 0 0 0 0 0 0 0 0 0 0 0 0 0 0 0 0 0 0 0 0 0 0 0 0 0 0 0 0 0 0 0 0 0 0 0 0 0 0 0 0 0 0 0 0 0 0 0 0 0 0 0 0 0 0 0 0 0 0 0 0 0 0 0 0 0 0 0 0 0 0 0 0 0 0 0 0 0 0 0 0 0 0 0 0 0 0 0 0 0 0 0 0 1 0 0 0 0 0 0 0 0]
[2019510519153538018884678142079378168319565955304902684659633191303716884670661851077144205616799936638996456655482458251433963515334355121791282488737693306453697522228657450028985143681808880990974196607717979272330040596844148442269605867811433532452948636608393673608379416176730125818350064481307482652 0 0 0 0 0 0 0 0 0 0 0 0 0 0 0 0 0 0 0 0 0 0 0 0 0 0 0 0 0 0 0 0 0 0 0 0 0 0 0 0 0 0 0 0 0 0 0 0 0 0 0 0 0 0 0 0 0 0 0 0 0 0 0 0 0 0 0 0 0 0 0 0 0 0 0 0 0 0 0 0 0 0 0 0 0 0 0 0 0 0 0 0 0 1 0 0 0 0 0 0 0]
[4325510370561149245062336075247526795977686901934871517512366621753337268294751526654218742684947037405467693701119921517607758442557104969862781882702331303110191905204088179550345782675203693307996897329727864237180652680425707096052611880955432367463174905724165963145728907613212704499389409296463817349 0 0 0 0 0 0 0 0 0 0 0 0 0 0 0 0 0 0 0 0 0 0 0 0 0 0 0 0 0 0 0 0 0 0 0 0 0 0 0 0 0 0 0 0 0 0 0 0 0 0 0 0 0 0 0 0 0 0 0 0 0 0 0 0 0 0 0 0 0 0 0 0 0 0 0 0 0 0 0 0 0 0 0 0 0 0 0 0 0 0 0 0 0 0 1 0 0 0 0 0 0]
[4112847330617500245202500712314342521796391736551410178797572161649869239918009490228589049752033076608588259412692123946889306030359219070919327057006527332973951532450511236344215964740037899326242111036811685766923621664031933243082047606667080399997996846227442926881171649496946008253796729980056582815 0 0 0 0 0 0 0 0 0 0 0 0 0 0 0 0 0 0 0 0 0 0 0 0 0 0 0 0 0 0 0 0 0 0 0 0 0 0 0 0 0 0 0 0 0 0 0 0 0 0 0 0 0 0 0 0 0 0 0 0 0 0 0 0 0 0 0 0 0 0 0 0 0 0 0 0 0 0 0 0 0 0 0 0 0 0 0 0 0 0 0 0 0 0 0 1 0 0 0 0 0]
[7155627803916653041703823456540895472846983230021602155919767952758765216588400287100682579480218863247690228067866412244498866355624319791634061723730555657127325141788881234361461228930108241601584656736418513135391390153859058493297712505206591581460546446934416320860276663729664341119877352914152905304 0 0 0 0 0 0 0 0 0 0 0 0 0 0 0 0 0 0 0 0 0 0 0 0 0 0 0 0 0 0 0 0 0 0 0 0 0 0 0 0 0 0 0 0 0 0 0 0 0 0 0 0 0 0 0 0 0 0 0 0 0 0 0 0 0 0 0 0 0 0 0 0 0 0 0 0 0 0 0 0 0 0 0 0 0 0 0 0 0 0 0 0 0 0 0 0 1 0 0 0 0]
[4191643905638894746361794430330246877692841209413786885053407993829500609011333347646097900716252319124018871639527500099041949898729146791690464194392493545016933030504096426027887933283831171770623297983149762235807860998750619590451089118313381652406903012871520371822818969813304685741782486757354716606 0 0 0 0 0 0 0 0 0 0 0 0 0 0 0 0 0 0 0 0 0 0 0 0 0 0 0 0 0 0 0 0 0 0 0 0 0 0 0 0 0 0 0 0 0 0 0 0 0 0 0 0 0 0 0 0 0 0 0 0 0 0 0 0 0 0 0 0 0 0 0 0 0 0 0 0 0 0 0 0 0 0 0 0 0 0 0 0 0 0 0 0 0 0 0 0 0 1 0 0 0]
[5366089315217536615832720090732520204489435965243555173823844247726087968782824145858249963618600424307755936074892949890828443407084825480389027017688376919036214004060153778330576819256002839335589712727739005589824707752042779498645001984720408445789428652373882760247450876538612443884472906138974992963 0 0 0 0 0 0 0 0 0 0 0 0 0 0 0 0 0 0 0 0 0 0 0 0 0 0 0 0 0 0 0 0 0 0 0 0 0 0 0 0 0 0 0 0 0 0 0 0 0 0 0 0 0 0 0 0 0 0 0 0 0 0 0 0 0 0 0 0 0 0 0 0 0 0 0 0 0 0 0 0 0 0 0 0 0 0 0 0 0 0 0 0 0 0 0 0 0 0 1 0 0]
[1797658702479983465111519028243395966145244781006714238299127928689334923010449149787380683796286997509768682248663723227005537089214541362967222244951818781698825215302718571891264537826326640389419494545199229587029817966545872217088566242508550229782727187746749137130303107994043454805366502697924746055 0 0 0 0 0 0 0 0 0 0 0 0 0 0 0 0 0 0 0 0 0 0 0 0 0 0 0 0 0 0 0 0 0 0 0 0 0 0 0 0 0 0 0 0 0 0 0 0 0 0 0 0 0 0 0 0 0 0 0 0 0 0 0 0 0 0 0 0 0 0 0 0 0 0 0 0 0 0 0 0 0 0 0 0 0 0 0 0 0 0 0 0 0 0 0 0 0 0 0 1 0]
[3693955031651413315164876712309406563662429808368310392456457064504418662658008212360155578153055945186611449306474445087439057876589593953715784335193686491031952313599036128220006557193098863732797525534662506280576972551370282469772951665124555759188567541452867563318896353287876181571122163996808546514 0 0 0 0 0 0 0 0 0 0 0 0 0 0 0 0 0 0 0 0 0 0 0 0 0 0 0 0 0 0 0 0 0 0 0 0 0 0 0 0 0 0 0 0 0 0 0 0 0 0 0 0 0 0 0 0 0 0 0 0 0 0 0 0 0 0 0 0 0 0 0 0 0 0 0 0 0 0 0 0 0 0 0 0 0 0 0 0 0 0 0 0 0 0 0 0 0 0 0 0 1]
]
