[[6220270861988106389219046650090112264378112620840340167346662264651108671549503118938425404913161388764615276999348985660485440088517492451255978527519772758462865214288255706304976183353228011629605760229651113144353434694842514810489058997828493422620790985161861420146677721128231 0 0 0 0 0 0 0 0 0 0 0 0 0 0 0 0 0 0 0 0 0 0 0 0 0 0 0 0 0 0 0 0 0 0 0 0 0 0 0 0 0 0 0 0 0 0 0 0 0 0 0 0 0 0 0 0 0 0 0 0 0 0 0 0 0 0 0 0 0 0 0 0 0 0 0 0 0 0 0 0 0 0 0 0 0 0 0 0 0 0 0 0 0]
[5934239022462610458817084294145070958464941309139791810928590423017191518957062732991403969616931459902080493797824485950159687185855268595913471080608426354105585360953611794975068362757105333715344291729094487596820928587543973419822122901502309912998229152057770697266931476669423 1 0 0 0 0 0 0 0 0 0 0 0 0 0 0 0 0 0 0 0 0 0 0 0 0 0 0 0 0 0 0 0 0 0 0 0 0 0 0 0 0 0 0 0 0 0 0 0 0 0 0 0 0 0 0 0 0 0 0 0 0 0 0 0 0 0 0 0 0 0 0 0 0 0 0 0 0 0 0 0 0 0 0 0 0 0 0 0 0 0 0 0 0]
[2838998697406639346489767060347234621947714203056039991166883377168833121102451030335475007125318319400493267740944163133321432883139997389594160930511904059990965960796997399574536810426579199700222595372957817594969267123202037157506041998607475665472037907779417996149984870025928 0 1 0 0 0 0 0 0 0 0 0 0 0 0 0 0 0 0 0 0 0 0 0 0 0 0 0 0 0 0 0 0 0 0 0 0 0 0 0 0 0 0 0 0 0 0 0 0 0 0 0 0 0 0 0 0 0 0 0 0 0 0 0 0 0 0 0 0 0 0 0 0 0 0 0 0 0 0 0 0 0 0 0 0 0 0 0 0 0 0 0 0 0]
[902506311825018675310863298623912054385928123562361867259563762681331136157505371630423299222535557010798778137253236130750798967335520042383250563329187024089670330840061357425697029836674239027518628132155649128697396562189503757217997390210087305047553905601619179092371128598070 0 0 1 0 0 0 0 0 0 0 0 0 0 0 0 0 0 0 0 0 0 0 0 0 0 0 0 0 0 0 0 0 0 0 0 0 0 0 0 0 0 0 0 0 0 0 0 0 0 0 0 0 0 0 0 0 0 0 0 0 0 0 0 0 0 0 0 0 0 0 0 0 0 0 0 0 0 0 0 0 0 0 0 0 0 0 0 0 0 0 0 0 0]
[1081493572550261276454215855623955672374042007060690686211694212907256026154229689521419907002866990673725470307602572302239862976909227441133206268980173986301214706390982398843609701337211884635736300596566604294896686806555511692940984344068479328051745039626971529016078571922494 0 0 0 1 0 0 0 0 0 0 0 0 0 0 0 0 0 0 0 0 0 0 0 0 0 0 0 0 0 0 0 0 0 0 0 0 0 0 0 0 0 0 0 0 0 0 0 0 0 0 0 0 0 0 0 0 0 0 0 0 0 0 0 0 0 0 0 0 0 0 0 0 0 0 0 0 0 0 0 0 0 0 0 0 0 0 0 0 0 0 0 0 0]
[510389827520893297301023498502850990513561958043331061962881978303469393861308172306439773076431926474292121343649681521963943406824133931612041132291616040214732466692242476814871188684382423741351041906969861512690213970444519709669867767878315435773706290152457868197809349825307 0 0 0 0 1 0 0 0 0 0 0 0 0 0 0 0 0 0 0 0 0 0 0 0 0 0 0 0 0 0 0 0 0 0 0 0 0 0 0 0 0 0 0 0 0 0 0 0 0 0 0 0 0 0 0 0 0 0 0 0 0 0 0 0 0 0 0 0 0 0 0 0 0 0 0 0 0 0 0 0 0 0 0 0 0 0 0 0 0 0 0 0 0]
[5114681662198045479476208005595517970806902316854254647907221788337022068759388416213070164770417682021971108129616271980199052656824460288546783316397515149073007674532448187018238938611970460607685499468488896842919832629850527983392864555407904698221283678921627910973672368345239 0 0 0 0 0 1 0 0 0 0 0 0 0 0 0 0 0 0 0 0 0 0 0 0 0 0 0 0 0 0 0 0 0 0 0 0 0 0 0 0 0 0 0 0 0 0 0 0 0 0 0 0 0 0 0 0 0 0 0 0 0 0 0 0 0 0 0 0 0 0 0 0 0 0 0 0 0 0 0 0 0 0 0 0 0 0 0 0 0 0 0 0 0]
[3491345136409570331011515803479909060637728197061166814425112275004675184399102811861878685627295963313179339983550551402886320819572513044284641472430026954742903215837568918565261203761816474686078190885092856686768788563716961419203899948475066638116991228481053152487516954003121 0 0 0 0 0 0 1 0 0 0 0 0 0 0 0 0 0 0 0 0 0 0 0 0 0 0 0 0 0 0 0 0 0 0 0 0 0 0 0 0 0 0 0 0 0 0 0 0 0 0 0 0 0 0 0 0 0 0 0 0 0 0 0 0 0 0 0 0 0 0 0 0 0 0 0 0 0 0 0 0 0 0 0 0 0 0 0 0 0 0 0 0 0]
[474942325259795876504611981064468503996734987184020813596903235710584356230342232723867119869130864461847587252825616606231477449309668599364798542073611025641780552889718597240524753978178260950149526097091287435996894300138414207377926482212973590661517044485065505137222786945710 0 0 0 0 0 0 0 1 0 0 0 0 0 0 0 0 0 0 0 0 0 0 0 0 0 0 0 0 0 0 0 0 0 0 0 0 0 0 0 0 0 0 0 0 0 0 0 0 0 0 0 0 0 0 0 0 0 0 0 0 0 0 0 0 0 0 0 0 0 0 0 0 0 0 0 0 0 0 0 0 0 0 0 0 0 0 0 0 0 0 0 0 0]
[1818993236167171896750312471452444938592003242074680357308574254419766156197366230454094443584243864517553979664170859159389596744231886937208867914496332537210402804057932975938151768421639685831820824765471847030180251340884764901188425222929220269881769153798866281432522224308611 0 0 0 0 0 0 0 0 1 0 0 0 0 0 0 0 0 0 0 0 0 0 0 0 0 0 0 0 0 0 0 0 0 0 0 0 0 0 0 0 0 0 0 0 0 0 0 0 0 0 0 0 0 0 0 0 0 0 0 0 0 0 0 0 0 0 0 0 0 0 0 0 0 0 0 0 0 0 0 0 0 0 0 0 0 0 0 0 0 0 0 0 0]
[3146553431775006888033523099167032469009764945067737498601851994527554845733452776679509899049906880428861018073416876614008577478624898878471514179693221775289041622570702174737135018083005298371045835735488182246045704522971718971543483910370517804657720954178238855316030446174369 0 0 0 0 0 0 0 0 0 1 0 0 0 0 0 0 0 0 0 0 0 0 0 0 0 0 0 0 0 0 0 0 0 0 0 0 0 0 0 0 0 0 0 0 0 0 0 0 0 0 0 0 0 0 0 0 0 0 0 0 0 0 0 0 0 0 0 0 0 0 0 0 0 0 0 0 0 0 0 0 0 0 0 0 0 0 0 0 0 0 0 0 0]
[519174340594740102973565545837529584488669595149225232763041073871875989148704371591076708423495926580133342370479793734697689346136564944870462275623229605644821860212416739645266233667157869168770470936365810049087824806631783312031258500883983951372852501634311517305150655487756 0 0 0 0 0 0 0 0 0 0 1 0 0 0 0 0 0 0 0 0 0 0 0 0 0 0 0 0 0 0 0 0 0 0 0 0 0 0 0 0 0 0 0 0 0 0 0 0 0 0 0 0 0 0 0 0 0 0 0 0 0 0 0 0 0 0 0 0 0 0 0 0 0 0 0 0 0 0 0 0 0 0 0 0 0 0 0 0 0 0 0 0 0]
[3760184271332702976833914904552883118102361128732129311161829112327043963804951019795680779179337762371696953049958200557865459818136021188431503130083109780267815571273684204752354213568189449415253785684446277790270101264503329449434403125486006819868984362696208620608731736422207 0 0 0 0 0 0 0 0 0 0 0 1 0 0 0 0 0 0 0 0 0 0 0 0 0 0 0 0 0 0 0 0 0 0 0 0 0 0 0 0 0 0 0 0 0 0 0 0 0 0 0 0 0 0 0 0 0 0 0 0 0 0 0 0 0 0 0 0 0 0 0 0 0 0 0 0 0 0 0 0 0 0 0 0 0 0 0 0 0 0 0 0 0]
[4173910350888476951619564794639562358707059628180491323918553904424733978887103269316220688186275855485553194376215579591620148302368199720425488592311948257108751455541877441127984942913128328798021104804088756472326844261028395517014399959531096888182322015596822748371178398621119 0 0 0 0 0 0 0 0 0 0 0 0 1 0 0 0 0 0 0 0 0 0 0 0 0 0 0 0 0 0 0 0 0 0 0 0 0 0 0 0 0 0 0 0 0 0 0 0 0 0 0 0 0 0 0 0 0 0 0 0 0 0 0 0 0 0 0 0 0 0 0 0 0 0 0 0 0 0 0 0 0 0 0 0 0 0 0 0 0 0 0 0 0]
[4579451546062206956114114832742567673004261637669913789877788361601789774145757311011405562115117959710570866560145222163358909191860101430605260614560655783756772681858183156039671153247958885179352037518169608779663784841244054455084690036102795289075163675454665949199912024176016 0 0 0 0 0 0 0 0 0 0 0 0 0 1 0 0 0 0 0 0 0 0 0 0 0 0 0 0 0 0 0 0 0 0 0 0 0 0 0 0 0 0 0 0 0 0 0 0 0 0 0 0 0 0 0 0 0 0 0 0 0 0 0 0 0 0 0 0 0 0 0 0 0 0 0 0 0 0 0 0 0 0 0 0 0 0 0 0 0 0 0 0 0]
[642620054361247967540531802139299334426799309458086132710526387464852991927796928882123593284256298802034129192077331943008266249302057383966261843757567935938099822453052956731142137953550533927231653455156397187221320809481530191369398857040125261905062239890278341175743534537496 0 0 0 0 0 0 0 0 0 0 0 0 0 0 1 0 0 0 0 0 0 0 0 0 0 0 0 0 0 0 0 0 0 0 0 0 0 0 0 0 0 0 0 0 0 0 0 0 0 0 0 0 0 0 0 0 0 0 0 0 0 0 0 0 0 0 0 0 0 0 0 0 0 0 0 0 0 0 0 0 0 0 0 0 0 0 0 0 0 0 0 0 0]
[3786881511452806492736547550987991759995214506527491802528870115921666429338732920728127963166545724828919223071072001620614435091550517567183870286556939183072561511030768052281106103664270033236249747959004841414949756714320410638551878831499949333688935253324708036991298416610186 0 0 0 0 0 0 0 0 0 0 0 0 0 0 0 1 0 0 0 0 0 0 0 0 0 0 0 0 0 0 0 0 0 0 0 0 0 0 0 0 0 0 0 0 0 0 0 0 0 0 0 0 0 0 0 0 0 0 0 0 0 0 0 0 0 0 0 0 0 0 0 0 0 0 0 0 0 0 0 0 0 0 0 0 0 0 0 0 0 0 0 0 0]
[669724338987358610248456561623604021546005065264412468707985194218743468970434770475838625567216391191343760891140640365811927309508196987475653226181853488618117928730590205587660201409642729445485727875183148033602975846259494232745399738132014881876943523096104361780283098661443 0 0 0 0 0 0 0 0 0 0 0 0 0 0 0 0 1 0 0 0 0 0 0 0 0 0 0 0 0 0 0 0 0 0 0 0 0 0 0 0 0 0 0 0 0 0 0 0 0 0 0 0 0 0 0 0 0 0 0 0 0 0 0 0 0 0 0 0 0 0 0 0 0 0 0 0 0 0 0 0 0 0 0 0 0 0 0 0 0 0 0 0 0]
[5069920316978295705707105152588210137408393816814513111821365346002992987683440550163966454448014723189301130106445414564576487449571664326474546858588172555974516215746561592575421238884227532884885526212335940684361377716409291832532305786745758231859070402622214833335030105268111 0 0 0 0 0 0 0 0 0 0 0 0 0 0 0 0 0 1 0 0 0 0 0 0 0 0 0 0 0 0 0 0 0 0 0 0 0 0 0 0 0 0 0 0 0 0 0 0 0 0 0 0 0 0 0 0 0 0 0 0 0 0 0 0 0 0 0 0 0 0 0 0 0 0 0 0 0 0 0 0 0 0 0 0 0 0 0 0 0 0 0 0 0]
[1260736598540490680904584313165357071909875180817687699540988431331203586664343079620288483985286838852388756130822244742244570003802613645583023082540315364780477351989917989496700637705921583269112037237741839500946955681685687516312257559500979023567021480195127371495754111633503 0 0 0 0 0 0 0 0 0 0 0 0 0 0 0 0 0 0 1 0 0 0 0 0 0 0 0 0 0 0 0 0 0 0 0 0 0 0 0 0 0 0 0 0 0 0 0 0 0 0 0 0 0 0 0 0 0 0 0 0 0 0 0 0 0 0 0 0 0 0 0 0 0 0 0 0 0 0 0 0 0 0 0 0 0 0 0 0 0 0 0 0 0]
[5332812368706491105132894738397071546992963964386697000129863119203483398123346251821639295011798798554817900349875929901304168268988510400680439707880900978261060542523277326809398920837934012028598742299888196307959488600927036386308922219928448706390940694308689172113722433513737 0 0 0 0 0 0 0 0 0 0 0 0 0 0 0 0 0 0 0 1 0 0 0 0 0 0 0 0 0 0 0 0 0 0 0 0 0 0 0 0 0 0 0 0 0 0 0 0 0 0 0 0 0 0 0 0 0 0 0 0 0 0 0 0 0 0 0 0 0 0 0 0 0 0 0 0 0 0 0 0 0 0 0 0 0 0 0 0 0 0 0 0 0]
[3564170258475877219112013654606513414148902796577960655473340709364225347361310226748446326710190656485093635383296895345928565354996853411260062479019929299326384579098419601974488810304971349218278542929384691135368120641027954445807194983843395336780183077523830804480751058512788 0 0 0 0 0 0 0 0 0 0 0 0 0 0 0 0 0 0 0 0 1 0 0 0 0 0 0 0 0 0 0 0 0 0 0 0 0 0 0 0 0 0 0 0 0 0 0 0 0 0 0 0 0 0 0 0 0 0 0 0 0 0 0 0 0 0 0 0 0 0 0 0 0 0 0 0 0 0 0 0 0 0 0 0 0 0 0 0 0 0 0 0 0]
[5362094355502829893330908212536051831290780781229468062778971912640020917716962414170020733403575221293253724147023478005470607056038912376210869723695279808780930044341029617325403016867333786392031199041640603739301404401754152711991979271176272469481510501817599326229863421735696 0 0 0 0 0 0 0 0 0 0 0 0 0 0 0 0 0 0 0 0 0 1 0 0 0 0 0 0 0 0 0 0 0 0 0 0 0 0 0 0 0 0 0 0 0 0 0 0 0 0 0 0 0 0 0 0 0 0 0 0 0 0 0 0 0 0 0 0 0 0 0 0 0 0 0 0 0 0 0 0 0 0 0 0 0 0 0 0 0 0 0 0 0]
[2906120256109160213430432092563399862551459067168131617464567849990104812930868309100337858661426178586730462984048591240165341050482927422211312099795123638255211540903356344481755203845106260662386098420344127171453336569857255960104883053771771065311155007066538948808596625852781 0 0 0 0 0 0 0 0 0 0 0 0 0 0 0 0 0 0 0 0 0 0 1 0 0 0 0 0 0 0 0 0 0 0 0 0 0 0 0 0 0 0 0 0 0 0 0 0 0 0 0 0 0 0 0 0 0 0 0 0 0 0 0 0 0 0 0 0 0 0 0 0 0 0 0 0 0 0 0 0 0 0 0 0 0 0 0 0 0 0 0 0 0]
[2020165069868303676686762470373962416523105230332395544163462146263353983528433081367118961075343034984915537372867182189131576922605457744807825622054046154008428514196385454217466058531692668640463783298926067904018235949137473836630091214977362711418781288598772779275269799648253 0 0 0 0 0 0 0 0 0 0 0 0 0 0 0 0 0 0 0 0 0 0 0 1 0 0 0 0 0 0 0 0 0 0 0 0 0 0 0 0 0 0 0 0 0 0 0 0 0 0 0 0 0 0 0 0 0 0 0 0 0 0 0 0 0 0 0 0 0 0 0 0 0 0 0 0 0 0 0 0 0 0 0 0 0 0 0 0 0 0 0 0 0]
[311057063933461458978461149428129384838973574846677247138323601127879596967891220916897877243418645890091731909629038476198956584346466057580792460578324560122820173289523092129465978552591048770653593350313765491444373262233030794399804449071404706734067126420727547268591486824237 0 0 0 0 0 0 0 0 0 0 0 0 0 0 0 0 0 0 0 0 0 0 0 0 1 0 0 0 0 0 0 0 0 0 0 0 0 0 0 0 0 0 0 0 0 0 0 0 0 0 0 0 0 0 0 0 0 0 0 0 0 0 0 0 0 0 0 0 0 0 0 0 0 0 0 0 0 0 0 0 0 0 0 0 0 0 0 0 0 0 0 0 0]
[4898413470319312213797142225176056044988180197902375004506348874461439000133198532091791799540931649247547129249099477377112528312949890068748785330611894929318949286686318838790235217753699871023966089237823853847307795174562612719423726419311468617938130167959625380363881733006073 0 0 0 0 0 0 0 0 0 0 0 0 0 0 0 0 0 0 0 0 0 0 0 0 0 1 0 0 0 0 0 0 0 0 0 0 0 0 0 0 0 0 0 0 0 0 0 0 0 0 0 0 0 0 0 0 0 0 0 0 0 0 0 0 0 0 0 0 0 0 0 0 0 0 0 0 0 0 0 0 0 0 0 0 0 0 0 0 0 0 0 0 0]
[1920307836848800768211566463095004671713707573036441294801248232243480043205650933460684787780711198106648895299016697689465079901490677768543064735671910414641193467197137334386799646282636494650328306548872387754557814885456092060368808852627061274640951578243751068097616799465623 0 0 0 0 0 0 0 0 0 0 0 0 0 0 0 0 0 0 0 0 0 0 0 0 0 0 1 0 0 0 0 0 0 0 0 0 0 0 0 0 0 0 0 0 0 0 0 0 0 0 0 0 0 0 0 0 0 0 0 0 0 0 0 0 0 0 0 0 0 0 0 0 0 0 0 0 0 0 0 0 0 0 0 0 0 0 0 0 0 0 0 0 0]
[4444782302230474738173045903428350980543050967318068537613307207132584348185117675333618655915119370568416952512019399238883310299945409751815529233726809617895202500414579310786055147480972003841228672182676889846905086087574863028740358211470528304971652758629286361448739352986582 0 0 0 0 0 0 0 0 0 0 0 0 0 0 0 0 0 0 0 0 0 0 0 0 0 0 0 1 0 0 0 0 0 0 0 0 0 0 0 0 0 0 0 0 0 0 0 0 0 0 0 0 0 0 0 0 0 0 0 0 0 0 0 0 0 0 0 0 0 0 0 0 0 0 0 0 0 0 0 0 0 0 0 0 0 0 0 0 0 0 0 0 0]
[4497057852409756975843950569352228537565530428035967918634457807439329317220738176858646097827593654263917022386363151379107055353743740687610302108104143100597548032571441602602540989731932745033971827985847074772986932289004412143055429684619712974514091700198187435288386438748060 0 0 0 0 0 0 0 0 0 0 0 0 0 0 0 0 0 0 0 0 0 0 0 0 0 0 0 0 1 0 0 0 0 0 0 0 0 0 0 0 0 0 0 0 0 0 0 0 0 0 0 0 0 0 0 0 0 0 0 0 0 0 0 0 0 0 0 0 0 0 0 0 0 0 0 0 0 0 0 0 0 0 0 0 0 0 0 0 0 0 0 0 0]
[5297196763465998223710904536915762003444702953815035768998237491409876895760579866165948023999004804673046262250638464623345477403057822491628541538579808755299022279802435746451385798358524214242412528479470223429422251303874732084208687320315343251734018531604061050182012278712182 0 0 0 0 0 0 0 0 0 0 0 0 0 0 0 0 0 0 0 0 0 0 0 0 0 0 0 0 0 1 0 0 0 0 0 0 0 0 0 0 0 0 0 0 0 0 0 0 0 0 0 0 0 0 0 0 0 0 0 0 0 0 0 0 0 0 0 0 0 0 0 0 0 0 0 0 0 0 0 0 0 0 0 0 0 0 0 0 0 0 0 0 0]
[3284819001497774237431773278299296007736940361845504273718761761979743446641418637121343840077481529315376651182539766896343553275125147544756892740468981410777975900186408506241679627919864409433517717129519377026038071625104154939986699612217250033886980314603975432747375150094590 0 0 0 0 0 0 0 0 0 0 0 0 0 0 0 0 0 0 0 0 0 0 0 0 0 0 0 0 0 0 1 0 0 0 0 0 0 0 0 0 0 0 0 0 0 0 0 0 0 0 0 0 0 0 0 0 0 0 0 0 0 0 0 0 0 0 0 0 0 0 0 0 0 0 0 0 0 0 0 0 0 0 0 0 0 0 0 0 0 0 0 0 0]
[6098332167079243588928086266931539919477812395795515858990705447050876481976236571765971502236273154159232834627426971175681762576775886624395461518157314131850734465545502602892946074090425238249995590678460159630076768101557640716470019372631149779194827057241822239932637124843824 0 0 0 0 0 0 0 0 0 0 0 0 0 0 0 0 0 0 0 0 0 0 0 0 0 0 0 0 0 0 0 1 0 0 0 0 0 0 0 0 0 0 0 0 0 0 0 0 0 0 0 0 0 0 0 0 0 0 0 0 0 0 0 0 0 0 0 0 0 0 0 0 0 0 0 0 0 0 0 0 0 0 0 0 0 0 0 0 0 0 0 0 0]
[4285456429107160220043643628367243728036289892776050616933843179295527306391137724393222870011105411808214517493805174299926149088834656295824264468845941209014749606125084815402479731438681898086146841149795172375651341192383513915507497642504508697919708340396909717069325569182546 0 0 0 0 0 0 0 0 0 0 0 0 0 0 0 0 0 0 0 0 0 0 0 0 0 0 0 0 0 0 0 0 1 0 0 0 0 0 0 0 0 0 0 0 0 0 0 0 0 0 0 0 0 0 0 0 0 0 0 0 0 0 0 0 0 0 0 0 0 0 0 0 0 0 0 0 0 0 0 0 0 0 0 0 0 0 0 0 0 0 0 0 0]
[5176022609913325828045339371356176364853047830797960855382127764189204099913690581114249392662255161964075456488919919113276607864541705014554806128148287726863796443558417058592240356533962497793849721040632628051551695674632443459485228024597544763414920642672800430108597196682984 0 0 0 0 0 0 0 0 0 0 0 0 0 0 0 0 0 0 0 0 0 0 0 0 0 0 0 0 0 0 0 0 0 1 0 0 0 0 0 0 0 0 0 0 0 0 0 0 0 0 0 0 0 0 0 0 0 0 0 0 0 0 0 0 0 0 0 0 0 0 0 0 0 0 0 0 0 0 0 0 0 0 0 0 0 0 0 0 0 0 0 0 0]
[3213217997086931722708630844654149752489317633407505146833973796096890214459808255617058215737219425570655422004368007412877577622142907820429188612599358408967027026924569513946282247735669916210381760408208813735908597856495107484129556886325463220619738190984066905485632055445057 0 0 0 0 0 0 0 0 0 0 0 0 0 0 0 0 0 0 0 0 0 0 0 0 0 0 0 0 0 0 0 0 0 0 1 0 0 0 0 0 0 0 0 0 0 0 0 0 0 0 0 0 0 0 0 0 0 0 0 0 0 0 0 0 0 0 0 0 0 0 0 0 0 0 0 0 0 0 0 0 0 0 0 0 0 0 0 0 0 0 0 0 0]
[1363094788283224266394044074123392646510662545463817004833913735635857075738189373839319481109942821653115816687038232776225540451142186873020827997093545436770117693101688326398026479365759898147329326143450269756099079911079204102054534691450466718277701241613597239969855898384493 0 0 0 0 0 0 0 0 0 0 0 0 0 0 0 0 0 0 0 0 0 0 0 0 0 0 0 0 0 0 0 0 0 0 0 1 0 0 0 0 0 0 0 0 0 0 0 0 0 0 0 0 0 0 0 0 0 0 0 0 0 0 0 0 0 0 0 0 0 0 0 0 0 0 0 0 0 0 0 0 0 0 0 0 0 0 0 0 0 0 0 0 0]
[2797443594724525973688083700010233697230806987523010670459669020160944592129387697918964016334915361613649269914108061470488158114383442832987539482192350708462696473437860167017575040909793274556511328240873043542445086055288909494783244225766225174490920011363336015507396243189304 0 0 0 0 0 0 0 0 0 0 0 0 0 0 0 0 0 0 0 0 0 0 0 0 0 0 0 0 0 0 0 0 0 0 0 0 1 0 0 0 0 0 0 0 0 0 0 0 0 0 0 0 0 0 0 0 0 0 0 0 0 0 0 0 0 0 0 0 0 0 0 0 0 0 0 0 0 0 0 0 0 0 0 0 0 0 0 0 0 0 0 0 0]
[2932538075690028959793258619028429609809220111208727544919471094545681345200822471402647941237779147479237714689430292995602696849953629308353521965523468332787871364725077779751153672255126568603367545014380421637096104476490372775477086010013749780465747521430970320521436385765091 0 0 0 0 0 0 0 0 0 0 0 0 0 0 0 0 0 0 0 0 0 0 0 0 0 0 0 0 0 0 0 0 0 0 0 0 0 1 0 0 0 0 0 0 0 0 0 0 0 0 0 0 0 0 0 0 0 0 0 0 0 0 0 0 0 0 0 0 0 0 0 0 0 0 0 0 0 0 0 0 0 0 0 0 0 0 0 0 0 0 0 0 0]
[5793397455885348574552991180902336077514131685878812675217965096442147744041389026236743253751967329883583527903161276051607294362386184229864115444929127921095735711566435126639025038465304304522195727166786574441116930754366166851836632966544241887384852869775436283297985852022738 0 0 0 0 0 0 0 0 0 0 0 0 0 0 0 0 0 0 0 0 0 0 0 0 0 0 0 0 0 0 0 0 0 0 0 0 0 0 1 0 0 0 0 0 0 0 0 0 0 0 0 0 0 0 0 0 0 0 0 0 0 0 0 0 0 0 0 0 0 0 0 0 0 0 0 0 0 0 0 0 0 0 0 0 0 0 0 0 0 0 0 0 0]
[2924575816969530001720370326309605067270006935838060088905992132846049126859461560287398285397154790445571566629501841106794721757673599024677669660709967079429246598867126487948187936969271066840802814376983044576971691330736531911245486947726726904616291914638852674204909414888228 0 0 0 0 0 0 0 0 0 0 0 0 0 0 0 0 0 0 0 0 0 0 0 0 0 0 0 0 0 0 0 0 0 0 0 0 0 0 0 1 0 0 0 0 0 0 0 0 0 0 0 0 0 0 0 0 0 0 0 0 0 0 0 0 0 0 0 0 0 0 0 0 0 0 0 0 0 0 0 0 0 0 0 0 0 0 0 0 0 0 0 0 0]
[5182376301309370211313794911098682737848106914004930942137699996443289309749028659615121098503219287643780530594738760014329009986123961431439570259299293476975524596088779119797273571148981840451974546425287696079583660364372092301014662263107564061856033491830218638165846856437353 0 0 0 0 0 0 0 0 0 0 0 0 0 0 0 0 0 0 0 0 0 0 0 0 0 0 0 0 0 0 0 0 0 0 0 0 0 0 0 0 1 0 0 0 0 0 0 0 0 0 0 0 0 0 0 0 0 0 0 0 0 0 0 0 0 0 0 0 0 0 0 0 0 0 0 0 0 0 0 0 0 0 0 0 0 0 0 0 0 0 0 0 0]
[1828994136772867242883277293171552616834141792638778872178480810426615786706339938496826095699916149403280679328819288147420620635522177930423528358474786123150137629515429465112880564292267161088901240982994850979578559483410585045380396409029160774912220556845890055326612125051757 0 0 0 0 0 0 0 0 0 0 0 0 0 0 0 0 0 0 0 0 0 0 0 0 0 0 0 0 0 0 0 0 0 0 0 0 0 0 0 0 0 1 0 0 0 0 0 0 0 0 0 0 0 0 0 0 0 0 0 0 0 0 0 0 0 0 0 0 0 0 0 0 0 0 0 0 0 0 0 0 0 0 0 0 0 0 0 0 0 0 0 0 0]
[4567133530243905590419178401824912615196266661624580158998798257739013242730174978738390143352046841497323282780214104781832488608097514772335816697801244184908891109235718484528195134901701966518591484419004539768484339987899055673741270025997175456310780188806471167714280329923679 0 0 0 0 0 0 0 0 0 0 0 0 0 0 0 0 0 0 0 0 0 0 0 0 0 0 0 0 0 0 0 0 0 0 0 0 0 0 0 0 0 0 1 0 0 0 0 0 0 0 0 0 0 0 0 0 0 0 0 0 0 0 0 0 0 0 0 0 0 0 0 0 0 0 0 0 0 0 0 0 0 0 0 0 0 0 0 0 0 0 0 0 0]
[1903187958466994299184531104784539572636141294654824677163820648564774615081892218297227168992339555181159443526371721882787758133521895950447267940069560062196527870395901239322005247211392139432492078526995099728547497948329194662587728725253734597592192155342004549388215152535533 0 0 0 0 0 0 0 0 0 0 0 0 0 0 0 0 0 0 0 0 0 0 0 0 0 0 0 0 0 0 0 0 0 0 0 0 0 0 0 0 0 0 0 1 0 0 0 0 0 0 0 0 0 0 0 0 0 0 0 0 0 0 0 0 0 0 0 0 0 0 0 0 0 0 0 0 0 0 0 0 0 0 0 0 0 0 0 0 0 0 0 0 0]
[432430381637646412457919763470804506985052690471259225598299485941249339765707292727131635996766287895894593965373954771935309433415915118032822259016990631977509600848707959932309558871963967759947920835920291635235149645842979870263445180742889296281490057972607395753232990623614 0 0 0 0 0 0 0 0 0 0 0 0 0 0 0 0 0 0 0 0 0 0 0 0 0 0 0 0 0 0 0 0 0 0 0 0 0 0 0 0 0 0 0 0 1 0 0 0 0 0 0 0 0 0 0 0 0 0 0 0 0 0 0 0 0 0 0 0 0 0 0 0 0 0 0 0 0 0 0 0 0 0 0 0 0 0 0 0 0 0 0 0 0]
[2597037084836376179999572704723091457608751127187810921882232383449255622655017311410733306284760870990147971396369277747325746140340650860733066946996201830472032197074439978951487067069737237915979429370476012473131398836897899895694399682351545661910917727399707498017743386940278 0 0 0 0 0 0 0 0 0 0 0 0 0 0 0 0 0 0 0 0 0 0 0 0 0 0 0 0 0 0 0 0 0 0 0 0 0 0 0 0 0 0 0 0 0 1 0 0 0 0 0 0 0 0 0 0 0 0 0 0 0 0 0 0 0 0 0 0 0 0 0 0 0 0 0 0 0 0 0 0 0 0 0 0 0 0 0 0 0 0 0 0 0]
[186261284571767109275041455479096203794925967831932351292207850884906956831452450606949622743409145881370231037858755047589829060628976337964489581910080737982090136233290230874224297994679612625130595283829735480470846936257999035737320753732310662543934291848664118743850743164707 0 0 0 0 0 0 0 0 0 0 0 0 0 0 0 0 0 0 0 0 0 0 0 0 0 0 0 0 0 0 0 0 0 0 0 0 0 0 0 0 0 0 0 0 0 0 1 0 0 0 0 0 0 0 0 0 0 0 0 0 0 0 0 0 0 0 0 0 0 0 0 0 0 0 0 0 0 0 0 0 0 0 0 0 0 0 0 0 0 0 0 0 0]
[1889597252223324535349083836629929571585309325809094565294395026679475282656573748814475012844164396842433496721735638084533628032159991817576934486942225601025520185172290138170504055255524017196508277570254729117588510956979420190122007095421947966072853295021932351913604379022372 0 0 0 0 0 0 0 0 0 0 0 0 0 0 0 0 0 0 0 0 0 0 0 0 0 0 0 0 0 0 0 0 0 0 0 0 0 0 0 0 0 0 0 0 0 0 0 1 0 0 0 0 0 0 0 0 0 0 0 0 0 0 0 0 0 0 0 0 0 0 0 0 0 0 0 0 0 0 0 0 0 0 0 0 0 0 0 0 0 0 0 0 0]
[5243853016642609231998255967110202833143698299112932828955291225988185085763842696525321218599775781412943597921426492990661303476169755797290406486061624476570711215824011491055146811849191763044983088523070164906980752190498265869080169956675984714680331204480389309287679781302538 0 0 0 0 0 0 0 0 0 0 0 0 0 0 0 0 0 0 0 0 0 0 0 0 0 0 0 0 0 0 0 0 0 0 0 0 0 0 0 0 0 0 0 0 0 0 0 0 1 0 0 0 0 0 0 0 0 0 0 0 0 0 0 0 0 0 0 0 0 0 0 0 0 0 0 0 0 0 0 0 0 0 0 0 0 0 0 0 0 0 0 0 0]
[852146422949177196884477240866984484296286655279685979217705431466461949508026486236272108436517921818784433180462648090801789444603715888628329310014773200076103951226136959682818978493288519429748519147506097614083976785820294603108406766654618683160905326642178351236433019005783 0 0 0 0 0 0 0 0 0 0 0 0 0 0 0 0 0 0 0 0 0 0 0 0 0 0 0 0 0 0 0 0 0 0 0 0 0 0 0 0 0 0 0 0 0 0 0 0 0 1 0 0 0 0 0 0 0 0 0 0 0 0 0 0 0 0 0 0 0 0 0 0 0 0 0 0 0 0 0 0 0 0 0 0 0 0 0 0 0 0 0 0 0]
[5971478668241464734612652640939927589060025316840761616858744013804831391755031787313684238521428055344381081480312034332738186286244295036966578761293682120737176604689802982377074412100601382230790692562924122109230953556516168030907849363743296075214832596238509835252562401211633 0 0 0 0 0 0 0 0 0 0 0 0 0 0 0 0 0 0 0 0 0 0 0 0 0 0 0 0 0 0 0 0 0 0 0 0 0 0 0 0 0 0 0 0 0 0 0 0 0 0 1 0 0 0 0 0 0 0 0 0 0 0 0 0 0 0 0 0 0 0 0 0 0 0 0 0 0 0 0 0 0 0 0 0 0 0 0 0 0 0 0 0 0]
[757713320529153493023210116919239776465677061089423172757607623738615512324683458917065813608511196750525564371772102507611526530511600638468756035817344445182733477518090749477031275963069035610896567773722854071491883905388440945217185740746466720598694647825057900276779803728696 0 0 0 0 0 0 0 0 0 0 0 0 0 0 0 0 0 0 0 0 0 0 0 0 0 0 0 0 0 0 0 0 0 0 0 0 0 0 0 0 0 0 0 0 0 0 0 0 0 0 0 1 0 0 0 0 0 0 0 0 0 0 0 0 0 0 0 0 0 0 0 0 0 0 0 0 0 0 0 0 0 0 0 0 0 0 0 0 0 0 0 0 0]
[1613897656767590442599822024910899078576210140386702222007894034597079381528425751204594368529079334428720177448285538623011457254004612353638340119405926113471027651650078901364531144346069903539825273166620026688812217003652876226064114217489272255520630615704622121019949140802385 0 0 0 0 0 0 0 0 0 0 0 0 0 0 0 0 0 0 0 0 0 0 0 0 0 0 0 0 0 0 0 0 0 0 0 0 0 0 0 0 0 0 0 0 0 0 0 0 0 0 0 0 1 0 0 0 0 0 0 0 0 0 0 0 0 0 0 0 0 0 0 0 0 0 0 0 0 0 0 0 0 0 0 0 0 0 0 0 0 0 0 0 0]
[4599301288075397586063758868398859606402354958359694809536032653157907517172001476807629641529007194704148323887864653992949207779866543608175019261428482301379115659849176123625018537237705004329829511224050269394310135598214236759270906574741281001324380429855352496203071278497563 0 0 0 0 0 0 0 0 0 0 0 0 0 0 0 0 0 0 0 0 0 0 0 0 0 0 0 0 0 0 0 0 0 0 0 0 0 0 0 0 0 0 0 0 0 0 0 0 0 0 0 0 0 1 0 0 0 0 0 0 0 0 0 0 0 0 0 0 0 0 0 0 0 0 0 0 0 0 0 0 0 0 0 0 0 0 0 0 0 0 0 0 0]
[3477242018212657175458773341143081577793717499338238764317516241904738162309590773681580147086981278925935042134606234001351693017112261287266520653913463565292449384212235167119593463022142704898419528783794222483910783895007729477343955493586659664714071095223183356853011925235569 0 0 0 0 0 0 0 0 0 0 0 0 0 0 0 0 0 0 0 0 0 0 0 0 0 0 0 0 0 0 0 0 0 0 0 0 0 0 0 0 0 0 0 0 0 0 0 0 0 0 0 0 0 0 1 0 0 0 0 0 0 0 0 0 0 0 0 0 0 0 0 0 0 0 0 0 0 0 0 0 0 0 0 0 0 0 0 0 0 0 0 0 0]
[3967593225839348806282320148623492989261208555603852205791351174507023274013903309566479710618490430427708423902879775072205019743103985831052781071438212198261351873043376457712673566420415913384962467036185314730652056351834542562192562136808300854643362554397225968253319659963862 0 0 0 0 0 0 0 0 0 0 0 0 0 0 0 0 0 0 0 0 0 0 0 0 0 0 0 0 0 0 0 0 0 0 0 0 0 0 0 0 0 0 0 0 0 0 0 0 0 0 0 0 0 0 0 1 0 0 0 0 0 0 0 0 0 0 0 0 0 0 0 0 0 0 0 0 0 0 0 0 0 0 0 0 0 0 0 0 0 0 0 0 0]
[3309600257258170271509005921191185278924678989275443563545320807657808506875953862578531829178313384976417435419961948347328726397505484777397824275332089060185455367134803890900799398950848700590153073754739051245736533523041199008528134429723248498019047873976132224803132513724475 0 0 0 0 0 0 0 0 0 0 0 0 0 0 0 0 0 0 0 0 0 0 0 0 0 0 0 0 0 0 0 0 0 0 0 0 0 0 0 0 0 0 0 0 0 0 0 0 0 0 0 0 0 0 0 0 1 0 0 0 0 0 0 0 0 0 0 0 0 0 0 0 0 0 0 0 0 0 0 0 0 0 0 0 0 0 0 0 0 0 0 0 0]
[2713994178355288568957628416209234702968461061030885860453806165500865358088261597668353167562322279824457660340042480816579731678501481147516943262009198731239036597769911085360355374211725620910555467293426858877151694821872356953014449803829105281721384391209879991195409906015438 0 0 0 0 0 0 0 0 0 0 0 0 0 0 0 0 0 0 0 0 0 0 0 0 0 0 0 0 0 0 0 0 0 0 0 0 0 0 0 0 0 0 0 0 0 0 0 0 0 0 0 0 0 0 0 0 0 1 0 0 0 0 0 0 0 0 0 0 0 0 0 0 0 0 0 0 0 0 0 0 0 0 0 0 0 0 0 0 0 0 0 0 0]
[2134047364181886393981935720558961764595506200303312670002142056621325883537385313967288958539195082117751915710677693056843927431261404763724913857181876669363794255665748283556622866899540476680825391745568592940677877731441838884708289724991876703904420126879435056897208536437884 0 0 0 0 0 0 0 0 0 0 0 0 0 0 0 0 0 0 0 0 0 0 0 0 0 0 0 0 0 0 0 0 0 0 0 0 0 0 0 0 0 0 0 0 0 0 0 0 0 0 0 0 0 0 0 0 0 0 1 0 0 0 0 0 0 0 0 0 0 0 0 0 0 0 0 0 0 0 0 0 0 0 0 0 0 0 0 0 0 0 0 0 0]
[3626132233558596202953311155347671215743504750968317068750625619333511909488676502102885149536181069588320577895589973801573018106227543657164283478025307924477139556657902722632190309517061050941889645302231170263996826140159367619319048672401202688072335113012172302346592915686211 0 0 0 0 0 0 0 0 0 0 0 0 0 0 0 0 0 0 0 0 0 0 0 0 0 0 0 0 0 0 0 0 0 0 0 0 0 0 0 0 0 0 0 0 0 0 0 0 0 0 0 0 0 0 0 0 0 0 0 1 0 0 0 0 0 0 0 0 0 0 0 0 0 0 0 0 0 0 0 0 0 0 0 0 0 0 0 0 0 0 0 0 0]
[4418260872862252366837284060127422814280658564633155446709830008368865129310424413519709776398476529856485753705252121154295687515467175802266316223765118230939952050630885010716360064251429591223246941524022471731867796767112628382456156808890007341940816531427043464655759340717638 0 0 0 0 0 0 0 0 0 0 0 0 0 0 0 0 0 0 0 0 0 0 0 0 0 0 0 0 0 0 0 0 0 0 0 0 0 0 0 0 0 0 0 0 0 0 0 0 0 0 0 0 0 0 0 0 0 0 0 0 1 0 0 0 0 0 0 0 0 0 0 0 0 0 0 0 0 0 0 0 0 0 0 0 0 0 0 0 0 0 0 0 0]
[4350486064378294392696810465710793838308589641276542757287397927193428998325649837732928983859981373921191396129323606003412472390131257053687375062148937394985280541978033873745892317334829010897961578645123877278984438588552031469516612043230464728528989640896067006279317850700819 0 0 0 0 0 0 0 0 0 0 0 0 0 0 0 0 0 0 0 0 0 0 0 0 0 0 0 0 0 0 0 0 0 0 0 0 0 0 0 0 0 0 0 0 0 0 0 0 0 0 0 0 0 0 0 0 0 0 0 0 0 1 0 0 0 0 0 0 0 0 0 0 0 0 0 0 0 0 0 0 0 0 0 0 0 0 0 0 0 0 0 0 0]
[5825502263084305746116675528341017613769520340045368023779595200753367021504704369932208130684135800337738851310373874813208979307227938093876062361574854872594590040938748923490805363149484734548558185665687474490676838387282086989783824537557350999187931949213208421048378669075596 0 0 0 0 0 0 0 0 0 0 0 0 0 0 0 0 0 0 0 0 0 0 0 0 0 0 0 0 0 0 0 0 0 0 0 0 0 0 0 0 0 0 0 0 0 0 0 0 0 0 0 0 0 0 0 0 0 0 0 0 0 0 1 0 0 0 0 0 0 0 0 0 0 0 0 0 0 0 0 0 0 0 0 0 0 0 0 0 0 0 0 0 0]
[2665447150063990114155912104545298151291379732898426485702220872168386863180767055895923887998452053101820561019107651893733946966689371193932222490792712296023183443242270550787123358297328166226864842216432495097520038738747587659649764103854536056053064019884369737633395904580174 0 0 0 0 0 0 0 0 0 0 0 0 0 0 0 0 0 0 0 0 0 0 0 0 0 0 0 0 0 0 0 0 0 0 0 0 0 0 0 0 0 0 0 0 0 0 0 0 0 0 0 0 0 0 0 0 0 0 0 0 0 0 0 1 0 0 0 0 0 0 0 0 0 0 0 0 0 0 0 0 0 0 0 0 0 0 0 0 0 0 0 0 0]
[2189610142160062587098157704165562368579327601737789461764638185002184061933144267334080508999116802923952798370105617383945824952172059708401315409470480575064428761946568049161554924129068912683028581509262402243790218115502808017112119072351740120809798547156764751494922978139191 0 0 0 0 0 0 0 0 0 0 0 0 0 0 0 0 0 0 0 0 0 0 0 0 0 0 0 0 0 0 0 0 0 0 0 0 0 0 0 0 0 0 0 0 0 0 0 0 0 0 0 0 0 0 0 0 0 0 0 0 0 0 0 0 1 0 0 0 0 0 0 0 0 0 0 0 0 0 0 0 0 0 0 0 0 0 0 0 0 0 0 0 0]
[516028154433327707132095405783931923603358208171790728777932381881460768375665568411184604404450422950357613550036257569041808901557239354414875250127563250822414374733491378673167652122933560915545072476805502723591284247523651750475625720429088638904921119008787708616473611192152 0 0 0 0 0 0 0 0 0 0 0 0 0 0 0 0 0 0 0 0 0 0 0 0 0 0 0 0 0 0 0 0 0 0 0 0 0 0 0 0 0 0 0 0 0 0 0 0 0 0 0 0 0 0 0 0 0 0 0 0 0 0 0 0 0 1 0 0 0 0 0 0 0 0 0 0 0 0 0 0 0 0 0 0 0 0 0 0 0 0 0 0 0]
[626911286421525057054950984923298401723216503800104837609492594286299365432179802888076336284948670711652804823981139548296932664632637093535489125993665716622241673574054799886646898522982546173037620356771478123198393387471796658982603577524326038816563660731668138227117359931706 0 0 0 0 0 0 0 0 0 0 0 0 0 0 0 0 0 0 0 0 0 0 0 0 0 0 0 0 0 0 0 0 0 0 0 0 0 0 0 0 0 0 0 0 0 0 0 0 0 0 0 0 0 0 0 0 0 0 0 0 0 0 0 0 0 0 1 0 0 0 0 0 0 0 0 0 0 0 0 0 0 0 0 0 0 0 0 0 0 0 0 0 0]
[1660637496498355602536700152326547737825419412165531387848583667455625716498491986938408448537697984859026291465211670886323892076737380482461091195565464233738383213744267857127615734464174383081642467093040526223782232897912914513417878522710188072871748669941727765514730949975223 0 0 0 0 0 0 0 0 0 0 0 0 0 0 0 0 0 0 0 0 0 0 0 0 0 0 0 0 0 0 0 0 0 0 0 0 0 0 0 0 0 0 0 0 0 0 0 0 0 0 0 0 0 0 0 0 0 0 0 0 0 0 0 0 0 0 0 1 0 0 0 0 0 0 0 0 0 0 0 0 0 0 0 0 0 0 0 0 0 0 0 0 0]
[4860987612949751949464902675355241449977858588674382868779697662823758824279859340852547317727461748006217227385274859010009652036612429383197774228110819279151414704327007724063846971102494333737101758210025728598418244541957661374016565351284724588314871296688296275244471050259339 0 0 0 0 0 0 0 0 0 0 0 0 0 0 0 0 0 0 0 0 0 0 0 0 0 0 0 0 0 0 0 0 0 0 0 0 0 0 0 0 0 0 0 0 0 0 0 0 0 0 0 0 0 0 0 0 0 0 0 0 0 0 0 0 0 0 0 0 1 0 0 0 0 0 0 0 0 0 0 0 0 0 0 0 0 0 0 0 0 0 0 0 0]
[2785016267668414644601413574449176397005512745699249120763625109676279809926919302933446018536600185029109032762883938876005534681991080421405939876871420215592529094424934489634457822996221808023091502052651474169550488436181427295262086062573374799487676631893660509427202061974588 0 0 0 0 0 0 0 0 0 0 0 0 0 0 0 0 0 0 0 0 0 0 0 0 0 0 0 0 0 0 0 0 0 0 0 0 0 0 0 0 0 0 0 0 0 0 0 0 0 0 0 0 0 0 0 0 0 0 0 0 0 0 0 0 0 0 0 0 0 1 0 0 0 0 0 0 0 0 0 0 0 0 0 0 0 0 0 0 0 0 0 0 0]
[6110573775253309098588044066158210927610869724420498645635195153291783181560078583730320600171019390302532297679614989752138947678753734749032010700493050683793130887458108252858373034806114122318809804743089299321031083509719100246784362265792999131197086914695843423978480052942849 0 0 0 0 0 0 0 0 0 0 0 0 0 0 0 0 0 0 0 0 0 0 0 0 0 0 0 0 0 0 0 0 0 0 0 0 0 0 0 0 0 0 0 0 0 0 0 0 0 0 0 0 0 0 0 0 0 0 0 0 0 0 0 0 0 0 0 0 0 0 1 0 0 0 0 0 0 0 0 0 0 0 0 0 0 0 0 0 0 0 0 0 0]
[412737007349912317219222102743900781571240638530019057503917603585027226626424978046397597120552092943109330924217508161300048906226058184906644202523853333346241778558158911869535843762261816288757630157275298410210785776808280695841229619104594647659141618619805810877068402877763 0 0 0 0 0 0 0 0 0 0 0 0 0 0 0 0 0 0 0 0 0 0 0 0 0 0 0 0 0 0 0 0 0 0 0 0 0 0 0 0 0 0 0 0 0 0 0 0 0 0 0 0 0 0 0 0 0 0 0 0 0 0 0 0 0 0 0 0 0 0 0 1 0 0 0 0 0 0 0 0 0 0 0 0 0 0 0 0 0 0 0 0 0]
[5400707449828251716517994181334867406761658562792608298572390899923298759608024813496583784237890014216280793645320973517755155526874588985668385178147122279328437049286040294738346370944449615702298045674517116997381871581486634821828067034014135509922769403308972659900798626320122 0 0 0 0 0 0 0 0 0 0 0 0 0 0 0 0 0 0 0 0 0 0 0 0 0 0 0 0 0 0 0 0 0 0 0 0 0 0 0 0 0 0 0 0 0 0 0 0 0 0 0 0 0 0 0 0 0 0 0 0 0 0 0 0 0 0 0 0 0 0 0 0 1 0 0 0 0 0 0 0 0 0 0 0 0 0 0 0 0 0 0 0 0]
[5654755152879236029301677434627601506856754367165918963867216609435646954464118474805690410544919561948974675328804102012221484941551071327402978866163733604502895190767497475002337158751419373753678986678475499635026607484720389317377966100586045862771110265091802940695447886233677 0 0 0 0 0 0 0 0 0 0 0 0 0 0 0 0 0 0 0 0 0 0 0 0 0 0 0 0 0 0 0 0 0 0 0 0 0 0 0 0 0 0 0 0 0 0 0 0 0 0 0 0 0 0 0 0 0 0 0 0 0 0 0 0 0 0 0 0 0 0 0 0 0 1 0 0 0 0 0 0 0 0 0 0 0 0 0 0 0 0 0 0 0]
[2844033793209449770956285692891448113215937383772622745842942618649516199495634990038525978207602104542181712785632879840712113373099615957579213688559128551604514361235874800160758480539296219789799082321673119304223326215527665334734503118830385257594068352464482646488983959596921 0 0 0 0 0 0 0 0 0 0 0 0 0 0 0 0 0 0 0 0 0 0 0 0 0 0 0 0 0 0 0 0 0 0 0 0 0 0 0 0 0 0 0 0 0 0 0 0 0 0 0 0 0 0 0 0 0 0 0 0 0 0 0 0 0 0 0 0 0 0 0 0 0 0 1 0 0 0 0 0 0 0 0 0 0 0 0 0 0 0 0 0 0]
[2308896689364716384767340222166633343490470283591275954077899134841548818658488444353085741639493532031327559791521448422904420387792244097120395908004995535413449134881379350226364838957404804371016539924548816059715161000932335166035205187328942789367539643150276628625672934225147 0 0 0 0 0 0 0 0 0 0 0 0 0 0 0 0 0 0 0 0 0 0 0 0 0 0 0 0 0 0 0 0 0 0 0 0 0 0 0 0 0 0 0 0 0 0 0 0 0 0 0 0 0 0 0 0 0 0 0 0 0 0 0 0 0 0 0 0 0 0 0 0 0 0 0 1 0 0 0 0 0 0 0 0 0 0 0 0 0 0 0 0 0]
[4617101256673877913112544192317733500068621051681027104982661070112712199660799840407885567078538372047762641046669251064526020619186482094554066109980498182351457882808843197719123070500161981989430515926168285261230607546657483074072396692082728770937613053762447970210616352510270 0 0 0 0 0 0 0 0 0 0 0 0 0 0 0 0 0 0 0 0 0 0 0 0 0 0 0 0 0 0 0 0 0 0 0 0 0 0 0 0 0 0 0 0 0 0 0 0 0 0 0 0 0 0 0 0 0 0 0 0 0 0 0 0 0 0 0 0 0 0 0 0 0 0 0 0 1 0 0 0 0 0 0 0 0 0 0 0 0 0 0 0 0]
[3483745060065116445189906211743455507545009139295207862934271199996260087351103431398009439730835660534977077326936351150678293314828343139674307506209529148134731583954151900868045681874110674366358634174520583785152918032623893684851042791447242175218643794229186778733517177060470 0 0 0 0 0 0 0 0 0 0 0 0 0 0 0 0 0 0 0 0 0 0 0 0 0 0 0 0 0 0 0 0 0 0 0 0 0 0 0 0 0 0 0 0 0 0 0 0 0 0 0 0 0 0 0 0 0 0 0 0 0 0 0 0 0 0 0 0 0 0 0 0 0 0 0 0 0 1 0 0 0 0 0 0 0 0 0 0 0 0 0 0 0]
[3230802795587595212572361232996700083971596431211707776917090344483969434890271059256193191201638696427393458544087856074801072361163265203536501008031345019893569641474239325799515540364518959997486993196237211407664230840187657670703337462070872711466049561046985029216037875742100 0 0 0 0 0 0 0 0 0 0 0 0 0 0 0 0 0 0 0 0 0 0 0 0 0 0 0 0 0 0 0 0 0 0 0 0 0 0 0 0 0 0 0 0 0 0 0 0 0 0 0 0 0 0 0 0 0 0 0 0 0 0 0 0 0 0 0 0 0 0 0 0 0 0 0 0 0 0 1 0 0 0 0 0 0 0 0 0 0 0 0 0 0]
[1705270149717317841563501679504474028222824152167915536955045207366389711196308393988461491577358644888415474733836770725687102469484900628407960874371744182158283800360380526906640416502261275464604846638748705269740654387263472996785023645266476039422666669645055867599642171822495 0 0 0 0 0 0 0 0 0 0 0 0 0 0 0 0 0 0 0 0 0 0 0 0 0 0 0 0 0 0 0 0 0 0 0 0 0 0 0 0 0 0 0 0 0 0 0 0 0 0 0 0 0 0 0 0 0 0 0 0 0 0 0 0 0 0 0 0 0 0 0 0 0 0 0 0 0 0 0 1 0 0 0 0 0 0 0 0 0 0 0 0 0]
[3436451037578833580422456411981759384265974926286954040910492834124322088665217505437501904638589454584202106844439186874446784898781926422329047010161010286760430456861959178748165368998184784909469695256647833190786569971571862212505295902046978142291935516412493453246483770927750 0 0 0 0 0 0 0 0 0 0 0 0 0 0 0 0 0 0 0 0 0 0 0 0 0 0 0 0 0 0 0 0 0 0 0 0 0 0 0 0 0 0 0 0 0 0 0 0 0 0 0 0 0 0 0 0 0 0 0 0 0 0 0 0 0 0 0 0 0 0 0 0 0 0 0 0 0 0 0 0 1 0 0 0 0 0 0 0 0 0 0 0 0]
[1454821140998026798590306579063402481956091901185656949265483147742696391228646489561408205620758345182619346733081786673091430359166966415303032109794875668670510241099563993218663001994379916215238512372430658077601014494454632828160604662418130304043613149837282211126686905621244 0 0 0 0 0 0 0 0 0 0 0 0 0 0 0 0 0 0 0 0 0 0 0 0 0 0 0 0 0 0 0 0 0 0 0 0 0 0 0 0 0 0 0 0 0 0 0 0 0 0 0 0 0 0 0 0 0 0 0 0 0 0 0 0 0 0 0 0 0 0 0 0 0 0 0 0 0 0 0 0 0 1 0 0 0 0 0 0 0 0 0 0 0]
[6070475222719956399169309998184770310082226509463067011601297963276038180487110068579684633588490881997963098294722742095209672436342111765541455476844139107802276797331103417541080712892068475943341880808494720197438216160421801612900290157321066645383406202970163672649232978146913 0 0 0 0 0 0 0 0 0 0 0 0 0 0 0 0 0 0 0 0 0 0 0 0 0 0 0 0 0 0 0 0 0 0 0 0 0 0 0 0 0 0 0 0 0 0 0 0 0 0 0 0 0 0 0 0 0 0 0 0 0 0 0 0 0 0 0 0 0 0 0 0 0 0 0 0 0 0 0 0 0 0 1 0 0 0 0 0 0 0 0 0 0]
[4527442196041021296760225351592665074252861671437175000970534660530159471647191724216940303676444914052845867394119480559944244315091013365617390714347974192942410584589574745124473472839788839063436796517159442388749913889966762193666973409314744499752098949861501295907053593252591 0 0 0 0 0 0 0 0 0 0 0 0 0 0 0 0 0 0 0 0 0 0 0 0 0 0 0 0 0 0 0 0 0 0 0 0 0 0 0 0 0 0 0 0 0 0 0 0 0 0 0 0 0 0 0 0 0 0 0 0 0 0 0 0 0 0 0 0 0 0 0 0 0 0 0 0 0 0 0 0 0 0 0 1 0 0 0 0 0 0 0 0 0]
[3334621563303139875798527874564396140368883982110275888685685915863329349258969688927276077592486696261454676015054444294240225028795068806166579711541160806473481619476738385816946862172355953018497369931444851175230661641646972897220734242616158957592939356652644924912409387092041 0 0 0 0 0 0 0 0 0 0 0 0 0 0 0 0 0 0 0 0 0 0 0 0 0 0 0 0 0 0 0 0 0 0 0 0 0 0 0 0 0 0 0 0 0 0 0 0 0 0 0 0 0 0 0 0 0 0 0 0 0 0 0 0 0 0 0 0 0 0 0 0 0 0 0 0 0 0 0 0 0 0 0 0 1 0 0 0 0 0 0 0 0]
[3409694571158429212295255732554780871948855726865273919341172200291451113121664303000365846037477582650424055878641297996954158763144690525890109315697556112134658152910788601629050450306502575536398045963593680869772476894134662387458720856650365606290599436721394467518320424518827 0 0 0 0 0 0 0 0 0 0 0 0 0 0 0 0 0 0 0 0 0 0 0 0 0 0 0 0 0 0 0 0 0 0 0 0 0 0 0 0 0 0 0 0 0 0 0 0 0 0 0 0 0 0 0 0 0 0 0 0 0 0 0 0 0 0 0 0 0 0 0 0 0 0 0 0 0 0 0 0 0 0 0 0 0 1 0 0 0 0 0 0 0]
[3243327679740878536298018260264968958375408350524723288974930517717273777667527507363035087175203451810388586126671903289993077383143399642806341556913385477699561804233482614959855283502125439758308515516376868157297403402940613004824899407568792364341174847334380547217102728613218 0 0 0 0 0 0 0 0 0 0 0 0 0 0 0 0 0 0 0 0 0 0 0 0 0 0 0 0 0 0 0 0 0 0 0 0 0 0 0 0 0 0 0 0 0 0 0 0 0 0 0 0 0 0 0 0 0 0 0 0 0 0 0 0 0 0 0 0 0 0 0 0 0 0 0 0 0 0 0 0 0 0 0 0 0 0 1 0 0 0 0 0 0]
[5054560366006800390140575803184566458236228257882861317659760045251165266206385850718339362299406198087599898985227624223447832358629723084053846855607224118350066703135392866920135625152570670412790096691188997051133290929626050195631844517697833164120307566947377673058576792966991 0 0 0 0 0 0 0 0 0 0 0 0 0 0 0 0 0 0 0 0 0 0 0 0 0 0 0 0 0 0 0 0 0 0 0 0 0 0 0 0 0 0 0 0 0 0 0 0 0 0 0 0 0 0 0 0 0 0 0 0 0 0 0 0 0 0 0 0 0 0 0 0 0 0 0 0 0 0 0 0 0 0 0 0 0 0 0 1 0 0 0 0 0]
[2028839850875337352235632521462254824457129982763509569821664166283929129856959055780173694922152131402827285388381062001941856646115380436631212373088144077344124051994275639230400643676310633718324745062506282530089134786902964166554768664479634680415230445860905456988491322627975 0 0 0 0 0 0 0 0 0 0 0 0 0 0 0 0 0 0 0 0 0 0 0 0 0 0 0 0 0 0 0 0 0 0 0 0 0 0 0 0 0 0 0 0 0 0 0 0 0 0 0 0 0 0 0 0 0 0 0 0 0 0 0 0 0 0 0 0 0 0 0 0 0 0 0 0 0 0 0 0 0 0 0 0 0 0 0 0 1 0 0 0 0]
[5875265458293050829601035145817350233099743270175023652872487897710754671760568725063800097256223006260281994929016034411712640051391960216946237116043126187603370296724225552921515448474683599664202567374638660696221841819966962143287010617576254223909056258701290571370793481886095 0 0 0 0 0 0 0 0 0 0 0 0 0 0 0 0 0 0 0 0 0 0 0 0 0 0 0 0 0 0 0 0 0 0 0 0 0 0 0 0 0 0 0 0 0 0 0 0 0 0 0 0 0 0 0 0 0 0 0 0 0 0 0 0 0 0 0 0 0 0 0 0 0 0 0 0 0 0 0 0 0 0 0 0 0 0 0 0 0 1 0 0 0]
[2022115375243121594227638938912848819275179897121953787246024157778900727397788433812174148337052610778630503305178438146490400762553945039512488681824374275390278583164769938242716128221915769043760198442293450414576972531140638727547705953650423482380634829953144392077362336437134 0 0 0 0 0 0 0 0 0 0 0 0 0 0 0 0 0 0 0 0 0 0 0 0 0 0 0 0 0 0 0 0 0 0 0 0 0 0 0 0 0 0 0 0 0 0 0 0 0 0 0 0 0 0 0 0 0 0 0 0 0 0 0 0 0 0 0 0 0 0 0 0 0 0 0 0 0 0 0 0 0 0 0 0 0 0 0 0 0 0 1 0 0]
[4619791572131758736242805448024968770558759195389070709115220941406142767616126076101343093698318570492780997916886629500103662157844291002090598215016292417817592182460109302448156007989263261758217879626741338928517058426680872667261377069300876766430462502020381358495503990833933 0 0 0 0 0 0 0 0 0 0 0 0 0 0 0 0 0 0 0 0 0 0 0 0 0 0 0 0 0 0 0 0 0 0 0 0 0 0 0 0 0 0 0 0 0 0 0 0 0 0 0 0 0 0 0 0 0 0 0 0 0 0 0 0 0 0 0 0 0 0 0 0 0 0 0 0 0 0 0 0 0 0 0 0 0 0 0 0 0 0 0 1 0]
[6057332257720356300488060647547090499534868376509668761751116271544827909038390819324818089013296717675915272101574894788682446765535378347925736904594183304339935955772613892784521529946271947294221221407967651216411500072621206910767814344100623062694695367581374304110646799999798 0 0 0 0 0 0 0 0 0 0 0 0 0 0 0 0 0 0 0 0 0 0 0 0 0 0 0 0 0 0 0 0 0 0 0 0 0 0 0 0 0 0 0 0 0 0 0 0 0 0 0 0 0 0 0 0 0 0 0 0 0 0 0 0 0 0 0 0 0 0 0 0 0 0 0 0 0 0 0 0 0 0 0 0 0 0 0 0 0 0 0 0 1]
]
