[[1806545679452359699713180666784939615260181710731413952528073373388530315337939535844523434985001310979897153404261410737706945222484023065423687330966103343 0 0 0 0 0 0 0 0 0 0 0 0 0 0 0 0 0 0 0 0 0 0 0 0 0 0 0 0 0 0 0 0 0 0 0 0 0 0 0 0 0 0 0 0 0 0 0 0 0 0 0]
[1519172376173351620467544676493739145727721587549831779525903821958780830739850487009961325878646504501421673082737917575856864134188021262280587539920956317 1 0 0 0 0 0 0 0 0 0 0 0 0 0 0 0 0 0 0 0 0 0 0 0 0 0 0 0 0 0 0 0 0 0 0 0 0 0 0 0 0 0 0 0 0 0 0 0 0 0 0]
[1562342357117050979935513891743321769763301602764313893718608373786101520282751658655739419356859873511198088971181581333799332339156292302655767614400066489 0 1 0 0 0 0 0 0 0 0 0 0 0 0 0 0 0 0 0 0 0 0 0 0 0 0 0 0 0 0 0 0 0 0 0 0 0 0 0 0 0 0 0 0 0 0 0 0 0 0 0]
[762899111571137028921196951301568638647445134807873463404264710425776677549222232006363704588083108194366716000250298777646009737337109904048844611910241822 0 0 1 0 0 0 0 0 0 0 0 0 0 0 0 0 0 0 0 0 0 0 0 0 0 0 0 0 0 0 0 0 0 0 0 0 0 0 0 0 0 0 0 0 0 0 0 0 0 0 0]
[337089025036073184353333204668704148647844267937758342808708694465229667809771925637009513519427276393368555359506743843638436690024552511622568347233047148 0 0 0 1 0 0 0 0 0 0 0 0 0 0 0 0 0 0 0 0 0 0 0 0 0 0 0 0 0 0 0 0 0 0 0 0 0 0 0 0 0 0 0 0 0 0 0 0 0 0 0]
[1341522032681303822767378822210330929641064312909949748120572958209667587693731005977685627290707081081769241669800251158545717394777279885850621562269061891 0 0 0 0 1 0 0 0 0 0 0 0 0 0 0 0 0 0 0 0 0 0 0 0 0 0 0 0 0 0 0 0 0 0 0 0 0 0 0 0 0 0 0 0 0 0 0 0 0 0 0]
[311594694801912042327777553026581314112579006498920409814241590476023051776571929777628057188655641423157691322002736881119388894012511131192529270679265994 0 0 0 0 0 1 0 0 0 0 0 0 0 0 0 0 0 0 0 0 0 0 0 0 0 0 0 0 0 0 0 0 0 0 0 0 0 0 0 0 0 0 0 0 0 0 0 0 0 0 0]
[1173038645670117315693721312625575446921026571279986170033585162308559755845193745826610054768666333418416855115120574357488526735858533483130360399220607240 0 0 0 0 0 0 1 0 0 0 0 0 0 0 0 0 0 0 0 0 0 0 0 0 0 0 0 0 0 0 0 0 0 0 0 0 0 0 0 0 0 0 0 0 0 0 0 0 0 0 0]
[1351065756524972640009331447258568594206176639451809378389331821511083419359645182979707366195801583022164123883642405143369643709663674019548130159606324702 0 0 0 0 0 0 0 1 0 0 0 0 0 0 0 0 0 0 0 0 0 0 0 0 0 0 0 0 0 0 0 0 0 0 0 0 0 0 0 0 0 0 0 0 0 0 0 0 0 0 0]
[635798810967040133396161886732962035124090810392393199154926396165778721339878183010020963443440474358912242139135663482534183828160342954500378800673318849 0 0 0 0 0 0 0 0 1 0 0 0 0 0 0 0 0 0 0 0 0 0 0 0 0 0 0 0 0 0 0 0 0 0 0 0 0 0 0 0 0 0 0 0 0 0 0 0 0 0 0]
[1266469987576552040059971915281663662869758513497959901626808679483514335874038069384535066552820963747529548000426909392394096038744589479382375854887216273 0 0 0 0 0 0 0 0 0 1 0 0 0 0 0 0 0 0 0 0 0 0 0 0 0 0 0 0 0 0 0 0 0 0 0 0 0 0 0 0 0 0 0 0 0 0 0 0 0 0 0]
[1034777989439780398831634692198399488788040869045807130043829512681566676384910080818478898101289597031882384637189489415466389357062098603041228691905010104 0 0 0 0 0 0 0 0 0 0 1 0 0 0 0 0 0 0 0 0 0 0 0 0 0 0 0 0 0 0 0 0 0 0 0 0 0 0 0 0 0 0 0 0 0 0 0 0 0 0 0]
[162696044521556748901545699801535067958525031997269160915488714282623303722401389738099099691813048169828081632099917436897293621669989738832636706458444944 0 0 0 0 0 0 0 0 0 0 0 1 0 0 0 0 0 0 0 0 0 0 0 0 0 0 0 0 0 0 0 0 0 0 0 0 0 0 0 0 0 0 0 0 0 0 0 0 0 0 0]
[469109459252599418599652748529062668197725441292785433241156538216570313210074503106670848198224693206375869465181786897245842514383319311561771637844450549 0 0 0 0 0 0 0 0 0 0 0 0 1 0 0 0 0 0 0 0 0 0 0 0 0 0 0 0 0 0 0 0 0 0 0 0 0 0 0 0 0 0 0 0 0 0 0 0 0 0 0]
[968323187145418754379567190668323428018376080161828604573049091747736448647639401180018544207885517203844792130176392080604663980516544714003879974042627706 0 0 0 0 0 0 0 0 0 0 0 0 0 1 0 0 0 0 0 0 0 0 0 0 0 0 0 0 0 0 0 0 0 0 0 0 0 0 0 0 0 0 0 0 0 0 0 0 0 0 0]
[76171706399420585211595370517314688815827683473332010837553894719257485750398456277711051411468934232409215841051093015098421694913349236465814581503835826 0 0 0 0 0 0 0 0 0 0 0 0 0 0 1 0 0 0 0 0 0 0 0 0 0 0 0 0 0 0 0 0 0 0 0 0 0 0 0 0 0 0 0 0 0 0 0 0 0 0 0]
[198988757494098569105941444899916707167519765052158210890982317884983116894399000996903817463112007691070319018239213408513672454807489081167037680857613752 0 0 0 0 0 0 0 0 0 0 0 0 0 0 0 1 0 0 0 0 0 0 0 0 0 0 0 0 0 0 0 0 0 0 0 0 0 0 0 0 0 0 0 0 0 0 0 0 0 0 0]
[1387093330392330353442227869647771800355577208921015273194887895874852396284933229672718793808128442284902884006283886130641247285928597532220546679804339284 0 0 0 0 0 0 0 0 0 0 0 0 0 0 0 0 1 0 0 0 0 0 0 0 0 0 0 0 0 0 0 0 0 0 0 0 0 0 0 0 0 0 0 0 0 0 0 0 0 0 0]
[1732287195738463447164326860979854881624699181162437364761333609255032792367314161134362859771764901509048550359114118535749111222875644927610729035548398601 0 0 0 0 0 0 0 0 0 0 0 0 0 0 0 0 0 1 0 0 0 0 0 0 0 0 0 0 0 0 0 0 0 0 0 0 0 0 0 0 0 0 0 0 0 0 0 0 0 0 0]
[1528088330947160752351201821572705207610793350165953447212183388922284598839144366699207329298068846090180621796444019364942092937863985467494182636980624959 0 0 0 0 0 0 0 0 0 0 0 0 0 0 0 0 0 0 1 0 0 0 0 0 0 0 0 0 0 0 0 0 0 0 0 0 0 0 0 0 0 0 0 0 0 0 0 0 0 0 0]
[1343283978131012145045599066375739194251629246750374021633642194910756615431703767963136167517929383715556199959286970659263462861693479587048908349259783868 0 0 0 0 0 0 0 0 0 0 0 0 0 0 0 0 0 0 0 1 0 0 0 0 0 0 0 0 0 0 0 0 0 0 0 0 0 0 0 0 0 0 0 0 0 0 0 0 0 0 0]
[1620824521052020673246099807928429251595363793815786360166456674438549530656141927975940989990082539248649514748533538049945724334124106888300371493691951808 0 0 0 0 0 0 0 0 0 0 0 0 0 0 0 0 0 0 0 0 1 0 0 0 0 0 0 0 0 0 0 0 0 0 0 0 0 0 0 0 0 0 0 0 0 0 0 0 0 0 0]
[801804446482371243284371463172592609677455706257141629427285988651336982211659168225883335586678489350461642706263101201032409661415809374549414607348118890 0 0 0 0 0 0 0 0 0 0 0 0 0 0 0 0 0 0 0 0 0 1 0 0 0 0 0 0 0 0 0 0 0 0 0 0 0 0 0 0 0 0 0 0 0 0 0 0 0 0 0]
[323293529711280467329813010462337239670237718495981549440188288660459601877782191456690067981611406491139250556517053388263120054468211302949303053383959913 0 0 0 0 0 0 0 0 0 0 0 0 0 0 0 0 0 0 0 0 0 0 1 0 0 0 0 0 0 0 0 0 0 0 0 0 0 0 0 0 0 0 0 0 0 0 0 0 0 0 0]
[1581655282531589122131813171056249795885725202716932510388784875000033348621924500200813088475849235487222952812260180180270414192294435490235603744792341645 0 0 0 0 0 0 0 0 0 0 0 0 0 0 0 0 0 0 0 0 0 0 0 1 0 0 0 0 0 0 0 0 0 0 0 0 0 0 0 0 0 0 0 0 0 0 0 0 0 0 0]
[1240839107170467167646192260707108381698043015003353352632281444875204595269030045079424466101476704871166206171123748304340480085352726534807096662457670459 0 0 0 0 0 0 0 0 0 0 0 0 0 0 0 0 0 0 0 0 0 0 0 0 1 0 0 0 0 0 0 0 0 0 0 0 0 0 0 0 0 0 0 0 0 0 0 0 0 0 0]
[935047680849249600457143228504520245077192820331162175414464258047511134538758866949110809970725999182052574308389556969353110988950499148923503625258815950 0 0 0 0 0 0 0 0 0 0 0 0 0 0 0 0 0 0 0 0 0 0 0 0 0 1 0 0 0 0 0 0 0 0 0 0 0 0 0 0 0 0 0 0 0 0 0 0 0 0 0]
[1574669272918725597519045573304172781195278738472423064496865329368775029930535653688345050059615549227689839408201368215388124545334743660556146945928363267 0 0 0 0 0 0 0 0 0 0 0 0 0 0 0 0 0 0 0 0 0 0 0 0 0 0 1 0 0 0 0 0 0 0 0 0 0 0 0 0 0 0 0 0 0 0 0 0 0 0 0]
[785703136297686787125362113805134955512428349185978338846668701136812795068598163979155516001213922347366472811278361575660920155989901026986849626292402973 0 0 0 0 0 0 0 0 0 0 0 0 0 0 0 0 0 0 0 0 0 0 0 0 0 0 0 1 0 0 0 0 0 0 0 0 0 0 0 0 0 0 0 0 0 0 0 0 0 0 0]
[244403636909420778989626654677731780943901501416044691532982805235427426084509531396054728426587096393624953535773216033869629454758164284155617985177804926 0 0 0 0 0 0 0 0 0 0 0 0 0 0 0 0 0 0 0 0 0 0 0 0 0 0 0 0 1 0 0 0 0 0 0 0 0 0 0 0 0 0 0 0 0 0 0 0 0 0 0]
[1303121202920775098655261416342784721784692302699970841267219973869204830457591817249556776388650826225913886870405052763605598994725927028607596992388438485 0 0 0 0 0 0 0 0 0 0 0 0 0 0 0 0 0 0 0 0 0 0 0 0 0 0 0 0 0 1 0 0 0 0 0 0 0 0 0 0 0 0 0 0 0 0 0 0 0 0 0]
[755955496940390890725951466150843516620148858377252080104600755312835984328797098614337617566980270795229076131430773069215076188529023390406199440359947852 0 0 0 0 0 0 0 0 0 0 0 0 0 0 0 0 0 0 0 0 0 0 0 0 0 0 0 0 0 0 1 0 0 0 0 0 0 0 0 0 0 0 0 0 0 0 0 0 0 0 0]
[825557436194632637937925010167238721943796710137160693224972718443820837279876223000235606054039380997185781314033376802091731651462708919595605548618583873 0 0 0 0 0 0 0 0 0 0 0 0 0 0 0 0 0 0 0 0 0 0 0 0 0 0 0 0 0 0 0 1 0 0 0 0 0 0 0 0 0 0 0 0 0 0 0 0 0 0 0]
[302715874602824927112216410429462069612735866300027488405563423469040009741495104623887950576612629687520388346362455962953564638551184215952675722079927310 0 0 0 0 0 0 0 0 0 0 0 0 0 0 0 0 0 0 0 0 0 0 0 0 0 0 0 0 0 0 0 0 1 0 0 0 0 0 0 0 0 0 0 0 0 0 0 0 0 0 0]
[431336606959114519584970630882119281836430382626638132650077956627395933372931031614414344527769661352887346783798370590464603635194288779050910404974412058 0 0 0 0 0 0 0 0 0 0 0 0 0 0 0 0 0 0 0 0 0 0 0 0 0 0 0 0 0 0 0 0 0 1 0 0 0 0 0 0 0 0 0 0 0 0 0 0 0 0 0]
[1244841414493480199250917039198533536308661284047453421042068299257396115037088782586990050987466335186766461731742274082174081442840381725309676796437015568 0 0 0 0 0 0 0 0 0 0 0 0 0 0 0 0 0 0 0 0 0 0 0 0 0 0 0 0 0 0 0 0 0 0 1 0 0 0 0 0 0 0 0 0 0 0 0 0 0 0 0]
[848829453711779656465366099085633207495047192478488742374389657851130278335689973135409118576408873394164858718205805771430486774652744251170844988983094493 0 0 0 0 0 0 0 0 0 0 0 0 0 0 0 0 0 0 0 0 0 0 0 0 0 0 0 0 0 0 0 0 0 0 0 1 0 0 0 0 0 0 0 0 0 0 0 0 0 0 0]
[80373948053038598065618263650370471755753037505791074683169120069835561942306094312882594777938937772624382993583699779518242698942175791242057156614785367 0 0 0 0 0 0 0 0 0 0 0 0 0 0 0 0 0 0 0 0 0 0 0 0 0 0 0 0 0 0 0 0 0 0 0 0 1 0 0 0 0 0 0 0 0 0 0 0 0 0 0]
[521932748077642024503163103757876401817713586032054068005025555637870127860345296482599381982742944444180188679439216583901088276293449108795534481808725803 0 0 0 0 0 0 0 0 0 0 0 0 0 0 0 0 0 0 0 0 0 0 0 0 0 0 0 0 0 0 0 0 0 0 0 0 0 1 0 0 0 0 0 0 0 0 0 0 0 0 0]
[78001429004155556132207703620453039112241428606583720612590911286220022714211198527695103859279205034795573131202359190616003603609881926697599230912524504 0 0 0 0 0 0 0 0 0 0 0 0 0 0 0 0 0 0 0 0 0 0 0 0 0 0 0 0 0 0 0 0 0 0 0 0 0 0 1 0 0 0 0 0 0 0 0 0 0 0 0]
[266642463241807139026652365846930815755090695813786115185658988946352816398129029104668708975129709335448964568905616921033003974339914940736635103758764668 0 0 0 0 0 0 0 0 0 0 0 0 0 0 0 0 0 0 0 0 0 0 0 0 0 0 0 0 0 0 0 0 0 0 0 0 0 0 0 1 0 0 0 0 0 0 0 0 0 0 0]
[1413835506512870475564468804521424514985727601575464334472731312776944213353202315108190413903051693742717813115628487081679727406877940834722039217179596281 0 0 0 0 0 0 0 0 0 0 0 0 0 0 0 0 0 0 0 0 0 0 0 0 0 0 0 0 0 0 0 0 0 0 0 0 0 0 0 0 1 0 0 0 0 0 0 0 0 0 0]
[887525306895818197838378702736105119857489061476674858938042060302930237728736959219384466299336567198282545115058919912794348735670229825828538589017616734 0 0 0 0 0 0 0 0 0 0 0 0 0 0 0 0 0 0 0 0 0 0 0 0 0 0 0 0 0 0 0 0 0 0 0 0 0 0 0 0 0 1 0 0 0 0 0 0 0 0 0]
[305727752449997464564092604122088381005497268573171446499891486904484101922300521173813619415440448686417356187889388869098519090757311684153574350380515485 0 0 0 0 0 0 0 0 0 0 0 0 0 0 0 0 0 0 0 0 0 0 0 0 0 0 0 0 0 0 0 0 0 0 0 0 0 0 0 0 0 0 1 0 0 0 0 0 0 0 0]
[112214871707676464197034062070363598148603827510820701795208843319989719161461929809725096292261703559281103415535166906984045706587038874164217520467056804 0 0 0 0 0 0 0 0 0 0 0 0 0 0 0 0 0 0 0 0 0 0 0 0 0 0 0 0 0 0 0 0 0 0 0 0 0 0 0 0 0 0 0 1 0 0 0 0 0 0 0]
[186911139085052804795544007701898641468509998078483052853124350695486797493878308583846399951104489289328704481978841707397140162010455991789058518255664856 0 0 0 0 0 0 0 0 0 0 0 0 0 0 0 0 0 0 0 0 0 0 0 0 0 0 0 0 0 0 0 0 0 0 0 0 0 0 0 0 0 0 0 0 1 0 0 0 0 0 0]
[736573843033449238674263983307291987547915681884349570213196568475705079030080159557839187440864812105136922244670619687378057909607440959093888574963082877 0 0 0 0 0 0 0 0 0 0 0 0 0 0 0 0 0 0 0 0 0 0 0 0 0 0 0 0 0 0 0 0 0 0 0 0 0 0 0 0 0 0 0 0 0 1 0 0 0 0 0]
[781826866997728165179528261384252854190534458413702672254534137799522955426734724997930013681279507980999872106118422668540109946350052139046267894167729481 0 0 0 0 0 0 0 0 0 0 0 0 0 0 0 0 0 0 0 0 0 0 0 0 0 0 0 0 0 0 0 0 0 0 0 0 0 0 0 0 0 0 0 0 0 0 1 0 0 0 0]
[1673997653784399939017863168417164604964615159491563159573796420272197569676871155554440053382822634960277773296084586868159791029687503595970979577915148892 0 0 0 0 0 0 0 0 0 0 0 0 0 0 0 0 0 0 0 0 0 0 0 0 0 0 0 0 0 0 0 0 0 0 0 0 0 0 0 0 0 0 0 0 0 0 0 1 0 0 0]
[1761633237384925329537858691430706575519896246508238811843484555587598342396938317791480181809259775734895729424592050322628834824154671138985936159240231879 0 0 0 0 0 0 0 0 0 0 0 0 0 0 0 0 0 0 0 0 0 0 0 0 0 0 0 0 0 0 0 0 0 0 0 0 0 0 0 0 0 0 0 0 0 0 0 0 1 0 0]
[1158019090575396411420022954354871711915060578560524038880832082607606218507597992484236390126776986795536366641677941658078401736385902406626756589787558480 0 0 0 0 0 0 0 0 0 0 0 0 0 0 0 0 0 0 0 0 0 0 0 0 0 0 0 0 0 0 0 0 0 0 0 0 0 0 0 0 0 0 0 0 0 0 0 0 0 1 0]
[1722638958167770976556483718558499632162161486870613626934652228697115890364789189084989893940268544452351608574422281112799369072582787650824005045148343491 0 0 0 0 0 0 0 0 0 0 0 0 0 0 0 0 0 0 0 0 0 0 0 0 0 0 0 0 0 0 0 0 0 0 0 0 0 0 0 0 0 0 0 0 0 0 0 0 0 0 1]
]
