[[4134025778074898419459885697433973063708643932303642447950306046392726117910498369235128128860298425112121318834455054718530169113391695977031304606547696193374660019312717555447425579926445902255880479945430216860921474386359011400022749881981 0 0 0 0 0 0 0 0 0 0 0 0 0 0 0 0 0 0 0 0 0 0 0 0 0 0 0 0 0 0 0 0 0 0 0 0 0 0 0 0 0 0 0 0 0 0 0 0 0 0 0 0 0 0 0 0 0 0 0 0 0 0 0 0 0 0 0 0 0 0 0 0 0 0 0 0 0 0 0 0]
[99130374051031442395359412993748751507316371020523752415285476924371391742662127054174532802829520259356010402413217608348897993857232699620582262024599632556500394746451356911485385778643337717835833858162510113526608088320291235035878380853 1 0 0 0 0 0 0 0 0 0 0 0 0 0 0 0 0 0 0 0 0 0 0 0 0 0 0 0 0 0 0 0 0 0 0 0 0 0 0 0 0 0 0 0 0 0 0 0 0 0 0 0 0 0 0 0 0 0 0 0 0 0 0 0 0 0 0 0 0 0 0 0 0 0 0 0 0 0 0 0]
[3891845504090402205453407228712322348335833691598626956366865500073744644642285877381044889290121268843285054759914860309188577269445796683131918780836773519716410547019542565706590287570271731989807078739450671532896113299091779053489249036359 0 1 0 0 0 0 0 0 0 0 0 0 0 0 0 0 0 0 0 0 0 0 0 0 0 0 0 0 0 0 0 0 0 0 0 0 0 0 0 0 0 0 0 0 0 0 0 0 0 0 0 0 0 0 0 0 0 0 0 0 0 0 0 0 0 0 0 0 0 0 0 0 0 0 0 0 0 0 0 0]
[3352129621221317262769083417714143366661609190768759702471625064912827427629595115244364404428260192867523499711542399083055715216167372400220887231285552605245925585254202878525822674448715987189793754674933601647517286455393822171692546383521 0 0 1 0 0 0 0 0 0 0 0 0 0 0 0 0 0 0 0 0 0 0 0 0 0 0 0 0 0 0 0 0 0 0 0 0 0 0 0 0 0 0 0 0 0 0 0 0 0 0 0 0 0 0 0 0 0 0 0 0 0 0 0 0 0 0 0 0 0 0 0 0 0 0 0 0 0 0 0 0]
[2363047119363582651995559365394847418585084303198873230727122044619334954851894133268933554550026268362552042854094726847765364723290843002792668753368396860272148378752321706594030993155600687167003722179143434556717799115065012391480534838536 0 0 0 1 0 0 0 0 0 0 0 0 0 0 0 0 0 0 0 0 0 0 0 0 0 0 0 0 0 0 0 0 0 0 0 0 0 0 0 0 0 0 0 0 0 0 0 0 0 0 0 0 0 0 0 0 0 0 0 0 0 0 0 0 0 0 0 0 0 0 0 0 0 0 0 0 0 0 0 0]
[704161781787762839946325803086950253653195121235489171444503638333196516420966341898263315351348228123727669288969198554542882055653187850134615042870147346791171915775574702034507376552242732020236333195624257152976530469806786106368366270574 0 0 0 0 1 0 0 0 0 0 0 0 0 0 0 0 0 0 0 0 0 0 0 0 0 0 0 0 0 0 0 0 0 0 0 0 0 0 0 0 0 0 0 0 0 0 0 0 0 0 0 0 0 0 0 0 0 0 0 0 0 0 0 0 0 0 0 0 0 0 0 0 0 0 0 0 0 0 0 0]
[1443612955810473512151089287632318952445526306532799962109081464030194344072617620935662503980700877450186848362658629708322093696673113900808410542503228773319005387743568082739776921511784797805153359269962010877977852371833677517217085398000 0 0 0 0 0 1 0 0 0 0 0 0 0 0 0 0 0 0 0 0 0 0 0 0 0 0 0 0 0 0 0 0 0 0 0 0 0 0 0 0 0 0 0 0 0 0 0 0 0 0 0 0 0 0 0 0 0 0 0 0 0 0 0 0 0 0 0 0 0 0 0 0 0 0 0 0 0 0 0 0]
[578117987073366236745589250765516157251187172873724299658939639895955927379893172025175039982449879838964567545411273670538161110622804493353879246073151625515007846977498706132928965808131667219186498097816921420285483768136081624145337368565 0 0 0 0 0 0 1 0 0 0 0 0 0 0 0 0 0 0 0 0 0 0 0 0 0 0 0 0 0 0 0 0 0 0 0 0 0 0 0 0 0 0 0 0 0 0 0 0 0 0 0 0 0 0 0 0 0 0 0 0 0 0 0 0 0 0 0 0 0 0 0 0 0 0 0 0 0 0 0 0]
[4115725114831960541918288979690217033227127693550889816139080261252764898445447379447703945623473039729095997706295339187659404670509683534634370373572971575516982097532721691296195827731716826918498596484332598738506838713038443227641171606736 0 0 0 0 0 0 0 1 0 0 0 0 0 0 0 0 0 0 0 0 0 0 0 0 0 0 0 0 0 0 0 0 0 0 0 0 0 0 0 0 0 0 0 0 0 0 0 0 0 0 0 0 0 0 0 0 0 0 0 0 0 0 0 0 0 0 0 0 0 0 0 0 0 0 0 0 0 0 0 0]
[1153068707708968615237790768365855358625068128103699271344530707367296990004935029868087342149698000937510392056119496515391789134791507378277000427880645209260247552240447137323626930660450993844630855690607497480964381290147387549199465067426 0 0 0 0 0 0 0 0 1 0 0 0 0 0 0 0 0 0 0 0 0 0 0 0 0 0 0 0 0 0 0 0 0 0 0 0 0 0 0 0 0 0 0 0 0 0 0 0 0 0 0 0 0 0 0 0 0 0 0 0 0 0 0 0 0 0 0 0 0 0 0 0 0 0 0 0 0 0 0 0]
[1041847270475107482946419161075705372559481403754172146163674216041789983240032818247454171592630271016470701694425662607371777495011755624038051798748309488324284334724611629867940151837077526287556743771910643122511832761108640589958190499851 0 0 0 0 0 0 0 0 0 1 0 0 0 0 0 0 0 0 0 0 0 0 0 0 0 0 0 0 0 0 0 0 0 0 0 0 0 0 0 0 0 0 0 0 0 0 0 0 0 0 0 0 0 0 0 0 0 0 0 0 0 0 0 0 0 0 0 0 0 0 0 0 0 0 0 0 0 0 0 0]
[3363621830330735701796048037442215450443831524024702069976024293683178737712243301738068055241300506870624077436088131655483062666303029221876531363963145120487534984902089251192606185517279165568170828952432515607377707892760390060502339168630 0 0 0 0 0 0 0 0 0 0 1 0 0 0 0 0 0 0 0 0 0 0 0 0 0 0 0 0 0 0 0 0 0 0 0 0 0 0 0 0 0 0 0 0 0 0 0 0 0 0 0 0 0 0 0 0 0 0 0 0 0 0 0 0 0 0 0 0 0 0 0 0 0 0 0 0 0 0 0 0]
[426372629116607296127865692913907788692039905372042700760154946911902716134190284333356807574599799532925860937002659009343444824386916714771097968782664872061861982348795475958812763277268294193579157763232536965335143574164601046745529151969 0 0 0 0 0 0 0 0 0 0 0 1 0 0 0 0 0 0 0 0 0 0 0 0 0 0 0 0 0 0 0 0 0 0 0 0 0 0 0 0 0 0 0 0 0 0 0 0 0 0 0 0 0 0 0 0 0 0 0 0 0 0 0 0 0 0 0 0 0 0 0 0 0 0 0 0 0 0 0 0]
[3310869510420716655350470635717270073623414049846107045283471768356830485932480207867019900214288088286350627507582094074247119796076212100552995960608348229079195400552255962976941744114033858791997643599014812494930933671501524663701933190625 0 0 0 0 0 0 0 0 0 0 0 0 1 0 0 0 0 0 0 0 0 0 0 0 0 0 0 0 0 0 0 0 0 0 0 0 0 0 0 0 0 0 0 0 0 0 0 0 0 0 0 0 0 0 0 0 0 0 0 0 0 0 0 0 0 0 0 0 0 0 0 0 0 0 0 0 0 0 0 0]
[3749271718149927014877870559343016047254945585898374478128215731203636091538013761967792417593501480268049611439241898067427238722194616185217555588474651412581989529828779284372372878595700413035814861910678400158267130649394692533870998542205 0 0 0 0 0 0 0 0 0 0 0 0 0 1 0 0 0 0 0 0 0 0 0 0 0 0 0 0 0 0 0 0 0 0 0 0 0 0 0 0 0 0 0 0 0 0 0 0 0 0 0 0 0 0 0 0 0 0 0 0 0 0 0 0 0 0 0 0 0 0 0 0 0 0 0 0 0 0 0 0]
[3172603095969351391833045901646112524105762068107349778730752117322429109653117440729985374143265308824301198899302597208464185715736218792771583865241894821788274567200342651966801243981939365408980635116143989862956018569994184583838944635619 0 0 0 0 0 0 0 0 0 0 0 0 0 0 1 0 0 0 0 0 0 0 0 0 0 0 0 0 0 0 0 0 0 0 0 0 0 0 0 0 0 0 0 0 0 0 0 0 0 0 0 0 0 0 0 0 0 0 0 0 0 0 0 0 0 0 0 0 0 0 0 0 0 0 0 0 0 0 0 0]
[176158750857501544626237405906043517651964903328576990162999925524672802219594635634038841586380404462083190232573257037599483535400670211050646215455125048740426420362577730995742872707810493698376927648859644734271493908646901555014992738410 0 0 0 0 0 0 0 0 0 0 0 0 0 0 0 1 0 0 0 0 0 0 0 0 0 0 0 0 0 0 0 0 0 0 0 0 0 0 0 0 0 0 0 0 0 0 0 0 0 0 0 0 0 0 0 0 0 0 0 0 0 0 0 0 0 0 0 0 0 0 0 0 0 0 0 0 0 0 0 0]
[2951474485299774550200579699199276939347111679750136131918399135202125768719123303819866740538061426224019006044541859235113512632763269167778470962524642481321023153401838117425504756741446198129951538194824014147084779773258136991139724259735 0 0 0 0 0 0 0 0 0 0 0 0 0 0 0 0 1 0 0 0 0 0 0 0 0 0 0 0 0 0 0 0 0 0 0 0 0 0 0 0 0 0 0 0 0 0 0 0 0 0 0 0 0 0 0 0 0 0 0 0 0 0 0 0 0 0 0 0 0 0 0 0 0 0 0 0 0 0 0 0]
[4088480976622195703674953795807228450552221573257720412785671227787104914456822004945797012751078337069676590159674099195142785374043629207976575239419081100970798887133991882365376401317307570659866083138059735606028745500614302903475681278015 0 0 0 0 0 0 0 0 0 0 0 0 0 0 0 0 0 1 0 0 0 0 0 0 0 0 0 0 0 0 0 0 0 0 0 0 0 0 0 0 0 0 0 0 0 0 0 0 0 0 0 0 0 0 0 0 0 0 0 0 0 0 0 0 0 0 0 0 0 0 0 0 0 0 0 0 0 0 0 0]
[1111492599117722855195600406681439895249443325185568544348228773333440873771238583107451684521534142242076658588814193297130967433464599903101881435871905417978113326825055140831918418734515629828249355679224674160902593966555647852420881951032 0 0 0 0 0 0 0 0 0 0 0 0 0 0 0 0 0 0 1 0 0 0 0 0 0 0 0 0 0 0 0 0 0 0 0 0 0 0 0 0 0 0 0 0 0 0 0 0 0 0 0 0 0 0 0 0 0 0 0 0 0 0 0 0 0 0 0 0 0 0 0 0 0 0 0 0 0 0 0 0]
[3182483751380778877819975799168681918305052537660253123297744209981530211814873683766921351980039964058959186270959814621954175564097331553123537722290286689633005249487422350686503836979223259914383423216930508420408420179228279946888919226486 0 0 0 0 0 0 0 0 0 0 0 0 0 0 0 0 0 0 0 1 0 0 0 0 0 0 0 0 0 0 0 0 0 0 0 0 0 0 0 0 0 0 0 0 0 0 0 0 0 0 0 0 0 0 0 0 0 0 0 0 0 0 0 0 0 0 0 0 0 0 0 0 0 0 0 0 0 0 0 0]
[1611082063789703144818825103491450436185033351733998717083156245237602566949614569634398263432127192964332415048306024811409332510227554017656807623319987002423344138833705584502080456587664193702016703831475106504087858418909108562319549830056 0 0 0 0 0 0 0 0 0 0 0 0 0 0 0 0 0 0 0 0 1 0 0 0 0 0 0 0 0 0 0 0 0 0 0 0 0 0 0 0 0 0 0 0 0 0 0 0 0 0 0 0 0 0 0 0 0 0 0 0 0 0 0 0 0 0 0 0 0 0 0 0 0 0 0 0 0 0 0 0]
[3721920629516617229446816759021950984638750613939326397672124576123944270646689760318160907325008227888303177665807206877362415620326818892752696161989223384030429881325757532959879053157648539074663671158581439127427202668871102345723597842280 0 0 0 0 0 0 0 0 0 0 0 0 0 0 0 0 0 0 0 0 0 1 0 0 0 0 0 0 0 0 0 0 0 0 0 0 0 0 0 0 0 0 0 0 0 0 0 0 0 0 0 0 0 0 0 0 0 0 0 0 0 0 0 0 0 0 0 0 0 0 0 0 0 0 0 0 0 0 0 0]
[70451238153728071346292579158538288724587978882038831021502898626120007794427267561207459240695468331271917052160764768066479194317725117997743955175022994621090010601612201238474219617182244401906237459552690264916119906715061379818064362589 0 0 0 0 0 0 0 0 0 0 0 0 0 0 0 0 0 0 0 0 0 0 1 0 0 0 0 0 0 0 0 0 0 0 0 0 0 0 0 0 0 0 0 0 0 0 0 0 0 0 0 0 0 0 0 0 0 0 0 0 0 0 0 0 0 0 0 0 0 0 0 0 0 0 0 0 0 0 0 0]
[2953721195894369552417268913982466104924504071793724749835386957937819300343745563609643961543562909277635918981121816021637629268011194393940576724540236996850438330578838920287144609279400307680191877415901758522674117989982383888790330659952 0 0 0 0 0 0 0 0 0 0 0 0 0 0 0 0 0 0 0 0 0 0 0 1 0 0 0 0 0 0 0 0 0 0 0 0 0 0 0 0 0 0 0 0 0 0 0 0 0 0 0 0 0 0 0 0 0 0 0 0 0 0 0 0 0 0 0 0 0 0 0 0 0 0 0 0 0 0 0 0]
[3114927250022543744416974429501090446501483113784016193082485083530254205438462695674441408401775328332164381525418676494677197889416957493268002569648533349904399463704004161511875525852980385210017453757001363479030537618960433811677247820227 0 0 0 0 0 0 0 0 0 0 0 0 0 0 0 0 0 0 0 0 0 0 0 0 1 0 0 0 0 0 0 0 0 0 0 0 0 0 0 0 0 0 0 0 0 0 0 0 0 0 0 0 0 0 0 0 0 0 0 0 0 0 0 0 0 0 0 0 0 0 0 0 0 0 0 0 0 0 0 0]
[3695804166270236681934543171382830941086344272560943981670853790131187960644526321479734097327110992950191862020447453890303987803292365064088835789508489662165493955100796395013072741520747707157562058693993076239173013864022721571639447483476 0 0 0 0 0 0 0 0 0 0 0 0 0 0 0 0 0 0 0 0 0 0 0 0 0 1 0 0 0 0 0 0 0 0 0 0 0 0 0 0 0 0 0 0 0 0 0 0 0 0 0 0 0 0 0 0 0 0 0 0 0 0 0 0 0 0 0 0 0 0 0 0 0 0 0 0 0 0 0 0]
[2338387258837703341979253369825889921041266333677769187569516212968237196932203962510913811685612894015942807851441751099998107125043867502534186499127100290042703919019077980113022188430019895632151929415945035939967514852757002103411041633661 0 0 0 0 0 0 0 0 0 0 0 0 0 0 0 0 0 0 0 0 0 0 0 0 0 0 1 0 0 0 0 0 0 0 0 0 0 0 0 0 0 0 0 0 0 0 0 0 0 0 0 0 0 0 0 0 0 0 0 0 0 0 0 0 0 0 0 0 0 0 0 0 0 0 0 0 0 0 0 0]
[1015118452255267850338082775246309918587288971027475311028822068256955090364799244578087889156239438117734965320088808634849772301047225956675775340946958120249210234194510979857712657959245003489811579210585920197835464085232097090521470920709 0 0 0 0 0 0 0 0 0 0 0 0 0 0 0 0 0 0 0 0 0 0 0 0 0 0 0 1 0 0 0 0 0 0 0 0 0 0 0 0 0 0 0 0 0 0 0 0 0 0 0 0 0 0 0 0 0 0 0 0 0 0 0 0 0 0 0 0 0 0 0 0 0 0 0 0 0 0 0 0]
[919487501561249058269291397054023354606252976775431186456392363436497858637106761640288673159222005964074078485603716362589880826896973464164408464515795390687050443639456823595254839356517830404216162463024232618146858358858272752445087995917 0 0 0 0 0 0 0 0 0 0 0 0 0 0 0 0 0 0 0 0 0 0 0 0 0 0 0 0 1 0 0 0 0 0 0 0 0 0 0 0 0 0 0 0 0 0 0 0 0 0 0 0 0 0 0 0 0 0 0 0 0 0 0 0 0 0 0 0 0 0 0 0 0 0 0 0 0 0 0 0]
[3884388286705072186721441063309436807012983534324699671828313078997346104614666598333857107907761668512564008628180516130863154073970548236579418925181188704146104873657868665501282598855627621667802151902783037399321187053201329846369359305038 0 0 0 0 0 0 0 0 0 0 0 0 0 0 0 0 0 0 0 0 0 0 0 0 0 0 0 0 0 1 0 0 0 0 0 0 0 0 0 0 0 0 0 0 0 0 0 0 0 0 0 0 0 0 0 0 0 0 0 0 0 0 0 0 0 0 0 0 0 0 0 0 0 0 0 0 0 0 0 0]
[3372479268885704331218233257187267438562433967769305813616973841154273310199700019794137705354498249737409209456529656621017778427179065744917698284556900712226407117900398942108832415027509428705716464728330920845684673539706496002300529844531 0 0 0 0 0 0 0 0 0 0 0 0 0 0 0 0 0 0 0 0 0 0 0 0 0 0 0 0 0 0 1 0 0 0 0 0 0 0 0 0 0 0 0 0 0 0 0 0 0 0 0 0 0 0 0 0 0 0 0 0 0 0 0 0 0 0 0 0 0 0 0 0 0 0 0 0 0 0 0 0]
[852185481576368878013623164976652514410002443652388434230151613250662916991904144524979923346452696732768499023568864477831078182338581771491655179379483747817625400881701083867168021665081041639174610307586570042876617394579800580064314425845 0 0 0 0 0 0 0 0 0 0 0 0 0 0 0 0 0 0 0 0 0 0 0 0 0 0 0 0 0 0 0 1 0 0 0 0 0 0 0 0 0 0 0 0 0 0 0 0 0 0 0 0 0 0 0 0 0 0 0 0 0 0 0 0 0 0 0 0 0 0 0 0 0 0 0 0 0 0 0 0]
[3399712608919407125319471495320975447511643523044425757158883958120892525596074598847590809494667257773909526334462523582921438767819101476374502389562191425335421328911181033452685131332170897968628064092264120043075720023819903491744261521253 0 0 0 0 0 0 0 0 0 0 0 0 0 0 0 0 0 0 0 0 0 0 0 0 0 0 0 0 0 0 0 0 1 0 0 0 0 0 0 0 0 0 0 0 0 0 0 0 0 0 0 0 0 0 0 0 0 0 0 0 0 0 0 0 0 0 0 0 0 0 0 0 0 0 0 0 0 0 0 0]
[2461131835819481564605903383461477407479557671832834994481806861068977194786051133512094945386358094451199734016128139894980663401206828912327510333035881993451958527448079781970296496219636786248610233673310226185357234051093153601666670434419 0 0 0 0 0 0 0 0 0 0 0 0 0 0 0 0 0 0 0 0 0 0 0 0 0 0 0 0 0 0 0 0 0 1 0 0 0 0 0 0 0 0 0 0 0 0 0 0 0 0 0 0 0 0 0 0 0 0 0 0 0 0 0 0 0 0 0 0 0 0 0 0 0 0 0 0 0 0 0 0]
[2928065386697478479640648559879543113669453141618150738551038316091490509299314238190022536121150877415006301245288003121474560265647333977214855001273362545999408450943993724282069976880811807510000869162432653282877813410526580421924048747402 0 0 0 0 0 0 0 0 0 0 0 0 0 0 0 0 0 0 0 0 0 0 0 0 0 0 0 0 0 0 0 0 0 0 1 0 0 0 0 0 0 0 0 0 0 0 0 0 0 0 0 0 0 0 0 0 0 0 0 0 0 0 0 0 0 0 0 0 0 0 0 0 0 0 0 0 0 0 0 0]
[2452647221213212595936605336057840131884960279859136485582036623353640423029644422799933898774334505968282384060746999134248224944822491157312205851732889520958655134400134554333485295309903894156854025067257510484157869862919653709666529726303 0 0 0 0 0 0 0 0 0 0 0 0 0 0 0 0 0 0 0 0 0 0 0 0 0 0 0 0 0 0 0 0 0 0 0 1 0 0 0 0 0 0 0 0 0 0 0 0 0 0 0 0 0 0 0 0 0 0 0 0 0 0 0 0 0 0 0 0 0 0 0 0 0 0 0 0 0 0 0 0]
[3110892026434359576733081322945842340725630727229376840582454693730949604000807439743303429805367151265082652854341778364834374869792106063177286535398259157662142544843070659329802493223614440973522658429018994946418135068448154254231878000016 0 0 0 0 0 0 0 0 0 0 0 0 0 0 0 0 0 0 0 0 0 0 0 0 0 0 0 0 0 0 0 0 0 0 0 0 1 0 0 0 0 0 0 0 0 0 0 0 0 0 0 0 0 0 0 0 0 0 0 0 0 0 0 0 0 0 0 0 0 0 0 0 0 0 0 0 0 0 0 0]
[3733374064518112024533016485553956402737014400086585899593329402236475289279867302408210574904147728596510997346332738344614427678692788736342394665751603893163444998299423019255363497888765013998653879392684813943528871913315348150307480471378 0 0 0 0 0 0 0 0 0 0 0 0 0 0 0 0 0 0 0 0 0 0 0 0 0 0 0 0 0 0 0 0 0 0 0 0 0 1 0 0 0 0 0 0 0 0 0 0 0 0 0 0 0 0 0 0 0 0 0 0 0 0 0 0 0 0 0 0 0 0 0 0 0 0 0 0 0 0 0 0]
[2420615748100076912027308865482016355885268980039825431430153923453659029172303973563794681074830949985952677702551867088363462511678397336244948301948817107763992781839455680266622725832162744240165322329459099161165112659280138633972261693488 0 0 0 0 0 0 0 0 0 0 0 0 0 0 0 0 0 0 0 0 0 0 0 0 0 0 0 0 0 0 0 0 0 0 0 0 0 0 1 0 0 0 0 0 0 0 0 0 0 0 0 0 0 0 0 0 0 0 0 0 0 0 0 0 0 0 0 0 0 0 0 0 0 0 0 0 0 0 0 0]
[225836949881140746487385872290921677408864289843369532561995527398810940320561238213486914662183526556250905330823969992885939280894375791745000575056244250781969112856068797397372329671400474697989542965618056771667683045101896922211773217908 0 0 0 0 0 0 0 0 0 0 0 0 0 0 0 0 0 0 0 0 0 0 0 0 0 0 0 0 0 0 0 0 0 0 0 0 0 0 0 1 0 0 0 0 0 0 0 0 0 0 0 0 0 0 0 0 0 0 0 0 0 0 0 0 0 0 0 0 0 0 0 0 0 0 0 0 0 0 0 0]
[3399703386325716327917119596742115614360448665131678009302433420180075719718185573405215898215138661948251531673876052392489197412917468958396507772655388294023456325844338174987411660341535709235280462309448687835831883629540863363462759421131 0 0 0 0 0 0 0 0 0 0 0 0 0 0 0 0 0 0 0 0 0 0 0 0 0 0 0 0 0 0 0 0 0 0 0 0 0 0 0 0 1 0 0 0 0 0 0 0 0 0 0 0 0 0 0 0 0 0 0 0 0 0 0 0 0 0 0 0 0 0 0 0 0 0 0 0 0 0 0 0]
[1218074913179456951479726624606870747789077329977031677893480876745910584809934980449180683539938987806442209970461955927209258971050763820263630293798369223394261671386346526839399878960036629625558008173658904950140425737304474801289737525196 0 0 0 0 0 0 0 0 0 0 0 0 0 0 0 0 0 0 0 0 0 0 0 0 0 0 0 0 0 0 0 0 0 0 0 0 0 0 0 0 0 1 0 0 0 0 0 0 0 0 0 0 0 0 0 0 0 0 0 0 0 0 0 0 0 0 0 0 0 0 0 0 0 0 0 0 0 0 0 0]
[3769495753927112333325721991923660303808391471980717648000726012841447746835915082606818378611085209027514960772432848475625658027046559017008608846644553999139057770643703641607323369354676604970413077982105184301398562222480272764350911186800 0 0 0 0 0 0 0 0 0 0 0 0 0 0 0 0 0 0 0 0 0 0 0 0 0 0 0 0 0 0 0 0 0 0 0 0 0 0 0 0 0 0 1 0 0 0 0 0 0 0 0 0 0 0 0 0 0 0 0 0 0 0 0 0 0 0 0 0 0 0 0 0 0 0 0 0 0 0 0 0]
[970647841357966616906511434416389672722491387940584224123318290788485596181120491716945156647017555857918213795355674341987176110343711951500276177375051846783909147460855262314771109322502109130347616744265971708901036550808557613578473210687 0 0 0 0 0 0 0 0 0 0 0 0 0 0 0 0 0 0 0 0 0 0 0 0 0 0 0 0 0 0 0 0 0 0 0 0 0 0 0 0 0 0 0 1 0 0 0 0 0 0 0 0 0 0 0 0 0 0 0 0 0 0 0 0 0 0 0 0 0 0 0 0 0 0 0 0 0 0 0 0]
[1972591095764526824778131160161068558986648638493286893053629509647657868631393614515388163958569489823763563644771359113239338666530661478419400305136338198285926752762866305543128358777004804832027486210097073443370509753610223010806632174753 0 0 0 0 0 0 0 0 0 0 0 0 0 0 0 0 0 0 0 0 0 0 0 0 0 0 0 0 0 0 0 0 0 0 0 0 0 0 0 0 0 0 0 0 1 0 0 0 0 0 0 0 0 0 0 0 0 0 0 0 0 0 0 0 0 0 0 0 0 0 0 0 0 0 0 0 0 0 0 0]
[446519508745555570890057570179552330880884975860844208604974525825021633368919441068171849207259646722376450627682430680430174003583564432360102184979201489382342928908923584509268196243602368077032833523180351525094793837424853386832788774010 0 0 0 0 0 0 0 0 0 0 0 0 0 0 0 0 0 0 0 0 0 0 0 0 0 0 0 0 0 0 0 0 0 0 0 0 0 0 0 0 0 0 0 0 0 1 0 0 0 0 0 0 0 0 0 0 0 0 0 0 0 0 0 0 0 0 0 0 0 0 0 0 0 0 0 0 0 0 0 0]
[3697228538041638709781880923419630805056069065449683116877889376764247875387871328347848715120868561609127195588897216392767106025310003915521105049445993183665267681918621102351404702187704828404939160318160845876914532208283953712573685480144 0 0 0 0 0 0 0 0 0 0 0 0 0 0 0 0 0 0 0 0 0 0 0 0 0 0 0 0 0 0 0 0 0 0 0 0 0 0 0 0 0 0 0 0 0 0 1 0 0 0 0 0 0 0 0 0 0 0 0 0 0 0 0 0 0 0 0 0 0 0 0 0 0 0 0 0 0 0 0 0]
[2823218814131851121321258449319822615835195258333954520809960503302766950766186150048234189744262815959295808283725655572097267893815066681370718428250134688122688509778728148543219270823839821203627610566143519294093316954343346032992166654786 0 0 0 0 0 0 0 0 0 0 0 0 0 0 0 0 0 0 0 0 0 0 0 0 0 0 0 0 0 0 0 0 0 0 0 0 0 0 0 0 0 0 0 0 0 0 0 1 0 0 0 0 0 0 0 0 0 0 0 0 0 0 0 0 0 0 0 0 0 0 0 0 0 0 0 0 0 0 0 0]
[3188893839398217729442752498192324609307557819578150883566556570182709670732652025936435966985408741306684546347406359959652209309758095816543475971793458995133187293564467713132951403277227271279291499298103004991037609200859008774289774174186 0 0 0 0 0 0 0 0 0 0 0 0 0 0 0 0 0 0 0 0 0 0 0 0 0 0 0 0 0 0 0 0 0 0 0 0 0 0 0 0 0 0 0 0 0 0 0 0 1 0 0 0 0 0 0 0 0 0 0 0 0 0 0 0 0 0 0 0 0 0 0 0 0 0 0 0 0 0 0 0]
[3134227981752013884482620935111551585670884196843624152620524836271251331769709575681222753944904830581634797231997679788224614876885560273020609643371826558272444171641988071423267876029133901523875442146785334758545220888982487957235237543675 0 0 0 0 0 0 0 0 0 0 0 0 0 0 0 0 0 0 0 0 0 0 0 0 0 0 0 0 0 0 0 0 0 0 0 0 0 0 0 0 0 0 0 0 0 0 0 0 0 1 0 0 0 0 0 0 0 0 0 0 0 0 0 0 0 0 0 0 0 0 0 0 0 0 0 0 0 0 0 0]
[1900023753775774712478389689446765556031988998035497935940483555905300735305653649201020567308190819815296454171297911383162741386903407290818541621092613176055512632357903840441687031584369087896034149496090291813835449043490706523169933088887 0 0 0 0 0 0 0 0 0 0 0 0 0 0 0 0 0 0 0 0 0 0 0 0 0 0 0 0 0 0 0 0 0 0 0 0 0 0 0 0 0 0 0 0 0 0 0 0 0 0 1 0 0 0 0 0 0 0 0 0 0 0 0 0 0 0 0 0 0 0 0 0 0 0 0 0 0 0 0 0]
[4044972689595074028045701720380029925061413175822652007508762991114618851376297774377688975336005341103987522068202489471518223770947950922878443643993309884826132385862515694816927682377433296633792673490732318221613188226603401815992210018809 0 0 0 0 0 0 0 0 0 0 0 0 0 0 0 0 0 0 0 0 0 0 0 0 0 0 0 0 0 0 0 0 0 0 0 0 0 0 0 0 0 0 0 0 0 0 0 0 0 0 0 1 0 0 0 0 0 0 0 0 0 0 0 0 0 0 0 0 0 0 0 0 0 0 0 0 0 0 0 0]
[3049741635959637144113581019191357843237473311176771582612914320032553524100122015971593791000825223845140415533388852187214359579210766619235681618872161017790485412252116861400854046793936041253667622208558758728951164316442049262679269276976 0 0 0 0 0 0 0 0 0 0 0 0 0 0 0 0 0 0 0 0 0 0 0 0 0 0 0 0 0 0 0 0 0 0 0 0 0 0 0 0 0 0 0 0 0 0 0 0 0 0 0 0 1 0 0 0 0 0 0 0 0 0 0 0 0 0 0 0 0 0 0 0 0 0 0 0 0 0 0 0]
[1519544593080975745113636898841295077204573543171635493142237764324062715776483809423761231216641141816434677842688847576535449891694555285108446376125405858965445600152246630316803421396732504121430014702143532520257985670031867684530171807550 0 0 0 0 0 0 0 0 0 0 0 0 0 0 0 0 0 0 0 0 0 0 0 0 0 0 0 0 0 0 0 0 0 0 0 0 0 0 0 0 0 0 0 0 0 0 0 0 0 0 0 0 0 1 0 0 0 0 0 0 0 0 0 0 0 0 0 0 0 0 0 0 0 0 0 0 0 0 0 0]
[3763844805309088065731698041123880560402216962950014435054652330505987746600813885640413020565661941177063397931256585003667081960789176945141501851503698500043620570410676525982518313452217195317835572582841521272761788609888496567638287008975 0 0 0 0 0 0 0 0 0 0 0 0 0 0 0 0 0 0 0 0 0 0 0 0 0 0 0 0 0 0 0 0 0 0 0 0 0 0 0 0 0 0 0 0 0 0 0 0 0 0 0 0 0 0 1 0 0 0 0 0 0 0 0 0 0 0 0 0 0 0 0 0 0 0 0 0 0 0 0 0]
[1263764673516349785034435408421574240249372182734939335971180394387358496598296334001384569631484695965478060358518225511008592997381126535951097900388553019349999070140781200355755549964918810178809367683900032936917735510286317886562517195591 0 0 0 0 0 0 0 0 0 0 0 0 0 0 0 0 0 0 0 0 0 0 0 0 0 0 0 0 0 0 0 0 0 0 0 0 0 0 0 0 0 0 0 0 0 0 0 0 0 0 0 0 0 0 0 1 0 0 0 0 0 0 0 0 0 0 0 0 0 0 0 0 0 0 0 0 0 0 0 0]
[1167842231784956561901761787939991252203195304623804569267248684585745194294069390744049382816957114670494904724267644348620462222896009164604944595013033956958194239559148345702638489137511949959870168237890590711239348913083666679379843229612 0 0 0 0 0 0 0 0 0 0 0 0 0 0 0 0 0 0 0 0 0 0 0 0 0 0 0 0 0 0 0 0 0 0 0 0 0 0 0 0 0 0 0 0 0 0 0 0 0 0 0 0 0 0 0 0 1 0 0 0 0 0 0 0 0 0 0 0 0 0 0 0 0 0 0 0 0 0 0 0]
[2409954355664465941128715275612320310372105903268456397402628410138943292611390137132040852055975232022201320999569324652166119117583423580098278847740348089255946794428861578448198265133565819991189800950623934174787138924990752202963716971754 0 0 0 0 0 0 0 0 0 0 0 0 0 0 0 0 0 0 0 0 0 0 0 0 0 0 0 0 0 0 0 0 0 0 0 0 0 0 0 0 0 0 0 0 0 0 0 0 0 0 0 0 0 0 0 0 0 1 0 0 0 0 0 0 0 0 0 0 0 0 0 0 0 0 0 0 0 0 0 0]
[516159862753957299476553783696097688834841577565641689732738260815744369619948357463340716958749945644348308799870454657654470006767366301817990752553340589052140816463463159836743085045170054508231554602263998434624167396926921506397902907149 0 0 0 0 0 0 0 0 0 0 0 0 0 0 0 0 0 0 0 0 0 0 0 0 0 0 0 0 0 0 0 0 0 0 0 0 0 0 0 0 0 0 0 0 0 0 0 0 0 0 0 0 0 0 0 0 0 0 1 0 0 0 0 0 0 0 0 0 0 0 0 0 0 0 0 0 0 0 0 0]
[1374598176922324776466931997002526791873740547906929378170965858649224056775023333437535809933587799709864588129433957780967501052234674788139422648874476172877105139457658142566941450905476597016985588929022989107781460346740493359265643301187 0 0 0 0 0 0 0 0 0 0 0 0 0 0 0 0 0 0 0 0 0 0 0 0 0 0 0 0 0 0 0 0 0 0 0 0 0 0 0 0 0 0 0 0 0 0 0 0 0 0 0 0 0 0 0 0 0 0 0 1 0 0 0 0 0 0 0 0 0 0 0 0 0 0 0 0 0 0 0 0]
[2473303196186077995031405977557827526168912030221457723414395471755325260121105536407114070939520069576212938495382576387293775541262787105204216054664090912813915725203007319707725776343342464958773293513706219982172820930772111443414321573468 0 0 0 0 0 0 0 0 0 0 0 0 0 0 0 0 0 0 0 0 0 0 0 0 0 0 0 0 0 0 0 0 0 0 0 0 0 0 0 0 0 0 0 0 0 0 0 0 0 0 0 0 0 0 0 0 0 0 0 0 1 0 0 0 0 0 0 0 0 0 0 0 0 0 0 0 0 0 0 0]
[1759937196044360284904591281135689965877764846567925641820266620522294329751763914007868391262033958230140465323813950169117132514517264350644157703243346345181771730663496835072461750313801216638348225097445845419221768857601569834024988412330 0 0 0 0 0 0 0 0 0 0 0 0 0 0 0 0 0 0 0 0 0 0 0 0 0 0 0 0 0 0 0 0 0 0 0 0 0 0 0 0 0 0 0 0 0 0 0 0 0 0 0 0 0 0 0 0 0 0 0 0 0 1 0 0 0 0 0 0 0 0 0 0 0 0 0 0 0 0 0 0]
[2949749537134960155112205791440077055355133619512218905582250109106917930738322855974810135998292976405854205683811404617123668967154962443722202566299974683771783315668941312138095207148844422005421106611132358869072003132214282132295356057213 0 0 0 0 0 0 0 0 0 0 0 0 0 0 0 0 0 0 0 0 0 0 0 0 0 0 0 0 0 0 0 0 0 0 0 0 0 0 0 0 0 0 0 0 0 0 0 0 0 0 0 0 0 0 0 0 0 0 0 0 0 0 1 0 0 0 0 0 0 0 0 0 0 0 0 0 0 0 0 0]
[3388756939130538809741862661313481528539022419778082317126457731247745109853969493713137775899758224028748465518039627669301369984568817379008063923503372474694940966908242629669818234827396444861112092137489275204324474948571843311907479652453 0 0 0 0 0 0 0 0 0 0 0 0 0 0 0 0 0 0 0 0 0 0 0 0 0 0 0 0 0 0 0 0 0 0 0 0 0 0 0 0 0 0 0 0 0 0 0 0 0 0 0 0 0 0 0 0 0 0 0 0 0 0 0 1 0 0 0 0 0 0 0 0 0 0 0 0 0 0 0 0]
[2928929970720012964332425442662340221064915611441829005398638625374896070102846033741936912222886300016946537301358685241842867275194473886860395431883275308944527193399668875449045970162900597608987579275071907484675271310268098108793540692228 0 0 0 0 0 0 0 0 0 0 0 0 0 0 0 0 0 0 0 0 0 0 0 0 0 0 0 0 0 0 0 0 0 0 0 0 0 0 0 0 0 0 0 0 0 0 0 0 0 0 0 0 0 0 0 0 0 0 0 0 0 0 0 0 1 0 0 0 0 0 0 0 0 0 0 0 0 0 0 0]
[2427572954977845225637552891857581663296749087199049084227168496213363447776893986919094453767739874306696974014310024469622863941766108529312631794365226310442215284020266394237886037486856587457173924092467687337543008886755595430454983564285 0 0 0 0 0 0 0 0 0 0 0 0 0 0 0 0 0 0 0 0 0 0 0 0 0 0 0 0 0 0 0 0 0 0 0 0 0 0 0 0 0 0 0 0 0 0 0 0 0 0 0 0 0 0 0 0 0 0 0 0 0 0 0 0 0 1 0 0 0 0 0 0 0 0 0 0 0 0 0 0]
[530695941204667372322994773059850101104963921869942547229954233670052699426312777360716117825713713619341576511757230961195529586750605358879311797612569520403896437842788157904619758155745492582517316588360879494634128369561496974641812827028 0 0 0 0 0 0 0 0 0 0 0 0 0 0 0 0 0 0 0 0 0 0 0 0 0 0 0 0 0 0 0 0 0 0 0 0 0 0 0 0 0 0 0 0 0 0 0 0 0 0 0 0 0 0 0 0 0 0 0 0 0 0 0 0 0 0 1 0 0 0 0 0 0 0 0 0 0 0 0 0]
[3443687639399486020750651650109145521285005930611967000437490104440891962994800182033012724422008938629649994430247524276508231064210299312836038997059903136314564599513547571045224339722960390542894040685949729550050177324931041366035726791913 0 0 0 0 0 0 0 0 0 0 0 0 0 0 0 0 0 0 0 0 0 0 0 0 0 0 0 0 0 0 0 0 0 0 0 0 0 0 0 0 0 0 0 0 0 0 0 0 0 0 0 0 0 0 0 0 0 0 0 0 0 0 0 0 0 0 0 1 0 0 0 0 0 0 0 0 0 0 0 0]
[2263075442219243024326851785264847447343009370432554956656060924463723804706067819530239017096429032454107198822483244361147741544591201161360407237412481065534425684626330560050338235311924732755040543085587341779042614395050218528050488004048 0 0 0 0 0 0 0 0 0 0 0 0 0 0 0 0 0 0 0 0 0 0 0 0 0 0 0 0 0 0 0 0 0 0 0 0 0 0 0 0 0 0 0 0 0 0 0 0 0 0 0 0 0 0 0 0 0 0 0 0 0 0 0 0 0 0 0 0 1 0 0 0 0 0 0 0 0 0 0 0]
[1003949859366866721620939070247027970710509239952940782011685308472713051226736335206837875988188745472037110691867018764686717005942917165956339547754629392772033950813134780885339210912441325168730514989746797976496604598128541039324974257258 0 0 0 0 0 0 0 0 0 0 0 0 0 0 0 0 0 0 0 0 0 0 0 0 0 0 0 0 0 0 0 0 0 0 0 0 0 0 0 0 0 0 0 0 0 0 0 0 0 0 0 0 0 0 0 0 0 0 0 0 0 0 0 0 0 0 0 0 0 1 0 0 0 0 0 0 0 0 0 0]
[2061762598179955701202453849340030252975454350937882353856987122729007239255767691794484213390730984736288440347943829658271400890294571325532429430554235782386096272926617274629073857800073642708415466054677495612597175502522074748720665863458 0 0 0 0 0 0 0 0 0 0 0 0 0 0 0 0 0 0 0 0 0 0 0 0 0 0 0 0 0 0 0 0 0 0 0 0 0 0 0 0 0 0 0 0 0 0 0 0 0 0 0 0 0 0 0 0 0 0 0 0 0 0 0 0 0 0 0 0 0 0 1 0 0 0 0 0 0 0 0 0]
[3672744811147645840015602665864912443272897481899906267690725432404428847847104177222409345335424769531529025038694595696288009746856949818645509109137068895917092165046871003936189201224263613754603046048759056577453104102063028658277608825044 0 0 0 0 0 0 0 0 0 0 0 0 0 0 0 0 0 0 0 0 0 0 0 0 0 0 0 0 0 0 0 0 0 0 0 0 0 0 0 0 0 0 0 0 0 0 0 0 0 0 0 0 0 0 0 0 0 0 0 0 0 0 0 0 0 0 0 0 0 0 0 1 0 0 0 0 0 0 0 0]
[2736682252657493699502841748248907462787898579956638804701382385092484453504313449942068916731385520695301011374194173432321325729008975727219659490221887304305228524098185085357865931956223016350487566494809052572625081150773744095021408537260 0 0 0 0 0 0 0 0 0 0 0 0 0 0 0 0 0 0 0 0 0 0 0 0 0 0 0 0 0 0 0 0 0 0 0 0 0 0 0 0 0 0 0 0 0 0 0 0 0 0 0 0 0 0 0 0 0 0 0 0 0 0 0 0 0 0 0 0 0 0 0 0 1 0 0 0 0 0 0 0]
[2549553021338487450600284506561283642600918873089045869003651648653571083001945135148742699962350456929898543715473471329718512170801833095067087882198202848091532287282901700968756124134703921216072424186995527358931899780882057973741325780221 0 0 0 0 0 0 0 0 0 0 0 0 0 0 0 0 0 0 0 0 0 0 0 0 0 0 0 0 0 0 0 0 0 0 0 0 0 0 0 0 0 0 0 0 0 0 0 0 0 0 0 0 0 0 0 0 0 0 0 0 0 0 0 0 0 0 0 0 0 0 0 0 0 1 0 0 0 0 0 0]
[3164347075282810684361447845417803296817432467466602356377117780691926859298438533063351643627146050812260103873107590494747721686302094294630651940606431186096383316590664585732231851974246471870865760120026076684424999333802765108446931647000 0 0 0 0 0 0 0 0 0 0 0 0 0 0 0 0 0 0 0 0 0 0 0 0 0 0 0 0 0 0 0 0 0 0 0 0 0 0 0 0 0 0 0 0 0 0 0 0 0 0 0 0 0 0 0 0 0 0 0 0 0 0 0 0 0 0 0 0 0 0 0 0 0 0 1 0 0 0 0 0]
[3580019498919593122533412125174411253391607894775953831341845706857835513726835919614346234806740836930924195644881377931049512294879211196493864258858695344511660669247401939078080264119427362426218008760242923722283833902189378693920548962108 0 0 0 0 0 0 0 0 0 0 0 0 0 0 0 0 0 0 0 0 0 0 0 0 0 0 0 0 0 0 0 0 0 0 0 0 0 0 0 0 0 0 0 0 0 0 0 0 0 0 0 0 0 0 0 0 0 0 0 0 0 0 0 0 0 0 0 0 0 0 0 0 0 0 0 1 0 0 0 0]
[1088373649306928408649832669642141015865044737988225551187539860892002579536678929142426147898255277854278785089120320536537670660200477390981981295225174459433314120489169020745425958766664046579815042160038375171146933886103797485928284603532 0 0 0 0 0 0 0 0 0 0 0 0 0 0 0 0 0 0 0 0 0 0 0 0 0 0 0 0 0 0 0 0 0 0 0 0 0 0 0 0 0 0 0 0 0 0 0 0 0 0 0 0 0 0 0 0 0 0 0 0 0 0 0 0 0 0 0 0 0 0 0 0 0 0 0 0 1 0 0 0]
[571882879631020976847287263498428188647171015133166383752818124068408038427138842117056716156644823094277255071830256883597706386112409406087292976038716675197057380514590862964908657690082838432733810548546723050523687341231957098494300241147 0 0 0 0 0 0 0 0 0 0 0 0 0 0 0 0 0 0 0 0 0 0 0 0 0 0 0 0 0 0 0 0 0 0 0 0 0 0 0 0 0 0 0 0 0 0 0 0 0 0 0 0 0 0 0 0 0 0 0 0 0 0 0 0 0 0 0 0 0 0 0 0 0 0 0 0 0 1 0 0]
[388482549718038687077630010439191781329529742802248112080330531132586270262530690863754719703687976814483255622613618128079141691342711197359021339493268643494873264832937276938553569466024600666566125466069913906211831415597888707466437976191 0 0 0 0 0 0 0 0 0 0 0 0 0 0 0 0 0 0 0 0 0 0 0 0 0 0 0 0 0 0 0 0 0 0 0 0 0 0 0 0 0 0 0 0 0 0 0 0 0 0 0 0 0 0 0 0 0 0 0 0 0 0 0 0 0 0 0 0 0 0 0 0 0 0 0 0 0 0 1 0]
[3567395578322330298545650837413055668503662043001535052509175465042924656008992433069476768052715819238373833159428273217975496560911092863890922748395296746410093054539299013099607406414657704823301563321581214180818668961152361836687964463467 0 0 0 0 0 0 0 0 0 0 0 0 0 0 0 0 0 0 0 0 0 0 0 0 0 0 0 0 0 0 0 0 0 0 0 0 0 0 0 0 0 0 0 0 0 0 0 0 0 0 0 0 0 0 0 0 0 0 0 0 0 0 0 0 0 0 0 0 0 0 0 0 0 0 0 0 0 0 0 1]
]
