[[11592450860125584534126363497917951687238565388276151381647592321138601926525777741034361902027100485221669962897108709882120587653419138618388886923046797330238805244087556461430166723527401656656596906540537692902465775790926771910600477412621518930502540741406015703733166170505230890643432438397188268357484866343491 0 0 0 0 0 0 0 0 0 0 0 0 0 0 0 0 0 0 0 0 0 0 0 0 0 0 0 0 0 0 0 0 0 0 0 0 0 0 0 0 0 0 0 0 0 0 0 0 0 0 0 0 0 0 0 0 0 0 0 0 0 0 0 0 0 0 0 0 0 0 0 0 0 0 0 0 0 0 0 0 0 0 0 0 0 0 0 0 0 0 0 0 0 0 0 0 0 0 0 0 0 0 0 0 0]
[11340744466355915891020169708867409960417061622359092490201987906109065910861789916072264173553289803617412197723939054160800040268878843508453443014207412079680474277069207330290341956659500237361920285420186244561656140846492030543596856607065975705536682269550268170156269216615007792269556410470614694617864423554892 1 0 0 0 0 0 0 0 0 0 0 0 0 0 0 0 0 0 0 0 0 0 0 0 0 0 0 0 0 0 0 0 0 0 0 0 0 0 0 0 0 0 0 0 0 0 0 0 0 0 0 0 0 0 0 0 0 0 0 0 0 0 0 0 0 0 0 0 0 0 0 0 0 0 0 0 0 0 0 0 0 0 0 0 0 0 0 0 0 0 0 0 0 0 0 0 0 0 0 0 0 0 0 0 0]
[7704796844708514222693524609199289096706195663728224358779359689619974377309967329279111561927990168471798401178917686624092223452591954835222471514092330675506192254081147457463195341471448294457640146518191825653589451332104959390846376063770985175359110331231062100047931358943987976323365244301996919859557542778146 0 1 0 0 0 0 0 0 0 0 0 0 0 0 0 0 0 0 0 0 0 0 0 0 0 0 0 0 0 0 0 0 0 0 0 0 0 0 0 0 0 0 0 0 0 0 0 0 0 0 0 0 0 0 0 0 0 0 0 0 0 0 0 0 0 0 0 0 0 0 0 0 0 0 0 0 0 0 0 0 0 0 0 0 0 0 0 0 0 0 0 0 0 0 0 0 0 0 0 0 0 0 0 0 0]
[842870959174613564825572719067927778151751057833580835387756412413806225745089455072297350726989399094287063935992449103220075424873162486878446636588665595444588253650240779679153457415482929142385492547934413336552618029102624383839223903079637744478119569710422933327571567809169389632597962163250098826087613845672 0 0 1 0 0 0 0 0 0 0 0 0 0 0 0 0 0 0 0 0 0 0 0 0 0 0 0 0 0 0 0 0 0 0 0 0 0 0 0 0 0 0 0 0 0 0 0 0 0 0 0 0 0 0 0 0 0 0 0 0 0 0 0 0 0 0 0 0 0 0 0 0 0 0 0 0 0 0 0 0 0 0 0 0 0 0 0 0 0 0 0 0 0 0 0 0 0 0 0 0 0 0 0 0 0]
[5302016419657920240011515935605345082495316285007381305142020175620518285777140201032453407673639297236678500173734429483117796639793793251836751314214231932265855162882232925771631492366849960711476291173956738338948860701726946882735724769116789301270139119578401282059664197288258522881030929689697428192930061363502 0 0 0 1 0 0 0 0 0 0 0 0 0 0 0 0 0 0 0 0 0 0 0 0 0 0 0 0 0 0 0 0 0 0 0 0 0 0 0 0 0 0 0 0 0 0 0 0 0 0 0 0 0 0 0 0 0 0 0 0 0 0 0 0 0 0 0 0 0 0 0 0 0 0 0 0 0 0 0 0 0 0 0 0 0 0 0 0 0 0 0 0 0 0 0 0 0 0 0 0 0 0 0 0 0]
[9351339156864754875575562870810175986045677709702050615766089257270558780285033834439078259721700510665520309732961923909299185167737258016912676396546043699846738792064506420797602716071874959692213942873594188752897027111034612352806935031481412385189125417553082612031896650447272566837816782081514540615807172035995 0 0 0 0 1 0 0 0 0 0 0 0 0 0 0 0 0 0 0 0 0 0 0 0 0 0 0 0 0 0 0 0 0 0 0 0 0 0 0 0 0 0 0 0 0 0 0 0 0 0 0 0 0 0 0 0 0 0 0 0 0 0 0 0 0 0 0 0 0 0 0 0 0 0 0 0 0 0 0 0 0 0 0 0 0 0 0 0 0 0 0 0 0 0 0 0 0 0 0 0 0 0 0 0 0]
[1519117095824973216072051539280869361545341605197148391872181676881256391974345143624382595597222631493890166276989492885490555179253239831151781907020788830698769043069520587088682730649465021007250841619522364134649430649527502144474522670870304738997895430222743854151911470592586387555190042184826939911545579978696 0 0 0 0 0 1 0 0 0 0 0 0 0 0 0 0 0 0 0 0 0 0 0 0 0 0 0 0 0 0 0 0 0 0 0 0 0 0 0 0 0 0 0 0 0 0 0 0 0 0 0 0 0 0 0 0 0 0 0 0 0 0 0 0 0 0 0 0 0 0 0 0 0 0 0 0 0 0 0 0 0 0 0 0 0 0 0 0 0 0 0 0 0 0 0 0 0 0 0 0 0 0 0 0 0]
[8502773880068457818614758130140289578258577146277118985764368276514450338475442383350385436237893840620502307741710972248716741351154275932728704621735171435049792408881106424534349708546713012074720770596156113040893160482948934541761859547769837114133287885916941863439438869658445529295690641154970184993259301377143 0 0 0 0 0 0 1 0 0 0 0 0 0 0 0 0 0 0 0 0 0 0 0 0 0 0 0 0 0 0 0 0 0 0 0 0 0 0 0 0 0 0 0 0 0 0 0 0 0 0 0 0 0 0 0 0 0 0 0 0 0 0 0 0 0 0 0 0 0 0 0 0 0 0 0 0 0 0 0 0 0 0 0 0 0 0 0 0 0 0 0 0 0 0 0 0 0 0 0 0 0 0 0 0 0]
[1331615274552576169816506129377599063717751524554464330313821350100028740237307985069614407967732797458138028299506359185000237281084209294729024086463003396375987609329544554322371085997067768146343098589778009258651577591043223343541643090846413441941545214131147848623685215621647820503565113452443546538343834923916 0 0 0 0 0 0 0 1 0 0 0 0 0 0 0 0 0 0 0 0 0 0 0 0 0 0 0 0 0 0 0 0 0 0 0 0 0 0 0 0 0 0 0 0 0 0 0 0 0 0 0 0 0 0 0 0 0 0 0 0 0 0 0 0 0 0 0 0 0 0 0 0 0 0 0 0 0 0 0 0 0 0 0 0 0 0 0 0 0 0 0 0 0 0 0 0 0 0 0 0 0 0 0 0 0]
[3093918020376663286636866674861100054319251714047080988316741701673033065998651794233892504180983309716617020158401595201417163651291918007967833862804443567193470504864451375389247921822902288785470805257842293339766791844409489999074381696053241099440350165761150293624817295020312730181128512679791996431533166543707 0 0 0 0 0 0 0 0 1 0 0 0 0 0 0 0 0 0 0 0 0 0 0 0 0 0 0 0 0 0 0 0 0 0 0 0 0 0 0 0 0 0 0 0 0 0 0 0 0 0 0 0 0 0 0 0 0 0 0 0 0 0 0 0 0 0 0 0 0 0 0 0 0 0 0 0 0 0 0 0 0 0 0 0 0 0 0 0 0 0 0 0 0 0 0 0 0 0 0 0 0 0 0 0 0]
[79867275241463725238799626433206264557630876249300457337942388438063164086069685054672261396889421710465427261743782952853637737623320503550641501214759236939203461991706747105826124569563037846324478742746084271818383119248745762542375658055930132294355325947376416645367918506993878365068331561768482054575010822023 0 0 0 0 0 0 0 0 0 1 0 0 0 0 0 0 0 0 0 0 0 0 0 0 0 0 0 0 0 0 0 0 0 0 0 0 0 0 0 0 0 0 0 0 0 0 0 0 0 0 0 0 0 0 0 0 0 0 0 0 0 0 0 0 0 0 0 0 0 0 0 0 0 0 0 0 0 0 0 0 0 0 0 0 0 0 0 0 0 0 0 0 0 0 0 0 0 0 0 0 0 0 0 0 0]
[2892249765764414771226846686180175148356211111344713938016724800841386723230722868099569584343209207641857983923848533449201293603816642834595745959287904193285078707450855975227730906347740265722025124308573406751865212137241595693333633860373972307460606832608478450080408260506778352901399565401272753296495600095448 0 0 0 0 0 0 0 0 0 0 1 0 0 0 0 0 0 0 0 0 0 0 0 0 0 0 0 0 0 0 0 0 0 0 0 0 0 0 0 0 0 0 0 0 0 0 0 0 0 0 0 0 0 0 0 0 0 0 0 0 0 0 0 0 0 0 0 0 0 0 0 0 0 0 0 0 0 0 0 0 0 0 0 0 0 0 0 0 0 0 0 0 0 0 0 0 0 0 0 0 0 0 0 0 0]
[5403181483137236041328647770927012028477208905689710233678027998895554722535093415812462002002752160250984016374501076562805472194074099628817013011241638782235825068830848313746868945080005455202713136332273501445174839118152898039158180433285276749252622788330522824569490672931649275146171182606149085359806008729863 0 0 0 0 0 0 0 0 0 0 0 1 0 0 0 0 0 0 0 0 0 0 0 0 0 0 0 0 0 0 0 0 0 0 0 0 0 0 0 0 0 0 0 0 0 0 0 0 0 0 0 0 0 0 0 0 0 0 0 0 0 0 0 0 0 0 0 0 0 0 0 0 0 0 0 0 0 0 0 0 0 0 0 0 0 0 0 0 0 0 0 0 0 0 0 0 0 0 0 0 0 0 0 0 0]
[2337771859001051359281613665319205039480251446552676437911944109053521948287792542795615796918291135563158689548124855729230683501180057016139543901686024382820253629636548410410066446231162297310607804010095066647726430362521600707498721343807491733330941058039095947914662701573639411235690998185765527571838141275484 0 0 0 0 0 0 0 0 0 0 0 0 1 0 0 0 0 0 0 0 0 0 0 0 0 0 0 0 0 0 0 0 0 0 0 0 0 0 0 0 0 0 0 0 0 0 0 0 0 0 0 0 0 0 0 0 0 0 0 0 0 0 0 0 0 0 0 0 0 0 0 0 0 0 0 0 0 0 0 0 0 0 0 0 0 0 0 0 0 0 0 0 0 0 0 0 0 0 0 0 0 0 0 0 0]
[10224639085571019171711385395504635918270747317276099704325107070897120734837906231931072469950276190293826294351886847992673664089790897975687828263394092081471887507962185823363443789757151811375931041219745458581945483257396899804030662904167172006988803478229571308351973591498566042694279155909655031831907363431165 0 0 0 0 0 0 0 0 0 0 0 0 0 1 0 0 0 0 0 0 0 0 0 0 0 0 0 0 0 0 0 0 0 0 0 0 0 0 0 0 0 0 0 0 0 0 0 0 0 0 0 0 0 0 0 0 0 0 0 0 0 0 0 0 0 0 0 0 0 0 0 0 0 0 0 0 0 0 0 0 0 0 0 0 0 0 0 0 0 0 0 0 0 0 0 0 0 0 0 0 0 0 0 0 0]
[8126130799304368241420549585337925279781600190309832010833473289853499773708277894501114260528776194389668675151706291727221229054155420937481529087361528913222059571515211845387505669005213821505407649770578412588800357791146838603064424983256378184264233683411620951569102205154240981730767470833610523239658307801279 0 0 0 0 0 0 0 0 0 0 0 0 0 0 1 0 0 0 0 0 0 0 0 0 0 0 0 0 0 0 0 0 0 0 0 0 0 0 0 0 0 0 0 0 0 0 0 0 0 0 0 0 0 0 0 0 0 0 0 0 0 0 0 0 0 0 0 0 0 0 0 0 0 0 0 0 0 0 0 0 0 0 0 0 0 0 0 0 0 0 0 0 0 0 0 0 0 0 0 0 0 0 0 0 0]
[1254472756423038610187557912701498189183153781342504791898616793882589170763474875656875221593876531476191049543168751730545457074393123956908056342867780871937627257247780988994915611406581463013542513533909050042962014322252868500159789730507965014531318781526371314891068195460568695933036969699644413043548176761191 0 0 0 0 0 0 0 0 0 0 0 0 0 0 0 1 0 0 0 0 0 0 0 0 0 0 0 0 0 0 0 0 0 0 0 0 0 0 0 0 0 0 0 0 0 0 0 0 0 0 0 0 0 0 0 0 0 0 0 0 0 0 0 0 0 0 0 0 0 0 0 0 0 0 0 0 0 0 0 0 0 0 0 0 0 0 0 0 0 0 0 0 0 0 0 0 0 0 0 0 0 0 0 0 0]
[9894310693093868959929627787449544120262369275558627757833803811108843250660865640005746794513271879414302154515093932492015189043763014316719738089342007329021259354331968194560897899359586324182466490701992939723035064552527022523112257749387142255638087625154203777893383188277877186505190520074923181203374520681615 0 0 0 0 0 0 0 0 0 0 0 0 0 0 0 0 1 0 0 0 0 0 0 0 0 0 0 0 0 0 0 0 0 0 0 0 0 0 0 0 0 0 0 0 0 0 0 0 0 0 0 0 0 0 0 0 0 0 0 0 0 0 0 0 0 0 0 0 0 0 0 0 0 0 0 0 0 0 0 0 0 0 0 0 0 0 0 0 0 0 0 0 0 0 0 0 0 0 0 0 0 0 0 0 0]
[3566431949375951730007688328910636368514274305516719206034560167137861364418647248271319070401904065181900411853287331296037751568137705232958869310825474272740546370877620026867982220004563152034676363945439040322971569692617915789031681619672186482101019526441579000012172965128297431735915654966028704572557240540973 0 0 0 0 0 0 0 0 0 0 0 0 0 0 0 0 0 1 0 0 0 0 0 0 0 0 0 0 0 0 0 0 0 0 0 0 0 0 0 0 0 0 0 0 0 0 0 0 0 0 0 0 0 0 0 0 0 0 0 0 0 0 0 0 0 0 0 0 0 0 0 0 0 0 0 0 0 0 0 0 0 0 0 0 0 0 0 0 0 0 0 0 0 0 0 0 0 0 0 0 0 0 0 0 0]
[10175247243654032602470239585548126014014577757341557250951868895592130474898125757728578311071234052932059607501174584925523532833709876672508164692512849043391906747302306876509316637058055558592829104891058768555821934119183500460833014740493243227849467900695282912085787018546404541051462800183337946204443156937841 0 0 0 0 0 0 0 0 0 0 0 0 0 0 0 0 0 0 1 0 0 0 0 0 0 0 0 0 0 0 0 0 0 0 0 0 0 0 0 0 0 0 0 0 0 0 0 0 0 0 0 0 0 0 0 0 0 0 0 0 0 0 0 0 0 0 0 0 0 0 0 0 0 0 0 0 0 0 0 0 0 0 0 0 0 0 0 0 0 0 0 0 0 0 0 0 0 0 0 0 0 0 0 0 0]
[3792758920553536214986414525407548096596340318828656240508196105000545747345238763517303182120634900508788941216210113020698108936637115185735385854065774984695564253785184031021452450317211311797390758783336049129129711221607018021783759150207786177500602737455043328073369214883098495961498101976465234320145910166946 0 0 0 0 0 0 0 0 0 0 0 0 0 0 0 0 0 0 0 1 0 0 0 0 0 0 0 0 0 0 0 0 0 0 0 0 0 0 0 0 0 0 0 0 0 0 0 0 0 0 0 0 0 0 0 0 0 0 0 0 0 0 0 0 0 0 0 0 0 0 0 0 0 0 0 0 0 0 0 0 0 0 0 0 0 0 0 0 0 0 0 0 0 0 0 0 0 0 0 0 0 0 0 0 0]
[2410690754755887247493556095641738752387774788498088897555532684857606576590631182319410006502709398049581060800969033560646651548136346684400848979783251029341000653818436256116326936361520103224211659763579327553937612269901938485826049654811505465298716885136278155671586251388132425488372276542855547418406269242886 0 0 0 0 0 0 0 0 0 0 0 0 0 0 0 0 0 0 0 0 1 0 0 0 0 0 0 0 0 0 0 0 0 0 0 0 0 0 0 0 0 0 0 0 0 0 0 0 0 0 0 0 0 0 0 0 0 0 0 0 0 0 0 0 0 0 0 0 0 0 0 0 0 0 0 0 0 0 0 0 0 0 0 0 0 0 0 0 0 0 0 0 0 0 0 0 0 0 0 0 0 0 0 0 0]
[2215625271639878170628041850531512871818978537498019696685538166521570037198921277825992355820521804822238095560986014365642148501479031249197042808538566901354201567103446459725117570901495490384047580619961117838893112444264036797730856215592764637854382099663174759314671748848336195413723967646949202869391733056892 0 0 0 0 0 0 0 0 0 0 0 0 0 0 0 0 0 0 0 0 0 1 0 0 0 0 0 0 0 0 0 0 0 0 0 0 0 0 0 0 0 0 0 0 0 0 0 0 0 0 0 0 0 0 0 0 0 0 0 0 0 0 0 0 0 0 0 0 0 0 0 0 0 0 0 0 0 0 0 0 0 0 0 0 0 0 0 0 0 0 0 0 0 0 0 0 0 0 0 0 0 0 0 0 0]
[8522957899747540273267331228858619321565770328981321147311510488958112253084858376973805642263512041694147936810455851947000557960640052109691333254246023366892111069530946192858847323537656332706951980719543535156166983929150024504988369783464435445891472225920239804789220495109772187084774932306608778812306434953120 0 0 0 0 0 0 0 0 0 0 0 0 0 0 0 0 0 0 0 0 0 0 1 0 0 0 0 0 0 0 0 0 0 0 0 0 0 0 0 0 0 0 0 0 0 0 0 0 0 0 0 0 0 0 0 0 0 0 0 0 0 0 0 0 0 0 0 0 0 0 0 0 0 0 0 0 0 0 0 0 0 0 0 0 0 0 0 0 0 0 0 0 0 0 0 0 0 0 0 0 0 0 0 0 0]
[783073013450811694519824482460214268778292969733396160264486765474135618721155758803752655489755206384506211131036913071484087364247255607964555349446198929895696437814050817284673157292014160141486722935044255768215536028512235865553882714293467757541376533497963095780289623937405399898534402495156769288163684927285 0 0 0 0 0 0 0 0 0 0 0 0 0 0 0 0 0 0 0 0 0 0 0 1 0 0 0 0 0 0 0 0 0 0 0 0 0 0 0 0 0 0 0 0 0 0 0 0 0 0 0 0 0 0 0 0 0 0 0 0 0 0 0 0 0 0 0 0 0 0 0 0 0 0 0 0 0 0 0 0 0 0 0 0 0 0 0 0 0 0 0 0 0 0 0 0 0 0 0 0 0 0 0 0 0]
[9066854755742730108515609783920864756870810400572106718779894503607064580213731807213598826606030737583257616672172838331169896935415834049296606242706445374827654716408083949078321481416432730948123568315347698944909247779434776821461311243814308949690781113676682036860570109840009357746909627971886863451779035286246 0 0 0 0 0 0 0 0 0 0 0 0 0 0 0 0 0 0 0 0 0 0 0 0 1 0 0 0 0 0 0 0 0 0 0 0 0 0 0 0 0 0 0 0 0 0 0 0 0 0 0 0 0 0 0 0 0 0 0 0 0 0 0 0 0 0 0 0 0 0 0 0 0 0 0 0 0 0 0 0 0 0 0 0 0 0 0 0 0 0 0 0 0 0 0 0 0 0 0 0 0 0 0 0 0]
[18746678389428299102151018475198514813359845493793177708095551964818491068508067108825498022595017926617682963480585717976286948587973152452845393956435213037665323914007378172423812890647847593442330139793758475085870656808427073845556516909804417080951908847134140305070892823623855481712625148926729569689376435482 0 0 0 0 0 0 0 0 0 0 0 0 0 0 0 0 0 0 0 0 0 0 0 0 0 1 0 0 0 0 0 0 0 0 0 0 0 0 0 0 0 0 0 0 0 0 0 0 0 0 0 0 0 0 0 0 0 0 0 0 0 0 0 0 0 0 0 0 0 0 0 0 0 0 0 0 0 0 0 0 0 0 0 0 0 0 0 0 0 0 0 0 0 0 0 0 0 0 0 0 0 0 0 0 0]
[2240916598889668893528684793565332742870510461005868900948059828538596926425339151401064075355230254755767761732376444655910618060513836056251118054307986386689749897274050026313924036720438507075195372977210801937200172872010254390701493115295559407567335647168772235553030024097898449159375539316702698089256174087159 0 0 0 0 0 0 0 0 0 0 0 0 0 0 0 0 0 0 0 0 0 0 0 0 0 0 1 0 0 0 0 0 0 0 0 0 0 0 0 0 0 0 0 0 0 0 0 0 0 0 0 0 0 0 0 0 0 0 0 0 0 0 0 0 0 0 0 0 0 0 0 0 0 0 0 0 0 0 0 0 0 0 0 0 0 0 0 0 0 0 0 0 0 0 0 0 0 0 0 0 0 0 0 0 0]
[3665565637049415585803236544863207603777108222085432608780453930666270926878658826991229490058971089383185358177388883186349358281455264295873231275292944946296795512638435009156730045906534328226106791718512334645755988112802502297693275460015897430835977305480620658147673548410339341710212780839853544420989347933051 0 0 0 0 0 0 0 0 0 0 0 0 0 0 0 0 0 0 0 0 0 0 0 0 0 0 0 1 0 0 0 0 0 0 0 0 0 0 0 0 0 0 0 0 0 0 0 0 0 0 0 0 0 0 0 0 0 0 0 0 0 0 0 0 0 0 0 0 0 0 0 0 0 0 0 0 0 0 0 0 0 0 0 0 0 0 0 0 0 0 0 0 0 0 0 0 0 0 0 0 0 0 0 0 0]
[8575490679006470410127655727336808879955170896804242485898882131115431364497412258036141226250401240242420915593492802820964387242325438943929141161778123232748534147030251666146832809592534192115280969490606430000096123871342462014597294592979433856469294464034034887152770646885541831864118198594733070475790803388186 0 0 0 0 0 0 0 0 0 0 0 0 0 0 0 0 0 0 0 0 0 0 0 0 0 0 0 0 1 0 0 0 0 0 0 0 0 0 0 0 0 0 0 0 0 0 0 0 0 0 0 0 0 0 0 0 0 0 0 0 0 0 0 0 0 0 0 0 0 0 0 0 0 0 0 0 0 0 0 0 0 0 0 0 0 0 0 0 0 0 0 0 0 0 0 0 0 0 0 0 0 0 0 0 0]
[977978092436988278079368722063673603972648990875661241651679025300749593180523217140923323720910810379759060772701457620735475757351404346297064768637760328627036928179263210878823873979304229449756972724474824077121496698384676562800717757924049545242830082908876878839999148099590914139971425336034125286654095672243 0 0 0 0 0 0 0 0 0 0 0 0 0 0 0 0 0 0 0 0 0 0 0 0 0 0 0 0 0 1 0 0 0 0 0 0 0 0 0 0 0 0 0 0 0 0 0 0 0 0 0 0 0 0 0 0 0 0 0 0 0 0 0 0 0 0 0 0 0 0 0 0 0 0 0 0 0 0 0 0 0 0 0 0 0 0 0 0 0 0 0 0 0 0 0 0 0 0 0 0 0 0 0 0 0]
[302892013576792588539539647415155173790702173312818874823407153349297265324204747842547393273349857244882953288438774818892358799305344101568554862156225655294619155696937171486637275018407843193878693528222652661064274532782058255854977115086104041339419131289804681101987142188100198694005755562064347586136842656763 0 0 0 0 0 0 0 0 0 0 0 0 0 0 0 0 0 0 0 0 0 0 0 0 0 0 0 0 0 0 1 0 0 0 0 0 0 0 0 0 0 0 0 0 0 0 0 0 0 0 0 0 0 0 0 0 0 0 0 0 0 0 0 0 0 0 0 0 0 0 0 0 0 0 0 0 0 0 0 0 0 0 0 0 0 0 0 0 0 0 0 0 0 0 0 0 0 0 0 0 0 0 0 0 0]
[3395815631428084345060013796908018425189203567613758278076122851502335122443840290325368348564025138971162626997561581085608260476043777203647296603009442217723757293592996287506059104327255883211817658421407136801702441862704084475808444353859111953001533609178894287731597024259942881403831288684302983450229444080223 0 0 0 0 0 0 0 0 0 0 0 0 0 0 0 0 0 0 0 0 0 0 0 0 0 0 0 0 0 0 0 1 0 0 0 0 0 0 0 0 0 0 0 0 0 0 0 0 0 0 0 0 0 0 0 0 0 0 0 0 0 0 0 0 0 0 0 0 0 0 0 0 0 0 0 0 0 0 0 0 0 0 0 0 0 0 0 0 0 0 0 0 0 0 0 0 0 0 0 0 0 0 0 0 0]
[11539838743439914858803265427658279648611051212930094638500700523914222069499480543329758706757037244177022272970872122284818889295728580874185202232367933641079575623298835827983371792758804447447339833429775034515367403844563966100591784436333278221668000431106244187941148933693126396313617940500058499730682094111520 0 0 0 0 0 0 0 0 0 0 0 0 0 0 0 0 0 0 0 0 0 0 0 0 0 0 0 0 0 0 0 0 1 0 0 0 0 0 0 0 0 0 0 0 0 0 0 0 0 0 0 0 0 0 0 0 0 0 0 0 0 0 0 0 0 0 0 0 0 0 0 0 0 0 0 0 0 0 0 0 0 0 0 0 0 0 0 0 0 0 0 0 0 0 0 0 0 0 0 0 0 0 0 0 0]
[2325765431190572899453290493230261160314061825402328650274777831092332723340718763913654274836131660645101738287124621432001242984013833361727514231054107071057205128547967503113133711896964592121818508979735513551866768433512067635474992865723489131391252354330148817881318020756591217591600479876867337276440755728940 0 0 0 0 0 0 0 0 0 0 0 0 0 0 0 0 0 0 0 0 0 0 0 0 0 0 0 0 0 0 0 0 0 1 0 0 0 0 0 0 0 0 0 0 0 0 0 0 0 0 0 0 0 0 0 0 0 0 0 0 0 0 0 0 0 0 0 0 0 0 0 0 0 0 0 0 0 0 0 0 0 0 0 0 0 0 0 0 0 0 0 0 0 0 0 0 0 0 0 0 0 0 0 0 0]
[2579773139960228488484381322924060116453768844344650004534842884599106335502375121468632140467649073732725276136230076915605600459399625133931753972885775657366450433162760815998521871263368807583584746430860593903083239641428777248608792551838182775593593337329387725611500037948997987443791531782733162428069895538974 0 0 0 0 0 0 0 0 0 0 0 0 0 0 0 0 0 0 0 0 0 0 0 0 0 0 0 0 0 0 0 0 0 0 1 0 0 0 0 0 0 0 0 0 0 0 0 0 0 0 0 0 0 0 0 0 0 0 0 0 0 0 0 0 0 0 0 0 0 0 0 0 0 0 0 0 0 0 0 0 0 0 0 0 0 0 0 0 0 0 0 0 0 0 0 0 0 0 0 0 0 0 0 0 0]
[7591429224554578569105893841877804488430039996054413754885908742253144715129990582393930445644748349649808421262126861953300498702758615458286496691861626091387430561486790356340620562964235492076746048865301212464815013013922913979704131854067843675749508209448523859475920098247297148034689921918499361857723067337541 0 0 0 0 0 0 0 0 0 0 0 0 0 0 0 0 0 0 0 0 0 0 0 0 0 0 0 0 0 0 0 0 0 0 0 1 0 0 0 0 0 0 0 0 0 0 0 0 0 0 0 0 0 0 0 0 0 0 0 0 0 0 0 0 0 0 0 0 0 0 0 0 0 0 0 0 0 0 0 0 0 0 0 0 0 0 0 0 0 0 0 0 0 0 0 0 0 0 0 0 0 0 0 0 0]
[10004655160799566499443105176701840849306101308804289335866906755460033631076236247806609428202351557726338129817248221264966222852193897730502262134494448055327897329340794383080554438914276177923558912696651357076822468609636514839477635085960825461069278034916066673226615876662987354928448128564121511503751649456176 0 0 0 0 0 0 0 0 0 0 0 0 0 0 0 0 0 0 0 0 0 0 0 0 0 0 0 0 0 0 0 0 0 0 0 0 1 0 0 0 0 0 0 0 0 0 0 0 0 0 0 0 0 0 0 0 0 0 0 0 0 0 0 0 0 0 0 0 0 0 0 0 0 0 0 0 0 0 0 0 0 0 0 0 0 0 0 0 0 0 0 0 0 0 0 0 0 0 0 0 0 0 0 0 0]
[3752995681094613324205795011949735202245433974984360349507150573008553497959635740480752366596224902620558713076638074070490301605750430748256586381457064880936719234459535273788752288649088537005375009865191747351975239170390491130823409688936045907917290199676229624331542340838881260446069798602079304319419864036996 0 0 0 0 0 0 0 0 0 0 0 0 0 0 0 0 0 0 0 0 0 0 0 0 0 0 0 0 0 0 0 0 0 0 0 0 0 1 0 0 0 0 0 0 0 0 0 0 0 0 0 0 0 0 0 0 0 0 0 0 0 0 0 0 0 0 0 0 0 0 0 0 0 0 0 0 0 0 0 0 0 0 0 0 0 0 0 0 0 0 0 0 0 0 0 0 0 0 0 0 0 0 0 0 0]
[484755019967450271274706461214032555955390745910178653633766499800620374341185176948403342954581793438693479117489465424298132750503322829614819149612082451170158457483047236662797279548716488067496812654770162322531766318867274561757504238415680406524879239101436440682124737463040173590064061732793368837102500606390 0 0 0 0 0 0 0 0 0 0 0 0 0 0 0 0 0 0 0 0 0 0 0 0 0 0 0 0 0 0 0 0 0 0 0 0 0 0 1 0 0 0 0 0 0 0 0 0 0 0 0 0 0 0 0 0 0 0 0 0 0 0 0 0 0 0 0 0 0 0 0 0 0 0 0 0 0 0 0 0 0 0 0 0 0 0 0 0 0 0 0 0 0 0 0 0 0 0 0 0 0 0 0 0 0]
[1057249998695426561264306702486277437118173608401838192370840232376793772260566747114249832260994514948531191658617129781404284630758256029304468249686249536691547290997727469510642743874748970973459067516520673577256663384979636660038015084194741587305649412234202209929082284584402956476524784652911931530885507156660 0 0 0 0 0 0 0 0 0 0 0 0 0 0 0 0 0 0 0 0 0 0 0 0 0 0 0 0 0 0 0 0 0 0 0 0 0 0 0 1 0 0 0 0 0 0 0 0 0 0 0 0 0 0 0 0 0 0 0 0 0 0 0 0 0 0 0 0 0 0 0 0 0 0 0 0 0 0 0 0 0 0 0 0 0 0 0 0 0 0 0 0 0 0 0 0 0 0 0 0 0 0 0 0 0]
[2105691420057961894822020804235397356883691898851987347172217295353307042223700241501842703892365273029899476203711477918814264179305318328484755485342513527777735834010890746828751741356565554745560370063632796711127813114229257343869238479558255408314107157396521086256750519427659988296098318024180880020396804173132 0 0 0 0 0 0 0 0 0 0 0 0 0 0 0 0 0 0 0 0 0 0 0 0 0 0 0 0 0 0 0 0 0 0 0 0 0 0 0 0 1 0 0 0 0 0 0 0 0 0 0 0 0 0 0 0 0 0 0 0 0 0 0 0 0 0 0 0 0 0 0 0 0 0 0 0 0 0 0 0 0 0 0 0 0 0 0 0 0 0 0 0 0 0 0 0 0 0 0 0 0 0 0 0 0]
[4888431385455721691814367017204135674474875742634619908116438368043541116271644224452391556998251003425057119554742369032030720021576269051470248624503998707626678499384989759572996773018170568520783810088438696321577701639192988365771861361510081964083171693411078620933348206153820479897519875460925970603740953215934 0 0 0 0 0 0 0 0 0 0 0 0 0 0 0 0 0 0 0 0 0 0 0 0 0 0 0 0 0 0 0 0 0 0 0 0 0 0 0 0 0 1 0 0 0 0 0 0 0 0 0 0 0 0 0 0 0 0 0 0 0 0 0 0 0 0 0 0 0 0 0 0 0 0 0 0 0 0 0 0 0 0 0 0 0 0 0 0 0 0 0 0 0 0 0 0 0 0 0 0 0 0 0 0 0]
[8809171917170323504164221944309972402328140135927409333730496662417307577426631720100713904205412330152744782859844009308649090292700186629505267438864065916071398785999768797458973237118309076654506622216977529070011310278385280296812125518228187291197225573369207520121562501388091752152548142217322063292899258863797 0 0 0 0 0 0 0 0 0 0 0 0 0 0 0 0 0 0 0 0 0 0 0 0 0 0 0 0 0 0 0 0 0 0 0 0 0 0 0 0 0 0 1 0 0 0 0 0 0 0 0 0 0 0 0 0 0 0 0 0 0 0 0 0 0 0 0 0 0 0 0 0 0 0 0 0 0 0 0 0 0 0 0 0 0 0 0 0 0 0 0 0 0 0 0 0 0 0 0 0 0 0 0 0 0]
[2569363112840303824527634348658103579664419731877994259534997846466040429549982819815251626692303643616337373188797124156314227974765511102982035328526541782733587757785592119919701519879651307068213792547237149174261956440672635989878893122497685613552795644550681138918028692741403003079672769688938803999013094562923 0 0 0 0 0 0 0 0 0 0 0 0 0 0 0 0 0 0 0 0 0 0 0 0 0 0 0 0 0 0 0 0 0 0 0 0 0 0 0 0 0 0 0 1 0 0 0 0 0 0 0 0 0 0 0 0 0 0 0 0 0 0 0 0 0 0 0 0 0 0 0 0 0 0 0 0 0 0 0 0 0 0 0 0 0 0 0 0 0 0 0 0 0 0 0 0 0 0 0 0 0 0 0 0 0]
[6107510553032930467856336877214182398572416434507949989942258862572093661252334935564403143350812105963101637048005287110839918445308111870965980391667658053907081795793288104352591598923553280334274889149374987821791160699565370556609549990282290258114587079696653131005715950617052838200466504566482036244448374968348 0 0 0 0 0 0 0 0 0 0 0 0 0 0 0 0 0 0 0 0 0 0 0 0 0 0 0 0 0 0 0 0 0 0 0 0 0 0 0 0 0 0 0 0 1 0 0 0 0 0 0 0 0 0 0 0 0 0 0 0 0 0 0 0 0 0 0 0 0 0 0 0 0 0 0 0 0 0 0 0 0 0 0 0 0 0 0 0 0 0 0 0 0 0 0 0 0 0 0 0 0 0 0 0 0]
[1561544142925500089753065868962079594094134397223921423832445569644702136029908762407813421214427624039960239830176455809809750105619396100310592589008154990566123887514258583613444799578990576034053968884772282642912799202811583235289782589318795211209188374654997617176369810717301831865561274148568034103709322615709 0 0 0 0 0 0 0 0 0 0 0 0 0 0 0 0 0 0 0 0 0 0 0 0 0 0 0 0 0 0 0 0 0 0 0 0 0 0 0 0 0 0 0 0 0 1 0 0 0 0 0 0 0 0 0 0 0 0 0 0 0 0 0 0 0 0 0 0 0 0 0 0 0 0 0 0 0 0 0 0 0 0 0 0 0 0 0 0 0 0 0 0 0 0 0 0 0 0 0 0 0 0 0 0 0]
[849936031446464936200481435992538150183769433764884291189989068864278077907573326155362676413147180137714880925566063940569755379426846727023355216825297987989033663457794792178464251242579082195125640001857153728206719221241516757992000920385282534591521520670800808203237855385989411828637463414527970471173967607576 0 0 0 0 0 0 0 0 0 0 0 0 0 0 0 0 0 0 0 0 0 0 0 0 0 0 0 0 0 0 0 0 0 0 0 0 0 0 0 0 0 0 0 0 0 0 1 0 0 0 0 0 0 0 0 0 0 0 0 0 0 0 0 0 0 0 0 0 0 0 0 0 0 0 0 0 0 0 0 0 0 0 0 0 0 0 0 0 0 0 0 0 0 0 0 0 0 0 0 0 0 0 0 0 0]
[10512412948251304984223377462645030660552016773257696423504358105954915984296389940111906127422241860672833995191662751639111981523863015787980864927691453909293672029012687329258974329945423978848001704292778367460551496331645266902542517347737421152451127107371280796970558247778624549692976170161790433606441236778282 0 0 0 0 0 0 0 0 0 0 0 0 0 0 0 0 0 0 0 0 0 0 0 0 0 0 0 0 0 0 0 0 0 0 0 0 0 0 0 0 0 0 0 0 0 0 0 1 0 0 0 0 0 0 0 0 0 0 0 0 0 0 0 0 0 0 0 0 0 0 0 0 0 0 0 0 0 0 0 0 0 0 0 0 0 0 0 0 0 0 0 0 0 0 0 0 0 0 0 0 0 0 0 0 0]
[6960588789431032759076353030761457245855479271061765548985178758928646559684793519712116333014838151077022899191437613715983530075529963626334844572952131547516961485869106238530225453588966008225652060101712931834990784808961177025158334719069621158873584577201604961694392586401927545862420756362359860432052933247338 0 0 0 0 0 0 0 0 0 0 0 0 0 0 0 0 0 0 0 0 0 0 0 0 0 0 0 0 0 0 0 0 0 0 0 0 0 0 0 0 0 0 0 0 0 0 0 0 1 0 0 0 0 0 0 0 0 0 0 0 0 0 0 0 0 0 0 0 0 0 0 0 0 0 0 0 0 0 0 0 0 0 0 0 0 0 0 0 0 0 0 0 0 0 0 0 0 0 0 0 0 0 0 0 0]
[8973251994462618118220575214617852787035380963078309795440091124423636329193584749334393556446264151666306516154923924108250661027379123865298744237529840136072703564745545488313946175275800831968997507986895110648513446096417507399956849414472386859610344629426478335712303882702860205290791640557241597669221829816838 0 0 0 0 0 0 0 0 0 0 0 0 0 0 0 0 0 0 0 0 0 0 0 0 0 0 0 0 0 0 0 0 0 0 0 0 0 0 0 0 0 0 0 0 0 0 0 0 0 1 0 0 0 0 0 0 0 0 0 0 0 0 0 0 0 0 0 0 0 0 0 0 0 0 0 0 0 0 0 0 0 0 0 0 0 0 0 0 0 0 0 0 0 0 0 0 0 0 0 0 0 0 0 0 0]
[2360103289261130148450078397117807662553815544913278909901416913296046586026704738998733233923203777051300613117717636760539862742972860814493658372104823077731071093462100130156486112331691196171910249068600105417172965405572486691996493917246558404899716875886656596873273990039082165512589945146907004198883811681356 0 0 0 0 0 0 0 0 0 0 0 0 0 0 0 0 0 0 0 0 0 0 0 0 0 0 0 0 0 0 0 0 0 0 0 0 0 0 0 0 0 0 0 0 0 0 0 0 0 0 1 0 0 0 0 0 0 0 0 0 0 0 0 0 0 0 0 0 0 0 0 0 0 0 0 0 0 0 0 0 0 0 0 0 0 0 0 0 0 0 0 0 0 0 0 0 0 0 0 0 0 0 0 0 0]
[3736848366276778482085787202180254933447920027809428388505142773172263818250676302219014861968321884740741704627015149109551462994399439655763875181812430076827951106284054145881187374450632226769809796097845213025648476609427170248838497587275765546806480265138835740821618940983983914481006869188594909365768151202681 0 0 0 0 0 0 0 0 0 0 0 0 0 0 0 0 0 0 0 0 0 0 0 0 0 0 0 0 0 0 0 0 0 0 0 0 0 0 0 0 0 0 0 0 0 0 0 0 0 0 0 1 0 0 0 0 0 0 0 0 0 0 0 0 0 0 0 0 0 0 0 0 0 0 0 0 0 0 0 0 0 0 0 0 0 0 0 0 0 0 0 0 0 0 0 0 0 0 0 0 0 0 0 0 0]
[934304871908069242642292635194688089542360711470282584067563483701675199583722550981742666193253174080195017863675016157371649701018049839202619274958904620049775504909049260506468063965357704276234001741388736906004584475372889604687392221211201349022754358719031955916186160779462957363996800422287850212409029074151 0 0 0 0 0 0 0 0 0 0 0 0 0 0 0 0 0 0 0 0 0 0 0 0 0 0 0 0 0 0 0 0 0 0 0 0 0 0 0 0 0 0 0 0 0 0 0 0 0 0 0 0 1 0 0 0 0 0 0 0 0 0 0 0 0 0 0 0 0 0 0 0 0 0 0 0 0 0 0 0 0 0 0 0 0 0 0 0 0 0 0 0 0 0 0 0 0 0 0 0 0 0 0 0 0]
[10017819296873921480768431858237779135280985206644562921258197108523868853986387200996517205014165004059973614988044838866256637805656420065578921478202084953546747572776963215678667099569362111415823806072264065995674491997230102664420207863109803851674724830921595366555996067567465166651130646291769678188922617389746 0 0 0 0 0 0 0 0 0 0 0 0 0 0 0 0 0 0 0 0 0 0 0 0 0 0 0 0 0 0 0 0 0 0 0 0 0 0 0 0 0 0 0 0 0 0 0 0 0 0 0 0 0 1 0 0 0 0 0 0 0 0 0 0 0 0 0 0 0 0 0 0 0 0 0 0 0 0 0 0 0 0 0 0 0 0 0 0 0 0 0 0 0 0 0 0 0 0 0 0 0 0 0 0 0]
[7527219899830044457541039304674334399495865779156379767119725258378415834951767072008210097065456020658453059264407628726479779263248810441063160719240849307581095817716182963175495580121398000157421162050774905106089913101776312523827667911537782588308806595615982397324344673378648024077464086769734484235237659585616 0 0 0 0 0 0 0 0 0 0 0 0 0 0 0 0 0 0 0 0 0 0 0 0 0 0 0 0 0 0 0 0 0 0 0 0 0 0 0 0 0 0 0 0 0 0 0 0 0 0 0 0 0 0 1 0 0 0 0 0 0 0 0 0 0 0 0 0 0 0 0 0 0 0 0 0 0 0 0 0 0 0 0 0 0 0 0 0 0 0 0 0 0 0 0 0 0 0 0 0 0 0 0 0 0]
[3143286821896083682517578519531792931046199435288088271538403170977133502793996860818625858414556324467383445388626832064601908124164000968446444340711930456200113850727597639707440097095305598339635155781574552592924877271987359644522398853146014904912303982275635562146097653959219270800029705600328235717707218037745 0 0 0 0 0 0 0 0 0 0 0 0 0 0 0 0 0 0 0 0 0 0 0 0 0 0 0 0 0 0 0 0 0 0 0 0 0 0 0 0 0 0 0 0 0 0 0 0 0 0 0 0 0 0 0 1 0 0 0 0 0 0 0 0 0 0 0 0 0 0 0 0 0 0 0 0 0 0 0 0 0 0 0 0 0 0 0 0 0 0 0 0 0 0 0 0 0 0 0 0 0 0 0 0 0]
[6728610937415548456076445191594029460849896382552943453504918374204989256487152864580553704170121966558757339645367018953296854008458871032436785787570413366252584477272271890327898011414395380785266980565319618601223514020338873756994255701327900717319293388991929628672321469983946994541318182335660294678472225764988 0 0 0 0 0 0 0 0 0 0 0 0 0 0 0 0 0 0 0 0 0 0 0 0 0 0 0 0 0 0 0 0 0 0 0 0 0 0 0 0 0 0 0 0 0 0 0 0 0 0 0 0 0 0 0 0 1 0 0 0 0 0 0 0 0 0 0 0 0 0 0 0 0 0 0 0 0 0 0 0 0 0 0 0 0 0 0 0 0 0 0 0 0 0 0 0 0 0 0 0 0 0 0 0 0]
[8841507750725541852110550309161207439996806157355396553739689834134432866996201150089462435672218191795596529303539725754547313354968701441981310293593613147636504925460877769481111258096508089747837843660599377367068994396133156038543654655077646789295486559141163798379048189276280538534896178992008189167412375315805 0 0 0 0 0 0 0 0 0 0 0 0 0 0 0 0 0 0 0 0 0 0 0 0 0 0 0 0 0 0 0 0 0 0 0 0 0 0 0 0 0 0 0 0 0 0 0 0 0 0 0 0 0 0 0 0 0 1 0 0 0 0 0 0 0 0 0 0 0 0 0 0 0 0 0 0 0 0 0 0 0 0 0 0 0 0 0 0 0 0 0 0 0 0 0 0 0 0 0 0 0 0 0 0 0]
[10125840526185772193706774537182515748203915662899761070240420770481456959396161984112527604185888940843594204993644599865665559893050247006895729016771107061419135098895086090515138855258798694452493262038747079716124522793438193594982448334442477675074099743504285893048476056702519281501595583575875099352307148370395 0 0 0 0 0 0 0 0 0 0 0 0 0 0 0 0 0 0 0 0 0 0 0 0 0 0 0 0 0 0 0 0 0 0 0 0 0 0 0 0 0 0 0 0 0 0 0 0 0 0 0 0 0 0 0 0 0 0 1 0 0 0 0 0 0 0 0 0 0 0 0 0 0 0 0 0 0 0 0 0 0 0 0 0 0 0 0 0 0 0 0 0 0 0 0 0 0 0 0 0 0 0 0 0 0]
[5862181625890664348752130241238595864194800096745852450193857652341021141226535643169910953907655674710820663724317367544172251804086861468088316898467688115959510075203273486801875493717564416039778813368439091055178974011909077331624885702767927957041195525372652333626371006580043683807948912670863631637641971193372 0 0 0 0 0 0 0 0 0 0 0 0 0 0 0 0 0 0 0 0 0 0 0 0 0 0 0 0 0 0 0 0 0 0 0 0 0 0 0 0 0 0 0 0 0 0 0 0 0 0 0 0 0 0 0 0 0 0 0 1 0 0 0 0 0 0 0 0 0 0 0 0 0 0 0 0 0 0 0 0 0 0 0 0 0 0 0 0 0 0 0 0 0 0 0 0 0 0 0 0 0 0 0 0 0]
[3360234120528987444653210534561182940819781714773481718632532495989850415031334339308677619924346498413509254710575938975913700592174189363465541451976244344715759309120334841640305964633323187537184885098175219545315532261642958342689316544036776392911354943975775694602798369753218635397848076531490835172131354902693 0 0 0 0 0 0 0 0 0 0 0 0 0 0 0 0 0 0 0 0 0 0 0 0 0 0 0 0 0 0 0 0 0 0 0 0 0 0 0 0 0 0 0 0 0 0 0 0 0 0 0 0 0 0 0 0 0 0 0 0 1 0 0 0 0 0 0 0 0 0 0 0 0 0 0 0 0 0 0 0 0 0 0 0 0 0 0 0 0 0 0 0 0 0 0 0 0 0 0 0 0 0 0 0 0]
[4345434982672904424542464680558594932516429179456056308270913378978524308515132680671798754641276719185115250957077008085010397766656612950139362535602044061800738853934186664358903579982229881974423260774635199810326426161829495440177331973114141645262257008597000532887683870187848646811155459169275259178518702308041 0 0 0 0 0 0 0 0 0 0 0 0 0 0 0 0 0 0 0 0 0 0 0 0 0 0 0 0 0 0 0 0 0 0 0 0 0 0 0 0 0 0 0 0 0 0 0 0 0 0 0 0 0 0 0 0 0 0 0 0 0 1 0 0 0 0 0 0 0 0 0 0 0 0 0 0 0 0 0 0 0 0 0 0 0 0 0 0 0 0 0 0 0 0 0 0 0 0 0 0 0 0 0 0 0]
[765081572817573687625587643505304162248474603536729012071016416987902198337026801212396082533331071974479940627532790808367461998291833643032483579580250952220631202317981181834530791188366393058198844344658671182461262126294863008354190174941329172455969335788039962749965293905554299016078685486655436510803047496971 0 0 0 0 0 0 0 0 0 0 0 0 0 0 0 0 0 0 0 0 0 0 0 0 0 0 0 0 0 0 0 0 0 0 0 0 0 0 0 0 0 0 0 0 0 0 0 0 0 0 0 0 0 0 0 0 0 0 0 0 0 0 1 0 0 0 0 0 0 0 0 0 0 0 0 0 0 0 0 0 0 0 0 0 0 0 0 0 0 0 0 0 0 0 0 0 0 0 0 0 0 0 0 0 0]
[5900448167673916466177762080898061772464923934817728665345165198941841190979037365717324174550334017635846843753743672034736076363209890796280163170931908834035385047185450568657385230142073873803520955637971485605320823128776849500417304317617358335997707510222848560083996372641708917255312442805762936932553753240362 0 0 0 0 0 0 0 0 0 0 0 0 0 0 0 0 0 0 0 0 0 0 0 0 0 0 0 0 0 0 0 0 0 0 0 0 0 0 0 0 0 0 0 0 0 0 0 0 0 0 0 0 0 0 0 0 0 0 0 0 0 0 0 1 0 0 0 0 0 0 0 0 0 0 0 0 0 0 0 0 0 0 0 0 0 0 0 0 0 0 0 0 0 0 0 0 0 0 0 0 0 0 0 0 0]
[10976470434991508239706853413398575991310909778717215078011420439830569962006400905125565380472798464339818979359828771029774502867013605993698132166587131419994978789506103588335690136108855439610469424359329943868966157560057780969676116534197642987399861009418037035495939565548311817268940690951808569699192211484481 0 0 0 0 0 0 0 0 0 0 0 0 0 0 0 0 0 0 0 0 0 0 0 0 0 0 0 0 0 0 0 0 0 0 0 0 0 0 0 0 0 0 0 0 0 0 0 0 0 0 0 0 0 0 0 0 0 0 0 0 0 0 0 0 1 0 0 0 0 0 0 0 0 0 0 0 0 0 0 0 0 0 0 0 0 0 0 0 0 0 0 0 0 0 0 0 0 0 0 0 0 0 0 0 0]
[7496772888950352610713474674873408354833105304789075841984530786172070719824514823523473320866310128757110723603750546587092151217967717736182298842704248235613526380955010881750602433080265156927304417989684896496799306305815428581219921491055470907267959541041130468630627760529839938458873171099098354998266261300507 0 0 0 0 0 0 0 0 0 0 0 0 0 0 0 0 0 0 0 0 0 0 0 0 0 0 0 0 0 0 0 0 0 0 0 0 0 0 0 0 0 0 0 0 0 0 0 0 0 0 0 0 0 0 0 0 0 0 0 0 0 0 0 0 0 1 0 0 0 0 0 0 0 0 0 0 0 0 0 0 0 0 0 0 0 0 0 0 0 0 0 0 0 0 0 0 0 0 0 0 0 0 0 0 0]
[5077386832335536776532777688356363937777094554725565329651177868220186083199231355058250847693544589112098524016418711169398911843468146840961028107479830869381411455404579754617180170982091201825202685570847101129131675678792681250698249481043426409262561071147375641795205454153727123414950102859840785789996973670775 0 0 0 0 0 0 0 0 0 0 0 0 0 0 0 0 0 0 0 0 0 0 0 0 0 0 0 0 0 0 0 0 0 0 0 0 0 0 0 0 0 0 0 0 0 0 0 0 0 0 0 0 0 0 0 0 0 0 0 0 0 0 0 0 0 0 1 0 0 0 0 0 0 0 0 0 0 0 0 0 0 0 0 0 0 0 0 0 0 0 0 0 0 0 0 0 0 0 0 0 0 0 0 0 0]
[3413854603441964299308892360707493750526175422933183354339127152254820800466115430334151945876291507222541383108852209553154794107632945152127205563965023746174286280847177362209237281863502923528239055091758159858225075303711476340750598887258619407206711051290187222986679874090058346617416240053998479067590866885887 0 0 0 0 0 0 0 0 0 0 0 0 0 0 0 0 0 0 0 0 0 0 0 0 0 0 0 0 0 0 0 0 0 0 0 0 0 0 0 0 0 0 0 0 0 0 0 0 0 0 0 0 0 0 0 0 0 0 0 0 0 0 0 0 0 0 0 1 0 0 0 0 0 0 0 0 0 0 0 0 0 0 0 0 0 0 0 0 0 0 0 0 0 0 0 0 0 0 0 0 0 0 0 0 0]
[3597054210574635084713807971866357511703778887771327661629451421582376816209032084062115543199063450364500228759179227581603776873708379290483849676913754090617206898700780496767795371156600623774351579654932534445482738695250541737232701663898651781089293245389125928074760915393129357119686906574236357066026466674825 0 0 0 0 0 0 0 0 0 0 0 0 0 0 0 0 0 0 0 0 0 0 0 0 0 0 0 0 0 0 0 0 0 0 0 0 0 0 0 0 0 0 0 0 0 0 0 0 0 0 0 0 0 0 0 0 0 0 0 0 0 0 0 0 0 0 0 0 1 0 0 0 0 0 0 0 0 0 0 0 0 0 0 0 0 0 0 0 0 0 0 0 0 0 0 0 0 0 0 0 0 0 0 0 0]
[3077692224704682605410829453423184407753408824728981492310712963356961938544886186597659807929287895203583090092332798189453412691260108571728078491985712335676018814543149891537931518654133847409893795836716897226657302189896109964889836902377423488689468323509170443933168934604304189271206873926693090464932204030206 0 0 0 0 0 0 0 0 0 0 0 0 0 0 0 0 0 0 0 0 0 0 0 0 0 0 0 0 0 0 0 0 0 0 0 0 0 0 0 0 0 0 0 0 0 0 0 0 0 0 0 0 0 0 0 0 0 0 0 0 0 0 0 0 0 0 0 0 0 1 0 0 0 0 0 0 0 0 0 0 0 0 0 0 0 0 0 0 0 0 0 0 0 0 0 0 0 0 0 0 0 0 0 0 0]
[10792582147164850779823929700466431722729487186260026513469797325614137799046406866592461340484167279691781377562126535939712549262887727182921102983669259467351009983284531742735849969159034501049261752587558980807624639938852189561981352513864618976764691465502242659092005666149367738290477745115118043959455221863469 0 0 0 0 0 0 0 0 0 0 0 0 0 0 0 0 0 0 0 0 0 0 0 0 0 0 0 0 0 0 0 0 0 0 0 0 0 0 0 0 0 0 0 0 0 0 0 0 0 0 0 0 0 0 0 0 0 0 0 0 0 0 0 0 0 0 0 0 0 0 1 0 0 0 0 0 0 0 0 0 0 0 0 0 0 0 0 0 0 0 0 0 0 0 0 0 0 0 0 0 0 0 0 0 0]
[5087042566219828616717260742900119368271460658637317574445763160470405145513799181286345922395819393032501604025507879955614867544355777293341695922474312453624941421479197430176443187485005922147904788350430362656751826594599913393498731155358451082887403245905932527693178555117282562939262626949115358933610781841063 0 0 0 0 0 0 0 0 0 0 0 0 0 0 0 0 0 0 0 0 0 0 0 0 0 0 0 0 0 0 0 0 0 0 0 0 0 0 0 0 0 0 0 0 0 0 0 0 0 0 0 0 0 0 0 0 0 0 0 0 0 0 0 0 0 0 0 0 0 0 0 1 0 0 0 0 0 0 0 0 0 0 0 0 0 0 0 0 0 0 0 0 0 0 0 0 0 0 0 0 0 0 0 0 0]
[5578515224304524302324293933529615493384214331242272439142911415807269918896564713227237130065195166471850974662911418348143734346167308365218612570305785757512454623646517787819743372121159309944309727393624390128694314893735277552543937316805284567598448480826370679643764632226064347421224807248154257742570147025035 0 0 0 0 0 0 0 0 0 0 0 0 0 0 0 0 0 0 0 0 0 0 0 0 0 0 0 0 0 0 0 0 0 0 0 0 0 0 0 0 0 0 0 0 0 0 0 0 0 0 0 0 0 0 0 0 0 0 0 0 0 0 0 0 0 0 0 0 0 0 0 0 1 0 0 0 0 0 0 0 0 0 0 0 0 0 0 0 0 0 0 0 0 0 0 0 0 0 0 0 0 0 0 0 0]
[2212136521556192349210550292273235487808994230812841986724534632719597282785291735144688346653015404457661234346442935813749285177465041144994943507050133574042351463502762174505386936384212330988484193861687790489091090520798365876166133251879078417858280704077388282913963408259402152392020269928271569352047267283526 0 0 0 0 0 0 0 0 0 0 0 0 0 0 0 0 0 0 0 0 0 0 0 0 0 0 0 0 0 0 0 0 0 0 0 0 0 0 0 0 0 0 0 0 0 0 0 0 0 0 0 0 0 0 0 0 0 0 0 0 0 0 0 0 0 0 0 0 0 0 0 0 0 1 0 0 0 0 0 0 0 0 0 0 0 0 0 0 0 0 0 0 0 0 0 0 0 0 0 0 0 0 0 0 0]
[5679067660515352990677035835467931070007160983540295370322819264669307089508274070294105202287610708119004409468633264121805374242104975032485659589772929266247262376992350309289111212313476838484974704738475498676305477927535547251736397124314210469041179927336541839206024528364653803986346802015189222653080312979773 0 0 0 0 0 0 0 0 0 0 0 0 0 0 0 0 0 0 0 0 0 0 0 0 0 0 0 0 0 0 0 0 0 0 0 0 0 0 0 0 0 0 0 0 0 0 0 0 0 0 0 0 0 0 0 0 0 0 0 0 0 0 0 0 0 0 0 0 0 0 0 0 0 0 1 0 0 0 0 0 0 0 0 0 0 0 0 0 0 0 0 0 0 0 0 0 0 0 0 0 0 0 0 0 0]
[5842366520767214236543145359998988768913286317655143336750126834243968415165766131815933497762440023434681396201134478435854104275784911508803607807168183837317762694757509929841930559370273395840193303686855294680862291909641939148462399380880600316867707031994012993044575431200726064108966435549659310901124040535897 0 0 0 0 0 0 0 0 0 0 0 0 0 0 0 0 0 0 0 0 0 0 0 0 0 0 0 0 0 0 0 0 0 0 0 0 0 0 0 0 0 0 0 0 0 0 0 0 0 0 0 0 0 0 0 0 0 0 0 0 0 0 0 0 0 0 0 0 0 0 0 0 0 0 0 1 0 0 0 0 0 0 0 0 0 0 0 0 0 0 0 0 0 0 0 0 0 0 0 0 0 0 0 0 0]
[6041870113999351853389191699831661426079901216608419357971741511655806552944060891504510771407721383498368111357043960431441648381139154657309270863746466864833671229439708445127897994188794057111528921958223774064841761003540073026968776478892141754357299178037893773210175489342063530935169901166031068876542289637933 0 0 0 0 0 0 0 0 0 0 0 0 0 0 0 0 0 0 0 0 0 0 0 0 0 0 0 0 0 0 0 0 0 0 0 0 0 0 0 0 0 0 0 0 0 0 0 0 0 0 0 0 0 0 0 0 0 0 0 0 0 0 0 0 0 0 0 0 0 0 0 0 0 0 0 0 1 0 0 0 0 0 0 0 0 0 0 0 0 0 0 0 0 0 0 0 0 0 0 0 0 0 0 0 0]
[5804781373300061722700782715840015727666047943398489169636136401789295567880803342371384307033369341568800009328582262214334205263913263661725128989830758425485239753251700348762907026401571151012795086435721463532791076176879355855791697073758610076228931635064951751660194951118564816121073318973358961845959202636495 0 0 0 0 0 0 0 0 0 0 0 0 0 0 0 0 0 0 0 0 0 0 0 0 0 0 0 0 0 0 0 0 0 0 0 0 0 0 0 0 0 0 0 0 0 0 0 0 0 0 0 0 0 0 0 0 0 0 0 0 0 0 0 0 0 0 0 0 0 0 0 0 0 0 0 0 0 1 0 0 0 0 0 0 0 0 0 0 0 0 0 0 0 0 0 0 0 0 0 0 0 0 0 0 0]
[374254584407690067822298645190388488985951502871144102174301508929394166647565222855627041631912340735658719956322117392504158548946786184458557293135640420712307019794064763409569879747928961837392336721101133511813843334675118139681637604568812417595679458563712597663809046404242034866668799223669719095961230674950 0 0 0 0 0 0 0 0 0 0 0 0 0 0 0 0 0 0 0 0 0 0 0 0 0 0 0 0 0 0 0 0 0 0 0 0 0 0 0 0 0 0 0 0 0 0 0 0 0 0 0 0 0 0 0 0 0 0 0 0 0 0 0 0 0 0 0 0 0 0 0 0 0 0 0 0 0 0 1 0 0 0 0 0 0 0 0 0 0 0 0 0 0 0 0 0 0 0 0 0 0 0 0 0 0]
[2388327137986356018524373365652192160372198249543342682720253061572377726307972038438892524028237161828264424615368475973325405155478670306689892094508297658601944862075163176481708377363168209489786793041926735366161823250329446196815525325993898786786740913167454927281208177292537869023680592941723120901947206679361 0 0 0 0 0 0 0 0 0 0 0 0 0 0 0 0 0 0 0 0 0 0 0 0 0 0 0 0 0 0 0 0 0 0 0 0 0 0 0 0 0 0 0 0 0 0 0 0 0 0 0 0 0 0 0 0 0 0 0 0 0 0 0 0 0 0 0 0 0 0 0 0 0 0 0 0 0 0 0 1 0 0 0 0 0 0 0 0 0 0 0 0 0 0 0 0 0 0 0 0 0 0 0 0 0]
[11524426897443727129386971500672936566079103445809359491919245548027574471186854691753418662246871927282351544246242585577289215102261547809775516893714945485589205558883530354745324987928410350271740133077223228426591036429770199599146688061959905886306357971611278958765008313742448015152394819184390846453622138829321 0 0 0 0 0 0 0 0 0 0 0 0 0 0 0 0 0 0 0 0 0 0 0 0 0 0 0 0 0 0 0 0 0 0 0 0 0 0 0 0 0 0 0 0 0 0 0 0 0 0 0 0 0 0 0 0 0 0 0 0 0 0 0 0 0 0 0 0 0 0 0 0 0 0 0 0 0 0 0 0 1 0 0 0 0 0 0 0 0 0 0 0 0 0 0 0 0 0 0 0 0 0 0 0 0]
[8137667043288447221025600484426790962767353842118804298872741516443558660305868436319565138336931206138406610817512023283286414317858827106498579284964495893282928118527512910132337635665831896246464879025113719535858660387031924574768704049695369154010411789752077454761551554082982270780118625657497999554600442496552 0 0 0 0 0 0 0 0 0 0 0 0 0 0 0 0 0 0 0 0 0 0 0 0 0 0 0 0 0 0 0 0 0 0 0 0 0 0 0 0 0 0 0 0 0 0 0 0 0 0 0 0 0 0 0 0 0 0 0 0 0 0 0 0 0 0 0 0 0 0 0 0 0 0 0 0 0 0 0 0 0 1 0 0 0 0 0 0 0 0 0 0 0 0 0 0 0 0 0 0 0 0 0 0 0]
[8803847964580715707499998352324531429285750611955859860619569823154844122961243843744056839128168139729336710304395123231034171870742782808928691931986474203022263417472392033540447565559081754041759802607894187963461545190566398058071176005890101848141156100985761594634139683496247650969020361795383072178484325518193 0 0 0 0 0 0 0 0 0 0 0 0 0 0 0 0 0 0 0 0 0 0 0 0 0 0 0 0 0 0 0 0 0 0 0 0 0 0 0 0 0 0 0 0 0 0 0 0 0 0 0 0 0 0 0 0 0 0 0 0 0 0 0 0 0 0 0 0 0 0 0 0 0 0 0 0 0 0 0 0 0 0 1 0 0 0 0 0 0 0 0 0 0 0 0 0 0 0 0 0 0 0 0 0 0]
[5276252766522504705389092734153038263254810544048151023487699992289629430776360427772555070451002123299616796584744824586910299958157159480081306076180114922736451969527740662458329011183105674032529908819831124194924934963377870072052632168728120209330625289018173498154802639582762613775761876322405253841682476983399 0 0 0 0 0 0 0 0 0 0 0 0 0 0 0 0 0 0 0 0 0 0 0 0 0 0 0 0 0 0 0 0 0 0 0 0 0 0 0 0 0 0 0 0 0 0 0 0 0 0 0 0 0 0 0 0 0 0 0 0 0 0 0 0 0 0 0 0 0 0 0 0 0 0 0 0 0 0 0 0 0 0 0 1 0 0 0 0 0 0 0 0 0 0 0 0 0 0 0 0 0 0 0 0 0]
[1868906516302574008512511872611563207840652760536023977239434033799519014242034924471737194058281192360793551261504259287409937474098971464377233881329952090452305949167354079538164135383965692284439345620235598216847853665952540254872887856124819367626191248668520653200454233987190899665205868170801430371155362643800 0 0 0 0 0 0 0 0 0 0 0 0 0 0 0 0 0 0 0 0 0 0 0 0 0 0 0 0 0 0 0 0 0 0 0 0 0 0 0 0 0 0 0 0 0 0 0 0 0 0 0 0 0 0 0 0 0 0 0 0 0 0 0 0 0 0 0 0 0 0 0 0 0 0 0 0 0 0 0 0 0 0 0 0 1 0 0 0 0 0 0 0 0 0 0 0 0 0 0 0 0 0 0 0 0]
[790920502159928989815412692446325977047520403951163124194381874766166236311744502046281548309113494910190979385544074523755859936775815857933936584187563668810385898166471618987107139425995651000269354758831696137149474952548046087297323481405696980177009695347904268007994643165353949105228306051079408303076558046487 0 0 0 0 0 0 0 0 0 0 0 0 0 0 0 0 0 0 0 0 0 0 0 0 0 0 0 0 0 0 0 0 0 0 0 0 0 0 0 0 0 0 0 0 0 0 0 0 0 0 0 0 0 0 0 0 0 0 0 0 0 0 0 0 0 0 0 0 0 0 0 0 0 0 0 0 0 0 0 0 0 0 0 0 0 1 0 0 0 0 0 0 0 0 0 0 0 0 0 0 0 0 0 0 0]
[3913019250553944345730399144721205249705141675569379801139048098467584413285111479730269094751117738059925534672757854291657888033758848350029556950513963240722748614646713082888687361787874061742671951159642741654231842297380775570787728210433772264944726223734767756307726735043549511174150070572681965506784978618892 0 0 0 0 0 0 0 0 0 0 0 0 0 0 0 0 0 0 0 0 0 0 0 0 0 0 0 0 0 0 0 0 0 0 0 0 0 0 0 0 0 0 0 0 0 0 0 0 0 0 0 0 0 0 0 0 0 0 0 0 0 0 0 0 0 0 0 0 0 0 0 0 0 0 0 0 0 0 0 0 0 0 0 0 0 0 1 0 0 0 0 0 0 0 0 0 0 0 0 0 0 0 0 0 0]
[5031535795060718244727016078651868117042655852195694291015400545644732444197301721903101054401415090099638022911397914018983597404813784843201624689749479417040340155389859583676594649880632842353981902528814298712369486896488345488847990188970852231853395715131081000472769697669113605518771475580558723653709915988865 0 0 0 0 0 0 0 0 0 0 0 0 0 0 0 0 0 0 0 0 0 0 0 0 0 0 0 0 0 0 0 0 0 0 0 0 0 0 0 0 0 0 0 0 0 0 0 0 0 0 0 0 0 0 0 0 0 0 0 0 0 0 0 0 0 0 0 0 0 0 0 0 0 0 0 0 0 0 0 0 0 0 0 0 0 0 0 1 0 0 0 0 0 0 0 0 0 0 0 0 0 0 0 0 0]
[11070628297642101667004446329163470251629420199004624081757981133768516121020063121717413995384572214897021224852784650337011612078222328048680985666583949526552227763370411124103438279349542051227154619039852257941323376033192980386162380042526992353786626160351961034270631837821374222858788197153107117200338540413152 0 0 0 0 0 0 0 0 0 0 0 0 0 0 0 0 0 0 0 0 0 0 0 0 0 0 0 0 0 0 0 0 0 0 0 0 0 0 0 0 0 0 0 0 0 0 0 0 0 0 0 0 0 0 0 0 0 0 0 0 0 0 0 0 0 0 0 0 0 0 0 0 0 0 0 0 0 0 0 0 0 0 0 0 0 0 0 0 1 0 0 0 0 0 0 0 0 0 0 0 0 0 0 0 0]
[1168338511752554186280324034613997994813849764560439107169738806959510653437602150424361458058021631579912567325821188739167649919209625965485317445447557886367532216152388611538580692444168165857506210308102207636574888604150231659199035346432734095423993677718249718717189770110213191653432960601171531601753437203944 0 0 0 0 0 0 0 0 0 0 0 0 0 0 0 0 0 0 0 0 0 0 0 0 0 0 0 0 0 0 0 0 0 0 0 0 0 0 0 0 0 0 0 0 0 0 0 0 0 0 0 0 0 0 0 0 0 0 0 0 0 0 0 0 0 0 0 0 0 0 0 0 0 0 0 0 0 0 0 0 0 0 0 0 0 0 0 0 0 1 0 0 0 0 0 0 0 0 0 0 0 0 0 0 0]
[1593956086048284612587827977824001208105710532638551804671869700451034398652603346890012264578426328042258422675970652514683698169724203565749646952221820712221420215464832793657712247246245621447550963908225980324085174065092116428660567017610438906200419336766067832852043645514211152636154603327753081174740880385854 0 0 0 0 0 0 0 0 0 0 0 0 0 0 0 0 0 0 0 0 0 0 0 0 0 0 0 0 0 0 0 0 0 0 0 0 0 0 0 0 0 0 0 0 0 0 0 0 0 0 0 0 0 0 0 0 0 0 0 0 0 0 0 0 0 0 0 0 0 0 0 0 0 0 0 0 0 0 0 0 0 0 0 0 0 0 0 0 0 0 1 0 0 0 0 0 0 0 0 0 0 0 0 0 0]
[5212093015629700303158441891082661467444495675161243118409580597394962446511852729743573981414351288433876415534208645884493494818787884543316179632703006656950948483523196362281832247406581096390804696429374568915067783165849651103599087683189072861263058540432133587476935244961627512099424191002730467358138811368230 0 0 0 0 0 0 0 0 0 0 0 0 0 0 0 0 0 0 0 0 0 0 0 0 0 0 0 0 0 0 0 0 0 0 0 0 0 0 0 0 0 0 0 0 0 0 0 0 0 0 0 0 0 0 0 0 0 0 0 0 0 0 0 0 0 0 0 0 0 0 0 0 0 0 0 0 0 0 0 0 0 0 0 0 0 0 0 0 0 0 0 1 0 0 0 0 0 0 0 0 0 0 0 0 0]
[11048225231417133875353597381824417960835124628550437208389259142732216366735289090659113771511116434776516195405176882744035451798375751843148260131631613108682233728662964983705462967109327863935874029870930278594235718455353883519698710797457229559924963811266823852370402602295689626384532227680323823788279016292567 0 0 0 0 0 0 0 0 0 0 0 0 0 0 0 0 0 0 0 0 0 0 0 0 0 0 0 0 0 0 0 0 0 0 0 0 0 0 0 0 0 0 0 0 0 0 0 0 0 0 0 0 0 0 0 0 0 0 0 0 0 0 0 0 0 0 0 0 0 0 0 0 0 0 0 0 0 0 0 0 0 0 0 0 0 0 0 0 0 0 0 0 1 0 0 0 0 0 0 0 0 0 0 0 0]
[8780777495022998137649624417718883852452028477991470104464455444918055296719863957911322554606068686567792324529355190364242573438721741035724303885065158563965428796965823731771051867630271778527341445776292857925816549925270094049841654735789146796692707574821695405008698982753069588780000726869059031918824226947670 0 0 0 0 0 0 0 0 0 0 0 0 0 0 0 0 0 0 0 0 0 0 0 0 0 0 0 0 0 0 0 0 0 0 0 0 0 0 0 0 0 0 0 0 0 0 0 0 0 0 0 0 0 0 0 0 0 0 0 0 0 0 0 0 0 0 0 0 0 0 0 0 0 0 0 0 0 0 0 0 0 0 0 0 0 0 0 0 0 0 0 0 0 1 0 0 0 0 0 0 0 0 0 0 0]
[3511663572151160847853812539108514207752220765488017775199531632555939176007411902257262776261930054470328202864363076829859927285732690884932911098880897988275664597602616716339807853274291764618961518405580089547546238390271356473306049838248288064418411912553466467913152416957796093548714107336956888615507664106937 0 0 0 0 0 0 0 0 0 0 0 0 0 0 0 0 0 0 0 0 0 0 0 0 0 0 0 0 0 0 0 0 0 0 0 0 0 0 0 0 0 0 0 0 0 0 0 0 0 0 0 0 0 0 0 0 0 0 0 0 0 0 0 0 0 0 0 0 0 0 0 0 0 0 0 0 0 0 0 0 0 0 0 0 0 0 0 0 0 0 0 0 0 0 1 0 0 0 0 0 0 0 0 0 0]
[5051100694408250189293292388609292242020326348281929806334783600070963908256314990855542096746674205407295991115234233808617002739041073851519149538247036006430027005182962522206144580822127719416512980339086884515832769254419924943636654214112066074546402335022350587195037685328740972887639994520763193014180289701890 0 0 0 0 0 0 0 0 0 0 0 0 0 0 0 0 0 0 0 0 0 0 0 0 0 0 0 0 0 0 0 0 0 0 0 0 0 0 0 0 0 0 0 0 0 0 0 0 0 0 0 0 0 0 0 0 0 0 0 0 0 0 0 0 0 0 0 0 0 0 0 0 0 0 0 0 0 0 0 0 0 0 0 0 0 0 0 0 0 0 0 0 0 0 0 1 0 0 0 0 0 0 0 0 0]
[4961560287330610511021969404913822665803507671589291815991510540604669379854940203076122475328345224728298269459546977850385699987618127971039117654370975605203479817423528229458678903938547674735252798995461404478259366230131686161188791132911285542554576600142015381967663667982266485325098584121417309647556997280186 0 0 0 0 0 0 0 0 0 0 0 0 0 0 0 0 0 0 0 0 0 0 0 0 0 0 0 0 0 0 0 0 0 0 0 0 0 0 0 0 0 0 0 0 0 0 0 0 0 0 0 0 0 0 0 0 0 0 0 0 0 0 0 0 0 0 0 0 0 0 0 0 0 0 0 0 0 0 0 0 0 0 0 0 0 0 0 0 0 0 0 0 0 0 0 0 1 0 0 0 0 0 0 0 0]
[8041020161249534870674126083119727385198334198488331522730265223378185441397469509443498944865469360859367953408937898061234712476134216198344490910819364636973471369479105624526176882368611654382850875145257578329382731230362524899181629314284460528310743047428123865620789862942707637842210572502642673828486567687523 0 0 0 0 0 0 0 0 0 0 0 0 0 0 0 0 0 0 0 0 0 0 0 0 0 0 0 0 0 0 0 0 0 0 0 0 0 0 0 0 0 0 0 0 0 0 0 0 0 0 0 0 0 0 0 0 0 0 0 0 0 0 0 0 0 0 0 0 0 0 0 0 0 0 0 0 0 0 0 0 0 0 0 0 0 0 0 0 0 0 0 0 0 0 0 0 0 1 0 0 0 0 0 0 0]
[5148418901015220015086327127346010664716197759457904667427649564293268574884767230307483973945766383687702655776586570060623162892514732369024077306019711373942391962974197418155532576775227034707899966449058084534131735299464980853246488099557930473830595439588677269711365485916594257112786614923358189470573176876520 0 0 0 0 0 0 0 0 0 0 0 0 0 0 0 0 0 0 0 0 0 0 0 0 0 0 0 0 0 0 0 0 0 0 0 0 0 0 0 0 0 0 0 0 0 0 0 0 0 0 0 0 0 0 0 0 0 0 0 0 0 0 0 0 0 0 0 0 0 0 0 0 0 0 0 0 0 0 0 0 0 0 0 0 0 0 0 0 0 0 0 0 0 0 0 0 0 0 1 0 0 0 0 0 0]
[1094850317602378018480858453904806345436401733898329724087682736812395392799024062045898315778738163133734690971317712123284982588213481015292445091547605483588885535662234643686944867519127076536099245004820001284347175131350488021784289760287119580128141518269348484284002865137816953390700317129242693766414134770 0 0 0 0 0 0 0 0 0 0 0 0 0 0 0 0 0 0 0 0 0 0 0 0 0 0 0 0 0 0 0 0 0 0 0 0 0 0 0 0 0 0 0 0 0 0 0 0 0 0 0 0 0 0 0 0 0 0 0 0 0 0 0 0 0 0 0 0 0 0 0 0 0 0 0 0 0 0 0 0 0 0 0 0 0 0 0 0 0 0 0 0 0 0 0 0 0 0 0 1 0 0 0 0 0]
[4476443965555296499740151789475262792509489269312290032723661363065338671751737859186123605509237162570498168504609541842761512793933483509124110619153002299748421055448615160018302452551692706709135315662778913084143126835980321423180168301298088710982068027373729600987455973454769474175202183974052253732545951172489 0 0 0 0 0 0 0 0 0 0 0 0 0 0 0 0 0 0 0 0 0 0 0 0 0 0 0 0 0 0 0 0 0 0 0 0 0 0 0 0 0 0 0 0 0 0 0 0 0 0 0 0 0 0 0 0 0 0 0 0 0 0 0 0 0 0 0 0 0 0 0 0 0 0 0 0 0 0 0 0 0 0 0 0 0 0 0 0 0 0 0 0 0 0 0 0 0 0 0 0 1 0 0 0 0]
[1087361464214960748949074985010798649850769557772525294222361778165841115069856804529520218229415891053680021411810718694920535707837535587000638798854134418626919494580983460909877009912039365108834394961479816091431579417677054775150087421984019548816224811571434497439447745284234760611794756869756781106227114600106 0 0 0 0 0 0 0 0 0 0 0 0 0 0 0 0 0 0 0 0 0 0 0 0 0 0 0 0 0 0 0 0 0 0 0 0 0 0 0 0 0 0 0 0 0 0 0 0 0 0 0 0 0 0 0 0 0 0 0 0 0 0 0 0 0 0 0 0 0 0 0 0 0 0 0 0 0 0 0 0 0 0 0 0 0 0 0 0 0 0 0 0 0 0 0 0 0 0 0 0 0 1 0 0 0]
[8771014331368420217105657292778935554686248272074401082064852160148902711418968333518186278309468648455462849565509047179724630938701331537107809367641702380195674737097180261984005486096982534696731165926775036990368298374028175807927942565084731653015047683583842655276396289564044314354181908311515784405124015328619 0 0 0 0 0 0 0 0 0 0 0 0 0 0 0 0 0 0 0 0 0 0 0 0 0 0 0 0 0 0 0 0 0 0 0 0 0 0 0 0 0 0 0 0 0 0 0 0 0 0 0 0 0 0 0 0 0 0 0 0 0 0 0 0 0 0 0 0 0 0 0 0 0 0 0 0 0 0 0 0 0 0 0 0 0 0 0 0 0 0 0 0 0 0 0 0 0 0 0 0 0 0 1 0 0]
[1517306971930258873507821159856197704593095044641851747920841833554912995477093042088348514825129049595225138941675345627326337914366911522129148700673828100767174807646928171383378275520883381912366377315616356928486650111897395851862652260409209813759875138334438721511435173320578314304106709317477658355963683554540 0 0 0 0 0 0 0 0 0 0 0 0 0 0 0 0 0 0 0 0 0 0 0 0 0 0 0 0 0 0 0 0 0 0 0 0 0 0 0 0 0 0 0 0 0 0 0 0 0 0 0 0 0 0 0 0 0 0 0 0 0 0 0 0 0 0 0 0 0 0 0 0 0 0 0 0 0 0 0 0 0 0 0 0 0 0 0 0 0 0 0 0 0 0 0 0 0 0 0 0 0 0 0 1 0]
[204399454370746549354274159535752053793324657149984489497567084350439621154473266988645975322718123243359794227889325371329742162798357265466442747044504516370024729155023170238618973814880838235117022816178101200516279756430024124239872588667883953909818527228021398972209223889186982330390492864649454485226109239872 0 0 0 0 0 0 0 0 0 0 0 0 0 0 0 0 0 0 0 0 0 0 0 0 0 0 0 0 0 0 0 0 0 0 0 0 0 0 0 0 0 0 0 0 0 0 0 0 0 0 0 0 0 0 0 0 0 0 0 0 0 0 0 0 0 0 0 0 0 0 0 0 0 0 0 0 0 0 0 0 0 0 0 0 0 0 0 0 0 0 0 0 0 0 0 0 0 0 0 0 0 0 0 0 1]
]
