[[2326200069981238107395603741339453839123773067700589521737525021097664160370499876444597513407265130172601652366248417472536691 0 0 0 0 0 0 0 0 0 0 0 0 0 0 0 0 0 0 0 0 0 0 0 0 0 0 0 0 0 0 0 0 0 0 0 0 0 0 0 0 0]
[978944075896563933785933155043309442927883408348212743720387086824107549080584255168998639935901200666461675938448504499935718 1 0 0 0 0 0 0 0 0 0 0 0 0 0 0 0 0 0 0 0 0 0 0 0 0 0 0 0 0 0 0 0 0 0 0 0 0 0 0 0 0]
[1417535229893145602750660008045419114705094926307324534837756267218571303972788028339986411127438071228631490989747433044986346 0 1 0 0 0 0 0 0 0 0 0 0 0 0 0 0 0 0 0 0 0 0 0 0 0 0 0 0 0 0 0 0 0 0 0 0 0 0 0 0 0]
[1725835721704206850071192952126993893891720136743877953164283367670308466537269298399526291808563404200969435925631335733441186 0 0 1 0 0 0 0 0 0 0 0 0 0 0 0 0 0 0 0 0 0 0 0 0 0 0 0 0 0 0 0 0 0 0 0 0 0 0 0 0 0]
[953852609028685155325452094336795102934914329215542284047076674043028227823954162024328698544192953966211860951099370103691188 0 0 0 1 0 0 0 0 0 0 0 0 0 0 0 0 0 0 0 0 0 0 0 0 0 0 0 0 0 0 0 0 0 0 0 0 0 0 0 0 0]
[1921848580456126812719776086157197636751777693039787786110822654935746980283058911519818014572764159867493602076436785087604888 0 0 0 0 1 0 0 0 0 0 0 0 0 0 0 0 0 0 0 0 0 0 0 0 0 0 0 0 0 0 0 0 0 0 0 0 0 0 0 0 0]
[823017475166407627751885733275540103241317095850338551709259087677654975647034146113272113302989457465037192287662147782769823 0 0 0 0 0 1 0 0 0 0 0 0 0 0 0 0 0 0 0 0 0 0 0 0 0 0 0 0 0 0 0 0 0 0 0 0 0 0 0 0 0]
[2246640400498018115893483421970326097947175318108091335205152412740626661563849798629288903559719110106244717323609259177569574 0 0 0 0 0 0 1 0 0 0 0 0 0 0 0 0 0 0 0 0 0 0 0 0 0 0 0 0 0 0 0 0 0 0 0 0 0 0 0 0 0]
[1291246968372813568325903153173093257986838551379090599256247192568984786587759652967239795978752158921753544369506501313735473 0 0 0 0 0 0 0 1 0 0 0 0 0 0 0 0 0 0 0 0 0 0 0 0 0 0 0 0 0 0 0 0 0 0 0 0 0 0 0 0 0]
[1185494233244035161487247236403582495946067861989960797260202769772141586338806016586297004509298361090764697081612220300751346 0 0 0 0 0 0 0 0 1 0 0 0 0 0 0 0 0 0 0 0 0 0 0 0 0 0 0 0 0 0 0 0 0 0 0 0 0 0 0 0 0]
[1124976770197548880078938607669962272075906040203974344570287193891549350070916680611337474181369128111462591596823753173325229 0 0 0 0 0 0 0 0 0 1 0 0 0 0 0 0 0 0 0 0 0 0 0 0 0 0 0 0 0 0 0 0 0 0 0 0 0 0 0 0 0]
[1713633084516753083525076992799456783005339927517681028988893763847055380895538714872971139954887067681861237963774853893574383 0 0 0 0 0 0 0 0 0 0 1 0 0 0 0 0 0 0 0 0 0 0 0 0 0 0 0 0 0 0 0 0 0 0 0 0 0 0 0 0 0]
[2207122872427035778474033030733260559868746710990664476411703591733625504683637194822660956066402434945568124545764139922485275 0 0 0 0 0 0 0 0 0 0 0 1 0 0 0 0 0 0 0 0 0 0 0 0 0 0 0 0 0 0 0 0 0 0 0 0 0 0 0 0 0]
[1453276225025195602569691009964535036538285287019168710180207777916450648422135563532774574240361156684974055283185767014980983 0 0 0 0 0 0 0 0 0 0 0 0 1 0 0 0 0 0 0 0 0 0 0 0 0 0 0 0 0 0 0 0 0 0 0 0 0 0 0 0 0]
[1255796485374764420922385666823287761994541852420959701067489901956207295312317645078330701395000268591834618860623592868224197 0 0 0 0 0 0 0 0 0 0 0 0 0 1 0 0 0 0 0 0 0 0 0 0 0 0 0 0 0 0 0 0 0 0 0 0 0 0 0 0 0]
[76847394012601170933686543579870573416884394639805636674820399713944024948744052768558151665574579392227876275309431236004315 0 0 0 0 0 0 0 0 0 0 0 0 0 0 1 0 0 0 0 0 0 0 0 0 0 0 0 0 0 0 0 0 0 0 0 0 0 0 0 0 0]
[38242875360999392404769271746682335318843680643002006564915750468315752734614308752327351224518015397355978804547615696698040 0 0 0 0 0 0 0 0 0 0 0 0 0 0 0 1 0 0 0 0 0 0 0 0 0 0 0 0 0 0 0 0 0 0 0 0 0 0 0 0 0]
[267440486862463353610754611392406235436794824496641451133637592144686225953319668387454263061351999381716287780996290557966162 0 0 0 0 0 0 0 0 0 0 0 0 0 0 0 0 1 0 0 0 0 0 0 0 0 0 0 0 0 0 0 0 0 0 0 0 0 0 0 0 0]
[1416869867239192623780961074544109871109722078773398441296392036524552797897272418148698538448008599874270514201847504818177522 0 0 0 0 0 0 0 0 0 0 0 0 0 0 0 0 0 1 0 0 0 0 0 0 0 0 0 0 0 0 0 0 0 0 0 0 0 0 0 0 0]
[1686573016315817197893986497256997307543641311620020217620774694814441220174137398864986923791494263792947413610930008651939745 0 0 0 0 0 0 0 0 0 0 0 0 0 0 0 0 0 0 1 0 0 0 0 0 0 0 0 0 0 0 0 0 0 0 0 0 0 0 0 0 0]
[263964061910688057173318123731663901113380526133424020866461492574613523302354828501772376105128131753432994582107343841339319 0 0 0 0 0 0 0 0 0 0 0 0 0 0 0 0 0 0 0 1 0 0 0 0 0 0 0 0 0 0 0 0 0 0 0 0 0 0 0 0 0]
[2183550572476052483830203186022860432805944133298030684914125959293176612299918983834123377738833930493539546558379573252618867 0 0 0 0 0 0 0 0 0 0 0 0 0 0 0 0 0 0 0 0 1 0 0 0 0 0 0 0 0 0 0 0 0 0 0 0 0 0 0 0 0]
[1307354339044983819763222931154723104692497699656542880934396462372922728615032248856774653956414532411702340852209185456357138 0 0 0 0 0 0 0 0 0 0 0 0 0 0 0 0 0 0 0 0 0 1 0 0 0 0 0 0 0 0 0 0 0 0 0 0 0 0 0 0 0]
[334918168632483689963961482222759824610002332573156389441231902458677476815188082972429210547225065687565904421387375906732427 0 0 0 0 0 0 0 0 0 0 0 0 0 0 0 0 0 0 0 0 0 0 1 0 0 0 0 0 0 0 0 0 0 0 0 0 0 0 0 0 0]
[1425400329524664775628795090082705148770961900732247478999240560234109817310365623152991611772939992825485638073197325014578113 0 0 0 0 0 0 0 0 0 0 0 0 0 0 0 0 0 0 0 0 0 0 0 1 0 0 0 0 0 0 0 0 0 0 0 0 0 0 0 0 0]
[1261762432508348106463409254067232048725010706857671842798525963658293377604744644530871347570283567355819666170275995005465426 0 0 0 0 0 0 0 0 0 0 0 0 0 0 0 0 0 0 0 0 0 0 0 0 1 0 0 0 0 0 0 0 0 0 0 0 0 0 0 0 0]
[1935884854169255312263990754111807363268131276566929081789138663823685803096709477310316854229197655728175741297516224504411948 0 0 0 0 0 0 0 0 0 0 0 0 0 0 0 0 0 0 0 0 0 0 0 0 0 1 0 0 0 0 0 0 0 0 0 0 0 0 0 0 0]
[1330653376243317760225387644586703467456284606443764563175288735567264007587855133611468637261298082501769145935519864210502444 0 0 0 0 0 0 0 0 0 0 0 0 0 0 0 0 0 0 0 0 0 0 0 0 0 0 1 0 0 0 0 0 0 0 0 0 0 0 0 0 0]
[2205746818404323144411713789215386942624813920699844243854564328111133566758827095996373129114075835407663370581174242986725314 0 0 0 0 0 0 0 0 0 0 0 0 0 0 0 0 0 0 0 0 0 0 0 0 0 0 0 1 0 0 0 0 0 0 0 0 0 0 0 0 0]
[183948315726908768388097635205197322485553018930358113700574858369515291044229098163867118964881219254937586254661838819252830 0 0 0 0 0 0 0 0 0 0 0 0 0 0 0 0 0 0 0 0 0 0 0 0 0 0 0 0 1 0 0 0 0 0 0 0 0 0 0 0 0]
[883851498227475846120539286298128408743838095397529632670529535886983519615811993453631727488462430494743605573888063553147276 0 0 0 0 0 0 0 0 0 0 0 0 0 0 0 0 0 0 0 0 0 0 0 0 0 0 0 0 0 1 0 0 0 0 0 0 0 0 0 0 0]
[74345924419477407112101408125204905018687423751352985861083015275181734351563578863879833338792594984674348342489997508712984 0 0 0 0 0 0 0 0 0 0 0 0 0 0 0 0 0 0 0 0 0 0 0 0 0 0 0 0 0 0 1 0 0 0 0 0 0 0 0 0 0]
[1081041496082983761051067706423650343306102643488652662011437165269045769522438494902676610295270768750093409311340556712185614 0 0 0 0 0 0 0 0 0 0 0 0 0 0 0 0 0 0 0 0 0 0 0 0 0 0 0 0 0 0 0 1 0 0 0 0 0 0 0 0 0]
[1890743978013293345000810905246407998788019092952735838472867480893604117976021378684869468941135819867092290745828703346750262 0 0 0 0 0 0 0 0 0 0 0 0 0 0 0 0 0 0 0 0 0 0 0 0 0 0 0 0 0 0 0 0 1 0 0 0 0 0 0 0 0]
[491175654093599700384776614111124244764866200105486429479216945123678532999966149995236172891182480851269243940578467765736892 0 0 0 0 0 0 0 0 0 0 0 0 0 0 0 0 0 0 0 0 0 0 0 0 0 0 0 0 0 0 0 0 0 1 0 0 0 0 0 0 0]
[863272047697957042198249026919510315675136498371470520133355803751679703602598342665205590358623567111559447181657327787314430 0 0 0 0 0 0 0 0 0 0 0 0 0 0 0 0 0 0 0 0 0 0 0 0 0 0 0 0 0 0 0 0 0 0 1 0 0 0 0 0 0]
[628834496580378227949930039390455815861613209825312925926615728853960750050350901550183573936187042113686999849187342169116409 0 0 0 0 0 0 0 0 0 0 0 0 0 0 0 0 0 0 0 0 0 0 0 0 0 0 0 0 0 0 0 0 0 0 0 1 0 0 0 0 0]
[2325549415840801769698684006147362289155777524797846316414594809090457729454749517445428405858469489765450867266181813796979137 0 0 0 0 0 0 0 0 0 0 0 0 0 0 0 0 0 0 0 0 0 0 0 0 0 0 0 0 0 0 0 0 0 0 0 0 1 0 0 0 0]
[355552978135644627431410950245840549480681269879801947296473404505019291917864151983166514085127269734345313018870788106077527 0 0 0 0 0 0 0 0 0 0 0 0 0 0 0 0 0 0 0 0 0 0 0 0 0 0 0 0 0 0 0 0 0 0 0 0 0 1 0 0 0]
[111897511441471223820912530923514407688323751588369920920631254236644614727500468077469270161140756476763024134671482800915463 0 0 0 0 0 0 0 0 0 0 0 0 0 0 0 0 0 0 0 0 0 0 0 0 0 0 0 0 0 0 0 0 0 0 0 0 0 0 1 0 0]
[1389064192661102485474078544960766138823001730308088596557175802101535459096340350295246264892295205936693266660491222464595174 0 0 0 0 0 0 0 0 0 0 0 0 0 0 0 0 0 0 0 0 0 0 0 0 0 0 0 0 0 0 0 0 0 0 0 0 0 0 0 1 0]
[1302765422901458360825622192461800106811095697027664135859899262696018979756983996865393024714705687916622074722173167589488787 0 0 0 0 0 0 0 0 0 0 0 0 0 0 0 0 0 0 0 0 0 0 0 0 0 0 0 0 0 0 0 0 0 0 0 0 0 0 0 0 1]
]
