[[4884054299189274296897808267886237074254719486875511869157048777282059593360056867158569571987525190895478221987796232935386899999302669755444400861055699868595675967613166590154044335919959182236537462089561027837280176853 0 0 0 0 0 0 0 0 0 0 0 0 0 0 0 0 0 0 0 0 0 0 0 0 0 0 0 0 0 0 0 0 0 0 0 0 0 0 0 0 0 0 0 0 0 0 0 0 0 0 0 0 0 0 0 0 0 0 0 0 0 0 0 0 0 0 0 0 0 0 0 0 0]
[4726633850884077046679340243993946358127102245311780354623235391280241476536899440599244990295452553532566044794826847485242123236654733790170766738493043672471017626427216712439702225774027103121709649554412404445340038669 1 0 0 0 0 0 0 0 0 0 0 0 0 0 0 0 0 0 0 0 0 0 0 0 0 0 0 0 0 0 0 0 0 0 0 0 0 0 0 0 0 0 0 0 0 0 0 0 0 0 0 0 0 0 0 0 0 0 0 0 0 0 0 0 0 0 0 0 0 0 0 0 0]
[4548722705435913070903368487021284613144869622074318880688967248519058622035541815503957525484533838936826139549252382902944792241651188000788528424978589294030971076071219549237442621950090038116603593387755001630008210957 0 1 0 0 0 0 0 0 0 0 0 0 0 0 0 0 0 0 0 0 0 0 0 0 0 0 0 0 0 0 0 0 0 0 0 0 0 0 0 0 0 0 0 0 0 0 0 0 0 0 0 0 0 0 0 0 0 0 0 0 0 0 0 0 0 0 0 0 0 0 0 0 0]
[3548239844898517325516695761948819419690061043534234007092450268834832337936083031841170829725163763338158372938399026381142700424893016485307896020899037068836694552708624664555273274277766018962292812002874052951955750458 0 0 1 0 0 0 0 0 0 0 0 0 0 0 0 0 0 0 0 0 0 0 0 0 0 0 0 0 0 0 0 0 0 0 0 0 0 0 0 0 0 0 0 0 0 0 0 0 0 0 0 0 0 0 0 0 0 0 0 0 0 0 0 0 0 0 0 0 0 0 0 0 0]
[3910844838107269699816679930100880205182603466445350696136325080161117747630640817073645345320121077941810915654179108096082048596089408815379891414848549733306774688426969618944163207085478242819870819033578297913976838316 0 0 0 1 0 0 0 0 0 0 0 0 0 0 0 0 0 0 0 0 0 0 0 0 0 0 0 0 0 0 0 0 0 0 0 0 0 0 0 0 0 0 0 0 0 0 0 0 0 0 0 0 0 0 0 0 0 0 0 0 0 0 0 0 0 0 0 0 0 0 0 0 0]
[1151844489006998621593821320078739979577540739223204771224265399739446447162025473168184449840080216318732321423520421694569425498272965823158140650428018255954454689112517456401175951422957225452066452570485352439232313326 0 0 0 0 1 0 0 0 0 0 0 0 0 0 0 0 0 0 0 0 0 0 0 0 0 0 0 0 0 0 0 0 0 0 0 0 0 0 0 0 0 0 0 0 0 0 0 0 0 0 0 0 0 0 0 0 0 0 0 0 0 0 0 0 0 0 0 0 0 0 0 0 0]
[1074707123563233599974996841121427337423037324497761592586862601556925296649084982741204483028800876252722222945013547278259093330152844905073780192716237753601501222550459435684994499487901835923866502394349842393188953660 0 0 0 0 0 1 0 0 0 0 0 0 0 0 0 0 0 0 0 0 0 0 0 0 0 0 0 0 0 0 0 0 0 0 0 0 0 0 0 0 0 0 0 0 0 0 0 0 0 0 0 0 0 0 0 0 0 0 0 0 0 0 0 0 0 0 0 0 0 0 0 0 0]
[3221989699366474445305179936862711859582335543453009003097430024714282786593114659433523632724538785249371449106408033605423427730248309259087212425795820965610153764671606052313419706637543757193539427450298067012464501971 0 0 0 0 0 0 1 0 0 0 0 0 0 0 0 0 0 0 0 0 0 0 0 0 0 0 0 0 0 0 0 0 0 0 0 0 0 0 0 0 0 0 0 0 0 0 0 0 0 0 0 0 0 0 0 0 0 0 0 0 0 0 0 0 0 0 0 0 0 0 0 0 0]
[3484380486931181813682688256824860335450472123707774487380372155910585495347460350235386407701335562803698704312053249732986033440904953633184899213138431082240165418319956737865234414413560997740220684947773885157362208293 0 0 0 0 0 0 0 1 0 0 0 0 0 0 0 0 0 0 0 0 0 0 0 0 0 0 0 0 0 0 0 0 0 0 0 0 0 0 0 0 0 0 0 0 0 0 0 0 0 0 0 0 0 0 0 0 0 0 0 0 0 0 0 0 0 0 0 0 0 0 0 0 0]
[1250394437944537993059352355064457550129771066702594316934061761865991639162609979653444806361771066953545553935668189524741022259044911663122475790219843501286806574362051239392186362505156338796050326308142001253131416747 0 0 0 0 0 0 0 0 1 0 0 0 0 0 0 0 0 0 0 0 0 0 0 0 0 0 0 0 0 0 0 0 0 0 0 0 0 0 0 0 0 0 0 0 0 0 0 0 0 0 0 0 0 0 0 0 0 0 0 0 0 0 0 0 0 0 0 0 0 0 0 0 0]
[4816765107646144930686833231807183675662319639809039088836135083807252086906541928411796720082828194159445723796925429379596328583209475597637320339414323792471744137564922731892316381978682762570307680981817331575914022231 0 0 0 0 0 0 0 0 0 1 0 0 0 0 0 0 0 0 0 0 0 0 0 0 0 0 0 0 0 0 0 0 0 0 0 0 0 0 0 0 0 0 0 0 0 0 0 0 0 0 0 0 0 0 0 0 0 0 0 0 0 0 0 0 0 0 0 0 0 0 0 0 0]
[2282703696013684496733280577469046163304272726070003499367906004944347696236283280853343251521273589261894622898916702752397697823983938135058744184070480436899671726450684934398803244356926653331400675870929366865818170105 0 0 0 0 0 0 0 0 0 0 1 0 0 0 0 0 0 0 0 0 0 0 0 0 0 0 0 0 0 0 0 0 0 0 0 0 0 0 0 0 0 0 0 0 0 0 0 0 0 0 0 0 0 0 0 0 0 0 0 0 0 0 0 0 0 0 0 0 0 0 0 0 0]
[939383255712060305556303947011245756477458474422054555528132749705070421906004644608434499213779758968661442283828115098628450769646268899803203809339731196815889442874152924428657630507200843244623215233755842928726480669 0 0 0 0 0 0 0 0 0 0 0 1 0 0 0 0 0 0 0 0 0 0 0 0 0 0 0 0 0 0 0 0 0 0 0 0 0 0 0 0 0 0 0 0 0 0 0 0 0 0 0 0 0 0 0 0 0 0 0 0 0 0 0 0 0 0 0 0 0 0 0 0 0]
[3386228110651012563607896174261960615642251320133553298971220403131836728992640140019855825854702572172624697002945078231617592064219284620093518662986628899847896862664163227933203598890033928526878235553598981273922960237 0 0 0 0 0 0 0 0 0 0 0 0 1 0 0 0 0 0 0 0 0 0 0 0 0 0 0 0 0 0 0 0 0 0 0 0 0 0 0 0 0 0 0 0 0 0 0 0 0 0 0 0 0 0 0 0 0 0 0 0 0 0 0 0 0 0 0 0 0 0 0 0 0]
[2054883123412263530013949436013516175243158203137334151905424434702798477818506654389040037354620986151633843815461074792845517287235106363436700651030983280241740366317848592887358980794229130790539705727621766620269492018 0 0 0 0 0 0 0 0 0 0 0 0 0 1 0 0 0 0 0 0 0 0 0 0 0 0 0 0 0 0 0 0 0 0 0 0 0 0 0 0 0 0 0 0 0 0 0 0 0 0 0 0 0 0 0 0 0 0 0 0 0 0 0 0 0 0 0 0 0 0 0 0 0]
[4533433068388075510743885689262201129092675395151330420454780233758644272331536824649373953883166791694321893562915932522926736598043858868733917839245720159333969285729112064439205317232008841413393715957469124503270643427 0 0 0 0 0 0 0 0 0 0 0 0 0 0 1 0 0 0 0 0 0 0 0 0 0 0 0 0 0 0 0 0 0 0 0 0 0 0 0 0 0 0 0 0 0 0 0 0 0 0 0 0 0 0 0 0 0 0 0 0 0 0 0 0 0 0 0 0 0 0 0 0 0]
[3564810855369505337912207104873378981305935906794639598160523352914478451472367889806087408206782012048334406428429229331746489061857196870394482618888869165598216109493040893290974301162277858951165001482003804688294563823 0 0 0 0 0 0 0 0 0 0 0 0 0 0 0 1 0 0 0 0 0 0 0 0 0 0 0 0 0 0 0 0 0 0 0 0 0 0 0 0 0 0 0 0 0 0 0 0 0 0 0 0 0 0 0 0 0 0 0 0 0 0 0 0 0 0 0 0 0 0 0 0 0]
[4761106848770438490917397928218115189196566165349579570285120068015991488793862718468545598523194775043634392393416023826725322655656958863601973033805049005202414278070968609095217975222615552823704247209322828483812324941 0 0 0 0 0 0 0 0 0 0 0 0 0 0 0 0 1 0 0 0 0 0 0 0 0 0 0 0 0 0 0 0 0 0 0 0 0 0 0 0 0 0 0 0 0 0 0 0 0 0 0 0 0 0 0 0 0 0 0 0 0 0 0 0 0 0 0 0 0 0 0 0 0]
[2321064012003726182250216364907260743385775621648640577429418755287484229459365496921158823114118874016461693618868173682703731406812016588073727969848323907514936739738753761123320648585142918787051538354895082508575407230 0 0 0 0 0 0 0 0 0 0 0 0 0 0 0 0 0 1 0 0 0 0 0 0 0 0 0 0 0 0 0 0 0 0 0 0 0 0 0 0 0 0 0 0 0 0 0 0 0 0 0 0 0 0 0 0 0 0 0 0 0 0 0 0 0 0 0 0 0 0 0 0 0]
[2906022619722995979813861322597089624972383987773856867295806232478704376855540410016020084934569184174921006811769993922100241084342835575121034094075047994982412589868641951629990349998727617944471001811754069275114919510 0 0 0 0 0 0 0 0 0 0 0 0 0 0 0 0 0 0 1 0 0 0 0 0 0 0 0 0 0 0 0 0 0 0 0 0 0 0 0 0 0 0 0 0 0 0 0 0 0 0 0 0 0 0 0 0 0 0 0 0 0 0 0 0 0 0 0 0 0 0 0 0 0]
[3746974471429515779604211672133918281086255184667609362962684165732734250245270617250793066478430644684954450719591398591188383337671452728062411068365181721544806368517913604345636204283808084518472938589172408050488074947 0 0 0 0 0 0 0 0 0 0 0 0 0 0 0 0 0 0 0 1 0 0 0 0 0 0 0 0 0 0 0 0 0 0 0 0 0 0 0 0 0 0 0 0 0 0 0 0 0 0 0 0 0 0 0 0 0 0 0 0 0 0 0 0 0 0 0 0 0 0 0 0 0]
[342772074483172514350224212499923265196707962613758287237682235898804447629942646485080696473459402092098587142706598878861545987581134145738277180099892248703383836465661852255619686188704184214537753946993313779636985387 0 0 0 0 0 0 0 0 0 0 0 0 0 0 0 0 0 0 0 0 1 0 0 0 0 0 0 0 0 0 0 0 0 0 0 0 0 0 0 0 0 0 0 0 0 0 0 0 0 0 0 0 0 0 0 0 0 0 0 0 0 0 0 0 0 0 0 0 0 0 0 0 0]
[640758800201205754763240618480005636587890892493457032406299133194726664126380941679823893490360536408082581468123237307340174488131972150919029320014670107609419500835676279294752085209767090438733902187438212764471394192 0 0 0 0 0 0 0 0 0 0 0 0 0 0 0 0 0 0 0 0 0 1 0 0 0 0 0 0 0 0 0 0 0 0 0 0 0 0 0 0 0 0 0 0 0 0 0 0 0 0 0 0 0 0 0 0 0 0 0 0 0 0 0 0 0 0 0 0 0 0 0 0 0]
[4271164272611151417458584456977702913883286384709970086666195376985847240374913541223976730057024560467537101353397725540702061872306306956329237459954231970218862702665942098245977129714015614273679221441719091754816415841 0 0 0 0 0 0 0 0 0 0 0 0 0 0 0 0 0 0 0 0 0 0 1 0 0 0 0 0 0 0 0 0 0 0 0 0 0 0 0 0 0 0 0 0 0 0 0 0 0 0 0 0 0 0 0 0 0 0 0 0 0 0 0 0 0 0 0 0 0 0 0 0 0]
[2160491982812426072748357769368308291060317357878139049463888754336392478457899363184348542397831362000549035210375788715501863654458599523147938705787284650376692736692691212967354194199450709461437261692612192588109907302 0 0 0 0 0 0 0 0 0 0 0 0 0 0 0 0 0 0 0 0 0 0 0 1 0 0 0 0 0 0 0 0 0 0 0 0 0 0 0 0 0 0 0 0 0 0 0 0 0 0 0 0 0 0 0 0 0 0 0 0 0 0 0 0 0 0 0 0 0 0 0 0 0]
[607350539420468765389198486911641549404647845789266644285010786759917702209560326353235435335836929416776836948733439844091361406230644217676015197661802588933361497847419581961972243188586778405445784330908638147965770384 0 0 0 0 0 0 0 0 0 0 0 0 0 0 0 0 0 0 0 0 0 0 0 0 1 0 0 0 0 0 0 0 0 0 0 0 0 0 0 0 0 0 0 0 0 0 0 0 0 0 0 0 0 0 0 0 0 0 0 0 0 0 0 0 0 0 0 0 0 0 0 0 0]
[80459002629360097394902558144181606956384175213659359502942663177647402192148336429889493081676889134667767635036089292748940246621231641475446967703683633643980509232045281647642964560670653683858373652097504703784124223 0 0 0 0 0 0 0 0 0 0 0 0 0 0 0 0 0 0 0 0 0 0 0 0 0 1 0 0 0 0 0 0 0 0 0 0 0 0 0 0 0 0 0 0 0 0 0 0 0 0 0 0 0 0 0 0 0 0 0 0 0 0 0 0 0 0 0 0 0 0 0 0 0]
[90519114843795556383593599450942456664601088244582918527863876486435895881929976385039382447911870968424643488178999842215430912178548031329473630166261779759347287574487001971843671135337113452982871585652593370435406731 0 0 0 0 0 0 0 0 0 0 0 0 0 0 0 0 0 0 0 0 0 0 0 0 0 0 1 0 0 0 0 0 0 0 0 0 0 0 0 0 0 0 0 0 0 0 0 0 0 0 0 0 0 0 0 0 0 0 0 0 0 0 0 0 0 0 0 0 0 0 0 0 0]
[979863077748281840421818546791387442453113194683743632708154833718551838852264471326980552689239859856852972671798346537411413244828342953185006897748401361098670941451848374090280978866374776571618427104307506796254402997 0 0 0 0 0 0 0 0 0 0 0 0 0 0 0 0 0 0 0 0 0 0 0 0 0 0 0 1 0 0 0 0 0 0 0 0 0 0 0 0 0 0 0 0 0 0 0 0 0 0 0 0 0 0 0 0 0 0 0 0 0 0 0 0 0 0 0 0 0 0 0 0 0]
[2883536790183032093886888615460530333282247236792531465954831898717133425934973167627106709111877834888793777156436012361614174889346630467835763290093551797725276965943247554484055763331204586023434976927142553685159572110 0 0 0 0 0 0 0 0 0 0 0 0 0 0 0 0 0 0 0 0 0 0 0 0 0 0 0 0 1 0 0 0 0 0 0 0 0 0 0 0 0 0 0 0 0 0 0 0 0 0 0 0 0 0 0 0 0 0 0 0 0 0 0 0 0 0 0 0 0 0 0 0 0]
[1615180393308287456522763280121707122328094430444937052128982012364924099255960183067604263050125539860144733428772188372645606612025704808126259353523649050186901208917068409866534701602819238101629863132616704037908666642 0 0 0 0 0 0 0 0 0 0 0 0 0 0 0 0 0 0 0 0 0 0 0 0 0 0 0 0 0 1 0 0 0 0 0 0 0 0 0 0 0 0 0 0 0 0 0 0 0 0 0 0 0 0 0 0 0 0 0 0 0 0 0 0 0 0 0 0 0 0 0 0 0]
[1558064081965927302464697034459817555665268516040492360237310411745445438000499536434153445319811376847561298085548714717148235507117999021091224475845421665667021764016989127310910078184168697042214525870102011389210923785 0 0 0 0 0 0 0 0 0 0 0 0 0 0 0 0 0 0 0 0 0 0 0 0 0 0 0 0 0 0 1 0 0 0 0 0 0 0 0 0 0 0 0 0 0 0 0 0 0 0 0 0 0 0 0 0 0 0 0 0 0 0 0 0 0 0 0 0 0 0 0 0 0]
[2550211117275777701737458284715024746567807094122030702886289882517842670053188066291811257606798394899384048257995600959942291861396248922412133050201721446321355180600369977602722836032271166577854828636073051983927308235 0 0 0 0 0 0 0 0 0 0 0 0 0 0 0 0 0 0 0 0 0 0 0 0 0 0 0 0 0 0 0 1 0 0 0 0 0 0 0 0 0 0 0 0 0 0 0 0 0 0 0 0 0 0 0 0 0 0 0 0 0 0 0 0 0 0 0 0 0 0 0 0 0]
[2423361752782466623184351095080814209322100908007023908812490076235487562020642966050571052955667604977530644398017581081240900221733016383530564210420253831764022044656420998355971007530815025765042063928254463731197166924 0 0 0 0 0 0 0 0 0 0 0 0 0 0 0 0 0 0 0 0 0 0 0 0 0 0 0 0 0 0 0 0 1 0 0 0 0 0 0 0 0 0 0 0 0 0 0 0 0 0 0 0 0 0 0 0 0 0 0 0 0 0 0 0 0 0 0 0 0 0 0 0 0]
[4276584888934723244366097350829737451315745576273332474786341820575945959885017200236079096763480046465903344719133152720316183781670771212052253387793316553733015350765418855966049666086355417987373778596855147817241690864 0 0 0 0 0 0 0 0 0 0 0 0 0 0 0 0 0 0 0 0 0 0 0 0 0 0 0 0 0 0 0 0 0 1 0 0 0 0 0 0 0 0 0 0 0 0 0 0 0 0 0 0 0 0 0 0 0 0 0 0 0 0 0 0 0 0 0 0 0 0 0 0 0]
[944160832877054557505659033531214965640650729538323736099278150576943488244592047499357190386227336726050759465712690952069148572363986061634537475432942382160403707593825410821425379392015449012522735755378855714315429006 0 0 0 0 0 0 0 0 0 0 0 0 0 0 0 0 0 0 0 0 0 0 0 0 0 0 0 0 0 0 0 0 0 0 1 0 0 0 0 0 0 0 0 0 0 0 0 0 0 0 0 0 0 0 0 0 0 0 0 0 0 0 0 0 0 0 0 0 0 0 0 0 0]
[585739695358153051959728307163963259836271419974185642924764800310837874891966636428663483229692884622814780793613240675774645883833303546433774040616253215428134994871051345445670622507208008843042811277763682738886455662 0 0 0 0 0 0 0 0 0 0 0 0 0 0 0 0 0 0 0 0 0 0 0 0 0 0 0 0 0 0 0 0 0 0 0 1 0 0 0 0 0 0 0 0 0 0 0 0 0 0 0 0 0 0 0 0 0 0 0 0 0 0 0 0 0 0 0 0 0 0 0 0 0]
[629606350256079526227895574713683244189584724770513366187763968176493333418468545307908150070870122535969689673218248355335388506334517131812766585587700526788944452562464548826301124293220465297707343852655538836789578935 0 0 0 0 0 0 0 0 0 0 0 0 0 0 0 0 0 0 0 0 0 0 0 0 0 0 0 0 0 0 0 0 0 0 0 0 1 0 0 0 0 0 0 0 0 0 0 0 0 0 0 0 0 0 0 0 0 0 0 0 0 0 0 0 0 0 0 0 0 0 0 0 0]
[3519006440780062565108453699408322872792617305326083649996847601751195270107442022382770957690076176051338509199806245330622072619633978283458982200021334138969879866890376815644443362055246223087324838072463622361737513621 0 0 0 0 0 0 0 0 0 0 0 0 0 0 0 0 0 0 0 0 0 0 0 0 0 0 0 0 0 0 0 0 0 0 0 0 0 1 0 0 0 0 0 0 0 0 0 0 0 0 0 0 0 0 0 0 0 0 0 0 0 0 0 0 0 0 0 0 0 0 0 0 0]
[664695813577905748262899504054311277307697716339958687849203773473040790461557081386850226984372499994100019364306709092347240630447846054469211758509604863596793234391212576228799521983269315881530161512668128276093400261 0 0 0 0 0 0 0 0 0 0 0 0 0 0 0 0 0 0 0 0 0 0 0 0 0 0 0 0 0 0 0 0 0 0 0 0 0 0 1 0 0 0 0 0 0 0 0 0 0 0 0 0 0 0 0 0 0 0 0 0 0 0 0 0 0 0 0 0 0 0 0 0 0]
[76052152767480958223891427628342312621964748769986014962844100425551589863789476319939691625099721608610855865323745535955547876910599604393105951402085279489992023916807645964936205972996222449456112927940658253643394832 0 0 0 0 0 0 0 0 0 0 0 0 0 0 0 0 0 0 0 0 0 0 0 0 0 0 0 0 0 0 0 0 0 0 0 0 0 0 0 1 0 0 0 0 0 0 0 0 0 0 0 0 0 0 0 0 0 0 0 0 0 0 0 0 0 0 0 0 0 0 0 0 0]
[2183207111469790701333489668759804404289294517188250220098948165376362487805449312396051012637400571411147843999014346806437403697793938255812852618545963690578540725804309693592063491314405315376943426632406818831110670096 0 0 0 0 0 0 0 0 0 0 0 0 0 0 0 0 0 0 0 0 0 0 0 0 0 0 0 0 0 0 0 0 0 0 0 0 0 0 0 0 1 0 0 0 0 0 0 0 0 0 0 0 0 0 0 0 0 0 0 0 0 0 0 0 0 0 0 0 0 0 0 0 0]
[1714932309990965140031853720447799225669348013385246454148458288745781651884292972471770849698621284702425414281527545484447348357641781350747703629910379641585700495022117651016045586343621679233530249026424990787126600609 0 0 0 0 0 0 0 0 0 0 0 0 0 0 0 0 0 0 0 0 0 0 0 0 0 0 0 0 0 0 0 0 0 0 0 0 0 0 0 0 0 1 0 0 0 0 0 0 0 0 0 0 0 0 0 0 0 0 0 0 0 0 0 0 0 0 0 0 0 0 0 0 0]
[1836442348886457906185245950295987177795686623242349985351061861779596206961121675912817879798530105747096294118234793206403618132722347583045680345399827930955608127050324540791651763096792825985768815515168907251344209544 0 0 0 0 0 0 0 0 0 0 0 0 0 0 0 0 0 0 0 0 0 0 0 0 0 0 0 0 0 0 0 0 0 0 0 0 0 0 0 0 0 0 1 0 0 0 0 0 0 0 0 0 0 0 0 0 0 0 0 0 0 0 0 0 0 0 0 0 0 0 0 0 0]
[3225165193780721188535070038404603978354591808606145638189224998048644394070696510571012802509565902522954239755616436532172356686529748878070935893032004778058016701778320432914893004247401257544672891213882367916924971566 0 0 0 0 0 0 0 0 0 0 0 0 0 0 0 0 0 0 0 0 0 0 0 0 0 0 0 0 0 0 0 0 0 0 0 0 0 0 0 0 0 0 0 1 0 0 0 0 0 0 0 0 0 0 0 0 0 0 0 0 0 0 0 0 0 0 0 0 0 0 0 0 0]
[316400334201144252154439538517275604246249632286139942348101193341008979731351123723885893724733579381850887206523695663724659244698206305470301267632466667716710135272112485854024092383695732776281183765824110813497348113 0 0 0 0 0 0 0 0 0 0 0 0 0 0 0 0 0 0 0 0 0 0 0 0 0 0 0 0 0 0 0 0 0 0 0 0 0 0 0 0 0 0 0 0 1 0 0 0 0 0 0 0 0 0 0 0 0 0 0 0 0 0 0 0 0 0 0 0 0 0 0 0 0]
[1443560746888692125999926363722690346250611725136385955637057132277581538271584832889775729718563981595762389122766380796706030694365471286302225722723253810617775412504364055147025880290183041318546395780483250461878426678 0 0 0 0 0 0 0 0 0 0 0 0 0 0 0 0 0 0 0 0 0 0 0 0 0 0 0 0 0 0 0 0 0 0 0 0 0 0 0 0 0 0 0 0 0 1 0 0 0 0 0 0 0 0 0 0 0 0 0 0 0 0 0 0 0 0 0 0 0 0 0 0 0]
[517102544877498106798213227265902468739232390454784248764453413416231970599751255624528543145313713685823798560836936392901618185325795863682957137339942182941746157381666060779848970641282554854037769548467765361956125755 0 0 0 0 0 0 0 0 0 0 0 0 0 0 0 0 0 0 0 0 0 0 0 0 0 0 0 0 0 0 0 0 0 0 0 0 0 0 0 0 0 0 0 0 0 0 1 0 0 0 0 0 0 0 0 0 0 0 0 0 0 0 0 0 0 0 0 0 0 0 0 0 0]
[1889186717911217740496341295539225113259555398267562527601865965961328154049391555328248933497006632225795915071197896099647823750004859479641118474597131621340701992898582156586775184305469041632376589242701530471258877779 0 0 0 0 0 0 0 0 0 0 0 0 0 0 0 0 0 0 0 0 0 0 0 0 0 0 0 0 0 0 0 0 0 0 0 0 0 0 0 0 0 0 0 0 0 0 0 1 0 0 0 0 0 0 0 0 0 0 0 0 0 0 0 0 0 0 0 0 0 0 0 0 0]
[2211873495412960946716670866561932244827547746227166592066343392566275778165715200081708136217617704080863073270156226069217987318478518317414173214712754618303194482576548727264265250770103524672806956547335756104064093412 0 0 0 0 0 0 0 0 0 0 0 0 0 0 0 0 0 0 0 0 0 0 0 0 0 0 0 0 0 0 0 0 0 0 0 0 0 0 0 0 0 0 0 0 0 0 0 0 1 0 0 0 0 0 0 0 0 0 0 0 0 0 0 0 0 0 0 0 0 0 0 0 0]
[2542530114714624598047811740946083518739138303396595339716684651683833994560058952054020949937343611935862020360617056947147488305628778088210570726884598286532972582508725879839161206888239577321630857897807771887559497289 0 0 0 0 0 0 0 0 0 0 0 0 0 0 0 0 0 0 0 0 0 0 0 0 0 0 0 0 0 0 0 0 0 0 0 0 0 0 0 0 0 0 0 0 0 0 0 0 0 1 0 0 0 0 0 0 0 0 0 0 0 0 0 0 0 0 0 0 0 0 0 0 0]
[1083010852276888723827513219509550611177797672500524485851305459907124832302603556494918090723856839086427932823392209272536850602143755801680439917537675491058328199409931347696748778327711878234947469919664391546385734044 0 0 0 0 0 0 0 0 0 0 0 0 0 0 0 0 0 0 0 0 0 0 0 0 0 0 0 0 0 0 0 0 0 0 0 0 0 0 0 0 0 0 0 0 0 0 0 0 0 0 1 0 0 0 0 0 0 0 0 0 0 0 0 0 0 0 0 0 0 0 0 0 0]
[3449604497477562393409982137278730334867575269278757970775502198973822793336425403821120628633334907337979679739914643016017818992879804503456766823270696393930617047581455687133675771755988389286707135557873829684991718304 0 0 0 0 0 0 0 0 0 0 0 0 0 0 0 0 0 0 0 0 0 0 0 0 0 0 0 0 0 0 0 0 0 0 0 0 0 0 0 0 0 0 0 0 0 0 0 0 0 0 0 1 0 0 0 0 0 0 0 0 0 0 0 0 0 0 0 0 0 0 0 0 0]
[3355045594946540884797981484476474456385898148453171151824430140083899251650300930790973537863459432274594324428309904373914959002192291481539532866258480426784175302181058840210319745680133181216967662447783946816875109165 0 0 0 0 0 0 0 0 0 0 0 0 0 0 0 0 0 0 0 0 0 0 0 0 0 0 0 0 0 0 0 0 0 0 0 0 0 0 0 0 0 0 0 0 0 0 0 0 0 0 0 0 1 0 0 0 0 0 0 0 0 0 0 0 0 0 0 0 0 0 0 0 0]
[3046989582423681902102471316239334613338535727989029950523874998093802854451952663104304115065047443369113676142745240826477040655438562370335088886347966307162159947319850292982932711511332096350383680650709693523411295651 0 0 0 0 0 0 0 0 0 0 0 0 0 0 0 0 0 0 0 0 0 0 0 0 0 0 0 0 0 0 0 0 0 0 0 0 0 0 0 0 0 0 0 0 0 0 0 0 0 0 0 0 0 1 0 0 0 0 0 0 0 0 0 0 0 0 0 0 0 0 0 0 0]
[3553907316147072355702954559422884370369955406317833987806088203165395475054351266352404934852832171494566852148099860472612411063731501689382543806484026967061490700892330201162115138161511809196829146027055075076936481224 0 0 0 0 0 0 0 0 0 0 0 0 0 0 0 0 0 0 0 0 0 0 0 0 0 0 0 0 0 0 0 0 0 0 0 0 0 0 0 0 0 0 0 0 0 0 0 0 0 0 0 0 0 0 1 0 0 0 0 0 0 0 0 0 0 0 0 0 0 0 0 0 0]
[112229630662407126031594573798145270148053196728917147402248997564947237772179815110841771385103127839942486695485904226559973635665445001080193978910548212611664234727583339133121135418268547617243628901748127343415387019 0 0 0 0 0 0 0 0 0 0 0 0 0 0 0 0 0 0 0 0 0 0 0 0 0 0 0 0 0 0 0 0 0 0 0 0 0 0 0 0 0 0 0 0 0 0 0 0 0 0 0 0 0 0 0 1 0 0 0 0 0 0 0 0 0 0 0 0 0 0 0 0 0]
[1642549430823292797628114691989050548845711283318929557916719502845874220404828609684780882669927533659568308438511274692361353219078202558173707584252113914122976827745159396456566190378487762631664676259119603386492044310 0 0 0 0 0 0 0 0 0 0 0 0 0 0 0 0 0 0 0 0 0 0 0 0 0 0 0 0 0 0 0 0 0 0 0 0 0 0 0 0 0 0 0 0 0 0 0 0 0 0 0 0 0 0 0 0 1 0 0 0 0 0 0 0 0 0 0 0 0 0 0 0 0]
[2676451356070689709976695264320655424300555463093557124858255110984960251263878519356013723145609428168918531082424396767331872616166679989077136599580921501705920265926339009375953281225525913198380271796256351607878283719 0 0 0 0 0 0 0 0 0 0 0 0 0 0 0 0 0 0 0 0 0 0 0 0 0 0 0 0 0 0 0 0 0 0 0 0 0 0 0 0 0 0 0 0 0 0 0 0 0 0 0 0 0 0 0 0 0 1 0 0 0 0 0 0 0 0 0 0 0 0 0 0 0]
[2426145653463314847366444929089118427529603367605779380002724982782259509303005754478469970777426745520453687061774459102009070891353195985326636245577616165814778328853950841523801288405247525113808055253587530032951211408 0 0 0 0 0 0 0 0 0 0 0 0 0 0 0 0 0 0 0 0 0 0 0 0 0 0 0 0 0 0 0 0 0 0 0 0 0 0 0 0 0 0 0 0 0 0 0 0 0 0 0 0 0 0 0 0 0 0 1 0 0 0 0 0 0 0 0 0 0 0 0 0 0]
[2516084200138812711812329824618241719982037326623125016257734691931006846533048581742934798515391874255743316058900811269596826516643665949345268613450165047165755759111755593396134775641535745002247859720583589938721818806 0 0 0 0 0 0 0 0 0 0 0 0 0 0 0 0 0 0 0 0 0 0 0 0 0 0 0 0 0 0 0 0 0 0 0 0 0 0 0 0 0 0 0 0 0 0 0 0 0 0 0 0 0 0 0 0 0 0 0 1 0 0 0 0 0 0 0 0 0 0 0 0 0]
[2578065803404990663539046147751211793107385409783906130185424280360492557116633899705612115355412890460703515672030293465729816328473808518846346289751320997833484888235559676506328984024150356325232872060071810739786108941 0 0 0 0 0 0 0 0 0 0 0 0 0 0 0 0 0 0 0 0 0 0 0 0 0 0 0 0 0 0 0 0 0 0 0 0 0 0 0 0 0 0 0 0 0 0 0 0 0 0 0 0 0 0 0 0 0 0 0 0 1 0 0 0 0 0 0 0 0 0 0 0 0]
[3584885183343377445133374241979640770276840327109875385048444028838804099122053771163272637639560931361575785834694108753675623095148777673180471194329203420108826667156503256069492868875432306305893962853614267654271265476 0 0 0 0 0 0 0 0 0 0 0 0 0 0 0 0 0 0 0 0 0 0 0 0 0 0 0 0 0 0 0 0 0 0 0 0 0 0 0 0 0 0 0 0 0 0 0 0 0 0 0 0 0 0 0 0 0 0 0 0 0 1 0 0 0 0 0 0 0 0 0 0 0]
[3946248709674576283027745177177845439871220914669487732138200183423752829209739140265567693045154980698821929227517695463303213074543567036328093482780552366585771650288349538374066936539153679437094522563828008076624140867 0 0 0 0 0 0 0 0 0 0 0 0 0 0 0 0 0 0 0 0 0 0 0 0 0 0 0 0 0 0 0 0 0 0 0 0 0 0 0 0 0 0 0 0 0 0 0 0 0 0 0 0 0 0 0 0 0 0 0 0 0 0 1 0 0 0 0 0 0 0 0 0 0]
[2095865304319669202699482459201590378103959843624148546689903306436165792854494125625189592486031839340759681408943890407033421219546436109713735148590230555946355565520927895487576580133490308533875536890952052171575482354 0 0 0 0 0 0 0 0 0 0 0 0 0 0 0 0 0 0 0 0 0 0 0 0 0 0 0 0 0 0 0 0 0 0 0 0 0 0 0 0 0 0 0 0 0 0 0 0 0 0 0 0 0 0 0 0 0 0 0 0 0 0 0 1 0 0 0 0 0 0 0 0 0]
[676553284473854826720776814718488855935625906857140398802581741700001976724918777342118523502251900584237303542947888819414079568875002600372678647777669705496152901024599148580921632417735789872220513933108438276220565032 0 0 0 0 0 0 0 0 0 0 0 0 0 0 0 0 0 0 0 0 0 0 0 0 0 0 0 0 0 0 0 0 0 0 0 0 0 0 0 0 0 0 0 0 0 0 0 0 0 0 0 0 0 0 0 0 0 0 0 0 0 0 0 0 1 0 0 0 0 0 0 0 0]
[286093935577780503597367926894144077648730168495365173080071791194706899114808552708166916480373335637497051621747275304597836470344627812665660177751405052084291125701678312386639934680913382966954821417739527056475129472 0 0 0 0 0 0 0 0 0 0 0 0 0 0 0 0 0 0 0 0 0 0 0 0 0 0 0 0 0 0 0 0 0 0 0 0 0 0 0 0 0 0 0 0 0 0 0 0 0 0 0 0 0 0 0 0 0 0 0 0 0 0 0 0 0 1 0 0 0 0 0 0 0]
[2722047755677497307943122789102150057922115818112806279981394377328948465184587993666081432270382003005277115732471983242750060652145712016869157699708407692707880126412307868353914776630204029326976505308219079953112690772 0 0 0 0 0 0 0 0 0 0 0 0 0 0 0 0 0 0 0 0 0 0 0 0 0 0 0 0 0 0 0 0 0 0 0 0 0 0 0 0 0 0 0 0 0 0 0 0 0 0 0 0 0 0 0 0 0 0 0 0 0 0 0 0 0 0 1 0 0 0 0 0 0]
[4301594692484570333751109572471607039142410815872005080045731266145859282529604103604397641151797199324688050053273427832619196363568675002126867813063990660064348926605265029489826344009834256539505840929530311734621130585 0 0 0 0 0 0 0 0 0 0 0 0 0 0 0 0 0 0 0 0 0 0 0 0 0 0 0 0 0 0 0 0 0 0 0 0 0 0 0 0 0 0 0 0 0 0 0 0 0 0 0 0 0 0 0 0 0 0 0 0 0 0 0 0 0 0 0 1 0 0 0 0 0]
[3998968700819432769020011009647684370614118290495605937492030606591062059084942511920844124641134946919427153128932919556208931502356315188307488980734686823250692297833940782754994610155210490317794143875082021309575221763 0 0 0 0 0 0 0 0 0 0 0 0 0 0 0 0 0 0 0 0 0 0 0 0 0 0 0 0 0 0 0 0 0 0 0 0 0 0 0 0 0 0 0 0 0 0 0 0 0 0 0 0 0 0 0 0 0 0 0 0 0 0 0 0 0 0 0 0 1 0 0 0 0]
[1854071592095796702284236742766783088846925683304732240532221210446665853687532921446931103430995948981936268722422359893973475825901874529573128113793719063066978890383956433095092170612847618214656605131940533873405517960 0 0 0 0 0 0 0 0 0 0 0 0 0 0 0 0 0 0 0 0 0 0 0 0 0 0 0 0 0 0 0 0 0 0 0 0 0 0 0 0 0 0 0 0 0 0 0 0 0 0 0 0 0 0 0 0 0 0 0 0 0 0 0 0 0 0 0 0 0 1 0 0 0]
[1981243638683845129674201905381984553958901564392578822717296957906792746272929200361284817059177948875792737211600533967084941174612054186509746825552811808115927543104170808630907829107803351281217099312761421178677089349 0 0 0 0 0 0 0 0 0 0 0 0 0 0 0 0 0 0 0 0 0 0 0 0 0 0 0 0 0 0 0 0 0 0 0 0 0 0 0 0 0 0 0 0 0 0 0 0 0 0 0 0 0 0 0 0 0 0 0 0 0 0 0 0 0 0 0 0 0 0 1 0 0]
[621281579949978852142467694416001342773608505119421496017307031286289449205394170125890205449720373008057581155021123591100064052069297637804953049138892059080586494973207659232707453615010703682892083818640909044881175122 0 0 0 0 0 0 0 0 0 0 0 0 0 0 0 0 0 0 0 0 0 0 0 0 0 0 0 0 0 0 0 0 0 0 0 0 0 0 0 0 0 0 0 0 0 0 0 0 0 0 0 0 0 0 0 0 0 0 0 0 0 0 0 0 0 0 0 0 0 0 0 1 0]
[3631276244085864483678006079810658271799650558002861476042986576155167477498811882874053572222074453546387332545774393115515393244929503385007350879268147487237659909861920740458904269510602050066582622609263078048095766543 0 0 0 0 0 0 0 0 0 0 0 0 0 0 0 0 0 0 0 0 0 0 0 0 0 0 0 0 0 0 0 0 0 0 0 0 0 0 0 0 0 0 0 0 0 0 0 0 0 0 0 0 0 0 0 0 0 0 0 0 0 0 0 0 0 0 0 0 0 0 0 0 1]
]
