[[2608834664909486219979757001809632207160847696102350448241875061324107801155211859255321824532037936599767669194189655212047904164115841393213 0 0 0 0 0 0 0 0 0 0 0 0 0 0 0 0 0 0 0 0 0 0 0 0 0 0 0 0 0 0 0 0 0 0 0 0 0 0 0 0 0 0 0 0 0 0]
[1395773068582429472627168736130052267455139459655806613924559076292110298013716851863261154277226575496478580318062757809122802739129534350815 1 0 0 0 0 0 0 0 0 0 0 0 0 0 0 0 0 0 0 0 0 0 0 0 0 0 0 0 0 0 0 0 0 0 0 0 0 0 0 0 0 0 0 0 0 0]
[1994128945588813538356421244409037588572757026900704432123921371772174708459092814413568246263926360680977277604233876963480517082372916769971 0 1 0 0 0 0 0 0 0 0 0 0 0 0 0 0 0 0 0 0 0 0 0 0 0 0 0 0 0 0 0 0 0 0 0 0 0 0 0 0 0 0 0 0 0 0]
[1976712670812324759686493400298607160765810412026396113482638516207800902351686032822359127123136623351707540743797416694017663858430812725014 0 0 1 0 0 0 0 0 0 0 0 0 0 0 0 0 0 0 0 0 0 0 0 0 0 0 0 0 0 0 0 0 0 0 0 0 0 0 0 0 0 0 0 0 0 0]
[1314846502882868028773978268055430454967263970147478245058422840739618446596105723962410847188506725707757048085011669348928191075425191063806 0 0 0 1 0 0 0 0 0 0 0 0 0 0 0 0 0 0 0 0 0 0 0 0 0 0 0 0 0 0 0 0 0 0 0 0 0 0 0 0 0 0 0 0 0 0]
[2335118045706354474851979353613076863640992128278362399463717310441945935080270387132244976113728313982889701972975465278122931063798944458761 0 0 0 0 1 0 0 0 0 0 0 0 0 0 0 0 0 0 0 0 0 0 0 0 0 0 0 0 0 0 0 0 0 0 0 0 0 0 0 0 0 0 0 0 0 0]
[1562457693056882510070562801335979280734073117517883009647591276044891920691199434018450916205009352659514444391865570315186739744272382039789 0 0 0 0 0 1 0 0 0 0 0 0 0 0 0 0 0 0 0 0 0 0 0 0 0 0 0 0 0 0 0 0 0 0 0 0 0 0 0 0 0 0 0 0 0 0]
[1268169195758069347888655744745275554980927214525533591671920988635056556676644852936869957505423086207547694050652721128699495198167711276949 0 0 0 0 0 0 1 0 0 0 0 0 0 0 0 0 0 0 0 0 0 0 0 0 0 0 0 0 0 0 0 0 0 0 0 0 0 0 0 0 0 0 0 0 0 0]
[2483901987924524377658160641499617984745262395050877673096543802154277087429731566824997192825488323028849205636338928012662824527818578166630 0 0 0 0 0 0 0 1 0 0 0 0 0 0 0 0 0 0 0 0 0 0 0 0 0 0 0 0 0 0 0 0 0 0 0 0 0 0 0 0 0 0 0 0 0 0]
[645205596691103416549432049938874159804762149882924101050150861603156429209217232942896740380469851664763735120409368634582746152970879437883 0 0 0 0 0 0 0 0 1 0 0 0 0 0 0 0 0 0 0 0 0 0 0 0 0 0 0 0 0 0 0 0 0 0 0 0 0 0 0 0 0 0 0 0 0 0]
[1564708392590775863709845523477292111191231163867421840241332320479254064130962008986275545107864311216211002054909508252477002081984665029318 0 0 0 0 0 0 0 0 0 1 0 0 0 0 0 0 0 0 0 0 0 0 0 0 0 0 0 0 0 0 0 0 0 0 0 0 0 0 0 0 0 0 0 0 0 0]
[1421684284224378222135629698010029591527179684241442678921148952764107375876462919451395347809777323573254472888997723688138133027874927254707 0 0 0 0 0 0 0 0 0 0 1 0 0 0 0 0 0 0 0 0 0 0 0 0 0 0 0 0 0 0 0 0 0 0 0 0 0 0 0 0 0 0 0 0 0 0]
[1189812122136504664338674288309895623660050902095206571074584827549161705108407466701888520928348323338455890672412098795267440713436873017934 0 0 0 0 0 0 0 0 0 0 0 1 0 0 0 0 0 0 0 0 0 0 0 0 0 0 0 0 0 0 0 0 0 0 0 0 0 0 0 0 0 0 0 0 0 0]
[642365121962279042796031504682801452788308454481841428932851284420571310201576206426742617122934503880941589826797019646150973531904709530273 0 0 0 0 0 0 0 0 0 0 0 0 1 0 0 0 0 0 0 0 0 0 0 0 0 0 0 0 0 0 0 0 0 0 0 0 0 0 0 0 0 0 0 0 0 0]
[990388913756063021444588407400466404967754208900979735783338858789438168634956599224924142780797691738672225668985184496442922895862375111913 0 0 0 0 0 0 0 0 0 0 0 0 0 1 0 0 0 0 0 0 0 0 0 0 0 0 0 0 0 0 0 0 0 0 0 0 0 0 0 0 0 0 0 0 0 0]
[837824862774104145933177329353202262373529030276164708015533450102130607062630051773489148737168298700115000413656013435737571923456263347593 0 0 0 0 0 0 0 0 0 0 0 0 0 0 1 0 0 0 0 0 0 0 0 0 0 0 0 0 0 0 0 0 0 0 0 0 0 0 0 0 0 0 0 0 0 0]
[1982465635641017909972370773614007108968807306675308540643844097549215672992555016327949638860160070319264491280128761913273361584498956677347 0 0 0 0 0 0 0 0 0 0 0 0 0 0 0 1 0 0 0 0 0 0 0 0 0 0 0 0 0 0 0 0 0 0 0 0 0 0 0 0 0 0 0 0 0 0]
[1607583997810008702142671853375788583334338492180701169096004081116084479053705936505041762304757666020616086889612060377496219646042643900674 0 0 0 0 0 0 0 0 0 0 0 0 0 0 0 0 1 0 0 0 0 0 0 0 0 0 0 0 0 0 0 0 0 0 0 0 0 0 0 0 0 0 0 0 0 0]
[1126447186583844423710521125011701308527959316135869985450595232995609927425059121396257080218049523449402775813835481630641020569730014190783 0 0 0 0 0 0 0 0 0 0 0 0 0 0 0 0 0 1 0 0 0 0 0 0 0 0 0 0 0 0 0 0 0 0 0 0 0 0 0 0 0 0 0 0 0 0]
[899062601451882075016741546194148693218000395314277780783571457764852085588822230350910791122910843544608514617733864790205193721615535875048 0 0 0 0 0 0 0 0 0 0 0 0 0 0 0 0 0 0 1 0 0 0 0 0 0 0 0 0 0 0 0 0 0 0 0 0 0 0 0 0 0 0 0 0 0 0]
[2237033517176492486479730074006299074136426517922452078993289914868643799424719819036104402303810167153686250668215698327815353904092249583061 0 0 0 0 0 0 0 0 0 0 0 0 0 0 0 0 0 0 0 1 0 0 0 0 0 0 0 0 0 0 0 0 0 0 0 0 0 0 0 0 0 0 0 0 0 0]
[1480444015339301388273336909695922871685335044428629977364110034121031599041228769656097149681692547981447622233420526182628697040915648411365 0 0 0 0 0 0 0 0 0 0 0 0 0 0 0 0 0 0 0 0 1 0 0 0 0 0 0 0 0 0 0 0 0 0 0 0 0 0 0 0 0 0 0 0 0 0]
[1283882163891270167702320413403415676445011129255540018403473724874102558435614119257416376184418908372666197734333194657826758646485410209955 0 0 0 0 0 0 0 0 0 0 0 0 0 0 0 0 0 0 0 0 0 1 0 0 0 0 0 0 0 0 0 0 0 0 0 0 0 0 0 0 0 0 0 0 0 0]
[1112284339296297772307486232969891845806140838958455828229892701638944955616231852906064547264943355729051868456964681316350629357586203519772 0 0 0 0 0 0 0 0 0 0 0 0 0 0 0 0 0 0 0 0 0 0 1 0 0 0 0 0 0 0 0 0 0 0 0 0 0 0 0 0 0 0 0 0 0 0]
[1882736638394381090638119185492071181696828489791451923922694631572120735794882612673079123228754168450548992392274280720751208111265388853145 0 0 0 0 0 0 0 0 0 0 0 0 0 0 0 0 0 0 0 0 0 0 0 1 0 0 0 0 0 0 0 0 0 0 0 0 0 0 0 0 0 0 0 0 0 0]
[603974123211585628464755741388329075547067886345240988257327808427058263602296099290992552151189671328937133540154353065853000122498629842072 0 0 0 0 0 0 0 0 0 0 0 0 0 0 0 0 0 0 0 0 0 0 0 0 1 0 0 0 0 0 0 0 0 0 0 0 0 0 0 0 0 0 0 0 0 0]
[413321219893883602755378064785932373816544622495275131202404215819451508398873717916263968274961817222324671339168973030486936991922439712352 0 0 0 0 0 0 0 0 0 0 0 0 0 0 0 0 0 0 0 0 0 0 0 0 0 1 0 0 0 0 0 0 0 0 0 0 0 0 0 0 0 0 0 0 0 0]
[2434921285618069870941022578321606114459944030601230428536788936239740539927594335406192853574075943216064876964229517252765698250182788701492 0 0 0 0 0 0 0 0 0 0 0 0 0 0 0 0 0 0 0 0 0 0 0 0 0 0 1 0 0 0 0 0 0 0 0 0 0 0 0 0 0 0 0 0 0 0]
[2165770368309101308319978675968096818998510831498289594869863724119427517817635834294571200555523864744620114029929402161625594490994074897440 0 0 0 0 0 0 0 0 0 0 0 0 0 0 0 0 0 0 0 0 0 0 0 0 0 0 0 1 0 0 0 0 0 0 0 0 0 0 0 0 0 0 0 0 0 0]
[558149636172152988502268949685848742104566612370316417962990591040793426184686839840370968531112715276193437210600255055501641358058933222845 0 0 0 0 0 0 0 0 0 0 0 0 0 0 0 0 0 0 0 0 0 0 0 0 0 0 0 0 1 0 0 0 0 0 0 0 0 0 0 0 0 0 0 0 0 0]
[2520447429947699059364215137613500920112107285246727840378483717047087600154982064002827249612359086801372787617451573701219342353155277671551 0 0 0 0 0 0 0 0 0 0 0 0 0 0 0 0 0 0 0 0 0 0 0 0 0 0 0 0 0 1 0 0 0 0 0 0 0 0 0 0 0 0 0 0 0 0]
[1642845365683437189619848036783662860375457783792885424012078419768128040414043991151530418197000964480270816957382467969720716059671694102092 0 0 0 0 0 0 0 0 0 0 0 0 0 0 0 0 0 0 0 0 0 0 0 0 0 0 0 0 0 0 1 0 0 0 0 0 0 0 0 0 0 0 0 0 0 0]
[1209747923359677535845726888532581440984024545275120691715633897802311929278523577612707036878139103788328889909605775243287957855866860132354 0 0 0 0 0 0 0 0 0 0 0 0 0 0 0 0 0 0 0 0 0 0 0 0 0 0 0 0 0 0 0 1 0 0 0 0 0 0 0 0 0 0 0 0 0 0]
[2403247445485161960148849631927514009081675145284033273601108857504846187452063438948525662026962094639177152737107367721618799417680012031358 0 0 0 0 0 0 0 0 0 0 0 0 0 0 0 0 0 0 0 0 0 0 0 0 0 0 0 0 0 0 0 0 1 0 0 0 0 0 0 0 0 0 0 0 0 0]
[753345096424223142097745213040295860004127543000690148022164683887118854737915262481407155461205555585589481147825683783119261905034066272713 0 0 0 0 0 0 0 0 0 0 0 0 0 0 0 0 0 0 0 0 0 0 0 0 0 0 0 0 0 0 0 0 0 1 0 0 0 0 0 0 0 0 0 0 0 0]
[2171916575513340683864391865202391864321587232069561542445119784964986996959600737166173551936214447223457026909007719586066996832207474035177 0 0 0 0 0 0 0 0 0 0 0 0 0 0 0 0 0 0 0 0 0 0 0 0 0 0 0 0 0 0 0 0 0 0 1 0 0 0 0 0 0 0 0 0 0 0]
[889296228705851421949037273745258540478324127253371749657197954614407564766104328252277571396864448258071004438740653419398353973747150129100 0 0 0 0 0 0 0 0 0 0 0 0 0 0 0 0 0 0 0 0 0 0 0 0 0 0 0 0 0 0 0 0 0 0 0 1 0 0 0 0 0 0 0 0 0 0]
[11915192091948767269551925036021570451132459965343723569421272668078243351221769816055438363505390301886047427084451731307882213350239075522 0 0 0 0 0 0 0 0 0 0 0 0 0 0 0 0 0 0 0 0 0 0 0 0 0 0 0 0 0 0 0 0 0 0 0 0 1 0 0 0 0 0 0 0 0 0]
[796375541543395054868614342328608737674278016489835930836285985159401687552539155318864362437712741188150937836014232768374910845101661307306 0 0 0 0 0 0 0 0 0 0 0 0 0 0 0 0 0 0 0 0 0 0 0 0 0 0 0 0 0 0 0 0 0 0 0 0 0 1 0 0 0 0 0 0 0 0]
[805244765909534835756035529015403048108737984374111763135206129466558182358289551103800814030608180577438872167510240756709559223783760715791 0 0 0 0 0 0 0 0 0 0 0 0 0 0 0 0 0 0 0 0 0 0 0 0 0 0 0 0 0 0 0 0 0 0 0 0 0 0 1 0 0 0 0 0 0 0]
[1925737378087339660678979460960262781915392032093565998748048609048225319106445551492823528812629642282074392114972138481149685457728478984690 0 0 0 0 0 0 0 0 0 0 0 0 0 0 0 0 0 0 0 0 0 0 0 0 0 0 0 0 0 0 0 0 0 0 0 0 0 0 0 1 0 0 0 0 0 0]
[1086544458688387725097776001081076385394954637657191483239293576019326697842618113524800625793031809698555872523424218720251595050342159003296 0 0 0 0 0 0 0 0 0 0 0 0 0 0 0 0 0 0 0 0 0 0 0 0 0 0 0 0 0 0 0 0 0 0 0 0 0 0 0 0 1 0 0 0 0 0]
[2588760209762987218619997193604871661373406913248107617156684595305072401860499328367554116348854562185235368151727237295635133180469930830909 0 0 0 0 0 0 0 0 0 0 0 0 0 0 0 0 0 0 0 0 0 0 0 0 0 0 0 0 0 0 0 0 0 0 0 0 0 0 0 0 0 1 0 0 0 0]
[2563116769440877927991804444171150368577857204886985528060756488423567072453474372866879742301337243441529350996818879570159711984488050545778 0 0 0 0 0 0 0 0 0 0 0 0 0 0 0 0 0 0 0 0 0 0 0 0 0 0 0 0 0 0 0 0 0 0 0 0 0 0 0 0 0 0 1 0 0 0]
[557738922924378423261073140446552985869270556725932762741245438487581953878158145229017935091657036850408505845921275019406267774594594527671 0 0 0 0 0 0 0 0 0 0 0 0 0 0 0 0 0 0 0 0 0 0 0 0 0 0 0 0 0 0 0 0 0 0 0 0 0 0 0 0 0 0 0 1 0 0]
[39062792050077902632799194388084146228287810579747300270828878360673256022190368553553616557187257451664696801395663254757198269365115883207 0 0 0 0 0 0 0 0 0 0 0 0 0 0 0 0 0 0 0 0 0 0 0 0 0 0 0 0 0 0 0 0 0 0 0 0 0 0 0 0 0 0 0 0 1 0]
[644803641491753681794572829680259621075227238647821863861052594313214491051448681079198514791657432480478439633330399072759555426060708638609 0 0 0 0 0 0 0 0 0 0 0 0 0 0 0 0 0 0 0 0 0 0 0 0 0 0 0 0 0 0 0 0 0 0 0 0 0 0 0 0 0 0 0 0 0 1]
]
