[[6749035158168627313067592928450798293998508304141090355228612617036216649134781633141333923353519191939045334283996143250803336271911599300646615810633739886969366595741090193831387830672176120685746181400388735245131404039727508146204578858130770401167751808741180477 0 0 0 0 0 0 0 0 0 0 0 0 0 0 0 0 0 0 0 0 0 0 0 0 0 0 0 0 0 0 0 0 0 0 0 0 0 0 0 0 0 0 0 0 0 0 0 0 0 0 0 0 0 0 0 0 0 0 0 0 0 0 0 0 0 0 0 0 0 0 0 0 0 0 0 0 0 0 0 0 0 0 0 0 0 0 0 0]
[3510269885114804720503100938868536314126367175513780860999812335008319512684756111825548568962971069464653192694856410855439625282502776844967485973889976556573342087613181630093930292699032169528935004445357664421488598823837552088678062561299527211525980253351360823 1 0 0 0 0 0 0 0 0 0 0 0 0 0 0 0 0 0 0 0 0 0 0 0 0 0 0 0 0 0 0 0 0 0 0 0 0 0 0 0 0 0 0 0 0 0 0 0 0 0 0 0 0 0 0 0 0 0 0 0 0 0 0 0 0 0 0 0 0 0 0 0 0 0 0 0 0 0 0 0 0 0 0 0 0 0 0 0]
[4797590322297857686942438295650454723167669357585161978429816330330164738188054031893353085108316625232250998248386417760726672210494778439421285451108787971330388156956108466860385291565016878367878295746302358075665153469549606608217614889358075903117969900392224024 0 1 0 0 0 0 0 0 0 0 0 0 0 0 0 0 0 0 0 0 0 0 0 0 0 0 0 0 0 0 0 0 0 0 0 0 0 0 0 0 0 0 0 0 0 0 0 0 0 0 0 0 0 0 0 0 0 0 0 0 0 0 0 0 0 0 0 0 0 0 0 0 0 0 0 0 0 0 0 0 0 0 0 0 0 0 0 0]
[5381058176107173232298887309750616081104844043852062857217480261441293836017753168529168563997115540979222040412621444417711691502542287920251044204845006727976913881216725551838261871435817514914025161612436797160774010072497206766460368790774056038027665689492048690 0 0 1 0 0 0 0 0 0 0 0 0 0 0 0 0 0 0 0 0 0 0 0 0 0 0 0 0 0 0 0 0 0 0 0 0 0 0 0 0 0 0 0 0 0 0 0 0 0 0 0 0 0 0 0 0 0 0 0 0 0 0 0 0 0 0 0 0 0 0 0 0 0 0 0 0 0 0 0 0 0 0 0 0 0 0 0 0]
[858496077445935314947703495501252850997822727301759615256648122037421177848951695064024223647329173983058689887066560478296173321774505010416794417860147531372475838834863670870264278641975130073898464009529290839903706997272884605862207324845607297128660418427611733 0 0 0 1 0 0 0 0 0 0 0 0 0 0 0 0 0 0 0 0 0 0 0 0 0 0 0 0 0 0 0 0 0 0 0 0 0 0 0 0 0 0 0 0 0 0 0 0 0 0 0 0 0 0 0 0 0 0 0 0 0 0 0 0 0 0 0 0 0 0 0 0 0 0 0 0 0 0 0 0 0 0 0 0 0 0 0 0]
[4255984192577709582936933123571149142617882638955793007820792966605189582328036354047304575811493115817623165742395011216637253654811768999364682857423748066738711763141439344327815873445105678521247761612293152524444766220959228375143838539003120780387540652099725453 0 0 0 0 1 0 0 0 0 0 0 0 0 0 0 0 0 0 0 0 0 0 0 0 0 0 0 0 0 0 0 0 0 0 0 0 0 0 0 0 0 0 0 0 0 0 0 0 0 0 0 0 0 0 0 0 0 0 0 0 0 0 0 0 0 0 0 0 0 0 0 0 0 0 0 0 0 0 0 0 0 0 0 0 0 0 0 0]
[4112010788449269844238609021571416198325875600027408893616989275879813515322481503012003734105496371927454923708710905070760550785113905528287554271892907821890772953228847050364482931798414388895334506719385296318600203014997278823535841820505291763018966529437599173 0 0 0 0 0 1 0 0 0 0 0 0 0 0 0 0 0 0 0 0 0 0 0 0 0 0 0 0 0 0 0 0 0 0 0 0 0 0 0 0 0 0 0 0 0 0 0 0 0 0 0 0 0 0 0 0 0 0 0 0 0 0 0 0 0 0 0 0 0 0 0 0 0 0 0 0 0 0 0 0 0 0 0 0 0 0 0 0]
[553620000388668754417805394959858844574935703487388567342736100098958020119645337761551210332748921457315631537098382789537278386991915122221326977365519360043530654769346579257813501981187218166905663184343555238840014144180155252479135009786552181000643601301119276 0 0 0 0 0 0 1 0 0 0 0 0 0 0 0 0 0 0 0 0 0 0 0 0 0 0 0 0 0 0 0 0 0 0 0 0 0 0 0 0 0 0 0 0 0 0 0 0 0 0 0 0 0 0 0 0 0 0 0 0 0 0 0 0 0 0 0 0 0 0 0 0 0 0 0 0 0 0 0 0 0 0 0 0 0 0 0 0]
[4595975690986554573725346857468152437544555973992485105495423207958149609197101828275434462573532134045798331931518244783043191140559722370777426045500885346477941669698830289501881303621789748693515623086356745132414359042926297083164279631097501863767100686101220310 0 0 0 0 0 0 0 1 0 0 0 0 0 0 0 0 0 0 0 0 0 0 0 0 0 0 0 0 0 0 0 0 0 0 0 0 0 0 0 0 0 0 0 0 0 0 0 0 0 0 0 0 0 0 0 0 0 0 0 0 0 0 0 0 0 0 0 0 0 0 0 0 0 0 0 0 0 0 0 0 0 0 0 0 0 0 0 0]
[610745954722792707522481634586571591731490357403914904079853292038584993764442836720188442920754318299917923647254581589033752360355317092929812810988053865160295681597042734885411345395965394302226430889758050751729120424043686568413871409056390973727975452460553232 0 0 0 0 0 0 0 0 1 0 0 0 0 0 0 0 0 0 0 0 0 0 0 0 0 0 0 0 0 0 0 0 0 0 0 0 0 0 0 0 0 0 0 0 0 0 0 0 0 0 0 0 0 0 0 0 0 0 0 0 0 0 0 0 0 0 0 0 0 0 0 0 0 0 0 0 0 0 0 0 0 0 0 0 0 0 0 0]
[319908821306713850556155399023071923146875388980805481380476519441893869180637453702847854485539340720629484418389824296878168120970729084851640099617131556599027986169710730500199344559467375388141259272659767545821085378014486577829510194493092782051425818107713482 0 0 0 0 0 0 0 0 0 1 0 0 0 0 0 0 0 0 0 0 0 0 0 0 0 0 0 0 0 0 0 0 0 0 0 0 0 0 0 0 0 0 0 0 0 0 0 0 0 0 0 0 0 0 0 0 0 0 0 0 0 0 0 0 0 0 0 0 0 0 0 0 0 0 0 0 0 0 0 0 0 0 0 0 0 0 0 0]
[3445551082853058254702819985123508886997642219620659917458450961307299173610150425826119647008836373428250935685106344777386245326466380186780767415237547789380765279283946699582947142930714785184911453376818471620281159430359199287952254624063100815191087890684178671 0 0 0 0 0 0 0 0 0 0 1 0 0 0 0 0 0 0 0 0 0 0 0 0 0 0 0 0 0 0 0 0 0 0 0 0 0 0 0 0 0 0 0 0 0 0 0 0 0 0 0 0 0 0 0 0 0 0 0 0 0 0 0 0 0 0 0 0 0 0 0 0 0 0 0 0 0 0 0 0 0 0 0 0 0 0 0 0]
[2735926962744753164596066178890729964829242162500419043325230227189326732824473666025457042448590985052577046398133752817520341950145958976175256979145385500509122651890574194978272806670484132870737385260957894881520607995707776526575781876328078241765078287933608640 0 0 0 0 0 0 0 0 0 0 0 1 0 0 0 0 0 0 0 0 0 0 0 0 0 0 0 0 0 0 0 0 0 0 0 0 0 0 0 0 0 0 0 0 0 0 0 0 0 0 0 0 0 0 0 0 0 0 0 0 0 0 0 0 0 0 0 0 0 0 0 0 0 0 0 0 0 0 0 0 0 0 0 0 0 0 0 0]
[1058599286694039581892075369618170557009840698116868645963442310705567945357562839949847771847776297106025917569654701426380920932104735183199926056550385517435318187047027676959588693754205906804517330671967375138200885861254960629022395842272293360834702377868791097 0 0 0 0 0 0 0 0 0 0 0 0 1 0 0 0 0 0 0 0 0 0 0 0 0 0 0 0 0 0 0 0 0 0 0 0 0 0 0 0 0 0 0 0 0 0 0 0 0 0 0 0 0 0 0 0 0 0 0 0 0 0 0 0 0 0 0 0 0 0 0 0 0 0 0 0 0 0 0 0 0 0 0 0 0 0 0 0]
[2427700146685409464048648953791511209004615728337665152095934564468692778971533266791055104892180304445599283835009607336087234045273385666450149824587129209864974711516610621017921780340765619018378210200427095529042268966881524622403206284390980721893824041273329278 0 0 0 0 0 0 0 0 0 0 0 0 0 1 0 0 0 0 0 0 0 0 0 0 0 0 0 0 0 0 0 0 0 0 0 0 0 0 0 0 0 0 0 0 0 0 0 0 0 0 0 0 0 0 0 0 0 0 0 0 0 0 0 0 0 0 0 0 0 0 0 0 0 0 0 0 0 0 0 0 0 0 0 0 0 0 0 0]
[4308616743475136114634899884371999978744320610510085841145797678126616099485304994747564212489508160005601922095680466068805897916562966761596865359065199212965542256069420099009828585614194381913001177971679982403760276504266250822889673250805791530544961324659284662 0 0 0 0 0 0 0 0 0 0 0 0 0 0 1 0 0 0 0 0 0 0 0 0 0 0 0 0 0 0 0 0 0 0 0 0 0 0 0 0 0 0 0 0 0 0 0 0 0 0 0 0 0 0 0 0 0 0 0 0 0 0 0 0 0 0 0 0 0 0 0 0 0 0 0 0 0 0 0 0 0 0 0 0 0 0 0 0]
[252310965069641216258248230451799830737923074652377187745865644991941856126940673408713186179373297664652963334656973224120773108127441978731647054951918296600420169432401707290224066680320009897199564101378089434092973707468471014232953283931917852726598148068014713 0 0 0 0 0 0 0 0 0 0 0 0 0 0 0 1 0 0 0 0 0 0 0 0 0 0 0 0 0 0 0 0 0 0 0 0 0 0 0 0 0 0 0 0 0 0 0 0 0 0 0 0 0 0 0 0 0 0 0 0 0 0 0 0 0 0 0 0 0 0 0 0 0 0 0 0 0 0 0 0 0 0 0 0 0 0 0 0]
[4738418282326594630079382900308256592896475620198862233157673073917934828841462365284639763459710840036863624911244148675007906153592917782335991808756445888642309784660000766439582015328253694748673613490983162548648088923814210363663562088122747114468956166335501353 0 0 0 0 0 0 0 0 0 0 0 0 0 0 0 0 1 0 0 0 0 0 0 0 0 0 0 0 0 0 0 0 0 0 0 0 0 0 0 0 0 0 0 0 0 0 0 0 0 0 0 0 0 0 0 0 0 0 0 0 0 0 0 0 0 0 0 0 0 0 0 0 0 0 0 0 0 0 0 0 0 0 0 0 0 0 0 0]
[487903965734947415603737956496231305174337920383625324989848232787547796669331727142418099626414956954530882824122487562167737241687968301174367474286672686135524406249056721728636352219297184311720647309529692420555707130341134240055112325968239277247475960678856250 0 0 0 0 0 0 0 0 0 0 0 0 0 0 0 0 0 1 0 0 0 0 0 0 0 0 0 0 0 0 0 0 0 0 0 0 0 0 0 0 0 0 0 0 0 0 0 0 0 0 0 0 0 0 0 0 0 0 0 0 0 0 0 0 0 0 0 0 0 0 0 0 0 0 0 0 0 0 0 0 0 0 0 0 0 0 0 0]
[2557419809388874920348288698901827664224980338663646273158431148339505132850861459060435360148447909873249072768440264717942011650818202860647717367774095419197177717086536429671445211929444556234608679548744388548492451869182623496869622251252863664991683235846218960 0 0 0 0 0 0 0 0 0 0 0 0 0 0 0 0 0 0 1 0 0 0 0 0 0 0 0 0 0 0 0 0 0 0 0 0 0 0 0 0 0 0 0 0 0 0 0 0 0 0 0 0 0 0 0 0 0 0 0 0 0 0 0 0 0 0 0 0 0 0 0 0 0 0 0 0 0 0 0 0 0 0 0 0 0 0 0 0]
[172233724645297693596264558308964057811721726490110511654244482937509836965795414289732728554252244983036988377916118094560415564843248318245633449631319788103162931621280284290918413907428515624289830677391969209559035149332719200931287455877545622164703457472899354 0 0 0 0 0 0 0 0 0 0 0 0 0 0 0 0 0 0 0 1 0 0 0 0 0 0 0 0 0 0 0 0 0 0 0 0 0 0 0 0 0 0 0 0 0 0 0 0 0 0 0 0 0 0 0 0 0 0 0 0 0 0 0 0 0 0 0 0 0 0 0 0 0 0 0 0 0 0 0 0 0 0 0 0 0 0 0 0]
[2337051029804662016471095637234609847039983492557368845332853220837936281522656937012820218194129213871356204473956715480064218665513931429132093947231965103352267320403474990636852498944661659519779423773120200332198586474170922535001263095469924362064386351281901509 0 0 0 0 0 0 0 0 0 0 0 0 0 0 0 0 0 0 0 0 1 0 0 0 0 0 0 0 0 0 0 0 0 0 0 0 0 0 0 0 0 0 0 0 0 0 0 0 0 0 0 0 0 0 0 0 0 0 0 0 0 0 0 0 0 0 0 0 0 0 0 0 0 0 0 0 0 0 0 0 0 0 0 0 0 0 0 0]
[3743244530069771418744677415557574362610501446664724520156766319697378604982580307752190314647977163320414370336929552413110946341913215260025116210801981095824304202179216310881980545602239491515884895471859063043194547438350464300095881701108579273646560700838157514 0 0 0 0 0 0 0 0 0 0 0 0 0 0 0 0 0 0 0 0 0 1 0 0 0 0 0 0 0 0 0 0 0 0 0 0 0 0 0 0 0 0 0 0 0 0 0 0 0 0 0 0 0 0 0 0 0 0 0 0 0 0 0 0 0 0 0 0 0 0 0 0 0 0 0 0 0 0 0 0 0 0 0 0 0 0 0 0]
[376786779782448820567969709954412817025955022967754438015964469513903105207100034602288413615001135166026546987070037982048183731470587490247354278944911300715516538307718756414117938748442308227777444525022335924776235753033674450022324853301063365922183159707100254 0 0 0 0 0 0 0 0 0 0 0 0 0 0 0 0 0 0 0 0 0 0 1 0 0 0 0 0 0 0 0 0 0 0 0 0 0 0 0 0 0 0 0 0 0 0 0 0 0 0 0 0 0 0 0 0 0 0 0 0 0 0 0 0 0 0 0 0 0 0 0 0 0 0 0 0 0 0 0 0 0 0 0 0 0 0 0 0]
[5648622961302390167373272839165328935088911965312854676766309303561879654763949760339946673721112572677877195216979036799377435473554492271342676772570334103128177009800740021308351237296200278404406280663679565475784549519550648495432698894121437365180677737246041007 0 0 0 0 0 0 0 0 0 0 0 0 0 0 0 0 0 0 0 0 0 0 0 1 0 0 0 0 0 0 0 0 0 0 0 0 0 0 0 0 0 0 0 0 0 0 0 0 0 0 0 0 0 0 0 0 0 0 0 0 0 0 0 0 0 0 0 0 0 0 0 0 0 0 0 0 0 0 0 0 0 0 0 0 0 0 0 0]
[2970049387941271773733148866085135439233552268850580017977097664528760107256691496094953556039652224815912430269430063043799551867222671453575304144290972197826056968827621279459153678247219480928982785423273973182033257036620966361719116781754725643799545410680000570 0 0 0 0 0 0 0 0 0 0 0 0 0 0 0 0 0 0 0 0 0 0 0 0 1 0 0 0 0 0 0 0 0 0 0 0 0 0 0 0 0 0 0 0 0 0 0 0 0 0 0 0 0 0 0 0 0 0 0 0 0 0 0 0 0 0 0 0 0 0 0 0 0 0 0 0 0 0 0 0 0 0 0 0 0 0 0 0]
[1437823572874980556369356027278912311262090555621368393447230026038413226386572981461330794410311009191609493429036666949243715026004161775655690330588459353348104809524634069781938221538945598368728234550204351069315677279339646995093140654528925544643843243815799516 0 0 0 0 0 0 0 0 0 0 0 0 0 0 0 0 0 0 0 0 0 0 0 0 0 1 0 0 0 0 0 0 0 0 0 0 0 0 0 0 0 0 0 0 0 0 0 0 0 0 0 0 0 0 0 0 0 0 0 0 0 0 0 0 0 0 0 0 0 0 0 0 0 0 0 0 0 0 0 0 0 0 0 0 0 0 0 0]
[3540253233147438014292053510761229589913424783561145060944058609948497393252280454091326640180295339975200895384459276181245913576113362266563034634336992081381107692739961268146998180391003335757644464798956545574471381637027743238412913899814330808883062858740124317 0 0 0 0 0 0 0 0 0 0 0 0 0 0 0 0 0 0 0 0 0 0 0 0 0 0 1 0 0 0 0 0 0 0 0 0 0 0 0 0 0 0 0 0 0 0 0 0 0 0 0 0 0 0 0 0 0 0 0 0 0 0 0 0 0 0 0 0 0 0 0 0 0 0 0 0 0 0 0 0 0 0 0 0 0 0 0 0]
[1930255766467674113353235900642735029784746914096836891646920959683269572752876279368308480864967815124788935408510235498332706644551693401114721956880869388206297619514553120240259532740159140089204469276434980607557532964468541384728193007730454643346558485953334241 0 0 0 0 0 0 0 0 0 0 0 0 0 0 0 0 0 0 0 0 0 0 0 0 0 0 0 1 0 0 0 0 0 0 0 0 0 0 0 0 0 0 0 0 0 0 0 0 0 0 0 0 0 0 0 0 0 0 0 0 0 0 0 0 0 0 0 0 0 0 0 0 0 0 0 0 0 0 0 0 0 0 0 0 0 0 0 0]
[5086519610116369773536416652082211281374612667530432162105067408712388896111918397484639952320721997356524326542441457399909902057442378687088895350611096604746937145348057482849777284183497712409706542076929346829052316875651908489158955618741421998876755076691946429 0 0 0 0 0 0 0 0 0 0 0 0 0 0 0 0 0 0 0 0 0 0 0 0 0 0 0 0 1 0 0 0 0 0 0 0 0 0 0 0 0 0 0 0 0 0 0 0 0 0 0 0 0 0 0 0 0 0 0 0 0 0 0 0 0 0 0 0 0 0 0 0 0 0 0 0 0 0 0 0 0 0 0 0 0 0 0 0]
[378630729075807931080730154293300509075482537047106486621179314798506814161581209331238964031972392752068163051125307733550623446387444271235162823382427175684930730920230548618945973368985502387557802348572669403176267856477998472507924421285419698489529514989262721 0 0 0 0 0 0 0 0 0 0 0 0 0 0 0 0 0 0 0 0 0 0 0 0 0 0 0 0 0 1 0 0 0 0 0 0 0 0 0 0 0 0 0 0 0 0 0 0 0 0 0 0 0 0 0 0 0 0 0 0 0 0 0 0 0 0 0 0 0 0 0 0 0 0 0 0 0 0 0 0 0 0 0 0 0 0 0 0]
[6412089358740229462353405632319542004931717674034006755544063007033500649654425312487781659632641760073020471741188417155532801428281487855555268329886713177196810793624528702223698031724696168746142141752510730710294874056442315108954946901385924839432724660331348709 0 0 0 0 0 0 0 0 0 0 0 0 0 0 0 0 0 0 0 0 0 0 0 0 0 0 0 0 0 0 1 0 0 0 0 0 0 0 0 0 0 0 0 0 0 0 0 0 0 0 0 0 0 0 0 0 0 0 0 0 0 0 0 0 0 0 0 0 0 0 0 0 0 0 0 0 0 0 0 0 0 0 0 0 0 0 0 0]
[4042283491928525585318830946373829463347591171058355119229428723348252907688843866128114740043629821482504706126209192616642251574396997757859893446481226117401395236431334231227453539448672769204592912177323979524335563959225542055787601805304940336235519221319062932 0 0 0 0 0 0 0 0 0 0 0 0 0 0 0 0 0 0 0 0 0 0 0 0 0 0 0 0 0 0 0 1 0 0 0 0 0 0 0 0 0 0 0 0 0 0 0 0 0 0 0 0 0 0 0 0 0 0 0 0 0 0 0 0 0 0 0 0 0 0 0 0 0 0 0 0 0 0 0 0 0 0 0 0 0 0 0 0]
[6007293092062148150673094661658814793099148512739239417498120908262930027415936413535701318852827937378332075264310815325137659839170197672594546577600760254577159571579491750850163472901286915387190187804091918389018825086454624726924330522073444688235032978836197912 0 0 0 0 0 0 0 0 0 0 0 0 0 0 0 0 0 0 0 0 0 0 0 0 0 0 0 0 0 0 0 0 1 0 0 0 0 0 0 0 0 0 0 0 0 0 0 0 0 0 0 0 0 0 0 0 0 0 0 0 0 0 0 0 0 0 0 0 0 0 0 0 0 0 0 0 0 0 0 0 0 0 0 0 0 0 0 0]
[3467646620731726357451114825562320355709529682799583041477067389131709997391968289789518667368460041648717829770205056555557451025207603982718077258714236244571314075301335476884360660537598317492628110357981810643610342996493559496747716714336173376784916594846376543 0 0 0 0 0 0 0 0 0 0 0 0 0 0 0 0 0 0 0 0 0 0 0 0 0 0 0 0 0 0 0 0 0 1 0 0 0 0 0 0 0 0 0 0 0 0 0 0 0 0 0 0 0 0 0 0 0 0 0 0 0 0 0 0 0 0 0 0 0 0 0 0 0 0 0 0 0 0 0 0 0 0 0 0 0 0 0 0]
[3501247020281417756957177767985103855405006547842576419251467105078232496000192873266621703733704432357259484682222483129602376514134849999421253556817691197077800254159091728741596013704419563722618534313470736647321986144595365722663620448936018926033461205357411406 0 0 0 0 0 0 0 0 0 0 0 0 0 0 0 0 0 0 0 0 0 0 0 0 0 0 0 0 0 0 0 0 0 0 1 0 0 0 0 0 0 0 0 0 0 0 0 0 0 0 0 0 0 0 0 0 0 0 0 0 0 0 0 0 0 0 0 0 0 0 0 0 0 0 0 0 0 0 0 0 0 0 0 0 0 0 0 0]
[6493021280438553418118297552869845682680856209813382134541950319656421040543086157398121255456927303124890383025524918972899702108238002026869236961692747625696313003597664283615482812797635661681946591531575827655046429270270978647521401385714520608791775969339371708 0 0 0 0 0 0 0 0 0 0 0 0 0 0 0 0 0 0 0 0 0 0 0 0 0 0 0 0 0 0 0 0 0 0 0 1 0 0 0 0 0 0 0 0 0 0 0 0 0 0 0 0 0 0 0 0 0 0 0 0 0 0 0 0 0 0 0 0 0 0 0 0 0 0 0 0 0 0 0 0 0 0 0 0 0 0 0 0]
[5433353243104963381143672156160154041406653085400884928140580538865555265381706448415141570892147409442970700203894339925967728557586421525993056997212485994500782906294794035110228140192691274005703522175478325879489563887267365432672495893883179428879385515449060460 0 0 0 0 0 0 0 0 0 0 0 0 0 0 0 0 0 0 0 0 0 0 0 0 0 0 0 0 0 0 0 0 0 0 0 0 1 0 0 0 0 0 0 0 0 0 0 0 0 0 0 0 0 0 0 0 0 0 0 0 0 0 0 0 0 0 0 0 0 0 0 0 0 0 0 0 0 0 0 0 0 0 0 0 0 0 0 0]
[4928974347454108318251579342039212838102716556767764624723745810843523153609659000077114392397617598303119126770527587179608250862192245981346672510497875506287070415637367368899816586678889666522028929232416453926001558083176502536408509384354328819272461818049420931 0 0 0 0 0 0 0 0 0 0 0 0 0 0 0 0 0 0 0 0 0 0 0 0 0 0 0 0 0 0 0 0 0 0 0 0 0 1 0 0 0 0 0 0 0 0 0 0 0 0 0 0 0 0 0 0 0 0 0 0 0 0 0 0 0 0 0 0 0 0 0 0 0 0 0 0 0 0 0 0 0 0 0 0 0 0 0 0]
[5597847555338700213804664964903333143361614198197891631326372355299161254300150680867539364506848206916222635162091053053605344463549964991568128489777290235872390168433555884860805392782295620421959859842052104522307414974548050544352619448694484941646321829529683349 0 0 0 0 0 0 0 0 0 0 0 0 0 0 0 0 0 0 0 0 0 0 0 0 0 0 0 0 0 0 0 0 0 0 0 0 0 0 1 0 0 0 0 0 0 0 0 0 0 0 0 0 0 0 0 0 0 0 0 0 0 0 0 0 0 0 0 0 0 0 0 0 0 0 0 0 0 0 0 0 0 0 0 0 0 0 0 0]
[3542270324588063531499838543328791624034639015935581281123789947757188168193450569700470286165727292889622740915520656307957603412291119304654447538420416265143287234008599128065988518523279332524110259076319381075256167347937841373813177500296365002200423481351100884 0 0 0 0 0 0 0 0 0 0 0 0 0 0 0 0 0 0 0 0 0 0 0 0 0 0 0 0 0 0 0 0 0 0 0 0 0 0 0 1 0 0 0 0 0 0 0 0 0 0 0 0 0 0 0 0 0 0 0 0 0 0 0 0 0 0 0 0 0 0 0 0 0 0 0 0 0 0 0 0 0 0 0 0 0 0 0 0]
[1408532370380226098977851079280138922237878156525845164451654945413440177051584873730774639593117093885732197157209225743565836491437996174771268043755393663104383905955017513293836583688178411592771434024605861367237531595559416898025640316189108511357303926403287605 0 0 0 0 0 0 0 0 0 0 0 0 0 0 0 0 0 0 0 0 0 0 0 0 0 0 0 0 0 0 0 0 0 0 0 0 0 0 0 0 1 0 0 0 0 0 0 0 0 0 0 0 0 0 0 0 0 0 0 0 0 0 0 0 0 0 0 0 0 0 0 0 0 0 0 0 0 0 0 0 0 0 0 0 0 0 0 0]
[6192093144538890146407965165229583476228741691553307731026332328295309756883230414786600324311019982835110191533407682153193603798111139258238092771092756183743804852950563940407661366859332105278790408602014853943101995422377906083540184886370488607416073573721687364 0 0 0 0 0 0 0 0 0 0 0 0 0 0 0 0 0 0 0 0 0 0 0 0 0 0 0 0 0 0 0 0 0 0 0 0 0 0 0 0 0 1 0 0 0 0 0 0 0 0 0 0 0 0 0 0 0 0 0 0 0 0 0 0 0 0 0 0 0 0 0 0 0 0 0 0 0 0 0 0 0 0 0 0 0 0 0 0]
[99957028073674152334401055532621778930854599816816770699698285758474770524826569485848528464345736224801281750250708957614262286219886625125147603938885756666806095300246200674048016327380621172073437986516828137197988816225982162240257061581589118746311540375671851 0 0 0 0 0 0 0 0 0 0 0 0 0 0 0 0 0 0 0 0 0 0 0 0 0 0 0 0 0 0 0 0 0 0 0 0 0 0 0 0 0 0 1 0 0 0 0 0 0 0 0 0 0 0 0 0 0 0 0 0 0 0 0 0 0 0 0 0 0 0 0 0 0 0 0 0 0 0 0 0 0 0 0 0 0 0 0 0]
[692894105141083581771080165399704883660932297725538773034362928330373643566648584959993977173194845703370956416570946279691571775918922818203224985670410054986638956997585061791811219764396827075298095480049372188686733854819396265334393886469192777588534043678935860 0 0 0 0 0 0 0 0 0 0 0 0 0 0 0 0 0 0 0 0 0 0 0 0 0 0 0 0 0 0 0 0 0 0 0 0 0 0 0 0 0 0 0 1 0 0 0 0 0 0 0 0 0 0 0 0 0 0 0 0 0 0 0 0 0 0 0 0 0 0 0 0 0 0 0 0 0 0 0 0 0 0 0 0 0 0 0 0]
[961070784293661050745998865325304928319441798772019201932476646583526898794059092779020261592270354826013441110014112647228521481760104690419626587015102175846474959092268157442691089232129070897878811388579428695444629021915893833121690865522716847315611746474444859 0 0 0 0 0 0 0 0 0 0 0 0 0 0 0 0 0 0 0 0 0 0 0 0 0 0 0 0 0 0 0 0 0 0 0 0 0 0 0 0 0 0 0 0 1 0 0 0 0 0 0 0 0 0 0 0 0 0 0 0 0 0 0 0 0 0 0 0 0 0 0 0 0 0 0 0 0 0 0 0 0 0 0 0 0 0 0 0]
[4655448064297137298959136881556206581137668153359554494549637735256420577926402198657103990180382745888594045644332469314988649661898105483589576560249942062382089706285035247443894047787694787953358216263064979226951492016463196484577363909182682886289570881549068204 0 0 0 0 0 0 0 0 0 0 0 0 0 0 0 0 0 0 0 0 0 0 0 0 0 0 0 0 0 0 0 0 0 0 0 0 0 0 0 0 0 0 0 0 0 1 0 0 0 0 0 0 0 0 0 0 0 0 0 0 0 0 0 0 0 0 0 0 0 0 0 0 0 0 0 0 0 0 0 0 0 0 0 0 0 0 0 0]
[4712285633020487817757287115339816760851863271578683868917532881845962677982938144530671489121504723846737152641046324063290500988086587334582956164285816298806382965566658139040656339691802141058828250815084118948086219108987660412078669449375014521156828930555382742 0 0 0 0 0 0 0 0 0 0 0 0 0 0 0 0 0 0 0 0 0 0 0 0 0 0 0 0 0 0 0 0 0 0 0 0 0 0 0 0 0 0 0 0 0 0 1 0 0 0 0 0 0 0 0 0 0 0 0 0 0 0 0 0 0 0 0 0 0 0 0 0 0 0 0 0 0 0 0 0 0 0 0 0 0 0 0 0]
[6665896084317299899470884920615569192161584198530327738399728151475458515441747173845402800344001484562894979498665346049817119342941069024218911298943714988900273956078552511961646692683723541376232394356045585986371208738297834294491879340484718680231677413475652231 0 0 0 0 0 0 0 0 0 0 0 0 0 0 0 0 0 0 0 0 0 0 0 0 0 0 0 0 0 0 0 0 0 0 0 0 0 0 0 0 0 0 0 0 0 0 0 1 0 0 0 0 0 0 0 0 0 0 0 0 0 0 0 0 0 0 0 0 0 0 0 0 0 0 0 0 0 0 0 0 0 0 0 0 0 0 0 0]
[6627861034277260715287681843990884226228483380837466904794279620554536385916994545750448308937429896056848880639554936772210314354033484127193092826211839281812865527441010432082753483585613841128723608302552160617585657107419859397746673415332693242775369576216647260 0 0 0 0 0 0 0 0 0 0 0 0 0 0 0 0 0 0 0 0 0 0 0 0 0 0 0 0 0 0 0 0 0 0 0 0 0 0 0 0 0 0 0 0 0 0 0 0 1 0 0 0 0 0 0 0 0 0 0 0 0 0 0 0 0 0 0 0 0 0 0 0 0 0 0 0 0 0 0 0 0 0 0 0 0 0 0 0]
[1617658452157809196167824028068787752308268064945679996113601047749227509367452112462457723764765542813140248701420789631140588896594809333785994783459594779834872167947748280327877957899215549399851695864622298503255347350227852044026481961000218964302291182345645456 0 0 0 0 0 0 0 0 0 0 0 0 0 0 0 0 0 0 0 0 0 0 0 0 0 0 0 0 0 0 0 0 0 0 0 0 0 0 0 0 0 0 0 0 0 0 0 0 0 1 0 0 0 0 0 0 0 0 0 0 0 0 0 0 0 0 0 0 0 0 0 0 0 0 0 0 0 0 0 0 0 0 0 0 0 0 0 0]
[69870752459033291996038337272081490377681004254533647325676988825485098812398174355890262341022074912166488195821470796472172730552819928805991437064911808000543788063119700475784478516746656473009211411594905949603450017400203777132094557729555560774529877617243876 0 0 0 0 0 0 0 0 0 0 0 0 0 0 0 0 0 0 0 0 0 0 0 0 0 0 0 0 0 0 0 0 0 0 0 0 0 0 0 0 0 0 0 0 0 0 0 0 0 0 1 0 0 0 0 0 0 0 0 0 0 0 0 0 0 0 0 0 0 0 0 0 0 0 0 0 0 0 0 0 0 0 0 0 0 0 0 0]
[1363565478048821667772176252799399366794484930876303984454388700411269123233098052421603918842000302805691150917296404320454964919422184246360317788032825631204217871922794264438203531838603422108851768687030917551223859023579365749935249195940581580924324330431403686 0 0 0 0 0 0 0 0 0 0 0 0 0 0 0 0 0 0 0 0 0 0 0 0 0 0 0 0 0 0 0 0 0 0 0 0 0 0 0 0 0 0 0 0 0 0 0 0 0 0 0 1 0 0 0 0 0 0 0 0 0 0 0 0 0 0 0 0 0 0 0 0 0 0 0 0 0 0 0 0 0 0 0 0 0 0 0 0]
[3644069223161575729459862817384494219293451144058938984251905296984961902302411389320602813723835723200012351186525717441343529400181633833445701932261335414111502008945477156852956388876957604736357170889177544901102853167194267503636055443857129992776290034319500238 0 0 0 0 0 0 0 0 0 0 0 0 0 0 0 0 0 0 0 0 0 0 0 0 0 0 0 0 0 0 0 0 0 0 0 0 0 0 0 0 0 0 0 0 0 0 0 0 0 0 0 0 1 0 0 0 0 0 0 0 0 0 0 0 0 0 0 0 0 0 0 0 0 0 0 0 0 0 0 0 0 0 0 0 0 0 0 0]
[3231567521582370838064215918013731912874937832163889678210360169865223217026307593896276713874496980029361913077334614493452916750290401979525062925038273695846283068006033977039525291528423012204370296384021785668952135978908591900143158055106749314826751188326436513 0 0 0 0 0 0 0 0 0 0 0 0 0 0 0 0 0 0 0 0 0 0 0 0 0 0 0 0 0 0 0 0 0 0 0 0 0 0 0 0 0 0 0 0 0 0 0 0 0 0 0 0 0 1 0 0 0 0 0 0 0 0 0 0 0 0 0 0 0 0 0 0 0 0 0 0 0 0 0 0 0 0 0 0 0 0 0 0]
[5624800327608271928688962431206703101470132583936572822289039038665505582303727908746429309068453940554174061759901011977265766066590713179108382372575417803443827418777406195318569786213247022366943032883296053126110776412258172854997067171809730982176628540967953345 0 0 0 0 0 0 0 0 0 0 0 0 0 0 0 0 0 0 0 0 0 0 0 0 0 0 0 0 0 0 0 0 0 0 0 0 0 0 0 0 0 0 0 0 0 0 0 0 0 0 0 0 0 0 1 0 0 0 0 0 0 0 0 0 0 0 0 0 0 0 0 0 0 0 0 0 0 0 0 0 0 0 0 0 0 0 0 0]
[5211035040679884279012818489576261669858530393639489673165591432369155239897765021445760474926636202540350553285036980079012261328883849161710664288521152789241484701246233682538536092243715317887233106553477537437938157806704865375170282143567225063511555992877383704 0 0 0 0 0 0 0 0 0 0 0 0 0 0 0 0 0 0 0 0 0 0 0 0 0 0 0 0 0 0 0 0 0 0 0 0 0 0 0 0 0 0 0 0 0 0 0 0 0 0 0 0 0 0 0 1 0 0 0 0 0 0 0 0 0 0 0 0 0 0 0 0 0 0 0 0 0 0 0 0 0 0 0 0 0 0 0 0]
[3545072614745700157794845957368055773741178741062995376379021943622654992756898660698566834750232221602960833152891033859915995128671514813889725526936174364414462513234577157514231832539264091302512905782347823009460027556474954206399298342713414621263189995811195991 0 0 0 0 0 0 0 0 0 0 0 0 0 0 0 0 0 0 0 0 0 0 0 0 0 0 0 0 0 0 0 0 0 0 0 0 0 0 0 0 0 0 0 0 0 0 0 0 0 0 0 0 0 0 0 0 1 0 0 0 0 0 0 0 0 0 0 0 0 0 0 0 0 0 0 0 0 0 0 0 0 0 0 0 0 0 0 0]
[3068607728725686368758782134688440493523416888426559293551793824577253614993704986441561665487855197000545195793619863241931617748601336302932369880477285997240003483815486072525153864767073110648990915051881952848764282849440092493885934442911248700972567121923484425 0 0 0 0 0 0 0 0 0 0 0 0 0 0 0 0 0 0 0 0 0 0 0 0 0 0 0 0 0 0 0 0 0 0 0 0 0 0 0 0 0 0 0 0 0 0 0 0 0 0 0 0 0 0 0 0 0 1 0 0 0 0 0 0 0 0 0 0 0 0 0 0 0 0 0 0 0 0 0 0 0 0 0 0 0 0 0 0]
[1856495279161565891004493256774314001536412623549441645172956584083246891414570140271144801273109690731043600234155000809484677975081581173915852678208495100291669095026584349400530713933123995731930262409417887578227440615879150368266144002641294353240001029740460528 0 0 0 0 0 0 0 0 0 0 0 0 0 0 0 0 0 0 0 0 0 0 0 0 0 0 0 0 0 0 0 0 0 0 0 0 0 0 0 0 0 0 0 0 0 0 0 0 0 0 0 0 0 0 0 0 0 0 1 0 0 0 0 0 0 0 0 0 0 0 0 0 0 0 0 0 0 0 0 0 0 0 0 0 0 0 0 0]
[6037615585943951681472319559060887265015043100574853758566650416212882941327677531396424637119871278177124780091255219946149040957628081685212267385129448888119352086726477324247063620441497370876906715406032311321900525452925883945706124358353891456151196536541982465 0 0 0 0 0 0 0 0 0 0 0 0 0 0 0 0 0 0 0 0 0 0 0 0 0 0 0 0 0 0 0 0 0 0 0 0 0 0 0 0 0 0 0 0 0 0 0 0 0 0 0 0 0 0 0 0 0 0 0 1 0 0 0 0 0 0 0 0 0 0 0 0 0 0 0 0 0 0 0 0 0 0 0 0 0 0 0 0]
[2407708368136347549634032052945768388540747976943788397479176786657709412884542307821060126142956458887954959200042906363641024552223282624301757558788603310363845031839763133080304013186496716244572706288581430670518624021018077012101399369669995453956263930376820506 0 0 0 0 0 0 0 0 0 0 0 0 0 0 0 0 0 0 0 0 0 0 0 0 0 0 0 0 0 0 0 0 0 0 0 0 0 0 0 0 0 0 0 0 0 0 0 0 0 0 0 0 0 0 0 0 0 0 0 0 1 0 0 0 0 0 0 0 0 0 0 0 0 0 0 0 0 0 0 0 0 0 0 0 0 0 0 0]
[6590857927064391028954580996645133559063094742753782774339977167772724767529335268458051134250373522315368810256305429991638057571739739426795110536726726752421371700502475997014787812312312901992471841656651894067626979732114146552631934969334217047645696145331002401 0 0 0 0 0 0 0 0 0 0 0 0 0 0 0 0 0 0 0 0 0 0 0 0 0 0 0 0 0 0 0 0 0 0 0 0 0 0 0 0 0 0 0 0 0 0 0 0 0 0 0 0 0 0 0 0 0 0 0 0 0 1 0 0 0 0 0 0 0 0 0 0 0 0 0 0 0 0 0 0 0 0 0 0 0 0 0 0]
[5620669572294622812452240817726098769129212211067982786931029510490000066333084933159817131767170639307676896750174071024332799634455495848740259314562700194618305938636535687440210529389677376792670742678388783855031225331285229715438104427474040211479930581810606681 0 0 0 0 0 0 0 0 0 0 0 0 0 0 0 0 0 0 0 0 0 0 0 0 0 0 0 0 0 0 0 0 0 0 0 0 0 0 0 0 0 0 0 0 0 0 0 0 0 0 0 0 0 0 0 0 0 0 0 0 0 0 1 0 0 0 0 0 0 0 0 0 0 0 0 0 0 0 0 0 0 0 0 0 0 0 0 0]
[961147829986795522108931234439234188924773032316372104937621808027414399041137762277142191139195831150841954161012847646758228903099030915370263724645867142602958497247850464407015878768898546350694830969232996947566918886361066841487971607955002576988969277594871311 0 0 0 0 0 0 0 0 0 0 0 0 0 0 0 0 0 0 0 0 0 0 0 0 0 0 0 0 0 0 0 0 0 0 0 0 0 0 0 0 0 0 0 0 0 0 0 0 0 0 0 0 0 0 0 0 0 0 0 0 0 0 0 1 0 0 0 0 0 0 0 0 0 0 0 0 0 0 0 0 0 0 0 0 0 0 0 0]
[1977291305395239469258041495366887530449875723937837217445985334136625071453038380721422940569143970842524026683973076266857296224921113481702573020559239482781269830744064608345350131720637812666611929952345509074879333653340464546133773787513400567470705905438333235 0 0 0 0 0 0 0 0 0 0 0 0 0 0 0 0 0 0 0 0 0 0 0 0 0 0 0 0 0 0 0 0 0 0 0 0 0 0 0 0 0 0 0 0 0 0 0 0 0 0 0 0 0 0 0 0 0 0 0 0 0 0 0 0 1 0 0 0 0 0 0 0 0 0 0 0 0 0 0 0 0 0 0 0 0 0 0 0]
[1181215522342105719819716297196021736091580690510863279251189613058797993463836037696016342729060678887502205001840087128662604050052650793290436765971133957712852373103128691409771820727979819247629004236234095392923145150125623289490017176093738548931475857529847217 0 0 0 0 0 0 0 0 0 0 0 0 0 0 0 0 0 0 0 0 0 0 0 0 0 0 0 0 0 0 0 0 0 0 0 0 0 0 0 0 0 0 0 0 0 0 0 0 0 0 0 0 0 0 0 0 0 0 0 0 0 0 0 0 0 1 0 0 0 0 0 0 0 0 0 0 0 0 0 0 0 0 0 0 0 0 0 0]
[530288898818715484378181550820928836276226921985338122564585417078273982405863645182638081422051399672140807693261809077774556849892921446186026975498451954515883497630902232780460854157816703245494060474649771019304983488514938386701917099913213648630334549631179188 0 0 0 0 0 0 0 0 0 0 0 0 0 0 0 0 0 0 0 0 0 0 0 0 0 0 0 0 0 0 0 0 0 0 0 0 0 0 0 0 0 0 0 0 0 0 0 0 0 0 0 0 0 0 0 0 0 0 0 0 0 0 0 0 0 0 1 0 0 0 0 0 0 0 0 0 0 0 0 0 0 0 0 0 0 0 0 0]
[3652044917803066534092796231711303722790938339902348961047806385094181569057761423298787418660030049078293670586167392152720646761042448696451340369686668025097021015534407986122228845970151326736654758624375751099313611242310915727644628409890341811934671943017617704 0 0 0 0 0 0 0 0 0 0 0 0 0 0 0 0 0 0 0 0 0 0 0 0 0 0 0 0 0 0 0 0 0 0 0 0 0 0 0 0 0 0 0 0 0 0 0 0 0 0 0 0 0 0 0 0 0 0 0 0 0 0 0 0 0 0 0 1 0 0 0 0 0 0 0 0 0 0 0 0 0 0 0 0 0 0 0 0]
[5186406720208614470482888956484102994182028576946889330349065939165588881281884433117198747599408548152942668162508692640998280689303965709090580134546959626729177316402420802138973934820710008833289543430038748816719990843739542317991692715194902611606803951610747524 0 0 0 0 0 0 0 0 0 0 0 0 0 0 0 0 0 0 0 0 0 0 0 0 0 0 0 0 0 0 0 0 0 0 0 0 0 0 0 0 0 0 0 0 0 0 0 0 0 0 0 0 0 0 0 0 0 0 0 0 0 0 0 0 0 0 0 0 1 0 0 0 0 0 0 0 0 0 0 0 0 0 0 0 0 0 0 0]
[20265032470215908843435005832691595397865707734039984914513203762360717696564191847758132259151708018349633011460092208821477363626593207312917437707799044870046588957415540379583030223334630647800006406614620597650907136470257958374505142460213815126385798315642089 0 0 0 0 0 0 0 0 0 0 0 0 0 0 0 0 0 0 0 0 0 0 0 0 0 0 0 0 0 0 0 0 0 0 0 0 0 0 0 0 0 0 0 0 0 0 0 0 0 0 0 0 0 0 0 0 0 0 0 0 0 0 0 0 0 0 0 0 0 1 0 0 0 0 0 0 0 0 0 0 0 0 0 0 0 0 0 0]
[980221015423082511832333515987856484626566519765399952773171545202810288385805639835947771899890113501381203653684824615733211590285888043801599560864801425652701676331993789284005458672235830242075254898206274353087959272206794898006670352598067505881106341150913979 0 0 0 0 0 0 0 0 0 0 0 0 0 0 0 0 0 0 0 0 0 0 0 0 0 0 0 0 0 0 0 0 0 0 0 0 0 0 0 0 0 0 0 0 0 0 0 0 0 0 0 0 0 0 0 0 0 0 0 0 0 0 0 0 0 0 0 0 0 0 1 0 0 0 0 0 0 0 0 0 0 0 0 0 0 0 0 0]
[1874964294010441770513981752866287766909777911868744745420663893726781518154166852259771469563394313685838550499358444566411086701488022655336232287242366687655262031967205409463398935557755334234444519193087210650989339239982065837191735516523236865125619901915074307 0 0 0 0 0 0 0 0 0 0 0 0 0 0 0 0 0 0 0 0 0 0 0 0 0 0 0 0 0 0 0 0 0 0 0 0 0 0 0 0 0 0 0 0 0 0 0 0 0 0 0 0 0 0 0 0 0 0 0 0 0 0 0 0 0 0 0 0 0 0 0 1 0 0 0 0 0 0 0 0 0 0 0 0 0 0 0 0]
[4407419635759532868767978209591414866338361223254458675840483969580448435994707847005822658760496345608288731655631977209103397661831355641826152024653517526900069291073124705710811809397949036100209504937091538557202524090113349351533268262909562911374398179905150190 0 0 0 0 0 0 0 0 0 0 0 0 0 0 0 0 0 0 0 0 0 0 0 0 0 0 0 0 0 0 0 0 0 0 0 0 0 0 0 0 0 0 0 0 0 0 0 0 0 0 0 0 0 0 0 0 0 0 0 0 0 0 0 0 0 0 0 0 0 0 0 0 1 0 0 0 0 0 0 0 0 0 0 0 0 0 0 0]
[69269786795707813755500946493838343991847336861033760721263229959832651618019330732469808397303003622328462769164508864543447364521250407917680388065450137294260197216010479376225266024172510611519670695760418664994112665695781525709100527000126575958007093614099894 0 0 0 0 0 0 0 0 0 0 0 0 0 0 0 0 0 0 0 0 0 0 0 0 0 0 0 0 0 0 0 0 0 0 0 0 0 0 0 0 0 0 0 0 0 0 0 0 0 0 0 0 0 0 0 0 0 0 0 0 0 0 0 0 0 0 0 0 0 0 0 0 0 1 0 0 0 0 0 0 0 0 0 0 0 0 0 0]
[2296791057282937952152868007315910271014617311438552757522437103759098906478632427580433119772808801172507180308380628342344042577258593463018076348367985248511889012981785925951135104123522782588841420043849512534735313389397007825269235014703578552017107362825995502 0 0 0 0 0 0 0 0 0 0 0 0 0 0 0 0 0 0 0 0 0 0 0 0 0 0 0 0 0 0 0 0 0 0 0 0 0 0 0 0 0 0 0 0 0 0 0 0 0 0 0 0 0 0 0 0 0 0 0 0 0 0 0 0 0 0 0 0 0 0 0 0 0 0 1 0 0 0 0 0 0 0 0 0 0 0 0 0]
[6514366129799483790704080351433779716769661661282353957236652421631864744864394188024627796999927908579331371621113961924288745604026442308682483873366247692772607792927822726570130544016431865220599483891765574920185519205289761502980849672518447572841257265748759574 0 0 0 0 0 0 0 0 0 0 0 0 0 0 0 0 0 0 0 0 0 0 0 0 0 0 0 0 0 0 0 0 0 0 0 0 0 0 0 0 0 0 0 0 0 0 0 0 0 0 0 0 0 0 0 0 0 0 0 0 0 0 0 0 0 0 0 0 0 0 0 0 0 0 0 1 0 0 0 0 0 0 0 0 0 0 0 0]
[5904074166098326188640217434799514688525413879954159041749018388369068199277369233149377650725700301184010625049824429459724266502684494606067544008875201842231868474341615226995550778813197084202281642112140953913828026647662997131525122457759646681627451505274817785 0 0 0 0 0 0 0 0 0 0 0 0 0 0 0 0 0 0 0 0 0 0 0 0 0 0 0 0 0 0 0 0 0 0 0 0 0 0 0 0 0 0 0 0 0 0 0 0 0 0 0 0 0 0 0 0 0 0 0 0 0 0 0 0 0 0 0 0 0 0 0 0 0 0 0 0 1 0 0 0 0 0 0 0 0 0 0 0]
[643739472884912410996209047518716471032956448826660564858674507515037000879810524819395188232769126158030290282418067081695156845830615896766518322766471701063587323170028567748902865227151237376514452418161684065435743080008892299572916176462386528336827250591295919 0 0 0 0 0 0 0 0 0 0 0 0 0 0 0 0 0 0 0 0 0 0 0 0 0 0 0 0 0 0 0 0 0 0 0 0 0 0 0 0 0 0 0 0 0 0 0 0 0 0 0 0 0 0 0 0 0 0 0 0 0 0 0 0 0 0 0 0 0 0 0 0 0 0 0 0 0 1 0 0 0 0 0 0 0 0 0 0]
[336672003435087425734174164477308423960872482880166220086168504971671022199974490671393032024340443241662214371607408356967478393802535376297660123749381270616766313406729807093368643150696779765085008536075918836254867663849493877899404070735841477804030100556524785 0 0 0 0 0 0 0 0 0 0 0 0 0 0 0 0 0 0 0 0 0 0 0 0 0 0 0 0 0 0 0 0 0 0 0 0 0 0 0 0 0 0 0 0 0 0 0 0 0 0 0 0 0 0 0 0 0 0 0 0 0 0 0 0 0 0 0 0 0 0 0 0 0 0 0 0 0 0 1 0 0 0 0 0 0 0 0 0]
[3794990866801135052723816429515148904353606296824316014817239861634555432443958509857075682994550244846254841434251315270210107743638859173564935771078309290330178896885360888118148402272067709377635683421391643290053047446591961975482169935044425432068313421793343134 0 0 0 0 0 0 0 0 0 0 0 0 0 0 0 0 0 0 0 0 0 0 0 0 0 0 0 0 0 0 0 0 0 0 0 0 0 0 0 0 0 0 0 0 0 0 0 0 0 0 0 0 0 0 0 0 0 0 0 0 0 0 0 0 0 0 0 0 0 0 0 0 0 0 0 0 0 0 0 1 0 0 0 0 0 0 0 0]
[286473615646118799273885705064760299557430430494556722737526653310359223570697300678509985307136358733244430292955181740026030244094136383324752644068683157181798729598063793954343379786056336748943188046400308337076791228321631952214040574579450466854108296111419595 0 0 0 0 0 0 0 0 0 0 0 0 0 0 0 0 0 0 0 0 0 0 0 0 0 0 0 0 0 0 0 0 0 0 0 0 0 0 0 0 0 0 0 0 0 0 0 0 0 0 0 0 0 0 0 0 0 0 0 0 0 0 0 0 0 0 0 0 0 0 0 0 0 0 0 0 0 0 0 0 1 0 0 0 0 0 0 0]
[316531858425069724540385953302483791885608735090243082759129591562475576022535773630573715191020513526783729157875537916711614995082556056128630451586605159211370652164095372576956013077268235791245238781807671350137706217149810960161016323138603434599308961305995693 0 0 0 0 0 0 0 0 0 0 0 0 0 0 0 0 0 0 0 0 0 0 0 0 0 0 0 0 0 0 0 0 0 0 0 0 0 0 0 0 0 0 0 0 0 0 0 0 0 0 0 0 0 0 0 0 0 0 0 0 0 0 0 0 0 0 0 0 0 0 0 0 0 0 0 0 0 0 0 0 0 1 0 0 0 0 0 0]
[6220577554363185832929998828588338790770850837476806327790133553240175062519649856802518143189857483855915583927695585190654945518558304437363094376820096832045422733250494866537759947378365667894599593849453645123984418229627792252858090217821338760118428260617892362 0 0 0 0 0 0 0 0 0 0 0 0 0 0 0 0 0 0 0 0 0 0 0 0 0 0 0 0 0 0 0 0 0 0 0 0 0 0 0 0 0 0 0 0 0 0 0 0 0 0 0 0 0 0 0 0 0 0 0 0 0 0 0 0 0 0 0 0 0 0 0 0 0 0 0 0 0 0 0 0 0 0 1 0 0 0 0 0]
[471175025586908465272378216117801194150769933520908147075232188722152049286523787009986565376148407514980962063130952026141951374275803838523051937335442428869305940301777184970842704818891462448619165769027468633134985111033216564563368924432576112298864179144953155 0 0 0 0 0 0 0 0 0 0 0 0 0 0 0 0 0 0 0 0 0 0 0 0 0 0 0 0 0 0 0 0 0 0 0 0 0 0 0 0 0 0 0 0 0 0 0 0 0 0 0 0 0 0 0 0 0 0 0 0 0 0 0 0 0 0 0 0 0 0 0 0 0 0 0 0 0 0 0 0 0 0 0 1 0 0 0 0]
[6244835462882538730263130678611586746247687480579267432125424317394459936583702738691051788124308900907646205371165682070324360585496635512583150019124195803806476222999090329405677584170096984005707883966988852555012679599448927301602470334949487923449165225599460357 0 0 0 0 0 0 0 0 0 0 0 0 0 0 0 0 0 0 0 0 0 0 0 0 0 0 0 0 0 0 0 0 0 0 0 0 0 0 0 0 0 0 0 0 0 0 0 0 0 0 0 0 0 0 0 0 0 0 0 0 0 0 0 0 0 0 0 0 0 0 0 0 0 0 0 0 0 0 0 0 0 0 0 0 1 0 0 0]
[2840836461008438169306197154030627852300004758550484637021986874262859733072241612493075612082355600531093249579918265891372235714946138435922021673451203281709481839336640430647951956610867327049573587265241166274529033443013156636634056500892164946566165035654374947 0 0 0 0 0 0 0 0 0 0 0 0 0 0 0 0 0 0 0 0 0 0 0 0 0 0 0 0 0 0 0 0 0 0 0 0 0 0 0 0 0 0 0 0 0 0 0 0 0 0 0 0 0 0 0 0 0 0 0 0 0 0 0 0 0 0 0 0 0 0 0 0 0 0 0 0 0 0 0 0 0 0 0 0 0 1 0 0]
[4667675666773111781763219950436870598649008354488333756843083107213882665778714988554201665710469356207658811341252104220340042001183869231299590478337409866082950738464297877078842800150733483041837964000027051779666731552686854456697405053652779088800813274182417241 0 0 0 0 0 0 0 0 0 0 0 0 0 0 0 0 0 0 0 0 0 0 0 0 0 0 0 0 0 0 0 0 0 0 0 0 0 0 0 0 0 0 0 0 0 0 0 0 0 0 0 0 0 0 0 0 0 0 0 0 0 0 0 0 0 0 0 0 0 0 0 0 0 0 0 0 0 0 0 0 0 0 0 0 0 0 1 0]
[5028542870617911823239759590067549583828918694059279717894887596262976293956419275220609542087841323396514351898977269904558550945505030159585489003048744860462471888926725221278487335748367953961953597234360365356061887039378538266497701451187488165173318823596602521 0 0 0 0 0 0 0 0 0 0 0 0 0 0 0 0 0 0 0 0 0 0 0 0 0 0 0 0 0 0 0 0 0 0 0 0 0 0 0 0 0 0 0 0 0 0 0 0 0 0 0 0 0 0 0 0 0 0 0 0 0 0 0 0 0 0 0 0 0 0 0 0 0 0 0 0 0 0 0 0 0 0 0 0 0 0 0 1]
]
