[[2535605105286432119116819418994170126258351855483306953490077808103217848242104626628228694897451325662848630235845801075024449031380621 0 0 0 0 0 0 0 0 0 0 0 0 0 0 0 0 0 0 0 0 0 0 0 0 0 0 0 0 0 0 0 0 0 0 0 0 0 0 0 0 0 0 0 0]
[2205962566919252701901825854490155413165463603569880171998628064833587352503984419719562947274394328086047973851648336712618286653849301 1 0 0 0 0 0 0 0 0 0 0 0 0 0 0 0 0 0 0 0 0 0 0 0 0 0 0 0 0 0 0 0 0 0 0 0 0 0 0 0 0 0 0 0]
[1119314316522001819538940215929531437870373268535573859929532254284644086891526074029936804043475280347497715316707689109158885802301009 0 1 0 0 0 0 0 0 0 0 0 0 0 0 0 0 0 0 0 0 0 0 0 0 0 0 0 0 0 0 0 0 0 0 0 0 0 0 0 0 0 0 0 0]
[42145010704385587058564507679287923848387139744244480878865780918077569735693316971699148684662778015898359230295622550707698676950503 0 0 1 0 0 0 0 0 0 0 0 0 0 0 0 0 0 0 0 0 0 0 0 0 0 0 0 0 0 0 0 0 0 0 0 0 0 0 0 0 0 0 0 0]
[1492799489569887809071964985730082568582125844455473333246706856759176182291316521822122449932492641174395745556315214189474133908608630 0 0 0 1 0 0 0 0 0 0 0 0 0 0 0 0 0 0 0 0 0 0 0 0 0 0 0 0 0 0 0 0 0 0 0 0 0 0 0 0 0 0 0 0]
[642928555938923296872400780316268141985384355810812143957902076493289348199582493593636119437323892357520826303520314545220988092153262 0 0 0 0 1 0 0 0 0 0 0 0 0 0 0 0 0 0 0 0 0 0 0 0 0 0 0 0 0 0 0 0 0 0 0 0 0 0 0 0 0 0 0 0]
[2444783458439695403350932091298379516659144760088647695821107486207287675504334755713389536431910133431331314456466956512749282033845922 0 0 0 0 0 1 0 0 0 0 0 0 0 0 0 0 0 0 0 0 0 0 0 0 0 0 0 0 0 0 0 0 0 0 0 0 0 0 0 0 0 0 0 0]
[1269412654961795435478267679342684945735824446743910379874573497878783907851367543648950678584167910258251894929901818012725830723777397 0 0 0 0 0 0 1 0 0 0 0 0 0 0 0 0 0 0 0 0 0 0 0 0 0 0 0 0 0 0 0 0 0 0 0 0 0 0 0 0 0 0 0 0]
[651109217255588135658698315298349964947311829402065308842975826584212454397237206627775674843712517952839618011457451011348646887612660 0 0 0 0 0 0 0 1 0 0 0 0 0 0 0 0 0 0 0 0 0 0 0 0 0 0 0 0 0 0 0 0 0 0 0 0 0 0 0 0 0 0 0 0]
[219072366028217992360896082600260363212487489544702817892839825837345596798105458133297227342056970800677149333231178038108892383360100 0 0 0 0 0 0 0 0 1 0 0 0 0 0 0 0 0 0 0 0 0 0 0 0 0 0 0 0 0 0 0 0 0 0 0 0 0 0 0 0 0 0 0 0]
[1906905269464900116813212693623139331053516313754458579679021060167402222874593497863431776934851398040709529521543113448782160435953438 0 0 0 0 0 0 0 0 0 1 0 0 0 0 0 0 0 0 0 0 0 0 0 0 0 0 0 0 0 0 0 0 0 0 0 0 0 0 0 0 0 0 0 0]
[617679704447993081876718338348537255704793423691627283568468027141464566074043391308468176548883448885507388502663297801586174577686979 0 0 0 0 0 0 0 0 0 0 1 0 0 0 0 0 0 0 0 0 0 0 0 0 0 0 0 0 0 0 0 0 0 0 0 0 0 0 0 0 0 0 0 0]
[1277817405603180480584701509606077450001503138963761990294513111913320295779725225275419185387045125670733469273539415901809511058279130 0 0 0 0 0 0 0 0 0 0 0 1 0 0 0 0 0 0 0 0 0 0 0 0 0 0 0 0 0 0 0 0 0 0 0 0 0 0 0 0 0 0 0 0]
[441903174609707524899022611149926087066405376217102521634606583817813673390403771485950429724532770397623825951520785792037163454776663 0 0 0 0 0 0 0 0 0 0 0 0 1 0 0 0 0 0 0 0 0 0 0 0 0 0 0 0 0 0 0 0 0 0 0 0 0 0 0 0 0 0 0 0]
[2054227071851545643276812517809999830179275726049448458575881293291534807313116373472904069710829209014583372911799190363378031552942136 0 0 0 0 0 0 0 0 0 0 0 0 0 1 0 0 0 0 0 0 0 0 0 0 0 0 0 0 0 0 0 0 0 0 0 0 0 0 0 0 0 0 0 0]
[680026278164873228997161028994196125001849970231590075024587322643915051696305502909770434096904366693131204628888002336806126357884412 0 0 0 0 0 0 0 0 0 0 0 0 0 0 1 0 0 0 0 0 0 0 0 0 0 0 0 0 0 0 0 0 0 0 0 0 0 0 0 0 0 0 0 0]
[159515580681371009184070713065443589029475544125476559768162577298190781046490304290661802390240325628941230265104659671345969571323908 0 0 0 0 0 0 0 0 0 0 0 0 0 0 0 1 0 0 0 0 0 0 0 0 0 0 0 0 0 0 0 0 0 0 0 0 0 0 0 0 0 0 0 0]
[360181192833126824976417397633394414590768002934141682404032103821727831884874601112781803840786608229858540058691807459951249430440663 0 0 0 0 0 0 0 0 0 0 0 0 0 0 0 0 1 0 0 0 0 0 0 0 0 0 0 0 0 0 0 0 0 0 0 0 0 0 0 0 0 0 0 0]
[369214288100998679495052765558998966549314581490770828015389631090696873802437882968551021747468896214434569743733898503537741008971226 0 0 0 0 0 0 0 0 0 0 0 0 0 0 0 0 0 1 0 0 0 0 0 0 0 0 0 0 0 0 0 0 0 0 0 0 0 0 0 0 0 0 0 0]
[2376042384405599066550517413155573127787482010484839803512250498142869808802211448677661645098238613250681659424489816539126580374592665 0 0 0 0 0 0 0 0 0 0 0 0 0 0 0 0 0 0 1 0 0 0 0 0 0 0 0 0 0 0 0 0 0 0 0 0 0 0 0 0 0 0 0 0]
[2468925372845979136724371981724940343114765911037866386964848716627032571640342639077567439494011875514263354369850836457636140978295071 0 0 0 0 0 0 0 0 0 0 0 0 0 0 0 0 0 0 0 1 0 0 0 0 0 0 0 0 0 0 0 0 0 0 0 0 0 0 0 0 0 0 0 0]
[2316758459442140233935096579848798800743630082684064319816815254401174397729464159095900895735029211772654425375949435375551131299840483 0 0 0 0 0 0 0 0 0 0 0 0 0 0 0 0 0 0 0 0 1 0 0 0 0 0 0 0 0 0 0 0 0 0 0 0 0 0 0 0 0 0 0 0]
[618451315785406630049083699643181619085639453608268990865670064307489466239291900013953939512693288389451616924389129080709631001522640 0 0 0 0 0 0 0 0 0 0 0 0 0 0 0 0 0 0 0 0 0 1 0 0 0 0 0 0 0 0 0 0 0 0 0 0 0 0 0 0 0 0 0 0]
[2217694963578505828795003516245064123463352016252441390266360418046094587866647152535175214094296894324407976851596595055750347791062679 0 0 0 0 0 0 0 0 0 0 0 0 0 0 0 0 0 0 0 0 0 0 1 0 0 0 0 0 0 0 0 0 0 0 0 0 0 0 0 0 0 0 0 0]
[114856947938673459784573763601967211138203187353648456287572090915972863855340725092579027079503346191371827158861760351777528475590575 0 0 0 0 0 0 0 0 0 0 0 0 0 0 0 0 0 0 0 0 0 0 0 1 0 0 0 0 0 0 0 0 0 0 0 0 0 0 0 0 0 0 0 0]
[2078620515589955975299712187293197851496543338368732911392575925124592449733321210749194297316513899058995714420511178208774576929151699 0 0 0 0 0 0 0 0 0 0 0 0 0 0 0 0 0 0 0 0 0 0 0 0 1 0 0 0 0 0 0 0 0 0 0 0 0 0 0 0 0 0 0 0]
[1417167638361461645626393038946717481644173920212413925353775379431445619422975133843983877007664795982790400117011551055556074556802182 0 0 0 0 0 0 0 0 0 0 0 0 0 0 0 0 0 0 0 0 0 0 0 0 0 1 0 0 0 0 0 0 0 0 0 0 0 0 0 0 0 0 0 0]
[1125462615190355837189781454165355038501303648922825470093793236644074338566779977894596957100790793677699979824156098884738674475329187 0 0 0 0 0 0 0 0 0 0 0 0 0 0 0 0 0 0 0 0 0 0 0 0 0 0 1 0 0 0 0 0 0 0 0 0 0 0 0 0 0 0 0 0]
[902132160732291982309908380082346227614997575710242917211214179328196842239501286105425877852704889274846237665410527454969627559253043 0 0 0 0 0 0 0 0 0 0 0 0 0 0 0 0 0 0 0 0 0 0 0 0 0 0 0 1 0 0 0 0 0 0 0 0 0 0 0 0 0 0 0 0]
[1670987695070095630333124952969103418817738646382928441135235268351457765579497971922913650719358294441796064547065989401503687122917092 0 0 0 0 0 0 0 0 0 0 0 0 0 0 0 0 0 0 0 0 0 0 0 0 0 0 0 0 1 0 0 0 0 0 0 0 0 0 0 0 0 0 0 0]
[778057458668059611566321687971781907921026223547668528389515327186109527882773390565097629100117883012998247842132232500159069384991367 0 0 0 0 0 0 0 0 0 0 0 0 0 0 0 0 0 0 0 0 0 0 0 0 0 0 0 0 0 1 0 0 0 0 0 0 0 0 0 0 0 0 0 0]
[1349596482154420485863004156579186979732240478847932461896746928025263585381228649707750022503963956507132887085340407418477680659442175 0 0 0 0 0 0 0 0 0 0 0 0 0 0 0 0 0 0 0 0 0 0 0 0 0 0 0 0 0 0 1 0 0 0 0 0 0 0 0 0 0 0 0 0]
[427169546882005785452847907433879539411203367131669584181006724270041387348269900207287071942376897336049116540524971126500294236108472 0 0 0 0 0 0 0 0 0 0 0 0 0 0 0 0 0 0 0 0 0 0 0 0 0 0 0 0 0 0 0 1 0 0 0 0 0 0 0 0 0 0 0 0]
[776651925309539709432009405841942843148256625732254526894117579299642352985407783328245722180940496041921167380372093790276975512750337 0 0 0 0 0 0 0 0 0 0 0 0 0 0 0 0 0 0 0 0 0 0 0 0 0 0 0 0 0 0 0 0 1 0 0 0 0 0 0 0 0 0 0 0]
[909545428032979454544202196387543064280645482377148321171479492171171260977788222446410990180791278741705541188246368810106617327558777 0 0 0 0 0 0 0 0 0 0 0 0 0 0 0 0 0 0 0 0 0 0 0 0 0 0 0 0 0 0 0 0 0 1 0 0 0 0 0 0 0 0 0 0]
[962216596447059509507103639675768199138086176345524557438708497356998985734357580518060803688771620933149908261062977337540231366086822 0 0 0 0 0 0 0 0 0 0 0 0 0 0 0 0 0 0 0 0 0 0 0 0 0 0 0 0 0 0 0 0 0 0 1 0 0 0 0 0 0 0 0 0]
[1423911345493453853801840433141341386932807063080351718441638642778777731185592131619198432570836879839485775569857689493231271514779595 0 0 0 0 0 0 0 0 0 0 0 0 0 0 0 0 0 0 0 0 0 0 0 0 0 0 0 0 0 0 0 0 0 0 0 1 0 0 0 0 0 0 0 0]
[1787975564562749874007453827948426954597847454838490413166593150631414217355374812592079535381234440020240438979934989136140235465373862 0 0 0 0 0 0 0 0 0 0 0 0 0 0 0 0 0 0 0 0 0 0 0 0 0 0 0 0 0 0 0 0 0 0 0 0 1 0 0 0 0 0 0 0]
[2001352747962680103955648610233017742709291433562891064014053062729554528075511687189491455034485732740214410554225478770841504571289236 0 0 0 0 0 0 0 0 0 0 0 0 0 0 0 0 0 0 0 0 0 0 0 0 0 0 0 0 0 0 0 0 0 0 0 0 0 1 0 0 0 0 0 0]
[1526014986354808706454199820548698016454285377523779546229471374780985595016406172718246665958004029893485276591385176846670858149280623 0 0 0 0 0 0 0 0 0 0 0 0 0 0 0 0 0 0 0 0 0 0 0 0 0 0 0 0 0 0 0 0 0 0 0 0 0 0 1 0 0 0 0 0]
[102724639371347422184968263743586196459286853513239864759340779922227550646356873352241006527210817380412497161898888721555393037893016 0 0 0 0 0 0 0 0 0 0 0 0 0 0 0 0 0 0 0 0 0 0 0 0 0 0 0 0 0 0 0 0 0 0 0 0 0 0 0 1 0 0 0 0]
[1973077951869363164942854671140725531652914764612070191921558991160030855676748051049176161350986012455252681789120999558849220572078542 0 0 0 0 0 0 0 0 0 0 0 0 0 0 0 0 0 0 0 0 0 0 0 0 0 0 0 0 0 0 0 0 0 0 0 0 0 0 0 0 1 0 0 0]
[2257314611194218076133214176940406197872305310967010992887195862667266403657678293434618602473386008993630541384413770225155578985437477 0 0 0 0 0 0 0 0 0 0 0 0 0 0 0 0 0 0 0 0 0 0 0 0 0 0 0 0 0 0 0 0 0 0 0 0 0 0 0 0 0 1 0 0]
[1438984014420280621668888044824403438774146503572451082370761486107687545888728511282257411006237440723480462768596637686124223253002913 0 0 0 0 0 0 0 0 0 0 0 0 0 0 0 0 0 0 0 0 0 0 0 0 0 0 0 0 0 0 0 0 0 0 0 0 0 0 0 0 0 0 1 0]
[862450972041554509615610678403000761942713122061104648598454957867975874617427186217022028412220286417217233281343777660970054282829436 0 0 0 0 0 0 0 0 0 0 0 0 0 0 0 0 0 0 0 0 0 0 0 0 0 0 0 0 0 0 0 0 0 0 0 0 0 0 0 0 0 0 0 1]
]
