[[1465454946838980900804250303475200550258131374995002943958695789257796318716282747161760913809655626491088508200955424677616670651 0 0 0 0 0 0 0 0 0 0 0 0 0 0 0 0 0 0 0 0 0 0 0 0 0 0 0 0 0 0 0 0 0 0 0 0 0 0 0 0 0 0]
[32246201773033012535604843512814285448793620890419556594389557921319127479337715108185552606876890269829719619742770730756707226 1 0 0 0 0 0 0 0 0 0 0 0 0 0 0 0 0 0 0 0 0 0 0 0 0 0 0 0 0 0 0 0 0 0 0 0 0 0 0 0 0 0]
[337524129886179994127489284909322016871469990812286633907858341719757241567539094476114529972974695511471594221406644146479230842 0 1 0 0 0 0 0 0 0 0 0 0 0 0 0 0 0 0 0 0 0 0 0 0 0 0 0 0 0 0 0 0 0 0 0 0 0 0 0 0 0 0]
[495466315646897116908235625425681667353322119683638872976122717297371914406362474184920910687646859883081675305227950957084312429 0 0 1 0 0 0 0 0 0 0 0 0 0 0 0 0 0 0 0 0 0 0 0 0 0 0 0 0 0 0 0 0 0 0 0 0 0 0 0 0 0 0]
[438406107946990539354023737787121454140038188628911818059271759978749965129902510096359296956867416185978870948762169297686590499 0 0 0 1 0 0 0 0 0 0 0 0 0 0 0 0 0 0 0 0 0 0 0 0 0 0 0 0 0 0 0 0 0 0 0 0 0 0 0 0 0 0]
[918999096274143199891147044876432737648133152209634559342981010265860496618051310243683782944162189798913408094022873873253793430 0 0 0 0 1 0 0 0 0 0 0 0 0 0 0 0 0 0 0 0 0 0 0 0 0 0 0 0 0 0 0 0 0 0 0 0 0 0 0 0 0 0]
[1214408677668707099154087407810691706575012066582276616762784662303961967569905985405211267207671144067780824078357158369210603822 0 0 0 0 0 1 0 0 0 0 0 0 0 0 0 0 0 0 0 0 0 0 0 0 0 0 0 0 0 0 0 0 0 0 0 0 0 0 0 0 0 0]
[1202338901966481901503851230654123168842992445392233168317614020476664622598660618912693777357611470147155593065343018688221497470 0 0 0 0 0 0 1 0 0 0 0 0 0 0 0 0 0 0 0 0 0 0 0 0 0 0 0 0 0 0 0 0 0 0 0 0 0 0 0 0 0 0]
[395960105612759135688148109864213409326024528841719634240694591870121221980846873304034348757883930767546471220821232243290128278 0 0 0 0 0 0 0 1 0 0 0 0 0 0 0 0 0 0 0 0 0 0 0 0 0 0 0 0 0 0 0 0 0 0 0 0 0 0 0 0 0 0]
[1214492447323379654685583310973937237543513776906808297430511424342772699979264371930280770256657511918134204132696515050177029531 0 0 0 0 0 0 0 0 1 0 0 0 0 0 0 0 0 0 0 0 0 0 0 0 0 0 0 0 0 0 0 0 0 0 0 0 0 0 0 0 0 0]
[1292939434939617052167151066006683504188857576023674170977309333269900043326873451558855968751160346101060786182294641771243011355 0 0 0 0 0 0 0 0 0 1 0 0 0 0 0 0 0 0 0 0 0 0 0 0 0 0 0 0 0 0 0 0 0 0 0 0 0 0 0 0 0 0]
[1243389596316594494189089212012328282003012118124128344414101167574928039804179405066707301035963546227182593263944453957442831147 0 0 0 0 0 0 0 0 0 0 1 0 0 0 0 0 0 0 0 0 0 0 0 0 0 0 0 0 0 0 0 0 0 0 0 0 0 0 0 0 0 0]
[1461210997014786505748566253739399577245937110264988616868980634947094207561220675337345950672593653455979908921141944705638529679 0 0 0 0 0 0 0 0 0 0 0 1 0 0 0 0 0 0 0 0 0 0 0 0 0 0 0 0 0 0 0 0 0 0 0 0 0 0 0 0 0 0]
[919139864176883288509241579444002528880750909639144445206282686854331970657926577774337386878702275812484168347704660269524552561 0 0 0 0 0 0 0 0 0 0 0 0 1 0 0 0 0 0 0 0 0 0 0 0 0 0 0 0 0 0 0 0 0 0 0 0 0 0 0 0 0 0]
[813608185532101954511138103889519047306399803044482475865714124820657815089075714800214673455510207132033772476290050132266218749 0 0 0 0 0 0 0 0 0 0 0 0 0 1 0 0 0 0 0 0 0 0 0 0 0 0 0 0 0 0 0 0 0 0 0 0 0 0 0 0 0 0]
[1303875671531712057317902479592206087047484093703559168612044010964541916700195127012362518853534601008180078603592790106017370019 0 0 0 0 0 0 0 0 0 0 0 0 0 0 1 0 0 0 0 0 0 0 0 0 0 0 0 0 0 0 0 0 0 0 0 0 0 0 0 0 0 0]
[872265696486783931654458806939837617789075061562311000403680979240864651714387575184867717654755030861553907159136804833644983271 0 0 0 0 0 0 0 0 0 0 0 0 0 0 0 1 0 0 0 0 0 0 0 0 0 0 0 0 0 0 0 0 0 0 0 0 0 0 0 0 0 0]
[25302775802428624941689645493371516933969874803954402425810926164451677467046360312314625873457852409083121598009689920824301882 0 0 0 0 0 0 0 0 0 0 0 0 0 0 0 0 1 0 0 0 0 0 0 0 0 0 0 0 0 0 0 0 0 0 0 0 0 0 0 0 0 0]
[893816763959666326209710182349862369480036986480057436776292012921036190451401539896244879664365782117262451767371236184845025842 0 0 0 0 0 0 0 0 0 0 0 0 0 0 0 0 0 1 0 0 0 0 0 0 0 0 0 0 0 0 0 0 0 0 0 0 0 0 0 0 0 0]
[32228991108988237027042787559170189203586287524114745904546550698132900489651362729796184687910376079304199868145281770355292226 0 0 0 0 0 0 0 0 0 0 0 0 0 0 0 0 0 0 1 0 0 0 0 0 0 0 0 0 0 0 0 0 0 0 0 0 0 0 0 0 0 0]
[372810004625660219179502828063157242420396932192462710975439667283082573276594992914160299053494670728378290183377931736603360292 0 0 0 0 0 0 0 0 0 0 0 0 0 0 0 0 0 0 0 1 0 0 0 0 0 0 0 0 0 0 0 0 0 0 0 0 0 0 0 0 0 0]
[170520840864284696538982196319502517574131034696503608429650996890378031878890602295427329490576381850375176698788961777217047796 0 0 0 0 0 0 0 0 0 0 0 0 0 0 0 0 0 0 0 0 1 0 0 0 0 0 0 0 0 0 0 0 0 0 0 0 0 0 0 0 0 0]
[1396596488457101681797663548168899542519856937827257297699963118400021306917030749666241633432162561509342973688024651498918944113 0 0 0 0 0 0 0 0 0 0 0 0 0 0 0 0 0 0 0 0 0 1 0 0 0 0 0 0 0 0 0 0 0 0 0 0 0 0 0 0 0 0]
[59691875508948327292865700545925939801994913703311513500779580349801025505419570896946131309422100948110510186924718706113819452 0 0 0 0 0 0 0 0 0 0 0 0 0 0 0 0 0 0 0 0 0 0 1 0 0 0 0 0 0 0 0 0 0 0 0 0 0 0 0 0 0 0]
[1011511358281784303817879422521859641405024908812109001132459532259700600766416172921721074508851206450003466998896327043417615132 0 0 0 0 0 0 0 0 0 0 0 0 0 0 0 0 0 0 0 0 0 0 0 1 0 0 0 0 0 0 0 0 0 0 0 0 0 0 0 0 0 0]
[850475198079075022141983894002059707672318561903070682090848169647819812639359956160271103177419209801962247858189216610177265291 0 0 0 0 0 0 0 0 0 0 0 0 0 0 0 0 0 0 0 0 0 0 0 0 1 0 0 0 0 0 0 0 0 0 0 0 0 0 0 0 0 0]
[233007644891354846852288042436811315326127455534874111458135829006609321623467029706000871890630613178021195127020109360719557939 0 0 0 0 0 0 0 0 0 0 0 0 0 0 0 0 0 0 0 0 0 0 0 0 0 1 0 0 0 0 0 0 0 0 0 0 0 0 0 0 0 0]
[1173203896843174067970842255058666377391059575073098626546347282613173775404390624837514605928816945710134294918756434669436873194 0 0 0 0 0 0 0 0 0 0 0 0 0 0 0 0 0 0 0 0 0 0 0 0 0 0 1 0 0 0 0 0 0 0 0 0 0 0 0 0 0 0]
[121709306639633330250975004921180042482907950035955622668499740795583227409705912599371153947253100643643571575292791128249230373 0 0 0 0 0 0 0 0 0 0 0 0 0 0 0 0 0 0 0 0 0 0 0 0 0 0 0 1 0 0 0 0 0 0 0 0 0 0 0 0 0 0]
[1281471481892689993767635291522859628982191782880495891711093545600425844977998168800555392588350844644713786517508504185190014432 0 0 0 0 0 0 0 0 0 0 0 0 0 0 0 0 0 0 0 0 0 0 0 0 0 0 0 0 1 0 0 0 0 0 0 0 0 0 0 0 0 0]
[780443452820733202627806885356260446081525832903821471309944911813767707758051278916599305511135350953303112786883580594620501721 0 0 0 0 0 0 0 0 0 0 0 0 0 0 0 0 0 0 0 0 0 0 0 0 0 0 0 0 0 1 0 0 0 0 0 0 0 0 0 0 0 0]
[1230572786190059362068994685562425501092644722178434944850185994536317469432087288534662265562451515128741513191575105236146951525 0 0 0 0 0 0 0 0 0 0 0 0 0 0 0 0 0 0 0 0 0 0 0 0 0 0 0 0 0 0 1 0 0 0 0 0 0 0 0 0 0 0]
[310070306780238046687238920250013134224262876769776507788412376066569704746129564744962148953422888021934251922597036994297158401 0 0 0 0 0 0 0 0 0 0 0 0 0 0 0 0 0 0 0 0 0 0 0 0 0 0 0 0 0 0 0 1 0 0 0 0 0 0 0 0 0 0]
[823924314036306093609761444836092164815227370562798309383693826330327316996333752670486044467581259996693168020446721150127649753 0 0 0 0 0 0 0 0 0 0 0 0 0 0 0 0 0 0 0 0 0 0 0 0 0 0 0 0 0 0 0 0 1 0 0 0 0 0 0 0 0 0]
[435786151548393087668095536782705959998238622420504894568310463381695902484101509671048837963107205719410175323025194566381549750 0 0 0 0 0 0 0 0 0 0 0 0 0 0 0 0 0 0 0 0 0 0 0 0 0 0 0 0 0 0 0 0 0 1 0 0 0 0 0 0 0 0]
[568751913992320041983045987618270335815006297320738219345670627481793973901674719968417105399406769363257960299665152836924127940 0 0 0 0 0 0 0 0 0 0 0 0 0 0 0 0 0 0 0 0 0 0 0 0 0 0 0 0 0 0 0 0 0 0 1 0 0 0 0 0 0 0]
[425015888921158520190325437748943092110843853931552377488634578294076741081658509520520627969960552288832818686372504079837840417 0 0 0 0 0 0 0 0 0 0 0 0 0 0 0 0 0 0 0 0 0 0 0 0 0 0 0 0 0 0 0 0 0 0 0 1 0 0 0 0 0 0]
[429429051941687274586348345528008682495920120825563546927687511172258499005760104038656275078555212701370285679996107656444511280 0 0 0 0 0 0 0 0 0 0 0 0 0 0 0 0 0 0 0 0 0 0 0 0 0 0 0 0 0 0 0 0 0 0 0 0 1 0 0 0 0 0]
[544676114927564212004120547522699542128834096837261479840225218382764190875944207750107946916938523306873197484016171265263733383 0 0 0 0 0 0 0 0 0 0 0 0 0 0 0 0 0 0 0 0 0 0 0 0 0 0 0 0 0 0 0 0 0 0 0 0 0 1 0 0 0 0]
[961253576368992289750052399094497833948759261204018601234699015897379040327760657517041441727982779779774577700663121657232119923 0 0 0 0 0 0 0 0 0 0 0 0 0 0 0 0 0 0 0 0 0 0 0 0 0 0 0 0 0 0 0 0 0 0 0 0 0 0 1 0 0 0]
[736063243034383292650322261711016344851825891224261832325966949916743611727590010556269664216835973105222168072558611397010686059 0 0 0 0 0 0 0 0 0 0 0 0 0 0 0 0 0 0 0 0 0 0 0 0 0 0 0 0 0 0 0 0 0 0 0 0 0 0 0 1 0 0]
[1312705501960905542349452964916266392861099959234780486827303400541515961157110242199244678512565163959206454675288438601645196803 0 0 0 0 0 0 0 0 0 0 0 0 0 0 0 0 0 0 0 0 0 0 0 0 0 0 0 0 0 0 0 0 0 0 0 0 0 0 0 0 1 0]
[1232118907706731794024400712813364951552734736015156475617013085910623250309021838967062405421766885986473253880504004350030853272 0 0 0 0 0 0 0 0 0 0 0 0 0 0 0 0 0 0 0 0 0 0 0 0 0 0 0 0 0 0 0 0 0 0 0 0 0 0 0 0 0 1]
]
