[[5232685011658248968032959035665136662391127501169971674286833085748961468289253276784493422068826803741639315618529639705411559603019811057885376065660175865319406158309201374277412513078649839749939870970464868615978613042798088277096453295278654784537020355401561089637392021612117089511843 0 0 0 0 0 0 0 0 0 0 0 0 0 0 0 0 0 0 0 0 0 0 0 0 0 0 0 0 0 0 0 0 0 0 0 0 0 0 0 0 0 0 0 0 0 0 0 0 0 0 0 0 0 0 0 0 0 0 0 0 0 0 0 0 0 0 0 0 0 0 0 0 0 0 0 0 0 0 0 0 0 0 0 0 0 0 0 0 0 0 0 0 0 0 0 0]
[1585808906751189452452181711430637202464162675759714891020192162889775609248984281498830749880939568665722804032766021835682914865027179187902669597110743980675071351109792838759880314178895660635113031345817246651048559600507128435772468420067649248738817862499987527214421153102072673513205 1 0 0 0 0 0 0 0 0 0 0 0 0 0 0 0 0 0 0 0 0 0 0 0 0 0 0 0 0 0 0 0 0 0 0 0 0 0 0 0 0 0 0 0 0 0 0 0 0 0 0 0 0 0 0 0 0 0 0 0 0 0 0 0 0 0 0 0 0 0 0 0 0 0 0 0 0 0 0 0 0 0 0 0 0 0 0 0 0 0 0 0 0 0 0 0]
[1730575484200323474578631678606349237731071306637583243219700080573501987107714640302953244227392657238998701086667923866609093990500093576089265040845166709552093945993515753644414362618350719158583000338245090487447639785650585369668136369386323819732924617094926508713581908857436772305112 0 1 0 0 0 0 0 0 0 0 0 0 0 0 0 0 0 0 0 0 0 0 0 0 0 0 0 0 0 0 0 0 0 0 0 0 0 0 0 0 0 0 0 0 0 0 0 0 0 0 0 0 0 0 0 0 0 0 0 0 0 0 0 0 0 0 0 0 0 0 0 0 0 0 0 0 0 0 0 0 0 0 0 0 0 0 0 0 0 0 0 0 0 0 0 0]
[565857630664878438472192957864756278308110479123617650833217215140311401463477617258763057604783582510524722733272959064437021502742432397327015023062743265398934547407013724148462165752214602986821038510338299686800552466626931798379859088837642341406870830706760087116539645637779671999311 0 0 1 0 0 0 0 0 0 0 0 0 0 0 0 0 0 0 0 0 0 0 0 0 0 0 0 0 0 0 0 0 0 0 0 0 0 0 0 0 0 0 0 0 0 0 0 0 0 0 0 0 0 0 0 0 0 0 0 0 0 0 0 0 0 0 0 0 0 0 0 0 0 0 0 0 0 0 0 0 0 0 0 0 0 0 0 0 0 0 0 0 0 0 0 0]
[686316152088021133653206628707186963700086870378466375606791354880464912273637520842649867393153946793268254773203685929808374963375985201492171016803455279960016832903029782434416951845135331801771357414808954837893873208265920022156107787912913555631684263629995287201815336319501987658905 0 0 0 1 0 0 0 0 0 0 0 0 0 0 0 0 0 0 0 0 0 0 0 0 0 0 0 0 0 0 0 0 0 0 0 0 0 0 0 0 0 0 0 0 0 0 0 0 0 0 0 0 0 0 0 0 0 0 0 0 0 0 0 0 0 0 0 0 0 0 0 0 0 0 0 0 0 0 0 0 0 0 0 0 0 0 0 0 0 0 0 0 0 0 0 0]
[2962610992417077211954470297005845956702861481610302177847472502448968874988305533393934095769965235907629064757469341765817120811603771660042211436403515656847217342205484446290917588547083617044174542630469438418066352492681826680497986351931269029274161662725808697326273621978053520026788 0 0 0 0 1 0 0 0 0 0 0 0 0 0 0 0 0 0 0 0 0 0 0 0 0 0 0 0 0 0 0 0 0 0 0 0 0 0 0 0 0 0 0 0 0 0 0 0 0 0 0 0 0 0 0 0 0 0 0 0 0 0 0 0 0 0 0 0 0 0 0 0 0 0 0 0 0 0 0 0 0 0 0 0 0 0 0 0 0 0 0 0 0 0 0 0]
[581975012247311184857737779717369669287487336081325012458196767724380375252133713158552376011921365587927008867243836078680639126016459339962484009260503030478768430725920185044376353048661433870382992441201966760572224939555944680924332182199993376703193431673114710192845284490041723314760 0 0 0 0 0 1 0 0 0 0 0 0 0 0 0 0 0 0 0 0 0 0 0 0 0 0 0 0 0 0 0 0 0 0 0 0 0 0 0 0 0 0 0 0 0 0 0 0 0 0 0 0 0 0 0 0 0 0 0 0 0 0 0 0 0 0 0 0 0 0 0 0 0 0 0 0 0 0 0 0 0 0 0 0 0 0 0 0 0 0 0 0 0 0 0 0]
[1029535788911580528049642779666026669126423486683229001021707493170838836425556925445156586576898654833404397785352714930826480371802681309343793707936412610580810959944761672168335996485423213569424400651949109150122128564728450142014227130328559126934653078291066256705136698417644602894533 0 0 0 0 0 0 1 0 0 0 0 0 0 0 0 0 0 0 0 0 0 0 0 0 0 0 0 0 0 0 0 0 0 0 0 0 0 0 0 0 0 0 0 0 0 0 0 0 0 0 0 0 0 0 0 0 0 0 0 0 0 0 0 0 0 0 0 0 0 0 0 0 0 0 0 0 0 0 0 0 0 0 0 0 0 0 0 0 0 0 0 0 0 0 0 0]
[4294545728312107950124113236645615454584060448387019456972067652071591355796384909963176536524743922297852692734892166508167831968245731261998103125995371261607255035079720098330671564894329491907544915015884970519570064068939513095331893280461079218552282744021375426877452857023087074738656 0 0 0 0 0 0 0 1 0 0 0 0 0 0 0 0 0 0 0 0 0 0 0 0 0 0 0 0 0 0 0 0 0 0 0 0 0 0 0 0 0 0 0 0 0 0 0 0 0 0 0 0 0 0 0 0 0 0 0 0 0 0 0 0 0 0 0 0 0 0 0 0 0 0 0 0 0 0 0 0 0 0 0 0 0 0 0 0 0 0 0 0 0 0 0 0]
[4138609426446825848902721675716505989649774117200832506859079031497165505634549397126426794235421972727200992885349825593912194204370220225198620297252377199407402108758069586926028577999246362880510066474897201683317852160695945943948680055382208673508956878193177430198531925982993537749664 0 0 0 0 0 0 0 0 1 0 0 0 0 0 0 0 0 0 0 0 0 0 0 0 0 0 0 0 0 0 0 0 0 0 0 0 0 0 0 0 0 0 0 0 0 0 0 0 0 0 0 0 0 0 0 0 0 0 0 0 0 0 0 0 0 0 0 0 0 0 0 0 0 0 0 0 0 0 0 0 0 0 0 0 0 0 0 0 0 0 0 0 0 0 0 0]
[3426638503697608868072030739973000909077696879896809971494057261028245126585010430144677299987398135493186021728410949370814074831546929880099577659762009370179063486692361949975563041036841691469927929661087319845589894471072902904143469443492901105603026158639648767806065382017842527264637 0 0 0 0 0 0 0 0 0 1 0 0 0 0 0 0 0 0 0 0 0 0 0 0 0 0 0 0 0 0 0 0 0 0 0 0 0 0 0 0 0 0 0 0 0 0 0 0 0 0 0 0 0 0 0 0 0 0 0 0 0 0 0 0 0 0 0 0 0 0 0 0 0 0 0 0 0 0 0 0 0 0 0 0 0 0 0 0 0 0 0 0 0 0 0 0]
[4567713881026824993742499824118575537605867085474025085525399970132075414023261075663750147497143330879383992120463976223507348933436121169334444383403700540141777102419286466193749108246878675641537182387852465943915168510408930527939686232150391817054230835867484132872525014614254232381839 0 0 0 0 0 0 0 0 0 0 1 0 0 0 0 0 0 0 0 0 0 0 0 0 0 0 0 0 0 0 0 0 0 0 0 0 0 0 0 0 0 0 0 0 0 0 0 0 0 0 0 0 0 0 0 0 0 0 0 0 0 0 0 0 0 0 0 0 0 0 0 0 0 0 0 0 0 0 0 0 0 0 0 0 0 0 0 0 0 0 0 0 0 0 0 0]
[4823504528306840860667720682608867310362930464222054554653622067730458403292749075035144890178299420048232486990836353279218270761178930459311660614792843215801865802119233934351269054906572930379720822863193631097181189373612428976447744720144184435503185891056620002673714652387842071120091 0 0 0 0 0 0 0 0 0 0 0 1 0 0 0 0 0 0 0 0 0 0 0 0 0 0 0 0 0 0 0 0 0 0 0 0 0 0 0 0 0 0 0 0 0 0 0 0 0 0 0 0 0 0 0 0 0 0 0 0 0 0 0 0 0 0 0 0 0 0 0 0 0 0 0 0 0 0 0 0 0 0 0 0 0 0 0 0 0 0 0 0 0 0 0 0]
[3068738862606537907230350346005207519479845500844527752433561933630341524150106838973819858489424650116629365686569561472589616427845401758627418332542264953141681094805501247254098671021149680032093884344746149684743545871949792682279781776291166125316129707378818963295943021656256299258830 0 0 0 0 0 0 0 0 0 0 0 0 1 0 0 0 0 0 0 0 0 0 0 0 0 0 0 0 0 0 0 0 0 0 0 0 0 0 0 0 0 0 0 0 0 0 0 0 0 0 0 0 0 0 0 0 0 0 0 0 0 0 0 0 0 0 0 0 0 0 0 0 0 0 0 0 0 0 0 0 0 0 0 0 0 0 0 0 0 0 0 0 0 0 0 0]
[2729984715681759305781075635708707885528335615238518664144813938432110072192220663587351881536276261703829041650907258702144090490978478233581278441369450288546646558618667606775155262262552746530669514566004024379737021306854284473778540915616544643695051785544682189133998346801905011410272 0 0 0 0 0 0 0 0 0 0 0 0 0 1 0 0 0 0 0 0 0 0 0 0 0 0 0 0 0 0 0 0 0 0 0 0 0 0 0 0 0 0 0 0 0 0 0 0 0 0 0 0 0 0 0 0 0 0 0 0 0 0 0 0 0 0 0 0 0 0 0 0 0 0 0 0 0 0 0 0 0 0 0 0 0 0 0 0 0 0 0 0 0 0 0 0]
[4230035241882883150967149060427578279941522305118269375427264263269842240825583831833982646643918250736310472212520196391776836402034682209053765752054957166905644802474761651258279629263005260725211116171691023391475080125309049280766009929987986448536222807442300378391436423856366723413099 0 0 0 0 0 0 0 0 0 0 0 0 0 0 1 0 0 0 0 0 0 0 0 0 0 0 0 0 0 0 0 0 0 0 0 0 0 0 0 0 0 0 0 0 0 0 0 0 0 0 0 0 0 0 0 0 0 0 0 0 0 0 0 0 0 0 0 0 0 0 0 0 0 0 0 0 0 0 0 0 0 0 0 0 0 0 0 0 0 0 0 0 0 0 0 0]
[3160967075413591744528339244360133210465260914156615878772017554137348753960095575095834153499055575205407207536892920017484563078166481808228834810445856707618643554559397817643749976465216272261852010468809027709770870717467602660799060252938008193122823782271780378998021607653202199885414 0 0 0 0 0 0 0 0 0 0 0 0 0 0 0 1 0 0 0 0 0 0 0 0 0 0 0 0 0 0 0 0 0 0 0 0 0 0 0 0 0 0 0 0 0 0 0 0 0 0 0 0 0 0 0 0 0 0 0 0 0 0 0 0 0 0 0 0 0 0 0 0 0 0 0 0 0 0 0 0 0 0 0 0 0 0 0 0 0 0 0 0 0 0 0 0]
[587062574153145173489304604841630164751730744499667692597678456068894167169642755104696226373458166607477108502056342923994503028644520317104625574868688427153219620808370840951495148291010258102949695157264756658429162497819254476716099650447724368057264290119109724077183592270883914820201 0 0 0 0 0 0 0 0 0 0 0 0 0 0 0 0 1 0 0 0 0 0 0 0 0 0 0 0 0 0 0 0 0 0 0 0 0 0 0 0 0 0 0 0 0 0 0 0 0 0 0 0 0 0 0 0 0 0 0 0 0 0 0 0 0 0 0 0 0 0 0 0 0 0 0 0 0 0 0 0 0 0 0 0 0 0 0 0 0 0 0 0 0 0 0 0]
[3605049193243562549338826206404594962582074829467260792058072855989279564003565401115625303853769146446806902419980295073607758168510960071268767272955861041678902437950617143887192242419080682621108602007877576688594813456713436341222048820233524809646244271188891231854572961659964464714935 0 0 0 0 0 0 0 0 0 0 0 0 0 0 0 0 0 1 0 0 0 0 0 0 0 0 0 0 0 0 0 0 0 0 0 0 0 0 0 0 0 0 0 0 0 0 0 0 0 0 0 0 0 0 0 0 0 0 0 0 0 0 0 0 0 0 0 0 0 0 0 0 0 0 0 0 0 0 0 0 0 0 0 0 0 0 0 0 0 0 0 0 0 0 0 0]
[430872506422303007853792595594058519437656021688038293378863503122765689161403848534014282062161165553404948654092679479392966050545425923279456213071108399762014286748239548604652287972887743217110643080046390540164599142346393407885858736129501068843119438788721465790717025232767222605189 0 0 0 0 0 0 0 0 0 0 0 0 0 0 0 0 0 0 1 0 0 0 0 0 0 0 0 0 0 0 0 0 0 0 0 0 0 0 0 0 0 0 0 0 0 0 0 0 0 0 0 0 0 0 0 0 0 0 0 0 0 0 0 0 0 0 0 0 0 0 0 0 0 0 0 0 0 0 0 0 0 0 0 0 0 0 0 0 0 0 0 0 0 0 0 0]
[3682221901612831709447381250193799477941812311318110158079062349588159348070799818206666376513012503620900740091023522951810900973685682086973077586232097007272362743768836491146649379769411269893819028296469581230393179592731554957101167301986058743400251944701452559705436354072578182352841 0 0 0 0 0 0 0 0 0 0 0 0 0 0 0 0 0 0 0 1 0 0 0 0 0 0 0 0 0 0 0 0 0 0 0 0 0 0 0 0 0 0 0 0 0 0 0 0 0 0 0 0 0 0 0 0 0 0 0 0 0 0 0 0 0 0 0 0 0 0 0 0 0 0 0 0 0 0 0 0 0 0 0 0 0 0 0 0 0 0 0 0 0 0 0 0]
[2595510952039726082687472527665847179578760718837471840816542182932925674388607528629660072220666923339924735851520808020537588892293701832895272804173159922395373122658596047148473429811753109171226649813933449605845849314119475876727781284240772707407931419047954890123922411479765421575338 0 0 0 0 0 0 0 0 0 0 0 0 0 0 0 0 0 0 0 0 1 0 0 0 0 0 0 0 0 0 0 0 0 0 0 0 0 0 0 0 0 0 0 0 0 0 0 0 0 0 0 0 0 0 0 0 0 0 0 0 0 0 0 0 0 0 0 0 0 0 0 0 0 0 0 0 0 0 0 0 0 0 0 0 0 0 0 0 0 0 0 0 0 0 0 0]
[19642779389703632113177365480326153425710965617270075961278516791145356922617476282631633526554009473998073255037652692326137991784473040280161244389201713655343614700380307647029769304972849300291451025641435856361730349716238127474811656000204038695207232708125374354667074253621168649290 0 0 0 0 0 0 0 0 0 0 0 0 0 0 0 0 0 0 0 0 0 1 0 0 0 0 0 0 0 0 0 0 0 0 0 0 0 0 0 0 0 0 0 0 0 0 0 0 0 0 0 0 0 0 0 0 0 0 0 0 0 0 0 0 0 0 0 0 0 0 0 0 0 0 0 0 0 0 0 0 0 0 0 0 0 0 0 0 0 0 0 0 0 0 0 0]
[2558598440040712175446314494307623471268914806954867696206560510214646264181334721029058057161136718082453307855723329946131639129986155706571586553565519796059235759565440824533537781018841060858174723504859445031417760621612508270030057505523114186415690257558566026185687344021007117736667 0 0 0 0 0 0 0 0 0 0 0 0 0 0 0 0 0 0 0 0 0 0 1 0 0 0 0 0 0 0 0 0 0 0 0 0 0 0 0 0 0 0 0 0 0 0 0 0 0 0 0 0 0 0 0 0 0 0 0 0 0 0 0 0 0 0 0 0 0 0 0 0 0 0 0 0 0 0 0 0 0 0 0 0 0 0 0 0 0 0 0 0 0 0 0 0]
[3583877864791412631020608288409796252378152058456435589287538611841172260696190478446785325168219090669331767748052294424505355120146325867772499009085056616983714967732572210265780081329091380226850045009004461919835743247876747876999739031667405156836686506181500630003258029787372994602987 0 0 0 0 0 0 0 0 0 0 0 0 0 0 0 0 0 0 0 0 0 0 0 1 0 0 0 0 0 0 0 0 0 0 0 0 0 0 0 0 0 0 0 0 0 0 0 0 0 0 0 0 0 0 0 0 0 0 0 0 0 0 0 0 0 0 0 0 0 0 0 0 0 0 0 0 0 0 0 0 0 0 0 0 0 0 0 0 0 0 0 0 0 0 0 0]
[1564602655631908835983186562723523531562446501804462108941670640019494440101582403431340816805287598561061383657726682728094070425199898365804840619126669588365614458519223552888826543103642560250805731147577964068660536083785079350256514198339168100119464777940047470944214630652017543172431 0 0 0 0 0 0 0 0 0 0 0 0 0 0 0 0 0 0 0 0 0 0 0 0 1 0 0 0 0 0 0 0 0 0 0 0 0 0 0 0 0 0 0 0 0 0 0 0 0 0 0 0 0 0 0 0 0 0 0 0 0 0 0 0 0 0 0 0 0 0 0 0 0 0 0 0 0 0 0 0 0 0 0 0 0 0 0 0 0 0 0 0 0 0 0 0]
[2612832426503458808331593404304431721259489020805932763087026479909027259359080319035032851217906414481088328741968189343197208206292959824886231877469538756864089958776811862125250819263142010284712389635200405504111256021723982012906244760033019973831217149807210638281947468380228268740905 0 0 0 0 0 0 0 0 0 0 0 0 0 0 0 0 0 0 0 0 0 0 0 0 0 1 0 0 0 0 0 0 0 0 0 0 0 0 0 0 0 0 0 0 0 0 0 0 0 0 0 0 0 0 0 0 0 0 0 0 0 0 0 0 0 0 0 0 0 0 0 0 0 0 0 0 0 0 0 0 0 0 0 0 0 0 0 0 0 0 0 0 0 0 0 0]
[1060018079448269779478832194591365332151071997927758339901371602604141665903006803026010798057331270061212937745624646175138780491631331728466721638547312426148230999207341644897744593492212060851561590157415819696156604413315921218764861567330166574438481976812097498337420211569550344642567 0 0 0 0 0 0 0 0 0 0 0 0 0 0 0 0 0 0 0 0 0 0 0 0 0 0 1 0 0 0 0 0 0 0 0 0 0 0 0 0 0 0 0 0 0 0 0 0 0 0 0 0 0 0 0 0 0 0 0 0 0 0 0 0 0 0 0 0 0 0 0 0 0 0 0 0 0 0 0 0 0 0 0 0 0 0 0 0 0 0 0 0 0 0 0 0]
[2163990134581793546492044606295264021275860337186504953802897082022461718800273858825064563878987496848220858508165832388381599621877834634960993952601812593997807037414639023308100431979573375825816142245965958503039677363718575980275184044474814942444502781550563839340973050540393936092662 0 0 0 0 0 0 0 0 0 0 0 0 0 0 0 0 0 0 0 0 0 0 0 0 0 0 0 1 0 0 0 0 0 0 0 0 0 0 0 0 0 0 0 0 0 0 0 0 0 0 0 0 0 0 0 0 0 0 0 0 0 0 0 0 0 0 0 0 0 0 0 0 0 0 0 0 0 0 0 0 0 0 0 0 0 0 0 0 0 0 0 0 0 0 0 0]
[2112885582842438585837654443297938362805142018412205469161192126730874149931282717062515706172209882921223952558566691403345030457873127340478602712879329687207024435270941486079303829998095492703920660506045036639714682529996578840441828531987310947612345534683450686501245956979457148740876 0 0 0 0 0 0 0 0 0 0 0 0 0 0 0 0 0 0 0 0 0 0 0 0 0 0 0 0 1 0 0 0 0 0 0 0 0 0 0 0 0 0 0 0 0 0 0 0 0 0 0 0 0 0 0 0 0 0 0 0 0 0 0 0 0 0 0 0 0 0 0 0 0 0 0 0 0 0 0 0 0 0 0 0 0 0 0 0 0 0 0 0 0 0 0 0]
[4232837189220362282865845553516695056109655445598270758578480139919966275807930887570266322642125021639817444142323384573103277347644942300928832103388179536844956255941295666363122406719944220643745001080965696201846011457368722641282738359921640848536984302963464595904394058463898682807868 0 0 0 0 0 0 0 0 0 0 0 0 0 0 0 0 0 0 0 0 0 0 0 0 0 0 0 0 0 1 0 0 0 0 0 0 0 0 0 0 0 0 0 0 0 0 0 0 0 0 0 0 0 0 0 0 0 0 0 0 0 0 0 0 0 0 0 0 0 0 0 0 0 0 0 0 0 0 0 0 0 0 0 0 0 0 0 0 0 0 0 0 0 0 0 0]
[3236103462671280091476184416894680448927320273009777261120985194944809388014587780733571723942358322934470790498600039277685387333283740281632489918304006011070615200532139835240790275845250345464238404745830123062777614672119717239967425791967855224420497988512002715104898554242950807118859 0 0 0 0 0 0 0 0 0 0 0 0 0 0 0 0 0 0 0 0 0 0 0 0 0 0 0 0 0 0 1 0 0 0 0 0 0 0 0 0 0 0 0 0 0 0 0 0 0 0 0 0 0 0 0 0 0 0 0 0 0 0 0 0 0 0 0 0 0 0 0 0 0 0 0 0 0 0 0 0 0 0 0 0 0 0 0 0 0 0 0 0 0 0 0 0]
[3149832790894805694477187503968228706859380825809773382784529963947880097248715034341835008987367214364395906170590656738609199586596774577774402441913292458653504373684349623342814524635085962102461232837188214519486837302268788087228708487122216538481692981108477826598571443902337638369467 0 0 0 0 0 0 0 0 0 0 0 0 0 0 0 0 0 0 0 0 0 0 0 0 0 0 0 0 0 0 0 1 0 0 0 0 0 0 0 0 0 0 0 0 0 0 0 0 0 0 0 0 0 0 0 0 0 0 0 0 0 0 0 0 0 0 0 0 0 0 0 0 0 0 0 0 0 0 0 0 0 0 0 0 0 0 0 0 0 0 0 0 0 0 0 0]
[4195751611085446326792076111930143636015086430174524192508350954757503060292220551558091322867327509625594355176141272241982273894730076650988193800613402027192137323137085640456548376909655326251551062320135832224982502366644745906574147988203337724003843453159647439765620325750318350919080 0 0 0 0 0 0 0 0 0 0 0 0 0 0 0 0 0 0 0 0 0 0 0 0 0 0 0 0 0 0 0 0 1 0 0 0 0 0 0 0 0 0 0 0 0 0 0 0 0 0 0 0 0 0 0 0 0 0 0 0 0 0 0 0 0 0 0 0 0 0 0 0 0 0 0 0 0 0 0 0 0 0 0 0 0 0 0 0 0 0 0 0 0 0 0 0]
[4684859718554798296047186207313616862912488372927043771869595566372728979807497353318947450347956695048293981083491505334306522051647058778528385139131063964316500480212016708004652734181578705773551172106522475669457537283050344728554157226686547383031346616188718361991085826283488475507822 0 0 0 0 0 0 0 0 0 0 0 0 0 0 0 0 0 0 0 0 0 0 0 0 0 0 0 0 0 0 0 0 0 1 0 0 0 0 0 0 0 0 0 0 0 0 0 0 0 0 0 0 0 0 0 0 0 0 0 0 0 0 0 0 0 0 0 0 0 0 0 0 0 0 0 0 0 0 0 0 0 0 0 0 0 0 0 0 0 0 0 0 0 0 0 0]
[2909692728799124256953868474432183221241826548888141089440373724128598536025165393659803926182408411220135202666938308863098222950613087993509017777944544191121745951409703569388402169177807467031521315241201342591446952667720308247084468256822044581337968966377787659166145974220944229604305 0 0 0 0 0 0 0 0 0 0 0 0 0 0 0 0 0 0 0 0 0 0 0 0 0 0 0 0 0 0 0 0 0 0 1 0 0 0 0 0 0 0 0 0 0 0 0 0 0 0 0 0 0 0 0 0 0 0 0 0 0 0 0 0 0 0 0 0 0 0 0 0 0 0 0 0 0 0 0 0 0 0 0 0 0 0 0 0 0 0 0 0 0 0 0 0]
[3613027265581502117018680722172881894476671345701717120500683333486350003345672201367685113984682223755427389166453158209243687426269473727538146386549444639310931138611647564175993721485863582593150844704727975002239928686918168156424717523525548054683085941146926161540486949011993296831436 0 0 0 0 0 0 0 0 0 0 0 0 0 0 0 0 0 0 0 0 0 0 0 0 0 0 0 0 0 0 0 0 0 0 0 1 0 0 0 0 0 0 0 0 0 0 0 0 0 0 0 0 0 0 0 0 0 0 0 0 0 0 0 0 0 0 0 0 0 0 0 0 0 0 0 0 0 0 0 0 0 0 0 0 0 0 0 0 0 0 0 0 0 0 0 0]
[3163535475281966898884739837858534295656615537488674896621560638480989092754965262516246933941699997132585347307135906169857727793799789974075205924820854498611259737840823421685996584337806561697382138035822958930597198363706627678990763377457677752574563769312041761587668074660460993770584 0 0 0 0 0 0 0 0 0 0 0 0 0 0 0 0 0 0 0 0 0 0 0 0 0 0 0 0 0 0 0 0 0 0 0 0 1 0 0 0 0 0 0 0 0 0 0 0 0 0 0 0 0 0 0 0 0 0 0 0 0 0 0 0 0 0 0 0 0 0 0 0 0 0 0 0 0 0 0 0 0 0 0 0 0 0 0 0 0 0 0 0 0 0 0 0]
[3463421096186274553230114048675659617866348071726493001052563606078710737180158889717357633436639207505269377864621343028840224821729396169149192914928540531360014009671078835973096351995580653327036790552754675448869733016828923732022320706250084316237099758119086092486278039830495720561702 0 0 0 0 0 0 0 0 0 0 0 0 0 0 0 0 0 0 0 0 0 0 0 0 0 0 0 0 0 0 0 0 0 0 0 0 0 1 0 0 0 0 0 0 0 0 0 0 0 0 0 0 0 0 0 0 0 0 0 0 0 0 0 0 0 0 0 0 0 0 0 0 0 0 0 0 0 0 0 0 0 0 0 0 0 0 0 0 0 0 0 0 0 0 0 0]
[4612485591911549096700419512021820765062320354036024558916595022151921884350001506369372075692640445885187832507089092148802977905450269800578822628880074734734246831521865326844457054470602948258794673303774805136112584293932076462753202927370018528991792881886512139770304399993408805808098 0 0 0 0 0 0 0 0 0 0 0 0 0 0 0 0 0 0 0 0 0 0 0 0 0 0 0 0 0 0 0 0 0 0 0 0 0 0 1 0 0 0 0 0 0 0 0 0 0 0 0 0 0 0 0 0 0 0 0 0 0 0 0 0 0 0 0 0 0 0 0 0 0 0 0 0 0 0 0 0 0 0 0 0 0 0 0 0 0 0 0 0 0 0 0 0]
[2540384849863895161803682674292625148200777025754665058345572992297344530930173571840227939065210598610306906702225714324365087821098324135237603473905387435174964610474896042425492466883394437231477906317626805363051180796652698561660251668704570287136479675582235905244511735528692363815388 0 0 0 0 0 0 0 0 0 0 0 0 0 0 0 0 0 0 0 0 0 0 0 0 0 0 0 0 0 0 0 0 0 0 0 0 0 0 0 1 0 0 0 0 0 0 0 0 0 0 0 0 0 0 0 0 0 0 0 0 0 0 0 0 0 0 0 0 0 0 0 0 0 0 0 0 0 0 0 0 0 0 0 0 0 0 0 0 0 0 0 0 0 0 0 0]
[4218453504463225696989984205422442240775747631264412786769493463877956673557999843334067518979159728858703605998375378226943174550783862641669426472819381017226468305124498399129078416056287324173692763518736858019296788236237341165285114201987867516107130557571393561327869544925129105883600 0 0 0 0 0 0 0 0 0 0 0 0 0 0 0 0 0 0 0 0 0 0 0 0 0 0 0 0 0 0 0 0 0 0 0 0 0 0 0 0 1 0 0 0 0 0 0 0 0 0 0 0 0 0 0 0 0 0 0 0 0 0 0 0 0 0 0 0 0 0 0 0 0 0 0 0 0 0 0 0 0 0 0 0 0 0 0 0 0 0 0 0 0 0 0 0]
[4410423394820738601739386916453891299282698598951847901543790124037622892797549925264935081753627227683198047816859422472925369477259298091614248900054761114627519236339013325435978685565098168910001180218268892708042446690482883350353906417916854409335666402771642136579633306053353404712384 0 0 0 0 0 0 0 0 0 0 0 0 0 0 0 0 0 0 0 0 0 0 0 0 0 0 0 0 0 0 0 0 0 0 0 0 0 0 0 0 0 1 0 0 0 0 0 0 0 0 0 0 0 0 0 0 0 0 0 0 0 0 0 0 0 0 0 0 0 0 0 0 0 0 0 0 0 0 0 0 0 0 0 0 0 0 0 0 0 0 0 0 0 0 0 0]
[3516148887553311394873707110076730966742673525444471727901977513619912676639481942281125068736593014609608655504965556569992235171220797303502871299067870630773500140773613872917443571954049260975602964990213642710119080834989501210827153267837928049517467184731013733655751008091974815602590 0 0 0 0 0 0 0 0 0 0 0 0 0 0 0 0 0 0 0 0 0 0 0 0 0 0 0 0 0 0 0 0 0 0 0 0 0 0 0 0 0 0 1 0 0 0 0 0 0 0 0 0 0 0 0 0 0 0 0 0 0 0 0 0 0 0 0 0 0 0 0 0 0 0 0 0 0 0 0 0 0 0 0 0 0 0 0 0 0 0 0 0 0 0 0 0]
[3768592606565900940787910678218224852310831135968123164698829816292237558946377560756896021531197662255768406313059943021431056896178819553580380768456996119019158110655200809366289113998831559600961235534540126292930091448912667239471282811849043943101455441402354273139781195619755464097002 0 0 0 0 0 0 0 0 0 0 0 0 0 0 0 0 0 0 0 0 0 0 0 0 0 0 0 0 0 0 0 0 0 0 0 0 0 0 0 0 0 0 0 1 0 0 0 0 0 0 0 0 0 0 0 0 0 0 0 0 0 0 0 0 0 0 0 0 0 0 0 0 0 0 0 0 0 0 0 0 0 0 0 0 0 0 0 0 0 0 0 0 0 0 0 0]
[2699360187357079423318810071345711942529236641787106750715176536640507283563395906440264381534130089536154015500094648666483049061232572490233540522842766529454118003037159749239759960916708707192165560280354371382695484362588508047034432713846250168729868419861444330945771115092165792849257 0 0 0 0 0 0 0 0 0 0 0 0 0 0 0 0 0 0 0 0 0 0 0 0 0 0 0 0 0 0 0 0 0 0 0 0 0 0 0 0 0 0 0 0 1 0 0 0 0 0 0 0 0 0 0 0 0 0 0 0 0 0 0 0 0 0 0 0 0 0 0 0 0 0 0 0 0 0 0 0 0 0 0 0 0 0 0 0 0 0 0 0 0 0 0 0]
[3219101461507979623733844530812434420391444976848049594398373257560754778312485805295871518944756064717769789836010313013149510411709253342054611766817987564423789540463744530026669454683172318564329233698861760629400843998639252640106492369761901673336605485420191085837274332750848335502976 0 0 0 0 0 0 0 0 0 0 0 0 0 0 0 0 0 0 0 0 0 0 0 0 0 0 0 0 0 0 0 0 0 0 0 0 0 0 0 0 0 0 0 0 0 1 0 0 0 0 0 0 0 0 0 0 0 0 0 0 0 0 0 0 0 0 0 0 0 0 0 0 0 0 0 0 0 0 0 0 0 0 0 0 0 0 0 0 0 0 0 0 0 0 0 0]
[2349577920883380449314629837770260874358111311197255150331334534164057521761457796677218999945573001225725253535805807320562570591337900192361991841354241778717354153981681601370958971276155231148456291778004598150020578002007821019878345716162339019704957046463415136952847825363661316107098 0 0 0 0 0 0 0 0 0 0 0 0 0 0 0 0 0 0 0 0 0 0 0 0 0 0 0 0 0 0 0 0 0 0 0 0 0 0 0 0 0 0 0 0 0 0 1 0 0 0 0 0 0 0 0 0 0 0 0 0 0 0 0 0 0 0 0 0 0 0 0 0 0 0 0 0 0 0 0 0 0 0 0 0 0 0 0 0 0 0 0 0 0 0 0 0]
[390778570863497080971183372953325966144701377579726233554211241340442358304299083768312863358483746294265343200096211327869164981151741826344941261655327820366023819887228226295169027270276310720693433240078861222012553276319309465473496463291478409924711549621150886494482582679621978889409 0 0 0 0 0 0 0 0 0 0 0 0 0 0 0 0 0 0 0 0 0 0 0 0 0 0 0 0 0 0 0 0 0 0 0 0 0 0 0 0 0 0 0 0 0 0 0 1 0 0 0 0 0 0 0 0 0 0 0 0 0 0 0 0 0 0 0 0 0 0 0 0 0 0 0 0 0 0 0 0 0 0 0 0 0 0 0 0 0 0 0 0 0 0 0 0]
[4551143729460058342903110485237823239651261080687535208502590669221160440236726156943428092303255691287146755198513094519752982443624308416685960200236760123715515487577567135508412087930974572675547817212560677657746952599671291047972284308194984052432408443111973991814197998363938198527709 0 0 0 0 0 0 0 0 0 0 0 0 0 0 0 0 0 0 0 0 0 0 0 0 0 0 0 0 0 0 0 0 0 0 0 0 0 0 0 0 0 0 0 0 0 0 0 0 1 0 0 0 0 0 0 0 0 0 0 0 0 0 0 0 0 0 0 0 0 0 0 0 0 0 0 0 0 0 0 0 0 0 0 0 0 0 0 0 0 0 0 0 0 0 0 0]
[2929684876017769855298360855874232209913853525738569437358634074856974524282436313969773822111747272533923202444123400360481797761503471445119088187354290244408717225357482955969265832502760034075526254560489384627131000597203968514123583659097473781603699850080964568617865111468546565872228 0 0 0 0 0 0 0 0 0 0 0 0 0 0 0 0 0 0 0 0 0 0 0 0 0 0 0 0 0 0 0 0 0 0 0 0 0 0 0 0 0 0 0 0 0 0 0 0 0 1 0 0 0 0 0 0 0 0 0 0 0 0 0 0 0 0 0 0 0 0 0 0 0 0 0 0 0 0 0 0 0 0 0 0 0 0 0 0 0 0 0 0 0 0 0 0]
[1136500388633702207800763617932527209282913230323783556255555267194375220965899815480412729130472608489431698324815349868024926991253371193958360447540198094823253182456301799093573780560501590117340733164704853755299235812913861440247980436492130355354066990743184286517248918010165866942768 0 0 0 0 0 0 0 0 0 0 0 0 0 0 0 0 0 0 0 0 0 0 0 0 0 0 0 0 0 0 0 0 0 0 0 0 0 0 0 0 0 0 0 0 0 0 0 0 0 0 1 0 0 0 0 0 0 0 0 0 0 0 0 0 0 0 0 0 0 0 0 0 0 0 0 0 0 0 0 0 0 0 0 0 0 0 0 0 0 0 0 0 0 0 0 0]
[23970492891346971408376129795655034957359137789037355645392725337794416132580676514186300638791260799687142546411118513037523027601444474871914077228364914761162999334425469419262556466522470368049418338034638661672480482161402305190995736909189343277650584718620135704477249515976464779265 0 0 0 0 0 0 0 0 0 0 0 0 0 0 0 0 0 0 0 0 0 0 0 0 0 0 0 0 0 0 0 0 0 0 0 0 0 0 0 0 0 0 0 0 0 0 0 0 0 0 0 1 0 0 0 0 0 0 0 0 0 0 0 0 0 0 0 0 0 0 0 0 0 0 0 0 0 0 0 0 0 0 0 0 0 0 0 0 0 0 0 0 0 0 0 0]
[4610019364625520422710699884024678870545514560323453091097362880903345059919413605120438280179336374103367991305902377432387820940849517062130892941729995635333024210334249436558541888447575800791037204343524528976140177846851192879115727147344410806262668672539023503660404048291978676301969 0 0 0 0 0 0 0 0 0 0 0 0 0 0 0 0 0 0 0 0 0 0 0 0 0 0 0 0 0 0 0 0 0 0 0 0 0 0 0 0 0 0 0 0 0 0 0 0 0 0 0 0 1 0 0 0 0 0 0 0 0 0 0 0 0 0 0 0 0 0 0 0 0 0 0 0 0 0 0 0 0 0 0 0 0 0 0 0 0 0 0 0 0 0 0 0]
[3165043398836190068744202420345541512341322945247428885288720184657199576994837032810501611990423424701923862000972611813292497224920123766405401330529173462377609571901822378416217164769522966326954056098462156237876052653404034230705434113040878332604420890090355055110967646104024139201914 0 0 0 0 0 0 0 0 0 0 0 0 0 0 0 0 0 0 0 0 0 0 0 0 0 0 0 0 0 0 0 0 0 0 0 0 0 0 0 0 0 0 0 0 0 0 0 0 0 0 0 0 0 1 0 0 0 0 0 0 0 0 0 0 0 0 0 0 0 0 0 0 0 0 0 0 0 0 0 0 0 0 0 0 0 0 0 0 0 0 0 0 0 0 0 0]
[3184494940823643756209369372076896376810770585239396043967781259271093967754730804103526467336244359291271640816930803677864488223036063403325641468504376272447712322561855298542628960099310471147187570767303042184229333604644138376001710448120756050838902120174948701732752639329719425122486 0 0 0 0 0 0 0 0 0 0 0 0 0 0 0 0 0 0 0 0 0 0 0 0 0 0 0 0 0 0 0 0 0 0 0 0 0 0 0 0 0 0 0 0 0 0 0 0 0 0 0 0 0 0 1 0 0 0 0 0 0 0 0 0 0 0 0 0 0 0 0 0 0 0 0 0 0 0 0 0 0 0 0 0 0 0 0 0 0 0 0 0 0 0 0 0]
[4639183767886244318603938669241899784471717108911498498813290805438822269291857192046648242608387757323749272704333731110316093897256129696265951145952139239887392656206045691094217846190142595590664168754743190549287037846137579277822101219634777626731593084274823085093861584487247214991669 0 0 0 0 0 0 0 0 0 0 0 0 0 0 0 0 0 0 0 0 0 0 0 0 0 0 0 0 0 0 0 0 0 0 0 0 0 0 0 0 0 0 0 0 0 0 0 0 0 0 0 0 0 0 0 1 0 0 0 0 0 0 0 0 0 0 0 0 0 0 0 0 0 0 0 0 0 0 0 0 0 0 0 0 0 0 0 0 0 0 0 0 0 0 0 0]
[1084933335522973605369865548505681242533369343833453417897328454431849117438418557327018318259353305279457440021063552296777568455889057188085273101418921749705970010255741723854457285435824419516508764059906327840416627109903015807454889692407201536146787340678396246346667573007414600269130 0 0 0 0 0 0 0 0 0 0 0 0 0 0 0 0 0 0 0 0 0 0 0 0 0 0 0 0 0 0 0 0 0 0 0 0 0 0 0 0 0 0 0 0 0 0 0 0 0 0 0 0 0 0 0 0 1 0 0 0 0 0 0 0 0 0 0 0 0 0 0 0 0 0 0 0 0 0 0 0 0 0 0 0 0 0 0 0 0 0 0 0 0 0 0 0]
[4847742077002191871934301235120278845304387085316898870115749614246769207670017850562395350854379341866908593020285691074686772945400761971534328202059351572389069520065663170181215649356156765035925431881885775828320646207371394290959209625222139897235791034103723239441701480323758485779268 0 0 0 0 0 0 0 0 0 0 0 0 0 0 0 0 0 0 0 0 0 0 0 0 0 0 0 0 0 0 0 0 0 0 0 0 0 0 0 0 0 0 0 0 0 0 0 0 0 0 0 0 0 0 0 0 0 1 0 0 0 0 0 0 0 0 0 0 0 0 0 0 0 0 0 0 0 0 0 0 0 0 0 0 0 0 0 0 0 0 0 0 0 0 0 0]
[3320264077714862530888689191057303149330996763851972110543971917457235392879514419444884306996667828436385071924535075719481481602425836700699749975858100525008809391875972915032707425016630790062092505057171080376600310634389735880782909314694609439318912917464066312503293209409778781460034 0 0 0 0 0 0 0 0 0 0 0 0 0 0 0 0 0 0 0 0 0 0 0 0 0 0 0 0 0 0 0 0 0 0 0 0 0 0 0 0 0 0 0 0 0 0 0 0 0 0 0 0 0 0 0 0 0 0 1 0 0 0 0 0 0 0 0 0 0 0 0 0 0 0 0 0 0 0 0 0 0 0 0 0 0 0 0 0 0 0 0 0 0 0 0 0]
[4084013676232617898999428818545803947605182086230049075146790728012454297702759846507475567750051320709661331587116559249480330633604346852005434333922557056663487586950433053523551321240587068561087993013896035022635264796156407060819750722069074647709458976686726931351223168755712458686719 0 0 0 0 0 0 0 0 0 0 0 0 0 0 0 0 0 0 0 0 0 0 0 0 0 0 0 0 0 0 0 0 0 0 0 0 0 0 0 0 0 0 0 0 0 0 0 0 0 0 0 0 0 0 0 0 0 0 0 1 0 0 0 0 0 0 0 0 0 0 0 0 0 0 0 0 0 0 0 0 0 0 0 0 0 0 0 0 0 0 0 0 0 0 0 0]
[2817243859083274254478873534191918157921237369374163051818561168232441288664420076377793233499120369213766094854851421069961255578573993634757816634264338835060415012230039285317121277366880886458782841343697060381613573345091181986969852454295471102893833195620951998717150763429889391080141 0 0 0 0 0 0 0 0 0 0 0 0 0 0 0 0 0 0 0 0 0 0 0 0 0 0 0 0 0 0 0 0 0 0 0 0 0 0 0 0 0 0 0 0 0 0 0 0 0 0 0 0 0 0 0 0 0 0 0 0 1 0 0 0 0 0 0 0 0 0 0 0 0 0 0 0 0 0 0 0 0 0 0 0 0 0 0 0 0 0 0 0 0 0 0 0]
[5169437296595115147325610025731264628330293794869336484158480935759433172060204305091561525759247112113774105113654133731377651225010959759891357571850363299838966521112649915110828436397462624652279055368441761675844138830555003058575381739533923529108827287633565425019121564561864227599210 0 0 0 0 0 0 0 0 0 0 0 0 0 0 0 0 0 0 0 0 0 0 0 0 0 0 0 0 0 0 0 0 0 0 0 0 0 0 0 0 0 0 0 0 0 0 0 0 0 0 0 0 0 0 0 0 0 0 0 0 0 1 0 0 0 0 0 0 0 0 0 0 0 0 0 0 0 0 0 0 0 0 0 0 0 0 0 0 0 0 0 0 0 0 0 0]
[1584786535908119982190414271227993038830311230712756361985335232453776299007421582238627488844105942704566468994036419127759573292511187662229087063229013841829945965372561767175673372141708000816834219462924273134059092708692773455990103190572267555218790429130894873956664895464422363684320 0 0 0 0 0 0 0 0 0 0 0 0 0 0 0 0 0 0 0 0 0 0 0 0 0 0 0 0 0 0 0 0 0 0 0 0 0 0 0 0 0 0 0 0 0 0 0 0 0 0 0 0 0 0 0 0 0 0 0 0 0 0 1 0 0 0 0 0 0 0 0 0 0 0 0 0 0 0 0 0 0 0 0 0 0 0 0 0 0 0 0 0 0 0 0 0]
[506693395280412908411869204266171838238364470532471650928689050712288666602666652854890086801405683122847365763679807245763286735682166991127084942410542214560041739860667809754938531591938460332010090775057452072834632598715339671218994135060706311097544523901591242936363329369315248334180 0 0 0 0 0 0 0 0 0 0 0 0 0 0 0 0 0 0 0 0 0 0 0 0 0 0 0 0 0 0 0 0 0 0 0 0 0 0 0 0 0 0 0 0 0 0 0 0 0 0 0 0 0 0 0 0 0 0 0 0 0 0 0 1 0 0 0 0 0 0 0 0 0 0 0 0 0 0 0 0 0 0 0 0 0 0 0 0 0 0 0 0 0 0 0 0]
[1356816859129616558140909372401647112817446137297553746376006876750172636482352361590338709290730888523821856432667842538861589173620516765544545333977714568765792913264797282752398202119340661045065329213871709532313101452291375719374693238943847522207087499420231359070478540900086970767666 0 0 0 0 0 0 0 0 0 0 0 0 0 0 0 0 0 0 0 0 0 0 0 0 0 0 0 0 0 0 0 0 0 0 0 0 0 0 0 0 0 0 0 0 0 0 0 0 0 0 0 0 0 0 0 0 0 0 0 0 0 0 0 0 1 0 0 0 0 0 0 0 0 0 0 0 0 0 0 0 0 0 0 0 0 0 0 0 0 0 0 0 0 0 0 0]
[3693029382576240486882786771422842787936090228681069563970328793366756084418082738329850993915998372316587301227960123355733569582421255680777813940099177351639429645728232870826263171400548305528356656506881783661439075047494207698458815652806870183902361409233010500366176966823624227190326 0 0 0 0 0 0 0 0 0 0 0 0 0 0 0 0 0 0 0 0 0 0 0 0 0 0 0 0 0 0 0 0 0 0 0 0 0 0 0 0 0 0 0 0 0 0 0 0 0 0 0 0 0 0 0 0 0 0 0 0 0 0 0 0 0 1 0 0 0 0 0 0 0 0 0 0 0 0 0 0 0 0 0 0 0 0 0 0 0 0 0 0 0 0 0 0]
[3027146085773927365032255103027700865371672759511652746084561179867672216088062004040543308868027874286935914617379214425329582229468486946124003207220725507831957307120752072845747607889589941912493509795075831922551541585683773569958156967591528094307934211187355267664147228698313394357400 0 0 0 0 0 0 0 0 0 0 0 0 0 0 0 0 0 0 0 0 0 0 0 0 0 0 0 0 0 0 0 0 0 0 0 0 0 0 0 0 0 0 0 0 0 0 0 0 0 0 0 0 0 0 0 0 0 0 0 0 0 0 0 0 0 0 1 0 0 0 0 0 0 0 0 0 0 0 0 0 0 0 0 0 0 0 0 0 0 0 0 0 0 0 0 0]
[3529157581975871337004343457899089171650603013836139802860709629590720020907984628040288942170163270722156835195552510632279138240142155931539778259763523573954483033382749057760024958982655767598369536865033604955859261844547990990938239008781811853622687345558100053841330200891806527765193 0 0 0 0 0 0 0 0 0 0 0 0 0 0 0 0 0 0 0 0 0 0 0 0 0 0 0 0 0 0 0 0 0 0 0 0 0 0 0 0 0 0 0 0 0 0 0 0 0 0 0 0 0 0 0 0 0 0 0 0 0 0 0 0 0 0 0 1 0 0 0 0 0 0 0 0 0 0 0 0 0 0 0 0 0 0 0 0 0 0 0 0 0 0 0 0]
[3014790946099696096759164407272010623331147773835163037979663603741309779143652470604332786181127725856258474283908226327045866458503574587934396586161183767042747114448160312537275609386614283864494043792804371699286111887952724257004046050871689520380545146192054580265760837520444372114549 0 0 0 0 0 0 0 0 0 0 0 0 0 0 0 0 0 0 0 0 0 0 0 0 0 0 0 0 0 0 0 0 0 0 0 0 0 0 0 0 0 0 0 0 0 0 0 0 0 0 0 0 0 0 0 0 0 0 0 0 0 0 0 0 0 0 0 0 1 0 0 0 0 0 0 0 0 0 0 0 0 0 0 0 0 0 0 0 0 0 0 0 0 0 0 0]
[4617990407724073881625535752753853802555429211876776075883521855364252945013599272180786749697957191206451949649674919320585945843595256251922155790371042135875794406887320896565492419608519224238045859601879234095919409039873963972016733947357097654906321209087319770593273649007241202563045 0 0 0 0 0 0 0 0 0 0 0 0 0 0 0 0 0 0 0 0 0 0 0 0 0 0 0 0 0 0 0 0 0 0 0 0 0 0 0 0 0 0 0 0 0 0 0 0 0 0 0 0 0 0 0 0 0 0 0 0 0 0 0 0 0 0 0 0 0 1 0 0 0 0 0 0 0 0 0 0 0 0 0 0 0 0 0 0 0 0 0 0 0 0 0 0]
[1443352736922697327605593934167545764687638150329447223476734369353970580976716715328588383503773327189166434274439280961194660869475916741478582533151343841504103632758867006915532604426230615536510089915149525530795238006472979900822691861609814515957185635298039303051045926394125664056888 0 0 0 0 0 0 0 0 0 0 0 0 0 0 0 0 0 0 0 0 0 0 0 0 0 0 0 0 0 0 0 0 0 0 0 0 0 0 0 0 0 0 0 0 0 0 0 0 0 0 0 0 0 0 0 0 0 0 0 0 0 0 0 0 0 0 0 0 0 0 1 0 0 0 0 0 0 0 0 0 0 0 0 0 0 0 0 0 0 0 0 0 0 0 0 0]
[4458103295804348302480455222094903264927995800406933044514929424317580026902738719079183928101607667316035998941638118866094452440672329134167096057559707686307058922901911419127827420822850210625790226285716492481527997701637086735724900532309702977111915274742493260853969237092708302898733 0 0 0 0 0 0 0 0 0 0 0 0 0 0 0 0 0 0 0 0 0 0 0 0 0 0 0 0 0 0 0 0 0 0 0 0 0 0 0 0 0 0 0 0 0 0 0 0 0 0 0 0 0 0 0 0 0 0 0 0 0 0 0 0 0 0 0 0 0 0 0 1 0 0 0 0 0 0 0 0 0 0 0 0 0 0 0 0 0 0 0 0 0 0 0 0]
[4657652417088949590642546729985919282650036261606289555271400392442852052893580790370343620314463913455752827997175540566024978259845422258340733204510968018134280362626854526809558603515046776082805359998146154673565261277702924260191196767911483330579715027000857843092749126182188176918290 0 0 0 0 0 0 0 0 0 0 0 0 0 0 0 0 0 0 0 0 0 0 0 0 0 0 0 0 0 0 0 0 0 0 0 0 0 0 0 0 0 0 0 0 0 0 0 0 0 0 0 0 0 0 0 0 0 0 0 0 0 0 0 0 0 0 0 0 0 0 0 0 1 0 0 0 0 0 0 0 0 0 0 0 0 0 0 0 0 0 0 0 0 0 0 0]
[4887076016431520146446704238703043075821360603448185785717962280004424951869081302755987564950691522525180265631176653844234591085127338964035520833179522006620415464329596090241334318525831215233995891352556110402729238394310342096000530709332281519175328904734509653821732624067583897264214 0 0 0 0 0 0 0 0 0 0 0 0 0 0 0 0 0 0 0 0 0 0 0 0 0 0 0 0 0 0 0 0 0 0 0 0 0 0 0 0 0 0 0 0 0 0 0 0 0 0 0 0 0 0 0 0 0 0 0 0 0 0 0 0 0 0 0 0 0 0 0 0 0 1 0 0 0 0 0 0 0 0 0 0 0 0 0 0 0 0 0 0 0 0 0 0]
[5176585858754212593723395898892079332718810812751324753349161605330370515202373948826607451663559154587951610969141075804656959579511761043142847420356290193626918762955012951825900869993867417011538339854629928279644527568619332211233480167126343415112332188388550877132838261336676848036649 0 0 0 0 0 0 0 0 0 0 0 0 0 0 0 0 0 0 0 0 0 0 0 0 0 0 0 0 0 0 0 0 0 0 0 0 0 0 0 0 0 0 0 0 0 0 0 0 0 0 0 0 0 0 0 0 0 0 0 0 0 0 0 0 0 0 0 0 0 0 0 0 0 0 1 0 0 0 0 0 0 0 0 0 0 0 0 0 0 0 0 0 0 0 0 0]
[4408012591749419703248273829730940871205860237240553520004511177136219923426921547858894133503480086102419947922456505444318413410411680720218515931310055297433840828876471298191414114717407462860677170441563831395302051658114532121606073606600996632706771288294051553990969537168191291107938 0 0 0 0 0 0 0 0 0 0 0 0 0 0 0 0 0 0 0 0 0 0 0 0 0 0 0 0 0 0 0 0 0 0 0 0 0 0 0 0 0 0 0 0 0 0 0 0 0 0 0 0 0 0 0 0 0 0 0 0 0 0 0 0 0 0 0 0 0 0 0 0 0 0 0 1 0 0 0 0 0 0 0 0 0 0 0 0 0 0 0 0 0 0 0 0]
[191757384992594858519020401168381914104132541223617224877474333243507846302233628651091003450390880372692854529765180755854719806184957752935065810983258177066023010475869354448229856443248493880410739376267004353893484373894838331740026046673735680230759466787367005633474111830769155565978 0 0 0 0 0 0 0 0 0 0 0 0 0 0 0 0 0 0 0 0 0 0 0 0 0 0 0 0 0 0 0 0 0 0 0 0 0 0 0 0 0 0 0 0 0 0 0 0 0 0 0 0 0 0 0 0 0 0 0 0 0 0 0 0 0 0 0 0 0 0 0 0 0 0 0 0 1 0 0 0 0 0 0 0 0 0 0 0 0 0 0 0 0 0 0 0]
[278553797768611250323587125183752167767170685922629565828736808107617575528953461753606951555629189089394432693899305530596718324554892966706720038925624256524604499858906730591865706987570686822388817783440164773080766340668920850625438424167711935158252990484898254484688777176736275134718 0 0 0 0 0 0 0 0 0 0 0 0 0 0 0 0 0 0 0 0 0 0 0 0 0 0 0 0 0 0 0 0 0 0 0 0 0 0 0 0 0 0 0 0 0 0 0 0 0 0 0 0 0 0 0 0 0 0 0 0 0 0 0 0 0 0 0 0 0 0 0 0 0 0 0 0 0 1 0 0 0 0 0 0 0 0 0 0 0 0 0 0 0 0 0 0]
[2174080816806523969651546659006135806981988176315550436254987257478822461651413887539912959675120314146028024476923918798417840075252690482931710472826370604649458225413223655683146903979306833456271564752150794481330151261038109141480164572838517931392979676102374097490934330913249135487780 0 0 0 0 0 0 0 0 0 0 0 0 0 0 0 0 0 0 0 0 0 0 0 0 0 0 0 0 0 0 0 0 0 0 0 0 0 0 0 0 0 0 0 0 0 0 0 0 0 0 0 0 0 0 0 0 0 0 0 0 0 0 0 0 0 0 0 0 0 0 0 0 0 0 0 0 0 0 1 0 0 0 0 0 0 0 0 0 0 0 0 0 0 0 0 0]
[4206055589257491728649641480329032234132327053354420661015980169245642086922894904961734484514402847062451563082204966076696960787892665539531269656593612869816575588970564441572807954603988919932256698506354143436340270817793752186587471582118198422206627254748476201442316542703611191341821 0 0 0 0 0 0 0 0 0 0 0 0 0 0 0 0 0 0 0 0 0 0 0 0 0 0 0 0 0 0 0 0 0 0 0 0 0 0 0 0 0 0 0 0 0 0 0 0 0 0 0 0 0 0 0 0 0 0 0 0 0 0 0 0 0 0 0 0 0 0 0 0 0 0 0 0 0 0 0 1 0 0 0 0 0 0 0 0 0 0 0 0 0 0 0 0]
[537128407275580021472771623745761254323317824181841709542367585566094770350402621347457616098988821291188761582369599577721197699003260367013640522412422821539628010726257831736803773335724007425520657167490400393347068764204287145213428575724051864686492858704459013763196057360308009804699 0 0 0 0 0 0 0 0 0 0 0 0 0 0 0 0 0 0 0 0 0 0 0 0 0 0 0 0 0 0 0 0 0 0 0 0 0 0 0 0 0 0 0 0 0 0 0 0 0 0 0 0 0 0 0 0 0 0 0 0 0 0 0 0 0 0 0 0 0 0 0 0 0 0 0 0 0 0 0 0 1 0 0 0 0 0 0 0 0 0 0 0 0 0 0 0]
[3442361166034634480690411921477757585948736010752906376429162475987043884336307473908920815563797695984399221448201759279457891487361486066497363560862583132385423744078532487346370741449903627867081567322653932995537540822180169879842111120807988923453063366619916776133180508826345593657607 0 0 0 0 0 0 0 0 0 0 0 0 0 0 0 0 0 0 0 0 0 0 0 0 0 0 0 0 0 0 0 0 0 0 0 0 0 0 0 0 0 0 0 0 0 0 0 0 0 0 0 0 0 0 0 0 0 0 0 0 0 0 0 0 0 0 0 0 0 0 0 0 0 0 0 0 0 0 0 0 0 1 0 0 0 0 0 0 0 0 0 0 0 0 0 0]
[4170878200511759176090042670228928756664179796334182581852197907188106206236351339462896350899178180096493191627639090801153015349303567555600306131035844631553520125799929081803456676728129376053245955345966730539932018080768828992941638666183653913898034233441847288801889170698680154412125 0 0 0 0 0 0 0 0 0 0 0 0 0 0 0 0 0 0 0 0 0 0 0 0 0 0 0 0 0 0 0 0 0 0 0 0 0 0 0 0 0 0 0 0 0 0 0 0 0 0 0 0 0 0 0 0 0 0 0 0 0 0 0 0 0 0 0 0 0 0 0 0 0 0 0 0 0 0 0 0 0 0 1 0 0 0 0 0 0 0 0 0 0 0 0 0]
[2023919970883843479948586220741504214205061766654058068905713401421217210951881429296514197515161457090500206462718508793617625034207641854693107965203390133900962963480930277579972303303196598811823663093027992927477542518393197317674940815029482633878337132151439009049608469894902998601669 0 0 0 0 0 0 0 0 0 0 0 0 0 0 0 0 0 0 0 0 0 0 0 0 0 0 0 0 0 0 0 0 0 0 0 0 0 0 0 0 0 0 0 0 0 0 0 0 0 0 0 0 0 0 0 0 0 0 0 0 0 0 0 0 0 0 0 0 0 0 0 0 0 0 0 0 0 0 0 0 0 0 0 1 0 0 0 0 0 0 0 0 0 0 0 0]
[1548273260598479438546327840991665681881842988152935179389530952135845880604839456569873503094100180496049252635464984670515915185696120112333359082293327567728072837353485957225733735806812113302480519012562137654275361889448395833318873766233862999371398953114176914225973107612741363304921 0 0 0 0 0 0 0 0 0 0 0 0 0 0 0 0 0 0 0 0 0 0 0 0 0 0 0 0 0 0 0 0 0 0 0 0 0 0 0 0 0 0 0 0 0 0 0 0 0 0 0 0 0 0 0 0 0 0 0 0 0 0 0 0 0 0 0 0 0 0 0 0 0 0 0 0 0 0 0 0 0 0 0 0 1 0 0 0 0 0 0 0 0 0 0 0]
[847427365516385149073211892366927106397123785945837627002075455031662729344461411232091014912531185596466266730123305127064144408844001701556242857064271488569626764079511342878241874310185787317942592370226828419090159387624093699148503981166552265252016904650381878667512002313235848459543 0 0 0 0 0 0 0 0 0 0 0 0 0 0 0 0 0 0 0 0 0 0 0 0 0 0 0 0 0 0 0 0 0 0 0 0 0 0 0 0 0 0 0 0 0 0 0 0 0 0 0 0 0 0 0 0 0 0 0 0 0 0 0 0 0 0 0 0 0 0 0 0 0 0 0 0 0 0 0 0 0 0 0 0 0 1 0 0 0 0 0 0 0 0 0 0]
[3324553199802230304253236681299118619912831110898206960694172378467109578023904977397816988106601449240280587542422319075334706269694410650509718875058472067568097976410947060304292856662129138893842272857002943825136705592466706868544223025614738080987502377673625701396496962158586586718754 0 0 0 0 0 0 0 0 0 0 0 0 0 0 0 0 0 0 0 0 0 0 0 0 0 0 0 0 0 0 0 0 0 0 0 0 0 0 0 0 0 0 0 0 0 0 0 0 0 0 0 0 0 0 0 0 0 0 0 0 0 0 0 0 0 0 0 0 0 0 0 0 0 0 0 0 0 0 0 0 0 0 0 0 0 0 1 0 0 0 0 0 0 0 0 0]
[1972216489271394095443441805468093173893239820014526079952933817240582362717751964617826247282636606949261535724130874455779303546716856787432419628210423305057649746403143705257817670466696479677276396381340715219275029114740003958441424641364945732114477406343541586687859218084367813858183 0 0 0 0 0 0 0 0 0 0 0 0 0 0 0 0 0 0 0 0 0 0 0 0 0 0 0 0 0 0 0 0 0 0 0 0 0 0 0 0 0 0 0 0 0 0 0 0 0 0 0 0 0 0 0 0 0 0 0 0 0 0 0 0 0 0 0 0 0 0 0 0 0 0 0 0 0 0 0 0 0 0 0 0 0 0 0 1 0 0 0 0 0 0 0 0]
[4326486311095201764320229890567762360386646570628456371824757338552476494389173800527290326349438503384847126649877605504403300189350531428030738630257145127015322606776868043419117939574723283659149622963583881824524410549733719942990028136086927999319403968285740197593798966230380909281872 0 0 0 0 0 0 0 0 0 0 0 0 0 0 0 0 0 0 0 0 0 0 0 0 0 0 0 0 0 0 0 0 0 0 0 0 0 0 0 0 0 0 0 0 0 0 0 0 0 0 0 0 0 0 0 0 0 0 0 0 0 0 0 0 0 0 0 0 0 0 0 0 0 0 0 0 0 0 0 0 0 0 0 0 0 0 0 0 1 0 0 0 0 0 0 0]
[2404498926961215168784454567881007611464401209589772346755830325462063624021814551354130494417741294759881546355949948239212158263799277898764400249951718322884401677132427086366549088426569752626505724608543188139014026682419935530115078215668158222898555793574379544302903557684122751882534 0 0 0 0 0 0 0 0 0 0 0 0 0 0 0 0 0 0 0 0 0 0 0 0 0 0 0 0 0 0 0 0 0 0 0 0 0 0 0 0 0 0 0 0 0 0 0 0 0 0 0 0 0 0 0 0 0 0 0 0 0 0 0 0 0 0 0 0 0 0 0 0 0 0 0 0 0 0 0 0 0 0 0 0 0 0 0 0 0 1 0 0 0 0 0 0]
[5140480598233212663471356927952713251922371170768083862655159821182210824176903297779528938513957657764566978372510263310257969243023454862610212060616848825889047826964590428645723181139364439051969933386459399006309817923969461900632750822597810886723840056800819662687334685210145102008871 0 0 0 0 0 0 0 0 0 0 0 0 0 0 0 0 0 0 0 0 0 0 0 0 0 0 0 0 0 0 0 0 0 0 0 0 0 0 0 0 0 0 0 0 0 0 0 0 0 0 0 0 0 0 0 0 0 0 0 0 0 0 0 0 0 0 0 0 0 0 0 0 0 0 0 0 0 0 0 0 0 0 0 0 0 0 0 0 0 0 1 0 0 0 0 0]
[3428557022076283707862393627317601977130640765662020440462667658893541303535556196789533994721614643011687405809576908297199721908274735638226487758632981756806449341471305974264132504170219673156803780546311386551414110202825023045714399784701635892818930578638930507003641221706700013337330 0 0 0 0 0 0 0 0 0 0 0 0 0 0 0 0 0 0 0 0 0 0 0 0 0 0 0 0 0 0 0 0 0 0 0 0 0 0 0 0 0 0 0 0 0 0 0 0 0 0 0 0 0 0 0 0 0 0 0 0 0 0 0 0 0 0 0 0 0 0 0 0 0 0 0 0 0 0 0 0 0 0 0 0 0 0 0 0 0 0 0 1 0 0 0 0]
[3218144538619567522608834326483090160025885740322936828542323860732435832599696550919277087068733081887418634907193868464784018997639680123484391690333249763193846750660243638861588919825114673438156791368318905634797165076086095732491163880571970576988019127709762428056262691720308346011436 0 0 0 0 0 0 0 0 0 0 0 0 0 0 0 0 0 0 0 0 0 0 0 0 0 0 0 0 0 0 0 0 0 0 0 0 0 0 0 0 0 0 0 0 0 0 0 0 0 0 0 0 0 0 0 0 0 0 0 0 0 0 0 0 0 0 0 0 0 0 0 0 0 0 0 0 0 0 0 0 0 0 0 0 0 0 0 0 0 0 0 0 1 0 0 0]
[2973653512155507964166244694917609105378127731574830105618762836201355782023084090582752446413560206895082433623795675190483440566907716538526001478832973669775443439241666306045362665974490371953921511612854054292330025499804306568971534513487234255039850564573027454226201819584206920018582 0 0 0 0 0 0 0 0 0 0 0 0 0 0 0 0 0 0 0 0 0 0 0 0 0 0 0 0 0 0 0 0 0 0 0 0 0 0 0 0 0 0 0 0 0 0 0 0 0 0 0 0 0 0 0 0 0 0 0 0 0 0 0 0 0 0 0 0 0 0 0 0 0 0 0 0 0 0 0 0 0 0 0 0 0 0 0 0 0 0 0 0 0 1 0 0]
[921812981787730221944192204890068517116955804210387206001445914720865238061157083115862030278887199761347607273402061045784245197461816293813260154468616216313125730342512512187804506686558082455786350258734196952902314150746634764582277146077852474163076391787358673445160700409367115850712 0 0 0 0 0 0 0 0 0 0 0 0 0 0 0 0 0 0 0 0 0 0 0 0 0 0 0 0 0 0 0 0 0 0 0 0 0 0 0 0 0 0 0 0 0 0 0 0 0 0 0 0 0 0 0 0 0 0 0 0 0 0 0 0 0 0 0 0 0 0 0 0 0 0 0 0 0 0 0 0 0 0 0 0 0 0 0 0 0 0 0 0 0 0 1 0]
[4264413639814809231777106673959727317847319516744632892124121834117240426094300996095639496144418607300010713226849041988647564545204976569355844739103002252120490135800225194085777632470513374078007705683030456231219926594687074700231165631796335879620384623052554953063942476994147750013802 0 0 0 0 0 0 0 0 0 0 0 0 0 0 0 0 0 0 0 0 0 0 0 0 0 0 0 0 0 0 0 0 0 0 0 0 0 0 0 0 0 0 0 0 0 0 0 0 0 0 0 0 0 0 0 0 0 0 0 0 0 0 0 0 0 0 0 0 0 0 0 0 0 0 0 0 0 0 0 0 0 0 0 0 0 0 0 0 0 0 0 0 0 0 0 1]
]
