[[12646203580279886925783823005923048777849866164352367287559889988559326869081496674718824769183601516135246311864342668454031500106811032166903296149976364564294913105553426181154210139176819003723234647375814952288733849904682902910562368355693989232822394297414317605789921115299418619343543450071913458412287288233177383256376847883304214055351388707553 0 0 0 0 0 0 0 0 0 0 0 0 0 0 0 0 0 0 0 0 0 0 0 0 0 0 0 0 0 0 0 0 0 0 0 0 0 0 0 0 0 0 0 0 0 0 0 0 0 0 0 0 0 0 0 0 0 0 0 0 0 0 0 0 0 0 0 0 0 0 0 0 0 0 0 0 0 0 0 0 0 0 0 0 0 0 0 0 0 0 0 0 0 0 0 0 0 0 0 0 0 0 0 0 0 0 0 0 0 0 0 0 0 0 0 0 0]
[1955544071424370897311752067926711846598409877866792961694281151636881693216696424517635726205854198013495632895512554286844134511903129944403877897015005795729089508702654986818238793228122265908809953873408023314193155533935820932181287880439455751197876772688392700721294810601914078468082454351936624360036094831338781042099186478177086287644345471737 1 0 0 0 0 0 0 0 0 0 0 0 0 0 0 0 0 0 0 0 0 0 0 0 0 0 0 0 0 0 0 0 0 0 0 0 0 0 0 0 0 0 0 0 0 0 0 0 0 0 0 0 0 0 0 0 0 0 0 0 0 0 0 0 0 0 0 0 0 0 0 0 0 0 0 0 0 0 0 0 0 0 0 0 0 0 0 0 0 0 0 0 0 0 0 0 0 0 0 0 0 0 0 0 0 0 0 0 0 0 0 0 0 0 0 0 0]
[5255788319538809339549662942927158608743111612398140711716738182453982878406882076867146021050170425927519111027941714551396775628519904440416742088879111263910808190555206106150375888644067664146457358124380250619559369565814290756180769303023824506744371142218534842386545521625144013761507805594746081797366660472283436658242565992138998446670762029608 0 1 0 0 0 0 0 0 0 0 0 0 0 0 0 0 0 0 0 0 0 0 0 0 0 0 0 0 0 0 0 0 0 0 0 0 0 0 0 0 0 0 0 0 0 0 0 0 0 0 0 0 0 0 0 0 0 0 0 0 0 0 0 0 0 0 0 0 0 0 0 0 0 0 0 0 0 0 0 0 0 0 0 0 0 0 0 0 0 0 0 0 0 0 0 0 0 0 0 0 0 0 0 0 0 0 0 0 0 0 0 0 0 0 0 0 0]
[4678489892745380745775721651241660234538577723838344846653897990726428689869008752105867136095081092188042060627499241808291396249683004367173338550792179983850036364965547074002852597640737118399153104649921427888086864816135106741802043268042041134583698255987285713313132896369409306604630082222549750054375986330265378705401975768730348814712041026867 0 0 1 0 0 0 0 0 0 0 0 0 0 0 0 0 0 0 0 0 0 0 0 0 0 0 0 0 0 0 0 0 0 0 0 0 0 0 0 0 0 0 0 0 0 0 0 0 0 0 0 0 0 0 0 0 0 0 0 0 0 0 0 0 0 0 0 0 0 0 0 0 0 0 0 0 0 0 0 0 0 0 0 0 0 0 0 0 0 0 0 0 0 0 0 0 0 0 0 0 0 0 0 0 0 0 0 0 0 0 0 0 0 0 0 0 0]
[2081565906158832020268926747849224650087043690650565742050611782499153544624107495112614674903742782325777713830445051977082811857855942465688923784942062732723609541092579444974034697126288728455432167089571122579172737285153408352980343966568124416325447316064889390250342504331213563391741333298178782280386173694095940984011215219216437106016834493470 0 0 0 1 0 0 0 0 0 0 0 0 0 0 0 0 0 0 0 0 0 0 0 0 0 0 0 0 0 0 0 0 0 0 0 0 0 0 0 0 0 0 0 0 0 0 0 0 0 0 0 0 0 0 0 0 0 0 0 0 0 0 0 0 0 0 0 0 0 0 0 0 0 0 0 0 0 0 0 0 0 0 0 0 0 0 0 0 0 0 0 0 0 0 0 0 0 0 0 0 0 0 0 0 0 0 0 0 0 0 0 0 0 0 0 0 0]
[5977404687171915269398316398022950120647298152620011490197596405574005303401481615158231254206122985133288478563934096690027350418693949678805852862863042030699473853451990947580379071892520215028462268684682378508933591252749136499763603664285251203334961261882388785191100876553754891667784130746950090799641038015309036625097420886881859067420328386399 0 0 0 0 1 0 0 0 0 0 0 0 0 0 0 0 0 0 0 0 0 0 0 0 0 0 0 0 0 0 0 0 0 0 0 0 0 0 0 0 0 0 0 0 0 0 0 0 0 0 0 0 0 0 0 0 0 0 0 0 0 0 0 0 0 0 0 0 0 0 0 0 0 0 0 0 0 0 0 0 0 0 0 0 0 0 0 0 0 0 0 0 0 0 0 0 0 0 0 0 0 0 0 0 0 0 0 0 0 0 0 0 0 0 0 0 0]
[2955232016824024616369605440900189298245810560580822325433874511731026872624006247480253268304104329266825098221417316404989658377452282439590822104414249497564811117761192650743278618798025665967091560574644968076651809880917753944397457294408502156303374834430199131854525906220560907707346332678273119205705222647022548095183697506533528207300785317011 0 0 0 0 0 1 0 0 0 0 0 0 0 0 0 0 0 0 0 0 0 0 0 0 0 0 0 0 0 0 0 0 0 0 0 0 0 0 0 0 0 0 0 0 0 0 0 0 0 0 0 0 0 0 0 0 0 0 0 0 0 0 0 0 0 0 0 0 0 0 0 0 0 0 0 0 0 0 0 0 0 0 0 0 0 0 0 0 0 0 0 0 0 0 0 0 0 0 0 0 0 0 0 0 0 0 0 0 0 0 0 0 0 0 0 0 0]
[627354817607508837272242236369021841684283827466267483782014879399939385122089527328587837526937525882708891704380718470076888716942159241302695692379827076600046698274943051648051634598574879163217334148642776640885163896673068272009388145433217003121134055217960253831086269602838665959472357679923502636676369148139811771333978983498033453721283758091 0 0 0 0 0 0 1 0 0 0 0 0 0 0 0 0 0 0 0 0 0 0 0 0 0 0 0 0 0 0 0 0 0 0 0 0 0 0 0 0 0 0 0 0 0 0 0 0 0 0 0 0 0 0 0 0 0 0 0 0 0 0 0 0 0 0 0 0 0 0 0 0 0 0 0 0 0 0 0 0 0 0 0 0 0 0 0 0 0 0 0 0 0 0 0 0 0 0 0 0 0 0 0 0 0 0 0 0 0 0 0 0 0 0 0 0 0]
[6802066694767564791493965827186577602353412172095237527148371398175076995337834337211389712926340888939948689205525076211746997579751228229453223396420466764893772391337657250865338885456466306699718806250106909347553765748706406502011116862012192545795390774151383161355502213034805283126084965242053318110706568968905591060664569662239907562115617661047 0 0 0 0 0 0 0 1 0 0 0 0 0 0 0 0 0 0 0 0 0 0 0 0 0 0 0 0 0 0 0 0 0 0 0 0 0 0 0 0 0 0 0 0 0 0 0 0 0 0 0 0 0 0 0 0 0 0 0 0 0 0 0 0 0 0 0 0 0 0 0 0 0 0 0 0 0 0 0 0 0 0 0 0 0 0 0 0 0 0 0 0 0 0 0 0 0 0 0 0 0 0 0 0 0 0 0 0 0 0 0 0 0 0 0 0 0]
[4446987097106815398107415622230135900782824150886534968252748893544178611941153817637899183786199683383134800249146096814931482247266026409669005112021769138563235938075052516761812911360751590662982925028464816390134539335627065566527356931948599174517791282704971306133480719647641060307665714338232929071242230533309094881225722660539810146180632309464 0 0 0 0 0 0 0 0 1 0 0 0 0 0 0 0 0 0 0 0 0 0 0 0 0 0 0 0 0 0 0 0 0 0 0 0 0 0 0 0 0 0 0 0 0 0 0 0 0 0 0 0 0 0 0 0 0 0 0 0 0 0 0 0 0 0 0 0 0 0 0 0 0 0 0 0 0 0 0 0 0 0 0 0 0 0 0 0 0 0 0 0 0 0 0 0 0 0 0 0 0 0 0 0 0 0 0 0 0 0 0 0 0 0 0 0 0]
[4574928095003155307393485839325201529343063103902576914121153200376819974010521917495982343340583339648547428671349802441308235552197812431756460619212063793760130849318996770251604582561032800712793459340487812669870266370111381704983323718027100381596394749461437378249475953897312241239480429553288240003671170775695819436934662920045853757253874011074 0 0 0 0 0 0 0 0 0 1 0 0 0 0 0 0 0 0 0 0 0 0 0 0 0 0 0 0 0 0 0 0 0 0 0 0 0 0 0 0 0 0 0 0 0 0 0 0 0 0 0 0 0 0 0 0 0 0 0 0 0 0 0 0 0 0 0 0 0 0 0 0 0 0 0 0 0 0 0 0 0 0 0 0 0 0 0 0 0 0 0 0 0 0 0 0 0 0 0 0 0 0 0 0 0 0 0 0 0 0 0 0 0 0 0 0 0]
[11010325983099237894997644047794550973140926858760545073315881209124782579475259015385591746275829294273385954688699907791472864261512992857919264414767250252263566485662827710360529484010145905141648570378575906795929309219012207894011338315541524687847995721832799504956103636985499382626336554639913114299227030655907585265549587093944256585837739557657 0 0 0 0 0 0 0 0 0 0 1 0 0 0 0 0 0 0 0 0 0 0 0 0 0 0 0 0 0 0 0 0 0 0 0 0 0 0 0 0 0 0 0 0 0 0 0 0 0 0 0 0 0 0 0 0 0 0 0 0 0 0 0 0 0 0 0 0 0 0 0 0 0 0 0 0 0 0 0 0 0 0 0 0 0 0 0 0 0 0 0 0 0 0 0 0 0 0 0 0 0 0 0 0 0 0 0 0 0 0 0 0 0 0 0 0 0]
[5692141136220865338020485018315249379540799578382801121855996736103236764379604784886675213732014888814947114633563803521407343343101018898286349436307968678564606969314403287438521133764432578112002478593771985796432208815185586923746422132856269498925596333089878717495164171530427622065974699797827338323273908014858058890621955671559744132286818877409 0 0 0 0 0 0 0 0 0 0 0 1 0 0 0 0 0 0 0 0 0 0 0 0 0 0 0 0 0 0 0 0 0 0 0 0 0 0 0 0 0 0 0 0 0 0 0 0 0 0 0 0 0 0 0 0 0 0 0 0 0 0 0 0 0 0 0 0 0 0 0 0 0 0 0 0 0 0 0 0 0 0 0 0 0 0 0 0 0 0 0 0 0 0 0 0 0 0 0 0 0 0 0 0 0 0 0 0 0 0 0 0 0 0 0 0 0]
[8017868807178182505809590400986622898022843764693794714446773532776718892623429026712301419490212390296003927622135976716315847079118150502010429765642280053184204720703527368929777410785295449044378646034614238183740878146932884914672541783134046220457835455742038430420147973684482146897855571607174703679664254160884951586961505178704196225715295267048 0 0 0 0 0 0 0 0 0 0 0 0 1 0 0 0 0 0 0 0 0 0 0 0 0 0 0 0 0 0 0 0 0 0 0 0 0 0 0 0 0 0 0 0 0 0 0 0 0 0 0 0 0 0 0 0 0 0 0 0 0 0 0 0 0 0 0 0 0 0 0 0 0 0 0 0 0 0 0 0 0 0 0 0 0 0 0 0 0 0 0 0 0 0 0 0 0 0 0 0 0 0 0 0 0 0 0 0 0 0 0 0 0 0 0 0 0]
[6916564859599476725100173552527511784033031722313982820406501073743072558766658138735476306427775631486588141074918590165779501328772475523992278555836819462848108763852143042596303370296442200262151128103157957901451513584926687569409858561992746368047129779789045239574214318310546704718534096522546315701226331648850773965280919515471315570349295765243 0 0 0 0 0 0 0 0 0 0 0 0 0 1 0 0 0 0 0 0 0 0 0 0 0 0 0 0 0 0 0 0 0 0 0 0 0 0 0 0 0 0 0 0 0 0 0 0 0 0 0 0 0 0 0 0 0 0 0 0 0 0 0 0 0 0 0 0 0 0 0 0 0 0 0 0 0 0 0 0 0 0 0 0 0 0 0 0 0 0 0 0 0 0 0 0 0 0 0 0 0 0 0 0 0 0 0 0 0 0 0 0 0 0 0 0 0]
[1915955052370371043513923419575934546415590706551769036352832468143425242787323667227264084185724718913160244340174169947898386571584928707734582262873534294784404836848947576151388110303021618072663653227237840045651192637788472144369415260387650295940869627265112632140842120534171117122368879994491712731049138247195871916529941149030821631058783766429 0 0 0 0 0 0 0 0 0 0 0 0 0 0 1 0 0 0 0 0 0 0 0 0 0 0 0 0 0 0 0 0 0 0 0 0 0 0 0 0 0 0 0 0 0 0 0 0 0 0 0 0 0 0 0 0 0 0 0 0 0 0 0 0 0 0 0 0 0 0 0 0 0 0 0 0 0 0 0 0 0 0 0 0 0 0 0 0 0 0 0 0 0 0 0 0 0 0 0 0 0 0 0 0 0 0 0 0 0 0 0 0 0 0 0 0 0]
[12356721353668578712815016983947419118249260113367450222961263670946938465784549684348072207469921452719753182942774673375073737746157702102163697845615358846189170564779995481731440724879094895591606525145728985302071117482498404437868139090190954659748787307628766451406029767389701544410641472973169062923714051910570358600548992584156582083528262859869 0 0 0 0 0 0 0 0 0 0 0 0 0 0 0 1 0 0 0 0 0 0 0 0 0 0 0 0 0 0 0 0 0 0 0 0 0 0 0 0 0 0 0 0 0 0 0 0 0 0 0 0 0 0 0 0 0 0 0 0 0 0 0 0 0 0 0 0 0 0 0 0 0 0 0 0 0 0 0 0 0 0 0 0 0 0 0 0 0 0 0 0 0 0 0 0 0 0 0 0 0 0 0 0 0 0 0 0 0 0 0 0 0 0 0 0 0]
[3118982437242232210394706220321368521897866246809798013249237987057222680913182564520872120069994460323085696054330839527657495844782502005382204148275021177782969703671084797390019075570161314027661410835970980117384104345188085020852178590086995427559284652827970629513635756084036404306597632398095364456815402427348388078747321081894559118835204790021 0 0 0 0 0 0 0 0 0 0 0 0 0 0 0 0 1 0 0 0 0 0 0 0 0 0 0 0 0 0 0 0 0 0 0 0 0 0 0 0 0 0 0 0 0 0 0 0 0 0 0 0 0 0 0 0 0 0 0 0 0 0 0 0 0 0 0 0 0 0 0 0 0 0 0 0 0 0 0 0 0 0 0 0 0 0 0 0 0 0 0 0 0 0 0 0 0 0 0 0 0 0 0 0 0 0 0 0 0 0 0 0 0 0 0 0 0]
[10894729227586149019534064235464478654862650159175835258472716851739268630899167614458556543487000090770875623321679342123154162831412269952786554450612692823872009604094749610480306802405337753427998480703635484246353121999995167237978891686949167842780182792090897785490931807026302018229126637899966685884701387052275037188955819504308355802366118173170 0 0 0 0 0 0 0 0 0 0 0 0 0 0 0 0 0 1 0 0 0 0 0 0 0 0 0 0 0 0 0 0 0 0 0 0 0 0 0 0 0 0 0 0 0 0 0 0 0 0 0 0 0 0 0 0 0 0 0 0 0 0 0 0 0 0 0 0 0 0 0 0 0 0 0 0 0 0 0 0 0 0 0 0 0 0 0 0 0 0 0 0 0 0 0 0 0 0 0 0 0 0 0 0 0 0 0 0 0 0 0 0 0 0 0 0 0]
[12315539821687199668945634414694069386840491016319233482325131168898615169970818127613426437869418102258697672565513918024356992394422182800149057011948086428580317566917267715175682732537828297004156332036407593011737548938252781704874873410659572847863471732583328868897852284298037124050181409673276277080904962905185955201096729734562873320787273931099 0 0 0 0 0 0 0 0 0 0 0 0 0 0 0 0 0 0 1 0 0 0 0 0 0 0 0 0 0 0 0 0 0 0 0 0 0 0 0 0 0 0 0 0 0 0 0 0 0 0 0 0 0 0 0 0 0 0 0 0 0 0 0 0 0 0 0 0 0 0 0 0 0 0 0 0 0 0 0 0 0 0 0 0 0 0 0 0 0 0 0 0 0 0 0 0 0 0 0 0 0 0 0 0 0 0 0 0 0 0 0 0 0 0 0 0 0]
[10564834495324805912096133015021542773014562872084082966668502880301684848164868229975303829583686525167822523181139700866068712682838700810711457192889629029733361496123907229189143880853251332033919378795289293099054238739410393384965331527649921519133811555074112815394705307764374008310889332081258852329626824297866971351298978069764922847381764890123 0 0 0 0 0 0 0 0 0 0 0 0 0 0 0 0 0 0 0 1 0 0 0 0 0 0 0 0 0 0 0 0 0 0 0 0 0 0 0 0 0 0 0 0 0 0 0 0 0 0 0 0 0 0 0 0 0 0 0 0 0 0 0 0 0 0 0 0 0 0 0 0 0 0 0 0 0 0 0 0 0 0 0 0 0 0 0 0 0 0 0 0 0 0 0 0 0 0 0 0 0 0 0 0 0 0 0 0 0 0 0 0 0 0 0 0 0]
[11761554679217086363873868087020886943122380734912439373266323798691148101470060659336521595234850665626041301182065377171478357528897737916283712349160525836546947731198574208191026029445261812280301236093943175536122914589293374537156115129151239021248048390987446593906232720800011952885413408879467173342972025950515344604222789217286350626962070875486 0 0 0 0 0 0 0 0 0 0 0 0 0 0 0 0 0 0 0 0 1 0 0 0 0 0 0 0 0 0 0 0 0 0 0 0 0 0 0 0 0 0 0 0 0 0 0 0 0 0 0 0 0 0 0 0 0 0 0 0 0 0 0 0 0 0 0 0 0 0 0 0 0 0 0 0 0 0 0 0 0 0 0 0 0 0 0 0 0 0 0 0 0 0 0 0 0 0 0 0 0 0 0 0 0 0 0 0 0 0 0 0 0 0 0 0 0]
[8240518704413244887453360515601815081444997562078127342028804292672337686145204621542973577846744541232316030819400418055776509247468152022548998950315900604193367399685438574721029037639696372327679438585558216739440128849932120254582157349516779216187966463420431571648358341761256112989787840501070749545020316599296920763080170476297695930171805472574 0 0 0 0 0 0 0 0 0 0 0 0 0 0 0 0 0 0 0 0 0 1 0 0 0 0 0 0 0 0 0 0 0 0 0 0 0 0 0 0 0 0 0 0 0 0 0 0 0 0 0 0 0 0 0 0 0 0 0 0 0 0 0 0 0 0 0 0 0 0 0 0 0 0 0 0 0 0 0 0 0 0 0 0 0 0 0 0 0 0 0 0 0 0 0 0 0 0 0 0 0 0 0 0 0 0 0 0 0 0 0 0 0 0 0 0 0]
[6911114783920607511161611986989950273686531671567615893288591726750026281027745043404828570160148957248980989676799481650273261212712206085946602386191219099431984020341707237944358314884388692852376390398741841322578980197616883045293006031037843352821733184026094787992973485217710531784949576067537637585397451613652095077103752334621344953080803293075 0 0 0 0 0 0 0 0 0 0 0 0 0 0 0 0 0 0 0 0 0 0 1 0 0 0 0 0 0 0 0 0 0 0 0 0 0 0 0 0 0 0 0 0 0 0 0 0 0 0 0 0 0 0 0 0 0 0 0 0 0 0 0 0 0 0 0 0 0 0 0 0 0 0 0 0 0 0 0 0 0 0 0 0 0 0 0 0 0 0 0 0 0 0 0 0 0 0 0 0 0 0 0 0 0 0 0 0 0 0 0 0 0 0 0 0 0]
[5739862759806735391609461890195626382110300708409972451038069459306556989866344086424007046391962453324653462019304124491757602396382903775478637326108798481765274755107476462732503634772299162376736989354666418205495048391457371817495401259256375967006361876876346570587470645613669962739612194248365666480004774161315229654153862233996161536226548776375 0 0 0 0 0 0 0 0 0 0 0 0 0 0 0 0 0 0 0 0 0 0 0 1 0 0 0 0 0 0 0 0 0 0 0 0 0 0 0 0 0 0 0 0 0 0 0 0 0 0 0 0 0 0 0 0 0 0 0 0 0 0 0 0 0 0 0 0 0 0 0 0 0 0 0 0 0 0 0 0 0 0 0 0 0 0 0 0 0 0 0 0 0 0 0 0 0 0 0 0 0 0 0 0 0 0 0 0 0 0 0 0 0 0 0 0 0]
[12341163853897909248741396531465411227133014911825779901540299310094931046095033048683347231310771813708660264242573709337253015352897581269947878671465769217927213797854181078658929460676407474028064642662581461281192533704044010433862715077471196576007538329874027542730517173952178854097804956651075107143312707154147595397363232397499342918075310796736 0 0 0 0 0 0 0 0 0 0 0 0 0 0 0 0 0 0 0 0 0 0 0 0 1 0 0 0 0 0 0 0 0 0 0 0 0 0 0 0 0 0 0 0 0 0 0 0 0 0 0 0 0 0 0 0 0 0 0 0 0 0 0 0 0 0 0 0 0 0 0 0 0 0 0 0 0 0 0 0 0 0 0 0 0 0 0 0 0 0 0 0 0 0 0 0 0 0 0 0 0 0 0 0 0 0 0 0 0 0 0 0 0 0 0 0 0]
[6477198642889509307621257266490202764256923258570003278096865427119148292106818304877073315041394587742343256332678426371983958874539045619977233959147948312947858111329208560893070359769602823244162917856031628368265018384426224337176212640219679323209142363346165924785458362099828665389642519842235005673681007376419641362431941237177522874411812457498 0 0 0 0 0 0 0 0 0 0 0 0 0 0 0 0 0 0 0 0 0 0 0 0 0 1 0 0 0 0 0 0 0 0 0 0 0 0 0 0 0 0 0 0 0 0 0 0 0 0 0 0 0 0 0 0 0 0 0 0 0 0 0 0 0 0 0 0 0 0 0 0 0 0 0 0 0 0 0 0 0 0 0 0 0 0 0 0 0 0 0 0 0 0 0 0 0 0 0 0 0 0 0 0 0 0 0 0 0 0 0 0 0 0 0 0 0]
[6492698690775982044725330827913701962254893369226401786076349508465666936561293874409528921062131644976418753700236360145760366027056291668011939418254753458195106066667693215415142117244226676998123537206242394744280020420021398048783966092461820052620168925886941082522528038314538886702359628372700522554291084164621929401494863425478220040443752342678 0 0 0 0 0 0 0 0 0 0 0 0 0 0 0 0 0 0 0 0 0 0 0 0 0 0 1 0 0 0 0 0 0 0 0 0 0 0 0 0 0 0 0 0 0 0 0 0 0 0 0 0 0 0 0 0 0 0 0 0 0 0 0 0 0 0 0 0 0 0 0 0 0 0 0 0 0 0 0 0 0 0 0 0 0 0 0 0 0 0 0 0 0 0 0 0 0 0 0 0 0 0 0 0 0 0 0 0 0 0 0 0 0 0 0 0 0]
[8321645164117297921528426390542116828407344001814893913253851851329231883992496508999279322755142505964585102525672461692789234822485449110099733683652828278129640832065225170551946616390199928341116105329591278295251666252548541689764084280930686706315027998673877217588449320818566282253673499813549538950509397391675263777152762355860557594221113362053 0 0 0 0 0 0 0 0 0 0 0 0 0 0 0 0 0 0 0 0 0 0 0 0 0 0 0 1 0 0 0 0 0 0 0 0 0 0 0 0 0 0 0 0 0 0 0 0 0 0 0 0 0 0 0 0 0 0 0 0 0 0 0 0 0 0 0 0 0 0 0 0 0 0 0 0 0 0 0 0 0 0 0 0 0 0 0 0 0 0 0 0 0 0 0 0 0 0 0 0 0 0 0 0 0 0 0 0 0 0 0 0 0 0 0 0 0]
[8061907556179015923732401165427183305165540023937385360180849766694987363981606633338416345587476517239015268900491893115509875057967858213904181848485544540099992935859783392410601944611839136114051398554992111504446904337144270903286771441697348677741956338740710674156023937796280481070683552019497525297517395406628032585801177630149126243947398316054 0 0 0 0 0 0 0 0 0 0 0 0 0 0 0 0 0 0 0 0 0 0 0 0 0 0 0 0 1 0 0 0 0 0 0 0 0 0 0 0 0 0 0 0 0 0 0 0 0 0 0 0 0 0 0 0 0 0 0 0 0 0 0 0 0 0 0 0 0 0 0 0 0 0 0 0 0 0 0 0 0 0 0 0 0 0 0 0 0 0 0 0 0 0 0 0 0 0 0 0 0 0 0 0 0 0 0 0 0 0 0 0 0 0 0 0 0]
[3129657465369673655941335968933240106032373982388777519100815905734719740403609947181208460725580664699482048170464543587634143811757267556756507108338725497108388850848567012647516747693297747817579255636423341383346208089046236939244932003106168799185049520720268542423255640334025674050102195328095968741276355466592688249686614168457414220893096612853 0 0 0 0 0 0 0 0 0 0 0 0 0 0 0 0 0 0 0 0 0 0 0 0 0 0 0 0 0 1 0 0 0 0 0 0 0 0 0 0 0 0 0 0 0 0 0 0 0 0 0 0 0 0 0 0 0 0 0 0 0 0 0 0 0 0 0 0 0 0 0 0 0 0 0 0 0 0 0 0 0 0 0 0 0 0 0 0 0 0 0 0 0 0 0 0 0 0 0 0 0 0 0 0 0 0 0 0 0 0 0 0 0 0 0 0 0]
[9564252213886670887934951453024776147749015156302139745139832657478251154098618704034250466464641240112503912944500320530049594350480490481142354088964839069474829660471309077251085556692489594110666274564179888011762793270321366440634545106610005112901914108145459710064712112366742780872695360373634990402345511083958054608411275348735138767115720410790 0 0 0 0 0 0 0 0 0 0 0 0 0 0 0 0 0 0 0 0 0 0 0 0 0 0 0 0 0 0 1 0 0 0 0 0 0 0 0 0 0 0 0 0 0 0 0 0 0 0 0 0 0 0 0 0 0 0 0 0 0 0 0 0 0 0 0 0 0 0 0 0 0 0 0 0 0 0 0 0 0 0 0 0 0 0 0 0 0 0 0 0 0 0 0 0 0 0 0 0 0 0 0 0 0 0 0 0 0 0 0 0 0 0 0 0 0]
[8045992176917356155611040180315788978504252922510390939253377000645707370254491197588682480294159675472908520467828419142742316524211623817367774621884460338444050040226280586603076176012051047057993992141072759467410475718362358218793203723263525320642585079379759418366372912071494477259850298996949713134081980115797859126574151669190573682793655722830 0 0 0 0 0 0 0 0 0 0 0 0 0 0 0 0 0 0 0 0 0 0 0 0 0 0 0 0 0 0 0 1 0 0 0 0 0 0 0 0 0 0 0 0 0 0 0 0 0 0 0 0 0 0 0 0 0 0 0 0 0 0 0 0 0 0 0 0 0 0 0 0 0 0 0 0 0 0 0 0 0 0 0 0 0 0 0 0 0 0 0 0 0 0 0 0 0 0 0 0 0 0 0 0 0 0 0 0 0 0 0 0 0 0 0 0 0]
[11948381645740709158072835622874544309072287923611612314636322573564917907958490925046482628197688116025471844424558806958997768747889013358906542211305757416313307085423781903084985795341087743076593128256900410902701266350763834452502526377718675962085957285722688520773781817367304357532094957812270259912103390435962147913870264440766868213790281093827 0 0 0 0 0 0 0 0 0 0 0 0 0 0 0 0 0 0 0 0 0 0 0 0 0 0 0 0 0 0 0 0 1 0 0 0 0 0 0 0 0 0 0 0 0 0 0 0 0 0 0 0 0 0 0 0 0 0 0 0 0 0 0 0 0 0 0 0 0 0 0 0 0 0 0 0 0 0 0 0 0 0 0 0 0 0 0 0 0 0 0 0 0 0 0 0 0 0 0 0 0 0 0 0 0 0 0 0 0 0 0 0 0 0 0 0 0]
[6023933502076417938663159928279703883565775062843522736867223966109634163952351775106900586414318210655852451206111789138834278182898432203532810543780915494417384214976978491731539638712051347623183332839083732233421596562003869252828114208171537126211090054926868777673164215097830689947466843848635111538359145670008269495726410505683826618537430048746 0 0 0 0 0 0 0 0 0 0 0 0 0 0 0 0 0 0 0 0 0 0 0 0 0 0 0 0 0 0 0 0 0 1 0 0 0 0 0 0 0 0 0 0 0 0 0 0 0 0 0 0 0 0 0 0 0 0 0 0 0 0 0 0 0 0 0 0 0 0 0 0 0 0 0 0 0 0 0 0 0 0 0 0 0 0 0 0 0 0 0 0 0 0 0 0 0 0 0 0 0 0 0 0 0 0 0 0 0 0 0 0 0 0 0 0 0]
[3002460152943514984152731362963519273682912409245266266696407867738324690807304742187854690852046812208269966783566424428537683632661095748288932556749196957096337081858270354903600125755155889323940737471509742840228900059914130815854197316720049591950496831875796105956953644015480368792463474305906326998529651128532038101511500986176557335067928948515 0 0 0 0 0 0 0 0 0 0 0 0 0 0 0 0 0 0 0 0 0 0 0 0 0 0 0 0 0 0 0 0 0 0 1 0 0 0 0 0 0 0 0 0 0 0 0 0 0 0 0 0 0 0 0 0 0 0 0 0 0 0 0 0 0 0 0 0 0 0 0 0 0 0 0 0 0 0 0 0 0 0 0 0 0 0 0 0 0 0 0 0 0 0 0 0 0 0 0 0 0 0 0 0 0 0 0 0 0 0 0 0 0 0 0 0 0]
[5949248355242644338691152096368183639037648282397792672007407201125131742565864926004891774096170504775305411350039009360579344031594163257696523555319701560806422305478755896714455224120904209090418953116884228283176805707909649652623138687069070283488919472581553599673461206429684017232638100801504677085414057612494185189061971880406401837101009558472 0 0 0 0 0 0 0 0 0 0 0 0 0 0 0 0 0 0 0 0 0 0 0 0 0 0 0 0 0 0 0 0 0 0 0 1 0 0 0 0 0 0 0 0 0 0 0 0 0 0 0 0 0 0 0 0 0 0 0 0 0 0 0 0 0 0 0 0 0 0 0 0 0 0 0 0 0 0 0 0 0 0 0 0 0 0 0 0 0 0 0 0 0 0 0 0 0 0 0 0 0 0 0 0 0 0 0 0 0 0 0 0 0 0 0 0 0]
[11941676747577017878960131751930303520210028099089402991345024731799903558414223858007032689881154271103814153541827894040875353496062930558460577119380114000335768295034091837849407488690484346861279232121566170103869817836170361986204036756373272038523368255595533380485727201304593255242332141288710264364443888286130224633188113764447354123083919597328 0 0 0 0 0 0 0 0 0 0 0 0 0 0 0 0 0 0 0 0 0 0 0 0 0 0 0 0 0 0 0 0 0 0 0 0 1 0 0 0 0 0 0 0 0 0 0 0 0 0 0 0 0 0 0 0 0 0 0 0 0 0 0 0 0 0 0 0 0 0 0 0 0 0 0 0 0 0 0 0 0 0 0 0 0 0 0 0 0 0 0 0 0 0 0 0 0 0 0 0 0 0 0 0 0 0 0 0 0 0 0 0 0 0 0 0 0]
[3052379143772376934818981820929966532833280216486927201219692609064053419473366395207406302123781483785617771639002463710686797913065309887845626953108883672250174844016863683126899465708349230664213877272124278864981277460881056466085442997060783845392143992536388672442086998007043185578673771478688245029922906142501553412494602878716043109363660911454 0 0 0 0 0 0 0 0 0 0 0 0 0 0 0 0 0 0 0 0 0 0 0 0 0 0 0 0 0 0 0 0 0 0 0 0 0 1 0 0 0 0 0 0 0 0 0 0 0 0 0 0 0 0 0 0 0 0 0 0 0 0 0 0 0 0 0 0 0 0 0 0 0 0 0 0 0 0 0 0 0 0 0 0 0 0 0 0 0 0 0 0 0 0 0 0 0 0 0 0 0 0 0 0 0 0 0 0 0 0 0 0 0 0 0 0 0]
[10536980449611587465346834449555919772724074728215802575117282152309481105497536666386747700114454641816591649255901269397349191448390145613510212683895462899922402685711216148102832486240246754745549545957659922639946119421450003872992529759229856814720024048546897307385044671682306666333746456294332390863232032574767837685923416829624083672420216350593 0 0 0 0 0 0 0 0 0 0 0 0 0 0 0 0 0 0 0 0 0 0 0 0 0 0 0 0 0 0 0 0 0 0 0 0 0 0 1 0 0 0 0 0 0 0 0 0 0 0 0 0 0 0 0 0 0 0 0 0 0 0 0 0 0 0 0 0 0 0 0 0 0 0 0 0 0 0 0 0 0 0 0 0 0 0 0 0 0 0 0 0 0 0 0 0 0 0 0 0 0 0 0 0 0 0 0 0 0 0 0 0 0 0 0 0 0]
[12478535784504897732010114512094142847312697363870362029777000840942023681212825922096082117817794767251077439741250879109064403345015772466990295953295415640028725440452839892248128135109579888776508948702111056054189638153677569123320503759792878656566258389458023303212272806385447036900866406916101273723530611110425049060682291858546909371147255311850 0 0 0 0 0 0 0 0 0 0 0 0 0 0 0 0 0 0 0 0 0 0 0 0 0 0 0 0 0 0 0 0 0 0 0 0 0 0 0 1 0 0 0 0 0 0 0 0 0 0 0 0 0 0 0 0 0 0 0 0 0 0 0 0 0 0 0 0 0 0 0 0 0 0 0 0 0 0 0 0 0 0 0 0 0 0 0 0 0 0 0 0 0 0 0 0 0 0 0 0 0 0 0 0 0 0 0 0 0 0 0 0 0 0 0 0 0]
[3211680603876214481888857794759801775397754282739795770843048719823784678610501025157664048004297081756011012320866874202539942462113774323869826568760662274849386547076924755652494806135695906136020777750446928633051565423839687510759816436075816658001132936666024401771668976279577411246840649005149502379166546359079144080054634444378893984523978282219 0 0 0 0 0 0 0 0 0 0 0 0 0 0 0 0 0 0 0 0 0 0 0 0 0 0 0 0 0 0 0 0 0 0 0 0 0 0 0 0 1 0 0 0 0 0 0 0 0 0 0 0 0 0 0 0 0 0 0 0 0 0 0 0 0 0 0 0 0 0 0 0 0 0 0 0 0 0 0 0 0 0 0 0 0 0 0 0 0 0 0 0 0 0 0 0 0 0 0 0 0 0 0 0 0 0 0 0 0 0 0 0 0 0 0 0 0]
[2824178261157116350735097344877711041555443792924270443703209295188494804872891736358353457731935816179991689647705259626902684170448599246599030652957137231676139538891158511881582716675398916702987363349775113512205297349580599055600031966874238704571106984684679547572885709927257478895823712998435314507438903583711763881591371018517881049331323826935 0 0 0 0 0 0 0 0 0 0 0 0 0 0 0 0 0 0 0 0 0 0 0 0 0 0 0 0 0 0 0 0 0 0 0 0 0 0 0 0 0 1 0 0 0 0 0 0 0 0 0 0 0 0 0 0 0 0 0 0 0 0 0 0 0 0 0 0 0 0 0 0 0 0 0 0 0 0 0 0 0 0 0 0 0 0 0 0 0 0 0 0 0 0 0 0 0 0 0 0 0 0 0 0 0 0 0 0 0 0 0 0 0 0 0 0 0]
[2401632167417557594237864826445713949039514482611141026050863970682752789647832523524814508655865835352605867489014648093506761593547574446051918059030376623313105948392928176248646459576265565773931255403715273551898880937327170020481678380195181446828403772266220083974309586170044966353849218157489518628677171185476641002682613303540443377498969926565 0 0 0 0 0 0 0 0 0 0 0 0 0 0 0 0 0 0 0 0 0 0 0 0 0 0 0 0 0 0 0 0 0 0 0 0 0 0 0 0 0 0 1 0 0 0 0 0 0 0 0 0 0 0 0 0 0 0 0 0 0 0 0 0 0 0 0 0 0 0 0 0 0 0 0 0 0 0 0 0 0 0 0 0 0 0 0 0 0 0 0 0 0 0 0 0 0 0 0 0 0 0 0 0 0 0 0 0 0 0 0 0 0 0 0 0 0]
[1029113787916406302968170234914438977653692606511133857134948527472387431654952234236618112103388867309513919026947757336960711400912919728116727806887299090580735987096986406861633528580111209729975858933621494375262401007081537898372822536145083295213121918148858088743047227942274168442418854681503023684778287301086364427631644066597783185498653494168 0 0 0 0 0 0 0 0 0 0 0 0 0 0 0 0 0 0 0 0 0 0 0 0 0 0 0 0 0 0 0 0 0 0 0 0 0 0 0 0 0 0 0 1 0 0 0 0 0 0 0 0 0 0 0 0 0 0 0 0 0 0 0 0 0 0 0 0 0 0 0 0 0 0 0 0 0 0 0 0 0 0 0 0 0 0 0 0 0 0 0 0 0 0 0 0 0 0 0 0 0 0 0 0 0 0 0 0 0 0 0 0 0 0 0 0 0]
[2849221561270701077773554321034393138814417425425811896769988751364074128010727552615398624642637809954466447339742394547818173300166181057289477207037203649123320491396160002322005593250829513461669290498123959103867644182546059103142778120720707172693343547989703595458627239083025349294806353192842929315433666202473719316129547801884548324657107642603 0 0 0 0 0 0 0 0 0 0 0 0 0 0 0 0 0 0 0 0 0 0 0 0 0 0 0 0 0 0 0 0 0 0 0 0 0 0 0 0 0 0 0 0 1 0 0 0 0 0 0 0 0 0 0 0 0 0 0 0 0 0 0 0 0 0 0 0 0 0 0 0 0 0 0 0 0 0 0 0 0 0 0 0 0 0 0 0 0 0 0 0 0 0 0 0 0 0 0 0 0 0 0 0 0 0 0 0 0 0 0 0 0 0 0 0 0]
[12127733591124397810251230002220738101213312414214723718692294434658491710735513840736002458615643071125252890380191060356083284846675988974720866516469517568460703258792602461911077590493490119868862733642403076275460850225904528963297510629596665887909921495556851533290196800684092305906476388992279412666376094772055683083311673960696211504281030372866 0 0 0 0 0 0 0 0 0 0 0 0 0 0 0 0 0 0 0 0 0 0 0 0 0 0 0 0 0 0 0 0 0 0 0 0 0 0 0 0 0 0 0 0 0 1 0 0 0 0 0 0 0 0 0 0 0 0 0 0 0 0 0 0 0 0 0 0 0 0 0 0 0 0 0 0 0 0 0 0 0 0 0 0 0 0 0 0 0 0 0 0 0 0 0 0 0 0 0 0 0 0 0 0 0 0 0 0 0 0 0 0 0 0 0 0 0]
[7510170513587743922633650844662028939327603233525778970974982007349773828322155453438027079596818953809012484419914132363692958245117208382975751278528474929868746138000802963083543853810261166313399555808979436371679527759826488997516405925903170662154509375416631361148160077345361276034400058439963327919395334989762254583381563073040881412105948561224 0 0 0 0 0 0 0 0 0 0 0 0 0 0 0 0 0 0 0 0 0 0 0 0 0 0 0 0 0 0 0 0 0 0 0 0 0 0 0 0 0 0 0 0 0 0 1 0 0 0 0 0 0 0 0 0 0 0 0 0 0 0 0 0 0 0 0 0 0 0 0 0 0 0 0 0 0 0 0 0 0 0 0 0 0 0 0 0 0 0 0 0 0 0 0 0 0 0 0 0 0 0 0 0 0 0 0 0 0 0 0 0 0 0 0 0 0]
[6946422235214216437656272637937215767015650683562103794487896338936995048275371110505419176228373653061076925444365342980609873091830048470369492323252933552878654456989137790751798635470205289122102546965806352686751678678645275131099122429554854666116721878941564150869975469988568776005241177074008117134112388132085556891213745374776358367431645183437 0 0 0 0 0 0 0 0 0 0 0 0 0 0 0 0 0 0 0 0 0 0 0 0 0 0 0 0 0 0 0 0 0 0 0 0 0 0 0 0 0 0 0 0 0 0 0 1 0 0 0 0 0 0 0 0 0 0 0 0 0 0 0 0 0 0 0 0 0 0 0 0 0 0 0 0 0 0 0 0 0 0 0 0 0 0 0 0 0 0 0 0 0 0 0 0 0 0 0 0 0 0 0 0 0 0 0 0 0 0 0 0 0 0 0 0 0]
[9178949130670292669404466494227603160999275487206365251587787630337474761774051315662089661561452296936349957584521373397537787018360232589148921896140775256654470517499956919684074446491647867316346141104188492576400637269348004738850465899866033288401556204024237286836416607674538112163304311150260514402560870165316406596179659809335936911744012931325 0 0 0 0 0 0 0 0 0 0 0 0 0 0 0 0 0 0 0 0 0 0 0 0 0 0 0 0 0 0 0 0 0 0 0 0 0 0 0 0 0 0 0 0 0 0 0 0 1 0 0 0 0 0 0 0 0 0 0 0 0 0 0 0 0 0 0 0 0 0 0 0 0 0 0 0 0 0 0 0 0 0 0 0 0 0 0 0 0 0 0 0 0 0 0 0 0 0 0 0 0 0 0 0 0 0 0 0 0 0 0 0 0 0 0 0 0]
[9921300738743307621431642436857521289420306130641919295307151188391149260361135993861758048862721763745350209090909459122093966364236244932285133103078703390468010386975184023356299420774503277298133173386903809175133056291635839989512883791788843101408370929824642996049173027452208933584333422120671046484230476892249109550940919131055370566597653402534 0 0 0 0 0 0 0 0 0 0 0 0 0 0 0 0 0 0 0 0 0 0 0 0 0 0 0 0 0 0 0 0 0 0 0 0 0 0 0 0 0 0 0 0 0 0 0 0 0 1 0 0 0 0 0 0 0 0 0 0 0 0 0 0 0 0 0 0 0 0 0 0 0 0 0 0 0 0 0 0 0 0 0 0 0 0 0 0 0 0 0 0 0 0 0 0 0 0 0 0 0 0 0 0 0 0 0 0 0 0 0 0 0 0 0 0 0]
[9678127908392384617209892687173222396295423680652903920737404392818054003979758245256336546583160371031212799699301195035058763045825057689617165554727132158361130163337873434609514510256537421629907550354905596033467507730892437082262224807894483874051580688785055185245327017351013077334235299019716987372879639913288234844781623568812386394491615293501 0 0 0 0 0 0 0 0 0 0 0 0 0 0 0 0 0 0 0 0 0 0 0 0 0 0 0 0 0 0 0 0 0 0 0 0 0 0 0 0 0 0 0 0 0 0 0 0 0 0 1 0 0 0 0 0 0 0 0 0 0 0 0 0 0 0 0 0 0 0 0 0 0 0 0 0 0 0 0 0 0 0 0 0 0 0 0 0 0 0 0 0 0 0 0 0 0 0 0 0 0 0 0 0 0 0 0 0 0 0 0 0 0 0 0 0 0]
[10862448105375138412088287995338734715136191980516210955360512360586123985387097396612262782491499023882223886642818160141587864836382422712878066543779722066588505372142504515530058813804884145584898125118220041602583099398555582634603553888682122638200804035397971165966746780836801951953240722392019506124366314249381913023932642673611791134642669142490 0 0 0 0 0 0 0 0 0 0 0 0 0 0 0 0 0 0 0 0 0 0 0 0 0 0 0 0 0 0 0 0 0 0 0 0 0 0 0 0 0 0 0 0 0 0 0 0 0 0 0 1 0 0 0 0 0 0 0 0 0 0 0 0 0 0 0 0 0 0 0 0 0 0 0 0 0 0 0 0 0 0 0 0 0 0 0 0 0 0 0 0 0 0 0 0 0 0 0 0 0 0 0 0 0 0 0 0 0 0 0 0 0 0 0 0 0]
[774366929826929928436547638344697036914003363323399171866263228105311128909204826043354567552685446173843013171266224228253702005782277810898805673332930816727973506868359026945021857327373456067730540004934137568550547056247025073149131982210716497935650970639351376363820085786624226717919635501459108979205792970203700337025533204968111097172129070330 0 0 0 0 0 0 0 0 0 0 0 0 0 0 0 0 0 0 0 0 0 0 0 0 0 0 0 0 0 0 0 0 0 0 0 0 0 0 0 0 0 0 0 0 0 0 0 0 0 0 0 0 1 0 0 0 0 0 0 0 0 0 0 0 0 0 0 0 0 0 0 0 0 0 0 0 0 0 0 0 0 0 0 0 0 0 0 0 0 0 0 0 0 0 0 0 0 0 0 0 0 0 0 0 0 0 0 0 0 0 0 0 0 0 0 0 0]
[7513272950507884362645642411177851218140090619363560749901912252430212423132989859027285237335316940236952775485501868961118085460926270894250075087652233358636941092522793798605013751374576819175915739173523981144631629923787468460015416461752926693586458843029987598565993981688186252949002311469372665417135445345305253672481419337526620296546992454703 0 0 0 0 0 0 0 0 0 0 0 0 0 0 0 0 0 0 0 0 0 0 0 0 0 0 0 0 0 0 0 0 0 0 0 0 0 0 0 0 0 0 0 0 0 0 0 0 0 0 0 0 0 1 0 0 0 0 0 0 0 0 0 0 0 0 0 0 0 0 0 0 0 0 0 0 0 0 0 0 0 0 0 0 0 0 0 0 0 0 0 0 0 0 0 0 0 0 0 0 0 0 0 0 0 0 0 0 0 0 0 0 0 0 0 0 0]
[6342801559200154382251678894178347707827149193448460018446287961227676395193042172267264907685597040336014197732633689648587116942436516259251602368424414901800033222761032044850745960658205311296004246233033941556532549650141000633899070431446082736111929085464036009687572763967602005024817900621115873354291744795965275377758678113983743387966018218134 0 0 0 0 0 0 0 0 0 0 0 0 0 0 0 0 0 0 0 0 0 0 0 0 0 0 0 0 0 0 0 0 0 0 0 0 0 0 0 0 0 0 0 0 0 0 0 0 0 0 0 0 0 0 1 0 0 0 0 0 0 0 0 0 0 0 0 0 0 0 0 0 0 0 0 0 0 0 0 0 0 0 0 0 0 0 0 0 0 0 0 0 0 0 0 0 0 0 0 0 0 0 0 0 0 0 0 0 0 0 0 0 0 0 0 0 0]
[629767469474884102691208951938390645410537374060877585814006653148940544322686523241226309942686353406914726351335780051868438166636888648894898285388865062984119536725615781570429371969521872114610050330270326507341575469401819448651061617604976912077526624268412494920177711769901850331758722238828021812306054545358193822401735949202308445599264519665 0 0 0 0 0 0 0 0 0 0 0 0 0 0 0 0 0 0 0 0 0 0 0 0 0 0 0 0 0 0 0 0 0 0 0 0 0 0 0 0 0 0 0 0 0 0 0 0 0 0 0 0 0 0 0 1 0 0 0 0 0 0 0 0 0 0 0 0 0 0 0 0 0 0 0 0 0 0 0 0 0 0 0 0 0 0 0 0 0 0 0 0 0 0 0 0 0 0 0 0 0 0 0 0 0 0 0 0 0 0 0 0 0 0 0 0 0]
[12096761437732943386188298454858664802134257992602197102105170433639018503950626348656571370100527120471391149589952882434289377422813211658186810109181633335439303612115522962607063084636128219590557623966024684564420426281185430836380314430556994637140566752812370365667486330358939010784532023501678442318830859321870330267335760353411750814220134899256 0 0 0 0 0 0 0 0 0 0 0 0 0 0 0 0 0 0 0 0 0 0 0 0 0 0 0 0 0 0 0 0 0 0 0 0 0 0 0 0 0 0 0 0 0 0 0 0 0 0 0 0 0 0 0 0 1 0 0 0 0 0 0 0 0 0 0 0 0 0 0 0 0 0 0 0 0 0 0 0 0 0 0 0 0 0 0 0 0 0 0 0 0 0 0 0 0 0 0 0 0 0 0 0 0 0 0 0 0 0 0 0 0 0 0 0 0]
[961742000905799706367802761845420299666790753451669364634936305129813467730485008354065647652171214951325357680710644243185129528888842232238938864524395902002192239399300807601277173100275424072894406875037023993930932144135790717329082066336204245204067013065555297394566569942644574658147520231586367476912338488500205321325594285891591759457266175952 0 0 0 0 0 0 0 0 0 0 0 0 0 0 0 0 0 0 0 0 0 0 0 0 0 0 0 0 0 0 0 0 0 0 0 0 0 0 0 0 0 0 0 0 0 0 0 0 0 0 0 0 0 0 0 0 0 1 0 0 0 0 0 0 0 0 0 0 0 0 0 0 0 0 0 0 0 0 0 0 0 0 0 0 0 0 0 0 0 0 0 0 0 0 0 0 0 0 0 0 0 0 0 0 0 0 0 0 0 0 0 0 0 0 0 0 0]
[8963140376808260659519415902732307410591950226242573473834751892703915238929950056757092423655744636952468634580637294691587127112224392091140707916914764768599833007558747504295166746086782602828798444572207905347784551645072592132915525978749557315370465001101205579902907817143594240838638526982781199995238001387777348136989824491506616024574763320753 0 0 0 0 0 0 0 0 0 0 0 0 0 0 0 0 0 0 0 0 0 0 0 0 0 0 0 0 0 0 0 0 0 0 0 0 0 0 0 0 0 0 0 0 0 0 0 0 0 0 0 0 0 0 0 0 0 0 1 0 0 0 0 0 0 0 0 0 0 0 0 0 0 0 0 0 0 0 0 0 0 0 0 0 0 0 0 0 0 0 0 0 0 0 0 0 0 0 0 0 0 0 0 0 0 0 0 0 0 0 0 0 0 0 0 0 0]
[7778248814519774425054229576760175357188042142599361588776906664426292549265102641863961779169910076245238528862460934355663026524945979550033381267871159520995528105724025341653934346465870175632842442829698509406615008800772313666130942879059286733549466560339543718278829893995732436690966410902482103465419547362521311181587902363005584462993570438803 0 0 0 0 0 0 0 0 0 0 0 0 0 0 0 0 0 0 0 0 0 0 0 0 0 0 0 0 0 0 0 0 0 0 0 0 0 0 0 0 0 0 0 0 0 0 0 0 0 0 0 0 0 0 0 0 0 0 0 1 0 0 0 0 0 0 0 0 0 0 0 0 0 0 0 0 0 0 0 0 0 0 0 0 0 0 0 0 0 0 0 0 0 0 0 0 0 0 0 0 0 0 0 0 0 0 0 0 0 0 0 0 0 0 0 0 0]
[3822700247617188276980878592361269529985226011657214011838118642199191149823513986357479027483717153277362685243590302699023520162051649334618701389845296245125193698579586214667933435719822119450722806567726645640507493633882895176069690437706248296273754230503206576265828298496749942261315426189456870000847666979675772869080030773113272252288758347322 0 0 0 0 0 0 0 0 0 0 0 0 0 0 0 0 0 0 0 0 0 0 0 0 0 0 0 0 0 0 0 0 0 0 0 0 0 0 0 0 0 0 0 0 0 0 0 0 0 0 0 0 0 0 0 0 0 0 0 0 1 0 0 0 0 0 0 0 0 0 0 0 0 0 0 0 0 0 0 0 0 0 0 0 0 0 0 0 0 0 0 0 0 0 0 0 0 0 0 0 0 0 0 0 0 0 0 0 0 0 0 0 0 0 0 0 0]
[8623961106346569491634920555689205823314600720638081421062317021029025573537478298425916513386096671913200288655813288378282710973361044111885082016245880837538891291784132214947305042135963427077551975937159536244614838920545201079536671083545077380198953059033964499123066971620885485234784239991393248416632013177099394022623759561967343506927001854149 0 0 0 0 0 0 0 0 0 0 0 0 0 0 0 0 0 0 0 0 0 0 0 0 0 0 0 0 0 0 0 0 0 0 0 0 0 0 0 0 0 0 0 0 0 0 0 0 0 0 0 0 0 0 0 0 0 0 0 0 0 1 0 0 0 0 0 0 0 0 0 0 0 0 0 0 0 0 0 0 0 0 0 0 0 0 0 0 0 0 0 0 0 0 0 0 0 0 0 0 0 0 0 0 0 0 0 0 0 0 0 0 0 0 0 0 0]
[4084102005300427401796637876045432547154011750464481878275763709942109622146915537133164811785730129149058486568174871484354127777899123077804770150980981410932264927570011682594450936387131164468755705342069599242130826880362974715645962469101610054014661716688615430324954622807141317262558232246751497972732681871716402972781393510864243881147709406557 0 0 0 0 0 0 0 0 0 0 0 0 0 0 0 0 0 0 0 0 0 0 0 0 0 0 0 0 0 0 0 0 0 0 0 0 0 0 0 0 0 0 0 0 0 0 0 0 0 0 0 0 0 0 0 0 0 0 0 0 0 0 1 0 0 0 0 0 0 0 0 0 0 0 0 0 0 0 0 0 0 0 0 0 0 0 0 0 0 0 0 0 0 0 0 0 0 0 0 0 0 0 0 0 0 0 0 0 0 0 0 0 0 0 0 0 0]
[11949547076656362819983963389198848545724744068857013461618479489080744367770517937528269837278387145803508248452919285015825325549957570104604884355612407555934215935896589773557912054257031053787708686712827186750476555523217568064630660799567055751047342865985613554129979578814257045139405464469959671029568225697186423212714165503220164710882581793425 0 0 0 0 0 0 0 0 0 0 0 0 0 0 0 0 0 0 0 0 0 0 0 0 0 0 0 0 0 0 0 0 0 0 0 0 0 0 0 0 0 0 0 0 0 0 0 0 0 0 0 0 0 0 0 0 0 0 0 0 0 0 0 1 0 0 0 0 0 0 0 0 0 0 0 0 0 0 0 0 0 0 0 0 0 0 0 0 0 0 0 0 0 0 0 0 0 0 0 0 0 0 0 0 0 0 0 0 0 0 0 0 0 0 0 0 0]
[9786563977798417637916820448415953789748031437534167606013921622645243897007212424084539342082177828244645441687219088581641198153648620338942155949985966976216446282169155819939410471976097542177068433683318898450922830603483834073212811713372731079113659102784271157327708138678894764219439052190432899101986880785571625749463952982709678083798266624329 0 0 0 0 0 0 0 0 0 0 0 0 0 0 0 0 0 0 0 0 0 0 0 0 0 0 0 0 0 0 0 0 0 0 0 0 0 0 0 0 0 0 0 0 0 0 0 0 0 0 0 0 0 0 0 0 0 0 0 0 0 0 0 0 1 0 0 0 0 0 0 0 0 0 0 0 0 0 0 0 0 0 0 0 0 0 0 0 0 0 0 0 0 0 0 0 0 0 0 0 0 0 0 0 0 0 0 0 0 0 0 0 0 0 0 0 0]
[10044295767995650097870164299413035443676763056197714329583553507845718077667686399940943146632632079805152446250458819858945415710698804866461255322492633447205337435993389312193269332287381805610802124672711082216629943117784739661286549468894911842791828987221101592653299630504909406108062193354671127805427405726775417118378593238528027127037279270548 0 0 0 0 0 0 0 0 0 0 0 0 0 0 0 0 0 0 0 0 0 0 0 0 0 0 0 0 0 0 0 0 0 0 0 0 0 0 0 0 0 0 0 0 0 0 0 0 0 0 0 0 0 0 0 0 0 0 0 0 0 0 0 0 0 1 0 0 0 0 0 0 0 0 0 0 0 0 0 0 0 0 0 0 0 0 0 0 0 0 0 0 0 0 0 0 0 0 0 0 0 0 0 0 0 0 0 0 0 0 0 0 0 0 0 0 0]
[5735491935529964329086348421918563407701399060955863774524619391362382037317497092845811817023080519726584349031173644822098037273112128642558715946524795734999695956151757380095104601617137491207129468836049882242382296678429631184887988045247019925923655472226726416294176795207607634757393185508962182607408306200380758020399476320931312168814265192951 0 0 0 0 0 0 0 0 0 0 0 0 0 0 0 0 0 0 0 0 0 0 0 0 0 0 0 0 0 0 0 0 0 0 0 0 0 0 0 0 0 0 0 0 0 0 0 0 0 0 0 0 0 0 0 0 0 0 0 0 0 0 0 0 0 0 1 0 0 0 0 0 0 0 0 0 0 0 0 0 0 0 0 0 0 0 0 0 0 0 0 0 0 0 0 0 0 0 0 0 0 0 0 0 0 0 0 0 0 0 0 0 0 0 0 0 0]
[9667715873683578085649512922683902284799238373902062446647898597147670843601650765561620374676329870009796881252005523462214269750405038399248174053644352777457645150105011243360093532431742504121974688940288032815658136251630916856102099519885998788335337927929545743404685624332381093199812246294883344027352382334923219968893205113690792579074270853435 0 0 0 0 0 0 0 0 0 0 0 0 0 0 0 0 0 0 0 0 0 0 0 0 0 0 0 0 0 0 0 0 0 0 0 0 0 0 0 0 0 0 0 0 0 0 0 0 0 0 0 0 0 0 0 0 0 0 0 0 0 0 0 0 0 0 0 1 0 0 0 0 0 0 0 0 0 0 0 0 0 0 0 0 0 0 0 0 0 0 0 0 0 0 0 0 0 0 0 0 0 0 0 0 0 0 0 0 0 0 0 0 0 0 0 0 0]
[477342655953781017732805366207193013979181089061420994676164880087634553313640955364991070429590186031083485521853463093476867647748576815456549960901809578085149266740163760925081904809951711999978387243588838658772016384966136107527816236567799988312482126032138125384874548377210592735678730293942060642010903477571606140481753653784733064645056655127 0 0 0 0 0 0 0 0 0 0 0 0 0 0 0 0 0 0 0 0 0 0 0 0 0 0 0 0 0 0 0 0 0 0 0 0 0 0 0 0 0 0 0 0 0 0 0 0 0 0 0 0 0 0 0 0 0 0 0 0 0 0 0 0 0 0 0 0 1 0 0 0 0 0 0 0 0 0 0 0 0 0 0 0 0 0 0 0 0 0 0 0 0 0 0 0 0 0 0 0 0 0 0 0 0 0 0 0 0 0 0 0 0 0 0 0 0]
[3097297431248550848421759247031094826979196483082250458185980912991962186500275751170576694933917650711153162223466048941753964027412554812218555898481672092490384363934054805616834191403854833756283181958168940515242660066256046279678494319459950674547568270238703606773203604593439726456234657773412284094524777236529911951991401644985688901184163232220 0 0 0 0 0 0 0 0 0 0 0 0 0 0 0 0 0 0 0 0 0 0 0 0 0 0 0 0 0 0 0 0 0 0 0 0 0 0 0 0 0 0 0 0 0 0 0 0 0 0 0 0 0 0 0 0 0 0 0 0 0 0 0 0 0 0 0 0 0 1 0 0 0 0 0 0 0 0 0 0 0 0 0 0 0 0 0 0 0 0 0 0 0 0 0 0 0 0 0 0 0 0 0 0 0 0 0 0 0 0 0 0 0 0 0 0 0]
[11282694105853447788983149140749402021317331567490825722515800523772706384683603443249054647372143665059047634071988910146396331476191500131422055573253538191543936782222029020369721842480139428444606507680327464590159474220368333567332355657814867092650842484551590251347403702104717983874811612074437507629987947661140135721516196864976298001337541972941 0 0 0 0 0 0 0 0 0 0 0 0 0 0 0 0 0 0 0 0 0 0 0 0 0 0 0 0 0 0 0 0 0 0 0 0 0 0 0 0 0 0 0 0 0 0 0 0 0 0 0 0 0 0 0 0 0 0 0 0 0 0 0 0 0 0 0 0 0 0 1 0 0 0 0 0 0 0 0 0 0 0 0 0 0 0 0 0 0 0 0 0 0 0 0 0 0 0 0 0 0 0 0 0 0 0 0 0 0 0 0 0 0 0 0 0 0]
[9410412379270389060900600949303527905558759466005904785779098965595343993631505877535914260378097746731929066368102342777746902809668997052384635584609797173262641339219164062080595166422169653162658345178950627778557835722506083029010543141144212920890255392575964511725836230649530639219831938204030054819446253747993378562053200431442337786903323668618 0 0 0 0 0 0 0 0 0 0 0 0 0 0 0 0 0 0 0 0 0 0 0 0 0 0 0 0 0 0 0 0 0 0 0 0 0 0 0 0 0 0 0 0 0 0 0 0 0 0 0 0 0 0 0 0 0 0 0 0 0 0 0 0 0 0 0 0 0 0 0 1 0 0 0 0 0 0 0 0 0 0 0 0 0 0 0 0 0 0 0 0 0 0 0 0 0 0 0 0 0 0 0 0 0 0 0 0 0 0 0 0 0 0 0 0 0]
[2160466297194118439785193232535514026615741144035492027049778033052645256194782158671330984461889237764605726306397040481321644550811997131015399518570214251176116762640312513710046198417431445725672332417547700565862692499767584854751018380779315392379380518221207927575721990638385802277533164937108135327572390128225067764557358359775254165240861338230 0 0 0 0 0 0 0 0 0 0 0 0 0 0 0 0 0 0 0 0 0 0 0 0 0 0 0 0 0 0 0 0 0 0 0 0 0 0 0 0 0 0 0 0 0 0 0 0 0 0 0 0 0 0 0 0 0 0 0 0 0 0 0 0 0 0 0 0 0 0 0 0 1 0 0 0 0 0 0 0 0 0 0 0 0 0 0 0 0 0 0 0 0 0 0 0 0 0 0 0 0 0 0 0 0 0 0 0 0 0 0 0 0 0 0 0 0]
[3624360705235613384716768228164726403204000473246396303554803006753054084285150464409150328827775987605061885108791468194110544143954631611016584810537691059136073968485233779079924198271460189262786386607641411387399467192026085659200770930625616652231757902314193935972414303850272351017021088105138973986481717741764600489955177705974830392989800570974 0 0 0 0 0 0 0 0 0 0 0 0 0 0 0 0 0 0 0 0 0 0 0 0 0 0 0 0 0 0 0 0 0 0 0 0 0 0 0 0 0 0 0 0 0 0 0 0 0 0 0 0 0 0 0 0 0 0 0 0 0 0 0 0 0 0 0 0 0 0 0 0 0 1 0 0 0 0 0 0 0 0 0 0 0 0 0 0 0 0 0 0 0 0 0 0 0 0 0 0 0 0 0 0 0 0 0 0 0 0 0 0 0 0 0 0 0]
[3436511418688715332247631931254886113872491250047779353258549089686936009692042810388309169495225870371611923006799561635536505963861354990606455803945012461384667435602060709564059636920081276902316806704680539540301773625983526007562616873156005728044305134161514504987165850547307433775351872839838678787092358124644626585003404600347457083247733958855 0 0 0 0 0 0 0 0 0 0 0 0 0 0 0 0 0 0 0 0 0 0 0 0 0 0 0 0 0 0 0 0 0 0 0 0 0 0 0 0 0 0 0 0 0 0 0 0 0 0 0 0 0 0 0 0 0 0 0 0 0 0 0 0 0 0 0 0 0 0 0 0 0 0 1 0 0 0 0 0 0 0 0 0 0 0 0 0 0 0 0 0 0 0 0 0 0 0 0 0 0 0 0 0 0 0 0 0 0 0 0 0 0 0 0 0 0]
[3958330297530036382041941652687402073826216277170686099739815276526743221097345307050532066525403940693593212482307215555679243859640106147581202634519146297923609990458236142865892057894896698285410543316207843517244774281914920814994877620307501295466841794162856038301291512590886284765044141186858412482612874568729925984356473953795323661546815698507 0 0 0 0 0 0 0 0 0 0 0 0 0 0 0 0 0 0 0 0 0 0 0 0 0 0 0 0 0 0 0 0 0 0 0 0 0 0 0 0 0 0 0 0 0 0 0 0 0 0 0 0 0 0 0 0 0 0 0 0 0 0 0 0 0 0 0 0 0 0 0 0 0 0 0 1 0 0 0 0 0 0 0 0 0 0 0 0 0 0 0 0 0 0 0 0 0 0 0 0 0 0 0 0 0 0 0 0 0 0 0 0 0 0 0 0 0]
[5223479723370192275846674370084098275011318054610156333878986344198152071495992021513129410051634189313097687972535877784489315794800147267524938344269636074994526578172158367630025582321113422051627287740720822939195366668576084729417980725923182234347842722108622305859539112843122058215333549357804061470603705238786408930722954909537549206131097452319 0 0 0 0 0 0 0 0 0 0 0 0 0 0 0 0 0 0 0 0 0 0 0 0 0 0 0 0 0 0 0 0 0 0 0 0 0 0 0 0 0 0 0 0 0 0 0 0 0 0 0 0 0 0 0 0 0 0 0 0 0 0 0 0 0 0 0 0 0 0 0 0 0 0 0 0 1 0 0 0 0 0 0 0 0 0 0 0 0 0 0 0 0 0 0 0 0 0 0 0 0 0 0 0 0 0 0 0 0 0 0 0 0 0 0 0 0]
[1347392504564957675276003902041567072058078406777569163826945193283774070445858216991623537756557993584398188420737023895736959672383479428217455280513023841002815471828769135367239121129357668312343827714952826649705538464375227692892477487736611197688157056241270017797116153020105995015005012813681161573591407386255223000761895845292734936453144131280 0 0 0 0 0 0 0 0 0 0 0 0 0 0 0 0 0 0 0 0 0 0 0 0 0 0 0 0 0 0 0 0 0 0 0 0 0 0 0 0 0 0 0 0 0 0 0 0 0 0 0 0 0 0 0 0 0 0 0 0 0 0 0 0 0 0 0 0 0 0 0 0 0 0 0 0 0 1 0 0 0 0 0 0 0 0 0 0 0 0 0 0 0 0 0 0 0 0 0 0 0 0 0 0 0 0 0 0 0 0 0 0 0 0 0 0 0]
[3401824377210046582774720596643866325666568256493069060919192229876497269315285524128094169189229657783537925717508114020667693077304962241266518133225438994564777514723892678715747785894079522125156584445907175479725966727191936682601496652750406468761902440595919253453678093802738925276501135421436773823107892103854158222071902048468813887692564794552 0 0 0 0 0 0 0 0 0 0 0 0 0 0 0 0 0 0 0 0 0 0 0 0 0 0 0 0 0 0 0 0 0 0 0 0 0 0 0 0 0 0 0 0 0 0 0 0 0 0 0 0 0 0 0 0 0 0 0 0 0 0 0 0 0 0 0 0 0 0 0 0 0 0 0 0 0 0 1 0 0 0 0 0 0 0 0 0 0 0 0 0 0 0 0 0 0 0 0 0 0 0 0 0 0 0 0 0 0 0 0 0 0 0 0 0 0]
[6567584341629524605256812046129240750524505595733660249002063194043185088455458588824227278317365481131779920472936415578962461019128030386354776976600057622400074107788429748118099359306945128754312141912569556714812949580684346377325269542332631495160777526702697431207592920987034108397133871979051210716988236571536096842596306618340862282834785363423 0 0 0 0 0 0 0 0 0 0 0 0 0 0 0 0 0 0 0 0 0 0 0 0 0 0 0 0 0 0 0 0 0 0 0 0 0 0 0 0 0 0 0 0 0 0 0 0 0 0 0 0 0 0 0 0 0 0 0 0 0 0 0 0 0 0 0 0 0 0 0 0 0 0 0 0 0 0 0 1 0 0 0 0 0 0 0 0 0 0 0 0 0 0 0 0 0 0 0 0 0 0 0 0 0 0 0 0 0 0 0 0 0 0 0 0 0]
[6579462742440742217651482719675775384704957301533633521983972646910988180114249939254594772000094250324159722927748749879530612592278990875657950693132278714808491264942265676345720330898317950381610907510759774985116012554942038369859645164262258639035042585960560493823188157447293208735941799030402047597771831597447878695445760224704796513366486374208 0 0 0 0 0 0 0 0 0 0 0 0 0 0 0 0 0 0 0 0 0 0 0 0 0 0 0 0 0 0 0 0 0 0 0 0 0 0 0 0 0 0 0 0 0 0 0 0 0 0 0 0 0 0 0 0 0 0 0 0 0 0 0 0 0 0 0 0 0 0 0 0 0 0 0 0 0 0 0 0 1 0 0 0 0 0 0 0 0 0 0 0 0 0 0 0 0 0 0 0 0 0 0 0 0 0 0 0 0 0 0 0 0 0 0 0 0]
[11871947754369981997318073716297292345217273162805969646658724415089457682085888115193553521771079746954536476146674169401045643250611238651988034999399886197581008408278887818737561257750747899108834140607177274983886917003457093920788090839720346749033146908339829478222789123469867758225548300213178911963560374346777519667187498986923023353008122804810 0 0 0 0 0 0 0 0 0 0 0 0 0 0 0 0 0 0 0 0 0 0 0 0 0 0 0 0 0 0 0 0 0 0 0 0 0 0 0 0 0 0 0 0 0 0 0 0 0 0 0 0 0 0 0 0 0 0 0 0 0 0 0 0 0 0 0 0 0 0 0 0 0 0 0 0 0 0 0 0 0 1 0 0 0 0 0 0 0 0 0 0 0 0 0 0 0 0 0 0 0 0 0 0 0 0 0 0 0 0 0 0 0 0 0 0 0]
[363842856593332098921170835155099640585525964780939841110176382885051407350623501754603708342562573278767448739093823698273480597491033946648903061759839733082995161771033900560473755847423323614203295271775655796551701354537352942479755480002935120668134718585296660020636364676493794068346076658356737423482756094867496702500317027437099403744089024313 0 0 0 0 0 0 0 0 0 0 0 0 0 0 0 0 0 0 0 0 0 0 0 0 0 0 0 0 0 0 0 0 0 0 0 0 0 0 0 0 0 0 0 0 0 0 0 0 0 0 0 0 0 0 0 0 0 0 0 0 0 0 0 0 0 0 0 0 0 0 0 0 0 0 0 0 0 0 0 0 0 0 1 0 0 0 0 0 0 0 0 0 0 0 0 0 0 0 0 0 0 0 0 0 0 0 0 0 0 0 0 0 0 0 0 0 0]
[2027352195549052350179686202570895035897575927328642695891272118843107832017520671811339848623783484215150791320349211187832697342337740270666995243168996991498939909544040498762590071702832303631559327514579188697156664309997589735953599085610786551229306281410128065437710754996925851412530934559387819859048609536045078832227801145901279970316696487217 0 0 0 0 0 0 0 0 0 0 0 0 0 0 0 0 0 0 0 0 0 0 0 0 0 0 0 0 0 0 0 0 0 0 0 0 0 0 0 0 0 0 0 0 0 0 0 0 0 0 0 0 0 0 0 0 0 0 0 0 0 0 0 0 0 0 0 0 0 0 0 0 0 0 0 0 0 0 0 0 0 0 0 1 0 0 0 0 0 0 0 0 0 0 0 0 0 0 0 0 0 0 0 0 0 0 0 0 0 0 0 0 0 0 0 0 0]
[2288428971102809498690551794651564764913853119351192295796324839917165304270455779864417037013066810883200624573801616739419846668967377812728013162267084258053442208110775932175788318806971579025924453073636910654170380271837771399770445435268031144037969106470262345293326745550537926662359094379974436024687965234984162730065280731313759983170512380989 0 0 0 0 0 0 0 0 0 0 0 0 0 0 0 0 0 0 0 0 0 0 0 0 0 0 0 0 0 0 0 0 0 0 0 0 0 0 0 0 0 0 0 0 0 0 0 0 0 0 0 0 0 0 0 0 0 0 0 0 0 0 0 0 0 0 0 0 0 0 0 0 0 0 0 0 0 0 0 0 0 0 0 0 1 0 0 0 0 0 0 0 0 0 0 0 0 0 0 0 0 0 0 0 0 0 0 0 0 0 0 0 0 0 0 0 0]
[4076219224025624597057418985579858131067330093045221004817838860037947794184516271189058720757789615242209213304176417713843794220253642656080501329816600680315910218521303662673311942320835058468425598200202564163750757606024553537780578844252158285398216196339636581619721774253556943072034038674938557795998808151368966438267259624192691516139139251628 0 0 0 0 0 0 0 0 0 0 0 0 0 0 0 0 0 0 0 0 0 0 0 0 0 0 0 0 0 0 0 0 0 0 0 0 0 0 0 0 0 0 0 0 0 0 0 0 0 0 0 0 0 0 0 0 0 0 0 0 0 0 0 0 0 0 0 0 0 0 0 0 0 0 0 0 0 0 0 0 0 0 0 0 0 1 0 0 0 0 0 0 0 0 0 0 0 0 0 0 0 0 0 0 0 0 0 0 0 0 0 0 0 0 0 0 0]
[2709741057759641941141349399019475351405304971231503645644209073556026643124222213166564328851687150209978834475486294979043532317905107258637202953956055959863830096996779326219035157262219778872746574426587623670092672358671205958856391313111179924906104904478556390187527482426018050822690628365991432329245549889939548136417133020766471898060251550788 0 0 0 0 0 0 0 0 0 0 0 0 0 0 0 0 0 0 0 0 0 0 0 0 0 0 0 0 0 0 0 0 0 0 0 0 0 0 0 0 0 0 0 0 0 0 0 0 0 0 0 0 0 0 0 0 0 0 0 0 0 0 0 0 0 0 0 0 0 0 0 0 0 0 0 0 0 0 0 0 0 0 0 0 0 0 1 0 0 0 0 0 0 0 0 0 0 0 0 0 0 0 0 0 0 0 0 0 0 0 0 0 0 0 0 0 0]
[12301890664338563602782120502349302065644421668533976731407091754959203353440662522884308950869560149805534005526518218425859385859902264099616951474635421650605397873057100629379538202376796023462664097097659690646174373107139230356209231629024408459772545127245426817474038268382985936256898636566257710118587212207238481871707345331319699846489849070810 0 0 0 0 0 0 0 0 0 0 0 0 0 0 0 0 0 0 0 0 0 0 0 0 0 0 0 0 0 0 0 0 0 0 0 0 0 0 0 0 0 0 0 0 0 0 0 0 0 0 0 0 0 0 0 0 0 0 0 0 0 0 0 0 0 0 0 0 0 0 0 0 0 0 0 0 0 0 0 0 0 0 0 0 0 0 0 1 0 0 0 0 0 0 0 0 0 0 0 0 0 0 0 0 0 0 0 0 0 0 0 0 0 0 0 0 0]
[368506664115063350945850496733005117426904934959689333251737710752159504837151555803799108673433918486681552679484276153309284136183387055666477512434992546874261559340773098354338388329903593389791388408136757496708020872626858752753479219083394163717163637699075853478392617174364577818201771296567987810546641708081716297472385577385087700742021153347 0 0 0 0 0 0 0 0 0 0 0 0 0 0 0 0 0 0 0 0 0 0 0 0 0 0 0 0 0 0 0 0 0 0 0 0 0 0 0 0 0 0 0 0 0 0 0 0 0 0 0 0 0 0 0 0 0 0 0 0 0 0 0 0 0 0 0 0 0 0 0 0 0 0 0 0 0 0 0 0 0 0 0 0 0 0 0 0 1 0 0 0 0 0 0 0 0 0 0 0 0 0 0 0 0 0 0 0 0 0 0 0 0 0 0 0 0]
[12534817719990360823692216690356957014671344240884539574132003691707564904740544292338299402741058894712665013568111225056619807707198001760741691780613140495607970222475982592995345269924021055532253328569509070262865519627206462373084898119194981081726910588968099620445591584957450023869168880153714682199291476745080545689260588986297751407542007496826 0 0 0 0 0 0 0 0 0 0 0 0 0 0 0 0 0 0 0 0 0 0 0 0 0 0 0 0 0 0 0 0 0 0 0 0 0 0 0 0 0 0 0 0 0 0 0 0 0 0 0 0 0 0 0 0 0 0 0 0 0 0 0 0 0 0 0 0 0 0 0 0 0 0 0 0 0 0 0 0 0 0 0 0 0 0 0 0 0 1 0 0 0 0 0 0 0 0 0 0 0 0 0 0 0 0 0 0 0 0 0 0 0 0 0 0 0]
[3382615489885993522780165395539348737856129156092692736810845888809875583337879770327254215234523272181844986860417897621516276416658221331222562360180904890043461520601793649227262808182675376959439888281541417144300844586046542346762616268604768022313469366519178536692344324798563394517407358904044316250386208063964862323897985996540303462842026083008 0 0 0 0 0 0 0 0 0 0 0 0 0 0 0 0 0 0 0 0 0 0 0 0 0 0 0 0 0 0 0 0 0 0 0 0 0 0 0 0 0 0 0 0 0 0 0 0 0 0 0 0 0 0 0 0 0 0 0 0 0 0 0 0 0 0 0 0 0 0 0 0 0 0 0 0 0 0 0 0 0 0 0 0 0 0 0 0 0 0 1 0 0 0 0 0 0 0 0 0 0 0 0 0 0 0 0 0 0 0 0 0 0 0 0 0 0]
[4047016729667869903055460023553200129362693891468685954337207024577722860055600228489981033690178908024347884109061419173034883299846837200527183858362173098173249429051514293452446616044267878824618366155645934343697208957649096621401340956581839386136288537778756488445603188952833249799320034378684270790948963715184696353493670531543934113212362579842 0 0 0 0 0 0 0 0 0 0 0 0 0 0 0 0 0 0 0 0 0 0 0 0 0 0 0 0 0 0 0 0 0 0 0 0 0 0 0 0 0 0 0 0 0 0 0 0 0 0 0 0 0 0 0 0 0 0 0 0 0 0 0 0 0 0 0 0 0 0 0 0 0 0 0 0 0 0 0 0 0 0 0 0 0 0 0 0 0 0 0 1 0 0 0 0 0 0 0 0 0 0 0 0 0 0 0 0 0 0 0 0 0 0 0 0 0]
[10802261408998068768671939612620179014058343123079787966467106256557908154019350116767642508159675876333094926050229019487688006807179062047930092574052110164307606848316974116195316247748624645629691395901607478273854492027990512183062410120896829788974552804815424745631917148173742980917596738762113245150580951530867439376420182054100002914262867164902 0 0 0 0 0 0 0 0 0 0 0 0 0 0 0 0 0 0 0 0 0 0 0 0 0 0 0 0 0 0 0 0 0 0 0 0 0 0 0 0 0 0 0 0 0 0 0 0 0 0 0 0 0 0 0 0 0 0 0 0 0 0 0 0 0 0 0 0 0 0 0 0 0 0 0 0 0 0 0 0 0 0 0 0 0 0 0 0 0 0 0 0 1 0 0 0 0 0 0 0 0 0 0 0 0 0 0 0 0 0 0 0 0 0 0 0 0]
[7992718052162593338238207944192043367907392969780580902461548767436868534176850213349003330801242442638823187685456910423173355644785366089476153112826828681697985070323004119939809829952158800088749110662355274097602770194614758884483536077517412007565606882608624630994053376267265708062360727572893713108359721284962114815180994339115478851749883544707 0 0 0 0 0 0 0 0 0 0 0 0 0 0 0 0 0 0 0 0 0 0 0 0 0 0 0 0 0 0 0 0 0 0 0 0 0 0 0 0 0 0 0 0 0 0 0 0 0 0 0 0 0 0 0 0 0 0 0 0 0 0 0 0 0 0 0 0 0 0 0 0 0 0 0 0 0 0 0 0 0 0 0 0 0 0 0 0 0 0 0 0 0 1 0 0 0 0 0 0 0 0 0 0 0 0 0 0 0 0 0 0 0 0 0 0 0]
[6781169564066808181624308057625708268728790719610477188351664528301901547216429266475567398822578696002618292474407019725546872588289367468431585580831883802077797417364039326374909955032685073171441512863944121763883451827450915878587043073936905984515243762977515956961032544272858780647375853936658847067865270293929845701938178308438088130846212778734 0 0 0 0 0 0 0 0 0 0 0 0 0 0 0 0 0 0 0 0 0 0 0 0 0 0 0 0 0 0 0 0 0 0 0 0 0 0 0 0 0 0 0 0 0 0 0 0 0 0 0 0 0 0 0 0 0 0 0 0 0 0 0 0 0 0 0 0 0 0 0 0 0 0 0 0 0 0 0 0 0 0 0 0 0 0 0 0 0 0 0 0 0 0 1 0 0 0 0 0 0 0 0 0 0 0 0 0 0 0 0 0 0 0 0 0 0]
[8218628306750014256297741621960365335978671935802979974145748807680254164146026481388614745264676505440102003966442612299978018477382665100605833395379817719920029651308714433570642066278687194510992266740755812836803558733808346547016923653228676723486421868214828708542544556137093159946834417749958751629433916352282800987955545379136859672703601614904 0 0 0 0 0 0 0 0 0 0 0 0 0 0 0 0 0 0 0 0 0 0 0 0 0 0 0 0 0 0 0 0 0 0 0 0 0 0 0 0 0 0 0 0 0 0 0 0 0 0 0 0 0 0 0 0 0 0 0 0 0 0 0 0 0 0 0 0 0 0 0 0 0 0 0 0 0 0 0 0 0 0 0 0 0 0 0 0 0 0 0 0 0 0 0 1 0 0 0 0 0 0 0 0 0 0 0 0 0 0 0 0 0 0 0 0 0]
[12429789860493773596061730680858307650602570854148309579784891322675897283537091053635491357857001871435712449640412166310762376990195076266588964368901932883359564005984916720624727900638461585051816621937985568915908970604397164204289784762073881997290520709178992631963615339667885145206939211874714427216267635396345130275321753523825203430322938955461 0 0 0 0 0 0 0 0 0 0 0 0 0 0 0 0 0 0 0 0 0 0 0 0 0 0 0 0 0 0 0 0 0 0 0 0 0 0 0 0 0 0 0 0 0 0 0 0 0 0 0 0 0 0 0 0 0 0 0 0 0 0 0 0 0 0 0 0 0 0 0 0 0 0 0 0 0 0 0 0 0 0 0 0 0 0 0 0 0 0 0 0 0 0 0 0 1 0 0 0 0 0 0 0 0 0 0 0 0 0 0 0 0 0 0 0 0]
[12048788601178297582029250013215144211351310776670517136126136638794084279754819125056140195221349224728354747791149987094472264808075830823917101278590732425903516076513249533449743031034634462393086154660415486382338632972460299931343125929397292830101984195468982433558401083065758228098920785912424088145849385314510055719187417103002710329030125258610 0 0 0 0 0 0 0 0 0 0 0 0 0 0 0 0 0 0 0 0 0 0 0 0 0 0 0 0 0 0 0 0 0 0 0 0 0 0 0 0 0 0 0 0 0 0 0 0 0 0 0 0 0 0 0 0 0 0 0 0 0 0 0 0 0 0 0 0 0 0 0 0 0 0 0 0 0 0 0 0 0 0 0 0 0 0 0 0 0 0 0 0 0 0 0 0 0 1 0 0 0 0 0 0 0 0 0 0 0 0 0 0 0 0 0 0 0]
[1806160171786990840256093200791912849888827912211304577430447039168908325151057396274627839045289325269281153846077430035824679972036360529714554511851988871104249572675653238045729426747788561695312274226950719673548882050780407657247591921922902986445475091075446428441462612812347076604010731769169634556567604544669760516746032531795168080006306991888 0 0 0 0 0 0 0 0 0 0 0 0 0 0 0 0 0 0 0 0 0 0 0 0 0 0 0 0 0 0 0 0 0 0 0 0 0 0 0 0 0 0 0 0 0 0 0 0 0 0 0 0 0 0 0 0 0 0 0 0 0 0 0 0 0 0 0 0 0 0 0 0 0 0 0 0 0 0 0 0 0 0 0 0 0 0 0 0 0 0 0 0 0 0 0 0 0 0 1 0 0 0 0 0 0 0 0 0 0 0 0 0 0 0 0 0 0]
[11563107437467482334306563687515070516238024005853263941920643363628380784627816590733219980277382785397494499694643988988327568877883996176741745123602636667089656491590295950780253316677649946955295821705301598699667491577423999978324882858595071082387589362515821523345865871363671586311484694892545865705800383202002221902524010128766858020441443777901 0 0 0 0 0 0 0 0 0 0 0 0 0 0 0 0 0 0 0 0 0 0 0 0 0 0 0 0 0 0 0 0 0 0 0 0 0 0 0 0 0 0 0 0 0 0 0 0 0 0 0 0 0 0 0 0 0 0 0 0 0 0 0 0 0 0 0 0 0 0 0 0 0 0 0 0 0 0 0 0 0 0 0 0 0 0 0 0 0 0 0 0 0 0 0 0 0 0 0 1 0 0 0 0 0 0 0 0 0 0 0 0 0 0 0 0 0]
[7595281888578665875468100855042859379598893783092798969427486607992720392811377243816228153295311124631281837989383518893037780721681324457302876294363759482819204541139746094665919375784995731254798845624603763227706195084323082926581615287427854072507702420440938778221947454883764548089061664166062244908442037742202623504428777890809153591412679785239 0 0 0 0 0 0 0 0 0 0 0 0 0 0 0 0 0 0 0 0 0 0 0 0 0 0 0 0 0 0 0 0 0 0 0 0 0 0 0 0 0 0 0 0 0 0 0 0 0 0 0 0 0 0 0 0 0 0 0 0 0 0 0 0 0 0 0 0 0 0 0 0 0 0 0 0 0 0 0 0 0 0 0 0 0 0 0 0 0 0 0 0 0 0 0 0 0 0 0 0 1 0 0 0 0 0 0 0 0 0 0 0 0 0 0 0 0]
[4954342706307676422626838908158918561866570754337454166520764815062019672969180382017989557451502504924936084073640693718553116035461940099798250662688407039892753248544739491181970992427762777087434025009402618138619391712803599847347617074879763806533133531467803569997082034113408851563670756461461663731959996910094154408521228301754321964767700928822 0 0 0 0 0 0 0 0 0 0 0 0 0 0 0 0 0 0 0 0 0 0 0 0 0 0 0 0 0 0 0 0 0 0 0 0 0 0 0 0 0 0 0 0 0 0 0 0 0 0 0 0 0 0 0 0 0 0 0 0 0 0 0 0 0 0 0 0 0 0 0 0 0 0 0 0 0 0 0 0 0 0 0 0 0 0 0 0 0 0 0 0 0 0 0 0 0 0 0 0 0 1 0 0 0 0 0 0 0 0 0 0 0 0 0 0 0]
[4103370696416830734436754395028799906878122402349661695078826702271673333020389979451933221522507159326851132104801276900342044176388699935393625091330367606711661436313284435698229913297725699800720422834666711092511648742962809968362211961320832055427787061048817380383729903830919487178724936848349614613076852644748425682134097764552440211096117448607 0 0 0 0 0 0 0 0 0 0 0 0 0 0 0 0 0 0 0 0 0 0 0 0 0 0 0 0 0 0 0 0 0 0 0 0 0 0 0 0 0 0 0 0 0 0 0 0 0 0 0 0 0 0 0 0 0 0 0 0 0 0 0 0 0 0 0 0 0 0 0 0 0 0 0 0 0 0 0 0 0 0 0 0 0 0 0 0 0 0 0 0 0 0 0 0 0 0 0 0 0 0 1 0 0 0 0 0 0 0 0 0 0 0 0 0 0]
[7615400967547616209533754455716678692151402098879474932451437202676159172364272429153807615967322464109348060818254791677913747751304145818085882003553324755081504271594750949144899330323988771765354477730097728611800332605049167811987642547189405282463210994071145915342589719033838641396275874989837414743202089160033860917981463745958765328893155055540 0 0 0 0 0 0 0 0 0 0 0 0 0 0 0 0 0 0 0 0 0 0 0 0 0 0 0 0 0 0 0 0 0 0 0 0 0 0 0 0 0 0 0 0 0 0 0 0 0 0 0 0 0 0 0 0 0 0 0 0 0 0 0 0 0 0 0 0 0 0 0 0 0 0 0 0 0 0 0 0 0 0 0 0 0 0 0 0 0 0 0 0 0 0 0 0 0 0 0 0 0 0 0 1 0 0 0 0 0 0 0 0 0 0 0 0 0]
[9672394511979610743402627753046533935609339651789295491344618942573900057530940821139890652038291885008059331040413455043833283082524809804913919195035645944762844517107180201016959549129037436628784415089852213587350341038244707187934286794545528970430627138067712179726294744136983400180508306889381666558544475843277749948825748836468738289295418417493 0 0 0 0 0 0 0 0 0 0 0 0 0 0 0 0 0 0 0 0 0 0 0 0 0 0 0 0 0 0 0 0 0 0 0 0 0 0 0 0 0 0 0 0 0 0 0 0 0 0 0 0 0 0 0 0 0 0 0 0 0 0 0 0 0 0 0 0 0 0 0 0 0 0 0 0 0 0 0 0 0 0 0 0 0 0 0 0 0 0 0 0 0 0 0 0 0 0 0 0 0 0 0 0 1 0 0 0 0 0 0 0 0 0 0 0 0]
[10461004580777165349386993439458833296863302869535849557181302811678367917532248242240920212067130453389200011666604958905508032909659719342891265402766380861790872264099106307902331173286194831650015893309935755773735723125929129017135706776642722609139463914732063932391734614311005632981056230054733822579849712577425915478583865364231177536231250895032 0 0 0 0 0 0 0 0 0 0 0 0 0 0 0 0 0 0 0 0 0 0 0 0 0 0 0 0 0 0 0 0 0 0 0 0 0 0 0 0 0 0 0 0 0 0 0 0 0 0 0 0 0 0 0 0 0 0 0 0 0 0 0 0 0 0 0 0 0 0 0 0 0 0 0 0 0 0 0 0 0 0 0 0 0 0 0 0 0 0 0 0 0 0 0 0 0 0 0 0 0 0 0 0 0 1 0 0 0 0 0 0 0 0 0 0 0]
[1127657161077709828225748373320736302672956690932829247667582049172682522758105526505724138693759235823271295293934460017799829873891014159138940506911583906270702742796596665232659008774694520357690884389517991469349672400057194006582836586375342602691931280513421398345344743168514979613044154545175944623676868222214111259832753215520527749616295879450 0 0 0 0 0 0 0 0 0 0 0 0 0 0 0 0 0 0 0 0 0 0 0 0 0 0 0 0 0 0 0 0 0 0 0 0 0 0 0 0 0 0 0 0 0 0 0 0 0 0 0 0 0 0 0 0 0 0 0 0 0 0 0 0 0 0 0 0 0 0 0 0 0 0 0 0 0 0 0 0 0 0 0 0 0 0 0 0 0 0 0 0 0 0 0 0 0 0 0 0 0 0 0 0 0 0 1 0 0 0 0 0 0 0 0 0 0]
[5529620402333049990663241585521683580917387353588703277238186662735402575917727885714206395069850763808160262224973512114382544974628687005590849832856858382171862509122260667430233736920678811155255963532938194831561160399315505223752888454705937017018918347070114666246214091586155438935791663207625358177425840858425359690223893539764012379804952829191 0 0 0 0 0 0 0 0 0 0 0 0 0 0 0 0 0 0 0 0 0 0 0 0 0 0 0 0 0 0 0 0 0 0 0 0 0 0 0 0 0 0 0 0 0 0 0 0 0 0 0 0 0 0 0 0 0 0 0 0 0 0 0 0 0 0 0 0 0 0 0 0 0 0 0 0 0 0 0 0 0 0 0 0 0 0 0 0 0 0 0 0 0 0 0 0 0 0 0 0 0 0 0 0 0 0 0 1 0 0 0 0 0 0 0 0 0]
[8487747145902886067142421978430910796525225468646018083597447526072942080375749949907671265737608146554367639002588932652906103688370627333703543080501063907690476381630383273529222367858294509403269910467542034713890427256155187969230283626501583472228823364293705358542158187429574712491682203965233137173488348529369942635410393569151377437252972689405 0 0 0 0 0 0 0 0 0 0 0 0 0 0 0 0 0 0 0 0 0 0 0 0 0 0 0 0 0 0 0 0 0 0 0 0 0 0 0 0 0 0 0 0 0 0 0 0 0 0 0 0 0 0 0 0 0 0 0 0 0 0 0 0 0 0 0 0 0 0 0 0 0 0 0 0 0 0 0 0 0 0 0 0 0 0 0 0 0 0 0 0 0 0 0 0 0 0 0 0 0 0 0 0 0 0 0 0 1 0 0 0 0 0 0 0 0]
[730887348443586144689863242268370980826690916082339145870192381468743900862131007203919818092939488103502353183868034917781778689340539389419904351874580684921813489159057271293279566119938240231942922825884375322713916611926862813894457348954949934728770434341790608608902229497631879003653376474759748573383150021990576765772598284085078924536879685771 0 0 0 0 0 0 0 0 0 0 0 0 0 0 0 0 0 0 0 0 0 0 0 0 0 0 0 0 0 0 0 0 0 0 0 0 0 0 0 0 0 0 0 0 0 0 0 0 0 0 0 0 0 0 0 0 0 0 0 0 0 0 0 0 0 0 0 0 0 0 0 0 0 0 0 0 0 0 0 0 0 0 0 0 0 0 0 0 0 0 0 0 0 0 0 0 0 0 0 0 0 0 0 0 0 0 0 0 0 1 0 0 0 0 0 0 0]
[1309867080036264123702214827339960142080295578271535956513383664095617003105873205944820284175117371246096191533514163103178597311458564767488214508984759716919052160956883867142657771622756070873623571100301099232231792706434316148891369146133490410159479104274301416314939846470248441594368462293506395010334861598299394809176594031070567790615855052385 0 0 0 0 0 0 0 0 0 0 0 0 0 0 0 0 0 0 0 0 0 0 0 0 0 0 0 0 0 0 0 0 0 0 0 0 0 0 0 0 0 0 0 0 0 0 0 0 0 0 0 0 0 0 0 0 0 0 0 0 0 0 0 0 0 0 0 0 0 0 0 0 0 0 0 0 0 0 0 0 0 0 0 0 0 0 0 0 0 0 0 0 0 0 0 0 0 0 0 0 0 0 0 0 0 0 0 0 0 0 1 0 0 0 0 0 0]
[3423034699751745287874636116171161010835402706301908384183184597290075570831789607938581122909466207645430783712918151971318499510638903403352554586262722471465184015202356237087967660831953333098299399337559188704181454716797105392343033604840674135806735438719422642156208740936530761184910229150637604829814179410735351345971788823324334637041959611265 0 0 0 0 0 0 0 0 0 0 0 0 0 0 0 0 0 0 0 0 0 0 0 0 0 0 0 0 0 0 0 0 0 0 0 0 0 0 0 0 0 0 0 0 0 0 0 0 0 0 0 0 0 0 0 0 0 0 0 0 0 0 0 0 0 0 0 0 0 0 0 0 0 0 0 0 0 0 0 0 0 0 0 0 0 0 0 0 0 0 0 0 0 0 0 0 0 0 0 0 0 0 0 0 0 0 0 0 0 0 0 1 0 0 0 0 0]
[8257558864157957202659145958160986875612573865957576807325452370956582135961430021407767802363071192857569501221622299263023458348513151499992767960916564832416537219962177528356889511614693850981326102355874660744525214545582640248802987672263204946189019211570923602082234823231020213545834123287410610938279356654919569702118908252959804197808859950040 0 0 0 0 0 0 0 0 0 0 0 0 0 0 0 0 0 0 0 0 0 0 0 0 0 0 0 0 0 0 0 0 0 0 0 0 0 0 0 0 0 0 0 0 0 0 0 0 0 0 0 0 0 0 0 0 0 0 0 0 0 0 0 0 0 0 0 0 0 0 0 0 0 0 0 0 0 0 0 0 0 0 0 0 0 0 0 0 0 0 0 0 0 0 0 0 0 0 0 0 0 0 0 0 0 0 0 0 0 0 0 0 1 0 0 0 0]
[9619215049772485378714472007483965257978860141443886735053209129661703000352700794901266228067736213044612656673756716143921327916406650918773521592120347391220787840139688710025657148617961737542296596375046020091363882914005334722157562140309128026411253449478239559883484196713291627431508386232709833184072887336799607477463065150591647135779640179851 0 0 0 0 0 0 0 0 0 0 0 0 0 0 0 0 0 0 0 0 0 0 0 0 0 0 0 0 0 0 0 0 0 0 0 0 0 0 0 0 0 0 0 0 0 0 0 0 0 0 0 0 0 0 0 0 0 0 0 0 0 0 0 0 0 0 0 0 0 0 0 0 0 0 0 0 0 0 0 0 0 0 0 0 0 0 0 0 0 0 0 0 0 0 0 0 0 0 0 0 0 0 0 0 0 0 0 0 0 0 0 0 0 1 0 0 0]
[11367210278811013197270285044811736642466739402394303038329006801584430301543827165360273678699778328806720538116762045035715552667325244127260604106744037642473859216787532030866294080918468059795270817832791298737956652868919104222299852150344750728123177181177864059822586831311634573047825408442478542312459068526544149711159282326360196514040683920198 0 0 0 0 0 0 0 0 0 0 0 0 0 0 0 0 0 0 0 0 0 0 0 0 0 0 0 0 0 0 0 0 0 0 0 0 0 0 0 0 0 0 0 0 0 0 0 0 0 0 0 0 0 0 0 0 0 0 0 0 0 0 0 0 0 0 0 0 0 0 0 0 0 0 0 0 0 0 0 0 0 0 0 0 0 0 0 0 0 0 0 0 0 0 0 0 0 0 0 0 0 0 0 0 0 0 0 0 0 0 0 0 0 0 1 0 0]
[8544396836180251654833104023264027341780006632920763134822314214848405276117009922622783123149112138971180201752799329327746439962593399679481850515093394609093507151302539134500231140263431209942112918380281651687756745883921105851359847569113806358771421609305376992432452991948316675913317770270742860487778821555222697424974025065288195840611633498385 0 0 0 0 0 0 0 0 0 0 0 0 0 0 0 0 0 0 0 0 0 0 0 0 0 0 0 0 0 0 0 0 0 0 0 0 0 0 0 0 0 0 0 0 0 0 0 0 0 0 0 0 0 0 0 0 0 0 0 0 0 0 0 0 0 0 0 0 0 0 0 0 0 0 0 0 0 0 0 0 0 0 0 0 0 0 0 0 0 0 0 0 0 0 0 0 0 0 0 0 0 0 0 0 0 0 0 0 0 0 0 0 0 0 0 1 0]
[4240849742391006326043024767492813639139133452548421493643547533808262830927422582320389360543737140986569145272858911497009970759736157182251063538519804064486658433886031461637594441787113237127202296683139457315623932431393283379415553691189614539290441304256853633874998680661895361744868496425964464209483747261431014197682066914191292473442832752752 0 0 0 0 0 0 0 0 0 0 0 0 0 0 0 0 0 0 0 0 0 0 0 0 0 0 0 0 0 0 0 0 0 0 0 0 0 0 0 0 0 0 0 0 0 0 0 0 0 0 0 0 0 0 0 0 0 0 0 0 0 0 0 0 0 0 0 0 0 0 0 0 0 0 0 0 0 0 0 0 0 0 0 0 0 0 0 0 0 0 0 0 0 0 0 0 0 0 0 0 0 0 0 0 0 0 0 0 0 0 0 0 0 0 0 0 1]
]
