[[2325003523155483477332421457960131841743889193022246246608165728054312978532067918743063257034070205619275137591487160121742840600579 0 0 0 0 0 0 0 0 0 0 0 0 0 0 0 0 0 0 0 0 0 0 0 0 0 0 0 0 0 0 0 0 0 0 0 0 0 0 0 0 0 0 0]
[255870366230845234636053014161698151418510143148016139393172030040607472127956551577131894244844288507577458200509401925991582482481 1 0 0 0 0 0 0 0 0 0 0 0 0 0 0 0 0 0 0 0 0 0 0 0 0 0 0 0 0 0 0 0 0 0 0 0 0 0 0 0 0 0 0]
[1484977347367332917304462055671159460861111007722800404605104545863703876309435096959788745463077896314827189847289606849929726491081 0 1 0 0 0 0 0 0 0 0 0 0 0 0 0 0 0 0 0 0 0 0 0 0 0 0 0 0 0 0 0 0 0 0 0 0 0 0 0 0 0 0 0]
[450543499691047202182361234055439251176258487941799090704811999621077949499617547379478184363113829790589910469340629905195601061247 0 0 1 0 0 0 0 0 0 0 0 0 0 0 0 0 0 0 0 0 0 0 0 0 0 0 0 0 0 0 0 0 0 0 0 0 0 0 0 0 0 0 0]
[1053535575559883284123804442892756526798256939280041464649064213552432143226539288760331158833944899003860417008126214233714804989167 0 0 0 1 0 0 0 0 0 0 0 0 0 0 0 0 0 0 0 0 0 0 0 0 0 0 0 0 0 0 0 0 0 0 0 0 0 0 0 0 0 0 0]
[752518297226904552355502704965248548236665664602025859668855133681724270378488874286113956497352680092163620652335642089364432140077 0 0 0 0 1 0 0 0 0 0 0 0 0 0 0 0 0 0 0 0 0 0 0 0 0 0 0 0 0 0 0 0 0 0 0 0 0 0 0 0 0 0 0]
[1774934808981144575719299892410359665421356475064891001994126194179968616347675043769746317046566650672587665815940830409361593844829 0 0 0 0 0 1 0 0 0 0 0 0 0 0 0 0 0 0 0 0 0 0 0 0 0 0 0 0 0 0 0 0 0 0 0 0 0 0 0 0 0 0 0]
[847186472790393731924778218099636963309000688249490889960032074836148467482344067913338878755223184840282863586519971697411572669364 0 0 0 0 0 0 1 0 0 0 0 0 0 0 0 0 0 0 0 0 0 0 0 0 0 0 0 0 0 0 0 0 0 0 0 0 0 0 0 0 0 0 0]
[958480160887829119552634320043582222114082939561838624034653640017877631365910337082509078151936316152402832775400127926947005929956 0 0 0 0 0 0 0 1 0 0 0 0 0 0 0 0 0 0 0 0 0 0 0 0 0 0 0 0 0 0 0 0 0 0 0 0 0 0 0 0 0 0 0]
[2264327434823815573686496467543146606930292806388515188112699606414052590778318738783733784643766712946407141568988149083558038279022 0 0 0 0 0 0 0 0 1 0 0 0 0 0 0 0 0 0 0 0 0 0 0 0 0 0 0 0 0 0 0 0 0 0 0 0 0 0 0 0 0 0 0]
[1865377246512719374843688634185905968489091469629265019513759125658908920706459804117231956409199135489781988279995224370152785616890 0 0 0 0 0 0 0 0 0 1 0 0 0 0 0 0 0 0 0 0 0 0 0 0 0 0 0 0 0 0 0 0 0 0 0 0 0 0 0 0 0 0 0]
[635609662157367751209894856682193379551583971314084041151132861132932386397665250105973096350562573028020928683838383338545751506455 0 0 0 0 0 0 0 0 0 0 1 0 0 0 0 0 0 0 0 0 0 0 0 0 0 0 0 0 0 0 0 0 0 0 0 0 0 0 0 0 0 0 0]
[921440426699251362608960668847478674409993618906501437486081581761119591065551026804620389260608481223757788298664231852927889818036 0 0 0 0 0 0 0 0 0 0 0 1 0 0 0 0 0 0 0 0 0 0 0 0 0 0 0 0 0 0 0 0 0 0 0 0 0 0 0 0 0 0 0]
[1431737833471106662491589056013102058572183442547338615225829821535603391659816744090963235056135196586210424024589713469969122481953 0 0 0 0 0 0 0 0 0 0 0 0 1 0 0 0 0 0 0 0 0 0 0 0 0 0 0 0 0 0 0 0 0 0 0 0 0 0 0 0 0 0 0]
[1478466162061283585919891233764967251012835468367684104489273435177680553501869846998901512762339242471800546364264548664047703922466 0 0 0 0 0 0 0 0 0 0 0 0 0 1 0 0 0 0 0 0 0 0 0 0 0 0 0 0 0 0 0 0 0 0 0 0 0 0 0 0 0 0 0]
[2077156751156534364049459573445809990863537608601020743199270195536200604470610207960450846388633894561292622781893128391118316139694 0 0 0 0 0 0 0 0 0 0 0 0 0 0 1 0 0 0 0 0 0 0 0 0 0 0 0 0 0 0 0 0 0 0 0 0 0 0 0 0 0 0 0]
[634923227125637318587092740199722014516063362429498192989017858827755777419566507147947078807512466422612348187939445151798665066688 0 0 0 0 0 0 0 0 0 0 0 0 0 0 0 1 0 0 0 0 0 0 0 0 0 0 0 0 0 0 0 0 0 0 0 0 0 0 0 0 0 0 0]
[919199465424221517551631190498085742870391767351323009703446923131735821149184730891598608139450157630739107567489402745628081731319 0 0 0 0 0 0 0 0 0 0 0 0 0 0 0 0 1 0 0 0 0 0 0 0 0 0 0 0 0 0 0 0 0 0 0 0 0 0 0 0 0 0 0]
[50147557471162211178348985280193939805370121348424441159414598657169945514580437550792070450541707036624482954119890224303107071965 0 0 0 0 0 0 0 0 0 0 0 0 0 0 0 0 0 1 0 0 0 0 0 0 0 0 0 0 0 0 0 0 0 0 0 0 0 0 0 0 0 0 0]
[2136779147513348181350997517397446601789002229586684420544938897552653180518498715117554191502315291129731036099387014295951000126739 0 0 0 0 0 0 0 0 0 0 0 0 0 0 0 0 0 0 1 0 0 0 0 0 0 0 0 0 0 0 0 0 0 0 0 0 0 0 0 0 0 0 0]
[217054205933728676037231974836881678342584225910627445166454149314584673156866569290546145998377715235658117607137681110513039069984 0 0 0 0 0 0 0 0 0 0 0 0 0 0 0 0 0 0 0 1 0 0 0 0 0 0 0 0 0 0 0 0 0 0 0 0 0 0 0 0 0 0 0]
[482844967804884438243511994691143952279383813849273817713237710169750951749219641220176313083845658175872058268393740773941776768001 0 0 0 0 0 0 0 0 0 0 0 0 0 0 0 0 0 0 0 0 1 0 0 0 0 0 0 0 0 0 0 0 0 0 0 0 0 0 0 0 0 0 0]
[1934151199448957428041154834884893930589686514678165024518360085299685583135272937043444553349543979310391631701928267760844900744519 0 0 0 0 0 0 0 0 0 0 0 0 0 0 0 0 0 0 0 0 0 1 0 0 0 0 0 0 0 0 0 0 0 0 0 0 0 0 0 0 0 0 0]
[1577096946723805678395107618587380807820732188852859370475297428920551288098931829139526515886004094480734610818416601516189207200222 0 0 0 0 0 0 0 0 0 0 0 0 0 0 0 0 0 0 0 0 0 0 1 0 0 0 0 0 0 0 0 0 0 0 0 0 0 0 0 0 0 0 0]
[479840910101040853365370575724654346808496174244462648051797903265642752292227839812755553057309300823059362676876256299926905689840 0 0 0 0 0 0 0 0 0 0 0 0 0 0 0 0 0 0 0 0 0 0 0 1 0 0 0 0 0 0 0 0 0 0 0 0 0 0 0 0 0 0 0]
[379661920173638472486692828017981513746814145025109647380078350847505144332024208688279584686841142983210751718710864827272697374448 0 0 0 0 0 0 0 0 0 0 0 0 0 0 0 0 0 0 0 0 0 0 0 0 1 0 0 0 0 0 0 0 0 0 0 0 0 0 0 0 0 0 0]
[737006474002096958774096838478721463296698267567816094283008199229957069268132592741151093470972482023000749568460729914229290087771 0 0 0 0 0 0 0 0 0 0 0 0 0 0 0 0 0 0 0 0 0 0 0 0 0 1 0 0 0 0 0 0 0 0 0 0 0 0 0 0 0 0 0]
[263626330120262947448307164820201613017983884834581412431123406970093712552307140826181078019777757179073749062274207181513655626481 0 0 0 0 0 0 0 0 0 0 0 0 0 0 0 0 0 0 0 0 0 0 0 0 0 0 1 0 0 0 0 0 0 0 0 0 0 0 0 0 0 0 0]
[444310822890540164798857248178768517072759384420026281543629626286185801871581310109557256645529339774678053535217490212952902538538 0 0 0 0 0 0 0 0 0 0 0 0 0 0 0 0 0 0 0 0 0 0 0 0 0 0 0 1 0 0 0 0 0 0 0 0 0 0 0 0 0 0 0]
[1620086382042573360183697025948454649616376291180363954531104212579556146867386947860389431799764332649180842396239335248653945284390 0 0 0 0 0 0 0 0 0 0 0 0 0 0 0 0 0 0 0 0 0 0 0 0 0 0 0 0 1 0 0 0 0 0 0 0 0 0 0 0 0 0 0]
[257049082421960482291764444429478140430616634035042727280247198919240409435171148149548242059416998021060755618504023125864661535591 0 0 0 0 0 0 0 0 0 0 0 0 0 0 0 0 0 0 0 0 0 0 0 0 0 0 0 0 0 1 0 0 0 0 0 0 0 0 0 0 0 0 0]
[426355357625410012741645495010489030077433070812486548410326830560029980014321247767269452657050314112522411334812574344620743485381 0 0 0 0 0 0 0 0 0 0 0 0 0 0 0 0 0 0 0 0 0 0 0 0 0 0 0 0 0 0 1 0 0 0 0 0 0 0 0 0 0 0 0]
[334955807933807567081946698982313792343593067994549580997297579811717146265232509817575713057072569732213213339348807304579808412168 0 0 0 0 0 0 0 0 0 0 0 0 0 0 0 0 0 0 0 0 0 0 0 0 0 0 0 0 0 0 0 1 0 0 0 0 0 0 0 0 0 0 0]
[1068402536830021178117655985557877053864983936143784945331314305205426066045340325707589336779618024605271075445252010654475949581566 0 0 0 0 0 0 0 0 0 0 0 0 0 0 0 0 0 0 0 0 0 0 0 0 0 0 0 0 0 0 0 0 1 0 0 0 0 0 0 0 0 0 0]
[123513525586840828551522520444007074973864924307122527485288715900991515522382240899898589608008407843447592840784212725613562026904 0 0 0 0 0 0 0 0 0 0 0 0 0 0 0 0 0 0 0 0 0 0 0 0 0 0 0 0 0 0 0 0 0 1 0 0 0 0 0 0 0 0 0]
[608488427060631635723869424093968744746305402863332326089068046055629988334713076031243129270599631872967814891853339143813876277616 0 0 0 0 0 0 0 0 0 0 0 0 0 0 0 0 0 0 0 0 0 0 0 0 0 0 0 0 0 0 0 0 0 0 1 0 0 0 0 0 0 0 0]
[976315360767109627427296307209837917856440262542029860598911613982558092951564178150226328949916591110390432351807125000391126592740 0 0 0 0 0 0 0 0 0 0 0 0 0 0 0 0 0 0 0 0 0 0 0 0 0 0 0 0 0 0 0 0 0 0 0 1 0 0 0 0 0 0 0]
[49038081009038970315112736087315389535801534428283162871943985581749853475748578871310644293853001435764647341608340300603998802434 0 0 0 0 0 0 0 0 0 0 0 0 0 0 0 0 0 0 0 0 0 0 0 0 0 0 0 0 0 0 0 0 0 0 0 0 1 0 0 0 0 0 0]
[368191901191135140506469975440410350722801659921519100716608255142541260292717851178983579490117251250542847640885980824708741376493 0 0 0 0 0 0 0 0 0 0 0 0 0 0 0 0 0 0 0 0 0 0 0 0 0 0 0 0 0 0 0 0 0 0 0 0 0 1 0 0 0 0 0]
[768994774106747883387132392267159970846979300656160794027140369570248241063747688930583001108538962641987052741596397998433718642741 0 0 0 0 0 0 0 0 0 0 0 0 0 0 0 0 0 0 0 0 0 0 0 0 0 0 0 0 0 0 0 0 0 0 0 0 0 0 1 0 0 0 0]
[159287011289177946235705079101240606769699493390891607389602454400804799093547411232729715030416422591962328756182254672710829541298 0 0 0 0 0 0 0 0 0 0 0 0 0 0 0 0 0 0 0 0 0 0 0 0 0 0 0 0 0 0 0 0 0 0 0 0 0 0 0 1 0 0 0]
[2306485904344006584559808820858411946103728269714801628398210668253775556598709747097887275217175572567500423315368988131567723236772 0 0 0 0 0 0 0 0 0 0 0 0 0 0 0 0 0 0 0 0 0 0 0 0 0 0 0 0 0 0 0 0 0 0 0 0 0 0 0 0 1 0 0]
[707981103049752393343961622167185926139979459939280720255295600800887753042805000358655747643151666020309603322724400768212831268980 0 0 0 0 0 0 0 0 0 0 0 0 0 0 0 0 0 0 0 0 0 0 0 0 0 0 0 0 0 0 0 0 0 0 0 0 0 0 0 0 0 1 0]
[1556115784122875284459385626279235566243372434747187124315407745986248043608346757058368396921932693145447364150926771997490299151344 0 0 0 0 0 0 0 0 0 0 0 0 0 0 0 0 0 0 0 0 0 0 0 0 0 0 0 0 0 0 0 0 0 0 0 0 0 0 0 0 0 0 1]
]
