[[2744472390043891362379740255068310810887288830489357571287311709037573449611273787849847788496905238058501422827656633405453377960571165833009 0 0 0 0 0 0 0 0 0 0 0 0 0 0 0 0 0 0 0 0 0 0 0 0 0 0 0 0 0 0 0 0 0 0 0 0 0 0 0 0 0 0 0 0 0 0]
[445324546189271872946683526581591043207016537609550396057138374732579227733337463493503391234893361967825187743129570978067107205422134205697 1 0 0 0 0 0 0 0 0 0 0 0 0 0 0 0 0 0 0 0 0 0 0 0 0 0 0 0 0 0 0 0 0 0 0 0 0 0 0 0 0 0 0 0 0 0]
[1455646051643083754533010609621436861396389241099852406253113187796238888873039789958646189333510451465959917357166349497914108609985409281599 0 1 0 0 0 0 0 0 0 0 0 0 0 0 0 0 0 0 0 0 0 0 0 0 0 0 0 0 0 0 0 0 0 0 0 0 0 0 0 0 0 0 0 0 0 0]
[1949826398794187782797335481765233078325803696412011610948631994325315167472959200830557237592103903424683083475536095906738462591079486808409 0 0 1 0 0 0 0 0 0 0 0 0 0 0 0 0 0 0 0 0 0 0 0 0 0 0 0 0 0 0 0 0 0 0 0 0 0 0 0 0 0 0 0 0 0 0]
[1633324824722777257302867740892970953773123319943263311639868286672132079654247776870960055850268381452541036383861427169826835421040461071829 0 0 0 1 0 0 0 0 0 0 0 0 0 0 0 0 0 0 0 0 0 0 0 0 0 0 0 0 0 0 0 0 0 0 0 0 0 0 0 0 0 0 0 0 0 0]
[2223737554471731200766595611177884023298793605068013622329960095473290934785086987745692512886182033542019143413871147798121429099334297825372 0 0 0 0 1 0 0 0 0 0 0 0 0 0 0 0 0 0 0 0 0 0 0 0 0 0 0 0 0 0 0 0 0 0 0 0 0 0 0 0 0 0 0 0 0 0]
[711289621841629944275757438529572425504314587734579945617474623149960980020602864517095134949210378857904100844369644110028438108785859991283 0 0 0 0 0 1 0 0 0 0 0 0 0 0 0 0 0 0 0 0 0 0 0 0 0 0 0 0 0 0 0 0 0 0 0 0 0 0 0 0 0 0 0 0 0 0]
[1186266666074598832188267898263910188651824659068038581390163916473477736894505360526780590842525891835862188625318704230560320110531251076407 0 0 0 0 0 0 1 0 0 0 0 0 0 0 0 0 0 0 0 0 0 0 0 0 0 0 0 0 0 0 0 0 0 0 0 0 0 0 0 0 0 0 0 0 0 0]
[1708665921107333088153492495859114283643166824620481466765794846544782819205453472315461362350802870038045567133958817279973113395635192854764 0 0 0 0 0 0 0 1 0 0 0 0 0 0 0 0 0 0 0 0 0 0 0 0 0 0 0 0 0 0 0 0 0 0 0 0 0 0 0 0 0 0 0 0 0 0]
[1372082409579183075769813300573982222516848976442810483596710977162323733204280225781870771217734681965603565481879249519341235707268054423189 0 0 0 0 0 0 0 0 1 0 0 0 0 0 0 0 0 0 0 0 0 0 0 0 0 0 0 0 0 0 0 0 0 0 0 0 0 0 0 0 0 0 0 0 0 0]
[1134888040583100528436750736980670840496880657711854499053273166171138084224601933634285210415506171861692514998560072536712958554350746632048 0 0 0 0 0 0 0 0 0 1 0 0 0 0 0 0 0 0 0 0 0 0 0 0 0 0 0 0 0 0 0 0 0 0 0 0 0 0 0 0 0 0 0 0 0 0]
[2294603320991649958685659303873926347741859615131110704200202274452131759065426440429193642642631009805764971507120210784575592389765241710233 0 0 0 0 0 0 0 0 0 0 1 0 0 0 0 0 0 0 0 0 0 0 0 0 0 0 0 0 0 0 0 0 0 0 0 0 0 0 0 0 0 0 0 0 0 0]
[2603975388779679816404404416027958620223795262477928239547077405751569186825421530417974009700397387544354855299223899549205666911771711397892 0 0 0 0 0 0 0 0 0 0 0 1 0 0 0 0 0 0 0 0 0 0 0 0 0 0 0 0 0 0 0 0 0 0 0 0 0 0 0 0 0 0 0 0 0 0]
[93694813219187027002642677302438014236215392284088636860185152281514323912192089346566328418844696574809777705311933720688189165313659322312 0 0 0 0 0 0 0 0 0 0 0 0 1 0 0 0 0 0 0 0 0 0 0 0 0 0 0 0 0 0 0 0 0 0 0 0 0 0 0 0 0 0 0 0 0 0]
[2577341051280586816847516733018728335124216329090231767189218132614271542044787182912928715300022802824283253229644203261284669421658029158696 0 0 0 0 0 0 0 0 0 0 0 0 0 1 0 0 0 0 0 0 0 0 0 0 0 0 0 0 0 0 0 0 0 0 0 0 0 0 0 0 0 0 0 0 0 0]
[834077021014872005388307960708019387616286269491567033793645601094253023451177003049023734032313448035956959137632148874158633177748800349240 0 0 0 0 0 0 0 0 0 0 0 0 0 0 1 0 0 0 0 0 0 0 0 0 0 0 0 0 0 0 0 0 0 0 0 0 0 0 0 0 0 0 0 0 0 0]
[2192253569234762664752034872758729018171745014540685299437612972222793917910785707606096170817941433748999168297617183097784623230737708091761 0 0 0 0 0 0 0 0 0 0 0 0 0 0 0 1 0 0 0 0 0 0 0 0 0 0 0 0 0 0 0 0 0 0 0 0 0 0 0 0 0 0 0 0 0 0]
[1323047450290290216523355130110850842978649398436820956674335389339642897501618911569590449696465481744558923062686717668424698337020098520284 0 0 0 0 0 0 0 0 0 0 0 0 0 0 0 0 1 0 0 0 0 0 0 0 0 0 0 0 0 0 0 0 0 0 0 0 0 0 0 0 0 0 0 0 0 0]
[1979634530649289705442635626969429146462999049455220603545322733979064404946551973534243799117039014868063974819418149927073780765918754912706 0 0 0 0 0 0 0 0 0 0 0 0 0 0 0 0 0 1 0 0 0 0 0 0 0 0 0 0 0 0 0 0 0 0 0 0 0 0 0 0 0 0 0 0 0 0]
[678224066639550733965907741202028850207983919162335640424261060416094685427944320106702302070254860030893487842071060557555856110652031671244 0 0 0 0 0 0 0 0 0 0 0 0 0 0 0 0 0 0 1 0 0 0 0 0 0 0 0 0 0 0 0 0 0 0 0 0 0 0 0 0 0 0 0 0 0 0]
[2092795208837702589117816802541105675187047416770088057056592688939620318921346644629544279902957458072828875250725491197118286323903312542054 0 0 0 0 0 0 0 0 0 0 0 0 0 0 0 0 0 0 0 1 0 0 0 0 0 0 0 0 0 0 0 0 0 0 0 0 0 0 0 0 0 0 0 0 0 0]
[2107084256328663061499237285943178088639926459151273253134166318857290983136435480429945212307702605915272225570900766431539384253177343504221 0 0 0 0 0 0 0 0 0 0 0 0 0 0 0 0 0 0 0 0 1 0 0 0 0 0 0 0 0 0 0 0 0 0 0 0 0 0 0 0 0 0 0 0 0 0]
[354402256841274566796289642664173414175549556439430273345724960020633343034819651339786007085677201295787979100938842076624287128775975337783 0 0 0 0 0 0 0 0 0 0 0 0 0 0 0 0 0 0 0 0 0 1 0 0 0 0 0 0 0 0 0 0 0 0 0 0 0 0 0 0 0 0 0 0 0 0]
[675220412844205473976688559117957383768572964377820950659912173630358402485987578360237503808560232068912636561851366952629889127519214394649 0 0 0 0 0 0 0 0 0 0 0 0 0 0 0 0 0 0 0 0 0 0 1 0 0 0 0 0 0 0 0 0 0 0 0 0 0 0 0 0 0 0 0 0 0 0]
[1206679930658585277173010441394469171507929125899543156589027294629769863729680109133719594629154508876331584100555084316947241227947314618113 0 0 0 0 0 0 0 0 0 0 0 0 0 0 0 0 0 0 0 0 0 0 0 1 0 0 0 0 0 0 0 0 0 0 0 0 0 0 0 0 0 0 0 0 0 0]
[2609302706698771941761473099047053916385181418874401771411698052858433547812395589555685661931933802741493902277617017476790201336569143995228 0 0 0 0 0 0 0 0 0 0 0 0 0 0 0 0 0 0 0 0 0 0 0 0 1 0 0 0 0 0 0 0 0 0 0 0 0 0 0 0 0 0 0 0 0 0]
[1355598296189123724900673442800799205996567713493646590190792271403521129325108072711375394863393546703460721843971022913896049648771336900452 0 0 0 0 0 0 0 0 0 0 0 0 0 0 0 0 0 0 0 0 0 0 0 0 0 1 0 0 0 0 0 0 0 0 0 0 0 0 0 0 0 0 0 0 0 0]
[1611132418416024581157488312752435966567593889731857910108551615043515534623892726999051745768859772152556411035277285172013978067605334646388 0 0 0 0 0 0 0 0 0 0 0 0 0 0 0 0 0 0 0 0 0 0 0 0 0 0 1 0 0 0 0 0 0 0 0 0 0 0 0 0 0 0 0 0 0 0]
[2070365185617879902802282808359386477399203468043784617840003627051733304023886211122433525451328883001980850361007097964312965576920500522538 0 0 0 0 0 0 0 0 0 0 0 0 0 0 0 0 0 0 0 0 0 0 0 0 0 0 0 1 0 0 0 0 0 0 0 0 0 0 0 0 0 0 0 0 0 0]
[2153126766737562237863266363008024001056633885841989996353991032037458972537600106339484436620151040438039150669881037608537798468696060980755 0 0 0 0 0 0 0 0 0 0 0 0 0 0 0 0 0 0 0 0 0 0 0 0 0 0 0 0 1 0 0 0 0 0 0 0 0 0 0 0 0 0 0 0 0 0]
[213816823601937973567102981111952503468146170307280789979232290170502688807284722845920929767904694641605339865074654249859517789736786190964 0 0 0 0 0 0 0 0 0 0 0 0 0 0 0 0 0 0 0 0 0 0 0 0 0 0 0 0 0 1 0 0 0 0 0 0 0 0 0 0 0 0 0 0 0 0]
[630846141922611863023590498205494993954801520524457273356957696979944208127952149875694031346219125822441641675960543587727426902904361427709 0 0 0 0 0 0 0 0 0 0 0 0 0 0 0 0 0 0 0 0 0 0 0 0 0 0 0 0 0 0 1 0 0 0 0 0 0 0 0 0 0 0 0 0 0 0]
[1462438602832321950950038258895286081262856341444052433419858842933216978914795136328726310119068512506695882879478113875357749504040337531260 0 0 0 0 0 0 0 0 0 0 0 0 0 0 0 0 0 0 0 0 0 0 0 0 0 0 0 0 0 0 0 1 0 0 0 0 0 0 0 0 0 0 0 0 0 0]
[1497402313692129419527953263532975250417403982009298752054322034088582498670864274830486321960195174712602221614756437529989172106861899545807 0 0 0 0 0 0 0 0 0 0 0 0 0 0 0 0 0 0 0 0 0 0 0 0 0 0 0 0 0 0 0 0 1 0 0 0 0 0 0 0 0 0 0 0 0 0]
[207984305831895514466378159870982800508548676437567413191124074558204946980096664365467449617939846605544079881921347326794253381081507307970 0 0 0 0 0 0 0 0 0 0 0 0 0 0 0 0 0 0 0 0 0 0 0 0 0 0 0 0 0 0 0 0 0 1 0 0 0 0 0 0 0 0 0 0 0 0]
[271409901256828296405881575175827514160655014050720934269801330619589847141226335410042496368612044884033011595285983936742680712869294244470 0 0 0 0 0 0 0 0 0 0 0 0 0 0 0 0 0 0 0 0 0 0 0 0 0 0 0 0 0 0 0 0 0 0 1 0 0 0 0 0 0 0 0 0 0 0]
[306155047903252894108417914711019387857472193693445295609333007056801168251282850953789548607876879226816238685403136820331725855205822715822 0 0 0 0 0 0 0 0 0 0 0 0 0 0 0 0 0 0 0 0 0 0 0 0 0 0 0 0 0 0 0 0 0 0 0 1 0 0 0 0 0 0 0 0 0 0]
[2332197412396479215977304222168091215904519198318374939189152721979083356787365490539527974050207433448327057671874456049671859136294732683837 0 0 0 0 0 0 0 0 0 0 0 0 0 0 0 0 0 0 0 0 0 0 0 0 0 0 0 0 0 0 0 0 0 0 0 0 1 0 0 0 0 0 0 0 0 0]
[1737314208667851895718412520191566464216565555721581176122216252763049564589278122393811771841629401292681016742328170190219122746676651703025 0 0 0 0 0 0 0 0 0 0 0 0 0 0 0 0 0 0 0 0 0 0 0 0 0 0 0 0 0 0 0 0 0 0 0 0 0 1 0 0 0 0 0 0 0 0]
[2538083761799046094614005021494645697426524320915060283663463780710820940343438924151225798719104816834374681149886931389482063102344481489556 0 0 0 0 0 0 0 0 0 0 0 0 0 0 0 0 0 0 0 0 0 0 0 0 0 0 0 0 0 0 0 0 0 0 0 0 0 0 1 0 0 0 0 0 0 0]
[1456491458959580810826453915183528078674812118630050348924290674128733909469911088958497719399872664364083606924209659944267690256731708796244 0 0 0 0 0 0 0 0 0 0 0 0 0 0 0 0 0 0 0 0 0 0 0 0 0 0 0 0 0 0 0 0 0 0 0 0 0 0 0 1 0 0 0 0 0 0]
[1756354408373288989103202246485319045320750136501944135609725977739757618498576577766671658990341535664594404399739204326958625026086776322753 0 0 0 0 0 0 0 0 0 0 0 0 0 0 0 0 0 0 0 0 0 0 0 0 0 0 0 0 0 0 0 0 0 0 0 0 0 0 0 0 1 0 0 0 0 0]
[571431915548321803772366977827837227122771925127654370479712026304401878928706528277921567150883614499088002693452092296319420964605526548947 0 0 0 0 0 0 0 0 0 0 0 0 0 0 0 0 0 0 0 0 0 0 0 0 0 0 0 0 0 0 0 0 0 0 0 0 0 0 0 0 0 1 0 0 0 0]
[1797053271698333785911534900316767435123128884102666518545221382502023674701181981947785408332207553090847088825191666904912633071595397565621 0 0 0 0 0 0 0 0 0 0 0 0 0 0 0 0 0 0 0 0 0 0 0 0 0 0 0 0 0 0 0 0 0 0 0 0 0 0 0 0 0 0 1 0 0 0]
[2057508102627202669759674210815403181964831235318920403817018931843597328056187882051035220240695927760216529278349527517130439259883217005704 0 0 0 0 0 0 0 0 0 0 0 0 0 0 0 0 0 0 0 0 0 0 0 0 0 0 0 0 0 0 0 0 0 0 0 0 0 0 0 0 0 0 0 1 0 0]
[1236535115758662994801900146867282758800394716315151906274136540289934175019955810086861541535929957187723045881953149132463224618923023573179 0 0 0 0 0 0 0 0 0 0 0 0 0 0 0 0 0 0 0 0 0 0 0 0 0 0 0 0 0 0 0 0 0 0 0 0 0 0 0 0 0 0 0 0 1 0]
[1265448090908796509047368841453167059617270346936863955846137404932731628408378170720769150647433453868683971678957558286303828142099993899351 0 0 0 0 0 0 0 0 0 0 0 0 0 0 0 0 0 0 0 0 0 0 0 0 0 0 0 0 0 0 0 0 0 0 0 0 0 0 0 0 0 0 0 0 0 1]
]
