[[3415180233553065868415037966386506039003159906261989706039472204154252365161329664814919899940009579801165176219700081652934858141141577136871278494476670184405595670061635607101937293550702113641 0 0 0 0 0 0 0 0 0 0 0 0 0 0 0 0 0 0 0 0 0 0 0 0 0 0 0 0 0 0 0 0 0 0 0 0 0 0 0 0 0 0 0 0 0 0 0 0 0 0 0 0 0 0 0 0 0 0 0 0 0 0 0 0]
[357596093546766837349848348638641961558044308803140386002830508453799386892343240702811787191854496858785831610376075685153847370596024737322017038405277419204407349695032769644084982629549630497 1 0 0 0 0 0 0 0 0 0 0 0 0 0 0 0 0 0 0 0 0 0 0 0 0 0 0 0 0 0 0 0 0 0 0 0 0 0 0 0 0 0 0 0 0 0 0 0 0 0 0 0 0 0 0 0 0 0 0 0 0 0 0 0]
[2782549777238320826021856816843522776073077701340701744897668929659104438399384918110432288797436163567873009334075525944310178823691342140020525630913227773492926442099825137432993178235115606780 0 1 0 0 0 0 0 0 0 0 0 0 0 0 0 0 0 0 0 0 0 0 0 0 0 0 0 0 0 0 0 0 0 0 0 0 0 0 0 0 0 0 0 0 0 0 0 0 0 0 0 0 0 0 0 0 0 0 0 0 0 0 0 0]
[241271793547036495536410656667044114346378058273704300940824526036345445749228021156454249894438689749030467411422102461384319684217593284321784957667012001200860445420162453623083042927152312627 0 0 1 0 0 0 0 0 0 0 0 0 0 0 0 0 0 0 0 0 0 0 0 0 0 0 0 0 0 0 0 0 0 0 0 0 0 0 0 0 0 0 0 0 0 0 0 0 0 0 0 0 0 0 0 0 0 0 0 0 0 0 0 0]
[2908966988405005437978179267665395389029987158152714741887484765573034509377801216973732413257188528901773692420637226883372385542486671093956560397353850194103922310231446285929501353989610974095 0 0 0 1 0 0 0 0 0 0 0 0 0 0 0 0 0 0 0 0 0 0 0 0 0 0 0 0 0 0 0 0 0 0 0 0 0 0 0 0 0 0 0 0 0 0 0 0 0 0 0 0 0 0 0 0 0 0 0 0 0 0 0 0]
[113034999731751457106414650454644964883733805391566502711649494418789580157062226856966696735137306385723650518457890018497732239074426562347664910989837712949278580106456671963287739241662785633 0 0 0 0 1 0 0 0 0 0 0 0 0 0 0 0 0 0 0 0 0 0 0 0 0 0 0 0 0 0 0 0 0 0 0 0 0 0 0 0 0 0 0 0 0 0 0 0 0 0 0 0 0 0 0 0 0 0 0 0 0 0 0 0]
[2984656929693290359056692660004157617595374205339966461138166059753559599862828745890034292057807089665383071850523227433168791662747713681630118484433339526490167397837317403746969018202316979139 0 0 0 0 0 1 0 0 0 0 0 0 0 0 0 0 0 0 0 0 0 0 0 0 0 0 0 0 0 0 0 0 0 0 0 0 0 0 0 0 0 0 0 0 0 0 0 0 0 0 0 0 0 0 0 0 0 0 0 0 0 0 0 0]
[1883841062759575702079796822407286732232757803870714489167036504611732925298072928783878320884893331043523352170891108398280783525131085478108682314050698358919443638641438958131990490932363425659 0 0 0 0 0 0 1 0 0 0 0 0 0 0 0 0 0 0 0 0 0 0 0 0 0 0 0 0 0 0 0 0 0 0 0 0 0 0 0 0 0 0 0 0 0 0 0 0 0 0 0 0 0 0 0 0 0 0 0 0 0 0 0 0]
[2367405110465308164234025126226682196297998027126673740610555909216029873730917560583538005875966725414355560735206834360426254965073520966552832861807145772072298910781465249885678180501548675632 0 0 0 0 0 0 0 1 0 0 0 0 0 0 0 0 0 0 0 0 0 0 0 0 0 0 0 0 0 0 0 0 0 0 0 0 0 0 0 0 0 0 0 0 0 0 0 0 0 0 0 0 0 0 0 0 0 0 0 0 0 0 0 0]
[1306083048422014693639823853155223200222875989733448008281769003969107787250497652698196130768335803195778203938301456616617771266843645830679049160408616482507164736959707897601286451535062472899 0 0 0 0 0 0 0 0 1 0 0 0 0 0 0 0 0 0 0 0 0 0 0 0 0 0 0 0 0 0 0 0 0 0 0 0 0 0 0 0 0 0 0 0 0 0 0 0 0 0 0 0 0 0 0 0 0 0 0 0 0 0 0 0]
[920641460340692391557172690928632110274719689702361893479454715826925908842091330270449066374460159892210997460381030777729509860884632503835864910651201712749849316349173028385743218587047081034 0 0 0 0 0 0 0 0 0 1 0 0 0 0 0 0 0 0 0 0 0 0 0 0 0 0 0 0 0 0 0 0 0 0 0 0 0 0 0 0 0 0 0 0 0 0 0 0 0 0 0 0 0 0 0 0 0 0 0 0 0 0 0 0]
[1004559518293577729330083976004501638392487314088391670230635412039669685462216873050461808165966496025179127576270119410692314506134570921902917757440830767152880552817985224521285730124320787730 0 0 0 0 0 0 0 0 0 0 1 0 0 0 0 0 0 0 0 0 0 0 0 0 0 0 0 0 0 0 0 0 0 0 0 0 0 0 0 0 0 0 0 0 0 0 0 0 0 0 0 0 0 0 0 0 0 0 0 0 0 0 0 0]
[591868327587678147001943262171221467705263996176824933038197823268165088991037684706302985848512641296935314119582063441361344428622243235376672768045631076522854546225477898713009015796011061639 0 0 0 0 0 0 0 0 0 0 0 1 0 0 0 0 0 0 0 0 0 0 0 0 0 0 0 0 0 0 0 0 0 0 0 0 0 0 0 0 0 0 0 0 0 0 0 0 0 0 0 0 0 0 0 0 0 0 0 0 0 0 0 0]
[813164564941994525851078882347075328450015746039255026709303396315133113811131764252937945662328989834710577142414318371332688236907896902023262478249065080190477952023259016544083608464732978260 0 0 0 0 0 0 0 0 0 0 0 0 1 0 0 0 0 0 0 0 0 0 0 0 0 0 0 0 0 0 0 0 0 0 0 0 0 0 0 0 0 0 0 0 0 0 0 0 0 0 0 0 0 0 0 0 0 0 0 0 0 0 0 0]
[745929042012084042974365756083646797200268264119568774363001639103021645559232419088492390341040605054815521543867961003022382632042810009671612585519384149394392735960279788924755639342630983691 0 0 0 0 0 0 0 0 0 0 0 0 0 1 0 0 0 0 0 0 0 0 0 0 0 0 0 0 0 0 0 0 0 0 0 0 0 0 0 0 0 0 0 0 0 0 0 0 0 0 0 0 0 0 0 0 0 0 0 0 0 0 0 0]
[2624847054675205263719746337780173972755878552165018314705458087532631090237525275820466485945927796239009691565763679708225828629889306936081948988029097724112205435855055320808104392393419353252 0 0 0 0 0 0 0 0 0 0 0 0 0 0 1 0 0 0 0 0 0 0 0 0 0 0 0 0 0 0 0 0 0 0 0 0 0 0 0 0 0 0 0 0 0 0 0 0 0 0 0 0 0 0 0 0 0 0 0 0 0 0 0 0]
[1927009041668785101023289903023521714759051650003128172684343469894542604021406438280437566967799507848169986261198749611965214857759211771106043329371098970995209478098881881831853181313777293784 0 0 0 0 0 0 0 0 0 0 0 0 0 0 0 1 0 0 0 0 0 0 0 0 0 0 0 0 0 0 0 0 0 0 0 0 0 0 0 0 0 0 0 0 0 0 0 0 0 0 0 0 0 0 0 0 0 0 0 0 0 0 0 0]
[813567028553050046133987579960098416400330500334998027093171744277943280489939060713260341712908009999003205918276308061633736602255341543970417520102177554748364615348690563261944851279868834610 0 0 0 0 0 0 0 0 0 0 0 0 0 0 0 0 1 0 0 0 0 0 0 0 0 0 0 0 0 0 0 0 0 0 0 0 0 0 0 0 0 0 0 0 0 0 0 0 0 0 0 0 0 0 0 0 0 0 0 0 0 0 0 0]
[402842458573524138931625325387955094667829221057453524357541120135546377489620069516587741792318456842861392278475810881345531465834376480668652546959746465590263480482573234807070379307407954957 0 0 0 0 0 0 0 0 0 0 0 0 0 0 0 0 0 1 0 0 0 0 0 0 0 0 0 0 0 0 0 0 0 0 0 0 0 0 0 0 0 0 0 0 0 0 0 0 0 0 0 0 0 0 0 0 0 0 0 0 0 0 0 0]
[2596526583740300771178291792052303670797049256225349482056210632635496132009980976462481414124452913846634349283461639792898167875161885038849740532268527107592653924619626382988109112948602286447 0 0 0 0 0 0 0 0 0 0 0 0 0 0 0 0 0 0 1 0 0 0 0 0 0 0 0 0 0 0 0 0 0 0 0 0 0 0 0 0 0 0 0 0 0 0 0 0 0 0 0 0 0 0 0 0 0 0 0 0 0 0 0 0]
[1589109097235785770210120934023379108309403618965939276977877634222266277073621898245071324633144995780499040088483205684549006260559865022721375105861357213535462531492900645155390048869077451491 0 0 0 0 0 0 0 0 0 0 0 0 0 0 0 0 0 0 0 1 0 0 0 0 0 0 0 0 0 0 0 0 0 0 0 0 0 0 0 0 0 0 0 0 0 0 0 0 0 0 0 0 0 0 0 0 0 0 0 0 0 0 0 0]
[1219921841867912171251324088614959790819485583678583238972799149394629606396787873853207340672139609310864556517878137705085507401030627664657951418855093342924498706230448942766060202821646498085 0 0 0 0 0 0 0 0 0 0 0 0 0 0 0 0 0 0 0 0 1 0 0 0 0 0 0 0 0 0 0 0 0 0 0 0 0 0 0 0 0 0 0 0 0 0 0 0 0 0 0 0 0 0 0 0 0 0 0 0 0 0 0 0]
[109979183688481671347282801440593032503336310783181945254777436102483772749512172273427383822299550156098839645781727056253932604767700585375574003829725896668571866274721209017900304380405306362 0 0 0 0 0 0 0 0 0 0 0 0 0 0 0 0 0 0 0 0 0 1 0 0 0 0 0 0 0 0 0 0 0 0 0 0 0 0 0 0 0 0 0 0 0 0 0 0 0 0 0 0 0 0 0 0 0 0 0 0 0 0 0 0]
[384489109840921558588075546171370737423813005687554631565815256623139645129299107837873975650526504944051235379416511134261535804587017438227757660116397170318809967593333992306541407403983138099 0 0 0 0 0 0 0 0 0 0 0 0 0 0 0 0 0 0 0 0 0 0 1 0 0 0 0 0 0 0 0 0 0 0 0 0 0 0 0 0 0 0 0 0 0 0 0 0 0 0 0 0 0 0 0 0 0 0 0 0 0 0 0 0]
[2971057334244265103916816540712941251603129799990542652792309784339892821792967383742569614833988590094327760769154306993810248882695001950584547094995877408340733322057547856614422115668395840554 0 0 0 0 0 0 0 0 0 0 0 0 0 0 0 0 0 0 0 0 0 0 0 1 0 0 0 0 0 0 0 0 0 0 0 0 0 0 0 0 0 0 0 0 0 0 0 0 0 0 0 0 0 0 0 0 0 0 0 0 0 0 0 0]
[132076466808807977381315817489144476922328979007129273500627826988670375165473936092611812860240046457020187026979919024175617284931655484748052001852855269850662554393481997357913948406671239866 0 0 0 0 0 0 0 0 0 0 0 0 0 0 0 0 0 0 0 0 0 0 0 0 1 0 0 0 0 0 0 0 0 0 0 0 0 0 0 0 0 0 0 0 0 0 0 0 0 0 0 0 0 0 0 0 0 0 0 0 0 0 0 0]
[1747081998574454404805772950613253088489985309813794460715313844691902538627063459480153988926815128858892107427432295481447744907520567753941129107926663508271815229395374840515932615771384835456 0 0 0 0 0 0 0 0 0 0 0 0 0 0 0 0 0 0 0 0 0 0 0 0 0 1 0 0 0 0 0 0 0 0 0 0 0 0 0 0 0 0 0 0 0 0 0 0 0 0 0 0 0 0 0 0 0 0 0 0 0 0 0 0]
[1693701181470893556094836247418087077738689322214934504449454517339946936566327615819471625046820877125057643459802847249302509663866864069020708734244835584007241522009946735256657470582819493366 0 0 0 0 0 0 0 0 0 0 0 0 0 0 0 0 0 0 0 0 0 0 0 0 0 0 1 0 0 0 0 0 0 0 0 0 0 0 0 0 0 0 0 0 0 0 0 0 0 0 0 0 0 0 0 0 0 0 0 0 0 0 0 0]
[1830205330526682825455330175455860865046117766081382135092241832457890549234183487788655133068125811523350310423498192013420297758220566894527121583494798458851185443970051510290062761643246030520 0 0 0 0 0 0 0 0 0 0 0 0 0 0 0 0 0 0 0 0 0 0 0 0 0 0 0 1 0 0 0 0 0 0 0 0 0 0 0 0 0 0 0 0 0 0 0 0 0 0 0 0 0 0 0 0 0 0 0 0 0 0 0 0]
[1825186749312700453196230139932343659233421036355940222536479401809313855740144830166004939387286901268455655985947617455707638562990426464944251433476162350544949205675756333493840445178699858730 0 0 0 0 0 0 0 0 0 0 0 0 0 0 0 0 0 0 0 0 0 0 0 0 0 0 0 0 1 0 0 0 0 0 0 0 0 0 0 0 0 0 0 0 0 0 0 0 0 0 0 0 0 0 0 0 0 0 0 0 0 0 0 0]
[1313771869617881540144298734680015042530279300488969760720158470707636417220772383951339297425777052890134031602902374358049059518379900622572035360033655800614499250751812466213466241411733644073 0 0 0 0 0 0 0 0 0 0 0 0 0 0 0 0 0 0 0 0 0 0 0 0 0 0 0 0 0 1 0 0 0 0 0 0 0 0 0 0 0 0 0 0 0 0 0 0 0 0 0 0 0 0 0 0 0 0 0 0 0 0 0 0]
[535221072012115975992245778516150911192756936357851324015131940657755953509415135322067388775108173425073697683582922468364981690929812105383119962685015877582406356707129949699461419928039964915 0 0 0 0 0 0 0 0 0 0 0 0 0 0 0 0 0 0 0 0 0 0 0 0 0 0 0 0 0 0 1 0 0 0 0 0 0 0 0 0 0 0 0 0 0 0 0 0 0 0 0 0 0 0 0 0 0 0 0 0 0 0 0 0]
[1013741009068438478996276549209837026259369074456873779122723920087473970083342159169997822419914814923208205072995904171061125840640824887503693103534975604757875402163810544213573338971466778559 0 0 0 0 0 0 0 0 0 0 0 0 0 0 0 0 0 0 0 0 0 0 0 0 0 0 0 0 0 0 0 1 0 0 0 0 0 0 0 0 0 0 0 0 0 0 0 0 0 0 0 0 0 0 0 0 0 0 0 0 0 0 0 0]
[1430130881122659301355277551031916884657015968091141890657902636256945373842003430937620317658905259312591752625067409272553339990724855246587685935617323694195428860232578369619892379332117147875 0 0 0 0 0 0 0 0 0 0 0 0 0 0 0 0 0 0 0 0 0 0 0 0 0 0 0 0 0 0 0 0 1 0 0 0 0 0 0 0 0 0 0 0 0 0 0 0 0 0 0 0 0 0 0 0 0 0 0 0 0 0 0 0]
[1808584254091327142066393912701145127202498620235325987937229982384751956206438812110562607726271251070946848442892455966995072543478466088431678809557116630457507075708515691291138344070143655184 0 0 0 0 0 0 0 0 0 0 0 0 0 0 0 0 0 0 0 0 0 0 0 0 0 0 0 0 0 0 0 0 0 1 0 0 0 0 0 0 0 0 0 0 0 0 0 0 0 0 0 0 0 0 0 0 0 0 0 0 0 0 0 0]
[2248818980067274382416298652694289819169124123345123488690293824477724987645207151523100000973503041341337508404220653925114207492409503599321652300590391935925203304418142972041453919889167083542 0 0 0 0 0 0 0 0 0 0 0 0 0 0 0 0 0 0 0 0 0 0 0 0 0 0 0 0 0 0 0 0 0 0 1 0 0 0 0 0 0 0 0 0 0 0 0 0 0 0 0 0 0 0 0 0 0 0 0 0 0 0 0 0]
[1520946683457586272742402344468004521291940096899717140822437424259844211663484946382778741002598607124968157613650103943087907087592091247732304238418785744374515962044084024551871959829741763158 0 0 0 0 0 0 0 0 0 0 0 0 0 0 0 0 0 0 0 0 0 0 0 0 0 0 0 0 0 0 0 0 0 0 0 1 0 0 0 0 0 0 0 0 0 0 0 0 0 0 0 0 0 0 0 0 0 0 0 0 0 0 0 0]
[2023961414201607368355266373197622412924279358160939182343868797952009022300131601983023232964979657902471731846717205944982590686845319162313781258980622671409466027314080326172902414464039229737 0 0 0 0 0 0 0 0 0 0 0 0 0 0 0 0 0 0 0 0 0 0 0 0 0 0 0 0 0 0 0 0 0 0 0 0 1 0 0 0 0 0 0 0 0 0 0 0 0 0 0 0 0 0 0 0 0 0 0 0 0 0 0 0]
[360317699619037326078050396413327668011065500176062644072137445269241509015628828720193600718512525018010506002047960886358377007746379761471347780952160102293640713683429852316633182998127829460 0 0 0 0 0 0 0 0 0 0 0 0 0 0 0 0 0 0 0 0 0 0 0 0 0 0 0 0 0 0 0 0 0 0 0 0 0 1 0 0 0 0 0 0 0 0 0 0 0 0 0 0 0 0 0 0 0 0 0 0 0 0 0 0]
[1166255077811772206544331400231019465880790803683163689084058450343856386613150369706103345692524129514689681238963149351863927433734031639426661570741051232382011485893533964489931479421850689490 0 0 0 0 0 0 0 0 0 0 0 0 0 0 0 0 0 0 0 0 0 0 0 0 0 0 0 0 0 0 0 0 0 0 0 0 0 0 1 0 0 0 0 0 0 0 0 0 0 0 0 0 0 0 0 0 0 0 0 0 0 0 0 0]
[1944707040683640208812277962531886533001988500339846585352974094789898574174225059099983733586246837405154063750501696592351821563450159653927633880970722734149074891918417103312187533574886809260 0 0 0 0 0 0 0 0 0 0 0 0 0 0 0 0 0 0 0 0 0 0 0 0 0 0 0 0 0 0 0 0 0 0 0 0 0 0 0 1 0 0 0 0 0 0 0 0 0 0 0 0 0 0 0 0 0 0 0 0 0 0 0 0]
[3084404700108939617975979949888276402836492694869114826258752226944331800101911863863795434493223222610634661731076490570452174919962847024211441548313253708954474624533032427912426713582114727461 0 0 0 0 0 0 0 0 0 0 0 0 0 0 0 0 0 0 0 0 0 0 0 0 0 0 0 0 0 0 0 0 0 0 0 0 0 0 0 0 1 0 0 0 0 0 0 0 0 0 0 0 0 0 0 0 0 0 0 0 0 0 0 0]
[1646225878025565700167212813404377671126656736520849942081000553469946950560030257752965059844680078883723657588974511595726740531024070247667572205949574621164675355479558187351868114736941460733 0 0 0 0 0 0 0 0 0 0 0 0 0 0 0 0 0 0 0 0 0 0 0 0 0 0 0 0 0 0 0 0 0 0 0 0 0 0 0 0 0 1 0 0 0 0 0 0 0 0 0 0 0 0 0 0 0 0 0 0 0 0 0 0]
[2078738209035074820929148526460849135649355039082220937723326908882922812401624941771530601740087397000697701144391087071582220142560783506870078549545501660091844153058968179316628526666425479298 0 0 0 0 0 0 0 0 0 0 0 0 0 0 0 0 0 0 0 0 0 0 0 0 0 0 0 0 0 0 0 0 0 0 0 0 0 0 0 0 0 0 1 0 0 0 0 0 0 0 0 0 0 0 0 0 0 0 0 0 0 0 0 0]
[859742036502922640032026896750666496400037347107415976717685294681713872212260800400361017008806922239880458906565007972299873271957935962366986926706429466687751012910906865764321086618260707246 0 0 0 0 0 0 0 0 0 0 0 0 0 0 0 0 0 0 0 0 0 0 0 0 0 0 0 0 0 0 0 0 0 0 0 0 0 0 0 0 0 0 0 1 0 0 0 0 0 0 0 0 0 0 0 0 0 0 0 0 0 0 0 0]
[2907783378135716818592142274850932699334461474902893275177159514403064290866468718901590220255785489888673049653858928291530734895418650537452061565948951989972129683865542828606755869858549583186 0 0 0 0 0 0 0 0 0 0 0 0 0 0 0 0 0 0 0 0 0 0 0 0 0 0 0 0 0 0 0 0 0 0 0 0 0 0 0 0 0 0 0 0 1 0 0 0 0 0 0 0 0 0 0 0 0 0 0 0 0 0 0 0]
[2310380886019661944426108177797477254501829884450027203458391855495510308384259015117226974956709844949198167201506544640571340633600548776350655119526686235567093204649635331214850703824871065367 0 0 0 0 0 0 0 0 0 0 0 0 0 0 0 0 0 0 0 0 0 0 0 0 0 0 0 0 0 0 0 0 0 0 0 0 0 0 0 0 0 0 0 0 0 1 0 0 0 0 0 0 0 0 0 0 0 0 0 0 0 0 0 0]
[644987823595595975329231926609326304207348266872191918803710549112582012438015016079972930695524821456654646296304540081332176328297539225059929636129660043085847273195755781733758673143536961193 0 0 0 0 0 0 0 0 0 0 0 0 0 0 0 0 0 0 0 0 0 0 0 0 0 0 0 0 0 0 0 0 0 0 0 0 0 0 0 0 0 0 0 0 0 0 1 0 0 0 0 0 0 0 0 0 0 0 0 0 0 0 0 0]
[799182422639799781776272896618788587070544831979437008226095077292097615476851306314522646232608541643060916888100574051985880321748002435128086701685041971198538257214892812728044552559646610056 0 0 0 0 0 0 0 0 0 0 0 0 0 0 0 0 0 0 0 0 0 0 0 0 0 0 0 0 0 0 0 0 0 0 0 0 0 0 0 0 0 0 0 0 0 0 0 1 0 0 0 0 0 0 0 0 0 0 0 0 0 0 0 0]
[3114750311250207214208105644393213231701565749194661647145817274235140748685044840250737025927787825370494605077774671624575311690873601320498631867484333632475210614013638352198202749335377544133 0 0 0 0 0 0 0 0 0 0 0 0 0 0 0 0 0 0 0 0 0 0 0 0 0 0 0 0 0 0 0 0 0 0 0 0 0 0 0 0 0 0 0 0 0 0 0 0 1 0 0 0 0 0 0 0 0 0 0 0 0 0 0 0]
[2074007537308246775832349444373822265549792115416563003342618948530478380395005313287709275499615267993297108254778068781939432790339409663887770174938493700200482167678409395337652509429176751182 0 0 0 0 0 0 0 0 0 0 0 0 0 0 0 0 0 0 0 0 0 0 0 0 0 0 0 0 0 0 0 0 0 0 0 0 0 0 0 0 0 0 0 0 0 0 0 0 0 1 0 0 0 0 0 0 0 0 0 0 0 0 0 0]
[1567664016124448104741267727636555995075411728826200413892580006577164026846587470172845272115338816526870356967812405056888646725802180673825275730372048632418668763574504660214013870106869220710 0 0 0 0 0 0 0 0 0 0 0 0 0 0 0 0 0 0 0 0 0 0 0 0 0 0 0 0 0 0 0 0 0 0 0 0 0 0 0 0 0 0 0 0 0 0 0 0 0 0 1 0 0 0 0 0 0 0 0 0 0 0 0 0]
[865870347468756404493386396449227108128720742450469819706706822387556112520435799531791739947948056149931821704950522152997598564160940412934345521096008937328285216924612310725404896023455571390 0 0 0 0 0 0 0 0 0 0 0 0 0 0 0 0 0 0 0 0 0 0 0 0 0 0 0 0 0 0 0 0 0 0 0 0 0 0 0 0 0 0 0 0 0 0 0 0 0 0 0 1 0 0 0 0 0 0 0 0 0 0 0 0]
[787358183114738626981549500127613030538333975514542764759790106633312204810711734802979944310364508852834527336324048679634885748583263405672525842269094362189042714780597688876391638024267729300 0 0 0 0 0 0 0 0 0 0 0 0 0 0 0 0 0 0 0 0 0 0 0 0 0 0 0 0 0 0 0 0 0 0 0 0 0 0 0 0 0 0 0 0 0 0 0 0 0 0 0 0 1 0 0 0 0 0 0 0 0 0 0 0]
[2509725456738812665212227679337941737478244350456227523624052109057748536400156284708278886316851791242292958554641799877005780176013680451818879842620930058623802711351064814359051813998621938959 0 0 0 0 0 0 0 0 0 0 0 0 0 0 0 0 0 0 0 0 0 0 0 0 0 0 0 0 0 0 0 0 0 0 0 0 0 0 0 0 0 0 0 0 0 0 0 0 0 0 0 0 0 1 0 0 0 0 0 0 0 0 0 0]
[1627271110449936053879537789676346018270589702631355359332829214491185011412257738918599832153577063563668312576191910516599272490173098238350590931257593336710737588789646306022532442583649285863 0 0 0 0 0 0 0 0 0 0 0 0 0 0 0 0 0 0 0 0 0 0 0 0 0 0 0 0 0 0 0 0 0 0 0 0 0 0 0 0 0 0 0 0 0 0 0 0 0 0 0 0 0 0 1 0 0 0 0 0 0 0 0 0]
[3084813617558568715897377522473194563014394628203201327566038513396620752167245382319852171853369930878200369752914061469836258742327886938495305794382186927553344622183717633755533605985530347945 0 0 0 0 0 0 0 0 0 0 0 0 0 0 0 0 0 0 0 0 0 0 0 0 0 0 0 0 0 0 0 0 0 0 0 0 0 0 0 0 0 0 0 0 0 0 0 0 0 0 0 0 0 0 0 1 0 0 0 0 0 0 0 0]
[1061801944815604780257433219751723505731860369382025036578300142088562965350411043494610037425181478200410462593311729618285863754694622442919111725329687992309358759578353608446769865119554446751 0 0 0 0 0 0 0 0 0 0 0 0 0 0 0 0 0 0 0 0 0 0 0 0 0 0 0 0 0 0 0 0 0 0 0 0 0 0 0 0 0 0 0 0 0 0 0 0 0 0 0 0 0 0 0 0 1 0 0 0 0 0 0 0]
[3047545774660006347845274846944335526818620551022006090089360900650292247426751021620812989602069996315852873267966121930842337105135299841785137927159011778457373178101784421711480624355002302344 0 0 0 0 0 0 0 0 0 0 0 0 0 0 0 0 0 0 0 0 0 0 0 0 0 0 0 0 0 0 0 0 0 0 0 0 0 0 0 0 0 0 0 0 0 0 0 0 0 0 0 0 0 0 0 0 0 1 0 0 0 0 0 0]
[2022959555812764639385488466093913509955725157762222704408405655017194323726121823086141993196538033465309999043503892703977234016286330304650554241603547885027928166361037724967844042877113298789 0 0 0 0 0 0 0 0 0 0 0 0 0 0 0 0 0 0 0 0 0 0 0 0 0 0 0 0 0 0 0 0 0 0 0 0 0 0 0 0 0 0 0 0 0 0 0 0 0 0 0 0 0 0 0 0 0 0 1 0 0 0 0 0]
[383946565475259483803810984506065056420336480736771077420746148731918520981758489475588626170628759595772765775615513950656449466565544125245829704307273589958993909418217065338148172586442074358 0 0 0 0 0 0 0 0 0 0 0 0 0 0 0 0 0 0 0 0 0 0 0 0 0 0 0 0 0 0 0 0 0 0 0 0 0 0 0 0 0 0 0 0 0 0 0 0 0 0 0 0 0 0 0 0 0 0 0 1 0 0 0 0]
[1332122818205548649631611510990524771640368697188037310110185962832714110818021249688454220136455553733873693350037979970906645965809227053707226722653465619911528220078273237423174185365365256411 0 0 0 0 0 0 0 0 0 0 0 0 0 0 0 0 0 0 0 0 0 0 0 0 0 0 0 0 0 0 0 0 0 0 0 0 0 0 0 0 0 0 0 0 0 0 0 0 0 0 0 0 0 0 0 0 0 0 0 0 1 0 0 0]
[1273889081758732758527929263619470477482299809780351757182642568692972835294332856827812570397954367047311552725843104271917535726107694110904023943513689469892930745076347419486897635600420849439 0 0 0 0 0 0 0 0 0 0 0 0 0 0 0 0 0 0 0 0 0 0 0 0 0 0 0 0 0 0 0 0 0 0 0 0 0 0 0 0 0 0 0 0 0 0 0 0 0 0 0 0 0 0 0 0 0 0 0 0 0 1 0 0]
[2540899229415495123150733737013884016954789416058489749390315649947460220365975421797874406534546627408859246661643455363696046190978857134332973576820894727457617440319174723438917141532944662128 0 0 0 0 0 0 0 0 0 0 0 0 0 0 0 0 0 0 0 0 0 0 0 0 0 0 0 0 0 0 0 0 0 0 0 0 0 0 0 0 0 0 0 0 0 0 0 0 0 0 0 0 0 0 0 0 0 0 0 0 0 0 1 0]
[3114430026890800426219660769356939719187253967445161243705618738278313450712564044519166578026703164982234030096334868715102556834842644629214911964977991941249400040461639571820195536141098654968 0 0 0 0 0 0 0 0 0 0 0 0 0 0 0 0 0 0 0 0 0 0 0 0 0 0 0 0 0 0 0 0 0 0 0 0 0 0 0 0 0 0 0 0 0 0 0 0 0 0 0 0 0 0 0 0 0 0 0 0 0 0 0 1]
]
