[[3020728178694525187158391370038764684449413026619634002706712462689067092954262312697687139059349211377077325475501517198800929195687479620691695389814050322728880039725849383348975208496645942932806231399 0 0 0 0 0 0 0 0 0 0 0 0 0 0 0 0 0 0 0 0 0 0 0 0 0 0 0 0 0 0 0 0 0 0 0 0 0 0 0 0 0 0 0 0 0 0 0 0 0 0 0 0 0 0 0 0 0 0 0 0 0 0 0 0 0 0 0]
[1561784952774206132619852246705494109606797403368287180161300462106098832451337933994558045423838429371887991119246779075743435501336382829817797021799696351884818825819367247877055791717396620428617391487 1 0 0 0 0 0 0 0 0 0 0 0 0 0 0 0 0 0 0 0 0 0 0 0 0 0 0 0 0 0 0 0 0 0 0 0 0 0 0 0 0 0 0 0 0 0 0 0 0 0 0 0 0 0 0 0 0 0 0 0 0 0 0 0 0 0 0]
[1745583038716777603818983154197165506230073322883961975596598416723388389649732113983783280895146156284932438020158298686158333358737871451440506488519807669421365681211558697197772428431608523838655330740 0 1 0 0 0 0 0 0 0 0 0 0 0 0 0 0 0 0 0 0 0 0 0 0 0 0 0 0 0 0 0 0 0 0 0 0 0 0 0 0 0 0 0 0 0 0 0 0 0 0 0 0 0 0 0 0 0 0 0 0 0 0 0 0 0 0 0]
[1353059946984423635261081433225218961964291808884797075058640254243733265270152196159577291266173498456472336807545902347385912277962410026147008053749814369221872801132652915501409274006727365426520051215 0 0 1 0 0 0 0 0 0 0 0 0 0 0 0 0 0 0 0 0 0 0 0 0 0 0 0 0 0 0 0 0 0 0 0 0 0 0 0 0 0 0 0 0 0 0 0 0 0 0 0 0 0 0 0 0 0 0 0 0 0 0 0 0 0 0 0]
[2851146324958309745422627684400657489511113361067058696959145045902042769107985044695928103152830582757844038640455006224696704495425804760368208298282375726661597718393079363078439444745053731823927609360 0 0 0 1 0 0 0 0 0 0 0 0 0 0 0 0 0 0 0 0 0 0 0 0 0 0 0 0 0 0 0 0 0 0 0 0 0 0 0 0 0 0 0 0 0 0 0 0 0 0 0 0 0 0 0 0 0 0 0 0 0 0 0 0 0 0 0]
[2292835540044323489237791686592660908960442291869245189109547190339462978621029831025073193723265951353258724226272207577434296258874710169203562107596986139318367265262421392013636765064452367670141935015 0 0 0 0 1 0 0 0 0 0 0 0 0 0 0 0 0 0 0 0 0 0 0 0 0 0 0 0 0 0 0 0 0 0 0 0 0 0 0 0 0 0 0 0 0 0 0 0 0 0 0 0 0 0 0 0 0 0 0 0 0 0 0 0 0 0 0]
[1348813120059892322200302293886218274594355345245677066837195428665979144711457324294750769569934179814619448064689528754315601771887789561596229469282158765247978836094715785957583473928790530245245160991 0 0 0 0 0 1 0 0 0 0 0 0 0 0 0 0 0 0 0 0 0 0 0 0 0 0 0 0 0 0 0 0 0 0 0 0 0 0 0 0 0 0 0 0 0 0 0 0 0 0 0 0 0 0 0 0 0 0 0 0 0 0 0 0 0 0 0]
[499748827587200521960217290534273822817859287264534969009167452497636523633055942440198231599373120158640351240227215861503348945336996765436655904493444631867038409690144852227311643404849022587240864654 0 0 0 0 0 0 1 0 0 0 0 0 0 0 0 0 0 0 0 0 0 0 0 0 0 0 0 0 0 0 0 0 0 0 0 0 0 0 0 0 0 0 0 0 0 0 0 0 0 0 0 0 0 0 0 0 0 0 0 0 0 0 0 0 0 0 0]
[2557412717757290120829145084609670685477790043414940995716364259031744631669378823329630007774281704748710382090378427609116524923977082720772125981665925277896881426601116518499340386039061017958176207369 0 0 0 0 0 0 0 1 0 0 0 0 0 0 0 0 0 0 0 0 0 0 0 0 0 0 0 0 0 0 0 0 0 0 0 0 0 0 0 0 0 0 0 0 0 0 0 0 0 0 0 0 0 0 0 0 0 0 0 0 0 0 0 0 0 0 0]
[304532660629975408594188476771129565019563764281020397268836119855545508649518189406871573005447045161356191984276940564681627910602020263484247207305840355109443204994368800506813663376162936259497875595 0 0 0 0 0 0 0 0 1 0 0 0 0 0 0 0 0 0 0 0 0 0 0 0 0 0 0 0 0 0 0 0 0 0 0 0 0 0 0 0 0 0 0 0 0 0 0 0 0 0 0 0 0 0 0 0 0 0 0 0 0 0 0 0 0 0 0]
[737044383548577170227724647375825202168851126221366199821148267937303975815025607905168492499348702171060651111366389360112091848829240458025167254250606701935737198288349702369254730760655921792089026638 0 0 0 0 0 0 0 0 0 1 0 0 0 0 0 0 0 0 0 0 0 0 0 0 0 0 0 0 0 0 0 0 0 0 0 0 0 0 0 0 0 0 0 0 0 0 0 0 0 0 0 0 0 0 0 0 0 0 0 0 0 0 0 0 0 0 0]
[2013452934460764260025865815459195105217934798841199901430118418709009835209970440518475114773535190891103842228661655979002445791570491457363831253880432182064022409954816945588572930960858740313990036165 0 0 0 0 0 0 0 0 0 0 1 0 0 0 0 0 0 0 0 0 0 0 0 0 0 0 0 0 0 0 0 0 0 0 0 0 0 0 0 0 0 0 0 0 0 0 0 0 0 0 0 0 0 0 0 0 0 0 0 0 0 0 0 0 0 0 0]
[1114132209950832553352500379892253755138133196343337738758978418458452019526597897757361207418591105144170113840199930989591707643474893645455579558739999766015247221581496856459615257041962436566075899263 0 0 0 0 0 0 0 0 0 0 0 1 0 0 0 0 0 0 0 0 0 0 0 0 0 0 0 0 0 0 0 0 0 0 0 0 0 0 0 0 0 0 0 0 0 0 0 0 0 0 0 0 0 0 0 0 0 0 0 0 0 0 0 0 0 0 0]
[2340189057144092951171193764812233305600152617425208410548242505502574475911020259514303887656526314421556195526176336412420538193036578328357191053039738607344920089212346923835125577287583078726397068435 0 0 0 0 0 0 0 0 0 0 0 0 1 0 0 0 0 0 0 0 0 0 0 0 0 0 0 0 0 0 0 0 0 0 0 0 0 0 0 0 0 0 0 0 0 0 0 0 0 0 0 0 0 0 0 0 0 0 0 0 0 0 0 0 0 0 0]
[1264326741812336517801484590916112101216719325369560521093906849688894851691169030412949803627139393007584835128156626059232653652952871255146698396909089721053655068966959032464225254350629834739816511685 0 0 0 0 0 0 0 0 0 0 0 0 0 1 0 0 0 0 0 0 0 0 0 0 0 0 0 0 0 0 0 0 0 0 0 0 0 0 0 0 0 0 0 0 0 0 0 0 0 0 0 0 0 0 0 0 0 0 0 0 0 0 0 0 0 0 0]
[1262895865683524205748964535932512945349704884426412933118391514114240847017618572850318817218110409453290604503896369713147482167024338135496577581925700465841111103377032773304662763990063097928253459447 0 0 0 0 0 0 0 0 0 0 0 0 0 0 1 0 0 0 0 0 0 0 0 0 0 0 0 0 0 0 0 0 0 0 0 0 0 0 0 0 0 0 0 0 0 0 0 0 0 0 0 0 0 0 0 0 0 0 0 0 0 0 0 0 0 0 0]
[1699645550683605651932204014214244998427174240778288962265446075732460019409228321368390075685828219421158373502642618846868488601580836605160485007914348578320189600318160210748798229436209717057005567598 0 0 0 0 0 0 0 0 0 0 0 0 0 0 0 1 0 0 0 0 0 0 0 0 0 0 0 0 0 0 0 0 0 0 0 0 0 0 0 0 0 0 0 0 0 0 0 0 0 0 0 0 0 0 0 0 0 0 0 0 0 0 0 0 0 0 0]
[1834566216443956554161151959762748520756263012758447483617590933396174619180599169196771707181154046774281163536671222005707885878744022664831534794179268923984671593170846148078605492177948530704226337866 0 0 0 0 0 0 0 0 0 0 0 0 0 0 0 0 1 0 0 0 0 0 0 0 0 0 0 0 0 0 0 0 0 0 0 0 0 0 0 0 0 0 0 0 0 0 0 0 0 0 0 0 0 0 0 0 0 0 0 0 0 0 0 0 0 0 0]
[807841016347711705217956929696761688558441690453140453688509154058779468089473881214847695053715405947490324905276868528344805574986179045474472635072349280363621715573275412920764920656214631850103656807 0 0 0 0 0 0 0 0 0 0 0 0 0 0 0 0 0 1 0 0 0 0 0 0 0 0 0 0 0 0 0 0 0 0 0 0 0 0 0 0 0 0 0 0 0 0 0 0 0 0 0 0 0 0 0 0 0 0 0 0 0 0 0 0 0 0 0]
[1863183670991385468412956233330356387126064498443587419744260473613454213321863241889471266073084765883999625184594079037738060531135858116329612891046397897812292929565843214704565907869617519975393061085 0 0 0 0 0 0 0 0 0 0 0 0 0 0 0 0 0 0 1 0 0 0 0 0 0 0 0 0 0 0 0 0 0 0 0 0 0 0 0 0 0 0 0 0 0 0 0 0 0 0 0 0 0 0 0 0 0 0 0 0 0 0 0 0 0 0 0]
[1961601846756633511684623775569894182477303006066145621102893831951801305693395757189412990255227051174616548931553792578531348053098876488203923412752001039858411419979319222620317017229080265390508053520 0 0 0 0 0 0 0 0 0 0 0 0 0 0 0 0 0 0 0 1 0 0 0 0 0 0 0 0 0 0 0 0 0 0 0 0 0 0 0 0 0 0 0 0 0 0 0 0 0 0 0 0 0 0 0 0 0 0 0 0 0 0 0 0 0 0 0]
[617345409814295997490583255116719377024578395366677766175515447822806781279829129616006414412365150977410100584467930404881301117530256047898443316230773686920322675324758827621970511344998960046989737857 0 0 0 0 0 0 0 0 0 0 0 0 0 0 0 0 0 0 0 0 1 0 0 0 0 0 0 0 0 0 0 0 0 0 0 0 0 0 0 0 0 0 0 0 0 0 0 0 0 0 0 0 0 0 0 0 0 0 0 0 0 0 0 0 0 0 0]
[2559772427717826377024679914266300444945321561543651403938459289905003223387551088890306481992687949261215696977018691497845669287758030052347908723245320267683594620768204016033605640805587005366207749949 0 0 0 0 0 0 0 0 0 0 0 0 0 0 0 0 0 0 0 0 0 1 0 0 0 0 0 0 0 0 0 0 0 0 0 0 0 0 0 0 0 0 0 0 0 0 0 0 0 0 0 0 0 0 0 0 0 0 0 0 0 0 0 0 0 0 0]
[1281154643493389225047902900962802504467873629633858369517320733943150737800029880536287062757248121889646390738126655524154980145555560089285787730949077607808708715674218923265479802164262620248186199642 0 0 0 0 0 0 0 0 0 0 0 0 0 0 0 0 0 0 0 0 0 0 1 0 0 0 0 0 0 0 0 0 0 0 0 0 0 0 0 0 0 0 0 0 0 0 0 0 0 0 0 0 0 0 0 0 0 0 0 0 0 0 0 0 0 0 0]
[1167320711016846457686969064672760898131324152020722503650162338365759107864804607089839976770028192544538473999159998217522729961856599116425804054548298461068635641357265200381116948523173624910309718010 0 0 0 0 0 0 0 0 0 0 0 0 0 0 0 0 0 0 0 0 0 0 0 1 0 0 0 0 0 0 0 0 0 0 0 0 0 0 0 0 0 0 0 0 0 0 0 0 0 0 0 0 0 0 0 0 0 0 0 0 0 0 0 0 0 0 0]
[1918154283732395690361636607456570578981509144741891595695350562248073801428450492904680308719500710397394821182224372840071047782050992371400439732109059111872131656805521277145113577020993730432355487301 0 0 0 0 0 0 0 0 0 0 0 0 0 0 0 0 0 0 0 0 0 0 0 0 1 0 0 0 0 0 0 0 0 0 0 0 0 0 0 0 0 0 0 0 0 0 0 0 0 0 0 0 0 0 0 0 0 0 0 0 0 0 0 0 0 0 0]
[202416892874836487300869528006777418564414524568107189478163819482004565237410518302112486872700769140749162704009766495714091363799411495600123784850457375226478206396791047950632554548183957973322845070 0 0 0 0 0 0 0 0 0 0 0 0 0 0 0 0 0 0 0 0 0 0 0 0 0 1 0 0 0 0 0 0 0 0 0 0 0 0 0 0 0 0 0 0 0 0 0 0 0 0 0 0 0 0 0 0 0 0 0 0 0 0 0 0 0 0 0]
[2045292082430190939751173874657679287433690503326794795309533301535495345993162577875405930801731086743579193377443582554865256812625898571557169169933537489857774969943737502211120156658374835753753413674 0 0 0 0 0 0 0 0 0 0 0 0 0 0 0 0 0 0 0 0 0 0 0 0 0 0 1 0 0 0 0 0 0 0 0 0 0 0 0 0 0 0 0 0 0 0 0 0 0 0 0 0 0 0 0 0 0 0 0 0 0 0 0 0 0 0 0]
[1297528222562540449594772231748091064518711156486475681545625464780227044813066838469683189996200015689987212751462328281446693385523369499014226191154248919181167785817124811658141760491373970553357617872 0 0 0 0 0 0 0 0 0 0 0 0 0 0 0 0 0 0 0 0 0 0 0 0 0 0 0 1 0 0 0 0 0 0 0 0 0 0 0 0 0 0 0 0 0 0 0 0 0 0 0 0 0 0 0 0 0 0 0 0 0 0 0 0 0 0 0]
[1980198512435836898625030657216748798522354355798764684803628891992301728814342992795748390464327215925082186663161776467884098901577220218485662889064164647389590544223796734457190615691293766006279675554 0 0 0 0 0 0 0 0 0 0 0 0 0 0 0 0 0 0 0 0 0 0 0 0 0 0 0 0 1 0 0 0 0 0 0 0 0 0 0 0 0 0 0 0 0 0 0 0 0 0 0 0 0 0 0 0 0 0 0 0 0 0 0 0 0 0 0]
[317093611742101680017654688898986790051836689552882959523221225713350464824102721093542069194000661366283357392333883345596133265576350205499742878631151976010420780416276436547278092236976849894652113295 0 0 0 0 0 0 0 0 0 0 0 0 0 0 0 0 0 0 0 0 0 0 0 0 0 0 0 0 0 1 0 0 0 0 0 0 0 0 0 0 0 0 0 0 0 0 0 0 0 0 0 0 0 0 0 0 0 0 0 0 0 0 0 0 0 0 0]
[1510731568334423583241230743469817894044342847809110135713698291125799357878922780745785763570671031990764531045102505085284608057647732860555109553553105772311834560324618048260511966503591429015501295362 0 0 0 0 0 0 0 0 0 0 0 0 0 0 0 0 0 0 0 0 0 0 0 0 0 0 0 0 0 0 1 0 0 0 0 0 0 0 0 0 0 0 0 0 0 0 0 0 0 0 0 0 0 0 0 0 0 0 0 0 0 0 0 0 0 0 0]
[362562280531153414875002527198325822722444067281882493657601841938991813373968919757541255671259884047800530735197390051656768051715075198106892050855772484121508901519699765710828409135524442671624909088 0 0 0 0 0 0 0 0 0 0 0 0 0 0 0 0 0 0 0 0 0 0 0 0 0 0 0 0 0 0 0 1 0 0 0 0 0 0 0 0 0 0 0 0 0 0 0 0 0 0 0 0 0 0 0 0 0 0 0 0 0 0 0 0 0 0 0]
[505833378862405175541455874341017233203147702256772494803769776513176201364145920826824432398704317363694005835868466491897550525699062135450188249591807132239464774020772506777871638465119699617016570136 0 0 0 0 0 0 0 0 0 0 0 0 0 0 0 0 0 0 0 0 0 0 0 0 0 0 0 0 0 0 0 0 1 0 0 0 0 0 0 0 0 0 0 0 0 0 0 0 0 0 0 0 0 0 0 0 0 0 0 0 0 0 0 0 0 0 0]
[1106407961248445375553136713446792465689200248339056517014331997471704135459215748811551253743200117499996720176354753133156345827207900351780362655804789903274417755066109263424938138140237637140375381252 0 0 0 0 0 0 0 0 0 0 0 0 0 0 0 0 0 0 0 0 0 0 0 0 0 0 0 0 0 0 0 0 0 1 0 0 0 0 0 0 0 0 0 0 0 0 0 0 0 0 0 0 0 0 0 0 0 0 0 0 0 0 0 0 0 0 0]
[897692466664244984830456135371755684259234295823536855368807653364328651786556417202454313710182222565906053667709374655230009973153871080135304134376023321362851528823420716672615430006667092707193468383 0 0 0 0 0 0 0 0 0 0 0 0 0 0 0 0 0 0 0 0 0 0 0 0 0 0 0 0 0 0 0 0 0 0 1 0 0 0 0 0 0 0 0 0 0 0 0 0 0 0 0 0 0 0 0 0 0 0 0 0 0 0 0 0 0 0 0]
[2696490507847075718216350953959669424667359389915405700165765072889849454537784287673306488170076745010457026553742742204278210884615454562533746438325780797084890254090465612259574545481565883411420847445 0 0 0 0 0 0 0 0 0 0 0 0 0 0 0 0 0 0 0 0 0 0 0 0 0 0 0 0 0 0 0 0 0 0 0 1 0 0 0 0 0 0 0 0 0 0 0 0 0 0 0 0 0 0 0 0 0 0 0 0 0 0 0 0 0 0 0]
[2914059130134749447307846415885580575662495909281389754725659246234896670801370192686002828153995644302559011850773385281392470186461448289354910202581960613404644330827218589704599982681902494540215763984 0 0 0 0 0 0 0 0 0 0 0 0 0 0 0 0 0 0 0 0 0 0 0 0 0 0 0 0 0 0 0 0 0 0 0 0 1 0 0 0 0 0 0 0 0 0 0 0 0 0 0 0 0 0 0 0 0 0 0 0 0 0 0 0 0 0 0]
[2631604374988947549872102479309247888589540623597470700794430617856042221074305184462531804882811268383379386228467922080484159496476130619342491942937474634422604195556583623910302974360513440844946230406 0 0 0 0 0 0 0 0 0 0 0 0 0 0 0 0 0 0 0 0 0 0 0 0 0 0 0 0 0 0 0 0 0 0 0 0 0 1 0 0 0 0 0 0 0 0 0 0 0 0 0 0 0 0 0 0 0 0 0 0 0 0 0 0 0 0 0]
[1588281419473842738618610173107915093515753486054764096843060659112598487055607439487011933079538716225598914999237226328355969079504672200482131211779725202641230201145919319405191724912191769383370164221 0 0 0 0 0 0 0 0 0 0 0 0 0 0 0 0 0 0 0 0 0 0 0 0 0 0 0 0 0 0 0 0 0 0 0 0 0 0 1 0 0 0 0 0 0 0 0 0 0 0 0 0 0 0 0 0 0 0 0 0 0 0 0 0 0 0 0]
[1516369225961794170570882292724077257713403765280428194506721328644703878845396717813991243068900729656010827525120170978315148616674283581923836785625856610783223110435031238195487011502899114263867952213 0 0 0 0 0 0 0 0 0 0 0 0 0 0 0 0 0 0 0 0 0 0 0 0 0 0 0 0 0 0 0 0 0 0 0 0 0 0 0 1 0 0 0 0 0 0 0 0 0 0 0 0 0 0 0 0 0 0 0 0 0 0 0 0 0 0 0]
[2899775790797250537129966115855844133051394354145208939261125752362878370359515541659097221902103389616284804420006727947310424638787988156698094506219487290497677158643329698217865754742166940893795351292 0 0 0 0 0 0 0 0 0 0 0 0 0 0 0 0 0 0 0 0 0 0 0 0 0 0 0 0 0 0 0 0 0 0 0 0 0 0 0 0 1 0 0 0 0 0 0 0 0 0 0 0 0 0 0 0 0 0 0 0 0 0 0 0 0 0 0]
[1348347711691261382477533194700514146680319510700286317429539862263474399248331086690784087677723386822493134500174761433760445692056193661748725720826048039242795943790674919560548411122966834009802736267 0 0 0 0 0 0 0 0 0 0 0 0 0 0 0 0 0 0 0 0 0 0 0 0 0 0 0 0 0 0 0 0 0 0 0 0 0 0 0 0 0 1 0 0 0 0 0 0 0 0 0 0 0 0 0 0 0 0 0 0 0 0 0 0 0 0 0]
[2625136456251959535927146411406837975094740689749732241004121932099054931322118154669377095424118260359187718150752419401000468891842859570768732207487097522037060829783131616799631723092697691051339880084 0 0 0 0 0 0 0 0 0 0 0 0 0 0 0 0 0 0 0 0 0 0 0 0 0 0 0 0 0 0 0 0 0 0 0 0 0 0 0 0 0 0 1 0 0 0 0 0 0 0 0 0 0 0 0 0 0 0 0 0 0 0 0 0 0 0 0]
[2117147384243252000588756600602462236290090544031363588570595778634793253606702714107535583275875526666375042415553694041871192300487282871512168141568800432242781249605380792673760329928085186030472101018 0 0 0 0 0 0 0 0 0 0 0 0 0 0 0 0 0 0 0 0 0 0 0 0 0 0 0 0 0 0 0 0 0 0 0 0 0 0 0 0 0 0 0 1 0 0 0 0 0 0 0 0 0 0 0 0 0 0 0 0 0 0 0 0 0 0 0]
[1355006333369420961394109220254826545350122348063852820159933990995190842693430685845896818644398131547146554939308465585798897802418790419634994041290241659292786050434035741716617069984969862139684430624 0 0 0 0 0 0 0 0 0 0 0 0 0 0 0 0 0 0 0 0 0 0 0 0 0 0 0 0 0 0 0 0 0 0 0 0 0 0 0 0 0 0 0 0 1 0 0 0 0 0 0 0 0 0 0 0 0 0 0 0 0 0 0 0 0 0 0]
[1313011454842634047540590843688670711370005809490648895800927650257205371369922600273317917246507965836048426289336977734303614671224830034259948319767660406523847263756002948519958634499136005809837415532 0 0 0 0 0 0 0 0 0 0 0 0 0 0 0 0 0 0 0 0 0 0 0 0 0 0 0 0 0 0 0 0 0 0 0 0 0 0 0 0 0 0 0 0 0 1 0 0 0 0 0 0 0 0 0 0 0 0 0 0 0 0 0 0 0 0 0]
[1713585761970331685628560158435112004520027405723003776444047573183408949521284513178656026368859823382547819516151239826107108235198977494745507266877977793678709457234901807035324057015904171931955728964 0 0 0 0 0 0 0 0 0 0 0 0 0 0 0 0 0 0 0 0 0 0 0 0 0 0 0 0 0 0 0 0 0 0 0 0 0 0 0 0 0 0 0 0 0 0 1 0 0 0 0 0 0 0 0 0 0 0 0 0 0 0 0 0 0 0 0]
[2807869462802318717878561433254527790029209842787214977983787718174633269350201103843307430408557543673566525009922572179901938641794117578049375161072146756319608235663118305341496263240839570789983497373 0 0 0 0 0 0 0 0 0 0 0 0 0 0 0 0 0 0 0 0 0 0 0 0 0 0 0 0 0 0 0 0 0 0 0 0 0 0 0 0 0 0 0 0 0 0 0 1 0 0 0 0 0 0 0 0 0 0 0 0 0 0 0 0 0 0 0]
[2334134896398125673398869009366616137854932514221130250778587206610834333243449447616924436728988485697548002803936165759689114531717906239515279859975552021273482044974230596373869480564200586501875255286 0 0 0 0 0 0 0 0 0 0 0 0 0 0 0 0 0 0 0 0 0 0 0 0 0 0 0 0 0 0 0 0 0 0 0 0 0 0 0 0 0 0 0 0 0 0 0 0 1 0 0 0 0 0 0 0 0 0 0 0 0 0 0 0 0 0 0]
[2101915278283126883750982431593489294727382773851426519585969796421063962509972341500029243217531207550132133049881094781204231596229620268542132035042083522744566837931146015570550790541737260433634136178 0 0 0 0 0 0 0 0 0 0 0 0 0 0 0 0 0 0 0 0 0 0 0 0 0 0 0 0 0 0 0 0 0 0 0 0 0 0 0 0 0 0 0 0 0 0 0 0 0 1 0 0 0 0 0 0 0 0 0 0 0 0 0 0 0 0 0]
[2922077237169397133119620365802184670049523121312693614968762244870807950035113425510679085654863420469142145086586941276706741482757375205611680311196770065069363787411174568100955966775631562246280694442 0 0 0 0 0 0 0 0 0 0 0 0 0 0 0 0 0 0 0 0 0 0 0 0 0 0 0 0 0 0 0 0 0 0 0 0 0 0 0 0 0 0 0 0 0 0 0 0 0 0 1 0 0 0 0 0 0 0 0 0 0 0 0 0 0 0 0]
[579114890632601543776031008672353389910735143215116636602497041906100220155783237270504850211081018043963631148521641087059990386269775195233452375300213533509933900692448999354235697101619095466834585474 0 0 0 0 0 0 0 0 0 0 0 0 0 0 0 0 0 0 0 0 0 0 0 0 0 0 0 0 0 0 0 0 0 0 0 0 0 0 0 0 0 0 0 0 0 0 0 0 0 0 0 1 0 0 0 0 0 0 0 0 0 0 0 0 0 0 0]
[1535692693914677588118440011632894444316818777300695088821193831221631327110150924978020658729194792018029750236060785770604871192168385130801055607198542905098856039634582279752796778960067945264074399647 0 0 0 0 0 0 0 0 0 0 0 0 0 0 0 0 0 0 0 0 0 0 0 0 0 0 0 0 0 0 0 0 0 0 0 0 0 0 0 0 0 0 0 0 0 0 0 0 0 0 0 0 1 0 0 0 0 0 0 0 0 0 0 0 0 0 0]
[1533541517940217315490814857799706752950984951925484486885452824500796831485781307664959908587399592007520293642684654192508273845920500763620042438396098104566929510178265467809488823903447171686907226133 0 0 0 0 0 0 0 0 0 0 0 0 0 0 0 0 0 0 0 0 0 0 0 0 0 0 0 0 0 0 0 0 0 0 0 0 0 0 0 0 0 0 0 0 0 0 0 0 0 0 0 0 0 1 0 0 0 0 0 0 0 0 0 0 0 0 0]
[203501879283303172896225996440326025646285994551386675309813488365503926602611964940208776140205922439293244600397267352321103462731888160800579466255169909055051240595041385593626594978765050581432963433 0 0 0 0 0 0 0 0 0 0 0 0 0 0 0 0 0 0 0 0 0 0 0 0 0 0 0 0 0 0 0 0 0 0 0 0 0 0 0 0 0 0 0 0 0 0 0 0 0 0 0 0 0 0 1 0 0 0 0 0 0 0 0 0 0 0 0]
[2442351197629601274130670760361911796037738256682105417088842689616958051054153122140726645518559325051587830975007536645783526515295432678189154215296441640433243481225289639230564196705391952362846688321 0 0 0 0 0 0 0 0 0 0 0 0 0 0 0 0 0 0 0 0 0 0 0 0 0 0 0 0 0 0 0 0 0 0 0 0 0 0 0 0 0 0 0 0 0 0 0 0 0 0 0 0 0 0 0 1 0 0 0 0 0 0 0 0 0 0 0]
[1768372810988739141699822196406947898292296206039245264052679757230507532844656335798011419740634747037361296243049389777634404751458824334980196979581368004769644694410386010073399074150165461194626595285 0 0 0 0 0 0 0 0 0 0 0 0 0 0 0 0 0 0 0 0 0 0 0 0 0 0 0 0 0 0 0 0 0 0 0 0 0 0 0 0 0 0 0 0 0 0 0 0 0 0 0 0 0 0 0 0 1 0 0 0 0 0 0 0 0 0 0]
[2317655150660127169248358894566521034502737365202024648212132555295688971052233042209684956095087692844341657607102275952855800536125890611135024389074372690927689778949036086398299749624710407079815522004 0 0 0 0 0 0 0 0 0 0 0 0 0 0 0 0 0 0 0 0 0 0 0 0 0 0 0 0 0 0 0 0 0 0 0 0 0 0 0 0 0 0 0 0 0 0 0 0 0 0 0 0 0 0 0 0 0 1 0 0 0 0 0 0 0 0 0]
[1465335899352920957427052382649200542164845951496239015979845640454006313408898291706822877437097638357409450164098452847440765547628871098714618659003440116312698001209488794094793062881747040244949365973 0 0 0 0 0 0 0 0 0 0 0 0 0 0 0 0 0 0 0 0 0 0 0 0 0 0 0 0 0 0 0 0 0 0 0 0 0 0 0 0 0 0 0 0 0 0 0 0 0 0 0 0 0 0 0 0 0 0 1 0 0 0 0 0 0 0 0]
[851799447620536640869360379147709075709494548536283222208993801107002658934370596824541081952529806588057188444635028631381834451517295151078541685150635794766797181780782468996139616307505567534503999532 0 0 0 0 0 0 0 0 0 0 0 0 0 0 0 0 0 0 0 0 0 0 0 0 0 0 0 0 0 0 0 0 0 0 0 0 0 0 0 0 0 0 0 0 0 0 0 0 0 0 0 0 0 0 0 0 0 0 0 1 0 0 0 0 0 0 0]
[1360685285236032697828944896894588152067149752591399462590215899678339441811989967939245719045565468006046776480733949300574547017985440008235043137304664973255440501031887446528479737205089863214171768878 0 0 0 0 0 0 0 0 0 0 0 0 0 0 0 0 0 0 0 0 0 0 0 0 0 0 0 0 0 0 0 0 0 0 0 0 0 0 0 0 0 0 0 0 0 0 0 0 0 0 0 0 0 0 0 0 0 0 0 0 1 0 0 0 0 0 0]
[1298268129904856639175043067976811866712084394820141756443180747965225413124721223908706089893474527231080893664102763725804455551527356686673273007051296004050042458008619976734682476239292094186566984751 0 0 0 0 0 0 0 0 0 0 0 0 0 0 0 0 0 0 0 0 0 0 0 0 0 0 0 0 0 0 0 0 0 0 0 0 0 0 0 0 0 0 0 0 0 0 0 0 0 0 0 0 0 0 0 0 0 0 0 0 0 1 0 0 0 0 0]
[1368844339920934380013014072032135774007832941234102815588467284623576310562957882747390855479429319017372405687271819221576709115272677969408784858764341606044836736297309183840402991974722266161635021264 0 0 0 0 0 0 0 0 0 0 0 0 0 0 0 0 0 0 0 0 0 0 0 0 0 0 0 0 0 0 0 0 0 0 0 0 0 0 0 0 0 0 0 0 0 0 0 0 0 0 0 0 0 0 0 0 0 0 0 0 0 0 1 0 0 0 0]
[1265635858383638302988202011394110640573680801062033746993180555727741478425431956470630943624450059399587840294153464526477523315874034657515214858081988529484927150016801919817114114515581447220237096486 0 0 0 0 0 0 0 0 0 0 0 0 0 0 0 0 0 0 0 0 0 0 0 0 0 0 0 0 0 0 0 0 0 0 0 0 0 0 0 0 0 0 0 0 0 0 0 0 0 0 0 0 0 0 0 0 0 0 0 0 0 0 0 1 0 0 0]
[1912551988735103956285185062301219330798208981313132570166319738430647217921162023848217659315712502969557048363305888136484534965383583034619750421581157757867337082239451398282543835286828083399933802564 0 0 0 0 0 0 0 0 0 0 0 0 0 0 0 0 0 0 0 0 0 0 0 0 0 0 0 0 0 0 0 0 0 0 0 0 0 0 0 0 0 0 0 0 0 0 0 0 0 0 0 0 0 0 0 0 0 0 0 0 0 0 0 0 1 0 0]
[1066876665065278759854685470802782656275607127099799010726199854979630137178858653474155034673071375471268833748768385797851479032295307111929223998042177218083007219535474320419088739926625176668412693919 0 0 0 0 0 0 0 0 0 0 0 0 0 0 0 0 0 0 0 0 0 0 0 0 0 0 0 0 0 0 0 0 0 0 0 0 0 0 0 0 0 0 0 0 0 0 0 0 0 0 0 0 0 0 0 0 0 0 0 0 0 0 0 0 0 1 0]
[1816214408191973122304158671765588372082360829332916334436332727702265659761738034747253618538728864423941436315688377977764734008294435011398326313091029662863235194543898240297443128126101472426175369072 0 0 0 0 0 0 0 0 0 0 0 0 0 0 0 0 0 0 0 0 0 0 0 0 0 0 0 0 0 0 0 0 0 0 0 0 0 0 0 0 0 0 0 0 0 0 0 0 0 0 0 0 0 0 0 0 0 0 0 0 0 0 0 0 0 0 1]
]
