[[7687565316182603301678183369308613682372759441186809669492142706127756908484809808651721473723517405807874093859391584119485144347626648987590619234807534265253625877879032243112581045540408974642709978616737244520328458122149580009013737117682783514886549017816016240600296662363619969 0 0 0 0 0 0 0 0 0 0 0 0 0 0 0 0 0 0 0 0 0 0 0 0 0 0 0 0 0 0 0 0 0 0 0 0 0 0 0 0 0 0 0 0 0 0 0 0 0 0 0 0 0 0 0 0 0 0 0 0 0 0 0 0 0 0 0 0 0 0 0 0 0 0 0 0 0 0 0 0 0 0 0 0 0 0 0 0 0 0 0 0 0 0]
[1685609584305086993358139547496878967784721321856647695456953747127223744457578618950005016637386904366093914724729514184233263457916278236793211880623467074111093469423829614133047680524111190172423229479085388410034652931413462730437940867985602807344992748024473028697114723477856571 1 0 0 0 0 0 0 0 0 0 0 0 0 0 0 0 0 0 0 0 0 0 0 0 0 0 0 0 0 0 0 0 0 0 0 0 0 0 0 0 0 0 0 0 0 0 0 0 0 0 0 0 0 0 0 0 0 0 0 0 0 0 0 0 0 0 0 0 0 0 0 0 0 0 0 0 0 0 0 0 0 0 0 0 0 0 0 0 0 0 0 0 0 0]
[1026482835720679265411131178566339084847236011948832915354354884739194941717844178534230134323835577861290529416106715841577724964042139780057512297308792796708295686370428212202850659984322407220741530849402344689428778813677550831184451405820004819668669027494338467352135506010799750 0 1 0 0 0 0 0 0 0 0 0 0 0 0 0 0 0 0 0 0 0 0 0 0 0 0 0 0 0 0 0 0 0 0 0 0 0 0 0 0 0 0 0 0 0 0 0 0 0 0 0 0 0 0 0 0 0 0 0 0 0 0 0 0 0 0 0 0 0 0 0 0 0 0 0 0 0 0 0 0 0 0 0 0 0 0 0 0 0 0 0 0 0 0]
[3747154366584403447520439380766696483267414574467993271471395728547353155692148836719970659709159088815086637615169223074731275878601696653920093324778010290444886504755446857291006105110999173078195316595143608969401948634669129077172121829999716540559537706162786710089331282930787342 0 0 1 0 0 0 0 0 0 0 0 0 0 0 0 0 0 0 0 0 0 0 0 0 0 0 0 0 0 0 0 0 0 0 0 0 0 0 0 0 0 0 0 0 0 0 0 0 0 0 0 0 0 0 0 0 0 0 0 0 0 0 0 0 0 0 0 0 0 0 0 0 0 0 0 0 0 0 0 0 0 0 0 0 0 0 0 0 0 0 0 0 0 0]
[7343390857527297552975582254254214906687760323397268513804786201411425505951020795690114224604017901116698568520408202040095838840014060270072399431619682129741308391336100615034522946129423950869963715560707892935874464223191805513447983753027751757111263677075904276573952745291721992 0 0 0 1 0 0 0 0 0 0 0 0 0 0 0 0 0 0 0 0 0 0 0 0 0 0 0 0 0 0 0 0 0 0 0 0 0 0 0 0 0 0 0 0 0 0 0 0 0 0 0 0 0 0 0 0 0 0 0 0 0 0 0 0 0 0 0 0 0 0 0 0 0 0 0 0 0 0 0 0 0 0 0 0 0 0 0 0 0 0 0 0 0 0]
[4262785374260085056233696019229364167519223198883374537169084690784842920341894270179109324414477938402757634616166980273514714520591160359694649619666228204306243547210405058706354724411843979889370791689213923893530500269273574023923548180113338516626713113568761533421497703433265137 0 0 0 0 1 0 0 0 0 0 0 0 0 0 0 0 0 0 0 0 0 0 0 0 0 0 0 0 0 0 0 0 0 0 0 0 0 0 0 0 0 0 0 0 0 0 0 0 0 0 0 0 0 0 0 0 0 0 0 0 0 0 0 0 0 0 0 0 0 0 0 0 0 0 0 0 0 0 0 0 0 0 0 0 0 0 0 0 0 0 0 0 0 0]
[5011513879084830228064725389113483643065624708340414178578974976677870085071569307815879426009015283029957200254367621833573642788787532837694288488938675773234850373553657049699459550548660430438625569815844956741927700624558003716220222544368317600821280261065952995659943917153841873 0 0 0 0 0 1 0 0 0 0 0 0 0 0 0 0 0 0 0 0 0 0 0 0 0 0 0 0 0 0 0 0 0 0 0 0 0 0 0 0 0 0 0 0 0 0 0 0 0 0 0 0 0 0 0 0 0 0 0 0 0 0 0 0 0 0 0 0 0 0 0 0 0 0 0 0 0 0 0 0 0 0 0 0 0 0 0 0 0 0 0 0 0 0]
[7231707191280692861586030435783257033455272229565370935041341971243100502674468515432733390318366014227762545790432290770832576357708646153357888838337609521949331451368818816584212596156686623898394513498021194494349532642059732089926878570516525212694852546198475093948127759959107581 0 0 0 0 0 0 1 0 0 0 0 0 0 0 0 0 0 0 0 0 0 0 0 0 0 0 0 0 0 0 0 0 0 0 0 0 0 0 0 0 0 0 0 0 0 0 0 0 0 0 0 0 0 0 0 0 0 0 0 0 0 0 0 0 0 0 0 0 0 0 0 0 0 0 0 0 0 0 0 0 0 0 0 0 0 0 0 0 0 0 0 0 0 0]
[1222349384469612666860836527381326396969068094200944518965667829763994451974596832093197523537348868107705926549673544701119720802050025910590355576982889378419120826681851086448324359318931744203606400254818805849011005424151849594105585650174081343403168428290835609312882030636461690 0 0 0 0 0 0 0 1 0 0 0 0 0 0 0 0 0 0 0 0 0 0 0 0 0 0 0 0 0 0 0 0 0 0 0 0 0 0 0 0 0 0 0 0 0 0 0 0 0 0 0 0 0 0 0 0 0 0 0 0 0 0 0 0 0 0 0 0 0 0 0 0 0 0 0 0 0 0 0 0 0 0 0 0 0 0 0 0 0 0 0 0 0 0]
[6455306238803737853743547726310610299110969477319089614700118070317610897413166878270906557799896450690717070012476177023363402162387551313571287615732941052251543773114562237819805387466915850323588729024774445776954258346956935046662167185199566776651624173455415744769070192162788544 0 0 0 0 0 0 0 0 1 0 0 0 0 0 0 0 0 0 0 0 0 0 0 0 0 0 0 0 0 0 0 0 0 0 0 0 0 0 0 0 0 0 0 0 0 0 0 0 0 0 0 0 0 0 0 0 0 0 0 0 0 0 0 0 0 0 0 0 0 0 0 0 0 0 0 0 0 0 0 0 0 0 0 0 0 0 0 0 0 0 0 0 0 0]
[5051689088223128661700692682356496568392025528273127342359332829573968217990546217515526773486166673290760237143447827323430736068451612534372805210436946619183592597589072229745745812982851676068128681514000018587150338110841057296759110610957940614827505192265084457216426978632411510 0 0 0 0 0 0 0 0 0 1 0 0 0 0 0 0 0 0 0 0 0 0 0 0 0 0 0 0 0 0 0 0 0 0 0 0 0 0 0 0 0 0 0 0 0 0 0 0 0 0 0 0 0 0 0 0 0 0 0 0 0 0 0 0 0 0 0 0 0 0 0 0 0 0 0 0 0 0 0 0 0 0 0 0 0 0 0 0 0 0 0 0 0 0]
[2901407048191664778345206754528165864163681357966229039340206046432682989774797714548485150262950610906851087680559887178688472551875674858450989119945044976336850667747172582618672562758947786295942701863891100620444467973776968624560375345629556440430847512255788247731515239350137852 0 0 0 0 0 0 0 0 0 0 1 0 0 0 0 0 0 0 0 0 0 0 0 0 0 0 0 0 0 0 0 0 0 0 0 0 0 0 0 0 0 0 0 0 0 0 0 0 0 0 0 0 0 0 0 0 0 0 0 0 0 0 0 0 0 0 0 0 0 0 0 0 0 0 0 0 0 0 0 0 0 0 0 0 0 0 0 0 0 0 0 0 0 0]
[5709352617359643464600224155455329762640118138954927807802456012032747123917765897715338953420371217503356551736606482814270710368844755089842419593697853231879373066111771958642184804977841905079918382681784846296710703960465679050401002245901391490814616545561653705894799152266279847 0 0 0 0 0 0 0 0 0 0 0 1 0 0 0 0 0 0 0 0 0 0 0 0 0 0 0 0 0 0 0 0 0 0 0 0 0 0 0 0 0 0 0 0 0 0 0 0 0 0 0 0 0 0 0 0 0 0 0 0 0 0 0 0 0 0 0 0 0 0 0 0 0 0 0 0 0 0 0 0 0 0 0 0 0 0 0 0 0 0 0 0 0 0]
[6991149276708800087392303495552569357067947852330312607357024608758736189649286047378271396939392918749699284911548937493251255910989886835604020449930412570540194929292925210908552292360617939296037381229806184804737075199236521528028622509155318521780364385405356157598067098443128051 0 0 0 0 0 0 0 0 0 0 0 0 1 0 0 0 0 0 0 0 0 0 0 0 0 0 0 0 0 0 0 0 0 0 0 0 0 0 0 0 0 0 0 0 0 0 0 0 0 0 0 0 0 0 0 0 0 0 0 0 0 0 0 0 0 0 0 0 0 0 0 0 0 0 0 0 0 0 0 0 0 0 0 0 0 0 0 0 0 0 0 0 0 0]
[6947707530904055083966433162252378532309556849736270091364122035716527480177388830051450686449920932471149917294091841625204853181304839714544178814558555996952412759621792163607569175406280942520851723777047150722251030817949123265317443712368697999821550639849935984830688484397066920 0 0 0 0 0 0 0 0 0 0 0 0 0 1 0 0 0 0 0 0 0 0 0 0 0 0 0 0 0 0 0 0 0 0 0 0 0 0 0 0 0 0 0 0 0 0 0 0 0 0 0 0 0 0 0 0 0 0 0 0 0 0 0 0 0 0 0 0 0 0 0 0 0 0 0 0 0 0 0 0 0 0 0 0 0 0 0 0 0 0 0 0 0 0]
[6985977487912053271397629811240619142192837214608817396627290893658203870725015679025492340893819202300610223993177826272540717138088081301206421184198478389017724801252456773962617784265687138264998180244705886333119516904495140658720808320496006017977272836943840057138565394905354223 0 0 0 0 0 0 0 0 0 0 0 0 0 0 1 0 0 0 0 0 0 0 0 0 0 0 0 0 0 0 0 0 0 0 0 0 0 0 0 0 0 0 0 0 0 0 0 0 0 0 0 0 0 0 0 0 0 0 0 0 0 0 0 0 0 0 0 0 0 0 0 0 0 0 0 0 0 0 0 0 0 0 0 0 0 0 0 0 0 0 0 0 0 0]
[3712172629758175817728187367387051482440984622238198287222866949610318105926959343975603320439852814333406125941891967338799949010266751386622360748602088011561733117724883762020502899300847327108718894541316536216377870084905640078334644030571922078734746959124481551408164453735616820 0 0 0 0 0 0 0 0 0 0 0 0 0 0 0 1 0 0 0 0 0 0 0 0 0 0 0 0 0 0 0 0 0 0 0 0 0 0 0 0 0 0 0 0 0 0 0 0 0 0 0 0 0 0 0 0 0 0 0 0 0 0 0 0 0 0 0 0 0 0 0 0 0 0 0 0 0 0 0 0 0 0 0 0 0 0 0 0 0 0 0 0 0 0]
[2196496947540947225407173744695647704404571728463020965145969277084151753949089136922187897613973229351026371588514441448226203370466928483762707778258827902739202148103916041831345128333718581119381228425259712967583027025149647593302142289163872625358886244118851635506600682977449710 0 0 0 0 0 0 0 0 0 0 0 0 0 0 0 0 1 0 0 0 0 0 0 0 0 0 0 0 0 0 0 0 0 0 0 0 0 0 0 0 0 0 0 0 0 0 0 0 0 0 0 0 0 0 0 0 0 0 0 0 0 0 0 0 0 0 0 0 0 0 0 0 0 0 0 0 0 0 0 0 0 0 0 0 0 0 0 0 0 0 0 0 0 0]
[6072685549201944029251011694248760310642868533770228808274950681598449302156270756557704923961848480499229994874090302963334471307530427420773101576506983048602964528227761376656685673994599501635087742510895701426972304921957634500199887146919449470754533455371035088745723659963086705 0 0 0 0 0 0 0 0 0 0 0 0 0 0 0 0 0 1 0 0 0 0 0 0 0 0 0 0 0 0 0 0 0 0 0 0 0 0 0 0 0 0 0 0 0 0 0 0 0 0 0 0 0 0 0 0 0 0 0 0 0 0 0 0 0 0 0 0 0 0 0 0 0 0 0 0 0 0 0 0 0 0 0 0 0 0 0 0 0 0 0 0 0 0]
[6229764953108235994266243876321513189228419894527701487013825930061543180285549474839444436262444337126756851085800972416012320262165434728418428478653652803097277603716203315464272898024381596368430399603441713975771595751999915596036810538901455332576132170848938216198847635687548283 0 0 0 0 0 0 0 0 0 0 0 0 0 0 0 0 0 0 1 0 0 0 0 0 0 0 0 0 0 0 0 0 0 0 0 0 0 0 0 0 0 0 0 0 0 0 0 0 0 0 0 0 0 0 0 0 0 0 0 0 0 0 0 0 0 0 0 0 0 0 0 0 0 0 0 0 0 0 0 0 0 0 0 0 0 0 0 0 0 0 0 0 0 0]
[1067950952168373705513486112353085347590015424046168199596401835817127746892921635907803559566004681999376839296405298689620320513046595717467526445864536641823903808708977459586294591689004847171079875619029717035769816664917422167165454763314976386236626060260537242502702420720577050 0 0 0 0 0 0 0 0 0 0 0 0 0 0 0 0 0 0 0 1 0 0 0 0 0 0 0 0 0 0 0 0 0 0 0 0 0 0 0 0 0 0 0 0 0 0 0 0 0 0 0 0 0 0 0 0 0 0 0 0 0 0 0 0 0 0 0 0 0 0 0 0 0 0 0 0 0 0 0 0 0 0 0 0 0 0 0 0 0 0 0 0 0 0]
[6454980856286722873288979208759318057119230926819632991762178366375543152127866700591221367814000768674070967760203157877880478510709266900722120896968288703383423468661906191316452686761633361404774331418965684883313272750363636631819138085319120952008582806889301301531152025763116225 0 0 0 0 0 0 0 0 0 0 0 0 0 0 0 0 0 0 0 0 1 0 0 0 0 0 0 0 0 0 0 0 0 0 0 0 0 0 0 0 0 0 0 0 0 0 0 0 0 0 0 0 0 0 0 0 0 0 0 0 0 0 0 0 0 0 0 0 0 0 0 0 0 0 0 0 0 0 0 0 0 0 0 0 0 0 0 0 0 0 0 0 0 0]
[1454676708310764130076899891344820213393389988468148160653648294282573704357393911666573419380381483006138185866919713714975109303837285866935493380789408029434166733772357914440282842469633733091129886966065641274199315967128826691523411825792836413320561107150638137216788899290598549 0 0 0 0 0 0 0 0 0 0 0 0 0 0 0 0 0 0 0 0 0 1 0 0 0 0 0 0 0 0 0 0 0 0 0 0 0 0 0 0 0 0 0 0 0 0 0 0 0 0 0 0 0 0 0 0 0 0 0 0 0 0 0 0 0 0 0 0 0 0 0 0 0 0 0 0 0 0 0 0 0 0 0 0 0 0 0 0 0 0 0 0 0 0]
[1338807350424158594204228478711701674164686461352410840029551361844988577506367627021565041703737487199144997315635940701165350303595404958135165431759651181808894748918061965338758585405284763822499966253979802642131852058546113684606517971980749281999486928112059856943392714292762310 0 0 0 0 0 0 0 0 0 0 0 0 0 0 0 0 0 0 0 0 0 0 1 0 0 0 0 0 0 0 0 0 0 0 0 0 0 0 0 0 0 0 0 0 0 0 0 0 0 0 0 0 0 0 0 0 0 0 0 0 0 0 0 0 0 0 0 0 0 0 0 0 0 0 0 0 0 0 0 0 0 0 0 0 0 0 0 0 0 0 0 0 0 0]
[1095300861991505151421556985570932122848225047551872156251863942181703805992150468425055076653247313687369023783325564243164925493941358407674580338344303062967272934778360338846889294162251649789849371810113735484091736523749090096226497133027830269547591574941783921585087209995338305 0 0 0 0 0 0 0 0 0 0 0 0 0 0 0 0 0 0 0 0 0 0 0 1 0 0 0 0 0 0 0 0 0 0 0 0 0 0 0 0 0 0 0 0 0 0 0 0 0 0 0 0 0 0 0 0 0 0 0 0 0 0 0 0 0 0 0 0 0 0 0 0 0 0 0 0 0 0 0 0 0 0 0 0 0 0 0 0 0 0 0 0 0 0]
[2792479509159191090464596994184316462700478807243459036063078940286008397960785475978016419716020786224779899344352861232187001774321275274672079243137543866751402243279733693084667153285313471379243425853126209602938962310724035713942896235384389465090069670492746594822647739766102407 0 0 0 0 0 0 0 0 0 0 0 0 0 0 0 0 0 0 0 0 0 0 0 0 1 0 0 0 0 0 0 0 0 0 0 0 0 0 0 0 0 0 0 0 0 0 0 0 0 0 0 0 0 0 0 0 0 0 0 0 0 0 0 0 0 0 0 0 0 0 0 0 0 0 0 0 0 0 0 0 0 0 0 0 0 0 0 0 0 0 0 0 0 0]
[6970615881902396297213078908639027221727897939843098840334443065502773995441975701252811500352980559405650024901894851493129845210383332150504430571193830470364415385300415937111272870491065155711035592574699561501511717170585386120481245560417860524348624565805012982877673303099383554 0 0 0 0 0 0 0 0 0 0 0 0 0 0 0 0 0 0 0 0 0 0 0 0 0 1 0 0 0 0 0 0 0 0 0 0 0 0 0 0 0 0 0 0 0 0 0 0 0 0 0 0 0 0 0 0 0 0 0 0 0 0 0 0 0 0 0 0 0 0 0 0 0 0 0 0 0 0 0 0 0 0 0 0 0 0 0 0 0 0 0 0 0 0]
[2314821490416498834390251947709334319157026902836038661594062412223284592705703069738572606171147971862231746004212573088770997359148616213055902276142929034574151850721235815477404488037809132520222246755502559829496410284463945404164808625955928493350478560421130116595263754442589353 0 0 0 0 0 0 0 0 0 0 0 0 0 0 0 0 0 0 0 0 0 0 0 0 0 0 1 0 0 0 0 0 0 0 0 0 0 0 0 0 0 0 0 0 0 0 0 0 0 0 0 0 0 0 0 0 0 0 0 0 0 0 0 0 0 0 0 0 0 0 0 0 0 0 0 0 0 0 0 0 0 0 0 0 0 0 0 0 0 0 0 0 0 0]
[6011674155130501915624263852086089797714960248770991057925709591551888760541189231340405900795443929012519177567976710452446669067123002328361238359720673740392222743852851952578111816378315937161067925334539720309337213125816536843774168938549860503848923694505478146419750565234949742 0 0 0 0 0 0 0 0 0 0 0 0 0 0 0 0 0 0 0 0 0 0 0 0 0 0 0 1 0 0 0 0 0 0 0 0 0 0 0 0 0 0 0 0 0 0 0 0 0 0 0 0 0 0 0 0 0 0 0 0 0 0 0 0 0 0 0 0 0 0 0 0 0 0 0 0 0 0 0 0 0 0 0 0 0 0 0 0 0 0 0 0 0 0]
[7346386044224741436643660038065039805629088799037400549301500658340258703879906986923460095971959950443730510358437775555272703542305096154585105704326527132460092036767034758652464965244913329496422063782479619166114524086923207639644794201125234415951794969471507624899385352539311654 0 0 0 0 0 0 0 0 0 0 0 0 0 0 0 0 0 0 0 0 0 0 0 0 0 0 0 0 1 0 0 0 0 0 0 0 0 0 0 0 0 0 0 0 0 0 0 0 0 0 0 0 0 0 0 0 0 0 0 0 0 0 0 0 0 0 0 0 0 0 0 0 0 0 0 0 0 0 0 0 0 0 0 0 0 0 0 0 0 0 0 0 0 0]
[6813229991112914741749491056541490902690891219118821145879405417888678569654560793354245957162945814674408881519791786269556388759319085179548617089177748104753431097553681897559625760257485042339607699628151540188122565760962918829830335387786252932312705286546847796233730214237789123 0 0 0 0 0 0 0 0 0 0 0 0 0 0 0 0 0 0 0 0 0 0 0 0 0 0 0 0 0 1 0 0 0 0 0 0 0 0 0 0 0 0 0 0 0 0 0 0 0 0 0 0 0 0 0 0 0 0 0 0 0 0 0 0 0 0 0 0 0 0 0 0 0 0 0 0 0 0 0 0 0 0 0 0 0 0 0 0 0 0 0 0 0 0]
[4216377102912569025318295898094261066632725969495260811146362811351449801251151654011537073878089376442954855393844938903263653022214970367997912578907173046983815692346478229320220307015897379878274860519543232409709565463089062385125964838237305808668697095581940080167299429209759868 0 0 0 0 0 0 0 0 0 0 0 0 0 0 0 0 0 0 0 0 0 0 0 0 0 0 0 0 0 0 1 0 0 0 0 0 0 0 0 0 0 0 0 0 0 0 0 0 0 0 0 0 0 0 0 0 0 0 0 0 0 0 0 0 0 0 0 0 0 0 0 0 0 0 0 0 0 0 0 0 0 0 0 0 0 0 0 0 0 0 0 0 0 0]
[7576688365116558237733631969190706400168780192629905178745427433386847832316098492654946957291287006641097230988896405123462859985102470228887148342951741981936830435226488746063353151903109547110283612973598364217270153150706806118871684318684841849707268165173103131526082803165993180 0 0 0 0 0 0 0 0 0 0 0 0 0 0 0 0 0 0 0 0 0 0 0 0 0 0 0 0 0 0 0 1 0 0 0 0 0 0 0 0 0 0 0 0 0 0 0 0 0 0 0 0 0 0 0 0 0 0 0 0 0 0 0 0 0 0 0 0 0 0 0 0 0 0 0 0 0 0 0 0 0 0 0 0 0 0 0 0 0 0 0 0 0 0]
[4702310033888436678951745605316750826476687995753478310843640829170724352965621785513285085411474787464202511934491642900277208400532729236554560279680717584546470740454677002212071580051989458257570097230108842929200021822579450211516529446283073509800447672428326530676963564607637247 0 0 0 0 0 0 0 0 0 0 0 0 0 0 0 0 0 0 0 0 0 0 0 0 0 0 0 0 0 0 0 0 1 0 0 0 0 0 0 0 0 0 0 0 0 0 0 0 0 0 0 0 0 0 0 0 0 0 0 0 0 0 0 0 0 0 0 0 0 0 0 0 0 0 0 0 0 0 0 0 0 0 0 0 0 0 0 0 0 0 0 0 0 0]
[1326193326538176571398063544532845609488622408488597739205840183861948503797601244808013444309204957339296614432789130626928048393389388032769635989722778540980882584499299829370654107227508433399593702768047753980919709738142243337240239437743198976756628448019539061741879918633465953 0 0 0 0 0 0 0 0 0 0 0 0 0 0 0 0 0 0 0 0 0 0 0 0 0 0 0 0 0 0 0 0 0 1 0 0 0 0 0 0 0 0 0 0 0 0 0 0 0 0 0 0 0 0 0 0 0 0 0 0 0 0 0 0 0 0 0 0 0 0 0 0 0 0 0 0 0 0 0 0 0 0 0 0 0 0 0 0 0 0 0 0 0 0]
[5473974593448161634427379989497674242671200423810390275448981030137516909040623238129311494766089616583369862063010604162847336037776301245132131624468256590968234429362669491982076282270560508786223608265228828480802191382194635408749525952808321054298413706764720968697969321052678231 0 0 0 0 0 0 0 0 0 0 0 0 0 0 0 0 0 0 0 0 0 0 0 0 0 0 0 0 0 0 0 0 0 0 1 0 0 0 0 0 0 0 0 0 0 0 0 0 0 0 0 0 0 0 0 0 0 0 0 0 0 0 0 0 0 0 0 0 0 0 0 0 0 0 0 0 0 0 0 0 0 0 0 0 0 0 0 0 0 0 0 0 0 0]
[4987580394068403022729200209461110595089107023728383317654436060283286733593620749322337686530053687096374791767536161916900757300573160066219774059799747527869648304721702034876031636945886905873806304266569883259826802403866555090601214075101240942223497593724558746148402016916796155 0 0 0 0 0 0 0 0 0 0 0 0 0 0 0 0 0 0 0 0 0 0 0 0 0 0 0 0 0 0 0 0 0 0 0 1 0 0 0 0 0 0 0 0 0 0 0 0 0 0 0 0 0 0 0 0 0 0 0 0 0 0 0 0 0 0 0 0 0 0 0 0 0 0 0 0 0 0 0 0 0 0 0 0 0 0 0 0 0 0 0 0 0 0]
[2951200418806657809804481645396256393656138948521109473125385689194703311998128465648459628286311798075719345068913028939730506148823124108201489992649907882395998980041493987826153764566799609880129446314217274144724073460616906200162590014889529994337226123514673589058687200977017468 0 0 0 0 0 0 0 0 0 0 0 0 0 0 0 0 0 0 0 0 0 0 0 0 0 0 0 0 0 0 0 0 0 0 0 0 1 0 0 0 0 0 0 0 0 0 0 0 0 0 0 0 0 0 0 0 0 0 0 0 0 0 0 0 0 0 0 0 0 0 0 0 0 0 0 0 0 0 0 0 0 0 0 0 0 0 0 0 0 0 0 0 0 0]
[3260758145925282322383276009239117086567241529906149519685671212472816114243153227724261447503694644850272802933160444441947562192228852580286062081134245670044815451484101312481265414728715780032003605092727547299886276270535564237535236233926769879496455671357638189749831647278303839 0 0 0 0 0 0 0 0 0 0 0 0 0 0 0 0 0 0 0 0 0 0 0 0 0 0 0 0 0 0 0 0 0 0 0 0 0 1 0 0 0 0 0 0 0 0 0 0 0 0 0 0 0 0 0 0 0 0 0 0 0 0 0 0 0 0 0 0 0 0 0 0 0 0 0 0 0 0 0 0 0 0 0 0 0 0 0 0 0 0 0 0 0 0]
[3281441145448416008442930416838678823617269874734882380838914551532615663770475252007299592688436290852760842021819148447559901849293350656440382617456070500820940571958084988402856628529662433430982411291755669972085606225215982038990212529814567840687313476576521115859581947149763645 0 0 0 0 0 0 0 0 0 0 0 0 0 0 0 0 0 0 0 0 0 0 0 0 0 0 0 0 0 0 0 0 0 0 0 0 0 0 1 0 0 0 0 0 0 0 0 0 0 0 0 0 0 0 0 0 0 0 0 0 0 0 0 0 0 0 0 0 0 0 0 0 0 0 0 0 0 0 0 0 0 0 0 0 0 0 0 0 0 0 0 0 0 0]
[3000110909627248026490274216198919438117085633219674436353035294050995344620105990127775573001156937978249601464278322298967277755067049002795314016398904093538622844780494110075641426351081086174951361371672686322326908776209329038041270319196516622899826053797020488692579028315216801 0 0 0 0 0 0 0 0 0 0 0 0 0 0 0 0 0 0 0 0 0 0 0 0 0 0 0 0 0 0 0 0 0 0 0 0 0 0 0 1 0 0 0 0 0 0 0 0 0 0 0 0 0 0 0 0 0 0 0 0 0 0 0 0 0 0 0 0 0 0 0 0 0 0 0 0 0 0 0 0 0 0 0 0 0 0 0 0 0 0 0 0 0 0]
[477141059971277847402447166724595413201468889504037712122139278361368595882483726555280365525892448458919582274067728587010653478163704453611723514308998428802539879984963121089497107623739039291879565799445522641491730885621938424823697298740508094540461232064873000018932884410814207 0 0 0 0 0 0 0 0 0 0 0 0 0 0 0 0 0 0 0 0 0 0 0 0 0 0 0 0 0 0 0 0 0 0 0 0 0 0 0 0 1 0 0 0 0 0 0 0 0 0 0 0 0 0 0 0 0 0 0 0 0 0 0 0 0 0 0 0 0 0 0 0 0 0 0 0 0 0 0 0 0 0 0 0 0 0 0 0 0 0 0 0 0 0]
[2433651879777247289935662463899631157611678185539622256624691576347250326285172789076052021009151840142273779961113834963549960586750099436343994626151624882274667259126251212669153188450683748555016208508039777925655666531147238967307981572583136610179867455881360971903129350298368209 0 0 0 0 0 0 0 0 0 0 0 0 0 0 0 0 0 0 0 0 0 0 0 0 0 0 0 0 0 0 0 0 0 0 0 0 0 0 0 0 0 1 0 0 0 0 0 0 0 0 0 0 0 0 0 0 0 0 0 0 0 0 0 0 0 0 0 0 0 0 0 0 0 0 0 0 0 0 0 0 0 0 0 0 0 0 0 0 0 0 0 0 0 0]
[2572722872750132000281632828692060192924538876119678309146850232846118757400795319618044656112825086833039351059245813756965618238765161865055749985276364821002982268316197537050630034444963831141837899571774965218815132837397001291316968088284365620750832005405510055662515100815536167 0 0 0 0 0 0 0 0 0 0 0 0 0 0 0 0 0 0 0 0 0 0 0 0 0 0 0 0 0 0 0 0 0 0 0 0 0 0 0 0 0 0 1 0 0 0 0 0 0 0 0 0 0 0 0 0 0 0 0 0 0 0 0 0 0 0 0 0 0 0 0 0 0 0 0 0 0 0 0 0 0 0 0 0 0 0 0 0 0 0 0 0 0 0]
[4883940153927390401318400709092457509064079537673991428854837421960663296487337510883089963730710631291633396258847783633927933437346913932213533196382231873787512249335064160171192128439235491613831195348319666758689099275691594410303806206719392270668147606382357932848819560347551267 0 0 0 0 0 0 0 0 0 0 0 0 0 0 0 0 0 0 0 0 0 0 0 0 0 0 0 0 0 0 0 0 0 0 0 0 0 0 0 0 0 0 0 1 0 0 0 0 0 0 0 0 0 0 0 0 0 0 0 0 0 0 0 0 0 0 0 0 0 0 0 0 0 0 0 0 0 0 0 0 0 0 0 0 0 0 0 0 0 0 0 0 0 0]
[5847628960325518343568118722428194211122737616306118933138433355397980060882740799421975121894630637474915904837575419581803186420078187889012035027939013952868863857700659092019583493820719601020321299720900867401933796557622514086801478742142364888404665673818689738405804704047284420 0 0 0 0 0 0 0 0 0 0 0 0 0 0 0 0 0 0 0 0 0 0 0 0 0 0 0 0 0 0 0 0 0 0 0 0 0 0 0 0 0 0 0 0 1 0 0 0 0 0 0 0 0 0 0 0 0 0 0 0 0 0 0 0 0 0 0 0 0 0 0 0 0 0 0 0 0 0 0 0 0 0 0 0 0 0 0 0 0 0 0 0 0 0]
[6757729325627273618321043127619223973937401521217273339628932144385832151272670562462300043578093307723381556024452523691242539654774282431604928748518171107933521022106152696024358519027929031997681044672229772792091004734281980554204362425737753162598987613864988964528031211109164831 0 0 0 0 0 0 0 0 0 0 0 0 0 0 0 0 0 0 0 0 0 0 0 0 0 0 0 0 0 0 0 0 0 0 0 0 0 0 0 0 0 0 0 0 0 1 0 0 0 0 0 0 0 0 0 0 0 0 0 0 0 0 0 0 0 0 0 0 0 0 0 0 0 0 0 0 0 0 0 0 0 0 0 0 0 0 0 0 0 0 0 0 0 0]
[3870350555892395420181409656317710425378731800755332440421582080577398967218076471952131009108979416951545991066783385737067389092539991834434088242354692569650269958554477278157892632999575270800227061422763120184795054777806043573297886034564092558729917649233020946158125913458546930 0 0 0 0 0 0 0 0 0 0 0 0 0 0 0 0 0 0 0 0 0 0 0 0 0 0 0 0 0 0 0 0 0 0 0 0 0 0 0 0 0 0 0 0 0 0 1 0 0 0 0 0 0 0 0 0 0 0 0 0 0 0 0 0 0 0 0 0 0 0 0 0 0 0 0 0 0 0 0 0 0 0 0 0 0 0 0 0 0 0 0 0 0 0]
[3928960358736047336146225494668976301851917029032863062702550072095596833190205702401688955632782188043986422053466232057234383587097642122620849531057437829811205115176486379709094902629838033598909920793983280923932623221680586363472461688592529007802303336891032366658317900011471035 0 0 0 0 0 0 0 0 0 0 0 0 0 0 0 0 0 0 0 0 0 0 0 0 0 0 0 0 0 0 0 0 0 0 0 0 0 0 0 0 0 0 0 0 0 0 0 1 0 0 0 0 0 0 0 0 0 0 0 0 0 0 0 0 0 0 0 0 0 0 0 0 0 0 0 0 0 0 0 0 0 0 0 0 0 0 0 0 0 0 0 0 0 0]
[5371110011421665973956196665363903343135824959572266111162921711542361245298197168284700646602710758527049559602102689634633052518704304795594157779230373812377591969396610181658013083412992696468741401842523288623965173761169906948200595324547784074407740129122434755475484459559890760 0 0 0 0 0 0 0 0 0 0 0 0 0 0 0 0 0 0 0 0 0 0 0 0 0 0 0 0 0 0 0 0 0 0 0 0 0 0 0 0 0 0 0 0 0 0 0 0 1 0 0 0 0 0 0 0 0 0 0 0 0 0 0 0 0 0 0 0 0 0 0 0 0 0 0 0 0 0 0 0 0 0 0 0 0 0 0 0 0 0 0 0 0 0]
[5803005589418021957402946736397857933990144820692083735733780080678442647775133995653440429637033948419515447833212582421373671562857177845408293984119514523451667428014733596996138961328812528803956979954998151336495571894997468389014978597192589922407491293763374623508125031838440023 0 0 0 0 0 0 0 0 0 0 0 0 0 0 0 0 0 0 0 0 0 0 0 0 0 0 0 0 0 0 0 0 0 0 0 0 0 0 0 0 0 0 0 0 0 0 0 0 0 1 0 0 0 0 0 0 0 0 0 0 0 0 0 0 0 0 0 0 0 0 0 0 0 0 0 0 0 0 0 0 0 0 0 0 0 0 0 0 0 0 0 0 0 0]
[1837997453270900671463755921445241542732727599168147798922356747078743150195182350937751552520011715882171517062432200004836510080147860893604478349216051475358471039116396170642055486421199120236227527915127019440989725281616256086400288471826169134410100853738511214684780237343127146 0 0 0 0 0 0 0 0 0 0 0 0 0 0 0 0 0 0 0 0 0 0 0 0 0 0 0 0 0 0 0 0 0 0 0 0 0 0 0 0 0 0 0 0 0 0 0 0 0 0 1 0 0 0 0 0 0 0 0 0 0 0 0 0 0 0 0 0 0 0 0 0 0 0 0 0 0 0 0 0 0 0 0 0 0 0 0 0 0 0 0 0 0 0]
[3484874016074620988120694065751249596670642175476737763900306206974040991711128288719011504733787510120046572878786339651017222782108689904641191073885412142427094811262416569105872671298183656500411969077859667376613014361500712968884926023865155287146696970162351766870987532260752266 0 0 0 0 0 0 0 0 0 0 0 0 0 0 0 0 0 0 0 0 0 0 0 0 0 0 0 0 0 0 0 0 0 0 0 0 0 0 0 0 0 0 0 0 0 0 0 0 0 0 0 1 0 0 0 0 0 0 0 0 0 0 0 0 0 0 0 0 0 0 0 0 0 0 0 0 0 0 0 0 0 0 0 0 0 0 0 0 0 0 0 0 0 0]
[4273914477026779411981336436294106888948154544913082950308779729501076226809367474718731037936699721830910853410826097611665260089128273216046010924324194723975515287295395729933479716712537065262843027223737177051350316121603666084023061492842997649918607452509683793054758486459679150 0 0 0 0 0 0 0 0 0 0 0 0 0 0 0 0 0 0 0 0 0 0 0 0 0 0 0 0 0 0 0 0 0 0 0 0 0 0 0 0 0 0 0 0 0 0 0 0 0 0 0 0 1 0 0 0 0 0 0 0 0 0 0 0 0 0 0 0 0 0 0 0 0 0 0 0 0 0 0 0 0 0 0 0 0 0 0 0 0 0 0 0 0 0]
[4151919894255739777766657566932704093510441347589215480364527357491603482408747005372728265262947475788963633665750104474918915382667154254609432859648616868800211599742649946047076855570409469644221877885382822478171102034397377640930667052496177352590544937667242761992989155459086810 0 0 0 0 0 0 0 0 0 0 0 0 0 0 0 0 0 0 0 0 0 0 0 0 0 0 0 0 0 0 0 0 0 0 0 0 0 0 0 0 0 0 0 0 0 0 0 0 0 0 0 0 0 1 0 0 0 0 0 0 0 0 0 0 0 0 0 0 0 0 0 0 0 0 0 0 0 0 0 0 0 0 0 0 0 0 0 0 0 0 0 0 0 0]
[7064095223574743984538182642093986898861242133749546875716645482998646591122727763446624161924331559462636302385312933234965476821797484101813340734621375527869900370310934411660167301806430100573314257121991753365142009053360587679076198178128578008770021047980900185375248202259745722 0 0 0 0 0 0 0 0 0 0 0 0 0 0 0 0 0 0 0 0 0 0 0 0 0 0 0 0 0 0 0 0 0 0 0 0 0 0 0 0 0 0 0 0 0 0 0 0 0 0 0 0 0 0 1 0 0 0 0 0 0 0 0 0 0 0 0 0 0 0 0 0 0 0 0 0 0 0 0 0 0 0 0 0 0 0 0 0 0 0 0 0 0 0]
[6320499400242861169495274647791394387835660291198699331129177504546594608322186874550858124098329005979820614120687765397509947611343119729123549079114704608405513253083328267111722961692236245699206913868914198909236677377852768589884460296578945898923671683561766540176187628713876798 0 0 0 0 0 0 0 0 0 0 0 0 0 0 0 0 0 0 0 0 0 0 0 0 0 0 0 0 0 0 0 0 0 0 0 0 0 0 0 0 0 0 0 0 0 0 0 0 0 0 0 0 0 0 0 1 0 0 0 0 0 0 0 0 0 0 0 0 0 0 0 0 0 0 0 0 0 0 0 0 0 0 0 0 0 0 0 0 0 0 0 0 0 0]
[7349280951193825336025374736847044264522319320944117559384087873390195197956091321427516864801989554044357273249732070084792530003332074597865781092358155223905065796082783115467645176210210949788760416787588714323334505001957224571010719576038274226905294778629957759274639103187316092 0 0 0 0 0 0 0 0 0 0 0 0 0 0 0 0 0 0 0 0 0 0 0 0 0 0 0 0 0 0 0 0 0 0 0 0 0 0 0 0 0 0 0 0 0 0 0 0 0 0 0 0 0 0 0 0 1 0 0 0 0 0 0 0 0 0 0 0 0 0 0 0 0 0 0 0 0 0 0 0 0 0 0 0 0 0 0 0 0 0 0 0 0 0]
[652076662868125060003389377242524104114226339662398177257308725713031447137554011057274319996989315392091946996910508349438799331229548436829804171275360914085959704359073387872927034720615269399127828256445587749541994102352018231811888404052952316072695274845493119048323603929523643 0 0 0 0 0 0 0 0 0 0 0 0 0 0 0 0 0 0 0 0 0 0 0 0 0 0 0 0 0 0 0 0 0 0 0 0 0 0 0 0 0 0 0 0 0 0 0 0 0 0 0 0 0 0 0 0 0 1 0 0 0 0 0 0 0 0 0 0 0 0 0 0 0 0 0 0 0 0 0 0 0 0 0 0 0 0 0 0 0 0 0 0 0 0]
[4001397712643357486174044095223957216164313076807459988131591010372465984695497346295025049828465452767842790540804581622255846206555547296858248549033140392999886529210782352402369630029349370857711093837710144368359994447202665054263302434572138729265131213124848581117359916083971222 0 0 0 0 0 0 0 0 0 0 0 0 0 0 0 0 0 0 0 0 0 0 0 0 0 0 0 0 0 0 0 0 0 0 0 0 0 0 0 0 0 0 0 0 0 0 0 0 0 0 0 0 0 0 0 0 0 0 1 0 0 0 0 0 0 0 0 0 0 0 0 0 0 0 0 0 0 0 0 0 0 0 0 0 0 0 0 0 0 0 0 0 0 0]
[2849625917038300628469648222908998458129371673653763283917379591322344129045889766652010649009655981876195559690652543264865794631634938844367189817495138237862429867596032779796074717996676285623052108403811788910815917400920636117088240160706208384813609613383227878299148286856862764 0 0 0 0 0 0 0 0 0 0 0 0 0 0 0 0 0 0 0 0 0 0 0 0 0 0 0 0 0 0 0 0 0 0 0 0 0 0 0 0 0 0 0 0 0 0 0 0 0 0 0 0 0 0 0 0 0 0 0 1 0 0 0 0 0 0 0 0 0 0 0 0 0 0 0 0 0 0 0 0 0 0 0 0 0 0 0 0 0 0 0 0 0 0]
[4929543036598728288292578746407988495158440563909468498776956849769314407673258966288879305411675726525069781220089904453308736415796535090917160996799431547486017526888628156464734445832385157715638025313661616649164084145983428952223397062442962703033786065901780405849453456666037738 0 0 0 0 0 0 0 0 0 0 0 0 0 0 0 0 0 0 0 0 0 0 0 0 0 0 0 0 0 0 0 0 0 0 0 0 0 0 0 0 0 0 0 0 0 0 0 0 0 0 0 0 0 0 0 0 0 0 0 0 1 0 0 0 0 0 0 0 0 0 0 0 0 0 0 0 0 0 0 0 0 0 0 0 0 0 0 0 0 0 0 0 0 0]
[6759140364590693789576986732200633754710593231107493014249139360912475373670676235399817178906773770101233116042066931679107114140971944835583091589840824580649932096827039561777748619571675270471361013893575504436208448937308334938477225884789297627385894073469841479862684535754682304 0 0 0 0 0 0 0 0 0 0 0 0 0 0 0 0 0 0 0 0 0 0 0 0 0 0 0 0 0 0 0 0 0 0 0 0 0 0 0 0 0 0 0 0 0 0 0 0 0 0 0 0 0 0 0 0 0 0 0 0 0 1 0 0 0 0 0 0 0 0 0 0 0 0 0 0 0 0 0 0 0 0 0 0 0 0 0 0 0 0 0 0 0 0]
[6823271100657978739952674195516956181244099341057960901044119560915788825354866484184976954176696202911982852990140414650110079719405081579885410882885249285435454968397777282510269912353624056276665819712726005865646761456212563419001425104689188049134843393939016119920620540318234469 0 0 0 0 0 0 0 0 0 0 0 0 0 0 0 0 0 0 0 0 0 0 0 0 0 0 0 0 0 0 0 0 0 0 0 0 0 0 0 0 0 0 0 0 0 0 0 0 0 0 0 0 0 0 0 0 0 0 0 0 0 0 1 0 0 0 0 0 0 0 0 0 0 0 0 0 0 0 0 0 0 0 0 0 0 0 0 0 0 0 0 0 0 0]
[5720679772529047703792728427761105654068783986745043615289379079694285541070687753298049097948740913994340482712668802921444323961798407449983356591476611781561090563982511736254867626639914506459759517991483564570614268664925779879832363886579169542113443868352700855040942192727909022 0 0 0 0 0 0 0 0 0 0 0 0 0 0 0 0 0 0 0 0 0 0 0 0 0 0 0 0 0 0 0 0 0 0 0 0 0 0 0 0 0 0 0 0 0 0 0 0 0 0 0 0 0 0 0 0 0 0 0 0 0 0 0 1 0 0 0 0 0 0 0 0 0 0 0 0 0 0 0 0 0 0 0 0 0 0 0 0 0 0 0 0 0 0]
[7391463596414004950263608157815569237329351166826604876484569466569004480962089480471477084686238644995292292815860662744285157646673787610593654338944192860668367495525976924394450432244870807707289036059823307635361020777839675691545174575665312222866254312980163224148694540037590056 0 0 0 0 0 0 0 0 0 0 0 0 0 0 0 0 0 0 0 0 0 0 0 0 0 0 0 0 0 0 0 0 0 0 0 0 0 0 0 0 0 0 0 0 0 0 0 0 0 0 0 0 0 0 0 0 0 0 0 0 0 0 0 0 1 0 0 0 0 0 0 0 0 0 0 0 0 0 0 0 0 0 0 0 0 0 0 0 0 0 0 0 0 0]
[5751519284946896882207827780254680998046691825404288545190263099548789805862927642312810940389199842660817884866579631250646191010391520287775322337210533132749807010406381633600648038870674413971293278425515388931018615845870393603410090147525409777698090082262976160993452389934995196 0 0 0 0 0 0 0 0 0 0 0 0 0 0 0 0 0 0 0 0 0 0 0 0 0 0 0 0 0 0 0 0 0 0 0 0 0 0 0 0 0 0 0 0 0 0 0 0 0 0 0 0 0 0 0 0 0 0 0 0 0 0 0 0 0 1 0 0 0 0 0 0 0 0 0 0 0 0 0 0 0 0 0 0 0 0 0 0 0 0 0 0 0 0]
[4848139078792866177094905137336009189005128726401379523094883342192819339631913465279769790871332452272378520785269345375061073402496766693370663290364229674397699461945624424496809560449304039421307304900605311489211102653873173141703507030344616298873418741105002053288409379195287396 0 0 0 0 0 0 0 0 0 0 0 0 0 0 0 0 0 0 0 0 0 0 0 0 0 0 0 0 0 0 0 0 0 0 0 0 0 0 0 0 0 0 0 0 0 0 0 0 0 0 0 0 0 0 0 0 0 0 0 0 0 0 0 0 0 0 1 0 0 0 0 0 0 0 0 0 0 0 0 0 0 0 0 0 0 0 0 0 0 0 0 0 0 0]
[5519208856188714085463304067703718166382659133059130430699004355758745392526532804869437334625743817321394648175240064493979106809501495772741333834484769706192262314883268000652609902404660500043564527044713060972142621883388146897671231039670084836555562192792878801842090788628792564 0 0 0 0 0 0 0 0 0 0 0 0 0 0 0 0 0 0 0 0 0 0 0 0 0 0 0 0 0 0 0 0 0 0 0 0 0 0 0 0 0 0 0 0 0 0 0 0 0 0 0 0 0 0 0 0 0 0 0 0 0 0 0 0 0 0 0 1 0 0 0 0 0 0 0 0 0 0 0 0 0 0 0 0 0 0 0 0 0 0 0 0 0 0]
[1584545469613110584209146759976275470436459533829449739607754716300751286626781683883466244250829577107132772452964613276200355334781897250159285338841800292817947803530343093847811387858288674956404272746512382439596601646865739671552348875202353490246130511934436127944016231893749074 0 0 0 0 0 0 0 0 0 0 0 0 0 0 0 0 0 0 0 0 0 0 0 0 0 0 0 0 0 0 0 0 0 0 0 0 0 0 0 0 0 0 0 0 0 0 0 0 0 0 0 0 0 0 0 0 0 0 0 0 0 0 0 0 0 0 0 0 1 0 0 0 0 0 0 0 0 0 0 0 0 0 0 0 0 0 0 0 0 0 0 0 0 0]
[4821247943386874536094745306560849668266040614081358427905048768821235957570939704150766540884239725469493947732887751330288300794754964455336291003442966495105953009340663381445120777801801792216686618629206065473245333507898902365258618147491210523854815696551077298581420779405587004 0 0 0 0 0 0 0 0 0 0 0 0 0 0 0 0 0 0 0 0 0 0 0 0 0 0 0 0 0 0 0 0 0 0 0 0 0 0 0 0 0 0 0 0 0 0 0 0 0 0 0 0 0 0 0 0 0 0 0 0 0 0 0 0 0 0 0 0 0 1 0 0 0 0 0 0 0 0 0 0 0 0 0 0 0 0 0 0 0 0 0 0 0 0]
[3637474401043721938930620884959002536075472699383112555636255077969797918542479250044875544997034046073585875585590325869970398398611762577935205747317306512305544046882510951854375418062249667741956944845914426174101752404859182286311861167594078158730878703155113061906036105505461704 0 0 0 0 0 0 0 0 0 0 0 0 0 0 0 0 0 0 0 0 0 0 0 0 0 0 0 0 0 0 0 0 0 0 0 0 0 0 0 0 0 0 0 0 0 0 0 0 0 0 0 0 0 0 0 0 0 0 0 0 0 0 0 0 0 0 0 0 0 0 1 0 0 0 0 0 0 0 0 0 0 0 0 0 0 0 0 0 0 0 0 0 0 0]
[4967030651994775803550373579282981667121672085107781227928858170987891218716897245828281039754463863913496663755966547035916452601977233404340372993989195008763588389094675618537080724794804384039319271540193746889682064515696958611970589837054456753830583182835296460014273110097314559 0 0 0 0 0 0 0 0 0 0 0 0 0 0 0 0 0 0 0 0 0 0 0 0 0 0 0 0 0 0 0 0 0 0 0 0 0 0 0 0 0 0 0 0 0 0 0 0 0 0 0 0 0 0 0 0 0 0 0 0 0 0 0 0 0 0 0 0 0 0 0 1 0 0 0 0 0 0 0 0 0 0 0 0 0 0 0 0 0 0 0 0 0 0]
[873315833896746371942108577872965159398846885573301246033010094389706236616807285683384795767195439565928197228435274128355646199098165839332905550196484782819186762581095446471616578149222819018814641960744243369535909642272875102553580992656309635075048939070983990049246113597951796 0 0 0 0 0 0 0 0 0 0 0 0 0 0 0 0 0 0 0 0 0 0 0 0 0 0 0 0 0 0 0 0 0 0 0 0 0 0 0 0 0 0 0 0 0 0 0 0 0 0 0 0 0 0 0 0 0 0 0 0 0 0 0 0 0 0 0 0 0 0 0 0 1 0 0 0 0 0 0 0 0 0 0 0 0 0 0 0 0 0 0 0 0 0]
[16350203720031576404222533956408510401147179619345930557286638125491098256592113971620811732701298188863355801983972513892612115978484536389187255809569751609009039923710512442929743845974534698869475260377803358514348148612063210864384095077678353918187144156176684568428187757407057 0 0 0 0 0 0 0 0 0 0 0 0 0 0 0 0 0 0 0 0 0 0 0 0 0 0 0 0 0 0 0 0 0 0 0 0 0 0 0 0 0 0 0 0 0 0 0 0 0 0 0 0 0 0 0 0 0 0 0 0 0 0 0 0 0 0 0 0 0 0 0 0 0 1 0 0 0 0 0 0 0 0 0 0 0 0 0 0 0 0 0 0 0 0]
[6335936616564752258545720123069158675924208358611258625403084532867614444300678907322031924231347381781709989468148022379078549325328073392672875800578809149036229408209762992030360866592780042423499886601607088193520244216969834798608425802282567637461566273043704290067046972607927490 0 0 0 0 0 0 0 0 0 0 0 0 0 0 0 0 0 0 0 0 0 0 0 0 0 0 0 0 0 0 0 0 0 0 0 0 0 0 0 0 0 0 0 0 0 0 0 0 0 0 0 0 0 0 0 0 0 0 0 0 0 0 0 0 0 0 0 0 0 0 0 0 0 0 1 0 0 0 0 0 0 0 0 0 0 0 0 0 0 0 0 0 0 0]
[3387600919496098059889886272642201444026806768215397150794196857535440169539467685261751393137338912741729633280555200309540729682211497874106019386933595861168172227699607641346146405006305494814104188828280721071002117936789655825041421462073683353136004153867482950710613051909520771 0 0 0 0 0 0 0 0 0 0 0 0 0 0 0 0 0 0 0 0 0 0 0 0 0 0 0 0 0 0 0 0 0 0 0 0 0 0 0 0 0 0 0 0 0 0 0 0 0 0 0 0 0 0 0 0 0 0 0 0 0 0 0 0 0 0 0 0 0 0 0 0 0 0 0 1 0 0 0 0 0 0 0 0 0 0 0 0 0 0 0 0 0 0]
[4251410188908730568512833102664672769511620228647538309666516717211690926852861682521029365229704228404171254571728833700573681236773760180980500452457064324983754073359275175096513714474123872168990689262608010751391582651446348626379079691928016728275839074943991366004977507578085980 0 0 0 0 0 0 0 0 0 0 0 0 0 0 0 0 0 0 0 0 0 0 0 0 0 0 0 0 0 0 0 0 0 0 0 0 0 0 0 0 0 0 0 0 0 0 0 0 0 0 0 0 0 0 0 0 0 0 0 0 0 0 0 0 0 0 0 0 0 0 0 0 0 0 0 0 1 0 0 0 0 0 0 0 0 0 0 0 0 0 0 0 0 0]
[6444988310223867264638726822374097748254509700378377271837484515112328930569144573941276559951779759653395186885409522830046288742176490317980749167254824362699221764776294412823306204610455390019588441529571352604663913925625777712327276208677569658654439696614383286851108792582819893 0 0 0 0 0 0 0 0 0 0 0 0 0 0 0 0 0 0 0 0 0 0 0 0 0 0 0 0 0 0 0 0 0 0 0 0 0 0 0 0 0 0 0 0 0 0 0 0 0 0 0 0 0 0 0 0 0 0 0 0 0 0 0 0 0 0 0 0 0 0 0 0 0 0 0 0 0 1 0 0 0 0 0 0 0 0 0 0 0 0 0 0 0 0]
[6586554004367916302225049229595807421845127866061030064553806624286459548023273614113894366519152414277295170591923464597359879514995579135427150409561675170674411130927084638459759446189726265189459623588294539794669284358090810582843647013555151089210031765300873834565799286830482557 0 0 0 0 0 0 0 0 0 0 0 0 0 0 0 0 0 0 0 0 0 0 0 0 0 0 0 0 0 0 0 0 0 0 0 0 0 0 0 0 0 0 0 0 0 0 0 0 0 0 0 0 0 0 0 0 0 0 0 0 0 0 0 0 0 0 0 0 0 0 0 0 0 0 0 0 0 0 1 0 0 0 0 0 0 0 0 0 0 0 0 0 0 0]
[1730991038187204588900716019541077724738712509054935304144588777934360091454555104008900938995703451368045338358065306103690908889599360802182032842125501710056934742360775810125185104036845679167130584892456003708875096237481306593817007237967525288669989727726546464699868180859701905 0 0 0 0 0 0 0 0 0 0 0 0 0 0 0 0 0 0 0 0 0 0 0 0 0 0 0 0 0 0 0 0 0 0 0 0 0 0 0 0 0 0 0 0 0 0 0 0 0 0 0 0 0 0 0 0 0 0 0 0 0 0 0 0 0 0 0 0 0 0 0 0 0 0 0 0 0 0 0 1 0 0 0 0 0 0 0 0 0 0 0 0 0 0]
[751493995378133718853557682508403972848287854173377353945962691461169378197291098940579408687441821185824654056902394962140674660589394378552575176185168950212033860938356998504141089916219490503044021923869325064630620435978807564704988855103520145539067452993484401690471698710517612 0 0 0 0 0 0 0 0 0 0 0 0 0 0 0 0 0 0 0 0 0 0 0 0 0 0 0 0 0 0 0 0 0 0 0 0 0 0 0 0 0 0 0 0 0 0 0 0 0 0 0 0 0 0 0 0 0 0 0 0 0 0 0 0 0 0 0 0 0 0 0 0 0 0 0 0 0 0 0 0 1 0 0 0 0 0 0 0 0 0 0 0 0 0]
[5658123405342961205076648466218708231095083713996639852222437806023981866406695665598105666709031683142237957816767459128146047071588220468232257147668591713615968219159575364948221929656508693991045383522704116626513108392024350461720858121984094274559960299677113292792306782416239918 0 0 0 0 0 0 0 0 0 0 0 0 0 0 0 0 0 0 0 0 0 0 0 0 0 0 0 0 0 0 0 0 0 0 0 0 0 0 0 0 0 0 0 0 0 0 0 0 0 0 0 0 0 0 0 0 0 0 0 0 0 0 0 0 0 0 0 0 0 0 0 0 0 0 0 0 0 0 0 0 0 1 0 0 0 0 0 0 0 0 0 0 0 0]
[1975790226263200138598696473736822494170609659215485356291323721948519716158594506887704316966545503448408340253026946838661714645980590279187425009556025576450991425003636447795220923065598181222535230521222996797725841269838792823864351842737698429403088636757771764388446382535647592 0 0 0 0 0 0 0 0 0 0 0 0 0 0 0 0 0 0 0 0 0 0 0 0 0 0 0 0 0 0 0 0 0 0 0 0 0 0 0 0 0 0 0 0 0 0 0 0 0 0 0 0 0 0 0 0 0 0 0 0 0 0 0 0 0 0 0 0 0 0 0 0 0 0 0 0 0 0 0 0 0 0 1 0 0 0 0 0 0 0 0 0 0 0]
[2542361125935735929658446876293012067466128159602240444372833525021435367444707099219739774533478951929900362188489019808514692571576594541167905377422315611279456139139693914691877545807378366686362575154958091842332180597110746863100889642741655505434574863694284920098628668446818890 0 0 0 0 0 0 0 0 0 0 0 0 0 0 0 0 0 0 0 0 0 0 0 0 0 0 0 0 0 0 0 0 0 0 0 0 0 0 0 0 0 0 0 0 0 0 0 0 0 0 0 0 0 0 0 0 0 0 0 0 0 0 0 0 0 0 0 0 0 0 0 0 0 0 0 0 0 0 0 0 0 0 0 1 0 0 0 0 0 0 0 0 0 0]
[6402395212614655663006766935325605928022742034891257214651109871209722996748571964176928856262265568157466270739451238703308818459612353310510690710908736726481122577786461772975452971440615981446510685484338398148254679269030328913984801297928616241432375345225582289252873365601467289 0 0 0 0 0 0 0 0 0 0 0 0 0 0 0 0 0 0 0 0 0 0 0 0 0 0 0 0 0 0 0 0 0 0 0 0 0 0 0 0 0 0 0 0 0 0 0 0 0 0 0 0 0 0 0 0 0 0 0 0 0 0 0 0 0 0 0 0 0 0 0 0 0 0 0 0 0 0 0 0 0 0 0 0 1 0 0 0 0 0 0 0 0 0]
[3764111101400666093561552186566877364596209516222643025261107437080258632601435245890973734748485213007598572660478829274351987925445810042871580461910670702620134620307292318412518427356339123591228043716411067068401086127357602846325884708615956037402189641343018516584346912028002854 0 0 0 0 0 0 0 0 0 0 0 0 0 0 0 0 0 0 0 0 0 0 0 0 0 0 0 0 0 0 0 0 0 0 0 0 0 0 0 0 0 0 0 0 0 0 0 0 0 0 0 0 0 0 0 0 0 0 0 0 0 0 0 0 0 0 0 0 0 0 0 0 0 0 0 0 0 0 0 0 0 0 0 0 0 1 0 0 0 0 0 0 0 0]
[4914094826376176401416116150203319759949374214583506696330137437585541012225286768615845842129743970263361580124527631098182455940030842206210991086405299202744771081366025610750471521830395753987358201278928164258505535755089860108497396782830497627246917274828903317424446125805674334 0 0 0 0 0 0 0 0 0 0 0 0 0 0 0 0 0 0 0 0 0 0 0 0 0 0 0 0 0 0 0 0 0 0 0 0 0 0 0 0 0 0 0 0 0 0 0 0 0 0 0 0 0 0 0 0 0 0 0 0 0 0 0 0 0 0 0 0 0 0 0 0 0 0 0 0 0 0 0 0 0 0 0 0 0 0 1 0 0 0 0 0 0 0]
[5261980489625350759738249393776017551714984622610285918689795734613771455741749399613561586819733686750941766614154633769020116828074628703882111093961028068412834127672630638908854974425104297287169918338334863150948481370588902882980498849912868823824950894859076001626197420605674496 0 0 0 0 0 0 0 0 0 0 0 0 0 0 0 0 0 0 0 0 0 0 0 0 0 0 0 0 0 0 0 0 0 0 0 0 0 0 0 0 0 0 0 0 0 0 0 0 0 0 0 0 0 0 0 0 0 0 0 0 0 0 0 0 0 0 0 0 0 0 0 0 0 0 0 0 0 0 0 0 0 0 0 0 0 0 0 1 0 0 0 0 0 0]
[1339042247943961237015281480986953132925446804552288563122638078947496777621096026129090690677698080503671352412736518454076278246545287070730601706381224370880127014231090191055322591984430117373132764935683620004483929519988118333968663533154041920681019122770359127942228919356475080 0 0 0 0 0 0 0 0 0 0 0 0 0 0 0 0 0 0 0 0 0 0 0 0 0 0 0 0 0 0 0 0 0 0 0 0 0 0 0 0 0 0 0 0 0 0 0 0 0 0 0 0 0 0 0 0 0 0 0 0 0 0 0 0 0 0 0 0 0 0 0 0 0 0 0 0 0 0 0 0 0 0 0 0 0 0 0 0 1 0 0 0 0 0]
[6179148109878828543623783137763015044725637452276143669574218283281682597420639421225772117319093240971394740765280491718455667106594510651396904671385907421261421424329052935161267743529061152033237799226376322784647542972609897065651891545612807411103554023293793340958313453029094455 0 0 0 0 0 0 0 0 0 0 0 0 0 0 0 0 0 0 0 0 0 0 0 0 0 0 0 0 0 0 0 0 0 0 0 0 0 0 0 0 0 0 0 0 0 0 0 0 0 0 0 0 0 0 0 0 0 0 0 0 0 0 0 0 0 0 0 0 0 0 0 0 0 0 0 0 0 0 0 0 0 0 0 0 0 0 0 0 0 1 0 0 0 0]
[7128734873490233610450977369572718475919878722313330309832207499944006723724160053871268804081662716455620143098678474422310758566260316713447531769231399565331501370904906630225080602623722227856156554356928270868891828872474003876356913409625889137996621152480335163848332363667565188 0 0 0 0 0 0 0 0 0 0 0 0 0 0 0 0 0 0 0 0 0 0 0 0 0 0 0 0 0 0 0 0 0 0 0 0 0 0 0 0 0 0 0 0 0 0 0 0 0 0 0 0 0 0 0 0 0 0 0 0 0 0 0 0 0 0 0 0 0 0 0 0 0 0 0 0 0 0 0 0 0 0 0 0 0 0 0 0 0 0 1 0 0 0]
[3432293086718790075544462569207577405865959558947767781314433565616808273924955040347266824768117093816609704492046678504396991064247208489316633650566472944350184613712878395891321445933647738999529999821483883573832361006738982253784120371745439828130055853812885656708743684938740127 0 0 0 0 0 0 0 0 0 0 0 0 0 0 0 0 0 0 0 0 0 0 0 0 0 0 0 0 0 0 0 0 0 0 0 0 0 0 0 0 0 0 0 0 0 0 0 0 0 0 0 0 0 0 0 0 0 0 0 0 0 0 0 0 0 0 0 0 0 0 0 0 0 0 0 0 0 0 0 0 0 0 0 0 0 0 0 0 0 0 0 1 0 0]
[6134797620533482402360564681564667792731159137375750026536351336062147719838798951884611149793804261590931606089242867787888054976218950318410330814269037473748710323524263807177148550505565888532232768076191521337597900325611994264826916233060448976406148887392655299140473453940791220 0 0 0 0 0 0 0 0 0 0 0 0 0 0 0 0 0 0 0 0 0 0 0 0 0 0 0 0 0 0 0 0 0 0 0 0 0 0 0 0 0 0 0 0 0 0 0 0 0 0 0 0 0 0 0 0 0 0 0 0 0 0 0 0 0 0 0 0 0 0 0 0 0 0 0 0 0 0 0 0 0 0 0 0 0 0 0 0 0 0 0 0 1 0]
[389628799666789161585263960191780524984156267281486092401724226820013431605517328042758167171272598530270357934621783203702249073463828026255636117486194965603072587553521131542353317795165587340034819771739445492918722955040610379399153856655352374836262708429886456678204382759156686 0 0 0 0 0 0 0 0 0 0 0 0 0 0 0 0 0 0 0 0 0 0 0 0 0 0 0 0 0 0 0 0 0 0 0 0 0 0 0 0 0 0 0 0 0 0 0 0 0 0 0 0 0 0 0 0 0 0 0 0 0 0 0 0 0 0 0 0 0 0 0 0 0 0 0 0 0 0 0 0 0 0 0 0 0 0 0 0 0 0 0 0 0 1]
]
