[[2991250059446196885013709738906537103781131096471511881186501751618845029074450171432473661833414351585464691434736036327869497588472373071290986137518843498577210515662128444304170582668279536185450141895609026197 0 0 0 0 0 0 0 0 0 0 0 0 0 0 0 0 0 0 0 0 0 0 0 0 0 0 0 0 0 0 0 0 0 0 0 0 0 0 0 0 0 0 0 0 0 0 0 0 0 0 0 0 0 0 0 0 0 0 0 0 0 0 0 0 0 0 0 0 0 0]
[2043447127682271176512814059912999231274461939533456452367612795158846694099831765387532040622085961302093065734313976372761009955519339169788992500784728151798852202453277503018025521408587201263067807643375858940 1 0 0 0 0 0 0 0 0 0 0 0 0 0 0 0 0 0 0 0 0 0 0 0 0 0 0 0 0 0 0 0 0 0 0 0 0 0 0 0 0 0 0 0 0 0 0 0 0 0 0 0 0 0 0 0 0 0 0 0 0 0 0 0 0 0 0 0 0 0]
[2565383935073149951732278049254911155135748988714024301674726184644492647364912667497306361373661676479097129801674231919887928761257961700569768543835431738637521674914140693942930464590206660636556388795203870027 0 1 0 0 0 0 0 0 0 0 0 0 0 0 0 0 0 0 0 0 0 0 0 0 0 0 0 0 0 0 0 0 0 0 0 0 0 0 0 0 0 0 0 0 0 0 0 0 0 0 0 0 0 0 0 0 0 0 0 0 0 0 0 0 0 0 0 0 0 0]
[2103389535917455794301951190800169265701116042541924974766836911317641700013304960609161638101744245850727236659476300179989939099481842635542760144394255013684801233245621366444235713829307165181580218783097929932 0 0 1 0 0 0 0 0 0 0 0 0 0 0 0 0 0 0 0 0 0 0 0 0 0 0 0 0 0 0 0 0 0 0 0 0 0 0 0 0 0 0 0 0 0 0 0 0 0 0 0 0 0 0 0 0 0 0 0 0 0 0 0 0 0 0 0 0 0 0]
[568073878079963500649995397932697071976646898810810607392016619697823870000720355169657350945700743262633539126644958103872944545870195448305597941952202293878550454889539926016701848917465409904430907042988809177 0 0 0 1 0 0 0 0 0 0 0 0 0 0 0 0 0 0 0 0 0 0 0 0 0 0 0 0 0 0 0 0 0 0 0 0 0 0 0 0 0 0 0 0 0 0 0 0 0 0 0 0 0 0 0 0 0 0 0 0 0 0 0 0 0 0 0 0 0 0]
[1921695878012283191403841927188677064829137879160040766487039160641883551757492100759957404720613678044969781491033597451237394553126819176854498961916410609092652609442601904425385132144455486186451398091339108720 0 0 0 0 1 0 0 0 0 0 0 0 0 0 0 0 0 0 0 0 0 0 0 0 0 0 0 0 0 0 0 0 0 0 0 0 0 0 0 0 0 0 0 0 0 0 0 0 0 0 0 0 0 0 0 0 0 0 0 0 0 0 0 0 0 0 0 0 0 0]
[2664557781898965475230716382672903917841441033319710365894419103873089060660977008363734270440271461696212895953898370613129448820807537908019520261927127105342318695803531920485143267545490723568532591812108464190 0 0 0 0 0 1 0 0 0 0 0 0 0 0 0 0 0 0 0 0 0 0 0 0 0 0 0 0 0 0 0 0 0 0 0 0 0 0 0 0 0 0 0 0 0 0 0 0 0 0 0 0 0 0 0 0 0 0 0 0 0 0 0 0 0 0 0 0 0 0]
[2806845865924823140071435117636694234514937117862824077207366856950723596129594626922625622342500688549985000725120307827695463235259001167345564518667704233863974231681662510243152981670410519173292325093485822334 0 0 0 0 0 0 1 0 0 0 0 0 0 0 0 0 0 0 0 0 0 0 0 0 0 0 0 0 0 0 0 0 0 0 0 0 0 0 0 0 0 0 0 0 0 0 0 0 0 0 0 0 0 0 0 0 0 0 0 0 0 0 0 0 0 0 0 0 0 0]
[2849679388221959369948457006363624568610713926561525592247327088620674132828248353784740491955560423986722674822925008965050202955976355193333534388480109161935251591577910970795175805989972501002301123613557369096 0 0 0 0 0 0 0 1 0 0 0 0 0 0 0 0 0 0 0 0 0 0 0 0 0 0 0 0 0 0 0 0 0 0 0 0 0 0 0 0 0 0 0 0 0 0 0 0 0 0 0 0 0 0 0 0 0 0 0 0 0 0 0 0 0 0 0 0 0 0]
[2740598370472305213605794669281320827060406930221798759396013349324619356401774091197844347609303685000540822301575978000768703863173326559348931432283858178537784547021356940378822466400014669992344222825569511856 0 0 0 0 0 0 0 0 1 0 0 0 0 0 0 0 0 0 0 0 0 0 0 0 0 0 0 0 0 0 0 0 0 0 0 0 0 0 0 0 0 0 0 0 0 0 0 0 0 0 0 0 0 0 0 0 0 0 0 0 0 0 0 0 0 0 0 0 0 0]
[1217066741563942298400264745328910497848468518231050280278640550763834397942853867374621051231043263944996647058699650297080987672625924183459691669168664539191468102627470537457679137066687701793132430221805553303 0 0 0 0 0 0 0 0 0 1 0 0 0 0 0 0 0 0 0 0 0 0 0 0 0 0 0 0 0 0 0 0 0 0 0 0 0 0 0 0 0 0 0 0 0 0 0 0 0 0 0 0 0 0 0 0 0 0 0 0 0 0 0 0 0 0 0 0 0 0]
[1618208554552825721638667341618282553927625090417254041006448232971584839988983889852648194996245728476860256416390444294376331336630498659553287112182605181328218992044112979416013226866095315509178133362722835921 0 0 0 0 0 0 0 0 0 0 1 0 0 0 0 0 0 0 0 0 0 0 0 0 0 0 0 0 0 0 0 0 0 0 0 0 0 0 0 0 0 0 0 0 0 0 0 0 0 0 0 0 0 0 0 0 0 0 0 0 0 0 0 0 0 0 0 0 0 0]
[2630926370737837260031886903745485334794969427734991580758647105115539524144755681123842445387095152156249904188165796925977357656545732272203763285620490145226299466529887805913832585473495094328973217049954964160 0 0 0 0 0 0 0 0 0 0 0 1 0 0 0 0 0 0 0 0 0 0 0 0 0 0 0 0 0 0 0 0 0 0 0 0 0 0 0 0 0 0 0 0 0 0 0 0 0 0 0 0 0 0 0 0 0 0 0 0 0 0 0 0 0 0 0 0 0 0]
[198882090476793301208204530278951442346484513079763343199327041082679661051452591832146374425532537845285361509944313015597509453899701788580884039373962779759671768709955270241327251638416450915932460619596289644 0 0 0 0 0 0 0 0 0 0 0 0 1 0 0 0 0 0 0 0 0 0 0 0 0 0 0 0 0 0 0 0 0 0 0 0 0 0 0 0 0 0 0 0 0 0 0 0 0 0 0 0 0 0 0 0 0 0 0 0 0 0 0 0 0 0 0 0 0 0]
[1746678731346379429042714078212387146530712652554168811554632119328788786604490740556800943623259105527995061375514501225082721254255736754701329116904222213222395209803252742876984914534025634070513107008064107558 0 0 0 0 0 0 0 0 0 0 0 0 0 1 0 0 0 0 0 0 0 0 0 0 0 0 0 0 0 0 0 0 0 0 0 0 0 0 0 0 0 0 0 0 0 0 0 0 0 0 0 0 0 0 0 0 0 0 0 0 0 0 0 0 0 0 0 0 0 0]
[2690754544687882836071956472534664673214719166090109546036925918489729605292073175946358099534492214336560259027408803078864110289476219673109369322972785855141481623457273212596001823472706834355179910292625821320 0 0 0 0 0 0 0 0 0 0 0 0 0 0 1 0 0 0 0 0 0 0 0 0 0 0 0 0 0 0 0 0 0 0 0 0 0 0 0 0 0 0 0 0 0 0 0 0 0 0 0 0 0 0 0 0 0 0 0 0 0 0 0 0 0 0 0 0 0 0]
[506235808601438902104745912892037599916260899653237595677944566531858927742539743093066492343252382110283407958819318689372037054664858111230835623516139439750730000792923426285073065799629952423655971826139828484 0 0 0 0 0 0 0 0 0 0 0 0 0 0 0 1 0 0 0 0 0 0 0 0 0 0 0 0 0 0 0 0 0 0 0 0 0 0 0 0 0 0 0 0 0 0 0 0 0 0 0 0 0 0 0 0 0 0 0 0 0 0 0 0 0 0 0 0 0 0]
[1217195421230293923698908862046758288409932265099307314868600120844606055575232802521115529160082214906268211560837013260911988483875278630574016683356160253316662942695485033160985853336424797503674104580592467805 0 0 0 0 0 0 0 0 0 0 0 0 0 0 0 0 1 0 0 0 0 0 0 0 0 0 0 0 0 0 0 0 0 0 0 0 0 0 0 0 0 0 0 0 0 0 0 0 0 0 0 0 0 0 0 0 0 0 0 0 0 0 0 0 0 0 0 0 0 0]
[793361341778557501436021822750262230467146482593190785181688657583698618463597151206737012704029895938396608979053243674497313890511444463863346502019439981678727930134873305440205567161775938390125270287762283243 0 0 0 0 0 0 0 0 0 0 0 0 0 0 0 0 0 1 0 0 0 0 0 0 0 0 0 0 0 0 0 0 0 0 0 0 0 0 0 0 0 0 0 0 0 0 0 0 0 0 0 0 0 0 0 0 0 0 0 0 0 0 0 0 0 0 0 0 0 0]
[452626053674026323050094216673224865116967264314894294400024348002335612124408656172555277998351001520354890620940704736895489044328212642236433353464600291714911514570046472266768360653747893602252292619204507350 0 0 0 0 0 0 0 0 0 0 0 0 0 0 0 0 0 0 1 0 0 0 0 0 0 0 0 0 0 0 0 0 0 0 0 0 0 0 0 0 0 0 0 0 0 0 0 0 0 0 0 0 0 0 0 0 0 0 0 0 0 0 0 0 0 0 0 0 0 0]
[452680574426250364342681844876928217418932271954525865332654615161009471828247926893894101962690410759135487074430873589116046522449186622219085919751348449922556004001027319102667381900973123457997384748174425533 0 0 0 0 0 0 0 0 0 0 0 0 0 0 0 0 0 0 0 1 0 0 0 0 0 0 0 0 0 0 0 0 0 0 0 0 0 0 0 0 0 0 0 0 0 0 0 0 0 0 0 0 0 0 0 0 0 0 0 0 0 0 0 0 0 0 0 0 0 0]
[1478722348716594483373114211664009202616758258536048624911985936523701522819147629025224042596765663833774699867466420702352555258105626091003190315907775839997938383546826214351821571545324931717867420571647533041 0 0 0 0 0 0 0 0 0 0 0 0 0 0 0 0 0 0 0 0 1 0 0 0 0 0 0 0 0 0 0 0 0 0 0 0 0 0 0 0 0 0 0 0 0 0 0 0 0 0 0 0 0 0 0 0 0 0 0 0 0 0 0 0 0 0 0 0 0 0]
[2037900860569769353037831360299137529638932028316827709390536776010695176648510708980069383078952475982144095265493986584315551966615114826947322955956146208626956022162732697645936368031500537399240288109555756178 0 0 0 0 0 0 0 0 0 0 0 0 0 0 0 0 0 0 0 0 0 1 0 0 0 0 0 0 0 0 0 0 0 0 0 0 0 0 0 0 0 0 0 0 0 0 0 0 0 0 0 0 0 0 0 0 0 0 0 0 0 0 0 0 0 0 0 0 0 0]
[135566350650324754438183032726049247635700977229886910949882599597568916376815682470343481644783876728846443540191442437237802775443069343657433914056151205741453830083388089523278931896851351790373631889132370073 0 0 0 0 0 0 0 0 0 0 0 0 0 0 0 0 0 0 0 0 0 0 1 0 0 0 0 0 0 0 0 0 0 0 0 0 0 0 0 0 0 0 0 0 0 0 0 0 0 0 0 0 0 0 0 0 0 0 0 0 0 0 0 0 0 0 0 0 0 0]
[2520424856801568309359736954352229291050617129136292050345237198561366479816411220196391668382812099606964453514611635916168987254267541126760478351300924988366864931421537387113762998985981758572042921096071144123 0 0 0 0 0 0 0 0 0 0 0 0 0 0 0 0 0 0 0 0 0 0 0 1 0 0 0 0 0 0 0 0 0 0 0 0 0 0 0 0 0 0 0 0 0 0 0 0 0 0 0 0 0 0 0 0 0 0 0 0 0 0 0 0 0 0 0 0 0 0]
[1740115658427161880334791609829400045938347078167160050835104626328567750003072860505907468758293354333800977880859532032585224586900600520258136376610862812799886610326456868635366344245915044542542201871765963634 0 0 0 0 0 0 0 0 0 0 0 0 0 0 0 0 0 0 0 0 0 0 0 0 1 0 0 0 0 0 0 0 0 0 0 0 0 0 0 0 0 0 0 0 0 0 0 0 0 0 0 0 0 0 0 0 0 0 0 0 0 0 0 0 0 0 0 0 0 0]
[2869660242058911247420041440670314529494892555064632270562977704212510660769141705248196456697803169289295080254684923115383754082232713680345656407559914153440367079005103408331503632190468756446845754611623796594 0 0 0 0 0 0 0 0 0 0 0 0 0 0 0 0 0 0 0 0 0 0 0 0 0 1 0 0 0 0 0 0 0 0 0 0 0 0 0 0 0 0 0 0 0 0 0 0 0 0 0 0 0 0 0 0 0 0 0 0 0 0 0 0 0 0 0 0 0 0]
[2297949880712109875990192287372070397713513499928942172236196445573032380739233927542242446345866939787675757314645990653720440584937797142963833918600771668706510209935318014305961839911531567359351752191887518080 0 0 0 0 0 0 0 0 0 0 0 0 0 0 0 0 0 0 0 0 0 0 0 0 0 0 1 0 0 0 0 0 0 0 0 0 0 0 0 0 0 0 0 0 0 0 0 0 0 0 0 0 0 0 0 0 0 0 0 0 0 0 0 0 0 0 0 0 0 0]
[2171649301994933862579574414852326457045039013983289767989526725779735474796586489870426399808797744797098626595356972971802300077518585547032696279642924461247007926581166574656743078122452895385680978081880214016 0 0 0 0 0 0 0 0 0 0 0 0 0 0 0 0 0 0 0 0 0 0 0 0 0 0 0 1 0 0 0 0 0 0 0 0 0 0 0 0 0 0 0 0 0 0 0 0 0 0 0 0 0 0 0 0 0 0 0 0 0 0 0 0 0 0 0 0 0 0]
[475567949451902144646544807113481493395439363340545542371387056391322242666861992447430418591880446080951856607748004207257112578988628251714342801636325612991017655401880373863330814737442601563919560981456629012 0 0 0 0 0 0 0 0 0 0 0 0 0 0 0 0 0 0 0 0 0 0 0 0 0 0 0 0 1 0 0 0 0 0 0 0 0 0 0 0 0 0 0 0 0 0 0 0 0 0 0 0 0 0 0 0 0 0 0 0 0 0 0 0 0 0 0 0 0 0]
[1865985823247224790521988941611825694620933496091955028146757798269143520764818344871281606560359818912165926570106697733275560223536702593959961016173886338280628982302853451738842023710693150639073182972312552190 0 0 0 0 0 0 0 0 0 0 0 0 0 0 0 0 0 0 0 0 0 0 0 0 0 0 0 0 0 1 0 0 0 0 0 0 0 0 0 0 0 0 0 0 0 0 0 0 0 0 0 0 0 0 0 0 0 0 0 0 0 0 0 0 0 0 0 0 0 0]
[2793845867901191625439844474370767087745753584528244253395564346395529864131259599540998714376615245535036676625433764146586262576208018085533044793007128622255705346895673455712931723082882428957921287707704929697 0 0 0 0 0 0 0 0 0 0 0 0 0 0 0 0 0 0 0 0 0 0 0 0 0 0 0 0 0 0 1 0 0 0 0 0 0 0 0 0 0 0 0 0 0 0 0 0 0 0 0 0 0 0 0 0 0 0 0 0 0 0 0 0 0 0 0 0 0 0]
[1556586308692232977638842176842384750181673548310590530917274098808912503245547914321881469264287092362584605231698315848533962254414516258588249335119361939630175272729233363982480619438307144992400350977080611858 0 0 0 0 0 0 0 0 0 0 0 0 0 0 0 0 0 0 0 0 0 0 0 0 0 0 0 0 0 0 0 1 0 0 0 0 0 0 0 0 0 0 0 0 0 0 0 0 0 0 0 0 0 0 0 0 0 0 0 0 0 0 0 0 0 0 0 0 0 0]
[2167677275171081753463045086644545940787274995693473196144196635454456321349189439783525049259950187364291757497472466022936312865323085907444581034845429522109413248569719487733190990869927235569084180464726236252 0 0 0 0 0 0 0 0 0 0 0 0 0 0 0 0 0 0 0 0 0 0 0 0 0 0 0 0 0 0 0 0 1 0 0 0 0 0 0 0 0 0 0 0 0 0 0 0 0 0 0 0 0 0 0 0 0 0 0 0 0 0 0 0 0 0 0 0 0 0]
[2157036843694937970459969658863365977847267990936647972756672641271080498080297919185110420930722160452207485336984073138403068910613317300385306243570284004839813742123025030356967816386845779031193090161912233822 0 0 0 0 0 0 0 0 0 0 0 0 0 0 0 0 0 0 0 0 0 0 0 0 0 0 0 0 0 0 0 0 0 1 0 0 0 0 0 0 0 0 0 0 0 0 0 0 0 0 0 0 0 0 0 0 0 0 0 0 0 0 0 0 0 0 0 0 0 0]
[2659845951249332883855332798043353961236038171288366647878075664622862525849510689087784308919683688340797820373259720586799057034727306947047876019530798353290273385105232120286238134619995729103999826026459570073 0 0 0 0 0 0 0 0 0 0 0 0 0 0 0 0 0 0 0 0 0 0 0 0 0 0 0 0 0 0 0 0 0 0 1 0 0 0 0 0 0 0 0 0 0 0 0 0 0 0 0 0 0 0 0 0 0 0 0 0 0 0 0 0 0 0 0 0 0 0]
[1196651815016251511957537188799010026000618890144832698066300517084136997074768511645168495488680739776898497028022092176248972501491333429393295824384034623277867030296773338527524321913875234035649421905715171595 0 0 0 0 0 0 0 0 0 0 0 0 0 0 0 0 0 0 0 0 0 0 0 0 0 0 0 0 0 0 0 0 0 0 0 1 0 0 0 0 0 0 0 0 0 0 0 0 0 0 0 0 0 0 0 0 0 0 0 0 0 0 0 0 0 0 0 0 0 0]
[773705060475212817366660299374411146908596035594454533887896900464966447828778805615401316797113221765188934230540037177675556723108494701746461699578255577751640755079425695551338417136969817316273257878920072681 0 0 0 0 0 0 0 0 0 0 0 0 0 0 0 0 0 0 0 0 0 0 0 0 0 0 0 0 0 0 0 0 0 0 0 0 1 0 0 0 0 0 0 0 0 0 0 0 0 0 0 0 0 0 0 0 0 0 0 0 0 0 0 0 0 0 0 0 0 0]
[1342142234209540233831772735501523831098528434038061808484181392263746470489296431992051121572332962056739697231569527144096964433264806248693694996776066497572485733415105961729453707273490434270688871538517216496 0 0 0 0 0 0 0 0 0 0 0 0 0 0 0 0 0 0 0 0 0 0 0 0 0 0 0 0 0 0 0 0 0 0 0 0 0 1 0 0 0 0 0 0 0 0 0 0 0 0 0 0 0 0 0 0 0 0 0 0 0 0 0 0 0 0 0 0 0 0]
[1707547786149390538284692100626010737946527388665421929299353834606034443761473668372785076224820720533198238547352160903036555809739055385957809665333996792247724350870302656826532125420264931267009605419039040965 0 0 0 0 0 0 0 0 0 0 0 0 0 0 0 0 0 0 0 0 0 0 0 0 0 0 0 0 0 0 0 0 0 0 0 0 0 0 1 0 0 0 0 0 0 0 0 0 0 0 0 0 0 0 0 0 0 0 0 0 0 0 0 0 0 0 0 0 0 0]
[443167220128950272806284262048437515732874203937989617875145239405521795451944454832089329358256574065097783637441074220476642055935282233578979575692219880490323054215339463788092367481491737400974167245631299759 0 0 0 0 0 0 0 0 0 0 0 0 0 0 0 0 0 0 0 0 0 0 0 0 0 0 0 0 0 0 0 0 0 0 0 0 0 0 0 1 0 0 0 0 0 0 0 0 0 0 0 0 0 0 0 0 0 0 0 0 0 0 0 0 0 0 0 0 0 0]
[1747584527910629655067484929690004125940271263435563098139584389187798953140326831639944076486235959071835425014633046818970626950536736413096386037963715256784791206299205393942991702176580918390999118417027973384 0 0 0 0 0 0 0 0 0 0 0 0 0 0 0 0 0 0 0 0 0 0 0 0 0 0 0 0 0 0 0 0 0 0 0 0 0 0 0 0 1 0 0 0 0 0 0 0 0 0 0 0 0 0 0 0 0 0 0 0 0 0 0 0 0 0 0 0 0 0]
[2116326650434918057449273906359306740188193660831550113406280043701815913180439452768777613201878143246702817880426330825279898017313879487229811595394004441113485921624199121843625372414343499023006817980986573149 0 0 0 0 0 0 0 0 0 0 0 0 0 0 0 0 0 0 0 0 0 0 0 0 0 0 0 0 0 0 0 0 0 0 0 0 0 0 0 0 0 1 0 0 0 0 0 0 0 0 0 0 0 0 0 0 0 0 0 0 0 0 0 0 0 0 0 0 0 0]
[1274186597090502296835140950739015413646953577544438077192785038826382636054458759523963130195325929553019685230697891343815591779927285608132715127565753226632167332596930368828809097087797111732440731206637209849 0 0 0 0 0 0 0 0 0 0 0 0 0 0 0 0 0 0 0 0 0 0 0 0 0 0 0 0 0 0 0 0 0 0 0 0 0 0 0 0 0 0 1 0 0 0 0 0 0 0 0 0 0 0 0 0 0 0 0 0 0 0 0 0 0 0 0 0 0 0]
[85472308790347927064522528444328411123444951427801878985421379617849900892786446845610543782661128475324731509724660699515396708225553557463082604676306244243340720272284685543334194107055684812525801343080296173 0 0 0 0 0 0 0 0 0 0 0 0 0 0 0 0 0 0 0 0 0 0 0 0 0 0 0 0 0 0 0 0 0 0 0 0 0 0 0 0 0 0 0 1 0 0 0 0 0 0 0 0 0 0 0 0 0 0 0 0 0 0 0 0 0 0 0 0 0 0]
[80761145418895654348757612591145595418341082879840138305173027503455054115748113017712135112495679551324335369576531655626571654510658017346646741280094043401187905319070968069878341372305333833502995355752359913 0 0 0 0 0 0 0 0 0 0 0 0 0 0 0 0 0 0 0 0 0 0 0 0 0 0 0 0 0 0 0 0 0 0 0 0 0 0 0 0 0 0 0 0 1 0 0 0 0 0 0 0 0 0 0 0 0 0 0 0 0 0 0 0 0 0 0 0 0 0]
[2857274707305902613908087045680345887547328245418843015210128616091359344833061965005772419083426041826147767748728993662023410472550067897943038246611837688332111112967966824310712867637549785168382531679516737756 0 0 0 0 0 0 0 0 0 0 0 0 0 0 0 0 0 0 0 0 0 0 0 0 0 0 0 0 0 0 0 0 0 0 0 0 0 0 0 0 0 0 0 0 0 1 0 0 0 0 0 0 0 0 0 0 0 0 0 0 0 0 0 0 0 0 0 0 0 0]
[338679657708449494443891789339874768215297916772077930179157803437071815267707316413402787281461716549247993802591008590372573148299269445691827051471616759205824875422461001482026995162982117625934020806458785548 0 0 0 0 0 0 0 0 0 0 0 0 0 0 0 0 0 0 0 0 0 0 0 0 0 0 0 0 0 0 0 0 0 0 0 0 0 0 0 0 0 0 0 0 0 0 1 0 0 0 0 0 0 0 0 0 0 0 0 0 0 0 0 0 0 0 0 0 0 0]
[1252193527022221414892023328238038470354930636008952362912935900651094707437770210634959726087652175232364125264233043669482225840090488400457407735726724459529562198842814905363676061595420828984676400069610026111 0 0 0 0 0 0 0 0 0 0 0 0 0 0 0 0 0 0 0 0 0 0 0 0 0 0 0 0 0 0 0 0 0 0 0 0 0 0 0 0 0 0 0 0 0 0 0 1 0 0 0 0 0 0 0 0 0 0 0 0 0 0 0 0 0 0 0 0 0 0]
[2829355630753414091206618420945081168169403031448768388003283081979027318706664435229699513332254366948228196577236670384581992265099557594301328437047466631413975353702777152558070559400736439407829499664849169838 0 0 0 0 0 0 0 0 0 0 0 0 0 0 0 0 0 0 0 0 0 0 0 0 0 0 0 0 0 0 0 0 0 0 0 0 0 0 0 0 0 0 0 0 0 0 0 0 1 0 0 0 0 0 0 0 0 0 0 0 0 0 0 0 0 0 0 0 0 0]
[1958772272532491544743575131423173983004960040778587050050573704557630895614791525974140662355285449065519195997427792478165674110596255644141068014225961663774346822999838747196181579254005727564404745963413367728 0 0 0 0 0 0 0 0 0 0 0 0 0 0 0 0 0 0 0 0 0 0 0 0 0 0 0 0 0 0 0 0 0 0 0 0 0 0 0 0 0 0 0 0 0 0 0 0 0 1 0 0 0 0 0 0 0 0 0 0 0 0 0 0 0 0 0 0 0 0]
[255070912854429481537760847386895636232071331430575712444670060218378918385683767946851490028664974220381127078106925572991896751320493106613895384896895568225195043529705360547321060097427741071919726125514957289 0 0 0 0 0 0 0 0 0 0 0 0 0 0 0 0 0 0 0 0 0 0 0 0 0 0 0 0 0 0 0 0 0 0 0 0 0 0 0 0 0 0 0 0 0 0 0 0 0 0 1 0 0 0 0 0 0 0 0 0 0 0 0 0 0 0 0 0 0 0]
[1587367567731191744194336179470589704739507661086764037581031922567242366210213979682379067859121703066014915639075487421794525021313366731281424715334330694362125182279057131776093627779508707071341689823631510419 0 0 0 0 0 0 0 0 0 0 0 0 0 0 0 0 0 0 0 0 0 0 0 0 0 0 0 0 0 0 0 0 0 0 0 0 0 0 0 0 0 0 0 0 0 0 0 0 0 0 0 1 0 0 0 0 0 0 0 0 0 0 0 0 0 0 0 0 0 0]
[1902451281178780371926583560722220571829543134420884434215465217361635317421183750276268721354735733653781142904393039834028931160344041558017759960946765540782696194102832753804763776866750284968731946176958676140 0 0 0 0 0 0 0 0 0 0 0 0 0 0 0 0 0 0 0 0 0 0 0 0 0 0 0 0 0 0 0 0 0 0 0 0 0 0 0 0 0 0 0 0 0 0 0 0 0 0 0 0 1 0 0 0 0 0 0 0 0 0 0 0 0 0 0 0 0 0]
[811828415720279063165340589723182305359604238325938638703788383200403955412296742814161184869779138301319840928773501893287545544670188835084346643459334661231181947253205471703229901401229419461740962392968078535 0 0 0 0 0 0 0 0 0 0 0 0 0 0 0 0 0 0 0 0 0 0 0 0 0 0 0 0 0 0 0 0 0 0 0 0 0 0 0 0 0 0 0 0 0 0 0 0 0 0 0 0 0 1 0 0 0 0 0 0 0 0 0 0 0 0 0 0 0 0]
[271237477917914221822438862114671478848372904219049219304728198034863953806112055498008639784784817058049044731587663853609623375040279106428398496237515831773781518588366903975325590253922003242233440382751972861 0 0 0 0 0 0 0 0 0 0 0 0 0 0 0 0 0 0 0 0 0 0 0 0 0 0 0 0 0 0 0 0 0 0 0 0 0 0 0 0 0 0 0 0 0 0 0 0 0 0 0 0 0 0 1 0 0 0 0 0 0 0 0 0 0 0 0 0 0 0]
[905620641114999221401481983992456479634200076608076529217392702796951540339147793335584956196280560709307459532676406219310055303019513537850480768317980394282606067950160112015747634691568453356608880034163853230 0 0 0 0 0 0 0 0 0 0 0 0 0 0 0 0 0 0 0 0 0 0 0 0 0 0 0 0 0 0 0 0 0 0 0 0 0 0 0 0 0 0 0 0 0 0 0 0 0 0 0 0 0 0 0 1 0 0 0 0 0 0 0 0 0 0 0 0 0 0]
[2531062038864673391310365899774559636834919039115944696942379679091653435250428603566134437555181981160123744794234723592580110030454261271218805404806042266923151637220966493219987109817706143624167207360108553153 0 0 0 0 0 0 0 0 0 0 0 0 0 0 0 0 0 0 0 0 0 0 0 0 0 0 0 0 0 0 0 0 0 0 0 0 0 0 0 0 0 0 0 0 0 0 0 0 0 0 0 0 0 0 0 0 1 0 0 0 0 0 0 0 0 0 0 0 0 0]
[2534259198428841999447671995415006332476555866713162026985210752538275614865388852444861379851608377904390956322471611378270774502281633896329640595831487882541514529943154936640657223464740014683734434741001377170 0 0 0 0 0 0 0 0 0 0 0 0 0 0 0 0 0 0 0 0 0 0 0 0 0 0 0 0 0 0 0 0 0 0 0 0 0 0 0 0 0 0 0 0 0 0 0 0 0 0 0 0 0 0 0 0 0 1 0 0 0 0 0 0 0 0 0 0 0 0]
[2324903088980359735330715023932543117990380656057429726113667100187024744513369114765972300753321694798483641092130258206886976034461106398133256521969447290433832731554196297585544129604760614934035591005979957654 0 0 0 0 0 0 0 0 0 0 0 0 0 0 0 0 0 0 0 0 0 0 0 0 0 0 0 0 0 0 0 0 0 0 0 0 0 0 0 0 0 0 0 0 0 0 0 0 0 0 0 0 0 0 0 0 0 0 1 0 0 0 0 0 0 0 0 0 0 0]
[527429046916015192069656795043840648759396439356086402647556607650951453683380280870031686824199792475250290933542108542001382066835457910016706180572022958874569440960751498969129066913042256036104208330848928236 0 0 0 0 0 0 0 0 0 0 0 0 0 0 0 0 0 0 0 0 0 0 0 0 0 0 0 0 0 0 0 0 0 0 0 0 0 0 0 0 0 0 0 0 0 0 0 0 0 0 0 0 0 0 0 0 0 0 0 1 0 0 0 0 0 0 0 0 0 0]
[337740974033365364716115790804421083832446124013809236804715513052645504960107817970463860138588011193686723458180402724731279963637640795352677922759058813513758645968327767351561134629218205875371867375772207409 0 0 0 0 0 0 0 0 0 0 0 0 0 0 0 0 0 0 0 0 0 0 0 0 0 0 0 0 0 0 0 0 0 0 0 0 0 0 0 0 0 0 0 0 0 0 0 0 0 0 0 0 0 0 0 0 0 0 0 0 1 0 0 0 0 0 0 0 0 0]
[561198516000717557742373079726077991083932409111824655778974553219738704538246231117700912947677627155558675866086446828753814825972436586133968765071671178243271263015088732928032242982389676866748562443368570974 0 0 0 0 0 0 0 0 0 0 0 0 0 0 0 0 0 0 0 0 0 0 0 0 0 0 0 0 0 0 0 0 0 0 0 0 0 0 0 0 0 0 0 0 0 0 0 0 0 0 0 0 0 0 0 0 0 0 0 0 0 1 0 0 0 0 0 0 0 0]
[1046770031091026736926194559881077454011933463537872185867828214979318319503887799876551955752290116230726681819874451151021043349112217833830223139698224465614434072586165037007991138369201662536533251335919682785 0 0 0 0 0 0 0 0 0 0 0 0 0 0 0 0 0 0 0 0 0 0 0 0 0 0 0 0 0 0 0 0 0 0 0 0 0 0 0 0 0 0 0 0 0 0 0 0 0 0 0 0 0 0 0 0 0 0 0 0 0 0 1 0 0 0 0 0 0 0]
[2060642435288244212594635816742061436675403907570520295423017373410623546773746410809356417165906926200120578694130711533877173299102380666333868430204793188542055975533183695249530168342392164938288024613742982359 0 0 0 0 0 0 0 0 0 0 0 0 0 0 0 0 0 0 0 0 0 0 0 0 0 0 0 0 0 0 0 0 0 0 0 0 0 0 0 0 0 0 0 0 0 0 0 0 0 0 0 0 0 0 0 0 0 0 0 0 0 0 0 1 0 0 0 0 0 0]
[900297994466771251791830530540088884178613364209260146313790287082737344473814935719771943294282657415262732304502434685028660304147681323013837093520626278301326022753766434548909622602838165192343884723521772944 0 0 0 0 0 0 0 0 0 0 0 0 0 0 0 0 0 0 0 0 0 0 0 0 0 0 0 0 0 0 0 0 0 0 0 0 0 0 0 0 0 0 0 0 0 0 0 0 0 0 0 0 0 0 0 0 0 0 0 0 0 0 0 0 1 0 0 0 0 0]
[1870603411908769975327788223835513905077673919598040916276228072370168324403588770424088596206026720425465682995716527035286868435130211587289693642720059726131217980047017989692790583699123202434879147813035104099 0 0 0 0 0 0 0 0 0 0 0 0 0 0 0 0 0 0 0 0 0 0 0 0 0 0 0 0 0 0 0 0 0 0 0 0 0 0 0 0 0 0 0 0 0 0 0 0 0 0 0 0 0 0 0 0 0 0 0 0 0 0 0 0 0 1 0 0 0 0]
[924812471425965330883981317298591255398967987789495995442292096579360604787960866550776877172620215439228967989761849053218316132425260911753604555827155866590789803958256740195842278059922087958373422944966086756 0 0 0 0 0 0 0 0 0 0 0 0 0 0 0 0 0 0 0 0 0 0 0 0 0 0 0 0 0 0 0 0 0 0 0 0 0 0 0 0 0 0 0 0 0 0 0 0 0 0 0 0 0 0 0 0 0 0 0 0 0 0 0 0 0 0 1 0 0 0]
[924871792170844124549254535679338803422349806753518708642064237543443224056429670093851653523003663037715739880659611149988799195989082808604821881196117915876861327058032683817067442993647477180632123866095954615 0 0 0 0 0 0 0 0 0 0 0 0 0 0 0 0 0 0 0 0 0 0 0 0 0 0 0 0 0 0 0 0 0 0 0 0 0 0 0 0 0 0 0 0 0 0 0 0 0 0 0 0 0 0 0 0 0 0 0 0 0 0 0 0 0 0 0 1 0 0]
[13629753318287691747962105188313658971489631264994245955038710919646761330406789038083316090080783642463601509752001519896598636104353810344750625453499552813977540997759407748171541873747318258524436432871913817 0 0 0 0 0 0 0 0 0 0 0 0 0 0 0 0 0 0 0 0 0 0 0 0 0 0 0 0 0 0 0 0 0 0 0 0 0 0 0 0 0 0 0 0 0 0 0 0 0 0 0 0 0 0 0 0 0 0 0 0 0 0 0 0 0 0 0 0 1 0]
[1505141999348892669739260622415362820306229498189931596494555221261416963861329114588759839183268896433793407536808144469106928415204902021718951785652154386661279837144767281947283593918633372983136558254151616228 0 0 0 0 0 0 0 0 0 0 0 0 0 0 0 0 0 0 0 0 0 0 0 0 0 0 0 0 0 0 0 0 0 0 0 0 0 0 0 0 0 0 0 0 0 0 0 0 0 0 0 0 0 0 0 0 0 0 0 0 0 0 0 0 0 0 0 0 0 1]
]
