[[7555319518899805663140018511866794218896471206166415710269614571215017101509599179200524483390680785072985084311776599777580207549632376890125474582287278844619483372241934888307594763913942534780793522751735311676473085404525908548325628420039385615343300470089334196312724073339644555187791721915168160369091412423093927 0 0 0 0 0 0 0 0 0 0 0 0 0 0 0 0 0 0 0 0 0 0 0 0 0 0 0 0 0 0 0 0 0 0 0 0 0 0 0 0 0 0 0 0 0 0 0 0 0 0 0 0 0 0 0 0 0 0 0 0 0 0 0 0 0 0 0 0 0 0 0 0 0 0 0 0 0 0 0 0 0 0 0 0 0 0 0 0 0 0 0 0 0 0 0 0 0 0 0 0 0 0 0 0 0 0]
[3505272350057512165419599482852672881581042836754397506393622099438174961457158872706804235539288691268675708876501212659177472466712892121402362696787402861080758825413105979261812907877616894425167221200126397961025912571257673700113404332877344301040151272969868882454826907065559048196833397346717862461206329342986278 1 0 0 0 0 0 0 0 0 0 0 0 0 0 0 0 0 0 0 0 0 0 0 0 0 0 0 0 0 0 0 0 0 0 0 0 0 0 0 0 0 0 0 0 0 0 0 0 0 0 0 0 0 0 0 0 0 0 0 0 0 0 0 0 0 0 0 0 0 0 0 0 0 0 0 0 0 0 0 0 0 0 0 0 0 0 0 0 0 0 0 0 0 0 0 0 0 0 0 0 0 0 0 0 0 0]
[6749424090019862173515268534363792643759211224916960314703154646653671202619059567207991882922165084856287049199292685704267219497120728819810733088946518239536919905562977651407099487139984775841002076620932131708923835559115739781747217187833900698111895625174354188681944260395720609157125409058583578319656354560525751 0 1 0 0 0 0 0 0 0 0 0 0 0 0 0 0 0 0 0 0 0 0 0 0 0 0 0 0 0 0 0 0 0 0 0 0 0 0 0 0 0 0 0 0 0 0 0 0 0 0 0 0 0 0 0 0 0 0 0 0 0 0 0 0 0 0 0 0 0 0 0 0 0 0 0 0 0 0 0 0 0 0 0 0 0 0 0 0 0 0 0 0 0 0 0 0 0 0 0 0 0 0 0 0 0 0]
[6591971461610465467655026466333282897232206382165819928218851314072543710905076491829272950272208112352732091896991047404510479459627896601054414795422601241841160618076323380773569186354266261140804043154554313254356391459550635949855351041459153203559656117466931474501363933279369330501500919903269580239747188566558901 0 0 1 0 0 0 0 0 0 0 0 0 0 0 0 0 0 0 0 0 0 0 0 0 0 0 0 0 0 0 0 0 0 0 0 0 0 0 0 0 0 0 0 0 0 0 0 0 0 0 0 0 0 0 0 0 0 0 0 0 0 0 0 0 0 0 0 0 0 0 0 0 0 0 0 0 0 0 0 0 0 0 0 0 0 0 0 0 0 0 0 0 0 0 0 0 0 0 0 0 0 0 0 0 0 0]
[253774779154000980877500052449444922807426364408734020574463807293747421501598995352533510716811666826822616570264871998826793799257799274445632363093584918568177232438934178916957009065154680424654335029233950795990307400291161217161540531354757239694042100933758814506519520402476989195977474287626610837913304822443060 0 0 0 1 0 0 0 0 0 0 0 0 0 0 0 0 0 0 0 0 0 0 0 0 0 0 0 0 0 0 0 0 0 0 0 0 0 0 0 0 0 0 0 0 0 0 0 0 0 0 0 0 0 0 0 0 0 0 0 0 0 0 0 0 0 0 0 0 0 0 0 0 0 0 0 0 0 0 0 0 0 0 0 0 0 0 0 0 0 0 0 0 0 0 0 0 0 0 0 0 0 0 0 0 0 0]
[822857651647491538799051942496119550747185250917695874769589937510265081345988159984548603365109501354213881466082789134490002221749759880011133620443323202542064239705210635293283154315379501611225178348745339993626287453166573621411497322517230558284339348612671469488575231520987235552952110963163044323709271731305738 0 0 0 0 1 0 0 0 0 0 0 0 0 0 0 0 0 0 0 0 0 0 0 0 0 0 0 0 0 0 0 0 0 0 0 0 0 0 0 0 0 0 0 0 0 0 0 0 0 0 0 0 0 0 0 0 0 0 0 0 0 0 0 0 0 0 0 0 0 0 0 0 0 0 0 0 0 0 0 0 0 0 0 0 0 0 0 0 0 0 0 0 0 0 0 0 0 0 0 0 0 0 0 0 0 0]
[271258238111024287356184847764125069237925991274339231761327362222656428013841928945310387441372859330021346327611245431796145715069699912765471268574805832363384618103041707758069859377468086232181574005829238039235849608010516703676817100954665248963729479713676397925812316592238399204078324829439311788120839343898708 0 0 0 0 0 1 0 0 0 0 0 0 0 0 0 0 0 0 0 0 0 0 0 0 0 0 0 0 0 0 0 0 0 0 0 0 0 0 0 0 0 0 0 0 0 0 0 0 0 0 0 0 0 0 0 0 0 0 0 0 0 0 0 0 0 0 0 0 0 0 0 0 0 0 0 0 0 0 0 0 0 0 0 0 0 0 0 0 0 0 0 0 0 0 0 0 0 0 0 0 0 0 0 0 0 0]
[7519634968062147543710149677370609587846285347243674428680154413839003511375724852727753163073924379763450233065616623334431283546369781952761994676701347969459910045668101637305898484907861211309430809988046316086859226161146037815926125283640298671654334752477761972540467984057811289477135520876851077710367073654911438 0 0 0 0 0 0 1 0 0 0 0 0 0 0 0 0 0 0 0 0 0 0 0 0 0 0 0 0 0 0 0 0 0 0 0 0 0 0 0 0 0 0 0 0 0 0 0 0 0 0 0 0 0 0 0 0 0 0 0 0 0 0 0 0 0 0 0 0 0 0 0 0 0 0 0 0 0 0 0 0 0 0 0 0 0 0 0 0 0 0 0 0 0 0 0 0 0 0 0 0 0 0 0 0 0 0]
[4870488118502881964731986337295603566046815528087837390600351076837131850734997272674771963849443699657566636805935403876163603223859699697485541100551858028236818517751525909811962753814698254711431987305446286155018863617226407522098508299301314577667934457896200904052045412883557510001718212907070483105535082713004173 0 0 0 0 0 0 0 1 0 0 0 0 0 0 0 0 0 0 0 0 0 0 0 0 0 0 0 0 0 0 0 0 0 0 0 0 0 0 0 0 0 0 0 0 0 0 0 0 0 0 0 0 0 0 0 0 0 0 0 0 0 0 0 0 0 0 0 0 0 0 0 0 0 0 0 0 0 0 0 0 0 0 0 0 0 0 0 0 0 0 0 0 0 0 0 0 0 0 0 0 0 0 0 0 0 0]
[7163650630602131229601025855502505484356909832814651042055096369435958696291240294421223150389368599399137390436323562814348714546329531472718260427618086619545184279479584907297715816498369034778020521923595094186684719689472963869633173418463615276957449684889196221006054079075051752465827559422337642977523914074048430 0 0 0 0 0 0 0 0 1 0 0 0 0 0 0 0 0 0 0 0 0 0 0 0 0 0 0 0 0 0 0 0 0 0 0 0 0 0 0 0 0 0 0 0 0 0 0 0 0 0 0 0 0 0 0 0 0 0 0 0 0 0 0 0 0 0 0 0 0 0 0 0 0 0 0 0 0 0 0 0 0 0 0 0 0 0 0 0 0 0 0 0 0 0 0 0 0 0 0 0 0 0 0 0 0 0]
[2359766282144311174587139084980233158438004152687003644288819797065231028466844643121794344564351635775162600738267363615227259406335232577197337807585614640736755301654046379703225762002718196947141953993390162029506933441152893085337155208636877117772999913332761891321561970786072895835207903750292075668146808197727618 0 0 0 0 0 0 0 0 0 1 0 0 0 0 0 0 0 0 0 0 0 0 0 0 0 0 0 0 0 0 0 0 0 0 0 0 0 0 0 0 0 0 0 0 0 0 0 0 0 0 0 0 0 0 0 0 0 0 0 0 0 0 0 0 0 0 0 0 0 0 0 0 0 0 0 0 0 0 0 0 0 0 0 0 0 0 0 0 0 0 0 0 0 0 0 0 0 0 0 0 0 0 0 0 0 0]
[7547373218503978051348238842158325088490339209309333264617769405856902816197117346076623739345598543706715003089481978780067168109231087648623571996361822682241499111107029558024208776626096421261455685018758664383603099371531101528985764763513338689786709968603174591482331585186791425556311378141057889736434931306604854 0 0 0 0 0 0 0 0 0 0 1 0 0 0 0 0 0 0 0 0 0 0 0 0 0 0 0 0 0 0 0 0 0 0 0 0 0 0 0 0 0 0 0 0 0 0 0 0 0 0 0 0 0 0 0 0 0 0 0 0 0 0 0 0 0 0 0 0 0 0 0 0 0 0 0 0 0 0 0 0 0 0 0 0 0 0 0 0 0 0 0 0 0 0 0 0 0 0 0 0 0 0 0 0 0 0]
[2348971048744643535378016608577280438986117423496576458192389446179052459766122769470737122575687938627907747004112303652921820185030010783220683518570376634865671144575947750317291210571929194188265298673219474381779615134549578142244590229059380818831465275078380924623379740924830844018737438793426951252862474514165529 0 0 0 0 0 0 0 0 0 0 0 1 0 0 0 0 0 0 0 0 0 0 0 0 0 0 0 0 0 0 0 0 0 0 0 0 0 0 0 0 0 0 0 0 0 0 0 0 0 0 0 0 0 0 0 0 0 0 0 0 0 0 0 0 0 0 0 0 0 0 0 0 0 0 0 0 0 0 0 0 0 0 0 0 0 0 0 0 0 0 0 0 0 0 0 0 0 0 0 0 0 0 0 0 0 0]
[4334877727847768269320788489374102436762559617354540350214023231345190919812550488462284280930178031496651705704387745974782815177858386969145115965741749253985486075472795946183547543408842793460867311479955183435481743968186287270457798078277099972799749321152468976553983800912738665511732184282584742353007807386096040 0 0 0 0 0 0 0 0 0 0 0 0 1 0 0 0 0 0 0 0 0 0 0 0 0 0 0 0 0 0 0 0 0 0 0 0 0 0 0 0 0 0 0 0 0 0 0 0 0 0 0 0 0 0 0 0 0 0 0 0 0 0 0 0 0 0 0 0 0 0 0 0 0 0 0 0 0 0 0 0 0 0 0 0 0 0 0 0 0 0 0 0 0 0 0 0 0 0 0 0 0 0 0 0 0 0]
[1855769881244676064666440656638898013008845902062140668318745558663008626407395805525165568654461307302785032376795786295428370823447421970013533968041992485658829810484176042104608361420688338525414876273084243377866214706192826048095570079339073999149940122519621778011904745347638019872936790091402180310648170728462596 0 0 0 0 0 0 0 0 0 0 0 0 0 1 0 0 0 0 0 0 0 0 0 0 0 0 0 0 0 0 0 0 0 0 0 0 0 0 0 0 0 0 0 0 0 0 0 0 0 0 0 0 0 0 0 0 0 0 0 0 0 0 0 0 0 0 0 0 0 0 0 0 0 0 0 0 0 0 0 0 0 0 0 0 0 0 0 0 0 0 0 0 0 0 0 0 0 0 0 0 0 0 0 0 0 0]
[7383617399693206868012815224896035572229270161302176194179236952684212812900511255640557162917593730561281161142231510622505598339868430905013146183756540123795739864370516248084102525250936125560003650479295617652197927538993637254932333365501078557342720244457011043835218836807238269254362529703773489635806243139505722 0 0 0 0 0 0 0 0 0 0 0 0 0 0 1 0 0 0 0 0 0 0 0 0 0 0 0 0 0 0 0 0 0 0 0 0 0 0 0 0 0 0 0 0 0 0 0 0 0 0 0 0 0 0 0 0 0 0 0 0 0 0 0 0 0 0 0 0 0 0 0 0 0 0 0 0 0 0 0 0 0 0 0 0 0 0 0 0 0 0 0 0 0 0 0 0 0 0 0 0 0 0 0 0 0 0]
[1055242664450487563935536659631483371066733189850371316598571030120503056377859907693296249431082904067466578563939076752501176704312693334665665938727162224921572137737635917182055814816212425776644879773734565878983326452984627190614139749245695142670527208116179485094973070338608765825981606582942367144056413156157493 0 0 0 0 0 0 0 0 0 0 0 0 0 0 0 1 0 0 0 0 0 0 0 0 0 0 0 0 0 0 0 0 0 0 0 0 0 0 0 0 0 0 0 0 0 0 0 0 0 0 0 0 0 0 0 0 0 0 0 0 0 0 0 0 0 0 0 0 0 0 0 0 0 0 0 0 0 0 0 0 0 0 0 0 0 0 0 0 0 0 0 0 0 0 0 0 0 0 0 0 0 0 0 0 0 0]
[5524953220735355100427668860031235505680333856472608687735152820174798906877842150349342045845570111291607440572667693488594977978630078150946863849166755755452294393440942698332539487886374590430608170888338370673385019067340875526909407549244564958500561226773949068219692093606982166484133411082035486860984557718199893 0 0 0 0 0 0 0 0 0 0 0 0 0 0 0 0 1 0 0 0 0 0 0 0 0 0 0 0 0 0 0 0 0 0 0 0 0 0 0 0 0 0 0 0 0 0 0 0 0 0 0 0 0 0 0 0 0 0 0 0 0 0 0 0 0 0 0 0 0 0 0 0 0 0 0 0 0 0 0 0 0 0 0 0 0 0 0 0 0 0 0 0 0 0 0 0 0 0 0 0 0 0 0 0 0 0]
[5839306969159983465698287154775439830257971671046120647984365589031498776023248781103224380962183312781235743859540910603082122590087142648747255946730136781506483324188056704826553579715571701854630692274724218448206367574386879265007180237516355921106032515243654038078771536485133842947330434410815065377119777777359744 0 0 0 0 0 0 0 0 0 0 0 0 0 0 0 0 0 1 0 0 0 0 0 0 0 0 0 0 0 0 0 0 0 0 0 0 0 0 0 0 0 0 0 0 0 0 0 0 0 0 0 0 0 0 0 0 0 0 0 0 0 0 0 0 0 0 0 0 0 0 0 0 0 0 0 0 0 0 0 0 0 0 0 0 0 0 0 0 0 0 0 0 0 0 0 0 0 0 0 0 0 0 0 0 0 0]
[1674717936832850897130418557891828646852089468264380017075726457612828045610483931405698593175816731281920904518190643283064678412427034590540383290374668867982577232711214328508893444346634058768061447900970619276768527231172779931446846275937947719123570531477041758656819904460980925433771534638846456193400127047846963 0 0 0 0 0 0 0 0 0 0 0 0 0 0 0 0 0 0 1 0 0 0 0 0 0 0 0 0 0 0 0 0 0 0 0 0 0 0 0 0 0 0 0 0 0 0 0 0 0 0 0 0 0 0 0 0 0 0 0 0 0 0 0 0 0 0 0 0 0 0 0 0 0 0 0 0 0 0 0 0 0 0 0 0 0 0 0 0 0 0 0 0 0 0 0 0 0 0 0 0 0 0 0 0 0 0]
[4362640485447076919611989754887244984878876241681873118927642615101187975837715545578024158189654490538780110255906374528718106692605546646777630313400648305457992683930402041870685863937999250914538976127706183366891195288514795773591198843722255400320100337972786759835151946959142489483561592145811438202941584508468792 0 0 0 0 0 0 0 0 0 0 0 0 0 0 0 0 0 0 0 1 0 0 0 0 0 0 0 0 0 0 0 0 0 0 0 0 0 0 0 0 0 0 0 0 0 0 0 0 0 0 0 0 0 0 0 0 0 0 0 0 0 0 0 0 0 0 0 0 0 0 0 0 0 0 0 0 0 0 0 0 0 0 0 0 0 0 0 0 0 0 0 0 0 0 0 0 0 0 0 0 0 0 0 0 0 0]
[6340077025750920851304104867402545724371815192661870578732727820370241713236690420769770960073249439868115315396744998494217623000033842799805799131238598742014071035910078553485756530676231406517635643902688842522601382871367302127795298970698806105097704144651279938346357313790066889994998905020552334973185304503058220 0 0 0 0 0 0 0 0 0 0 0 0 0 0 0 0 0 0 0 0 1 0 0 0 0 0 0 0 0 0 0 0 0 0 0 0 0 0 0 0 0 0 0 0 0 0 0 0 0 0 0 0 0 0 0 0 0 0 0 0 0 0 0 0 0 0 0 0 0 0 0 0 0 0 0 0 0 0 0 0 0 0 0 0 0 0 0 0 0 0 0 0 0 0 0 0 0 0 0 0 0 0 0 0 0 0]
[7277922669402467937333201523552357401283985104463814039403073238537478194218003841263223627581195075482261755784415319717656022786225216845538356284265056497703201171159034379312459129313374162551357086779110075263944117514977678177373308446983341221811481718456561759866849808144929354010046765569753182322449086533310878 0 0 0 0 0 0 0 0 0 0 0 0 0 0 0 0 0 0 0 0 0 1 0 0 0 0 0 0 0 0 0 0 0 0 0 0 0 0 0 0 0 0 0 0 0 0 0 0 0 0 0 0 0 0 0 0 0 0 0 0 0 0 0 0 0 0 0 0 0 0 0 0 0 0 0 0 0 0 0 0 0 0 0 0 0 0 0 0 0 0 0 0 0 0 0 0 0 0 0 0 0 0 0 0 0 0]
[2174138297110171741303276403829344396579402640235060956283947619744064718682052749112775873792498635182165705165421882061666337286701660413304629227848931733456908284813101567304251869076614877880198035634251125859395043549829003387874815817137697831890548289331324925210328656461958837978043880461516262709559971084127819 0 0 0 0 0 0 0 0 0 0 0 0 0 0 0 0 0 0 0 0 0 0 1 0 0 0 0 0 0 0 0 0 0 0 0 0 0 0 0 0 0 0 0 0 0 0 0 0 0 0 0 0 0 0 0 0 0 0 0 0 0 0 0 0 0 0 0 0 0 0 0 0 0 0 0 0 0 0 0 0 0 0 0 0 0 0 0 0 0 0 0 0 0 0 0 0 0 0 0 0 0 0 0 0 0 0]
[5618821514752877155739460977580678055418312890900546868113884978670234227000743380723045324082338496313952085457088107435329738509085228086033910965713307459816985033936802848916744437963907608872053242331816524754450762168014124840466397113433877555773248840769058115093550539632933171460451695624459897523497459836057595 0 0 0 0 0 0 0 0 0 0 0 0 0 0 0 0 0 0 0 0 0 0 0 1 0 0 0 0 0 0 0 0 0 0 0 0 0 0 0 0 0 0 0 0 0 0 0 0 0 0 0 0 0 0 0 0 0 0 0 0 0 0 0 0 0 0 0 0 0 0 0 0 0 0 0 0 0 0 0 0 0 0 0 0 0 0 0 0 0 0 0 0 0 0 0 0 0 0 0 0 0 0 0 0 0 0]
[2221282563481616549675019573289354015464410727675618397426847519413313332980653757332197538464164275963459081989525045151493652811447620180680444878716337200698327482500715270120297224413959945490116083960912666275910886907994007959017432155910160008013382804630718080610659888506291835919751538675227114503020997144231697 0 0 0 0 0 0 0 0 0 0 0 0 0 0 0 0 0 0 0 0 0 0 0 0 1 0 0 0 0 0 0 0 0 0 0 0 0 0 0 0 0 0 0 0 0 0 0 0 0 0 0 0 0 0 0 0 0 0 0 0 0 0 0 0 0 0 0 0 0 0 0 0 0 0 0 0 0 0 0 0 0 0 0 0 0 0 0 0 0 0 0 0 0 0 0 0 0 0 0 0 0 0 0 0 0 0]
[6532987162678500784197259237704712335267428073666482202237936527030437430025314518038848087696855772834258547351408432851927369481832967204346755250449101823753381472919532928711102360368164282314610978678797069021749307526391997648306776730563796250618684558825654703489027165459742349107483460907112230489767244450588102 0 0 0 0 0 0 0 0 0 0 0 0 0 0 0 0 0 0 0 0 0 0 0 0 0 1 0 0 0 0 0 0 0 0 0 0 0 0 0 0 0 0 0 0 0 0 0 0 0 0 0 0 0 0 0 0 0 0 0 0 0 0 0 0 0 0 0 0 0 0 0 0 0 0 0 0 0 0 0 0 0 0 0 0 0 0 0 0 0 0 0 0 0 0 0 0 0 0 0 0 0 0 0 0 0 0]
[5360206430716816815385879004826765002315281103175280866953139047261605105795565716804408406376945340586129892831063543871573905162067811533457450989617877155628495376449452944958716436368504119860000001985800213084029656931436437593770779869862883350787254701805279581873555688471532517798046059035056065853064832968295808 0 0 0 0 0 0 0 0 0 0 0 0 0 0 0 0 0 0 0 0 0 0 0 0 0 0 1 0 0 0 0 0 0 0 0 0 0 0 0 0 0 0 0 0 0 0 0 0 0 0 0 0 0 0 0 0 0 0 0 0 0 0 0 0 0 0 0 0 0 0 0 0 0 0 0 0 0 0 0 0 0 0 0 0 0 0 0 0 0 0 0 0 0 0 0 0 0 0 0 0 0 0 0 0 0 0]
[5093256339551380419123642802520315836232773044175850846360059628173421938408719004565156899497995416777886966810547407985920622282995857251817684376497336794380087408211549802895108856802368641648217804797585825608592184309536765290539779916727185108716627183953436129234450452845969120441685922641802031438193593869895400 0 0 0 0 0 0 0 0 0 0 0 0 0 0 0 0 0 0 0 0 0 0 0 0 0 0 0 1 0 0 0 0 0 0 0 0 0 0 0 0 0 0 0 0 0 0 0 0 0 0 0 0 0 0 0 0 0 0 0 0 0 0 0 0 0 0 0 0 0 0 0 0 0 0 0 0 0 0 0 0 0 0 0 0 0 0 0 0 0 0 0 0 0 0 0 0 0 0 0 0 0 0 0 0 0 0]
[2738721973700254080289647013478403248228440115032678161813946830491050699698947465005580613745229643862529038697244796759024959851501506558331135684925616578813621164559157922745701372195283529018098682529418908723001026974376957658054653623041826096048560379451358501476343269938341689740986190247419031078122219308243984 0 0 0 0 0 0 0 0 0 0 0 0 0 0 0 0 0 0 0 0 0 0 0 0 0 0 0 0 1 0 0 0 0 0 0 0 0 0 0 0 0 0 0 0 0 0 0 0 0 0 0 0 0 0 0 0 0 0 0 0 0 0 0 0 0 0 0 0 0 0 0 0 0 0 0 0 0 0 0 0 0 0 0 0 0 0 0 0 0 0 0 0 0 0 0 0 0 0 0 0 0 0 0 0 0 0]
[2940389182387004647982053378230422823457321575273676809556547350450466072509827493274019948606913177636686636000304356112446480574272285881985255395318065024078429942635001645026948532804745155976556233669337726707185934417376181976317893118063922782739456137505858070244363094288872564029609907916630373457463371279252366 0 0 0 0 0 0 0 0 0 0 0 0 0 0 0 0 0 0 0 0 0 0 0 0 0 0 0 0 0 1 0 0 0 0 0 0 0 0 0 0 0 0 0 0 0 0 0 0 0 0 0 0 0 0 0 0 0 0 0 0 0 0 0 0 0 0 0 0 0 0 0 0 0 0 0 0 0 0 0 0 0 0 0 0 0 0 0 0 0 0 0 0 0 0 0 0 0 0 0 0 0 0 0 0 0 0]
[6359164862433920033117897304354600549974508727164387887575123871770750207499690673328199419152852752356706020144268837250988136182814991599757416890504873503841941545371079650746399101613899365341829721559131119394591398561043281115696956368235949049835958508213798860718824450466011958449165859164665752859379350347486573 0 0 0 0 0 0 0 0 0 0 0 0 0 0 0 0 0 0 0 0 0 0 0 0 0 0 0 0 0 0 1 0 0 0 0 0 0 0 0 0 0 0 0 0 0 0 0 0 0 0 0 0 0 0 0 0 0 0 0 0 0 0 0 0 0 0 0 0 0 0 0 0 0 0 0 0 0 0 0 0 0 0 0 0 0 0 0 0 0 0 0 0 0 0 0 0 0 0 0 0 0 0 0 0 0 0]
[6197068019286457044102903943992065877587417496431916740867275160425383895445744028652643414412869647844947014478450634642877468257716117885630440718035726235149276005479020863301695506687879583829867560500496056537031727851102702469566157965717212118861970567998639321930979891004487981740066313513557844726173877409782847 0 0 0 0 0 0 0 0 0 0 0 0 0 0 0 0 0 0 0 0 0 0 0 0 0 0 0 0 0 0 0 1 0 0 0 0 0 0 0 0 0 0 0 0 0 0 0 0 0 0 0 0 0 0 0 0 0 0 0 0 0 0 0 0 0 0 0 0 0 0 0 0 0 0 0 0 0 0 0 0 0 0 0 0 0 0 0 0 0 0 0 0 0 0 0 0 0 0 0 0 0 0 0 0 0 0]
[4576649961444138087380140440397025404578538063530092160789097610239621873092640331788872961782072372669502847892264102740055660843578268162131116796650066668733574093742444719189527237406790464258809838010100608375284448573408542621605223134540404305123602205802207945809568193171482587401644002473028759087871015878188000 0 0 0 0 0 0 0 0 0 0 0 0 0 0 0 0 0 0 0 0 0 0 0 0 0 0 0 0 0 0 0 0 1 0 0 0 0 0 0 0 0 0 0 0 0 0 0 0 0 0 0 0 0 0 0 0 0 0 0 0 0 0 0 0 0 0 0 0 0 0 0 0 0 0 0 0 0 0 0 0 0 0 0 0 0 0 0 0 0 0 0 0 0 0 0 0 0 0 0 0 0 0 0 0 0 0]
[1980971851472513011932471860848862547523018198270294075289998793202668900734410006880808782293023576499170063026523814037691432046684486047395238954847080352367847164752218379997669310109017180596149110674660335114722450695442599847148723633914055392882671241912150471329674952729740572402676212454012986707245840625639662 0 0 0 0 0 0 0 0 0 0 0 0 0 0 0 0 0 0 0 0 0 0 0 0 0 0 0 0 0 0 0 0 0 1 0 0 0 0 0 0 0 0 0 0 0 0 0 0 0 0 0 0 0 0 0 0 0 0 0 0 0 0 0 0 0 0 0 0 0 0 0 0 0 0 0 0 0 0 0 0 0 0 0 0 0 0 0 0 0 0 0 0 0 0 0 0 0 0 0 0 0 0 0 0 0 0]
[5208243918571509867829065151420810786011248801994691130124674704205074135324953875738812335168976191448442205671531081915769017092233278975192816660628575564213105785821605024971727649090009767733941805164979898816307383868807372228625819570211436355468164526891277226063152700763132938715023775227096380938345128530919191 0 0 0 0 0 0 0 0 0 0 0 0 0 0 0 0 0 0 0 0 0 0 0 0 0 0 0 0 0 0 0 0 0 0 1 0 0 0 0 0 0 0 0 0 0 0 0 0 0 0 0 0 0 0 0 0 0 0 0 0 0 0 0 0 0 0 0 0 0 0 0 0 0 0 0 0 0 0 0 0 0 0 0 0 0 0 0 0 0 0 0 0 0 0 0 0 0 0 0 0 0 0 0 0 0 0]
[1260681266459757866448842444101660557771205880650559613205319261769273664005634108303721103208205459363121056962459278973432869095628824629340741549985786731691888160340120377941631766671443354731769532549559324737220940307818839583219771242712045935301782313651138614895355259758957638631318195632840675648277062217095698 0 0 0 0 0 0 0 0 0 0 0 0 0 0 0 0 0 0 0 0 0 0 0 0 0 0 0 0 0 0 0 0 0 0 0 1 0 0 0 0 0 0 0 0 0 0 0 0 0 0 0 0 0 0 0 0 0 0 0 0 0 0 0 0 0 0 0 0 0 0 0 0 0 0 0 0 0 0 0 0 0 0 0 0 0 0 0 0 0 0 0 0 0 0 0 0 0 0 0 0 0 0 0 0 0 0]
[3325553937722740214796022001940962638571744734001857687820220588197990683539580625450976602158884919099264421453625355353823342951076731752226491237539076186260342090533579268988052346431833620069989102931928214651011119303033602991420947816084219598177548554050446781137347573029968868951024608303640448528920022817697352 0 0 0 0 0 0 0 0 0 0 0 0 0 0 0 0 0 0 0 0 0 0 0 0 0 0 0 0 0 0 0 0 0 0 0 0 1 0 0 0 0 0 0 0 0 0 0 0 0 0 0 0 0 0 0 0 0 0 0 0 0 0 0 0 0 0 0 0 0 0 0 0 0 0 0 0 0 0 0 0 0 0 0 0 0 0 0 0 0 0 0 0 0 0 0 0 0 0 0 0 0 0 0 0 0 0]
[6137844532796966921672454448775447008655788471171177892425298893188636946416208075052976768561433508732887836273010193889939203621055216650707052726558704592853895448187465680639311502183691344031626697913179753288465496149036960639916239374796310703425839851069541558762340747865873854426802976504946241659605144661575009 0 0 0 0 0 0 0 0 0 0 0 0 0 0 0 0 0 0 0 0 0 0 0 0 0 0 0 0 0 0 0 0 0 0 0 0 0 1 0 0 0 0 0 0 0 0 0 0 0 0 0 0 0 0 0 0 0 0 0 0 0 0 0 0 0 0 0 0 0 0 0 0 0 0 0 0 0 0 0 0 0 0 0 0 0 0 0 0 0 0 0 0 0 0 0 0 0 0 0 0 0 0 0 0 0 0]
[3697598243824460552313883242715273553798212461201382742905190876113727130160272410152460815711815827763447632061001570969681262857186511648468548585674650568278765985935423288036714635680320846613110708881186916380620628877382760115960368057273030189360315667604050802483643139117302360317106197623489118553662230935600857 0 0 0 0 0 0 0 0 0 0 0 0 0 0 0 0 0 0 0 0 0 0 0 0 0 0 0 0 0 0 0 0 0 0 0 0 0 0 1 0 0 0 0 0 0 0 0 0 0 0 0 0 0 0 0 0 0 0 0 0 0 0 0 0 0 0 0 0 0 0 0 0 0 0 0 0 0 0 0 0 0 0 0 0 0 0 0 0 0 0 0 0 0 0 0 0 0 0 0 0 0 0 0 0 0 0]
[6043272000424260569098465817822581779676927505000249457106488691949838589854131133291491156730743023823728348531695130131913369303154069436474046607838498637330476860142720837271377922593563114618584929768495745972902962472193881084231464517743991038306057549057641096559637830103883237268948979322070048737826022463121043 0 0 0 0 0 0 0 0 0 0 0 0 0 0 0 0 0 0 0 0 0 0 0 0 0 0 0 0 0 0 0 0 0 0 0 0 0 0 0 1 0 0 0 0 0 0 0 0 0 0 0 0 0 0 0 0 0 0 0 0 0 0 0 0 0 0 0 0 0 0 0 0 0 0 0 0 0 0 0 0 0 0 0 0 0 0 0 0 0 0 0 0 0 0 0 0 0 0 0 0 0 0 0 0 0 0]
[3142644994341633188955907604066985405327698892859719105256711001919476139765800900761166123511197135876666468745089132141828599439192605273237954221624012852862352952975973153643952303307882907417980987885982167765153502845945587105754728135595913652876586420991600699600632026722049736201648798364914276769358523513119069 0 0 0 0 0 0 0 0 0 0 0 0 0 0 0 0 0 0 0 0 0 0 0 0 0 0 0 0 0 0 0 0 0 0 0 0 0 0 0 0 1 0 0 0 0 0 0 0 0 0 0 0 0 0 0 0 0 0 0 0 0 0 0 0 0 0 0 0 0 0 0 0 0 0 0 0 0 0 0 0 0 0 0 0 0 0 0 0 0 0 0 0 0 0 0 0 0 0 0 0 0 0 0 0 0 0]
[4671020545501320004105593082697019596500879216010345210361980446555859365116616387481355949832225782363144966855164430523920420065648972042158243293327633757524363091965956450804605107895273196263517381512053497686751069733592744107981497357268451843130182798310272714393273032401002934481421920216122418050290130362772609 0 0 0 0 0 0 0 0 0 0 0 0 0 0 0 0 0 0 0 0 0 0 0 0 0 0 0 0 0 0 0 0 0 0 0 0 0 0 0 0 0 1 0 0 0 0 0 0 0 0 0 0 0 0 0 0 0 0 0 0 0 0 0 0 0 0 0 0 0 0 0 0 0 0 0 0 0 0 0 0 0 0 0 0 0 0 0 0 0 0 0 0 0 0 0 0 0 0 0 0 0 0 0 0 0 0]
[6964788547018065853034855461820537177623280505595982494533724343927296189913878923195809999419410022328825581569868665150040313335652823881512946784934851496924679229337436058561728276688281214967764626392374791289652627476131351023087978141555095617692631529805867736222716890539021765521448183336900995045193707577012668 0 0 0 0 0 0 0 0 0 0 0 0 0 0 0 0 0 0 0 0 0 0 0 0 0 0 0 0 0 0 0 0 0 0 0 0 0 0 0 0 0 0 1 0 0 0 0 0 0 0 0 0 0 0 0 0 0 0 0 0 0 0 0 0 0 0 0 0 0 0 0 0 0 0 0 0 0 0 0 0 0 0 0 0 0 0 0 0 0 0 0 0 0 0 0 0 0 0 0 0 0 0 0 0 0 0]
[2199037566873694798869481162203440151601873529697504852043877450590047952208311985244939712160182652071376372595197297973529835130308826667590512434786129462183060801635735509381160875729545927514595395984172682160704931201725470121324786109490987326563722076485095093461733989308460055506730120508751174679379519380422970 0 0 0 0 0 0 0 0 0 0 0 0 0 0 0 0 0 0 0 0 0 0 0 0 0 0 0 0 0 0 0 0 0 0 0 0 0 0 0 0 0 0 0 1 0 0 0 0 0 0 0 0 0 0 0 0 0 0 0 0 0 0 0 0 0 0 0 0 0 0 0 0 0 0 0 0 0 0 0 0 0 0 0 0 0 0 0 0 0 0 0 0 0 0 0 0 0 0 0 0 0 0 0 0 0 0]
[4884205638319152227967994720231110905545357705111571301952327164303449420472708501279795029895047492151427824527481255555296125591019474921900984655339367107410954082318680898573574649166007167275421214948647772961009865512382449893958110398412881052175445174745622423692518933026465887198039239581264230401695787350728951 0 0 0 0 0 0 0 0 0 0 0 0 0 0 0 0 0 0 0 0 0 0 0 0 0 0 0 0 0 0 0 0 0 0 0 0 0 0 0 0 0 0 0 0 1 0 0 0 0 0 0 0 0 0 0 0 0 0 0 0 0 0 0 0 0 0 0 0 0 0 0 0 0 0 0 0 0 0 0 0 0 0 0 0 0 0 0 0 0 0 0 0 0 0 0 0 0 0 0 0 0 0 0 0 0 0]
[7126659370134630756231096712487073527185408184519040704851818722028475852453559676242681446086857706740980200340917565963372601573009821813712881756614252703085864238409494798639818883269174043884504887036081662166513272784354871606367176709854412179273215575481501269201655380358844486270115514381615212918109057500658298 0 0 0 0 0 0 0 0 0 0 0 0 0 0 0 0 0 0 0 0 0 0 0 0 0 0 0 0 0 0 0 0 0 0 0 0 0 0 0 0 0 0 0 0 0 1 0 0 0 0 0 0 0 0 0 0 0 0 0 0 0 0 0 0 0 0 0 0 0 0 0 0 0 0 0 0 0 0 0 0 0 0 0 0 0 0 0 0 0 0 0 0 0 0 0 0 0 0 0 0 0 0 0 0 0 0]
[1112952806960754784328765896548938645976803067916237159711074233140071856715140301759196030977835045152117264274958503864311533071455653757687545131002275474006173592816740199988387023483843840257939626511255386600880045335189508729094217786085820124161822752574384526455311713320750988107498236131973977055201460744549915 0 0 0 0 0 0 0 0 0 0 0 0 0 0 0 0 0 0 0 0 0 0 0 0 0 0 0 0 0 0 0 0 0 0 0 0 0 0 0 0 0 0 0 0 0 0 1 0 0 0 0 0 0 0 0 0 0 0 0 0 0 0 0 0 0 0 0 0 0 0 0 0 0 0 0 0 0 0 0 0 0 0 0 0 0 0 0 0 0 0 0 0 0 0 0 0 0 0 0 0 0 0 0 0 0 0]
[6828615966303426695610567309666339573944920776845940100798645344445855103020033837629742086190066143025836925821795649367038045966574318879101659337410137348250867924178853805371978783648683128563855321677023400127191553635637020194446883886451094160660773632922184101021606933503237421642686127590575736931049873275676584 0 0 0 0 0 0 0 0 0 0 0 0 0 0 0 0 0 0 0 0 0 0 0 0 0 0 0 0 0 0 0 0 0 0 0 0 0 0 0 0 0 0 0 0 0 0 0 1 0 0 0 0 0 0 0 0 0 0 0 0 0 0 0 0 0 0 0 0 0 0 0 0 0 0 0 0 0 0 0 0 0 0 0 0 0 0 0 0 0 0 0 0 0 0 0 0 0 0 0 0 0 0 0 0 0 0]
[4424714381468538405437820958735275966126671290134872044562321835951086524839285555697689155477528998956274961685747122596858471275132892829157921045432911924494597084851075061512328687284671830006441511502478587100754978746848426324391539841797133489145445054025594723535419369750963079027048112382396859554701063610710010 0 0 0 0 0 0 0 0 0 0 0 0 0 0 0 0 0 0 0 0 0 0 0 0 0 0 0 0 0 0 0 0 0 0 0 0 0 0 0 0 0 0 0 0 0 0 0 0 1 0 0 0 0 0 0 0 0 0 0 0 0 0 0 0 0 0 0 0 0 0 0 0 0 0 0 0 0 0 0 0 0 0 0 0 0 0 0 0 0 0 0 0 0 0 0 0 0 0 0 0 0 0 0 0 0 0]
[6801245081595589561561052474765333805254125477532959712575858154026063591220112008918202743693579304865078110675663604459384012775786110578670578989669894641984937090306329465449137085233424477897141123520841856136627481767288546357814802599056755145038023037566347270158187246673047583655433714051089466755661816488017461 0 0 0 0 0 0 0 0 0 0 0 0 0 0 0 0 0 0 0 0 0 0 0 0 0 0 0 0 0 0 0 0 0 0 0 0 0 0 0 0 0 0 0 0 0 0 0 0 0 1 0 0 0 0 0 0 0 0 0 0 0 0 0 0 0 0 0 0 0 0 0 0 0 0 0 0 0 0 0 0 0 0 0 0 0 0 0 0 0 0 0 0 0 0 0 0 0 0 0 0 0 0 0 0 0 0]
[7302882486992143867429961029209867621828664273414074933629420941706464519374081985875902514794281439163824263374742242957622265596397263376029967860987959910835199567373987504869363815963832524555010378864013887955082646576093844886492715457920819801974078718436255627804186563153956889729127580873896873476952344724419469 0 0 0 0 0 0 0 0 0 0 0 0 0 0 0 0 0 0 0 0 0 0 0 0 0 0 0 0 0 0 0 0 0 0 0 0 0 0 0 0 0 0 0 0 0 0 0 0 0 0 1 0 0 0 0 0 0 0 0 0 0 0 0 0 0 0 0 0 0 0 0 0 0 0 0 0 0 0 0 0 0 0 0 0 0 0 0 0 0 0 0 0 0 0 0 0 0 0 0 0 0 0 0 0 0 0]
[2406124525146291226713966480848886005965899124637858650077375307234593335142526706415276571321177709010167870316920824346052769464102632902501578106510830882051015757334273496369028911214658660989171539841287669861166355160728755834925957428330749520812020297253539322530941503614133339993531898054945981883394199583940525 0 0 0 0 0 0 0 0 0 0 0 0 0 0 0 0 0 0 0 0 0 0 0 0 0 0 0 0 0 0 0 0 0 0 0 0 0 0 0 0 0 0 0 0 0 0 0 0 0 0 0 1 0 0 0 0 0 0 0 0 0 0 0 0 0 0 0 0 0 0 0 0 0 0 0 0 0 0 0 0 0 0 0 0 0 0 0 0 0 0 0 0 0 0 0 0 0 0 0 0 0 0 0 0 0 0]
[4367279942442716695117168463894643561139566291283761364084344587838634198722531884215836929767945214198420319781664062690523595304577385639120929709618681892414376131438733616233772265811702880355852368136297747774966196599709590957504307146863776140819311445300868041081199101071319807552624959024801235061467717357861682 0 0 0 0 0 0 0 0 0 0 0 0 0 0 0 0 0 0 0 0 0 0 0 0 0 0 0 0 0 0 0 0 0 0 0 0 0 0 0 0 0 0 0 0 0 0 0 0 0 0 0 0 1 0 0 0 0 0 0 0 0 0 0 0 0 0 0 0 0 0 0 0 0 0 0 0 0 0 0 0 0 0 0 0 0 0 0 0 0 0 0 0 0 0 0 0 0 0 0 0 0 0 0 0 0 0]
[4897887648018778894669965834558589738503337923372643323651445593281994391622391122503083673602892870458036808228112794297891778519872684816147074339183707607629064453661269660851958806038653834234409710823970066526940413001697467809523211497400738049206500235469274629302437314683417460916728017883381611389624472292842647 0 0 0 0 0 0 0 0 0 0 0 0 0 0 0 0 0 0 0 0 0 0 0 0 0 0 0 0 0 0 0 0 0 0 0 0 0 0 0 0 0 0 0 0 0 0 0 0 0 0 0 0 0 1 0 0 0 0 0 0 0 0 0 0 0 0 0 0 0 0 0 0 0 0 0 0 0 0 0 0 0 0 0 0 0 0 0 0 0 0 0 0 0 0 0 0 0 0 0 0 0 0 0 0 0 0]
[7093475416634817938748478845480962096326206141346784335515740747389385964599993275885938491678250167873362278631824754992651916787068408199270657581126671286295865171065752805532583985567649815982780547338929005882424107416397594692265253781079368316406127166396409667506438617564307324986957482518701423996110046451455573 0 0 0 0 0 0 0 0 0 0 0 0 0 0 0 0 0 0 0 0 0 0 0 0 0 0 0 0 0 0 0 0 0 0 0 0 0 0 0 0 0 0 0 0 0 0 0 0 0 0 0 0 0 0 1 0 0 0 0 0 0 0 0 0 0 0 0 0 0 0 0 0 0 0 0 0 0 0 0 0 0 0 0 0 0 0 0 0 0 0 0 0 0 0 0 0 0 0 0 0 0 0 0 0 0 0]
[2128896812716195924547496182000757234458604710259073731538734535723666951315075153323083126843892683731267323745011050418843435389764145476766964360399543843576441350307755159042170491182242678260993543343760301558606916759465063895107830124192742391333458773001565452797880661600369248818812958504186876398266372861495759 0 0 0 0 0 0 0 0 0 0 0 0 0 0 0 0 0 0 0 0 0 0 0 0 0 0 0 0 0 0 0 0 0 0 0 0 0 0 0 0 0 0 0 0 0 0 0 0 0 0 0 0 0 0 0 1 0 0 0 0 0 0 0 0 0 0 0 0 0 0 0 0 0 0 0 0 0 0 0 0 0 0 0 0 0 0 0 0 0 0 0 0 0 0 0 0 0 0 0 0 0 0 0 0 0 0]
[7453246395762685773674254710048041620606301108964831078158838499260605695843806945613896863686806254117384704643338579223057546167239186955792853054138573388912705043930487111734781008725399225175949674998098853041749191496621870033793545533067545929651868730322842447519400591788882284065773326733908427722968275889723664 0 0 0 0 0 0 0 0 0 0 0 0 0 0 0 0 0 0 0 0 0 0 0 0 0 0 0 0 0 0 0 0 0 0 0 0 0 0 0 0 0 0 0 0 0 0 0 0 0 0 0 0 0 0 0 0 1 0 0 0 0 0 0 0 0 0 0 0 0 0 0 0 0 0 0 0 0 0 0 0 0 0 0 0 0 0 0 0 0 0 0 0 0 0 0 0 0 0 0 0 0 0 0 0 0 0]
[796858941476134181173237862924876592531727415175913822762954385265425111468357312509982609378279299255710408557204677217974739368738982880986896071727571786211140580983171973278952552243972508972820067720367555422325794446935321038771335026513153207580008451395672045646040925209734902827449320903923409883088410922707480 0 0 0 0 0 0 0 0 0 0 0 0 0 0 0 0 0 0 0 0 0 0 0 0 0 0 0 0 0 0 0 0 0 0 0 0 0 0 0 0 0 0 0 0 0 0 0 0 0 0 0 0 0 0 0 0 0 1 0 0 0 0 0 0 0 0 0 0 0 0 0 0 0 0 0 0 0 0 0 0 0 0 0 0 0 0 0 0 0 0 0 0 0 0 0 0 0 0 0 0 0 0 0 0 0 0]
[4910678222333222854823803875556885763609548967042810075146934014170393164273675423142723323606102500295554416083255787701102167821036330504549156671006984408778097262832623990381969722589145874445103349673847261205004502431731666813048244017687772319993571663786874208601715401232498275350334962935585752654813312289845706 0 0 0 0 0 0 0 0 0 0 0 0 0 0 0 0 0 0 0 0 0 0 0 0 0 0 0 0 0 0 0 0 0 0 0 0 0 0 0 0 0 0 0 0 0 0 0 0 0 0 0 0 0 0 0 0 0 0 1 0 0 0 0 0 0 0 0 0 0 0 0 0 0 0 0 0 0 0 0 0 0 0 0 0 0 0 0 0 0 0 0 0 0 0 0 0 0 0 0 0 0 0 0 0 0 0]
[3474160643593536786379485474588394730753476660966021537553919035983176291884636001257195085672954639701845647092929184605203720750488568862861299033441877935535266941881191239871570991548810806141119968789403586410477268477349025588096224556987433978672959674670603745011766011036890108522776560252177170766163261185997643 0 0 0 0 0 0 0 0 0 0 0 0 0 0 0 0 0 0 0 0 0 0 0 0 0 0 0 0 0 0 0 0 0 0 0 0 0 0 0 0 0 0 0 0 0 0 0 0 0 0 0 0 0 0 0 0 0 0 0 1 0 0 0 0 0 0 0 0 0 0 0 0 0 0 0 0 0 0 0 0 0 0 0 0 0 0 0 0 0 0 0 0 0 0 0 0 0 0 0 0 0 0 0 0 0 0]
[4219419497840633332308784813975230333959756708879318665746915700788857834979923637050940312528198437411822756350137846731301745740628955740002582892447140273628864061817355722983222392435661426290520142570665388412872205869568546710251268234466331347022489942990418577883077612041505778391844610062243519336367681109185467 0 0 0 0 0 0 0 0 0 0 0 0 0 0 0 0 0 0 0 0 0 0 0 0 0 0 0 0 0 0 0 0 0 0 0 0 0 0 0 0 0 0 0 0 0 0 0 0 0 0 0 0 0 0 0 0 0 0 0 0 1 0 0 0 0 0 0 0 0 0 0 0 0 0 0 0 0 0 0 0 0 0 0 0 0 0 0 0 0 0 0 0 0 0 0 0 0 0 0 0 0 0 0 0 0 0]
[3859008558686244396632337157023532857751803258584225507189164063500054036939123456298630078489998394421619549556164605415114938259737819097709862049921378798474817216158830871427133285838223850881522669468100590166464079201774649722975550145632932638909189516472967047970800541068584721390074759353843670404425856989894045 0 0 0 0 0 0 0 0 0 0 0 0 0 0 0 0 0 0 0 0 0 0 0 0 0 0 0 0 0 0 0 0 0 0 0 0 0 0 0 0 0 0 0 0 0 0 0 0 0 0 0 0 0 0 0 0 0 0 0 0 0 1 0 0 0 0 0 0 0 0 0 0 0 0 0 0 0 0 0 0 0 0 0 0 0 0 0 0 0 0 0 0 0 0 0 0 0 0 0 0 0 0 0 0 0 0]
[5309085196653416901121238703033581434514185535639393021658490578675836276239622619586463658082551913339680602267540252823722162262512725059639859706283528779086918541635596440417919708668434380491889476734596039230213034556691875739819683910600593443382870937362483575919908501972811543749643930046248925948144902361843076 0 0 0 0 0 0 0 0 0 0 0 0 0 0 0 0 0 0 0 0 0 0 0 0 0 0 0 0 0 0 0 0 0 0 0 0 0 0 0 0 0 0 0 0 0 0 0 0 0 0 0 0 0 0 0 0 0 0 0 0 0 0 1 0 0 0 0 0 0 0 0 0 0 0 0 0 0 0 0 0 0 0 0 0 0 0 0 0 0 0 0 0 0 0 0 0 0 0 0 0 0 0 0 0 0 0]
[4984846627357760378120000849377500877338127309273329684477665016523725579716113451185875900223012589679344797646939072765026422098513978509600340350302136074404740291944644407857719081243206149574135583061105436757704039509133281543641419172892282993215076314934036527617569719561789238877057659530482695262926213070557296 0 0 0 0 0 0 0 0 0 0 0 0 0 0 0 0 0 0 0 0 0 0 0 0 0 0 0 0 0 0 0 0 0 0 0 0 0 0 0 0 0 0 0 0 0 0 0 0 0 0 0 0 0 0 0 0 0 0 0 0 0 0 0 1 0 0 0 0 0 0 0 0 0 0 0 0 0 0 0 0 0 0 0 0 0 0 0 0 0 0 0 0 0 0 0 0 0 0 0 0 0 0 0 0 0 0]
[98594326360916721387211044486285537346774344949674372812499104373970614294881731284190066217150817129778623798312815879398127306955006859789013330630815013550573693089928581288603559199870530361077769665632543635596482628159104634491068058906261571978484692762540370021606957727661096394212957239608605980004461255488596 0 0 0 0 0 0 0 0 0 0 0 0 0 0 0 0 0 0 0 0 0 0 0 0 0 0 0 0 0 0 0 0 0 0 0 0 0 0 0 0 0 0 0 0 0 0 0 0 0 0 0 0 0 0 0 0 0 0 0 0 0 0 0 0 1 0 0 0 0 0 0 0 0 0 0 0 0 0 0 0 0 0 0 0 0 0 0 0 0 0 0 0 0 0 0 0 0 0 0 0 0 0 0 0 0 0]
[567247720033637958522297963061144111199734959198911570059894906862199241933570602434250570198649701772696938921202848810492913277216008151848301850085117068111004757109848267586537147257805433310968713823068754139390454668053494703057956753312745250815973713522256066520304756610474675008297671419463176533429857342239767 0 0 0 0 0 0 0 0 0 0 0 0 0 0 0 0 0 0 0 0 0 0 0 0 0 0 0 0 0 0 0 0 0 0 0 0 0 0 0 0 0 0 0 0 0 0 0 0 0 0 0 0 0 0 0 0 0 0 0 0 0 0 0 0 0 1 0 0 0 0 0 0 0 0 0 0 0 0 0 0 0 0 0 0 0 0 0 0 0 0 0 0 0 0 0 0 0 0 0 0 0 0 0 0 0 0]
[3992979415611761320449677285072685423498767066409938273823503360348867635118888476023974993661074173291358676675168419688107614641024782892893391881130467740185678417002064528891631142613724092835247611801453427335939125103758329365535712452632738551901214031288808760289346437661260289431833436768023568282375311396420583 0 0 0 0 0 0 0 0 0 0 0 0 0 0 0 0 0 0 0 0 0 0 0 0 0 0 0 0 0 0 0 0 0 0 0 0 0 0 0 0 0 0 0 0 0 0 0 0 0 0 0 0 0 0 0 0 0 0 0 0 0 0 0 0 0 0 1 0 0 0 0 0 0 0 0 0 0 0 0 0 0 0 0 0 0 0 0 0 0 0 0 0 0 0 0 0 0 0 0 0 0 0 0 0 0 0]
[3357188116270307760103277230492999053086179645278886703452493755923097651068762152657892124946721755575489260983326720984976720161785090203064397019160953688636726717160707484493539796560857065102803442622869413752467314808389122320908231748593584759123740078487683420173361267476501269895388287318741074997188914119718709 0 0 0 0 0 0 0 0 0 0 0 0 0 0 0 0 0 0 0 0 0 0 0 0 0 0 0 0 0 0 0 0 0 0 0 0 0 0 0 0 0 0 0 0 0 0 0 0 0 0 0 0 0 0 0 0 0 0 0 0 0 0 0 0 0 0 0 1 0 0 0 0 0 0 0 0 0 0 0 0 0 0 0 0 0 0 0 0 0 0 0 0 0 0 0 0 0 0 0 0 0 0 0 0 0 0]
[6339204344730320795606119376016558771682295970732290299258743879026321891755247994738912629394464866269446130603946456232573676354429356986100556125323116179829423688837554263120715276216329709938476343962325733653028648773127962686397521435438927997620829164347550666219452621878625857598703588686209419672010553401778298 0 0 0 0 0 0 0 0 0 0 0 0 0 0 0 0 0 0 0 0 0 0 0 0 0 0 0 0 0 0 0 0 0 0 0 0 0 0 0 0 0 0 0 0 0 0 0 0 0 0 0 0 0 0 0 0 0 0 0 0 0 0 0 0 0 0 0 0 1 0 0 0 0 0 0 0 0 0 0 0 0 0 0 0 0 0 0 0 0 0 0 0 0 0 0 0 0 0 0 0 0 0 0 0 0 0]
[4988017685493216767558729006744206487353339607042791801860983026271323936657035707377105841398673061511780278781856903587918793279733018182047711037472845587645153251795587139147398768110163928330426646222751562442974412863203385855208050103974397318376297026536636582861032295211555318875786407848621139913503129929571246 0 0 0 0 0 0 0 0 0 0 0 0 0 0 0 0 0 0 0 0 0 0 0 0 0 0 0 0 0 0 0 0 0 0 0 0 0 0 0 0 0 0 0 0 0 0 0 0 0 0 0 0 0 0 0 0 0 0 0 0 0 0 0 0 0 0 0 0 0 1 0 0 0 0 0 0 0 0 0 0 0 0 0 0 0 0 0 0 0 0 0 0 0 0 0 0 0 0 0 0 0 0 0 0 0 0]
[3519949074759296493410305546167964268637833709596796072572620712669765071266547604455769040751973557355409457278821586483756969338921856360411775381621728245235451751914529615142695002505929092027293138749306279558554400092420818000229598748303668838337810901096343291076228644673747854627243262489343661179299144084132606 0 0 0 0 0 0 0 0 0 0 0 0 0 0 0 0 0 0 0 0 0 0 0 0 0 0 0 0 0 0 0 0 0 0 0 0 0 0 0 0 0 0 0 0 0 0 0 0 0 0 0 0 0 0 0 0 0 0 0 0 0 0 0 0 0 0 0 0 0 0 1 0 0 0 0 0 0 0 0 0 0 0 0 0 0 0 0 0 0 0 0 0 0 0 0 0 0 0 0 0 0 0 0 0 0 0]
[498930256653991580678940888922471161428194800564871641730730933072009674509162387532526345132928813466040293159791561344506578029453390832585321718259488379829848501506459440263726472445856402025551052814257890163617384062021925321543046540398733958678771908779051113805838018950425767929609115127314247139300481555371228 0 0 0 0 0 0 0 0 0 0 0 0 0 0 0 0 0 0 0 0 0 0 0 0 0 0 0 0 0 0 0 0 0 0 0 0 0 0 0 0 0 0 0 0 0 0 0 0 0 0 0 0 0 0 0 0 0 0 0 0 0 0 0 0 0 0 0 0 0 0 0 1 0 0 0 0 0 0 0 0 0 0 0 0 0 0 0 0 0 0 0 0 0 0 0 0 0 0 0 0 0 0 0 0 0 0]
[3211614609524102761733932281268754364251333482982068594672919934023380292811550683869249581016014376906601659473865138958616957786168523899919181973825975308082824453203156497891439426903163450624322706115505395458836504329355877275486756813613738978510562482759042434777299789564384285827849170627952170947524494484679653 0 0 0 0 0 0 0 0 0 0 0 0 0 0 0 0 0 0 0 0 0 0 0 0 0 0 0 0 0 0 0 0 0 0 0 0 0 0 0 0 0 0 0 0 0 0 0 0 0 0 0 0 0 0 0 0 0 0 0 0 0 0 0 0 0 0 0 0 0 0 0 0 1 0 0 0 0 0 0 0 0 0 0 0 0 0 0 0 0 0 0 0 0 0 0 0 0 0 0 0 0 0 0 0 0 0]
[5934038427829467750406894939642827251583594238501165375953896994286369434405502956016986139799272863032780632879682559264115823851696917315571776681847404222189649834125798124702049567609190812681813998548793720264307404875027626252936485314351175876255300742743844432355898708959620904792279689069892032097347233373508635 0 0 0 0 0 0 0 0 0 0 0 0 0 0 0 0 0 0 0 0 0 0 0 0 0 0 0 0 0 0 0 0 0 0 0 0 0 0 0 0 0 0 0 0 0 0 0 0 0 0 0 0 0 0 0 0 0 0 0 0 0 0 0 0 0 0 0 0 0 0 0 0 0 1 0 0 0 0 0 0 0 0 0 0 0 0 0 0 0 0 0 0 0 0 0 0 0 0 0 0 0 0 0 0 0 0]
[9540767937132727988409339899027546987316393656576161204509929525795470254533624057904601059136930786669908500467351454253202064915027858543541426852398678120344240959549222945692676573550321805140323590586051058615130423819226551923553595118317937791220853176681973173295831913790644596629913686568526745580686491652680 0 0 0 0 0 0 0 0 0 0 0 0 0 0 0 0 0 0 0 0 0 0 0 0 0 0 0 0 0 0 0 0 0 0 0 0 0 0 0 0 0 0 0 0 0 0 0 0 0 0 0 0 0 0 0 0 0 0 0 0 0 0 0 0 0 0 0 0 0 0 0 0 0 0 1 0 0 0 0 0 0 0 0 0 0 0 0 0 0 0 0 0 0 0 0 0 0 0 0 0 0 0 0 0 0 0]
[7053884022258659293948144655230534024877015623724106279107584528549518737112158501466222861639296195463307734124170267017210258767558795493798084565828678675719004098338313012611781926410449333381736974240151772794039594761249247838921255756876700001423001784437353036660576567121468965861288586730149694574688619046153025 0 0 0 0 0 0 0 0 0 0 0 0 0 0 0 0 0 0 0 0 0 0 0 0 0 0 0 0 0 0 0 0 0 0 0 0 0 0 0 0 0 0 0 0 0 0 0 0 0 0 0 0 0 0 0 0 0 0 0 0 0 0 0 0 0 0 0 0 0 0 0 0 0 0 0 1 0 0 0 0 0 0 0 0 0 0 0 0 0 0 0 0 0 0 0 0 0 0 0 0 0 0 0 0 0 0]
[1949421224241506759152132160793903291066875543009933207807607879998097694195014042814803397967970256965420029277707776378012356278504851073720286531405823828428282115206871616191576563783940862511723592369986074333380858017589719025608021002908326394730314030351790593341320472860547217926442352846738272555791463110626376 0 0 0 0 0 0 0 0 0 0 0 0 0 0 0 0 0 0 0 0 0 0 0 0 0 0 0 0 0 0 0 0 0 0 0 0 0 0 0 0 0 0 0 0 0 0 0 0 0 0 0 0 0 0 0 0 0 0 0 0 0 0 0 0 0 0 0 0 0 0 0 0 0 0 0 0 1 0 0 0 0 0 0 0 0 0 0 0 0 0 0 0 0 0 0 0 0 0 0 0 0 0 0 0 0 0]
[6287571079105774016135334828979917511924234497202452464062330935123655664519775555531202453666542229346554194904266360694941116903842231973505567770145089208153634192849501745297908164907731056626921527587849798050270558316403190288037135083690304978291404694294417403232852474770266808381770677815260471403587330710425281 0 0 0 0 0 0 0 0 0 0 0 0 0 0 0 0 0 0 0 0 0 0 0 0 0 0 0 0 0 0 0 0 0 0 0 0 0 0 0 0 0 0 0 0 0 0 0 0 0 0 0 0 0 0 0 0 0 0 0 0 0 0 0 0 0 0 0 0 0 0 0 0 0 0 0 0 0 1 0 0 0 0 0 0 0 0 0 0 0 0 0 0 0 0 0 0 0 0 0 0 0 0 0 0 0 0]
[7316232451573974446820472377778348929864717450248484327120358972982158539461060809358991384880586046297973815034950774198554712059168542152161858214035334474635186009530069879252022682046729372634832517435140790980961442059611105745476877526772739127000658668155945297873657010968147740013219756116474727304722147375636337 0 0 0 0 0 0 0 0 0 0 0 0 0 0 0 0 0 0 0 0 0 0 0 0 0 0 0 0 0 0 0 0 0 0 0 0 0 0 0 0 0 0 0 0 0 0 0 0 0 0 0 0 0 0 0 0 0 0 0 0 0 0 0 0 0 0 0 0 0 0 0 0 0 0 0 0 0 0 1 0 0 0 0 0 0 0 0 0 0 0 0 0 0 0 0 0 0 0 0 0 0 0 0 0 0 0]
[4993258497799383973833356653349413385810286673602031031382470870516780587103924401642170356136558010220410697731685404430196583572521178532539934871662786327544141239244543016862979310862402014936853367603945035445817536246917275049969584339962671171435176841172206997492416336362136365817622335062628892980227950438533367 0 0 0 0 0 0 0 0 0 0 0 0 0 0 0 0 0 0 0 0 0 0 0 0 0 0 0 0 0 0 0 0 0 0 0 0 0 0 0 0 0 0 0 0 0 0 0 0 0 0 0 0 0 0 0 0 0 0 0 0 0 0 0 0 0 0 0 0 0 0 0 0 0 0 0 0 0 0 0 1 0 0 0 0 0 0 0 0 0 0 0 0 0 0 0 0 0 0 0 0 0 0 0 0 0 0]
[711489543546290485900943374927841296908259029543885010981971812490649115014107246744555714799466436109704889636269866193722558422669828820612564769762009202369052474039948431460835945590916264741192403522733681592478470347316944575835305471786755198568583561452714341620736527468243938238989925754009743805119091012011221 0 0 0 0 0 0 0 0 0 0 0 0 0 0 0 0 0 0 0 0 0 0 0 0 0 0 0 0 0 0 0 0 0 0 0 0 0 0 0 0 0 0 0 0 0 0 0 0 0 0 0 0 0 0 0 0 0 0 0 0 0 0 0 0 0 0 0 0 0 0 0 0 0 0 0 0 0 0 0 0 1 0 0 0 0 0 0 0 0 0 0 0 0 0 0 0 0 0 0 0 0 0 0 0 0 0]
[2233612080574720624423140052075305685032024203511221056300504139164771446505533396762541171666374362381762519668979080774667474942119565782610345521502383420105267907925835463184121521124091228543476518741393724070834587852692090917602601347137793817347599575762016344039231047502162893981011579865583333010536379495314788 0 0 0 0 0 0 0 0 0 0 0 0 0 0 0 0 0 0 0 0 0 0 0 0 0 0 0 0 0 0 0 0 0 0 0 0 0 0 0 0 0 0 0 0 0 0 0 0 0 0 0 0 0 0 0 0 0 0 0 0 0 0 0 0 0 0 0 0 0 0 0 0 0 0 0 0 0 0 0 0 0 1 0 0 0 0 0 0 0 0 0 0 0 0 0 0 0 0 0 0 0 0 0 0 0 0]
[1549282579837468157530954464052621926557759100607121038018817889520508573863950043325504638834592864980274014986172581576613961211854794994724389838651587666222065065551429823662847212458354705086851591472331294537763828190909216466559605115239253178954249039012847066758503005027170241361130284426677135912703106729467360 0 0 0 0 0 0 0 0 0 0 0 0 0 0 0 0 0 0 0 0 0 0 0 0 0 0 0 0 0 0 0 0 0 0 0 0 0 0 0 0 0 0 0 0 0 0 0 0 0 0 0 0 0 0 0 0 0 0 0 0 0 0 0 0 0 0 0 0 0 0 0 0 0 0 0 0 0 0 0 0 0 0 1 0 0 0 0 0 0 0 0 0 0 0 0 0 0 0 0 0 0 0 0 0 0 0]
[5635246294050827265942509040687191488071606137369546782657997724932632209442493220686665965404227086910916476091660490570264870819095867929517581070390144052844374770720608335091715960003981859003059077550834219604128175641520110952946797542618834729558845267041140992033873582341347922054720553781702036910989667024059135 0 0 0 0 0 0 0 0 0 0 0 0 0 0 0 0 0 0 0 0 0 0 0 0 0 0 0 0 0 0 0 0 0 0 0 0 0 0 0 0 0 0 0 0 0 0 0 0 0 0 0 0 0 0 0 0 0 0 0 0 0 0 0 0 0 0 0 0 0 0 0 0 0 0 0 0 0 0 0 0 0 0 0 1 0 0 0 0 0 0 0 0 0 0 0 0 0 0 0 0 0 0 0 0 0 0]
[4222521728492449933748790483601290152864020626105517482670129965889354869233312087458049233756535477989294804994734920718376931975315626578673713158856673480309328902319517167713755746356192499123934017939266998745915783965521913389437538386629131399533015659171812500253041569269005388155921683616747841078932022779483517 0 0 0 0 0 0 0 0 0 0 0 0 0 0 0 0 0 0 0 0 0 0 0 0 0 0 0 0 0 0 0 0 0 0 0 0 0 0 0 0 0 0 0 0 0 0 0 0 0 0 0 0 0 0 0 0 0 0 0 0 0 0 0 0 0 0 0 0 0 0 0 0 0 0 0 0 0 0 0 0 0 0 0 0 1 0 0 0 0 0 0 0 0 0 0 0 0 0 0 0 0 0 0 0 0 0]
[4612748642595113046623027948980363735557577540008150793744986181626872278421839779107110806197159789300058299849858210017183963410241610762117015856030998057037831414138408027659291384435414787981158566337165718873380414622714429667932992093513075312432839167873457670473828735965905885360883500129009030549511642009660122 0 0 0 0 0 0 0 0 0 0 0 0 0 0 0 0 0 0 0 0 0 0 0 0 0 0 0 0 0 0 0 0 0 0 0 0 0 0 0 0 0 0 0 0 0 0 0 0 0 0 0 0 0 0 0 0 0 0 0 0 0 0 0 0 0 0 0 0 0 0 0 0 0 0 0 0 0 0 0 0 0 0 0 0 0 1 0 0 0 0 0 0 0 0 0 0 0 0 0 0 0 0 0 0 0 0]
[6158599939817153852516398742141262782521318079626012432598212634439251153888216650417990183867937498226484112867675716479625322923382791042535409684063135742221872931016067411278379469379711879403421038382366750652097968510813065893477255356635950422838263305633796639731142551805344812476591096281844433084024129239227766 0 0 0 0 0 0 0 0 0 0 0 0 0 0 0 0 0 0 0 0 0 0 0 0 0 0 0 0 0 0 0 0 0 0 0 0 0 0 0 0 0 0 0 0 0 0 0 0 0 0 0 0 0 0 0 0 0 0 0 0 0 0 0 0 0 0 0 0 0 0 0 0 0 0 0 0 0 0 0 0 0 0 0 0 0 0 1 0 0 0 0 0 0 0 0 0 0 0 0 0 0 0 0 0 0 0]
[6089360026646795053296775172937190141135294583218442541593085508865958462310606480369182980392133791533879312663432269053442580821585290769466107919604571072394450558992790736027873577783830930503223981172395499334864347749165058555918035387057101110085808013844121078173310118971153023865864268350810926143516215289180566 0 0 0 0 0 0 0 0 0 0 0 0 0 0 0 0 0 0 0 0 0 0 0 0 0 0 0 0 0 0 0 0 0 0 0 0 0 0 0 0 0 0 0 0 0 0 0 0 0 0 0 0 0 0 0 0 0 0 0 0 0 0 0 0 0 0 0 0 0 0 0 0 0 0 0 0 0 0 0 0 0 0 0 0 0 0 0 1 0 0 0 0 0 0 0 0 0 0 0 0 0 0 0 0 0 0]
[483151119157208643508057977053884264325457974533483249592288561324783420416063128482988788195901516683727761192503077889099369518622392938939029547071014714497850406598391725201732141160025053635437084420406579957320482436057742102826795856190849840680556894101142124674469908685868073779609378251975252467876236277868821 0 0 0 0 0 0 0 0 0 0 0 0 0 0 0 0 0 0 0 0 0 0 0 0 0 0 0 0 0 0 0 0 0 0 0 0 0 0 0 0 0 0 0 0 0 0 0 0 0 0 0 0 0 0 0 0 0 0 0 0 0 0 0 0 0 0 0 0 0 0 0 0 0 0 0 0 0 0 0 0 0 0 0 0 0 0 0 0 1 0 0 0 0 0 0 0 0 0 0 0 0 0 0 0 0 0]
[4334255552405326160666593228749870707446878118759302145822607542387048941161926003214892704637635301391828321453032705485040128637628709288835940846203215213265826816644949985037306878128875909116773062274897143812686827215535604628393632988440229506054639584840247804249335843848058492590410143631992917844150054600305490 0 0 0 0 0 0 0 0 0 0 0 0 0 0 0 0 0 0 0 0 0 0 0 0 0 0 0 0 0 0 0 0 0 0 0 0 0 0 0 0 0 0 0 0 0 0 0 0 0 0 0 0 0 0 0 0 0 0 0 0 0 0 0 0 0 0 0 0 0 0 0 0 0 0 0 0 0 0 0 0 0 0 0 0 0 0 0 0 0 1 0 0 0 0 0 0 0 0 0 0 0 0 0 0 0 0]
[6984068434645514830769396410919211817936569693699763867626412544156702485305610668151303247983460782043219690851116423415423963947750664904683037056476253288682064651174702171765162871993835299280414187796205806595213600749201372293774561491199385867768159247798551203790481359071200604411397112753363775296260291057685475 0 0 0 0 0 0 0 0 0 0 0 0 0 0 0 0 0 0 0 0 0 0 0 0 0 0 0 0 0 0 0 0 0 0 0 0 0 0 0 0 0 0 0 0 0 0 0 0 0 0 0 0 0 0 0 0 0 0 0 0 0 0 0 0 0 0 0 0 0 0 0 0 0 0 0 0 0 0 0 0 0 0 0 0 0 0 0 0 0 0 1 0 0 0 0 0 0 0 0 0 0 0 0 0 0 0]
[1153296660904643747541626935214289341656304300034083786113374139986261144735005849360821901870878786544011913594242458385162957662203551044326884676037239452289309682850746399399373158138013584999911838139268027377829503092097268006632753116871029272440502953453101910114706942589246469478217604378076179367082156212521905 0 0 0 0 0 0 0 0 0 0 0 0 0 0 0 0 0 0 0 0 0 0 0 0 0 0 0 0 0 0 0 0 0 0 0 0 0 0 0 0 0 0 0 0 0 0 0 0 0 0 0 0 0 0 0 0 0 0 0 0 0 0 0 0 0 0 0 0 0 0 0 0 0 0 0 0 0 0 0 0 0 0 0 0 0 0 0 0 0 0 0 1 0 0 0 0 0 0 0 0 0 0 0 0 0 0]
[6680603218670513427657912808496531368098987393171126143756625742699926138191434559427096749060035239296998868765967998171248736126561632951127625592423241845130696372886377763791680531275984747959644022542987422839189948480355392043358832200669302056050009669193344203736285964439426764126696244748743495510411929759635980 0 0 0 0 0 0 0 0 0 0 0 0 0 0 0 0 0 0 0 0 0 0 0 0 0 0 0 0 0 0 0 0 0 0 0 0 0 0 0 0 0 0 0 0 0 0 0 0 0 0 0 0 0 0 0 0 0 0 0 0 0 0 0 0 0 0 0 0 0 0 0 0 0 0 0 0 0 0 0 0 0 0 0 0 0 0 0 0 0 0 0 0 1 0 0 0 0 0 0 0 0 0 0 0 0 0]
[4554491605860036443274450083169188872784538691757441169793206023023070177061464247126160181452926664877891691914988080045654542983251507422394469318352032662584637082301820905667240730378978503481456584133983369133635892760002197264933434948660049879014378186167203350718445094070663705543320334616406530759760193650725599 0 0 0 0 0 0 0 0 0 0 0 0 0 0 0 0 0 0 0 0 0 0 0 0 0 0 0 0 0 0 0 0 0 0 0 0 0 0 0 0 0 0 0 0 0 0 0 0 0 0 0 0 0 0 0 0 0 0 0 0 0 0 0 0 0 0 0 0 0 0 0 0 0 0 0 0 0 0 0 0 0 0 0 0 0 0 0 0 0 0 0 0 0 1 0 0 0 0 0 0 0 0 0 0 0 0]
[5180059017982039467718748715340028338554645379236278549842373559901912169985961270421642420066151408234311127324688921292992695428936353509046874123770860456810323552143977177066415523998670961439999845568389061534259584027856674247576323838913530081040424821866732803120242463621665423479071200854547630307056232114032228 0 0 0 0 0 0 0 0 0 0 0 0 0 0 0 0 0 0 0 0 0 0 0 0 0 0 0 0 0 0 0 0 0 0 0 0 0 0 0 0 0 0 0 0 0 0 0 0 0 0 0 0 0 0 0 0 0 0 0 0 0 0 0 0 0 0 0 0 0 0 0 0 0 0 0 0 0 0 0 0 0 0 0 0 0 0 0 0 0 0 0 0 0 0 1 0 0 0 0 0 0 0 0 0 0 0]
[6074267168995164283943917076646627363652014930883397240753163233261236713441294520930235059282074082897466527354912869902143039248609646597580068974029026618577698009738689980114449877063018434507211137785479102721352464450444491148554397671289190368993392101729600565231725444029151165282336037377753420570637695438825921 0 0 0 0 0 0 0 0 0 0 0 0 0 0 0 0 0 0 0 0 0 0 0 0 0 0 0 0 0 0 0 0 0 0 0 0 0 0 0 0 0 0 0 0 0 0 0 0 0 0 0 0 0 0 0 0 0 0 0 0 0 0 0 0 0 0 0 0 0 0 0 0 0 0 0 0 0 0 0 0 0 0 0 0 0 0 0 0 0 0 0 0 0 0 0 1 0 0 0 0 0 0 0 0 0 0]
[4747192915013073275778205188222264804443754578408105322566403827940551846321216525963106752262579439951676295026686711103950105283270269358209199215646065199914704973743821703425697105885080611741450008752180689680212585094294426920912439641387757055368266005986945525280951102208683536700626224223303101490368657673974332 0 0 0 0 0 0 0 0 0 0 0 0 0 0 0 0 0 0 0 0 0 0 0 0 0 0 0 0 0 0 0 0 0 0 0 0 0 0 0 0 0 0 0 0 0 0 0 0 0 0 0 0 0 0 0 0 0 0 0 0 0 0 0 0 0 0 0 0 0 0 0 0 0 0 0 0 0 0 0 0 0 0 0 0 0 0 0 0 0 0 0 0 0 0 0 0 1 0 0 0 0 0 0 0 0 0]
[6249927758272191890775820156357379643666134244391541694790541782820840190434480327696662844155844344174125812883550013142581899241478277373038324949689867698047757807080263171929258239425129054417152591121063686542138442549342532494513428246011397362053516615948689571240979329533868620211546826326629404574999382187340835 0 0 0 0 0 0 0 0 0 0 0 0 0 0 0 0 0 0 0 0 0 0 0 0 0 0 0 0 0 0 0 0 0 0 0 0 0 0 0 0 0 0 0 0 0 0 0 0 0 0 0 0 0 0 0 0 0 0 0 0 0 0 0 0 0 0 0 0 0 0 0 0 0 0 0 0 0 0 0 0 0 0 0 0 0 0 0 0 0 0 0 0 0 0 0 0 0 1 0 0 0 0 0 0 0 0]
[1450542989168094405855415642813037996127791390676544763876882307918146113044367969167962919017415673670814218387359284522624537992063549475205123629109253399835718375437252126267642986778890080358689315808948772987307995256877318450540502819453224032350949207976571652325361050665900454648920920287627181889335839366534096 0 0 0 0 0 0 0 0 0 0 0 0 0 0 0 0 0 0 0 0 0 0 0 0 0 0 0 0 0 0 0 0 0 0 0 0 0 0 0 0 0 0 0 0 0 0 0 0 0 0 0 0 0 0 0 0 0 0 0 0 0 0 0 0 0 0 0 0 0 0 0 0 0 0 0 0 0 0 0 0 0 0 0 0 0 0 0 0 0 0 0 0 0 0 0 0 0 0 1 0 0 0 0 0 0 0]
[6041745738550255500603164910443896857210770866436218475088053694715596088696416896414938878788217543498387963617790849948464779998943734300856581891708693461477895363897847797031857064184014762974826174818817760510484863913517117382561058044475006304645052298258073962098697408866300530919885017703143839740165210221614071 0 0 0 0 0 0 0 0 0 0 0 0 0 0 0 0 0 0 0 0 0 0 0 0 0 0 0 0 0 0 0 0 0 0 0 0 0 0 0 0 0 0 0 0 0 0 0 0 0 0 0 0 0 0 0 0 0 0 0 0 0 0 0 0 0 0 0 0 0 0 0 0 0 0 0 0 0 0 0 0 0 0 0 0 0 0 0 0 0 0 0 0 0 0 0 0 0 0 0 1 0 0 0 0 0 0]
[6143403842411196578015405917546740711079341522801734658178511421369306534164075734800531804251435454443846860765327992436938314641335933262261327739464445228141579294864900142963853923531923257673115153594319285298132941917835775172838216580313100070542194915016253737645210151120291691037733108372745933452973658545623649 0 0 0 0 0 0 0 0 0 0 0 0 0 0 0 0 0 0 0 0 0 0 0 0 0 0 0 0 0 0 0 0 0 0 0 0 0 0 0 0 0 0 0 0 0 0 0 0 0 0 0 0 0 0 0 0 0 0 0 0 0 0 0 0 0 0 0 0 0 0 0 0 0 0 0 0 0 0 0 0 0 0 0 0 0 0 0 0 0 0 0 0 0 0 0 0 0 0 0 0 1 0 0 0 0 0]
[2751072120290663470006625549360272372920788507484108624500377673894143033284587324317930777926029553304768974074844566663051243857690530525472054807228282876510107904014310664531343709601757546492546022764480144265237472220949175978953255748650497329682049925332410818177915156534076995607497211423718197201129579932660980 0 0 0 0 0 0 0 0 0 0 0 0 0 0 0 0 0 0 0 0 0 0 0 0 0 0 0 0 0 0 0 0 0 0 0 0 0 0 0 0 0 0 0 0 0 0 0 0 0 0 0 0 0 0 0 0 0 0 0 0 0 0 0 0 0 0 0 0 0 0 0 0 0 0 0 0 0 0 0 0 0 0 0 0 0 0 0 0 0 0 0 0 0 0 0 0 0 0 0 0 0 1 0 0 0 0]
[4129083450109303421182943709242739325566491859935279094255024998175591352453950198687170409161292264944101660316330058027259068277550374940563957206463058659189746687285558156595404697591577781003127526811205129035469651605976397196832650803595173042833505679430170579053448524362487029953358387303128635238177234264195630 0 0 0 0 0 0 0 0 0 0 0 0 0 0 0 0 0 0 0 0 0 0 0 0 0 0 0 0 0 0 0 0 0 0 0 0 0 0 0 0 0 0 0 0 0 0 0 0 0 0 0 0 0 0 0 0 0 0 0 0 0 0 0 0 0 0 0 0 0 0 0 0 0 0 0 0 0 0 0 0 0 0 0 0 0 0 0 0 0 0 0 0 0 0 0 0 0 0 0 0 0 0 1 0 0 0]
[7397664480164140951612257210418305183555059673387186680591358986956535819964641737069435113002771115523878963573001558394597233517626833010305271796811358368409300181194646555532369084615685371679615600473427986247523964730340210136895052713854901514532779774649148978327226984574688654725039672828016598225649633866283143 0 0 0 0 0 0 0 0 0 0 0 0 0 0 0 0 0 0 0 0 0 0 0 0 0 0 0 0 0 0 0 0 0 0 0 0 0 0 0 0 0 0 0 0 0 0 0 0 0 0 0 0 0 0 0 0 0 0 0 0 0 0 0 0 0 0 0 0 0 0 0 0 0 0 0 0 0 0 0 0 0 0 0 0 0 0 0 0 0 0 0 0 0 0 0 0 0 0 0 0 0 0 0 1 0 0]
[6285095143467345828029125727021225813858278094800900393556036252222138362047293816830232511640430428436721220009775751475017685170295069279217221835110866149231336565739125711045697911314631836501515149833324769175590439770120504706277484868731799154290879132183179838131919765177146358398826438591539337639716458273817527 0 0 0 0 0 0 0 0 0 0 0 0 0 0 0 0 0 0 0 0 0 0 0 0 0 0 0 0 0 0 0 0 0 0 0 0 0 0 0 0 0 0 0 0 0 0 0 0 0 0 0 0 0 0 0 0 0 0 0 0 0 0 0 0 0 0 0 0 0 0 0 0 0 0 0 0 0 0 0 0 0 0 0 0 0 0 0 0 0 0 0 0 0 0 0 0 0 0 0 0 0 0 0 0 1 0]
[6595384842790785293239145288771165036923372562957689141395860566502570955563310943378386547252480381856503541814461184398583574691155681155407929113126095010610568877180794311727215689559587238485845848041571120157436189191453813244160949288024823294705569834796283913700973151872403290153871810351940161458505386174457591 0 0 0 0 0 0 0 0 0 0 0 0 0 0 0 0 0 0 0 0 0 0 0 0 0 0 0 0 0 0 0 0 0 0 0 0 0 0 0 0 0 0 0 0 0 0 0 0 0 0 0 0 0 0 0 0 0 0 0 0 0 0 0 0 0 0 0 0 0 0 0 0 0 0 0 0 0 0 0 0 0 0 0 0 0 0 0 0 0 0 0 0 0 0 0 0 0 0 0 0 0 0 0 0 0 1]
]
