[[2579923587873204070418358971558274451595696691770299065101301239466791314431307283366724293567910106617736855165804556063806737621622037325003334379289671302161834671 0 0 0 0 0 0 0 0 0 0 0 0 0 0 0 0 0 0 0 0 0 0 0 0 0 0 0 0 0 0 0 0 0 0 0 0 0 0 0 0 0 0 0 0 0 0 0 0 0 0 0 0 0 0]
[1056052497518836551256465413215706809257558309144059670178329507188388572137504062293564189036093412795617334838294194807540354532330386854167279247288680118105855447 1 0 0 0 0 0 0 0 0 0 0 0 0 0 0 0 0 0 0 0 0 0 0 0 0 0 0 0 0 0 0 0 0 0 0 0 0 0 0 0 0 0 0 0 0 0 0 0 0 0 0 0 0 0]
[1225158138866213241214884978703409180399793667786533058424198297943030415805992739173279131824041583574907351855781985703850459113326124869726583068470900051389670278 0 1 0 0 0 0 0 0 0 0 0 0 0 0 0 0 0 0 0 0 0 0 0 0 0 0 0 0 0 0 0 0 0 0 0 0 0 0 0 0 0 0 0 0 0 0 0 0 0 0 0 0 0 0]
[2423180098695750392264789299328717666505549533496118495659161486257962966644868358396345696854290451356294601889381346496305827745488492855373538392039959145575397848 0 0 1 0 0 0 0 0 0 0 0 0 0 0 0 0 0 0 0 0 0 0 0 0 0 0 0 0 0 0 0 0 0 0 0 0 0 0 0 0 0 0 0 0 0 0 0 0 0 0 0 0 0 0]
[1116133132928934463213927081167206607506702413723557294733510023521620742599764009068687813736759165898834891051301769651210880075602589288507296287825491354696885189 0 0 0 1 0 0 0 0 0 0 0 0 0 0 0 0 0 0 0 0 0 0 0 0 0 0 0 0 0 0 0 0 0 0 0 0 0 0 0 0 0 0 0 0 0 0 0 0 0 0 0 0 0 0]
[2068238453740017451116185048248603979448895985651048322312540149194969609836685307383493578053709647034150564667822374959453576754439084994427404615881236319227857899 0 0 0 0 1 0 0 0 0 0 0 0 0 0 0 0 0 0 0 0 0 0 0 0 0 0 0 0 0 0 0 0 0 0 0 0 0 0 0 0 0 0 0 0 0 0 0 0 0 0 0 0 0 0]
[1414279372201205740812418925354873148021940456281834057094038587344343163779238577186145204550580776280713935357449285318166698585586804739774416711352411320730554285 0 0 0 0 0 1 0 0 0 0 0 0 0 0 0 0 0 0 0 0 0 0 0 0 0 0 0 0 0 0 0 0 0 0 0 0 0 0 0 0 0 0 0 0 0 0 0 0 0 0 0 0 0 0]
[195876039385233669963378474305104439351157902334604431202443976351419535734739716833925826059590426168383666224564622680416861131589862906754905557780610914795581919 0 0 0 0 0 0 1 0 0 0 0 0 0 0 0 0 0 0 0 0 0 0 0 0 0 0 0 0 0 0 0 0 0 0 0 0 0 0 0 0 0 0 0 0 0 0 0 0 0 0 0 0 0 0]
[1614321093423395970070556081607419713067053228973056469099487481275784930056893943702728648262632587614765296001516323995330109249027324006492788653272724032468542875 0 0 0 0 0 0 0 1 0 0 0 0 0 0 0 0 0 0 0 0 0 0 0 0 0 0 0 0 0 0 0 0 0 0 0 0 0 0 0 0 0 0 0 0 0 0 0 0 0 0 0 0 0 0]
[1689083215807832045028561993104795233858804074278390557938625043261820675104163274461648411435221384203670889460460395332312162756479070302595412921381428465501422924 0 0 0 0 0 0 0 0 1 0 0 0 0 0 0 0 0 0 0 0 0 0 0 0 0 0 0 0 0 0 0 0 0 0 0 0 0 0 0 0 0 0 0 0 0 0 0 0 0 0 0 0 0 0]
[1117923439042194355551025914933217722019009470393558171712428193415243106076993570764880598619128438393041846191538738237303535286146504634517383103923648896483756986 0 0 0 0 0 0 0 0 0 1 0 0 0 0 0 0 0 0 0 0 0 0 0 0 0 0 0 0 0 0 0 0 0 0 0 0 0 0 0 0 0 0 0 0 0 0 0 0 0 0 0 0 0 0]
[1117799165509627154803948807604816656159447615064090389348288615364626443070812989325803759007165757475265643258316627182475408024163418793126729840012040223043811171 0 0 0 0 0 0 0 0 0 0 1 0 0 0 0 0 0 0 0 0 0 0 0 0 0 0 0 0 0 0 0 0 0 0 0 0 0 0 0 0 0 0 0 0 0 0 0 0 0 0 0 0 0 0]
[1533125975978178580224733827767052704950083348858422321106149695672563561801424906732114277076560620743748904026398098519151003122334890698772568983043513990898741523 0 0 0 0 0 0 0 0 0 0 0 1 0 0 0 0 0 0 0 0 0 0 0 0 0 0 0 0 0 0 0 0 0 0 0 0 0 0 0 0 0 0 0 0 0 0 0 0 0 0 0 0 0 0]
[827268469706268186951002911172917079474859716533439024193194728567670025403989697643034488756613145733063584559293287827285057813606446332503497100373459151456372111 0 0 0 0 0 0 0 0 0 0 0 0 1 0 0 0 0 0 0 0 0 0 0 0 0 0 0 0 0 0 0 0 0 0 0 0 0 0 0 0 0 0 0 0 0 0 0 0 0 0 0 0 0 0]
[2015116741093663451950059103871159080349782292672082007713503641664742793791088730038478069784768005825866046557174408838071804989541792597339316974036500177569768951 0 0 0 0 0 0 0 0 0 0 0 0 0 1 0 0 0 0 0 0 0 0 0 0 0 0 0 0 0 0 0 0 0 0 0 0 0 0 0 0 0 0 0 0 0 0 0 0 0 0 0 0 0 0]
[2074172095226552445111970838747609497123846739379040057277684521394510192712081113600860414556809355364143851351454738125596462559406780291348223907927044622127484031 0 0 0 0 0 0 0 0 0 0 0 0 0 0 1 0 0 0 0 0 0 0 0 0 0 0 0 0 0 0 0 0 0 0 0 0 0 0 0 0 0 0 0 0 0 0 0 0 0 0 0 0 0 0]
[1004430156045227114286438442559219688985340574931829342114684232622784300126525567362785155405148160084787669222698066086231581774751443362413264506261372080360437604 0 0 0 0 0 0 0 0 0 0 0 0 0 0 0 1 0 0 0 0 0 0 0 0 0 0 0 0 0 0 0 0 0 0 0 0 0 0 0 0 0 0 0 0 0 0 0 0 0 0 0 0 0 0]
[226524970435954750030139905878263940479802449469790859384279347276960582187739556854065307706977925028602382731532157849029723859236266510086721008818339430994586982 0 0 0 0 0 0 0 0 0 0 0 0 0 0 0 0 1 0 0 0 0 0 0 0 0 0 0 0 0 0 0 0 0 0 0 0 0 0 0 0 0 0 0 0 0 0 0 0 0 0 0 0 0 0]
[2469313750611038683060753889545693071862636493300010741893851907048939908419956871010033677495112740996482385948845621900593801515157208207979131903065286785657109952 0 0 0 0 0 0 0 0 0 0 0 0 0 0 0 0 0 1 0 0 0 0 0 0 0 0 0 0 0 0 0 0 0 0 0 0 0 0 0 0 0 0 0 0 0 0 0 0 0 0 0 0 0 0]
[823498536457684046894323762466370245731060717891997293743403147907351495189896131463676941459197439665820308121643542164437703955885309714699966973622793957505724415 0 0 0 0 0 0 0 0 0 0 0 0 0 0 0 0 0 0 1 0 0 0 0 0 0 0 0 0 0 0 0 0 0 0 0 0 0 0 0 0 0 0 0 0 0 0 0 0 0 0 0 0 0 0]
[190851843216231001115137348543336864210498342457308559069523832986479010374163118676709576431255924689402979667139046651582015022312484656537496783323142065330496719 0 0 0 0 0 0 0 0 0 0 0 0 0 0 0 0 0 0 0 1 0 0 0 0 0 0 0 0 0 0 0 0 0 0 0 0 0 0 0 0 0 0 0 0 0 0 0 0 0 0 0 0 0 0]
[2289934538838317235617182496023863101598586754171664509901663796958364876886967526504185263354059965855960690680267601631983913056376420383770695571378179263521276895 0 0 0 0 0 0 0 0 0 0 0 0 0 0 0 0 0 0 0 0 1 0 0 0 0 0 0 0 0 0 0 0 0 0 0 0 0 0 0 0 0 0 0 0 0 0 0 0 0 0 0 0 0 0]
[1100828395288116274157069605009796169730948498136094289504651445281557469353831545421826268328999199579066947164443601720074932729284966453629763601991930298034564001 0 0 0 0 0 0 0 0 0 0 0 0 0 0 0 0 0 0 0 0 0 1 0 0 0 0 0 0 0 0 0 0 0 0 0 0 0 0 0 0 0 0 0 0 0 0 0 0 0 0 0 0 0 0]
[1139767367577610615794141533824731784871043557210280092868675687066237802922936042229824671845570198581214011521625292664894148742418395155398818969235354451436155567 0 0 0 0 0 0 0 0 0 0 0 0 0 0 0 0 0 0 0 0 0 0 1 0 0 0 0 0 0 0 0 0 0 0 0 0 0 0 0 0 0 0 0 0 0 0 0 0 0 0 0 0 0 0]
[1467461756730886090837662652212858306021010778446328277410743660821808488923686049830188617829404779278733820301147913547893383137605548046089827229305361664485353287 0 0 0 0 0 0 0 0 0 0 0 0 0 0 0 0 0 0 0 0 0 0 0 1 0 0 0 0 0 0 0 0 0 0 0 0 0 0 0 0 0 0 0 0 0 0 0 0 0 0 0 0 0 0]
[1423061167510000735613569816169969291682343120813925427814997118764531678607888891736012292031185101012899617430345632476753443883009234591404743829326624994793436077 0 0 0 0 0 0 0 0 0 0 0 0 0 0 0 0 0 0 0 0 0 0 0 0 1 0 0 0 0 0 0 0 0 0 0 0 0 0 0 0 0 0 0 0 0 0 0 0 0 0 0 0 0 0]
[1259362222407980443247313749894438442258019343019425550328220495115852377425448178411957378597964593897719752243590175670547124075957107984917847623265655206820838569 0 0 0 0 0 0 0 0 0 0 0 0 0 0 0 0 0 0 0 0 0 0 0 0 0 1 0 0 0 0 0 0 0 0 0 0 0 0 0 0 0 0 0 0 0 0 0 0 0 0 0 0 0 0]
[1555016702011807607853048776336048310851296830953345459546070859837121714499356610535156300953846078127235108404168898589663839542379196211921828619546351025195049296 0 0 0 0 0 0 0 0 0 0 0 0 0 0 0 0 0 0 0 0 0 0 0 0 0 0 1 0 0 0 0 0 0 0 0 0 0 0 0 0 0 0 0 0 0 0 0 0 0 0 0 0 0 0]
[371919603466186309416644280595463250370204206145936727543553245497161545570762854546343170541035351838475904384242423265881872535450237355650728434889888828753838124 0 0 0 0 0 0 0 0 0 0 0 0 0 0 0 0 0 0 0 0 0 0 0 0 0 0 0 1 0 0 0 0 0 0 0 0 0 0 0 0 0 0 0 0 0 0 0 0 0 0 0 0 0 0]
[2345441947227141134861715590060822736498774041042948786638196061641882448809724859628738081111271562075649105584204281813719497476966678121874420239311742119719863465 0 0 0 0 0 0 0 0 0 0 0 0 0 0 0 0 0 0 0 0 0 0 0 0 0 0 0 0 1 0 0 0 0 0 0 0 0 0 0 0 0 0 0 0 0 0 0 0 0 0 0 0 0 0]
[570868028274285210513298340003396407007379319117466501589144362963355485930606820525168451097213076609541292068786933143882179432962436854814290648588624644415161392 0 0 0 0 0 0 0 0 0 0 0 0 0 0 0 0 0 0 0 0 0 0 0 0 0 0 0 0 0 1 0 0 0 0 0 0 0 0 0 0 0 0 0 0 0 0 0 0 0 0 0 0 0 0]
[1047263779690630284468005896718615958666427643113421885152920413432705954636111011049365830550053400460975479577536141619926093711980224601344243786099543240012779166 0 0 0 0 0 0 0 0 0 0 0 0 0 0 0 0 0 0 0 0 0 0 0 0 0 0 0 0 0 0 1 0 0 0 0 0 0 0 0 0 0 0 0 0 0 0 0 0 0 0 0 0 0 0]
[1371338752768926528394320762910784547127033382950012968894966903413519401301937658049742745994072524799001587969134311139203782623477010018609431566294340806027091076 0 0 0 0 0 0 0 0 0 0 0 0 0 0 0 0 0 0 0 0 0 0 0 0 0 0 0 0 0 0 0 1 0 0 0 0 0 0 0 0 0 0 0 0 0 0 0 0 0 0 0 0 0 0]
[1120210723055003609625582066534229482373483219844134035636461997579766185787782343496322815868754132882935295065182408615020219839319664358501169557135722291626779032 0 0 0 0 0 0 0 0 0 0 0 0 0 0 0 0 0 0 0 0 0 0 0 0 0 0 0 0 0 0 0 0 1 0 0 0 0 0 0 0 0 0 0 0 0 0 0 0 0 0 0 0 0 0]
[1637652528982782400387483326531031271472078062571464346980556895800885349513700976039429353523283213852490617706411272725890266386757689992546845883491463891078558872 0 0 0 0 0 0 0 0 0 0 0 0 0 0 0 0 0 0 0 0 0 0 0 0 0 0 0 0 0 0 0 0 0 1 0 0 0 0 0 0 0 0 0 0 0 0 0 0 0 0 0 0 0 0]
[891371446799402163108816628817277881115276891316518224296151300691201699225268585723021224761961403342373766382944639946323451610737787668159704641059185042064842774 0 0 0 0 0 0 0 0 0 0 0 0 0 0 0 0 0 0 0 0 0 0 0 0 0 0 0 0 0 0 0 0 0 0 1 0 0 0 0 0 0 0 0 0 0 0 0 0 0 0 0 0 0 0]
[2362067278618283545866545615361514259220663816934379976293934999606107320718135928829472178800000977408615067604718176086811223930861669821818738457376056688509269821 0 0 0 0 0 0 0 0 0 0 0 0 0 0 0 0 0 0 0 0 0 0 0 0 0 0 0 0 0 0 0 0 0 0 0 1 0 0 0 0 0 0 0 0 0 0 0 0 0 0 0 0 0 0]
[1599056942520379347716915613117555257432307204929419816316907378299335036651352755343822318921918218876476165325307046078391902887449062098015530328382134751816946098 0 0 0 0 0 0 0 0 0 0 0 0 0 0 0 0 0 0 0 0 0 0 0 0 0 0 0 0 0 0 0 0 0 0 0 0 1 0 0 0 0 0 0 0 0 0 0 0 0 0 0 0 0 0]
[1540148264468041871759973135703208074081057129489215628833786697667187024913859926453590623320608201760031992049975475384283484097281587898604162243061774616139378842 0 0 0 0 0 0 0 0 0 0 0 0 0 0 0 0 0 0 0 0 0 0 0 0 0 0 0 0 0 0 0 0 0 0 0 0 0 1 0 0 0 0 0 0 0 0 0 0 0 0 0 0 0 0]
[1159088574497141289871326432622399449200499743081887229744860775461091296135398553618969082094048107212630222421040352445835475690229712942453572490854079457088336675 0 0 0 0 0 0 0 0 0 0 0 0 0 0 0 0 0 0 0 0 0 0 0 0 0 0 0 0 0 0 0 0 0 0 0 0 0 0 1 0 0 0 0 0 0 0 0 0 0 0 0 0 0 0]
[1661708744737291612730732640146454960867633652430152544402986350096942134368422344420478091764841888257347906358375069293156503616597065578994933035103465456249874169 0 0 0 0 0 0 0 0 0 0 0 0 0 0 0 0 0 0 0 0 0 0 0 0 0 0 0 0 0 0 0 0 0 0 0 0 0 0 0 1 0 0 0 0 0 0 0 0 0 0 0 0 0 0]
[2450920102147221046080883764350781479590219622878097972244150129325410635953419267384030723046936054439094110783638393658814457203937130366820430059068916391348422874 0 0 0 0 0 0 0 0 0 0 0 0 0 0 0 0 0 0 0 0 0 0 0 0 0 0 0 0 0 0 0 0 0 0 0 0 0 0 0 0 1 0 0 0 0 0 0 0 0 0 0 0 0 0]
[190166132098375025205994962528668946273638233178947041902973709527368016003443951421366374771058739754085718875056109515861229587871151189210517978503984279827701148 0 0 0 0 0 0 0 0 0 0 0 0 0 0 0 0 0 0 0 0 0 0 0 0 0 0 0 0 0 0 0 0 0 0 0 0 0 0 0 0 0 1 0 0 0 0 0 0 0 0 0 0 0 0]
[1870961980698887344363724335845808529240445799985585061978896621520290232162473192674285468848033181507080869922608954852081284251105090067590557116375749835736389326 0 0 0 0 0 0 0 0 0 0 0 0 0 0 0 0 0 0 0 0 0 0 0 0 0 0 0 0 0 0 0 0 0 0 0 0 0 0 0 0 0 0 1 0 0 0 0 0 0 0 0 0 0 0]
[1353439731786937975061570234452574785436393144463552204967609017310685436214365045691548467447213236575220054797052109055070748521026333052886618402969661939332678700 0 0 0 0 0 0 0 0 0 0 0 0 0 0 0 0 0 0 0 0 0 0 0 0 0 0 0 0 0 0 0 0 0 0 0 0 0 0 0 0 0 0 0 1 0 0 0 0 0 0 0 0 0 0]
[1271070058197855683486464528080490488445241678788428299897151715697450354614436502193313875478818310020489481394768840791799613108777375501381404399816024440106939682 0 0 0 0 0 0 0 0 0 0 0 0 0 0 0 0 0 0 0 0 0 0 0 0 0 0 0 0 0 0 0 0 0 0 0 0 0 0 0 0 0 0 0 0 1 0 0 0 0 0 0 0 0 0]
[2338403667183742365807517203285637242925442401478596603470813704320051807260054656621665015981520239605314951529196496989663298018174954910752004600561125745319080488 0 0 0 0 0 0 0 0 0 0 0 0 0 0 0 0 0 0 0 0 0 0 0 0 0 0 0 0 0 0 0 0 0 0 0 0 0 0 0 0 0 0 0 0 0 1 0 0 0 0 0 0 0 0]
[2210304313948743649615251028200837031993811388999056299154669460849700467768091500657315678441923904100292931285959583728828682252316828363019953721074548543763515395 0 0 0 0 0 0 0 0 0 0 0 0 0 0 0 0 0 0 0 0 0 0 0 0 0 0 0 0 0 0 0 0 0 0 0 0 0 0 0 0 0 0 0 0 0 0 1 0 0 0 0 0 0 0]
[1072013671501264672307296250186193797784745606864880191075771183598895810354871178628123401648988258767693674573076611353472122726779568066201953574905127548966625246 0 0 0 0 0 0 0 0 0 0 0 0 0 0 0 0 0 0 0 0 0 0 0 0 0 0 0 0 0 0 0 0 0 0 0 0 0 0 0 0 0 0 0 0 0 0 0 1 0 0 0 0 0 0]
[245628108253676976985367151985171932417587581068071525693537095652222576484527420972845452930672774520013286081200084669202138194110668417773562024425594050427768627 0 0 0 0 0 0 0 0 0 0 0 0 0 0 0 0 0 0 0 0 0 0 0 0 0 0 0 0 0 0 0 0 0 0 0 0 0 0 0 0 0 0 0 0 0 0 0 0 1 0 0 0 0 0]
[928231244778161650444094754070596091992119629762851710476781385563095748738948030291906970835519340206863329901959255549818208540090956566261487447427827865825464954 0 0 0 0 0 0 0 0 0 0 0 0 0 0 0 0 0 0 0 0 0 0 0 0 0 0 0 0 0 0 0 0 0 0 0 0 0 0 0 0 0 0 0 0 0 0 0 0 0 1 0 0 0 0]
[825597048682324110488339907896010603737261331830892269914661595642246582870439447408518555435837229632300323868463234068906404564197697030318000651994207661929682106 0 0 0 0 0 0 0 0 0 0 0 0 0 0 0 0 0 0 0 0 0 0 0 0 0 0 0 0 0 0 0 0 0 0 0 0 0 0 0 0 0 0 0 0 0 0 0 0 0 0 1 0 0 0]
[616426427389009102106525862190712929394794652079354233125711964294464126726024321065404589331558315736992909081383961935716606199472924000706063260035433407026746132 0 0 0 0 0 0 0 0 0 0 0 0 0 0 0 0 0 0 0 0 0 0 0 0 0 0 0 0 0 0 0 0 0 0 0 0 0 0 0 0 0 0 0 0 0 0 0 0 0 0 0 1 0 0]
[878801624296296541255175798470165490544726494521341043349250328262856363125436272150667004572764243114844637757455376707255318593691426912772070657025810956117379230 0 0 0 0 0 0 0 0 0 0 0 0 0 0 0 0 0 0 0 0 0 0 0 0 0 0 0 0 0 0 0 0 0 0 0 0 0 0 0 0 0 0 0 0 0 0 0 0 0 0 0 0 1 0]
[1161479014547723208183505964172862080818651663975695762577344768298210908175507451822367904014640506600456512820890397124647597748524106546308640320597779772523759079 0 0 0 0 0 0 0 0 0 0 0 0 0 0 0 0 0 0 0 0 0 0 0 0 0 0 0 0 0 0 0 0 0 0 0 0 0 0 0 0 0 0 0 0 0 0 0 0 0 0 0 0 0 1]
]
