[[4873602101359750671620430659148666080828423900645397936229667213043908175939842638075678126260314995020894600673149716959221173648326726837942663005759342927152735867394782408856301091434021338652381696727064500896891777258826332460026758343705993350269751011614613 0 0 0 0 0 0 0 0 0 0 0 0 0 0 0 0 0 0 0 0 0 0 0 0 0 0 0 0 0 0 0 0 0 0 0 0 0 0 0 0 0 0 0 0 0 0 0 0 0 0 0 0 0 0 0 0 0 0 0 0 0 0 0 0 0 0 0 0 0 0 0 0 0 0 0 0 0 0 0 0 0 0 0 0 0 0 0]
[3812948146130420302046225484122766265114203871867708201502765425163384645164821192045092548144510490974584777637707453320651164649741453453253292898757753906461295133598881232108445790428114607125639271132639251942471772659296774743873754918228349927865063339010319 1 0 0 0 0 0 0 0 0 0 0 0 0 0 0 0 0 0 0 0 0 0 0 0 0 0 0 0 0 0 0 0 0 0 0 0 0 0 0 0 0 0 0 0 0 0 0 0 0 0 0 0 0 0 0 0 0 0 0 0 0 0 0 0 0 0 0 0 0 0 0 0 0 0 0 0 0 0 0 0 0 0 0 0 0 0 0]
[367323560443978753252028222349347017085866002821250164909142791283424249910693143928915180672329529546268133884938050962128038751428555641099099637275486807888084546951444492077922746136430621278847056172963250329125666348304004064472012245425405325795458257622088 0 1 0 0 0 0 0 0 0 0 0 0 0 0 0 0 0 0 0 0 0 0 0 0 0 0 0 0 0 0 0 0 0 0 0 0 0 0 0 0 0 0 0 0 0 0 0 0 0 0 0 0 0 0 0 0 0 0 0 0 0 0 0 0 0 0 0 0 0 0 0 0 0 0 0 0 0 0 0 0 0 0 0 0 0 0 0]
[4742013294546800481292599200890084555978064992649651800159473768863302365140290194965419633913062720490137182768014246792919099274453135131748263367855046191777993171415899144590181176294647385123632565461227992769628557685171724815090750832866338721820507677107356 0 0 1 0 0 0 0 0 0 0 0 0 0 0 0 0 0 0 0 0 0 0 0 0 0 0 0 0 0 0 0 0 0 0 0 0 0 0 0 0 0 0 0 0 0 0 0 0 0 0 0 0 0 0 0 0 0 0 0 0 0 0 0 0 0 0 0 0 0 0 0 0 0 0 0 0 0 0 0 0 0 0 0 0 0 0 0]
[3836280811919973848777588394629889584201501802594386054924525128521307831325936827813176447144541271656663070320730337237175198525568518149442452854692617494994558216646414183384451626021341842686479020580933881748071785481952910262352526653522295908731693334440973 0 0 0 1 0 0 0 0 0 0 0 0 0 0 0 0 0 0 0 0 0 0 0 0 0 0 0 0 0 0 0 0 0 0 0 0 0 0 0 0 0 0 0 0 0 0 0 0 0 0 0 0 0 0 0 0 0 0 0 0 0 0 0 0 0 0 0 0 0 0 0 0 0 0 0 0 0 0 0 0 0 0 0 0 0 0 0]
[1731813291095311470518812727877808257556619430327997286179539336017322262408229398531292963860582211126261801325726794347937524346116828821087182492225429398970111843071246114254136796568541977287172831371298732356722835668239803040851034378957579792837141428983128 0 0 0 0 1 0 0 0 0 0 0 0 0 0 0 0 0 0 0 0 0 0 0 0 0 0 0 0 0 0 0 0 0 0 0 0 0 0 0 0 0 0 0 0 0 0 0 0 0 0 0 0 0 0 0 0 0 0 0 0 0 0 0 0 0 0 0 0 0 0 0 0 0 0 0 0 0 0 0 0 0 0 0 0 0 0 0]
[1942876273218759571413867405893873236276704923444567728622298659892922569476753486531563852061864915838423933395824952758244125331097631502960040921886216049960788857353233260356346594617548512651802924634147381421545003653509794787876096945646222462481740097350601 0 0 0 0 0 1 0 0 0 0 0 0 0 0 0 0 0 0 0 0 0 0 0 0 0 0 0 0 0 0 0 0 0 0 0 0 0 0 0 0 0 0 0 0 0 0 0 0 0 0 0 0 0 0 0 0 0 0 0 0 0 0 0 0 0 0 0 0 0 0 0 0 0 0 0 0 0 0 0 0 0 0 0 0 0 0 0]
[2446297554812443813883899134573298824595759795939759572087334207454306618052345046819882289557083469124842399322526855285163293648747288002641948081764311970613515142885781034519930299676302960138047846669572361102909655762347933227325127047131332651787753286130751 0 0 0 0 0 0 1 0 0 0 0 0 0 0 0 0 0 0 0 0 0 0 0 0 0 0 0 0 0 0 0 0 0 0 0 0 0 0 0 0 0 0 0 0 0 0 0 0 0 0 0 0 0 0 0 0 0 0 0 0 0 0 0 0 0 0 0 0 0 0 0 0 0 0 0 0 0 0 0 0 0 0 0 0 0 0 0]
[1731037632589669791849792388278875314959908643860730644633311420559121746119776552783536800049874151972729832073690429279618738833898916557486457523587273721213512462938600742702906040545444639183653305015919238652604690709688374382690839745763428227334260441335493 0 0 0 0 0 0 0 1 0 0 0 0 0 0 0 0 0 0 0 0 0 0 0 0 0 0 0 0 0 0 0 0 0 0 0 0 0 0 0 0 0 0 0 0 0 0 0 0 0 0 0 0 0 0 0 0 0 0 0 0 0 0 0 0 0 0 0 0 0 0 0 0 0 0 0 0 0 0 0 0 0 0 0 0 0 0 0]
[722349184862881334304178597051024457882590909709397801165362508679568055433746171175625177664469233597348245256258403998465862617261271617664286444110697064411117209643517815635936096227718166249602551554135283708012030535559696584662609861526098146037084935116316 0 0 0 0 0 0 0 0 1 0 0 0 0 0 0 0 0 0 0 0 0 0 0 0 0 0 0 0 0 0 0 0 0 0 0 0 0 0 0 0 0 0 0 0 0 0 0 0 0 0 0 0 0 0 0 0 0 0 0 0 0 0 0 0 0 0 0 0 0 0 0 0 0 0 0 0 0 0 0 0 0 0 0 0 0 0 0]
[2019418995932949695916969337424335070824479019822073674225916146456287512895817793068510235231217312274793107461595135888896798619034406742692285477699138777957373251755515690449327876172319136095052605310878362970268767175376287794831307861026160743940606091839138 0 0 0 0 0 0 0 0 0 1 0 0 0 0 0 0 0 0 0 0 0 0 0 0 0 0 0 0 0 0 0 0 0 0 0 0 0 0 0 0 0 0 0 0 0 0 0 0 0 0 0 0 0 0 0 0 0 0 0 0 0 0 0 0 0 0 0 0 0 0 0 0 0 0 0 0 0 0 0 0 0 0 0 0 0 0 0]
[3583912285228273823501181298392297973145514246577036531423039007562035755472499854409419339995546654222230173439689126994348821912004699823093970245755958464728994820130779202162541393090859801379400055952309035608652391352767290540917049358024437647628224530045492 0 0 0 0 0 0 0 0 0 0 1 0 0 0 0 0 0 0 0 0 0 0 0 0 0 0 0 0 0 0 0 0 0 0 0 0 0 0 0 0 0 0 0 0 0 0 0 0 0 0 0 0 0 0 0 0 0 0 0 0 0 0 0 0 0 0 0 0 0 0 0 0 0 0 0 0 0 0 0 0 0 0 0 0 0 0 0]
[1207006581297053056283134883699202747673556210997018219286228721610155900666180407034622448407713415435964567629132713105931071710871203800226958206435462706312503164611627741234448726955952854984570238179578484518174658755878924170067155420899630470362295269196980 0 0 0 0 0 0 0 0 0 0 0 1 0 0 0 0 0 0 0 0 0 0 0 0 0 0 0 0 0 0 0 0 0 0 0 0 0 0 0 0 0 0 0 0 0 0 0 0 0 0 0 0 0 0 0 0 0 0 0 0 0 0 0 0 0 0 0 0 0 0 0 0 0 0 0 0 0 0 0 0 0 0 0 0 0 0 0]
[878567029521541479593014220100673787220523182578244825672623044000973695401133988824735793097397205895479184761759902933989950754295785759837280497788307057717826996198294794382533073969169766463177897938855450980034964193519383989559878579931884171944794651941485 0 0 0 0 0 0 0 0 0 0 0 0 1 0 0 0 0 0 0 0 0 0 0 0 0 0 0 0 0 0 0 0 0 0 0 0 0 0 0 0 0 0 0 0 0 0 0 0 0 0 0 0 0 0 0 0 0 0 0 0 0 0 0 0 0 0 0 0 0 0 0 0 0 0 0 0 0 0 0 0 0 0 0 0 0 0 0]
[258963267847456378279520452189661656142795322075167562701329533481007037807748892726449469491867449921209620379922887003152434754204859484791166195908416601183674497594780998413055950960257232673894289098691669522857405760583172575697241882761426873681693548599696 0 0 0 0 0 0 0 0 0 0 0 0 0 1 0 0 0 0 0 0 0 0 0 0 0 0 0 0 0 0 0 0 0 0 0 0 0 0 0 0 0 0 0 0 0 0 0 0 0 0 0 0 0 0 0 0 0 0 0 0 0 0 0 0 0 0 0 0 0 0 0 0 0 0 0 0 0 0 0 0 0 0 0 0 0 0 0]
[4233916645013821338963240522276523897081040306990820010718408575676877548792802526951393403647784229567171834010395207188941675071739952417949848802697977651700274407968666356077692057593786523625139666218236847679456058906980171058421376300100820768858983195906915 0 0 0 0 0 0 0 0 0 0 0 0 0 0 1 0 0 0 0 0 0 0 0 0 0 0 0 0 0 0 0 0 0 0 0 0 0 0 0 0 0 0 0 0 0 0 0 0 0 0 0 0 0 0 0 0 0 0 0 0 0 0 0 0 0 0 0 0 0 0 0 0 0 0 0 0 0 0 0 0 0 0 0 0 0 0 0]
[1645176590403828961363671431952833022922682654123017323495530166868218174968859131451193444055476843559434595481050055960560887205691231706558185073163066619718130894635187652924168658759214240626256820244878000238479403486756753529956189745586281132775130338329952 0 0 0 0 0 0 0 0 0 0 0 0 0 0 0 1 0 0 0 0 0 0 0 0 0 0 0 0 0 0 0 0 0 0 0 0 0 0 0 0 0 0 0 0 0 0 0 0 0 0 0 0 0 0 0 0 0 0 0 0 0 0 0 0 0 0 0 0 0 0 0 0 0 0 0 0 0 0 0 0 0 0 0 0 0 0 0]
[4670528618670478811903473167163470389244944289105101950613347026474059625672431854246927230841065375471048521810654793252206977608714492300328066355244775877368137570352606003135164703634298281258810745906467944474934400278947656302514507568755951526209719936408122 0 0 0 0 0 0 0 0 0 0 0 0 0 0 0 0 1 0 0 0 0 0 0 0 0 0 0 0 0 0 0 0 0 0 0 0 0 0 0 0 0 0 0 0 0 0 0 0 0 0 0 0 0 0 0 0 0 0 0 0 0 0 0 0 0 0 0 0 0 0 0 0 0 0 0 0 0 0 0 0 0 0 0 0 0 0 0]
[4269878839913928713423317377735315849174179995268162211041590158644123613246130298987604273759644496140254320289621475915292974902551619468009787647306760656234554023745420971050774607954782058780430042008374170906324171882914836493620866199582211686334354343879056 0 0 0 0 0 0 0 0 0 0 0 0 0 0 0 0 0 1 0 0 0 0 0 0 0 0 0 0 0 0 0 0 0 0 0 0 0 0 0 0 0 0 0 0 0 0 0 0 0 0 0 0 0 0 0 0 0 0 0 0 0 0 0 0 0 0 0 0 0 0 0 0 0 0 0 0 0 0 0 0 0 0 0 0 0 0 0]
[2958439687242150987856836818384105340121882198642234615992808000728356276518206595823430231937494149947306371170819363823939188323436636435019743389177453337690621524339554373808808959436462103902528463790251667523260259012141111857139825958072168313464517229863572 0 0 0 0 0 0 0 0 0 0 0 0 0 0 0 0 0 0 1 0 0 0 0 0 0 0 0 0 0 0 0 0 0 0 0 0 0 0 0 0 0 0 0 0 0 0 0 0 0 0 0 0 0 0 0 0 0 0 0 0 0 0 0 0 0 0 0 0 0 0 0 0 0 0 0 0 0 0 0 0 0 0 0 0 0 0 0]
[1548277517586298772509674129517524083982512865558282930650899873553561968242867075173791950958557029190260830967253524527760663121772383104005656185873208761078309477485959709808151411545973026070682078698174072461094107698199051736043972689398607931393853913548010 0 0 0 0 0 0 0 0 0 0 0 0 0 0 0 0 0 0 0 1 0 0 0 0 0 0 0 0 0 0 0 0 0 0 0 0 0 0 0 0 0 0 0 0 0 0 0 0 0 0 0 0 0 0 0 0 0 0 0 0 0 0 0 0 0 0 0 0 0 0 0 0 0 0 0 0 0 0 0 0 0 0 0 0 0 0 0]
[692367157802711090407425684476291746893170643620825920941227226450117437439750483989753825450386155414015251306401968878491383012750539472414269488907721062916512907062084202594586796786410029238133027332893650155137759401552327529022206802830230961734154904116463 0 0 0 0 0 0 0 0 0 0 0 0 0 0 0 0 0 0 0 0 1 0 0 0 0 0 0 0 0 0 0 0 0 0 0 0 0 0 0 0 0 0 0 0 0 0 0 0 0 0 0 0 0 0 0 0 0 0 0 0 0 0 0 0 0 0 0 0 0 0 0 0 0 0 0 0 0 0 0 0 0 0 0 0 0 0 0]
[3218276929986684347421520569129013913467110264696111052798495434717849860125134959518510212428400043966721585409620501123892585980447674969720653044175664865114460887635615915203390105286066133718934010055518785199847271711013454396757087856513666642766064963507979 0 0 0 0 0 0 0 0 0 0 0 0 0 0 0 0 0 0 0 0 0 1 0 0 0 0 0 0 0 0 0 0 0 0 0 0 0 0 0 0 0 0 0 0 0 0 0 0 0 0 0 0 0 0 0 0 0 0 0 0 0 0 0 0 0 0 0 0 0 0 0 0 0 0 0 0 0 0 0 0 0 0 0 0 0 0 0]
[2533053389238389385067845071038471803738266084761141380406825044880258358131235726760478879364300206276294576312452159657951003726984540011675262378892161026336498252038402459125897368065177690296816328453694933547742298877665711947531959715960754045667876008658402 0 0 0 0 0 0 0 0 0 0 0 0 0 0 0 0 0 0 0 0 0 0 1 0 0 0 0 0 0 0 0 0 0 0 0 0 0 0 0 0 0 0 0 0 0 0 0 0 0 0 0 0 0 0 0 0 0 0 0 0 0 0 0 0 0 0 0 0 0 0 0 0 0 0 0 0 0 0 0 0 0 0 0 0 0 0 0]
[253475447022464280827721544555725638779261802495023557020680089483379614191717930531726465495278420095127539523904348864909717534093774895942802714964929376544197550572439601492735719156437482068396107336206586301876179371546131670480967423164986963389772844706560 0 0 0 0 0 0 0 0 0 0 0 0 0 0 0 0 0 0 0 0 0 0 0 1 0 0 0 0 0 0 0 0 0 0 0 0 0 0 0 0 0 0 0 0 0 0 0 0 0 0 0 0 0 0 0 0 0 0 0 0 0 0 0 0 0 0 0 0 0 0 0 0 0 0 0 0 0 0 0 0 0 0 0 0 0 0 0]
[1346153953768970904708219856163413235435695693150668733996706444783158539253091113564634257734646963288239470792664829238442076510022378796756193657916136310252109992393944782925596608688790527521313512400892675874431499454746819297834215780269695836553043766058059 0 0 0 0 0 0 0 0 0 0 0 0 0 0 0 0 0 0 0 0 0 0 0 0 1 0 0 0 0 0 0 0 0 0 0 0 0 0 0 0 0 0 0 0 0 0 0 0 0 0 0 0 0 0 0 0 0 0 0 0 0 0 0 0 0 0 0 0 0 0 0 0 0 0 0 0 0 0 0 0 0 0 0 0 0 0 0]
[4066437525222891474453875290219941695475812732749498230188678441102030021863841275057349943284486406195479952594169688746816852991566022888329506051300495246269650247892846727175786496881922896897722724257305528786323185903995691063880284397694245140090455845208059 0 0 0 0 0 0 0 0 0 0 0 0 0 0 0 0 0 0 0 0 0 0 0 0 0 1 0 0 0 0 0 0 0 0 0 0 0 0 0 0 0 0 0 0 0 0 0 0 0 0 0 0 0 0 0 0 0 0 0 0 0 0 0 0 0 0 0 0 0 0 0 0 0 0 0 0 0 0 0 0 0 0 0 0 0 0 0]
[2840205351461116376897192775386408391798617417746431209628544213879935031895377684878533497365364331171168393756987801580574186382582559807208861661641526437608287404439593422907193923899933690027166417147892105892140515957697837817827943155393150712842720200929993 0 0 0 0 0 0 0 0 0 0 0 0 0 0 0 0 0 0 0 0 0 0 0 0 0 0 1 0 0 0 0 0 0 0 0 0 0 0 0 0 0 0 0 0 0 0 0 0 0 0 0 0 0 0 0 0 0 0 0 0 0 0 0 0 0 0 0 0 0 0 0 0 0 0 0 0 0 0 0 0 0 0 0 0 0 0 0]
[75785126233052249167477373675152827074803647192456875845451777253274173781362533325770941739810447995070307603496074693246691636622231939248713054728599130415305251165018725280179644392664741315922024563186837509669526231280561746442156934292348774472252181694955 0 0 0 0 0 0 0 0 0 0 0 0 0 0 0 0 0 0 0 0 0 0 0 0 0 0 0 1 0 0 0 0 0 0 0 0 0 0 0 0 0 0 0 0 0 0 0 0 0 0 0 0 0 0 0 0 0 0 0 0 0 0 0 0 0 0 0 0 0 0 0 0 0 0 0 0 0 0 0 0 0 0 0 0 0 0 0]
[2953640360638308210442699770040739915474993742890289227172037872725508711445247305505041373091112316873276536596852285922790008409455364391392381738236261090477799968740055932751813656257096730235524510112313478879696623599968600935556951696592437494213212531356665 0 0 0 0 0 0 0 0 0 0 0 0 0 0 0 0 0 0 0 0 0 0 0 0 0 0 0 0 1 0 0 0 0 0 0 0 0 0 0 0 0 0 0 0 0 0 0 0 0 0 0 0 0 0 0 0 0 0 0 0 0 0 0 0 0 0 0 0 0 0 0 0 0 0 0 0 0 0 0 0 0 0 0 0 0 0 0]
[1139402273877885475085269431448690998064805422775169538398914608387458471631485682034424771431664451940857762946288283183193691317903926589010331861676893179628903381515303769408164049451458597081584791336622612167602031191677025118021661496910084971375776659486114 0 0 0 0 0 0 0 0 0 0 0 0 0 0 0 0 0 0 0 0 0 0 0 0 0 0 0 0 0 1 0 0 0 0 0 0 0 0 0 0 0 0 0 0 0 0 0 0 0 0 0 0 0 0 0 0 0 0 0 0 0 0 0 0 0 0 0 0 0 0 0 0 0 0 0 0 0 0 0 0 0 0 0 0 0 0 0]
[3077747267012443098350175269309573697413173167956827132394038856811252197551393913739055740175684054015473241308162900624218713229618330959846468730320802152491985231482950700398550712246503775779729405707975185640121479186378155323982802751062601826562337697225581 0 0 0 0 0 0 0 0 0 0 0 0 0 0 0 0 0 0 0 0 0 0 0 0 0 0 0 0 0 0 1 0 0 0 0 0 0 0 0 0 0 0 0 0 0 0 0 0 0 0 0 0 0 0 0 0 0 0 0 0 0 0 0 0 0 0 0 0 0 0 0 0 0 0 0 0 0 0 0 0 0 0 0 0 0 0 0]
[2884273095820466581172219519005358348166497520746895001651866929104530752854698225893762962003780943975414417695084388127256210099137692903006832079789333786706452655590600250670487549983341233966561294803499587237921391805096720101838606157435928641287350470904634 0 0 0 0 0 0 0 0 0 0 0 0 0 0 0 0 0 0 0 0 0 0 0 0 0 0 0 0 0 0 0 1 0 0 0 0 0 0 0 0 0 0 0 0 0 0 0 0 0 0 0 0 0 0 0 0 0 0 0 0 0 0 0 0 0 0 0 0 0 0 0 0 0 0 0 0 0 0 0 0 0 0 0 0 0 0 0]
[810022209891340254523308722388965248332471291919413914111086656848506546913103327548449431134785009702348413383535532923259730231746954907492333593217417713632764042813292409555741766638572965456921362109418643877851941262393208774203991516538934639761950626891005 0 0 0 0 0 0 0 0 0 0 0 0 0 0 0 0 0 0 0 0 0 0 0 0 0 0 0 0 0 0 0 0 1 0 0 0 0 0 0 0 0 0 0 0 0 0 0 0 0 0 0 0 0 0 0 0 0 0 0 0 0 0 0 0 0 0 0 0 0 0 0 0 0 0 0 0 0 0 0 0 0 0 0 0 0 0 0]
[2393006736817655401442639219065165626221011993028491725956001535286770423980312800890621402078893759610347555857183036657399576378195812365276394017881627979139911991257416545628359408733317086395201550554264647277937759173840702984785827511977860015152055326039585 0 0 0 0 0 0 0 0 0 0 0 0 0 0 0 0 0 0 0 0 0 0 0 0 0 0 0 0 0 0 0 0 0 1 0 0 0 0 0 0 0 0 0 0 0 0 0 0 0 0 0 0 0 0 0 0 0 0 0 0 0 0 0 0 0 0 0 0 0 0 0 0 0 0 0 0 0 0 0 0 0 0 0 0 0 0 0]
[4241070402432571481969619217748720699406393341312901711132288907129217737991251922391001826798397522682124626365594443494242380449190947127618500592557772049158331759146570357627181638578590154228922231206885955933602751291162076618909687180899515867813903477885378 0 0 0 0 0 0 0 0 0 0 0 0 0 0 0 0 0 0 0 0 0 0 0 0 0 0 0 0 0 0 0 0 0 0 1 0 0 0 0 0 0 0 0 0 0 0 0 0 0 0 0 0 0 0 0 0 0 0 0 0 0 0 0 0 0 0 0 0 0 0 0 0 0 0 0 0 0 0 0 0 0 0 0 0 0 0 0]
[1669952408458277017957791210837501805585909231337508381133180995672000570106478044384803152467024466335667184784101384145620357169379652321443280381004414129007789766477894088597733085702752107135075486241731760770190574690533240934460082355101643974898559935478078 0 0 0 0 0 0 0 0 0 0 0 0 0 0 0 0 0 0 0 0 0 0 0 0 0 0 0 0 0 0 0 0 0 0 0 1 0 0 0 0 0 0 0 0 0 0 0 0 0 0 0 0 0 0 0 0 0 0 0 0 0 0 0 0 0 0 0 0 0 0 0 0 0 0 0 0 0 0 0 0 0 0 0 0 0 0 0]
[2035931402012063841132775791666400312029114146611773910807528954327577612439689882201147884676597906745926801582313890823587590119182665863620463472991677220358936632797329646480899763147593836034398430466812408215761728696812011747338350521137013825936796770470800 0 0 0 0 0 0 0 0 0 0 0 0 0 0 0 0 0 0 0 0 0 0 0 0 0 0 0 0 0 0 0 0 0 0 0 0 1 0 0 0 0 0 0 0 0 0 0 0 0 0 0 0 0 0 0 0 0 0 0 0 0 0 0 0 0 0 0 0 0 0 0 0 0 0 0 0 0 0 0 0 0 0 0 0 0 0 0]
[442679898904294242947528141907297099806249510246688148599491911568702841254492860241770987281008320569758135696716191388661439700393076319080347601682517239308941472098670721143488978723955919265599413647013984480179784020689499714623243459783547638789945560691679 0 0 0 0 0 0 0 0 0 0 0 0 0 0 0 0 0 0 0 0 0 0 0 0 0 0 0 0 0 0 0 0 0 0 0 0 0 1 0 0 0 0 0 0 0 0 0 0 0 0 0 0 0 0 0 0 0 0 0 0 0 0 0 0 0 0 0 0 0 0 0 0 0 0 0 0 0 0 0 0 0 0 0 0 0 0 0]
[3093432370933054836693905018341512196818659913859533998346870001089284694639426277627522227815874952589483150815240207893316514557764373081837146543454202085506205520402286456922788064391293570724598379320709819243843225655081312917762566419322799243816583765625335 0 0 0 0 0 0 0 0 0 0 0 0 0 0 0 0 0 0 0 0 0 0 0 0 0 0 0 0 0 0 0 0 0 0 0 0 0 0 1 0 0 0 0 0 0 0 0 0 0 0 0 0 0 0 0 0 0 0 0 0 0 0 0 0 0 0 0 0 0 0 0 0 0 0 0 0 0 0 0 0 0 0 0 0 0 0 0]
[2048826387297415712723843464607044794958330650253000538800644504577221670021126013152649869930654986394453796952248973239816121463329104377785221898456848360176341524456396275079062208662386397798374313438731886595077179922575427931231012459010705381813430872343049 0 0 0 0 0 0 0 0 0 0 0 0 0 0 0 0 0 0 0 0 0 0 0 0 0 0 0 0 0 0 0 0 0 0 0 0 0 0 0 1 0 0 0 0 0 0 0 0 0 0 0 0 0 0 0 0 0 0 0 0 0 0 0 0 0 0 0 0 0 0 0 0 0 0 0 0 0 0 0 0 0 0 0 0 0 0 0]
[1063304944552300168301532431886151143351165209276006831801165693569775229522386542331591837272294494435291917711500974481616836670541962481175731592837199969997335459765557971007109777076322918673076913160665645995560103521956058378320243196722892085198033015498558 0 0 0 0 0 0 0 0 0 0 0 0 0 0 0 0 0 0 0 0 0 0 0 0 0 0 0 0 0 0 0 0 0 0 0 0 0 0 0 0 1 0 0 0 0 0 0 0 0 0 0 0 0 0 0 0 0 0 0 0 0 0 0 0 0 0 0 0 0 0 0 0 0 0 0 0 0 0 0 0 0 0 0 0 0 0 0]
[3439274032794836958719727425163540574746357060492251659840075942879182182790546405521637050265964379443391919761243510040303856883199244904936078971606335702565639918391519720615950648206338489066220305965772975156557794213614772002731755987775114475061387432239018 0 0 0 0 0 0 0 0 0 0 0 0 0 0 0 0 0 0 0 0 0 0 0 0 0 0 0 0 0 0 0 0 0 0 0 0 0 0 0 0 0 1 0 0 0 0 0 0 0 0 0 0 0 0 0 0 0 0 0 0 0 0 0 0 0 0 0 0 0 0 0 0 0 0 0 0 0 0 0 0 0 0 0 0 0 0 0]
[3302512108494678298202944793032880327288161626971666228227216749536459785346929443857043837588967945350567281110268663824062652183711285000617707577748607674090329974560061887472450575423890826162877178543217011676889709986478309577568581132519857323190008089223346 0 0 0 0 0 0 0 0 0 0 0 0 0 0 0 0 0 0 0 0 0 0 0 0 0 0 0 0 0 0 0 0 0 0 0 0 0 0 0 0 0 0 1 0 0 0 0 0 0 0 0 0 0 0 0 0 0 0 0 0 0 0 0 0 0 0 0 0 0 0 0 0 0 0 0 0 0 0 0 0 0 0 0 0 0 0 0]
[4435216497102923975546093337013921559614624153328081486028852854951698964140190172364210388243378498605624864466929888912349643491228739842436727008254240052402640668107338069348395946146268586357990505883040179203014278181746570313062599380309599806260887026597570 0 0 0 0 0 0 0 0 0 0 0 0 0 0 0 0 0 0 0 0 0 0 0 0 0 0 0 0 0 0 0 0 0 0 0 0 0 0 0 0 0 0 0 1 0 0 0 0 0 0 0 0 0 0 0 0 0 0 0 0 0 0 0 0 0 0 0 0 0 0 0 0 0 0 0 0 0 0 0 0 0 0 0 0 0 0 0]
[3103016181356777979621991938280663338093675424921020581459746193109615523413752335976272677629941152490713021734334693953290306802875297472857146843023321725403927651233886119395204128024389189979716628012489281949387600295249765176331396353029225119541492417068682 0 0 0 0 0 0 0 0 0 0 0 0 0 0 0 0 0 0 0 0 0 0 0 0 0 0 0 0 0 0 0 0 0 0 0 0 0 0 0 0 0 0 0 0 1 0 0 0 0 0 0 0 0 0 0 0 0 0 0 0 0 0 0 0 0 0 0 0 0 0 0 0 0 0 0 0 0 0 0 0 0 0 0 0 0 0 0]
[2834863221616712330624780100406782582635211752790855616484280103108117146537760829188456294278504535909810787804756509200766389595702404276569647692984863767068328624074671973263334565250558182531666693627019496675512310179571834037671306922741886355752870141756907 0 0 0 0 0 0 0 0 0 0 0 0 0 0 0 0 0 0 0 0 0 0 0 0 0 0 0 0 0 0 0 0 0 0 0 0 0 0 0 0 0 0 0 0 0 1 0 0 0 0 0 0 0 0 0 0 0 0 0 0 0 0 0 0 0 0 0 0 0 0 0 0 0 0 0 0 0 0 0 0 0 0 0 0 0 0 0]
[4679855025704160364653214663396160855215199718846828025775576365002367046184213724618243265027804294047217963147411432499297944173674955099370050419238143973973370500326608837682679039837126835595481212241698639107228379074441175435333884270463866871367190518407215 0 0 0 0 0 0 0 0 0 0 0 0 0 0 0 0 0 0 0 0 0 0 0 0 0 0 0 0 0 0 0 0 0 0 0 0 0 0 0 0 0 0 0 0 0 0 1 0 0 0 0 0 0 0 0 0 0 0 0 0 0 0 0 0 0 0 0 0 0 0 0 0 0 0 0 0 0 0 0 0 0 0 0 0 0 0 0]
[1022223986590516083926623443087110723313799368417170032035811263516829305447002403023317484640198659285741456940243684107992559287489114268538367307760298050123709693051583187972931267556021318909079160374258249677009064324292163367880011354018744998218953587597163 0 0 0 0 0 0 0 0 0 0 0 0 0 0 0 0 0 0 0 0 0 0 0 0 0 0 0 0 0 0 0 0 0 0 0 0 0 0 0 0 0 0 0 0 0 0 0 1 0 0 0 0 0 0 0 0 0 0 0 0 0 0 0 0 0 0 0 0 0 0 0 0 0 0 0 0 0 0 0 0 0 0 0 0 0 0 0]
[3570300977311753334593185332016439826547366381876231683893342683437263225162492551906144405923741754045554878811840644787704620718031230125375216101693474543338453321022234757170919799316159533032180737047794788553953001715509168364759230438580763620841620802746104 0 0 0 0 0 0 0 0 0 0 0 0 0 0 0 0 0 0 0 0 0 0 0 0 0 0 0 0 0 0 0 0 0 0 0 0 0 0 0 0 0 0 0 0 0 0 0 0 1 0 0 0 0 0 0 0 0 0 0 0 0 0 0 0 0 0 0 0 0 0 0 0 0 0 0 0 0 0 0 0 0 0 0 0 0 0 0]
[542346946596923819274324707105800998777429690996594984938772741821966199739262376876851795131182413058521382323709899481744807315644234540131320768700277973532593971577710768977975790357724720547140710912942068162380038199918460742278811383534677695413368864604456 0 0 0 0 0 0 0 0 0 0 0 0 0 0 0 0 0 0 0 0 0 0 0 0 0 0 0 0 0 0 0 0 0 0 0 0 0 0 0 0 0 0 0 0 0 0 0 0 0 1 0 0 0 0 0 0 0 0 0 0 0 0 0 0 0 0 0 0 0 0 0 0 0 0 0 0 0 0 0 0 0 0 0 0 0 0 0]
[4413931246309427712069377412260452660067300294015606334542502600354446804721631755432112662815337068635649113871556808989170391601542766124195473103839745339861176577938619003195823918867686401512835201224685133197889379489600542228163787034749384008671430737693868 0 0 0 0 0 0 0 0 0 0 0 0 0 0 0 0 0 0 0 0 0 0 0 0 0 0 0 0 0 0 0 0 0 0 0 0 0 0 0 0 0 0 0 0 0 0 0 0 0 0 1 0 0 0 0 0 0 0 0 0 0 0 0 0 0 0 0 0 0 0 0 0 0 0 0 0 0 0 0 0 0 0 0 0 0 0 0]
[4517710849375106656126610340490778957176014363645574054793750447532718221976344139215353420853660771483470169091663012248819007700892130274694113828943681687082361260172294307925407882760158402858548497817721845708307077615443549688605036135742121130741330503796180 0 0 0 0 0 0 0 0 0 0 0 0 0 0 0 0 0 0 0 0 0 0 0 0 0 0 0 0 0 0 0 0 0 0 0 0 0 0 0 0 0 0 0 0 0 0 0 0 0 0 0 1 0 0 0 0 0 0 0 0 0 0 0 0 0 0 0 0 0 0 0 0 0 0 0 0 0 0 0 0 0 0 0 0 0 0 0]
[4580589308159221776024875682238099201624610881367908946876280539597933598767511519408938656536547322748536888410735000890896381690404336501368342404873479329043388487244734109931161566753511407612878817480162069687966263113227292953185588609150037419489581312964557 0 0 0 0 0 0 0 0 0 0 0 0 0 0 0 0 0 0 0 0 0 0 0 0 0 0 0 0 0 0 0 0 0 0 0 0 0 0 0 0 0 0 0 0 0 0 0 0 0 0 0 0 1 0 0 0 0 0 0 0 0 0 0 0 0 0 0 0 0 0 0 0 0 0 0 0 0 0 0 0 0 0 0 0 0 0 0]
[2076725834954486452485288063671902765667399357243175094507663295706114779897066683643247727302585618052269189885523131222275794383405096467524151191309140958179131887569739141860605968844528385473329246823905902281531603190642433204436209843222942070873348190527280 0 0 0 0 0 0 0 0 0 0 0 0 0 0 0 0 0 0 0 0 0 0 0 0 0 0 0 0 0 0 0 0 0 0 0 0 0 0 0 0 0 0 0 0 0 0 0 0 0 0 0 0 0 1 0 0 0 0 0 0 0 0 0 0 0 0 0 0 0 0 0 0 0 0 0 0 0 0 0 0 0 0 0 0 0 0 0]
[4025842188574267292737173531810241705410530930720265042254173580310340696037138155039361188541090988506984330538307606324275915895362902154903420014830888110688142359153629108835889340806293567329653702522605369180409358407959370918685432852744207607793282620742015 0 0 0 0 0 0 0 0 0 0 0 0 0 0 0 0 0 0 0 0 0 0 0 0 0 0 0 0 0 0 0 0 0 0 0 0 0 0 0 0 0 0 0 0 0 0 0 0 0 0 0 0 0 0 1 0 0 0 0 0 0 0 0 0 0 0 0 0 0 0 0 0 0 0 0 0 0 0 0 0 0 0 0 0 0 0 0]
[4791018513925882770374514956650388856956236373596256121322668389249015286818524831904049845716300757362653140034312013800629824607260839805470418891503974859296120439891661864061504360135636058722653340902567045701306695826803856772447984735405719782104791159734003 0 0 0 0 0 0 0 0 0 0 0 0 0 0 0 0 0 0 0 0 0 0 0 0 0 0 0 0 0 0 0 0 0 0 0 0 0 0 0 0 0 0 0 0 0 0 0 0 0 0 0 0 0 0 0 1 0 0 0 0 0 0 0 0 0 0 0 0 0 0 0 0 0 0 0 0 0 0 0 0 0 0 0 0 0 0 0]
[2688942049526771036364393642786099662673191557294808084586115673505227836373792806448611097939947469254722098735346684251875562277015460159948050910880251657877577426757241575025289609738865873017335697521302703849217116450823774897246348228399659435397815783348447 0 0 0 0 0 0 0 0 0 0 0 0 0 0 0 0 0 0 0 0 0 0 0 0 0 0 0 0 0 0 0 0 0 0 0 0 0 0 0 0 0 0 0 0 0 0 0 0 0 0 0 0 0 0 0 0 1 0 0 0 0 0 0 0 0 0 0 0 0 0 0 0 0 0 0 0 0 0 0 0 0 0 0 0 0 0 0]
[496074139053422940423748128345141370595778349851521765515568270427444890192359512658647353790674288630754308831164656331361654419577261337166709966942818971557957883915038896196614854786697378524772583649765539135167616689913972940740564165806584881721233041459865 0 0 0 0 0 0 0 0 0 0 0 0 0 0 0 0 0 0 0 0 0 0 0 0 0 0 0 0 0 0 0 0 0 0 0 0 0 0 0 0 0 0 0 0 0 0 0 0 0 0 0 0 0 0 0 0 0 1 0 0 0 0 0 0 0 0 0 0 0 0 0 0 0 0 0 0 0 0 0 0 0 0 0 0 0 0 0]
[1107486076856330925349066333091454391971111933500737093760245268053000704494720596257230258867626746470498576756003617164117662427642061064609203643518945747264953271774080234216777298739551289814036815608741788979312608666504163056751263956579692231038476362881619 0 0 0 0 0 0 0 0 0 0 0 0 0 0 0 0 0 0 0 0 0 0 0 0 0 0 0 0 0 0 0 0 0 0 0 0 0 0 0 0 0 0 0 0 0 0 0 0 0 0 0 0 0 0 0 0 0 0 1 0 0 0 0 0 0 0 0 0 0 0 0 0 0 0 0 0 0 0 0 0 0 0 0 0 0 0 0]
[1479141053336167939363553593953863415452899309295729862137436620407768427455864100530040841923373223154353118626329340600036683348214449936857961954265919431527312410816412477126452413729949700414599335640780057342227158478158749027989462092238381584038246264667451 0 0 0 0 0 0 0 0 0 0 0 0 0 0 0 0 0 0 0 0 0 0 0 0 0 0 0 0 0 0 0 0 0 0 0 0 0 0 0 0 0 0 0 0 0 0 0 0 0 0 0 0 0 0 0 0 0 0 0 1 0 0 0 0 0 0 0 0 0 0 0 0 0 0 0 0 0 0 0 0 0 0 0 0 0 0 0]
[204147807292246494145751792323655000247606296658671779405607126520084772495547267292972980049875912632309147922867238915341493724111366593339129687747936365283554752347271520275364544241524958287924808982420708488112164333353936349635231016226799583257283777602974 0 0 0 0 0 0 0 0 0 0 0 0 0 0 0 0 0 0 0 0 0 0 0 0 0 0 0 0 0 0 0 0 0 0 0 0 0 0 0 0 0 0 0 0 0 0 0 0 0 0 0 0 0 0 0 0 0 0 0 0 1 0 0 0 0 0 0 0 0 0 0 0 0 0 0 0 0 0 0 0 0 0 0 0 0 0 0]
[2257165264980491806276674831241186059080636579147105778981946349012856814608287885801442882054678710995958697340424172655933119894223191456455337342498310655306677329947611856858166859201171539105071510727695632462940762274006771017460869098525731612085972573738264 0 0 0 0 0 0 0 0 0 0 0 0 0 0 0 0 0 0 0 0 0 0 0 0 0 0 0 0 0 0 0 0 0 0 0 0 0 0 0 0 0 0 0 0 0 0 0 0 0 0 0 0 0 0 0 0 0 0 0 0 0 1 0 0 0 0 0 0 0 0 0 0 0 0 0 0 0 0 0 0 0 0 0 0 0 0 0]
[4572786393958616490896783813938830641482270848499966711262813734056338242262652601028916999415374650952720145959229470085495665137535106478650865279894034089077356781990616477727802812530541660887839702838157563790383341574568297902227048186857636115054651272910541 0 0 0 0 0 0 0 0 0 0 0 0 0 0 0 0 0 0 0 0 0 0 0 0 0 0 0 0 0 0 0 0 0 0 0 0 0 0 0 0 0 0 0 0 0 0 0 0 0 0 0 0 0 0 0 0 0 0 0 0 0 0 1 0 0 0 0 0 0 0 0 0 0 0 0 0 0 0 0 0 0 0 0 0 0 0 0]
[2236635053228248058493461275361525327999749176226113062049892097745092816249499640734482743241343610490579641139860725459719535088948447557978160208721639810818170725670280014137608684820533756396083098181132464418587624892278444280553456238408203506830044178932794 0 0 0 0 0 0 0 0 0 0 0 0 0 0 0 0 0 0 0 0 0 0 0 0 0 0 0 0 0 0 0 0 0 0 0 0 0 0 0 0 0 0 0 0 0 0 0 0 0 0 0 0 0 0 0 0 0 0 0 0 0 0 0 1 0 0 0 0 0 0 0 0 0 0 0 0 0 0 0 0 0 0 0 0 0 0 0]
[147011961354096467171560510734591043171000815292472922898968470206384638080966090778459921982144983900082940194226554564425449967245000352412839325903280640982230683397530014970877935472200256280015536590767059086759869419666396057520035791814463644075989555661221 0 0 0 0 0 0 0 0 0 0 0 0 0 0 0 0 0 0 0 0 0 0 0 0 0 0 0 0 0 0 0 0 0 0 0 0 0 0 0 0 0 0 0 0 0 0 0 0 0 0 0 0 0 0 0 0 0 0 0 0 0 0 0 0 1 0 0 0 0 0 0 0 0 0 0 0 0 0 0 0 0 0 0 0 0 0 0]
[850076463361732122123674230422521053629434423536927312191583644746075469537575442270543355232007485746340439482812781586346305723479215764544136141536542213354468903788765357121635179713586903402750809730626371686338994335974148879059422497508547026067694207925152 0 0 0 0 0 0 0 0 0 0 0 0 0 0 0 0 0 0 0 0 0 0 0 0 0 0 0 0 0 0 0 0 0 0 0 0 0 0 0 0 0 0 0 0 0 0 0 0 0 0 0 0 0 0 0 0 0 0 0 0 0 0 0 0 0 1 0 0 0 0 0 0 0 0 0 0 0 0 0 0 0 0 0 0 0 0 0]
[2361342246514106915130924385344046097090620111995321003320148817657367029246045332965000717039937778627925363077329457343622858145024338952359045846957901033728310904235263975579696693717143382354952376555448950375604261358214657126055729900206794456660087971450096 0 0 0 0 0 0 0 0 0 0 0 0 0 0 0 0 0 0 0 0 0 0 0 0 0 0 0 0 0 0 0 0 0 0 0 0 0 0 0 0 0 0 0 0 0 0 0 0 0 0 0 0 0 0 0 0 0 0 0 0 0 0 0 0 0 0 1 0 0 0 0 0 0 0 0 0 0 0 0 0 0 0 0 0 0 0 0]
[1478438265269349078371531487343636289395037008974430282364121396459583507860567848948266405962863348061519429544994298371669162968136083121476393844805790490068381872191391859584034265529774755041769029272640334633458512370438670948828072222270868184969188691086467 0 0 0 0 0 0 0 0 0 0 0 0 0 0 0 0 0 0 0 0 0 0 0 0 0 0 0 0 0 0 0 0 0 0 0 0 0 0 0 0 0 0 0 0 0 0 0 0 0 0 0 0 0 0 0 0 0 0 0 0 0 0 0 0 0 0 0 1 0 0 0 0 0 0 0 0 0 0 0 0 0 0 0 0 0 0 0]
[3299492897965509160368643141688516397208989121897318333994512582743063976208412538172940807236715094393398195697275970749463194957045636971592577194923669853989268686196646253329326908028797596928062757026806858290245592241596405350650142836285790884325690496244798 0 0 0 0 0 0 0 0 0 0 0 0 0 0 0 0 0 0 0 0 0 0 0 0 0 0 0 0 0 0 0 0 0 0 0 0 0 0 0 0 0 0 0 0 0 0 0 0 0 0 0 0 0 0 0 0 0 0 0 0 0 0 0 0 0 0 0 0 1 0 0 0 0 0 0 0 0 0 0 0 0 0 0 0 0 0 0]
[525804573913439495707890186511469080974323146214095369926990980624657178725162254120289189416192734630405032636619305046673668593877253495611988353328752203516567485008700857626242229469319337674638109985676669272341416321924366300530742722233408762439715630346251 0 0 0 0 0 0 0 0 0 0 0 0 0 0 0 0 0 0 0 0 0 0 0 0 0 0 0 0 0 0 0 0 0 0 0 0 0 0 0 0 0 0 0 0 0 0 0 0 0 0 0 0 0 0 0 0 0 0 0 0 0 0 0 0 0 0 0 0 0 1 0 0 0 0 0 0 0 0 0 0 0 0 0 0 0 0 0]
[312491108806556569874205978627159827148779038852792201032871220746650613438780161186650510200301611410114428931739545553453079539948213843737157964938538803019420626306927887468641303317596335859592272363632781788965557015918828241423991619035350542285851376402112 0 0 0 0 0 0 0 0 0 0 0 0 0 0 0 0 0 0 0 0 0 0 0 0 0 0 0 0 0 0 0 0 0 0 0 0 0 0 0 0 0 0 0 0 0 0 0 0 0 0 0 0 0 0 0 0 0 0 0 0 0 0 0 0 0 0 0 0 0 0 1 0 0 0 0 0 0 0 0 0 0 0 0 0 0 0 0]
[1232779726347067126348697899186439875838951087238112395427039912148193283029043290594787418990975919477223973289479012887679757196225178107966630453939283301398809427183582931799826472762159043715545083627638017124253005710722909460284837586952989194487512431020370 0 0 0 0 0 0 0 0 0 0 0 0 0 0 0 0 0 0 0 0 0 0 0 0 0 0 0 0 0 0 0 0 0 0 0 0 0 0 0 0 0 0 0 0 0 0 0 0 0 0 0 0 0 0 0 0 0 0 0 0 0 0 0 0 0 0 0 0 0 0 0 1 0 0 0 0 0 0 0 0 0 0 0 0 0 0 0]
[3167213512834242681191244951295449310795053708334668545705624258227227378671847326872151495011877850507468999922407383747711617404833440633892720529807859708641476581500419336190932704755293729645462677171100565892570177574663424498227413419391012182910999901090099 0 0 0 0 0 0 0 0 0 0 0 0 0 0 0 0 0 0 0 0 0 0 0 0 0 0 0 0 0 0 0 0 0 0 0 0 0 0 0 0 0 0 0 0 0 0 0 0 0 0 0 0 0 0 0 0 0 0 0 0 0 0 0 0 0 0 0 0 0 0 0 0 1 0 0 0 0 0 0 0 0 0 0 0 0 0 0]
[4554887638760875732167860529604015710494782316439442259140129899798885679295605965857573961195984034850509691150833595930300125590257793866257580127528798975916537511532272005491075262534660449468441145194627850306380768157049317070347186607879858838826966765455008 0 0 0 0 0 0 0 0 0 0 0 0 0 0 0 0 0 0 0 0 0 0 0 0 0 0 0 0 0 0 0 0 0 0 0 0 0 0 0 0 0 0 0 0 0 0 0 0 0 0 0 0 0 0 0 0 0 0 0 0 0 0 0 0 0 0 0 0 0 0 0 0 0 1 0 0 0 0 0 0 0 0 0 0 0 0 0]
[3850655602016918304038709780592919842385706974376821731750327975664266691020462966447411218874585203488431616275790678361853193001819259975998484442610890776032770862333675377641928087139201116511566662820148941351381637083409283339596366853412508333248862556527965 0 0 0 0 0 0 0 0 0 0 0 0 0 0 0 0 0 0 0 0 0 0 0 0 0 0 0 0 0 0 0 0 0 0 0 0 0 0 0 0 0 0 0 0 0 0 0 0 0 0 0 0 0 0 0 0 0 0 0 0 0 0 0 0 0 0 0 0 0 0 0 0 0 0 1 0 0 0 0 0 0 0 0 0 0 0 0]
[3767274095645160688878190717230584355168266996127389676889796120685513160035263616303627016499499461160135469046093179485940636343207130214235386312260560908805878592929670027335112921988817774405306845753232705748762630789521692605845629860878393712633382305302468 0 0 0 0 0 0 0 0 0 0 0 0 0 0 0 0 0 0 0 0 0 0 0 0 0 0 0 0 0 0 0 0 0 0 0 0 0 0 0 0 0 0 0 0 0 0 0 0 0 0 0 0 0 0 0 0 0 0 0 0 0 0 0 0 0 0 0 0 0 0 0 0 0 0 0 1 0 0 0 0 0 0 0 0 0 0 0]
[4860588935565235467177080241979514754894792492950149891805395076177401511331495522248992450442365564197073334627664657705234453569198039065991456355643000015350931474974358111840072582363117455550331098986439740168382107344458535880082474169058222011466190947534099 0 0 0 0 0 0 0 0 0 0 0 0 0 0 0 0 0 0 0 0 0 0 0 0 0 0 0 0 0 0 0 0 0 0 0 0 0 0 0 0 0 0 0 0 0 0 0 0 0 0 0 0 0 0 0 0 0 0 0 0 0 0 0 0 0 0 0 0 0 0 0 0 0 0 0 0 1 0 0 0 0 0 0 0 0 0 0]
[1461778622727448770993124627498272332552533406908668354887920870894678293450030844119646169308135469121726275184616721539415568845238820503097301106588054877277842770694013120349622058814882250170528665833726267292870384626001471639555916610719367395966618710046345 0 0 0 0 0 0 0 0 0 0 0 0 0 0 0 0 0 0 0 0 0 0 0 0 0 0 0 0 0 0 0 0 0 0 0 0 0 0 0 0 0 0 0 0 0 0 0 0 0 0 0 0 0 0 0 0 0 0 0 0 0 0 0 0 0 0 0 0 0 0 0 0 0 0 0 0 0 1 0 0 0 0 0 0 0 0 0]
[4662140016281765297411230136334916314515208436503960698582683586694851587323984971886551333541167743424989696687024811734284659444758193794892585024679149405815846207455800463918533931158177020600473856848713720480263190134831236796894943507515516194369131199023649 0 0 0 0 0 0 0 0 0 0 0 0 0 0 0 0 0 0 0 0 0 0 0 0 0 0 0 0 0 0 0 0 0 0 0 0 0 0 0 0 0 0 0 0 0 0 0 0 0 0 0 0 0 0 0 0 0 0 0 0 0 0 0 0 0 0 0 0 0 0 0 0 0 0 0 0 0 0 1 0 0 0 0 0 0 0 0]
[1867507538887691598182106294502402536338294062624765015267615150525732901282134068287351437427896973701695708336840526843826316953736629609608969618416837574808187555414499077372991116004838324824332945182800689661599350485450691325290222702265582033656195925577728 0 0 0 0 0 0 0 0 0 0 0 0 0 0 0 0 0 0 0 0 0 0 0 0 0 0 0 0 0 0 0 0 0 0 0 0 0 0 0 0 0 0 0 0 0 0 0 0 0 0 0 0 0 0 0 0 0 0 0 0 0 0 0 0 0 0 0 0 0 0 0 0 0 0 0 0 0 0 0 1 0 0 0 0 0 0 0]
[3947171342761590786160582757808773121645560226423652619293653494705933084942954291225099424185153179272989307526221597573433842533368651706810681946540619169356859922612002303679525785280822508979409826593535524496024064342625332503520601070244926943309820306142563 0 0 0 0 0 0 0 0 0 0 0 0 0 0 0 0 0 0 0 0 0 0 0 0 0 0 0 0 0 0 0 0 0 0 0 0 0 0 0 0 0 0 0 0 0 0 0 0 0 0 0 0 0 0 0 0 0 0 0 0 0 0 0 0 0 0 0 0 0 0 0 0 0 0 0 0 0 0 0 0 1 0 0 0 0 0 0]
[3108218194737442362937649788596860165866433769243320905923761097777481957907389472459832331635204323387859479253614463561943318613651365904833569228709941586055176012115334192545051847358433672656474765075501418228848251269852250240196603649288496590746934023165641 0 0 0 0 0 0 0 0 0 0 0 0 0 0 0 0 0 0 0 0 0 0 0 0 0 0 0 0 0 0 0 0 0 0 0 0 0 0 0 0 0 0 0 0 0 0 0 0 0 0 0 0 0 0 0 0 0 0 0 0 0 0 0 0 0 0 0 0 0 0 0 0 0 0 0 0 0 0 0 0 0 1 0 0 0 0 0]
[1466763356114240875481099385759240565945134256046374469611883059292666277872309019550246580346507243936103657911305040694466666312389029390981378983987755911361850594128843565053151449451180958748561996856409200213621412508367017748847261943835790286785054466631010 0 0 0 0 0 0 0 0 0 0 0 0 0 0 0 0 0 0 0 0 0 0 0 0 0 0 0 0 0 0 0 0 0 0 0 0 0 0 0 0 0 0 0 0 0 0 0 0 0 0 0 0 0 0 0 0 0 0 0 0 0 0 0 0 0 0 0 0 0 0 0 0 0 0 0 0 0 0 0 0 0 0 1 0 0 0 0]
[3464331845734602402624301672835105679703985594211201998812476259953525105733756422183661941899687430262881192361007048392235000620245852509492812261774660045214806880765061412471209559221992128657260526318373726371419194661761446575859893381910467235977374702085265 0 0 0 0 0 0 0 0 0 0 0 0 0 0 0 0 0 0 0 0 0 0 0 0 0 0 0 0 0 0 0 0 0 0 0 0 0 0 0 0 0 0 0 0 0 0 0 0 0 0 0 0 0 0 0 0 0 0 0 0 0 0 0 0 0 0 0 0 0 0 0 0 0 0 0 0 0 0 0 0 0 0 0 1 0 0 0]
[398514215003700519809834901524018170345335283298479366870029506977196535778026804575316856181724359160493404898630337621984918645803716356200709674311853906377287235075038857728640535088457014396956677742327280141238982284262626257225407612389020579123407492832740 0 0 0 0 0 0 0 0 0 0 0 0 0 0 0 0 0 0 0 0 0 0 0 0 0 0 0 0 0 0 0 0 0 0 0 0 0 0 0 0 0 0 0 0 0 0 0 0 0 0 0 0 0 0 0 0 0 0 0 0 0 0 0 0 0 0 0 0 0 0 0 0 0 0 0 0 0 0 0 0 0 0 0 0 1 0 0]
[1070576195447755181036375162008935125289840746607806402469198384507143316552976842226739868207567845005362054060539199456306799832200900771940327432613153428586589215664323973503788137825429022103427391431462391744478647057086957695925046636617524023267581382360290 0 0 0 0 0 0 0 0 0 0 0 0 0 0 0 0 0 0 0 0 0 0 0 0 0 0 0 0 0 0 0 0 0 0 0 0 0 0 0 0 0 0 0 0 0 0 0 0 0 0 0 0 0 0 0 0 0 0 0 0 0 0 0 0 0 0 0 0 0 0 0 0 0 0 0 0 0 0 0 0 0 0 0 0 0 1 0]
[4872823527829844498952854764001171386815893390532697900901596329093516269824466133195281089583745496256092131350907660447482462523061933006738034609099502877049084662322303169157063679756904058404356402225601616691632828166649937648677520574687422193694077192751643 0 0 0 0 0 0 0 0 0 0 0 0 0 0 0 0 0 0 0 0 0 0 0 0 0 0 0 0 0 0 0 0 0 0 0 0 0 0 0 0 0 0 0 0 0 0 0 0 0 0 0 0 0 0 0 0 0 0 0 0 0 0 0 0 0 0 0 0 0 0 0 0 0 0 0 0 0 0 0 0 0 0 0 0 0 0 1]
]
