[[5677052201596946954615861771220615382818957521525986046205587980358399075325104148369022991717008062513881626340232091474981691129386316348510746707764650234507755244104268912741096648658748610902982418185550922140975326089647264134223758719347727842027 0 0 0 0 0 0 0 0 0 0 0 0 0 0 0 0 0 0 0 0 0 0 0 0 0 0 0 0 0 0 0 0 0 0 0 0 0 0 0 0 0 0 0 0 0 0 0 0 0 0 0 0 0 0 0 0 0 0 0 0 0 0 0 0 0 0 0 0 0 0 0 0 0 0 0 0 0 0 0 0 0 0 0]
[2911952259072477996720403048967514091703962177300973131106451608860230925566147532405052552922036166856843375890786555975887295628464017269776904107961689351676825929750885103613381741220034149049736939518315275919809467777392038638816096147120142626270 1 0 0 0 0 0 0 0 0 0 0 0 0 0 0 0 0 0 0 0 0 0 0 0 0 0 0 0 0 0 0 0 0 0 0 0 0 0 0 0 0 0 0 0 0 0 0 0 0 0 0 0 0 0 0 0 0 0 0 0 0 0 0 0 0 0 0 0 0 0 0 0 0 0 0 0 0 0 0 0 0 0 0]
[1803144727163361793515412330672407437158078170523885884889147585490267185949934247500771594534141295539712596969110827351794917116850424826788905531542513244718584096448107154116987621322451756588048139626276954299550935594520169251091488555014373140813 0 1 0 0 0 0 0 0 0 0 0 0 0 0 0 0 0 0 0 0 0 0 0 0 0 0 0 0 0 0 0 0 0 0 0 0 0 0 0 0 0 0 0 0 0 0 0 0 0 0 0 0 0 0 0 0 0 0 0 0 0 0 0 0 0 0 0 0 0 0 0 0 0 0 0 0 0 0 0 0 0 0 0]
[3670477719845771526976427940299464298377543976311786450689833368036866296502379584992304368216546891002270373667727011629395280527490947429500641766329763935423921989467322833478893342736235847364799018067133147617560090192393762728154971151146769933730 0 0 1 0 0 0 0 0 0 0 0 0 0 0 0 0 0 0 0 0 0 0 0 0 0 0 0 0 0 0 0 0 0 0 0 0 0 0 0 0 0 0 0 0 0 0 0 0 0 0 0 0 0 0 0 0 0 0 0 0 0 0 0 0 0 0 0 0 0 0 0 0 0 0 0 0 0 0 0 0 0 0 0]
[847545268861498960509836130647451875272718145859209158817183070165960378175824473692557572244063032412390795777385063259194221490644973763810643260271446607692188838264657155966048758220156741475795881245878502442688440716091357441665190967156365631133 0 0 0 1 0 0 0 0 0 0 0 0 0 0 0 0 0 0 0 0 0 0 0 0 0 0 0 0 0 0 0 0 0 0 0 0 0 0 0 0 0 0 0 0 0 0 0 0 0 0 0 0 0 0 0 0 0 0 0 0 0 0 0 0 0 0 0 0 0 0 0 0 0 0 0 0 0 0 0 0 0 0 0]
[1141316494337702967331805934695659691286455673997161266652570191067216803202553463532795181987828676344782158624912760291973423593020524815723815243520907860865016618281526202489730781828939617336769426341977418167834121936326242954216153838071413652735 0 0 0 0 1 0 0 0 0 0 0 0 0 0 0 0 0 0 0 0 0 0 0 0 0 0 0 0 0 0 0 0 0 0 0 0 0 0 0 0 0 0 0 0 0 0 0 0 0 0 0 0 0 0 0 0 0 0 0 0 0 0 0 0 0 0 0 0 0 0 0 0 0 0 0 0 0 0 0 0 0 0 0]
[4893471823722383749634400347854267296956337452049730277538296599936485842985333810545500848195300697097880487419618385252751480993342275760574217092029031235333914388417105833898340866663031635682783753659387064721693784970015404730457920864614455220904 0 0 0 0 0 1 0 0 0 0 0 0 0 0 0 0 0 0 0 0 0 0 0 0 0 0 0 0 0 0 0 0 0 0 0 0 0 0 0 0 0 0 0 0 0 0 0 0 0 0 0 0 0 0 0 0 0 0 0 0 0 0 0 0 0 0 0 0 0 0 0 0 0 0 0 0 0 0 0 0 0 0 0]
[4705431804864863935429376554770544056141068292895373115932707380307301162422883989003037026266826286509352469854260620718089816396356201101818832099270215756283476410431483409411894025415236300554188171992584097854713168745458997310911359510318859882861 0 0 0 0 0 0 1 0 0 0 0 0 0 0 0 0 0 0 0 0 0 0 0 0 0 0 0 0 0 0 0 0 0 0 0 0 0 0 0 0 0 0 0 0 0 0 0 0 0 0 0 0 0 0 0 0 0 0 0 0 0 0 0 0 0 0 0 0 0 0 0 0 0 0 0 0 0 0 0 0 0 0 0]
[4859878810757621222989698057483903028164975166659695480139154225219652233125137155818226987134281166142250582784472729610013302384648762712094967278663237685919445218367040347644867681147559114586974548966079702165707284084634728032612472678998167931531 0 0 0 0 0 0 0 1 0 0 0 0 0 0 0 0 0 0 0 0 0 0 0 0 0 0 0 0 0 0 0 0 0 0 0 0 0 0 0 0 0 0 0 0 0 0 0 0 0 0 0 0 0 0 0 0 0 0 0 0 0 0 0 0 0 0 0 0 0 0 0 0 0 0 0 0 0 0 0 0 0 0 0]
[3254710276542007885119929078367253245858463235517303796631708392949295191254315906628187779139977045640588872567488507162186972991624776600658613262232223982012682192625361435542125072722890457893692429838563864926969593911673514690777166602192097854620 0 0 0 0 0 0 0 0 1 0 0 0 0 0 0 0 0 0 0 0 0 0 0 0 0 0 0 0 0 0 0 0 0 0 0 0 0 0 0 0 0 0 0 0 0 0 0 0 0 0 0 0 0 0 0 0 0 0 0 0 0 0 0 0 0 0 0 0 0 0 0 0 0 0 0 0 0 0 0 0 0 0 0]
[4776670109658967495016044357727975617695924178675914249266575403785856848354735576812754606427965714279282196089269252759923006251892780073004612312420908797706893930173738306825752176294337296787785366677605797786278825209003870872531227221533816162864 0 0 0 0 0 0 0 0 0 1 0 0 0 0 0 0 0 0 0 0 0 0 0 0 0 0 0 0 0 0 0 0 0 0 0 0 0 0 0 0 0 0 0 0 0 0 0 0 0 0 0 0 0 0 0 0 0 0 0 0 0 0 0 0 0 0 0 0 0 0 0 0 0 0 0 0 0 0 0 0 0 0 0]
[10454243214068272827925028817252194016636134079646210044033971410063512579779622698832214806196434246254096007670871951891508690837922075112428611370270090954620659141158985920807311184158219468256076756985852903828915581782418830003250594348867027206 0 0 0 0 0 0 0 0 0 0 1 0 0 0 0 0 0 0 0 0 0 0 0 0 0 0 0 0 0 0 0 0 0 0 0 0 0 0 0 0 0 0 0 0 0 0 0 0 0 0 0 0 0 0 0 0 0 0 0 0 0 0 0 0 0 0 0 0 0 0 0 0 0 0 0 0 0 0 0 0 0 0 0]
[4158283649564512110116787780579591495385868295322167990085170084290544520540746622492095441382804937592114251401657115214182697276884330529463996478083696687098384116607422291963597889523491269691052494324586245429972209157532246787774126341192491693751 0 0 0 0 0 0 0 0 0 0 0 1 0 0 0 0 0 0 0 0 0 0 0 0 0 0 0 0 0 0 0 0 0 0 0 0 0 0 0 0 0 0 0 0 0 0 0 0 0 0 0 0 0 0 0 0 0 0 0 0 0 0 0 0 0 0 0 0 0 0 0 0 0 0 0 0 0 0 0 0 0 0 0]
[1536346608054494391496615469958151381267421051357941111755730529139687370089001098170224024015825788925487216482675676868835928471724434178708788749699700235991845927499105856674468720622408500441604776128968009096310697880051312398719712107922932184293 0 0 0 0 0 0 0 0 0 0 0 0 1 0 0 0 0 0 0 0 0 0 0 0 0 0 0 0 0 0 0 0 0 0 0 0 0 0 0 0 0 0 0 0 0 0 0 0 0 0 0 0 0 0 0 0 0 0 0 0 0 0 0 0 0 0 0 0 0 0 0 0 0 0 0 0 0 0 0 0 0 0 0]
[801454805019189620595060440863939147572446727112558489988107867769195071250449949295296158027607934564459717598913228813115484524746176551716798960132473965463052735572789480754072806442491479718996948170433144902741436499920346208158651687899296948379 0 0 0 0 0 0 0 0 0 0 0 0 0 1 0 0 0 0 0 0 0 0 0 0 0 0 0 0 0 0 0 0 0 0 0 0 0 0 0 0 0 0 0 0 0 0 0 0 0 0 0 0 0 0 0 0 0 0 0 0 0 0 0 0 0 0 0 0 0 0 0 0 0 0 0 0 0 0 0 0 0 0 0]
[4942429438804338046763621418961443073926065717287526809255033971241375911736674290778398059830091833229766133927955664429151789043827496665561558340931934788072858036603785495954049563838001151030209170927132898859564545589433341083941337149471572484208 0 0 0 0 0 0 0 0 0 0 0 0 0 0 1 0 0 0 0 0 0 0 0 0 0 0 0 0 0 0 0 0 0 0 0 0 0 0 0 0 0 0 0 0 0 0 0 0 0 0 0 0 0 0 0 0 0 0 0 0 0 0 0 0 0 0 0 0 0 0 0 0 0 0 0 0 0 0 0 0 0 0 0]
[120255634293528006601528494116728728941393248538865107485240113584258188501485662384827569305776732252550125297735606345264522451705447873977704690760068390611804165250276701754218720740812114306863166579730862246127921862242137874791810649384935798225 0 0 0 0 0 0 0 0 0 0 0 0 0 0 0 1 0 0 0 0 0 0 0 0 0 0 0 0 0 0 0 0 0 0 0 0 0 0 0 0 0 0 0 0 0 0 0 0 0 0 0 0 0 0 0 0 0 0 0 0 0 0 0 0 0 0 0 0 0 0 0 0 0 0 0 0 0 0 0 0 0 0 0]
[4484323208855143505710009611636391562477276662432658961898156423256433334616427103069414623343649787886603336617968549341378688913581383185956714384175901577886041331073686919381382883684282167945128526879452068160679551559418457776397949145576593388002 0 0 0 0 0 0 0 0 0 0 0 0 0 0 0 0 1 0 0 0 0 0 0 0 0 0 0 0 0 0 0 0 0 0 0 0 0 0 0 0 0 0 0 0 0 0 0 0 0 0 0 0 0 0 0 0 0 0 0 0 0 0 0 0 0 0 0 0 0 0 0 0 0 0 0 0 0 0 0 0 0 0 0]
[3453716582198402879912465341710021501319102019871360699114698616930217414840780869833344642068799603378057580010779305646467305630354789110431259308226036143930930656115168014349384128976610100470006546152410652851875444630465958891251933671097318395554 0 0 0 0 0 0 0 0 0 0 0 0 0 0 0 0 0 1 0 0 0 0 0 0 0 0 0 0 0 0 0 0 0 0 0 0 0 0 0 0 0 0 0 0 0 0 0 0 0 0 0 0 0 0 0 0 0 0 0 0 0 0 0 0 0 0 0 0 0 0 0 0 0 0 0 0 0 0 0 0 0 0 0]
[1253565504947426838289817947993700647706389925563791754216452491429529481273426188017146175408528150283877579722625288432978703689487637716249542036136517231940532682399340966832151297342910238522285009601594160363162049584964488376577950405156507397740 0 0 0 0 0 0 0 0 0 0 0 0 0 0 0 0 0 0 1 0 0 0 0 0 0 0 0 0 0 0 0 0 0 0 0 0 0 0 0 0 0 0 0 0 0 0 0 0 0 0 0 0 0 0 0 0 0 0 0 0 0 0 0 0 0 0 0 0 0 0 0 0 0 0 0 0 0 0 0 0 0 0 0]
[1298887909219368144252562600641357517223913966707303457581314142258502489164938217945408478166646566011061272667220618151985970159781322552449741280820512441644733822867156146203569110859463403678781406174781251889868313792101275190721630916682015715498 0 0 0 0 0 0 0 0 0 0 0 0 0 0 0 0 0 0 0 1 0 0 0 0 0 0 0 0 0 0 0 0 0 0 0 0 0 0 0 0 0 0 0 0 0 0 0 0 0 0 0 0 0 0 0 0 0 0 0 0 0 0 0 0 0 0 0 0 0 0 0 0 0 0 0 0 0 0 0 0 0 0 0]
[2420151738409797923789334409103694869282375946562277276692820469617816022563434580653384665311108036134616123486775239289722488098367726344903959804317275262606082669001592979722927788527073726853087359664264532518633566046050985161348747756996434741331 0 0 0 0 0 0 0 0 0 0 0 0 0 0 0 0 0 0 0 0 1 0 0 0 0 0 0 0 0 0 0 0 0 0 0 0 0 0 0 0 0 0 0 0 0 0 0 0 0 0 0 0 0 0 0 0 0 0 0 0 0 0 0 0 0 0 0 0 0 0 0 0 0 0 0 0 0 0 0 0 0 0 0]
[3684328546258221918368673918195417826619377774748105935598354731622907454540292273276138825354795067712053293019241544490245902235963152464651206598757614220810754626818034406616780984689703357455019359609545308026932731103257624345827602895231770762646 0 0 0 0 0 0 0 0 0 0 0 0 0 0 0 0 0 0 0 0 0 1 0 0 0 0 0 0 0 0 0 0 0 0 0 0 0 0 0 0 0 0 0 0 0 0 0 0 0 0 0 0 0 0 0 0 0 0 0 0 0 0 0 0 0 0 0 0 0 0 0 0 0 0 0 0 0 0 0 0 0 0 0]
[2698320293435104206818807237693164322105967395693585797330415171734930508448069642515965916329025566644257104790295504833280941892364639182928207023436375064826949349515307096468516484771392998935962842983238014691556116003276624450751218238603762503947 0 0 0 0 0 0 0 0 0 0 0 0 0 0 0 0 0 0 0 0 0 0 1 0 0 0 0 0 0 0 0 0 0 0 0 0 0 0 0 0 0 0 0 0 0 0 0 0 0 0 0 0 0 0 0 0 0 0 0 0 0 0 0 0 0 0 0 0 0 0 0 0 0 0 0 0 0 0 0 0 0 0 0]
[4794415938470144546523022570571345655057571986176428846601017465585590831132747571437033528793646400510718210093520906819915268597445287115347460340359699639850830932156906447819108157129221858713674932762878921712271488065814091798502745421913940894615 0 0 0 0 0 0 0 0 0 0 0 0 0 0 0 0 0 0 0 0 0 0 0 1 0 0 0 0 0 0 0 0 0 0 0 0 0 0 0 0 0 0 0 0 0 0 0 0 0 0 0 0 0 0 0 0 0 0 0 0 0 0 0 0 0 0 0 0 0 0 0 0 0 0 0 0 0 0 0 0 0 0 0]
[132684826178253574770738301988465309790036817698780214162512751400966506523788960622953490084158483841928688446682087258146369075698927530280953076465807213429164892913741429350623551826170300101381026395897318295755591266828907520169479887856823465745 0 0 0 0 0 0 0 0 0 0 0 0 0 0 0 0 0 0 0 0 0 0 0 0 1 0 0 0 0 0 0 0 0 0 0 0 0 0 0 0 0 0 0 0 0 0 0 0 0 0 0 0 0 0 0 0 0 0 0 0 0 0 0 0 0 0 0 0 0 0 0 0 0 0 0 0 0 0 0 0 0 0 0]
[5111433468730594038419436401896051575410063176385670612860126468155667721551500827334676114359489644050463745088980791617326101052316280534769006145214748695668654712022343729013935500752596495957265746410602888910395572643985663256189651879387972410147 0 0 0 0 0 0 0 0 0 0 0 0 0 0 0 0 0 0 0 0 0 0 0 0 0 1 0 0 0 0 0 0 0 0 0 0 0 0 0 0 0 0 0 0 0 0 0 0 0 0 0 0 0 0 0 0 0 0 0 0 0 0 0 0 0 0 0 0 0 0 0 0 0 0 0 0 0 0 0 0 0 0 0]
[4440004707485209535975932466690686471115388794448358907522614275694893092282528878564342174655300718250752614899811152019726894346047666506064891167867304706321602394271110098830165849196393738189439258213770981092944211813734710359329127724850793301337 0 0 0 0 0 0 0 0 0 0 0 0 0 0 0 0 0 0 0 0 0 0 0 0 0 0 1 0 0 0 0 0 0 0 0 0 0 0 0 0 0 0 0 0 0 0 0 0 0 0 0 0 0 0 0 0 0 0 0 0 0 0 0 0 0 0 0 0 0 0 0 0 0 0 0 0 0 0 0 0 0 0 0]
[1114812362325365949062968574012669621079639058702846467207815543692115272300029110924836322514138435012323540998975258834273226037357120779766804884705149027037020716098685765813930263875532994469245330417315910330225200302193541381671057772527291858603 0 0 0 0 0 0 0 0 0 0 0 0 0 0 0 0 0 0 0 0 0 0 0 0 0 0 0 1 0 0 0 0 0 0 0 0 0 0 0 0 0 0 0 0 0 0 0 0 0 0 0 0 0 0 0 0 0 0 0 0 0 0 0 0 0 0 0 0 0 0 0 0 0 0 0 0 0 0 0 0 0 0 0]
[331859692982572564621721147223278557473987031130983716785720909377894012628612178536056129553837624761430134234418795516137528187129247134099136380334159248802148589425434842749182976010073137021356716927716956165105954282003897558823588565429255437483 0 0 0 0 0 0 0 0 0 0 0 0 0 0 0 0 0 0 0 0 0 0 0 0 0 0 0 0 1 0 0 0 0 0 0 0 0 0 0 0 0 0 0 0 0 0 0 0 0 0 0 0 0 0 0 0 0 0 0 0 0 0 0 0 0 0 0 0 0 0 0 0 0 0 0 0 0 0 0 0 0 0 0]
[1544739324084477634619649067310410278128777800466427504088785455162207986401376900147347211890291979365839121091221670970004578581730201205353177665528963524189597353673508374580036445727855897993460445271547358585213889088466348327361975025253549516240 0 0 0 0 0 0 0 0 0 0 0 0 0 0 0 0 0 0 0 0 0 0 0 0 0 0 0 0 0 1 0 0 0 0 0 0 0 0 0 0 0 0 0 0 0 0 0 0 0 0 0 0 0 0 0 0 0 0 0 0 0 0 0 0 0 0 0 0 0 0 0 0 0 0 0 0 0 0 0 0 0 0 0]
[3786858281203742803656254662482514370317823811155217886698709616988005663531562430353218194550296654508290074658867493635746523907660838761042202731197853306329641862593773986133620641312069732125628384263387262893374113813587413969418799185065099734240 0 0 0 0 0 0 0 0 0 0 0 0 0 0 0 0 0 0 0 0 0 0 0 0 0 0 0 0 0 0 1 0 0 0 0 0 0 0 0 0 0 0 0 0 0 0 0 0 0 0 0 0 0 0 0 0 0 0 0 0 0 0 0 0 0 0 0 0 0 0 0 0 0 0 0 0 0 0 0 0 0 0 0]
[3201852174182634100411254141029190391245235909536492287604952440366508236979816630336667113755465936416112015380701524062839007771562030455184952967478635203780370613133956838288692440316406227583419802457641085986047959077730537500456546563491721400897 0 0 0 0 0 0 0 0 0 0 0 0 0 0 0 0 0 0 0 0 0 0 0 0 0 0 0 0 0 0 0 1 0 0 0 0 0 0 0 0 0 0 0 0 0 0 0 0 0 0 0 0 0 0 0 0 0 0 0 0 0 0 0 0 0 0 0 0 0 0 0 0 0 0 0 0 0 0 0 0 0 0 0]
[268448861272493167684973782292013336213690233976144176351822856092479091766882911733446568954736184484147954645624336497187271951190802924545323996298903635945514789054775232680634160557758769979945872349119275621287526377696177540846305185494556397930 0 0 0 0 0 0 0 0 0 0 0 0 0 0 0 0 0 0 0 0 0 0 0 0 0 0 0 0 0 0 0 0 1 0 0 0 0 0 0 0 0 0 0 0 0 0 0 0 0 0 0 0 0 0 0 0 0 0 0 0 0 0 0 0 0 0 0 0 0 0 0 0 0 0 0 0 0 0 0 0 0 0 0]
[3032528615210196703321139998557385420978710155796995909029590480639805902003977602174663129209347627614583467204828651877361807267568119274300153913023166813397888621897896600788308549008872368089214288638519205552709417234957575536541946773073976082765 0 0 0 0 0 0 0 0 0 0 0 0 0 0 0 0 0 0 0 0 0 0 0 0 0 0 0 0 0 0 0 0 0 1 0 0 0 0 0 0 0 0 0 0 0 0 0 0 0 0 0 0 0 0 0 0 0 0 0 0 0 0 0 0 0 0 0 0 0 0 0 0 0 0 0 0 0 0 0 0 0 0 0]
[3898976173915220443472870992574615650380761904433239651061291882346577554175872520904647383888483003379529392865576902008299334807875451702753550733722389817574959557025265791398538837423372590682092686970473209360939540316705905678427479889647845590296 0 0 0 0 0 0 0 0 0 0 0 0 0 0 0 0 0 0 0 0 0 0 0 0 0 0 0 0 0 0 0 0 0 0 1 0 0 0 0 0 0 0 0 0 0 0 0 0 0 0 0 0 0 0 0 0 0 0 0 0 0 0 0 0 0 0 0 0 0 0 0 0 0 0 0 0 0 0 0 0 0 0 0]
[4671320179175691443755951570419640351453605240628954859617178364199999449422020771916310393924770315528811989640588484263072244663470950780643515858217594847815075693984055720444410242300772804643493244797493807276817569692753290052303674646443258159896 0 0 0 0 0 0 0 0 0 0 0 0 0 0 0 0 0 0 0 0 0 0 0 0 0 0 0 0 0 0 0 0 0 0 0 1 0 0 0 0 0 0 0 0 0 0 0 0 0 0 0 0 0 0 0 0 0 0 0 0 0 0 0 0 0 0 0 0 0 0 0 0 0 0 0 0 0 0 0 0 0 0 0]
[3050823963981710092840803410040330175451593963284838721651303446142155554470896361789329509264746379886236979131063784124474514555818041666851822313106832844630091268248848776854877744115252073580434883006628638315554040399219959328711717916644240940270 0 0 0 0 0 0 0 0 0 0 0 0 0 0 0 0 0 0 0 0 0 0 0 0 0 0 0 0 0 0 0 0 0 0 0 0 1 0 0 0 0 0 0 0 0 0 0 0 0 0 0 0 0 0 0 0 0 0 0 0 0 0 0 0 0 0 0 0 0 0 0 0 0 0 0 0 0 0 0 0 0 0 0]
[4714954157294220154881441990130591965443494066599344902097689721726019339209443215994991529809578191818886656736639853279820159478504915630383279085657225811173823185816630822852571963874450973971159271054831145956223802011321817251380927803270682394759 0 0 0 0 0 0 0 0 0 0 0 0 0 0 0 0 0 0 0 0 0 0 0 0 0 0 0 0 0 0 0 0 0 0 0 0 0 1 0 0 0 0 0 0 0 0 0 0 0 0 0 0 0 0 0 0 0 0 0 0 0 0 0 0 0 0 0 0 0 0 0 0 0 0 0 0 0 0 0 0 0 0 0]
[2682934066600448877368755346136565629448034793765940869093263117330530044948975847586947368742276417027247923433921669165744791187880656707828555638147193552153708605749512227754931788277301844384192518878364260209017097270182631849695740598844046398319 0 0 0 0 0 0 0 0 0 0 0 0 0 0 0 0 0 0 0 0 0 0 0 0 0 0 0 0 0 0 0 0 0 0 0 0 0 0 1 0 0 0 0 0 0 0 0 0 0 0 0 0 0 0 0 0 0 0 0 0 0 0 0 0 0 0 0 0 0 0 0 0 0 0 0 0 0 0 0 0 0 0 0]
[4880737836809168296911292200143042759482135985641326847916574857713319826090500982014838948752974231206270562768983127418996446918533057987264404022135983046223097312450254462366085570169927906743896244501814009541164609377948315155374081350371080695846 0 0 0 0 0 0 0 0 0 0 0 0 0 0 0 0 0 0 0 0 0 0 0 0 0 0 0 0 0 0 0 0 0 0 0 0 0 0 0 1 0 0 0 0 0 0 0 0 0 0 0 0 0 0 0 0 0 0 0 0 0 0 0 0 0 0 0 0 0 0 0 0 0 0 0 0 0 0 0 0 0 0 0]
[5000066933135369043750700281018513882072961986050528462777570759661686861836454230198922790606134324070910183063800244829900545233177259554248210634800202594450820904423587789150124786944986226538078950683149311069724707487481782337270073778976720307285 0 0 0 0 0 0 0 0 0 0 0 0 0 0 0 0 0 0 0 0 0 0 0 0 0 0 0 0 0 0 0 0 0 0 0 0 0 0 0 0 1 0 0 0 0 0 0 0 0 0 0 0 0 0 0 0 0 0 0 0 0 0 0 0 0 0 0 0 0 0 0 0 0 0 0 0 0 0 0 0 0 0 0]
[2742263516119691269915256655850963096388844315192909825998995167803918594613658866951945682955038417061592576043667870428732009834782413665806973274197042684244660485756021253546303576809626425349693009595853881530791602206299267962561257086110726764133 0 0 0 0 0 0 0 0 0 0 0 0 0 0 0 0 0 0 0 0 0 0 0 0 0 0 0 0 0 0 0 0 0 0 0 0 0 0 0 0 0 1 0 0 0 0 0 0 0 0 0 0 0 0 0 0 0 0 0 0 0 0 0 0 0 0 0 0 0 0 0 0 0 0 0 0 0 0 0 0 0 0 0]
[4748828238611422250157249923951313583070619550841635770750503951570366619941510981314258373273662649876457706403661965536755806487462783666917098073904610812328710475564506710164185342662642705836964171606804905093609219860201281319574879713328877219775 0 0 0 0 0 0 0 0 0 0 0 0 0 0 0 0 0 0 0 0 0 0 0 0 0 0 0 0 0 0 0 0 0 0 0 0 0 0 0 0 0 0 1 0 0 0 0 0 0 0 0 0 0 0 0 0 0 0 0 0 0 0 0 0 0 0 0 0 0 0 0 0 0 0 0 0 0 0 0 0 0 0 0]
[5035611162850653167156545812692221943185615117310111453357530144283616515698059549026696067873339934321910692337933259764565112224879583903519200941770961935320609187811826660102744623183740399534731299274368960060772963918490330262604282081279379803516 0 0 0 0 0 0 0 0 0 0 0 0 0 0 0 0 0 0 0 0 0 0 0 0 0 0 0 0 0 0 0 0 0 0 0 0 0 0 0 0 0 0 0 1 0 0 0 0 0 0 0 0 0 0 0 0 0 0 0 0 0 0 0 0 0 0 0 0 0 0 0 0 0 0 0 0 0 0 0 0 0 0 0]
[1254273373976592101071658280172658374672337155588083067422606455700276227178806135487439890026174261220422689235252572684803194376408516092541487220732787742878974255443279193176774500508866899683005595182204885138498208526337930918128477494812044109514 0 0 0 0 0 0 0 0 0 0 0 0 0 0 0 0 0 0 0 0 0 0 0 0 0 0 0 0 0 0 0 0 0 0 0 0 0 0 0 0 0 0 0 0 1 0 0 0 0 0 0 0 0 0 0 0 0 0 0 0 0 0 0 0 0 0 0 0 0 0 0 0 0 0 0 0 0 0 0 0 0 0 0]
[2544150887674578872661017300217421541500781984167434524681377176701518855544337521022037688207712076126631733522555269515098175977059520473258054310825947608807402256486497258892051391868247083718050041316209712817195734556742738607499216212472372196177 0 0 0 0 0 0 0 0 0 0 0 0 0 0 0 0 0 0 0 0 0 0 0 0 0 0 0 0 0 0 0 0 0 0 0 0 0 0 0 0 0 0 0 0 0 1 0 0 0 0 0 0 0 0 0 0 0 0 0 0 0 0 0 0 0 0 0 0 0 0 0 0 0 0 0 0 0 0 0 0 0 0 0]
[5066864411534621644003332601533372582437102577464199356624147959337062880762907406270663228584657708835302456299489920213807827259619930964760252957350201691259150021476065331443923744183672682488814687458133308382783201706073022695460654036760088476892 0 0 0 0 0 0 0 0 0 0 0 0 0 0 0 0 0 0 0 0 0 0 0 0 0 0 0 0 0 0 0 0 0 0 0 0 0 0 0 0 0 0 0 0 0 0 1 0 0 0 0 0 0 0 0 0 0 0 0 0 0 0 0 0 0 0 0 0 0 0 0 0 0 0 0 0 0 0 0 0 0 0 0]
[4005950198735257537076853225826739096387382968205922540531872913443241960305006358707757831658542371695122178007809977924278490493195467344424231277132455474180138106520009269577836323175819953494195059393283543795633053468714225489801892598043006342937 0 0 0 0 0 0 0 0 0 0 0 0 0 0 0 0 0 0 0 0 0 0 0 0 0 0 0 0 0 0 0 0 0 0 0 0 0 0 0 0 0 0 0 0 0 0 0 1 0 0 0 0 0 0 0 0 0 0 0 0 0 0 0 0 0 0 0 0 0 0 0 0 0 0 0 0 0 0 0 0 0 0 0]
[4449286440190814261395568062447081229712665042297375920904598124772382590211543761989908205595633264972647620222451577534311680704338941516406384773344857232534110532722247000458790656873128069333144648397871424799112039365897323565602428476914034319111 0 0 0 0 0 0 0 0 0 0 0 0 0 0 0 0 0 0 0 0 0 0 0 0 0 0 0 0 0 0 0 0 0 0 0 0 0 0 0 0 0 0 0 0 0 0 0 0 1 0 0 0 0 0 0 0 0 0 0 0 0 0 0 0 0 0 0 0 0 0 0 0 0 0 0 0 0 0 0 0 0 0 0]
[113438207986441612953820460614727304781088751075680760858803391016943606790617086828731132259516753864962478793305733499518250832992846863366452906200344120151202864276446629323411574742402484941616654194763682250102475816900503093969200842156418954525 0 0 0 0 0 0 0 0 0 0 0 0 0 0 0 0 0 0 0 0 0 0 0 0 0 0 0 0 0 0 0 0 0 0 0 0 0 0 0 0 0 0 0 0 0 0 0 0 0 1 0 0 0 0 0 0 0 0 0 0 0 0 0 0 0 0 0 0 0 0 0 0 0 0 0 0 0 0 0 0 0 0 0]
[2182502895331106952720647138089145145699782586421058613871670980201185987110456463526738900557221833790116649956091476319420456230026288215840143152087969433911348115175165755755588717846915929869045812244598736415840446738274969515233254466966699771302 0 0 0 0 0 0 0 0 0 0 0 0 0 0 0 0 0 0 0 0 0 0 0 0 0 0 0 0 0 0 0 0 0 0 0 0 0 0 0 0 0 0 0 0 0 0 0 0 0 0 1 0 0 0 0 0 0 0 0 0 0 0 0 0 0 0 0 0 0 0 0 0 0 0 0 0 0 0 0 0 0 0 0]
[2959154960857492698131653992135475949395079985982650339229007640653309325124356558499383900156720646940585451513713493095354436611487013931250686707315525363601265084243044625107660876693991544858338137263357494660262984066577388601100481023833648941565 0 0 0 0 0 0 0 0 0 0 0 0 0 0 0 0 0 0 0 0 0 0 0 0 0 0 0 0 0 0 0 0 0 0 0 0 0 0 0 0 0 0 0 0 0 0 0 0 0 0 0 1 0 0 0 0 0 0 0 0 0 0 0 0 0 0 0 0 0 0 0 0 0 0 0 0 0 0 0 0 0 0 0]
[5281240292743091275393013889775693668252257928370631012876742831872304580694652149642226346405280247806217757193611939060363584281312119789009294548047373043649974202395735235278586025838658735579670118228809590536457186994023967094716470350236527651283 0 0 0 0 0 0 0 0 0 0 0 0 0 0 0 0 0 0 0 0 0 0 0 0 0 0 0 0 0 0 0 0 0 0 0 0 0 0 0 0 0 0 0 0 0 0 0 0 0 0 0 0 1 0 0 0 0 0 0 0 0 0 0 0 0 0 0 0 0 0 0 0 0 0 0 0 0 0 0 0 0 0 0]
[1168394692727340785471677159107622379489601406950570637620150813649929337439607736340323631534367358483460651822521869170892657512471316441795447426959156511989500359425990750048854693047773185370074428150591881044004792926012109550194058613376137275648 0 0 0 0 0 0 0 0 0 0 0 0 0 0 0 0 0 0 0 0 0 0 0 0 0 0 0 0 0 0 0 0 0 0 0 0 0 0 0 0 0 0 0 0 0 0 0 0 0 0 0 0 0 1 0 0 0 0 0 0 0 0 0 0 0 0 0 0 0 0 0 0 0 0 0 0 0 0 0 0 0 0 0]
[1990280833848178721348385494764953246371424205367467286620916005532362786469016864820287882826312041851612169758586896975082183884506688651293026771092195688091651527668033852012485958308691344429623634781416877007527255447594266863137942804734993769797 0 0 0 0 0 0 0 0 0 0 0 0 0 0 0 0 0 0 0 0 0 0 0 0 0 0 0 0 0 0 0 0 0 0 0 0 0 0 0 0 0 0 0 0 0 0 0 0 0 0 0 0 0 0 1 0 0 0 0 0 0 0 0 0 0 0 0 0 0 0 0 0 0 0 0 0 0 0 0 0 0 0 0]
[5495343146221473626856391420604064126232464758757321434088923498503061503454195221646093362385003470363828128225066631254658217737011001308877355712078166562640024688346382565415240296546450627461646701262508151200447641076205417589982105843018636209187 0 0 0 0 0 0 0 0 0 0 0 0 0 0 0 0 0 0 0 0 0 0 0 0 0 0 0 0 0 0 0 0 0 0 0 0 0 0 0 0 0 0 0 0 0 0 0 0 0 0 0 0 0 0 0 1 0 0 0 0 0 0 0 0 0 0 0 0 0 0 0 0 0 0 0 0 0 0 0 0 0 0 0]
[4508674814997179905767893190594749500049185460227493726430836642285631207373177444537052535385529881652244624600649611993129286601386774670003255271650548332058844684173734796969839603215175364815479342085543354476359446730773157337297278647358704807917 0 0 0 0 0 0 0 0 0 0 0 0 0 0 0 0 0 0 0 0 0 0 0 0 0 0 0 0 0 0 0 0 0 0 0 0 0 0 0 0 0 0 0 0 0 0 0 0 0 0 0 0 0 0 0 0 1 0 0 0 0 0 0 0 0 0 0 0 0 0 0 0 0 0 0 0 0 0 0 0 0 0 0]
[2758477560411719355364274210852170619157928366491835430557389831806696035040797458549878632966827521247541500204664508747203475912188254538462513123111519360964227987543191724986422452329395606629074486226485335791537222095322005734065926840345927673675 0 0 0 0 0 0 0 0 0 0 0 0 0 0 0 0 0 0 0 0 0 0 0 0 0 0 0 0 0 0 0 0 0 0 0 0 0 0 0 0 0 0 0 0 0 0 0 0 0 0 0 0 0 0 0 0 0 1 0 0 0 0 0 0 0 0 0 0 0 0 0 0 0 0 0 0 0 0 0 0 0 0 0]
[1172511230580845277951169264546247323349370802261075655408115355022708614917056644974861130129656156340275885929230679342059198889375999338524413048120774693901535818848388965436780823797344847484832231430522047009324860413446781399063155203339629749970 0 0 0 0 0 0 0 0 0 0 0 0 0 0 0 0 0 0 0 0 0 0 0 0 0 0 0 0 0 0 0 0 0 0 0 0 0 0 0 0 0 0 0 0 0 0 0 0 0 0 0 0 0 0 0 0 0 0 1 0 0 0 0 0 0 0 0 0 0 0 0 0 0 0 0 0 0 0 0 0 0 0 0]
[2293230195231263034091240712652604655928111566977433456030303573550100989362900397353417450980729831052688586177109604530566485003843653931197742777739619460242919766914595183642249549299487096943402860346853584625953137591278921910947660917242858798742 0 0 0 0 0 0 0 0 0 0 0 0 0 0 0 0 0 0 0 0 0 0 0 0 0 0 0 0 0 0 0 0 0 0 0 0 0 0 0 0 0 0 0 0 0 0 0 0 0 0 0 0 0 0 0 0 0 0 0 1 0 0 0 0 0 0 0 0 0 0 0 0 0 0 0 0 0 0 0 0 0 0 0]
[1488197217536059670861178198756277756292542969001371306824946299388439234696666590527663458175610218925904961768233150223204205381317529680150475651574297292915385497831265527200984729983113593494331573390173002807471916405468855565815244762055628132013 0 0 0 0 0 0 0 0 0 0 0 0 0 0 0 0 0 0 0 0 0 0 0 0 0 0 0 0 0 0 0 0 0 0 0 0 0 0 0 0 0 0 0 0 0 0 0 0 0 0 0 0 0 0 0 0 0 0 0 0 1 0 0 0 0 0 0 0 0 0 0 0 0 0 0 0 0 0 0 0 0 0 0]
[100579172048639299640257046031522988541571052000094440296952327145753406952066151923940081607651689635726346836467071374719716677762725803870845734481361513995807364858151554402472407428856732777088075849963038541164315466361223643942914378158667571656 0 0 0 0 0 0 0 0 0 0 0 0 0 0 0 0 0 0 0 0 0 0 0 0 0 0 0 0 0 0 0 0 0 0 0 0 0 0 0 0 0 0 0 0 0 0 0 0 0 0 0 0 0 0 0 0 0 0 0 0 0 1 0 0 0 0 0 0 0 0 0 0 0 0 0 0 0 0 0 0 0 0 0]
[712184424263029929945609621087612214800934975369127489061447685752774497683682886835554480464341691279127647434034102049192847854221610654424496732038456736977222800501048959792715095553213114246838175884046281093646921953769239905160911093404084800070 0 0 0 0 0 0 0 0 0 0 0 0 0 0 0 0 0 0 0 0 0 0 0 0 0 0 0 0 0 0 0 0 0 0 0 0 0 0 0 0 0 0 0 0 0 0 0 0 0 0 0 0 0 0 0 0 0 0 0 0 0 0 1 0 0 0 0 0 0 0 0 0 0 0 0 0 0 0 0 0 0 0 0]
[3893587494789832904314065124779988471354403458958835713227005140182119128480105910999282568302475948574672469146888026800813951392525572832559751943633395628824037203733878911020737114953697558339366295635765179334015189256650749788755736969251755891870 0 0 0 0 0 0 0 0 0 0 0 0 0 0 0 0 0 0 0 0 0 0 0 0 0 0 0 0 0 0 0 0 0 0 0 0 0 0 0 0 0 0 0 0 0 0 0 0 0 0 0 0 0 0 0 0 0 0 0 0 0 0 0 1 0 0 0 0 0 0 0 0 0 0 0 0 0 0 0 0 0 0 0]
[1995747672676350165809969645054878360420883367931278150992327541943472387254278522804267051367088022264572426746804853947543045500581485180184321250978741505587867636183831644736947367110748226478689002665025342740751936283919868868124197684434035698962 0 0 0 0 0 0 0 0 0 0 0 0 0 0 0 0 0 0 0 0 0 0 0 0 0 0 0 0 0 0 0 0 0 0 0 0 0 0 0 0 0 0 0 0 0 0 0 0 0 0 0 0 0 0 0 0 0 0 0 0 0 0 0 0 1 0 0 0 0 0 0 0 0 0 0 0 0 0 0 0 0 0 0]
[253340636906367020758913284006724478069759868470002106528996721035166414431065866508750350588613129447381314758836934495675396747409252788247103058653527487210293196824522183567875663546498455484902381656772624440860413637693671026124774510244190985377 0 0 0 0 0 0 0 0 0 0 0 0 0 0 0 0 0 0 0 0 0 0 0 0 0 0 0 0 0 0 0 0 0 0 0 0 0 0 0 0 0 0 0 0 0 0 0 0 0 0 0 0 0 0 0 0 0 0 0 0 0 0 0 0 0 1 0 0 0 0 0 0 0 0 0 0 0 0 0 0 0 0 0]
[331402187470984885155550672121300178020534506747644644334283397257815240275363192688359874709480610878001512704320158466808174161705333658346775268929023818824418558483093787297532838249345071197627941130722496859058421608121954441001582879017728099478 0 0 0 0 0 0 0 0 0 0 0 0 0 0 0 0 0 0 0 0 0 0 0 0 0 0 0 0 0 0 0 0 0 0 0 0 0 0 0 0 0 0 0 0 0 0 0 0 0 0 0 0 0 0 0 0 0 0 0 0 0 0 0 0 0 0 1 0 0 0 0 0 0 0 0 0 0 0 0 0 0 0 0]
[2683272744034782335632924779154726818566805740797894718450361443332687798629735900657009631058303475257592656307073258661004728113741224325435147214559987783224220822758098960200200897494512684457539320991634569819326218727011132012675370156405683650454 0 0 0 0 0 0 0 0 0 0 0 0 0 0 0 0 0 0 0 0 0 0 0 0 0 0 0 0 0 0 0 0 0 0 0 0 0 0 0 0 0 0 0 0 0 0 0 0 0 0 0 0 0 0 0 0 0 0 0 0 0 0 0 0 0 0 0 1 0 0 0 0 0 0 0 0 0 0 0 0 0 0 0]
[1813701361822285166393476533634772300915864849068175224949564876696233906043308217117072797942741096572302265663573445768903523093820611412850545514494909656090409730723145041595583022025904639518350519145353160279350800117815601314277363752622513467691 0 0 0 0 0 0 0 0 0 0 0 0 0 0 0 0 0 0 0 0 0 0 0 0 0 0 0 0 0 0 0 0 0 0 0 0 0 0 0 0 0 0 0 0 0 0 0 0 0 0 0 0 0 0 0 0 0 0 0 0 0 0 0 0 0 0 0 0 1 0 0 0 0 0 0 0 0 0 0 0 0 0 0]
[5127245419629579859703413130254418570348094997308336203004575992741562021605910182879672087972772063131287014459579277695168889101959739191406330473647381474982875506012393978579778025856424512451895927407326197488743836640693243350794023898549599811353 0 0 0 0 0 0 0 0 0 0 0 0 0 0 0 0 0 0 0 0 0 0 0 0 0 0 0 0 0 0 0 0 0 0 0 0 0 0 0 0 0 0 0 0 0 0 0 0 0 0 0 0 0 0 0 0 0 0 0 0 0 0 0 0 0 0 0 0 0 1 0 0 0 0 0 0 0 0 0 0 0 0 0]
[3751819969429691852898291102438390257811126603718837843878790054544588053658255715665185738808850761600098151500381232651318356802566121480536737396274186571818693420506589002180514052794180962275013981169661010111949399463910310134602863254696904218786 0 0 0 0 0 0 0 0 0 0 0 0 0 0 0 0 0 0 0 0 0 0 0 0 0 0 0 0 0 0 0 0 0 0 0 0 0 0 0 0 0 0 0 0 0 0 0 0 0 0 0 0 0 0 0 0 0 0 0 0 0 0 0 0 0 0 0 0 0 0 1 0 0 0 0 0 0 0 0 0 0 0 0]
[3744551865278497685125872648151642298474608385760091794006448638150337436549287253382083015131704007597054662370472592401647427292489320158681316521515789089116413328038399211386590573512550805123537223275300071717663848940456286767372812799434650463715 0 0 0 0 0 0 0 0 0 0 0 0 0 0 0 0 0 0 0 0 0 0 0 0 0 0 0 0 0 0 0 0 0 0 0 0 0 0 0 0 0 0 0 0 0 0 0 0 0 0 0 0 0 0 0 0 0 0 0 0 0 0 0 0 0 0 0 0 0 0 0 1 0 0 0 0 0 0 0 0 0 0 0]
[5674532481425607314466212190676226160169851778622699220126141810303667294687611918508827342748786584804299890064148173022671175793146366422362518923994224000279710075620861263898821810120256836631524530202434020125216255382379445787958854901871747378060 0 0 0 0 0 0 0 0 0 0 0 0 0 0 0 0 0 0 0 0 0 0 0 0 0 0 0 0 0 0 0 0 0 0 0 0 0 0 0 0 0 0 0 0 0 0 0 0 0 0 0 0 0 0 0 0 0 0 0 0 0 0 0 0 0 0 0 0 0 0 0 0 1 0 0 0 0 0 0 0 0 0 0]
[1852072180881373882123030250671414151077201842443578993452345843873732251382918120983957291824159585668942315201140039667886904871777413842156273375344292801951788042018094042131095782106757597552093888004655745434456549135894537867893363586567319529153 0 0 0 0 0 0 0 0 0 0 0 0 0 0 0 0 0 0 0 0 0 0 0 0 0 0 0 0 0 0 0 0 0 0 0 0 0 0 0 0 0 0 0 0 0 0 0 0 0 0 0 0 0 0 0 0 0 0 0 0 0 0 0 0 0 0 0 0 0 0 0 0 0 1 0 0 0 0 0 0 0 0 0]
[2620555175339561545430574508342440256335311075839887589864531515667355071800281878448611738463201149490713666481687267523023459879067547166087435277633919969597459694261002743891644871777712463876487825776389380274664330939644036373833700037191289417977 0 0 0 0 0 0 0 0 0 0 0 0 0 0 0 0 0 0 0 0 0 0 0 0 0 0 0 0 0 0 0 0 0 0 0 0 0 0 0 0 0 0 0 0 0 0 0 0 0 0 0 0 0 0 0 0 0 0 0 0 0 0 0 0 0 0 0 0 0 0 0 0 0 0 1 0 0 0 0 0 0 0 0]
[3150790385134989057211972471991042407283925343523209150347058193774752600673694907479247874029940564290874291344410331975299934840520830113637542975897272827860956890822893706063145850158671472051447204247798153158729538551118029082133421083808105135286 0 0 0 0 0 0 0 0 0 0 0 0 0 0 0 0 0 0 0 0 0 0 0 0 0 0 0 0 0 0 0 0 0 0 0 0 0 0 0 0 0 0 0 0 0 0 0 0 0 0 0 0 0 0 0 0 0 0 0 0 0 0 0 0 0 0 0 0 0 0 0 0 0 0 0 1 0 0 0 0 0 0 0]
[3073668495057310395591213735641217290517124603232341905039571017711474109322486875439122930060498981941795107475018599657796461904323441712202082744287803939746539188425076953008209792534559858541718658348376170525916695460765001002972110030496491814877 0 0 0 0 0 0 0 0 0 0 0 0 0 0 0 0 0 0 0 0 0 0 0 0 0 0 0 0 0 0 0 0 0 0 0 0 0 0 0 0 0 0 0 0 0 0 0 0 0 0 0 0 0 0 0 0 0 0 0 0 0 0 0 0 0 0 0 0 0 0 0 0 0 0 0 0 1 0 0 0 0 0 0]
[1525064927966391188578458051624959446968870909782241060163995034395531845796275100904387314432322422169061811704316980687078817036010558988615132604081175943772651289271401497025172333036304026353205264124527634522092299955761366049184043573052061181710 0 0 0 0 0 0 0 0 0 0 0 0 0 0 0 0 0 0 0 0 0 0 0 0 0 0 0 0 0 0 0 0 0 0 0 0 0 0 0 0 0 0 0 0 0 0 0 0 0 0 0 0 0 0 0 0 0 0 0 0 0 0 0 0 0 0 0 0 0 0 0 0 0 0 0 0 0 1 0 0 0 0 0]
[5408261356532290846907761156434738530565797951847560571962886929798473989744816398547581088285934483126572816024529429795680933200937964922672116546037757157496378493874173172883374274493851475818700236964267051873192565414273034166177823521733756509274 0 0 0 0 0 0 0 0 0 0 0 0 0 0 0 0 0 0 0 0 0 0 0 0 0 0 0 0 0 0 0 0 0 0 0 0 0 0 0 0 0 0 0 0 0 0 0 0 0 0 0 0 0 0 0 0 0 0 0 0 0 0 0 0 0 0 0 0 0 0 0 0 0 0 0 0 0 0 1 0 0 0 0]
[3544077480293830126818494774813460479948588485493979630439767648416165166245943347453761668880835708998604780568790332058738342025497783689256452037552534638653104107985576752617156196973119078848769161568740936013280906764997841074357158877004495524684 0 0 0 0 0 0 0 0 0 0 0 0 0 0 0 0 0 0 0 0 0 0 0 0 0 0 0 0 0 0 0 0 0 0 0 0 0 0 0 0 0 0 0 0 0 0 0 0 0 0 0 0 0 0 0 0 0 0 0 0 0 0 0 0 0 0 0 0 0 0 0 0 0 0 0 0 0 0 0 1 0 0 0]
[3228362947059632281227197510761644856768277391121436689536125451919839893641941212695150627588759434310708438819871689414415021483861325970626005413254276470279281395089743812139917505214715662690803408958164405156146376971360026013733542069250085512497 0 0 0 0 0 0 0 0 0 0 0 0 0 0 0 0 0 0 0 0 0 0 0 0 0 0 0 0 0 0 0 0 0 0 0 0 0 0 0 0 0 0 0 0 0 0 0 0 0 0 0 0 0 0 0 0 0 0 0 0 0 0 0 0 0 0 0 0 0 0 0 0 0 0 0 0 0 0 0 0 1 0 0]
[5005266403874926803180682223061291656964560859216598888797609982365215462600080828199136365262074723289440952849718088370155829672417907587777279947549174960720994394721437104950716222684831173701045737312320953943566133407673367554235587299630508197408 0 0 0 0 0 0 0 0 0 0 0 0 0 0 0 0 0 0 0 0 0 0 0 0 0 0 0 0 0 0 0 0 0 0 0 0 0 0 0 0 0 0 0 0 0 0 0 0 0 0 0 0 0 0 0 0 0 0 0 0 0 0 0 0 0 0 0 0 0 0 0 0 0 0 0 0 0 0 0 0 0 1 0]
[3941149252960354290189845200291885198369389394668343131929423989506904165296874980817627589691156990205582967376630916060631862188986003159268050174125820723467827656378539169222857949302589721382374252794930740489906442481816829147581892851517052640384 0 0 0 0 0 0 0 0 0 0 0 0 0 0 0 0 0 0 0 0 0 0 0 0 0 0 0 0 0 0 0 0 0 0 0 0 0 0 0 0 0 0 0 0 0 0 0 0 0 0 0 0 0 0 0 0 0 0 0 0 0 0 0 0 0 0 0 0 0 0 0 0 0 0 0 0 0 0 0 0 0 0 1]
]
