[[3109046811904680701517886402712239344074675960394167406582396737345509390964106841024896807115629956355691114716279184389806025866744146296897683019289350933924199250838439722216585152332239259 0 0 0 0 0 0 0 0 0 0 0 0 0 0 0 0 0 0 0 0 0 0 0 0 0 0 0 0 0 0 0 0 0 0 0 0 0 0 0 0 0 0 0 0 0 0 0 0 0 0 0 0 0 0 0 0 0 0 0 0 0 0 0]
[912222448840760213710470934381735189530851527216769465218973149181320926882217095470265701992329987433851398479651658230568149294029165998009938602866081808818267351034572029778661030172985786 1 0 0 0 0 0 0 0 0 0 0 0 0 0 0 0 0 0 0 0 0 0 0 0 0 0 0 0 0 0 0 0 0 0 0 0 0 0 0 0 0 0 0 0 0 0 0 0 0 0 0 0 0 0 0 0 0 0 0 0 0 0 0]
[1597890397876091160536968853660187391657514464817971873978130769253760626561266654378227991510735164060895741894863253532742024649611207653414760734786616166619295079882266165415886065297981734 0 1 0 0 0 0 0 0 0 0 0 0 0 0 0 0 0 0 0 0 0 0 0 0 0 0 0 0 0 0 0 0 0 0 0 0 0 0 0 0 0 0 0 0 0 0 0 0 0 0 0 0 0 0 0 0 0 0 0 0 0 0 0]
[790191692564173863147270973839915662312736460756448796630752234998410330906872976888697528043814754692992860666004135413546480505233720409060619556090402527049506164543683940235977332525558709 0 0 1 0 0 0 0 0 0 0 0 0 0 0 0 0 0 0 0 0 0 0 0 0 0 0 0 0 0 0 0 0 0 0 0 0 0 0 0 0 0 0 0 0 0 0 0 0 0 0 0 0 0 0 0 0 0 0 0 0 0 0 0]
[1939908310792806295934628048241598915879783967365827922949563146167794986954681489734213867090602251646841904418452405848005439269525586608141196220216501010469909621533516843387420402582183437 0 0 0 1 0 0 0 0 0 0 0 0 0 0 0 0 0 0 0 0 0 0 0 0 0 0 0 0 0 0 0 0 0 0 0 0 0 0 0 0 0 0 0 0 0 0 0 0 0 0 0 0 0 0 0 0 0 0 0 0 0 0 0]
[1540257363306531331850167872904578513714145540197631180045586307571184834660457285885590335821862916927269028301354249050122158427604771225709658127818511751189601189947205720346153964337593895 0 0 0 0 1 0 0 0 0 0 0 0 0 0 0 0 0 0 0 0 0 0 0 0 0 0 0 0 0 0 0 0 0 0 0 0 0 0 0 0 0 0 0 0 0 0 0 0 0 0 0 0 0 0 0 0 0 0 0 0 0 0 0]
[2194765199207071493779606254749831657282698946307740288701286713143455509152930188282559638941400471783964475631728632496753517758102290673760542679146555040111633729849445248571158223677389356 0 0 0 0 0 1 0 0 0 0 0 0 0 0 0 0 0 0 0 0 0 0 0 0 0 0 0 0 0 0 0 0 0 0 0 0 0 0 0 0 0 0 0 0 0 0 0 0 0 0 0 0 0 0 0 0 0 0 0 0 0 0 0]
[9497267020552681352844008269845732888112743099310408265047926831223599201646156038282252754807290886132815627159572526881790993009728911688807266655478017212650647899463334455493872129720837 0 0 0 0 0 0 1 0 0 0 0 0 0 0 0 0 0 0 0 0 0 0 0 0 0 0 0 0 0 0 0 0 0 0 0 0 0 0 0 0 0 0 0 0 0 0 0 0 0 0 0 0 0 0 0 0 0 0 0 0 0 0 0]
[2193443124907279574811067194849222799982993438360493898601947918580196803383920873136472899760397923026435493284431208718268015133377155722654866120394595330794202690571570717148069736589121347 0 0 0 0 0 0 0 1 0 0 0 0 0 0 0 0 0 0 0 0 0 0 0 0 0 0 0 0 0 0 0 0 0 0 0 0 0 0 0 0 0 0 0 0 0 0 0 0 0 0 0 0 0 0 0 0 0 0 0 0 0 0 0]
[2731952408068051325587878077486636072617637700507299070590095943660047073762974105063656662083286978225800753980135870671642326676330730173784829368862434601071253475777708762824644378060982540 0 0 0 0 0 0 0 0 1 0 0 0 0 0 0 0 0 0 0 0 0 0 0 0 0 0 0 0 0 0 0 0 0 0 0 0 0 0 0 0 0 0 0 0 0 0 0 0 0 0 0 0 0 0 0 0 0 0 0 0 0 0 0]
[919190552876022765296023318134997778816820675485068601240423867043748244785923532531266113026900342286744475671658762824127373167312995748864842952687910549727226596812806687257905647626876023 0 0 0 0 0 0 0 0 0 1 0 0 0 0 0 0 0 0 0 0 0 0 0 0 0 0 0 0 0 0 0 0 0 0 0 0 0 0 0 0 0 0 0 0 0 0 0 0 0 0 0 0 0 0 0 0 0 0 0 0 0 0 0]
[3041989936392433131889955855100585772317747953490914039041573945823362990196944864967866725674113936294355574450742455598140145574914211385232453044202222815272539731488325234423472711629967252 0 0 0 0 0 0 0 0 0 0 1 0 0 0 0 0 0 0 0 0 0 0 0 0 0 0 0 0 0 0 0 0 0 0 0 0 0 0 0 0 0 0 0 0 0 0 0 0 0 0 0 0 0 0 0 0 0 0 0 0 0 0 0]
[2611557748162673090272167105715761853071398954797393167236626375067684019791611242509365514980354428742044257018161410985508252123911102141086890845228765023173573467144673601300368111993194046 0 0 0 0 0 0 0 0 0 0 0 1 0 0 0 0 0 0 0 0 0 0 0 0 0 0 0 0 0 0 0 0 0 0 0 0 0 0 0 0 0 0 0 0 0 0 0 0 0 0 0 0 0 0 0 0 0 0 0 0 0 0 0]
[1012750909261732568865723232822196056973156391594714699298897611549539880684395918901673008461947003203926841974723092369111880367539203083389219974852890022117839294393139840826506860865800749 0 0 0 0 0 0 0 0 0 0 0 0 1 0 0 0 0 0 0 0 0 0 0 0 0 0 0 0 0 0 0 0 0 0 0 0 0 0 0 0 0 0 0 0 0 0 0 0 0 0 0 0 0 0 0 0 0 0 0 0 0 0 0]
[1312414390828132795288593906833936077975830958707906474192207609452161888102378604780277253428403537855589380509333922253256021659333713220087024610421753394419579044761819780694480577811031996 0 0 0 0 0 0 0 0 0 0 0 0 0 1 0 0 0 0 0 0 0 0 0 0 0 0 0 0 0 0 0 0 0 0 0 0 0 0 0 0 0 0 0 0 0 0 0 0 0 0 0 0 0 0 0 0 0 0 0 0 0 0 0]
[1955939355916314586848747343247107886829831990361774177043789069209488805809456538792787863308905426868653935486105355964150184258687020377608369851081608017486081743695685849387548401703521121 0 0 0 0 0 0 0 0 0 0 0 0 0 0 1 0 0 0 0 0 0 0 0 0 0 0 0 0 0 0 0 0 0 0 0 0 0 0 0 0 0 0 0 0 0 0 0 0 0 0 0 0 0 0 0 0 0 0 0 0 0 0 0]
[2225526490424744698428609062993894360513057189878545034126109915090165296484814231948199531781505926424961773481764149793014387383436892758175243345396056314811887749746884981080807048970693468 0 0 0 0 0 0 0 0 0 0 0 0 0 0 0 1 0 0 0 0 0 0 0 0 0 0 0 0 0 0 0 0 0 0 0 0 0 0 0 0 0 0 0 0 0 0 0 0 0 0 0 0 0 0 0 0 0 0 0 0 0 0 0]
[1422436215951943472484316188192407559942309088436922394231242068709463148420296426797740615631198225836972348301941208165050559333406328097273596715058893211540186022124115848036522017876437825 0 0 0 0 0 0 0 0 0 0 0 0 0 0 0 0 1 0 0 0 0 0 0 0 0 0 0 0 0 0 0 0 0 0 0 0 0 0 0 0 0 0 0 0 0 0 0 0 0 0 0 0 0 0 0 0 0 0 0 0 0 0 0]
[1653540107995307002558634200786272046229271070009081903259603710572534577709015880489063143141303162502565821736812468713902926511481341392791621374045341350792882886235103555128846396978281361 0 0 0 0 0 0 0 0 0 0 0 0 0 0 0 0 0 1 0 0 0 0 0 0 0 0 0 0 0 0 0 0 0 0 0 0 0 0 0 0 0 0 0 0 0 0 0 0 0 0 0 0 0 0 0 0 0 0 0 0 0 0 0]
[1845685773351968074819378783322180450128999546289826183345977057656609285034581123693751695607461714886855306765645967715006442086846422704759483653904678585516716013728071962141906016961533735 0 0 0 0 0 0 0 0 0 0 0 0 0 0 0 0 0 0 1 0 0 0 0 0 0 0 0 0 0 0 0 0 0 0 0 0 0 0 0 0 0 0 0 0 0 0 0 0 0 0 0 0 0 0 0 0 0 0 0 0 0 0 0]
[457509442491492226488060697791364343307363610974913017733396575129074777666337045485279018402059094714168337468026469175995555759311105957377345277925081221681858352823716315799133056604459699 0 0 0 0 0 0 0 0 0 0 0 0 0 0 0 0 0 0 0 1 0 0 0 0 0 0 0 0 0 0 0 0 0 0 0 0 0 0 0 0 0 0 0 0 0 0 0 0 0 0 0 0 0 0 0 0 0 0 0 0 0 0 0]
[2260875488090485830179678188988430119198895849545765148824679005166550615739168289661871560417382422131374554566636050611309330494936544357566279873135830268129069542102235401479692969690611450 0 0 0 0 0 0 0 0 0 0 0 0 0 0 0 0 0 0 0 0 1 0 0 0 0 0 0 0 0 0 0 0 0 0 0 0 0 0 0 0 0 0 0 0 0 0 0 0 0 0 0 0 0 0 0 0 0 0 0 0 0 0 0]
[1940690432492628491021526125325077373141099811388134064744181704903117547742591820814737508436440481575787565501072488773007026479598057832697629938926070674421117702708281819317839904582050522 0 0 0 0 0 0 0 0 0 0 0 0 0 0 0 0 0 0 0 0 0 1 0 0 0 0 0 0 0 0 0 0 0 0 0 0 0 0 0 0 0 0 0 0 0 0 0 0 0 0 0 0 0 0 0 0 0 0 0 0 0 0 0]
[702612268185512784225102158897980706211675704022107542322500438489448814235836183110135788093271744621540526595103410397895221999824114476211706928260075246226295015567196895062518473744124919 0 0 0 0 0 0 0 0 0 0 0 0 0 0 0 0 0 0 0 0 0 0 1 0 0 0 0 0 0 0 0 0 0 0 0 0 0 0 0 0 0 0 0 0 0 0 0 0 0 0 0 0 0 0 0 0 0 0 0 0 0 0 0]
[1453729983397212377029991309525540175686206458421417046640024658469836876552550885380740976389844235079917246486614196424882528862579497349508385922149368241568331275023752537425069096621236209 0 0 0 0 0 0 0 0 0 0 0 0 0 0 0 0 0 0 0 0 0 0 0 1 0 0 0 0 0 0 0 0 0 0 0 0 0 0 0 0 0 0 0 0 0 0 0 0 0 0 0 0 0 0 0 0 0 0 0 0 0 0 0]
[1826180290233952398485592860787344916336085568767962802596768737665528844382053814955836930626614802155928109486414952038308060960682849650591135988304954254486258838388218359001684662022440592 0 0 0 0 0 0 0 0 0 0 0 0 0 0 0 0 0 0 0 0 0 0 0 0 1 0 0 0 0 0 0 0 0 0 0 0 0 0 0 0 0 0 0 0 0 0 0 0 0 0 0 0 0 0 0 0 0 0 0 0 0 0 0]
[412687701443673144833896294083087307327171590663474971501377887896764652649714846519511755763598263513773707671027883458495203611227511713006972642411870646267113658673018058936946051522633225 0 0 0 0 0 0 0 0 0 0 0 0 0 0 0 0 0 0 0 0 0 0 0 0 0 1 0 0 0 0 0 0 0 0 0 0 0 0 0 0 0 0 0 0 0 0 0 0 0 0 0 0 0 0 0 0 0 0 0 0 0 0 0]
[433141686631509482635401198704733075675495246219841021093066850512375151971009362830186589510744433819003266158420354200070046676459483080656422726047763079619592296749320903283714865765250288 0 0 0 0 0 0 0 0 0 0 0 0 0 0 0 0 0 0 0 0 0 0 0 0 0 0 1 0 0 0 0 0 0 0 0 0 0 0 0 0 0 0 0 0 0 0 0 0 0 0 0 0 0 0 0 0 0 0 0 0 0 0 0]
[2506572088396776315014976833142768997902588416248833323670915599118676662531762587986169362225554519256641658516505856540519616733966341156296024303220977370081165613238563281201100192003327583 0 0 0 0 0 0 0 0 0 0 0 0 0 0 0 0 0 0 0 0 0 0 0 0 0 0 0 1 0 0 0 0 0 0 0 0 0 0 0 0 0 0 0 0 0 0 0 0 0 0 0 0 0 0 0 0 0 0 0 0 0 0 0]
[2111191049887145211950931434155968886327645595098415691978833331738082819551509520352369406535896681483933817154401931152019944705237494109874049668280608739567913789379133912890406323993421993 0 0 0 0 0 0 0 0 0 0 0 0 0 0 0 0 0 0 0 0 0 0 0 0 0 0 0 0 1 0 0 0 0 0 0 0 0 0 0 0 0 0 0 0 0 0 0 0 0 0 0 0 0 0 0 0 0 0 0 0 0 0 0]
[1577660008490623827265406535971172597787801329191355800490641004552175626957923361652051138212447565728788226858771798108337063944160927956042663813680115037004042187412653720998327664884824217 0 0 0 0 0 0 0 0 0 0 0 0 0 0 0 0 0 0 0 0 0 0 0 0 0 0 0 0 0 1 0 0 0 0 0 0 0 0 0 0 0 0 0 0 0 0 0 0 0 0 0 0 0 0 0 0 0 0 0 0 0 0 0]
[629039202097909856101817177671546280501988517165798242814870464336742687152313343531322898076956863637867955403896613752867620639448143619217196745446643514164657588769449134442656179480553949 0 0 0 0 0 0 0 0 0 0 0 0 0 0 0 0 0 0 0 0 0 0 0 0 0 0 0 0 0 0 1 0 0 0 0 0 0 0 0 0 0 0 0 0 0 0 0 0 0 0 0 0 0 0 0 0 0 0 0 0 0 0 0]
[296948580161783971512835894403842374701391146090640758282833648801201048867980642652120811487509567314710754789271367376428873881762231050302032275295630941889528051891260776125391010671958533 0 0 0 0 0 0 0 0 0 0 0 0 0 0 0 0 0 0 0 0 0 0 0 0 0 0 0 0 0 0 0 1 0 0 0 0 0 0 0 0 0 0 0 0 0 0 0 0 0 0 0 0 0 0 0 0 0 0 0 0 0 0 0]
[1829031302122545332787044495145562189258389080698652718531792878141941792554144707852523167044232518783874693167157251853892818814971126567046562526995465267033252436287681731444975347017621090 0 0 0 0 0 0 0 0 0 0 0 0 0 0 0 0 0 0 0 0 0 0 0 0 0 0 0 0 0 0 0 0 1 0 0 0 0 0 0 0 0 0 0 0 0 0 0 0 0 0 0 0 0 0 0 0 0 0 0 0 0 0 0]
[2253827689046161202545013005021325410270792127035922084723257327250750053715414881027702394706580155046712991030550722162134268013653387325566419201342923923080521462802321931089189074414450974 0 0 0 0 0 0 0 0 0 0 0 0 0 0 0 0 0 0 0 0 0 0 0 0 0 0 0 0 0 0 0 0 0 1 0 0 0 0 0 0 0 0 0 0 0 0 0 0 0 0 0 0 0 0 0 0 0 0 0 0 0 0 0]
[937506397975681096511140265809138027875329740780707921533957153894561416217266070994986385086645717138734913976251986986394442774996082540796057824611072837788549226408030908685527552192749874 0 0 0 0 0 0 0 0 0 0 0 0 0 0 0 0 0 0 0 0 0 0 0 0 0 0 0 0 0 0 0 0 0 0 1 0 0 0 0 0 0 0 0 0 0 0 0 0 0 0 0 0 0 0 0 0 0 0 0 0 0 0 0]
[195472088791685924879061715350812267615342422832661374763317483428181618460292119212060635120576356607144784452483585269373191314570272567033732101686444233184195022384037329247100100316659445 0 0 0 0 0 0 0 0 0 0 0 0 0 0 0 0 0 0 0 0 0 0 0 0 0 0 0 0 0 0 0 0 0 0 0 1 0 0 0 0 0 0 0 0 0 0 0 0 0 0 0 0 0 0 0 0 0 0 0 0 0 0 0]
[1980166343674422008788850704781487814367023208674464883521646611764233874975363914181413722616391131546555230136979370797055955424229479132985136176238653749707589375018344684029169699287235959 0 0 0 0 0 0 0 0 0 0 0 0 0 0 0 0 0 0 0 0 0 0 0 0 0 0 0 0 0 0 0 0 0 0 0 0 1 0 0 0 0 0 0 0 0 0 0 0 0 0 0 0 0 0 0 0 0 0 0 0 0 0 0]
[449253001146692270618527053919839198607431375415932660823854499422212292104599675649208419630847572235317124105091240038562789043858953470595155432881517643467443965301227891564649048565403300 0 0 0 0 0 0 0 0 0 0 0 0 0 0 0 0 0 0 0 0 0 0 0 0 0 0 0 0 0 0 0 0 0 0 0 0 0 1 0 0 0 0 0 0 0 0 0 0 0 0 0 0 0 0 0 0 0 0 0 0 0 0 0]
[2461348236796196609679446694047942809094943834045382480046537736369375884288088971829442230526313570272242696055484034227251817263975459494236017823115837131327097550832221345068114813988512564 0 0 0 0 0 0 0 0 0 0 0 0 0 0 0 0 0 0 0 0 0 0 0 0 0 0 0 0 0 0 0 0 0 0 0 0 0 0 1 0 0 0 0 0 0 0 0 0 0 0 0 0 0 0 0 0 0 0 0 0 0 0 0]
[1094520815185310254651038832954531132379365254337630107155413457762479825936435952151731729138013841109904374236462187305474281789626010300984165553162997968935244166915492267826886764277737957 0 0 0 0 0 0 0 0 0 0 0 0 0 0 0 0 0 0 0 0 0 0 0 0 0 0 0 0 0 0 0 0 0 0 0 0 0 0 0 1 0 0 0 0 0 0 0 0 0 0 0 0 0 0 0 0 0 0 0 0 0 0 0]
[644871448573475423454569154276857833994355845492490814977925981805354292213334365119599071263934745928949933470355802318823398045845634849848837921740582720726575902094788718854114585795179938 0 0 0 0 0 0 0 0 0 0 0 0 0 0 0 0 0 0 0 0 0 0 0 0 0 0 0 0 0 0 0 0 0 0 0 0 0 0 0 0 1 0 0 0 0 0 0 0 0 0 0 0 0 0 0 0 0 0 0 0 0 0 0]
[1378048550298222972852481107549357011247468444850944415949076302975391927165355905999430733852944608964208251644332379273735143420875433640082302226707828980436200827069130469933565957104913604 0 0 0 0 0 0 0 0 0 0 0 0 0 0 0 0 0 0 0 0 0 0 0 0 0 0 0 0 0 0 0 0 0 0 0 0 0 0 0 0 0 1 0 0 0 0 0 0 0 0 0 0 0 0 0 0 0 0 0 0 0 0 0]
[2586793643091686788924103874741066095874424719054018653533126663733746804863170936219163743941553385053294964889965447326896918359535411329852537826287477302906371099491419740989351031491575172 0 0 0 0 0 0 0 0 0 0 0 0 0 0 0 0 0 0 0 0 0 0 0 0 0 0 0 0 0 0 0 0 0 0 0 0 0 0 0 0 0 0 1 0 0 0 0 0 0 0 0 0 0 0 0 0 0 0 0 0 0 0 0]
[2954358290558623378777008216768214740123373877355606128759304626785980757227560520248492620244886649754698713682925605862392553757937765181196471495376429677677243484821548940493760162400568041 0 0 0 0 0 0 0 0 0 0 0 0 0 0 0 0 0 0 0 0 0 0 0 0 0 0 0 0 0 0 0 0 0 0 0 0 0 0 0 0 0 0 0 1 0 0 0 0 0 0 0 0 0 0 0 0 0 0 0 0 0 0 0]
[338045523990245206461993619975193833652119953773834709375219416430869528666830327610358122303650830229702801854170138946759957642228396187876892872125456041326608227988679857418301218097033589 0 0 0 0 0 0 0 0 0 0 0 0 0 0 0 0 0 0 0 0 0 0 0 0 0 0 0 0 0 0 0 0 0 0 0 0 0 0 0 0 0 0 0 0 1 0 0 0 0 0 0 0 0 0 0 0 0 0 0 0 0 0 0]
[2205161163814744637975565930590891206845829814047601099132760308185120439242452258921290225933822792924138079701170394263857830334724566337674110763543841432061659881413370057964058646697557066 0 0 0 0 0 0 0 0 0 0 0 0 0 0 0 0 0 0 0 0 0 0 0 0 0 0 0 0 0 0 0 0 0 0 0 0 0 0 0 0 0 0 0 0 0 1 0 0 0 0 0 0 0 0 0 0 0 0 0 0 0 0 0]
[876500545530244935476949526748049412713791637985299674861137919865116401952009035383569199167580155988073170411412815601024753501576264607628450958318420579450078070553616284498097788816061442 0 0 0 0 0 0 0 0 0 0 0 0 0 0 0 0 0 0 0 0 0 0 0 0 0 0 0 0 0 0 0 0 0 0 0 0 0 0 0 0 0 0 0 0 0 0 1 0 0 0 0 0 0 0 0 0 0 0 0 0 0 0 0]
[1504705450652965737757277102102016728056996017282891836076272597491504165716652251595127320981095065653076397404119089206936774664891186229875947601063359870546298850351066990758664846442589514 0 0 0 0 0 0 0 0 0 0 0 0 0 0 0 0 0 0 0 0 0 0 0 0 0 0 0 0 0 0 0 0 0 0 0 0 0 0 0 0 0 0 0 0 0 0 0 1 0 0 0 0 0 0 0 0 0 0 0 0 0 0 0]
[2848435593493071282803977883204873251957698847282186325997546349767848626221880412986536697298772573230947721086956502073250859818838923252692882486699519438741162424132133194258347355452869475 0 0 0 0 0 0 0 0 0 0 0 0 0 0 0 0 0 0 0 0 0 0 0 0 0 0 0 0 0 0 0 0 0 0 0 0 0 0 0 0 0 0 0 0 0 0 0 0 1 0 0 0 0 0 0 0 0 0 0 0 0 0 0]
[2777075798430571261073084613617696055172089149194406117343451987398337036621849949714116844626395343535814992783468114908391146644331808600593609658446059142329758515508218806311415054104607113 0 0 0 0 0 0 0 0 0 0 0 0 0 0 0 0 0 0 0 0 0 0 0 0 0 0 0 0 0 0 0 0 0 0 0 0 0 0 0 0 0 0 0 0 0 0 0 0 0 1 0 0 0 0 0 0 0 0 0 0 0 0 0]
[266498269499683858252108140527136611308840197604527216627872372271157806712226015059575593718250429962679707452479352403244061976471526126887148153301515363911035720637813412070293316428736426 0 0 0 0 0 0 0 0 0 0 0 0 0 0 0 0 0 0 0 0 0 0 0 0 0 0 0 0 0 0 0 0 0 0 0 0 0 0 0 0 0 0 0 0 0 0 0 0 0 0 1 0 0 0 0 0 0 0 0 0 0 0 0]
[2514028799597378103937172296107855029609891281640347567820430851618782442368464776044083229049767520686323350097723402897748213004423602370969887564143800151640820294904923592665525293286746975 0 0 0 0 0 0 0 0 0 0 0 0 0 0 0 0 0 0 0 0 0 0 0 0 0 0 0 0 0 0 0 0 0 0 0 0 0 0 0 0 0 0 0 0 0 0 0 0 0 0 0 1 0 0 0 0 0 0 0 0 0 0 0]
[573763504381820660012956794682019023129243752674576001309942541846737159857720239690672429047101692791389374538837056967970694427944594666622589514297149497430903111280269769081095259900363897 0 0 0 0 0 0 0 0 0 0 0 0 0 0 0 0 0 0 0 0 0 0 0 0 0 0 0 0 0 0 0 0 0 0 0 0 0 0 0 0 0 0 0 0 0 0 0 0 0 0 0 0 1 0 0 0 0 0 0 0 0 0 0]
[2200745046638950520724014124800509942722645205104397828712577999610930853129341516325134733964260217078875172053203938970565829233443636355608947501400522572459907798076190209518759652845609005 0 0 0 0 0 0 0 0 0 0 0 0 0 0 0 0 0 0 0 0 0 0 0 0 0 0 0 0 0 0 0 0 0 0 0 0 0 0 0 0 0 0 0 0 0 0 0 0 0 0 0 0 0 1 0 0 0 0 0 0 0 0 0]
[2020653950035252525105628085166046055758647016795059198763936166505559954697551707846507242435275680157040590048445975812311755602128483941985996729023021076772071773765603311494148759614771573 0 0 0 0 0 0 0 0 0 0 0 0 0 0 0 0 0 0 0 0 0 0 0 0 0 0 0 0 0 0 0 0 0 0 0 0 0 0 0 0 0 0 0 0 0 0 0 0 0 0 0 0 0 0 1 0 0 0 0 0 0 0 0]
[460179261907611240364599989690833739664734495605353954705378266331603146051499450373490937717098911252162595071584492513411609470409043101025351796821821918997106167415656996807344109227039996 0 0 0 0 0 0 0 0 0 0 0 0 0 0 0 0 0 0 0 0 0 0 0 0 0 0 0 0 0 0 0 0 0 0 0 0 0 0 0 0 0 0 0 0 0 0 0 0 0 0 0 0 0 0 0 1 0 0 0 0 0 0 0]
[1186530643303300194349566327528186798192712575925221935724718626296111230745178056906040966743559337194338026985079997928172393524393530891426741906462491343105428186096618783854329790220550427 0 0 0 0 0 0 0 0 0 0 0 0 0 0 0 0 0 0 0 0 0 0 0 0 0 0 0 0 0 0 0 0 0 0 0 0 0 0 0 0 0 0 0 0 0 0 0 0 0 0 0 0 0 0 0 0 1 0 0 0 0 0 0]
[2958853133736098340126373469094672005004301639969979474346788324822508869541956581737555456433176114380008329404674574959886599093589651557991996288210262243159727230831792759808183934350718119 0 0 0 0 0 0 0 0 0 0 0 0 0 0 0 0 0 0 0 0 0 0 0 0 0 0 0 0 0 0 0 0 0 0 0 0 0 0 0 0 0 0 0 0 0 0 0 0 0 0 0 0 0 0 0 0 0 1 0 0 0 0 0]
[1533182195281011591353117065095526632820409106805120777581674637753131065640593648340095447700793237686921751798750358052839129471607149339188619761231151244858341941526684644757824148420709248 0 0 0 0 0 0 0 0 0 0 0 0 0 0 0 0 0 0 0 0 0 0 0 0 0 0 0 0 0 0 0 0 0 0 0 0 0 0 0 0 0 0 0 0 0 0 0 0 0 0 0 0 0 0 0 0 0 0 1 0 0 0 0]
[52812145470884892908260740697751950591510915493269729432354335008179434980689363447015581221337845910200711112857203846991111781483630058752291584865462644294852071318815894997440833390944421 0 0 0 0 0 0 0 0 0 0 0 0 0 0 0 0 0 0 0 0 0 0 0 0 0 0 0 0 0 0 0 0 0 0 0 0 0 0 0 0 0 0 0 0 0 0 0 0 0 0 0 0 0 0 0 0 0 0 0 1 0 0 0]
[470686111719095348009146718946425029571422351932926574044842586086494835001985150067009770068838269183926748015884191819443044347749212380363919525855898470014037517933402944415790748876244476 0 0 0 0 0 0 0 0 0 0 0 0 0 0 0 0 0 0 0 0 0 0 0 0 0 0 0 0 0 0 0 0 0 0 0 0 0 0 0 0 0 0 0 0 0 0 0 0 0 0 0 0 0 0 0 0 0 0 0 0 1 0 0]
[801553871645554585536103584731238383469945681566012198984941501757890607145630969627613992908030810126162604131251434657098177830251102115662231781814323000431285851184055448537662325535821289 0 0 0 0 0 0 0 0 0 0 0 0 0 0 0 0 0 0 0 0 0 0 0 0 0 0 0 0 0 0 0 0 0 0 0 0 0 0 0 0 0 0 0 0 0 0 0 0 0 0 0 0 0 0 0 0 0 0 0 0 0 1 0]
[577560091598905109057792745996539276537654250476626387064292530816991554759575700817782473639851051475353537577322314159795018839613077866765788246592215818920636257697313618027866852235592201 0 0 0 0 0 0 0 0 0 0 0 0 0 0 0 0 0 0 0 0 0 0 0 0 0 0 0 0 0 0 0 0 0 0 0 0 0 0 0 0 0 0 0 0 0 0 0 0 0 0 0 0 0 0 0 0 0 0 0 0 0 0 1]
]
