[[3093237011895388306567176453378121076542658880523431532758996421790025157698787569817213178301997211296184487783919100541316321398898635713625375883398316613862107216030442997253801794146729913 0 0 0 0 0 0 0 0 0 0 0 0 0 0 0 0 0 0 0 0 0 0 0 0 0 0 0 0 0 0 0 0 0 0 0 0 0 0 0 0 0 0 0 0 0 0 0 0 0 0 0 0 0 0 0 0 0 0 0 0 0 0 0]
[555839879630478446092385513060126724289240639747409703999574746224265431166331662262463838674569724343938566436174860537257446355843881861633710169830340392473800516179960553417662392035182021 1 0 0 0 0 0 0 0 0 0 0 0 0 0 0 0 0 0 0 0 0 0 0 0 0 0 0 0 0 0 0 0 0 0 0 0 0 0 0 0 0 0 0 0 0 0 0 0 0 0 0 0 0 0 0 0 0 0 0 0 0 0 0]
[2789970453972872418234056032542497654149204311328105287109586599151661480915652050653861170150288596679625416434572508030435072805070720730067247131986991476070584361752377792152329961721809467 0 1 0 0 0 0 0 0 0 0 0 0 0 0 0 0 0 0 0 0 0 0 0 0 0 0 0 0 0 0 0 0 0 0 0 0 0 0 0 0 0 0 0 0 0 0 0 0 0 0 0 0 0 0 0 0 0 0 0 0 0 0 0]
[682923320671600433987196536125118974420515997015610568960600725286839051186138223688824066410813932078141421913200371531724054916290914671807004784365351997431490426043963409934587261077372703 0 0 1 0 0 0 0 0 0 0 0 0 0 0 0 0 0 0 0 0 0 0 0 0 0 0 0 0 0 0 0 0 0 0 0 0 0 0 0 0 0 0 0 0 0 0 0 0 0 0 0 0 0 0 0 0 0 0 0 0 0 0 0]
[687725608599249651636244806762635036709575915917795164780777567877409991578168696591247788589469820537254539400833737054635913709698414114037683290491405749698748880603771038370814439961308827 0 0 0 1 0 0 0 0 0 0 0 0 0 0 0 0 0 0 0 0 0 0 0 0 0 0 0 0 0 0 0 0 0 0 0 0 0 0 0 0 0 0 0 0 0 0 0 0 0 0 0 0 0 0 0 0 0 0 0 0 0 0 0]
[2702054023127926343968047812300147742972714227992979308497384760622127212894806447993908417638990093309217290177823545702098451605886520384591415193906365917006429041503927812005350323830798757 0 0 0 0 1 0 0 0 0 0 0 0 0 0 0 0 0 0 0 0 0 0 0 0 0 0 0 0 0 0 0 0 0 0 0 0 0 0 0 0 0 0 0 0 0 0 0 0 0 0 0 0 0 0 0 0 0 0 0 0 0 0 0]
[494214531923724874610006696212034384170066962313239811795801716945422802696423084804163436008636157041614943950758021864906648089500392154228348180234134185125771524543306584131379496320622211 0 0 0 0 0 1 0 0 0 0 0 0 0 0 0 0 0 0 0 0 0 0 0 0 0 0 0 0 0 0 0 0 0 0 0 0 0 0 0 0 0 0 0 0 0 0 0 0 0 0 0 0 0 0 0 0 0 0 0 0 0 0 0]
[605828458881148689639804547324636351089933479727355605998562299833813817752813939398794180725794828761918128827624883085663928628345575088627879668946463246274433258290819663410728026385063719 0 0 0 0 0 0 1 0 0 0 0 0 0 0 0 0 0 0 0 0 0 0 0 0 0 0 0 0 0 0 0 0 0 0 0 0 0 0 0 0 0 0 0 0 0 0 0 0 0 0 0 0 0 0 0 0 0 0 0 0 0 0 0]
[2895005462997808625727672766377183983417924025433051754967442862644416742673232673204097522944651891929093595152179931825445283890772587563271284649857296573168483783871082109929979679222584726 0 0 0 0 0 0 0 1 0 0 0 0 0 0 0 0 0 0 0 0 0 0 0 0 0 0 0 0 0 0 0 0 0 0 0 0 0 0 0 0 0 0 0 0 0 0 0 0 0 0 0 0 0 0 0 0 0 0 0 0 0 0 0]
[1940939279850397728378389729623494868571426682326485013994410089649811490674898529408813686319086209437494869370027127822104359200189325748989900677621177211702539217721144395599564343385997449 0 0 0 0 0 0 0 0 1 0 0 0 0 0 0 0 0 0 0 0 0 0 0 0 0 0 0 0 0 0 0 0 0 0 0 0 0 0 0 0 0 0 0 0 0 0 0 0 0 0 0 0 0 0 0 0 0 0 0 0 0 0 0]
[1222013863623444394811469136599105138729771915431698621362768887677541377225576774569975070315757923991719170282215410245397325554799181116504053585363249583656191265802412211731112514251636529 0 0 0 0 0 0 0 0 0 1 0 0 0 0 0 0 0 0 0 0 0 0 0 0 0 0 0 0 0 0 0 0 0 0 0 0 0 0 0 0 0 0 0 0 0 0 0 0 0 0 0 0 0 0 0 0 0 0 0 0 0 0 0]
[627657364322400668016993082023053744109241912837851015090999950430825528220765404121556097451393182563802159002962742106398939733628520356522275145585774013003843989218558303844343936401583484 0 0 0 0 0 0 0 0 0 0 1 0 0 0 0 0 0 0 0 0 0 0 0 0 0 0 0 0 0 0 0 0 0 0 0 0 0 0 0 0 0 0 0 0 0 0 0 0 0 0 0 0 0 0 0 0 0 0 0 0 0 0 0]
[519086655024724357752509365914572561067962081910660696430148058645088298879629482970704784312573039709554381605954241870429319106030321807991521225182755836180832946636603970287207243732924804 0 0 0 0 0 0 0 0 0 0 0 1 0 0 0 0 0 0 0 0 0 0 0 0 0 0 0 0 0 0 0 0 0 0 0 0 0 0 0 0 0 0 0 0 0 0 0 0 0 0 0 0 0 0 0 0 0 0 0 0 0 0 0]
[2178877056556732398977101433905296268098305017243176242697723249258720690887890374748702679700599714352700202220001422934473037142167069803541429600170992106978119030115562226306958539261450093 0 0 0 0 0 0 0 0 0 0 0 0 1 0 0 0 0 0 0 0 0 0 0 0 0 0 0 0 0 0 0 0 0 0 0 0 0 0 0 0 0 0 0 0 0 0 0 0 0 0 0 0 0 0 0 0 0 0 0 0 0 0 0]
[1119744947444801960186239295475983060377320888739882180265415383580177705649187948999413293594017760266427617437780661399199234810046772730152521129646337374342163663255535228541870872261305676 0 0 0 0 0 0 0 0 0 0 0 0 0 1 0 0 0 0 0 0 0 0 0 0 0 0 0 0 0 0 0 0 0 0 0 0 0 0 0 0 0 0 0 0 0 0 0 0 0 0 0 0 0 0 0 0 0 0 0 0 0 0 0]
[992605078584333432746485767613641605829622660751815397370895275794676417182844207129701180401364375356515783537709031854768394303243836522339366983070890466947851310728377477945095359795496191 0 0 0 0 0 0 0 0 0 0 0 0 0 0 1 0 0 0 0 0 0 0 0 0 0 0 0 0 0 0 0 0 0 0 0 0 0 0 0 0 0 0 0 0 0 0 0 0 0 0 0 0 0 0 0 0 0 0 0 0 0 0 0]
[1950165979642494223129395822395908993709440896807277700258408021521988951386236379632936129040562577562966407001664378566356039144187680844929255709363282600901637200877760603934754860736335154 0 0 0 0 0 0 0 0 0 0 0 0 0 0 0 1 0 0 0 0 0 0 0 0 0 0 0 0 0 0 0 0 0 0 0 0 0 0 0 0 0 0 0 0 0 0 0 0 0 0 0 0 0 0 0 0 0 0 0 0 0 0 0]
[2640492682189595483913743640117255550570418175820530992153805099497216091231793031017024816692693591034783003649035250519257325302161860951724649191525982741643403257670070310375128341340406019 0 0 0 0 0 0 0 0 0 0 0 0 0 0 0 0 1 0 0 0 0 0 0 0 0 0 0 0 0 0 0 0 0 0 0 0 0 0 0 0 0 0 0 0 0 0 0 0 0 0 0 0 0 0 0 0 0 0 0 0 0 0 0]
[1812375247386366421493860809809424237169721678485308028611320077310660729561890648018563859112768508319564093236040551053717681321427305389774646887690350962752332715984296022085522764534779784 0 0 0 0 0 0 0 0 0 0 0 0 0 0 0 0 0 1 0 0 0 0 0 0 0 0 0 0 0 0 0 0 0 0 0 0 0 0 0 0 0 0 0 0 0 0 0 0 0 0 0 0 0 0 0 0 0 0 0 0 0 0 0]
[2120195134800312818576494192645610027448271343849831469814218307314643900615014474051806899434764488444021714092959314630921890129777259737365381887870944281852159473820206930709052514967975653 0 0 0 0 0 0 0 0 0 0 0 0 0 0 0 0 0 0 1 0 0 0 0 0 0 0 0 0 0 0 0 0 0 0 0 0 0 0 0 0 0 0 0 0 0 0 0 0 0 0 0 0 0 0 0 0 0 0 0 0 0 0 0]
[843477096991425506855423663345046793430285131187092357850205742616582753947339481086342770564275152863613875701560299845609082988800906401442629445098062050875345198153275757929036043248400273 0 0 0 0 0 0 0 0 0 0 0 0 0 0 0 0 0 0 0 1 0 0 0 0 0 0 0 0 0 0 0 0 0 0 0 0 0 0 0 0 0 0 0 0 0 0 0 0 0 0 0 0 0 0 0 0 0 0 0 0 0 0 0]
[422767526419702823468003936606830840702252263045965310104680512638957664975554665597476593941996505576703137285547769855541203936887425718661209672162936225094506360470208353443808821613258673 0 0 0 0 0 0 0 0 0 0 0 0 0 0 0 0 0 0 0 0 1 0 0 0 0 0 0 0 0 0 0 0 0 0 0 0 0 0 0 0 0 0 0 0 0 0 0 0 0 0 0 0 0 0 0 0 0 0 0 0 0 0 0]
[1865628894870003409081733258814702552499098167805502385490537370584879041076963514002623278908887041552874690876955187601123189172809961857087514494824071393284215224877453816092769114819081501 0 0 0 0 0 0 0 0 0 0 0 0 0 0 0 0 0 0 0 0 0 1 0 0 0 0 0 0 0 0 0 0 0 0 0 0 0 0 0 0 0 0 0 0 0 0 0 0 0 0 0 0 0 0 0 0 0 0 0 0 0 0 0]
[473396275928096206096335843328146693280860033218376370292361453239977351584296001578491200011223395284200932956480843784031621533833853844480414354940161261033699770469376252532574676865976423 0 0 0 0 0 0 0 0 0 0 0 0 0 0 0 0 0 0 0 0 0 0 1 0 0 0 0 0 0 0 0 0 0 0 0 0 0 0 0 0 0 0 0 0 0 0 0 0 0 0 0 0 0 0 0 0 0 0 0 0 0 0 0]
[2050712160305555424163794584727610054781685186427673285402311382708363514564258428496059150633966611024154576770347177393288858609710369201584401246313247791516463029835077886394546644119791957 0 0 0 0 0 0 0 0 0 0 0 0 0 0 0 0 0 0 0 0 0 0 0 1 0 0 0 0 0 0 0 0 0 0 0 0 0 0 0 0 0 0 0 0 0 0 0 0 0 0 0 0 0 0 0 0 0 0 0 0 0 0 0]
[2382533241957106734696255336552037569843418000876256514158343676936404085487401895877310480309865520314093169215800489480660809245632375012003257198880513366057355405291338462605676807429345137 0 0 0 0 0 0 0 0 0 0 0 0 0 0 0 0 0 0 0 0 0 0 0 0 1 0 0 0 0 0 0 0 0 0 0 0 0 0 0 0 0 0 0 0 0 0 0 0 0 0 0 0 0 0 0 0 0 0 0 0 0 0 0]
[1013540040328943350949512940182795246158044388333927254422541379549449666074340740312476901723917139166858171285088786871454128641341356082893665100204201628077249620985948826275662169998922517 0 0 0 0 0 0 0 0 0 0 0 0 0 0 0 0 0 0 0 0 0 0 0 0 0 1 0 0 0 0 0 0 0 0 0 0 0 0 0 0 0 0 0 0 0 0 0 0 0 0 0 0 0 0 0 0 0 0 0 0 0 0 0]
[1647412301373090675169554763628315551910167122923543928043370287327616079354946125120011045127377545173918820357056465367025978243318893182688477533644065744016487194619659162406527686353737893 0 0 0 0 0 0 0 0 0 0 0 0 0 0 0 0 0 0 0 0 0 0 0 0 0 0 1 0 0 0 0 0 0 0 0 0 0 0 0 0 0 0 0 0 0 0 0 0 0 0 0 0 0 0 0 0 0 0 0 0 0 0 0]
[2027858259165796879849000950576887094446094486516122616169460855602009630596833981518822460803730808532466591215162614047050298507657242550457317388118710822479151992394319745102202423276730067 0 0 0 0 0 0 0 0 0 0 0 0 0 0 0 0 0 0 0 0 0 0 0 0 0 0 0 1 0 0 0 0 0 0 0 0 0 0 0 0 0 0 0 0 0 0 0 0 0 0 0 0 0 0 0 0 0 0 0 0 0 0 0]
[2855465151652674463588155206825318266582468410459171022525909281916619574389678730495208530809200986060981492123470793362463249856256409688720082990495870792457632011046007065458610843499250266 0 0 0 0 0 0 0 0 0 0 0 0 0 0 0 0 0 0 0 0 0 0 0 0 0 0 0 0 1 0 0 0 0 0 0 0 0 0 0 0 0 0 0 0 0 0 0 0 0 0 0 0 0 0 0 0 0 0 0 0 0 0 0]
[1771027433937930788618195702264271147377488380678983662583537323993435834555198062927775892870888325364950076939593779560548807123665901281313468030881955457089197750241717031163540657534094868 0 0 0 0 0 0 0 0 0 0 0 0 0 0 0 0 0 0 0 0 0 0 0 0 0 0 0 0 0 1 0 0 0 0 0 0 0 0 0 0 0 0 0 0 0 0 0 0 0 0 0 0 0 0 0 0 0 0 0 0 0 0 0]
[3057963551380892075478351249931016107877166455413770042098244538392161376690580499012762909224302235004357821784739476664579390153198120893047379438287424498022437286968558171057346709169654593 0 0 0 0 0 0 0 0 0 0 0 0 0 0 0 0 0 0 0 0 0 0 0 0 0 0 0 0 0 0 1 0 0 0 0 0 0 0 0 0 0 0 0 0 0 0 0 0 0 0 0 0 0 0 0 0 0 0 0 0 0 0 0]
[1201213676354305710144211356593304123182467171263853001396973003624742261621594525739974473116150029152495982571834455430336476778467169592394052814036951121370743487781579679864738645598199706 0 0 0 0 0 0 0 0 0 0 0 0 0 0 0 0 0 0 0 0 0 0 0 0 0 0 0 0 0 0 0 1 0 0 0 0 0 0 0 0 0 0 0 0 0 0 0 0 0 0 0 0 0 0 0 0 0 0 0 0 0 0 0]
[2745611703380331517683970307806528674109697311537334986986283753051561636589208912961730873615437266558825076588607941559607467138772423896266490484446754884337873703731525491728812278634284907 0 0 0 0 0 0 0 0 0 0 0 0 0 0 0 0 0 0 0 0 0 0 0 0 0 0 0 0 0 0 0 0 1 0 0 0 0 0 0 0 0 0 0 0 0 0 0 0 0 0 0 0 0 0 0 0 0 0 0 0 0 0 0]
[2582141651635024808344997581476353352919927760084260494122265389255051337675636683256446923287094416584698808869913087390575396401549313594539109272437178032447072045833083705631353539184658704 0 0 0 0 0 0 0 0 0 0 0 0 0 0 0 0 0 0 0 0 0 0 0 0 0 0 0 0 0 0 0 0 0 1 0 0 0 0 0 0 0 0 0 0 0 0 0 0 0 0 0 0 0 0 0 0 0 0 0 0 0 0 0]
[1355066624992179942259257159883743331564001399461294439162553135062694308950869038823670742362602985865349501606955920266491415438526694076314210375014482648895397056573315744743120304794990336 0 0 0 0 0 0 0 0 0 0 0 0 0 0 0 0 0 0 0 0 0 0 0 0 0 0 0 0 0 0 0 0 0 0 1 0 0 0 0 0 0 0 0 0 0 0 0 0 0 0 0 0 0 0 0 0 0 0 0 0 0 0 0]
[1176943723172481281522465413032874427573379750508942875931625259627813354794740963252195144874143150157097339080677420735880480094629255951670241142359322740145222091904704391200584271580069334 0 0 0 0 0 0 0 0 0 0 0 0 0 0 0 0 0 0 0 0 0 0 0 0 0 0 0 0 0 0 0 0 0 0 0 1 0 0 0 0 0 0 0 0 0 0 0 0 0 0 0 0 0 0 0 0 0 0 0 0 0 0 0]
[652489286457092348125624289708663704025436425000632703345158765583764343525049559062661381037034821541577568805288906547453700784137128484520739661413084861566963834777658843419246540105348253 0 0 0 0 0 0 0 0 0 0 0 0 0 0 0 0 0 0 0 0 0 0 0 0 0 0 0 0 0 0 0 0 0 0 0 0 1 0 0 0 0 0 0 0 0 0 0 0 0 0 0 0 0 0 0 0 0 0 0 0 0 0 0]
[1327761123586400668608704804650659350053635427211066226525698948545031796233288709782511238266204101701377745291464591387578498719375597762591854939886634774044441740470489004094009726387232978 0 0 0 0 0 0 0 0 0 0 0 0 0 0 0 0 0 0 0 0 0 0 0 0 0 0 0 0 0 0 0 0 0 0 0 0 0 1 0 0 0 0 0 0 0 0 0 0 0 0 0 0 0 0 0 0 0 0 0 0 0 0 0]
[163253541316442774745201553206876582958126020441490892913959186297440664902314234434361087971700667333366912433184436409467909378669834996647703916005558908401599217340937675171770537911489014 0 0 0 0 0 0 0 0 0 0 0 0 0 0 0 0 0 0 0 0 0 0 0 0 0 0 0 0 0 0 0 0 0 0 0 0 0 0 1 0 0 0 0 0 0 0 0 0 0 0 0 0 0 0 0 0 0 0 0 0 0 0 0]
[1306881278610686275760800808042275451639393376489450492523314260979610735695346824564215731166675313721110080714205085513482393414001577279479232169374332635012103878652600031011413224833747429 0 0 0 0 0 0 0 0 0 0 0 0 0 0 0 0 0 0 0 0 0 0 0 0 0 0 0 0 0 0 0 0 0 0 0 0 0 0 0 1 0 0 0 0 0 0 0 0 0 0 0 0 0 0 0 0 0 0 0 0 0 0 0]
[2912838765510671862020370778493574876451927831851325800377272243456499069836679552186699589319862224923524454498106088124086670707797528394207903133542458818101262070267268955816480145757770889 0 0 0 0 0 0 0 0 0 0 0 0 0 0 0 0 0 0 0 0 0 0 0 0 0 0 0 0 0 0 0 0 0 0 0 0 0 0 0 0 1 0 0 0 0 0 0 0 0 0 0 0 0 0 0 0 0 0 0 0 0 0 0]
[316246048299536337371140532457510547851621719329512315629449656171782624484410429048756480139955888396574239969221928927914214734814084897238504533535786629302753226761366247705081597603273986 0 0 0 0 0 0 0 0 0 0 0 0 0 0 0 0 0 0 0 0 0 0 0 0 0 0 0 0 0 0 0 0 0 0 0 0 0 0 0 0 0 1 0 0 0 0 0 0 0 0 0 0 0 0 0 0 0 0 0 0 0 0 0]
[1908895396045044722976032016530538312540513410731796351161089077595899569274070446346649268016687753154222139634605359372937714617726163727098164293796493090798632256152443679239699168421610213 0 0 0 0 0 0 0 0 0 0 0 0 0 0 0 0 0 0 0 0 0 0 0 0 0 0 0 0 0 0 0 0 0 0 0 0 0 0 0 0 0 0 1 0 0 0 0 0 0 0 0 0 0 0 0 0 0 0 0 0 0 0 0]
[2522716011328453402869324211061411885929209962757670149828499476125070433218818366970009105936375943485685328267705814932788300263186743598374223206091913961251678922900035961517801849045241548 0 0 0 0 0 0 0 0 0 0 0 0 0 0 0 0 0 0 0 0 0 0 0 0 0 0 0 0 0 0 0 0 0 0 0 0 0 0 0 0 0 0 0 1 0 0 0 0 0 0 0 0 0 0 0 0 0 0 0 0 0 0 0]
[941109750385481492809521645968539250683829281658447103407450402519860996751506683471058976390638474388344469462533734018886711148492099990394911640452315045224810690556468972113249897500892533 0 0 0 0 0 0 0 0 0 0 0 0 0 0 0 0 0 0 0 0 0 0 0 0 0 0 0 0 0 0 0 0 0 0 0 0 0 0 0 0 0 0 0 0 1 0 0 0 0 0 0 0 0 0 0 0 0 0 0 0 0 0 0]
[1633862579873447980668832939489532308634542316760566356282893380828207850998405463165265253008634467042902224853738144387919286832052279480419434024941751861955617358115641774768805545005294597 0 0 0 0 0 0 0 0 0 0 0 0 0 0 0 0 0 0 0 0 0 0 0 0 0 0 0 0 0 0 0 0 0 0 0 0 0 0 0 0 0 0 0 0 0 1 0 0 0 0 0 0 0 0 0 0 0 0 0 0 0 0 0]
[2640074100661477392267914846826995358480578215948388802858837130182544072984418347098101901109165437188365325317590318159233882697353548530339542037006893796068569715243425393612831720897035508 0 0 0 0 0 0 0 0 0 0 0 0 0 0 0 0 0 0 0 0 0 0 0 0 0 0 0 0 0 0 0 0 0 0 0 0 0 0 0 0 0 0 0 0 0 0 1 0 0 0 0 0 0 0 0 0 0 0 0 0 0 0 0]
[27504837058167372262417371983734610809108643532905757819524544942443493026973537551402785488187162536146034466818732820631260896124933014435480890406520389753494502518100702518472940731001047 0 0 0 0 0 0 0 0 0 0 0 0 0 0 0 0 0 0 0 0 0 0 0 0 0 0 0 0 0 0 0 0 0 0 0 0 0 0 0 0 0 0 0 0 0 0 0 1 0 0 0 0 0 0 0 0 0 0 0 0 0 0 0]
[407772080327233729742320138758688821185069203718646542216375729841935777608710472268580383338066399059018322312407867562297119811603487482126392036435951114139578482823987615438589627497718019 0 0 0 0 0 0 0 0 0 0 0 0 0 0 0 0 0 0 0 0 0 0 0 0 0 0 0 0 0 0 0 0 0 0 0 0 0 0 0 0 0 0 0 0 0 0 0 0 1 0 0 0 0 0 0 0 0 0 0 0 0 0 0]
[2265983351147938107685872506659674265273224468585382229143760257515359486438743368083420592239065423385023592344029324748699534667110118281380215588818970614444694778225479715883684115465760956 0 0 0 0 0 0 0 0 0 0 0 0 0 0 0 0 0 0 0 0 0 0 0 0 0 0 0 0 0 0 0 0 0 0 0 0 0 0 0 0 0 0 0 0 0 0 0 0 0 1 0 0 0 0 0 0 0 0 0 0 0 0 0]
[2545569189495435818148961292215683280482598925574277952916637949651943451144653316754919678257515403701062316469462762801265381740640888093194135914982411167963237062051728073970711036016530816 0 0 0 0 0 0 0 0 0 0 0 0 0 0 0 0 0 0 0 0 0 0 0 0 0 0 0 0 0 0 0 0 0 0 0 0 0 0 0 0 0 0 0 0 0 0 0 0 0 0 1 0 0 0 0 0 0 0 0 0 0 0 0]
[783382486856742373080570429743259358980948764270346928838544630101103579339373554443100852516759970607587197886587918323457217563732432416845178977479629873763042437608894880423474633343436924 0 0 0 0 0 0 0 0 0 0 0 0 0 0 0 0 0 0 0 0 0 0 0 0 0 0 0 0 0 0 0 0 0 0 0 0 0 0 0 0 0 0 0 0 0 0 0 0 0 0 0 1 0 0 0 0 0 0 0 0 0 0 0]
[2289590527205311914509095811110280792588540163042326592710013805970220994985427181033272894744357935346769323744574334072826424102061997470887376641005357138605656711568740133738045603591432074 0 0 0 0 0 0 0 0 0 0 0 0 0 0 0 0 0 0 0 0 0 0 0 0 0 0 0 0 0 0 0 0 0 0 0 0 0 0 0 0 0 0 0 0 0 0 0 0 0 0 0 0 1 0 0 0 0 0 0 0 0 0 0]
[208288232967726762472249385501625114806238353037978961690245856740105785745439065322856139414807690202928177115349019096271989670933637975685376433273115031384914976316630610026840525490842338 0 0 0 0 0 0 0 0 0 0 0 0 0 0 0 0 0 0 0 0 0 0 0 0 0 0 0 0 0 0 0 0 0 0 0 0 0 0 0 0 0 0 0 0 0 0 0 0 0 0 0 0 0 1 0 0 0 0 0 0 0 0 0]
[3048235021670426444142302415163558590556226845572603304928599382472289824912965655550440266051536723263504944735124047876561827923240996452385588092908653279663588804811709940358574201079179994 0 0 0 0 0 0 0 0 0 0 0 0 0 0 0 0 0 0 0 0 0 0 0 0 0 0 0 0 0 0 0 0 0 0 0 0 0 0 0 0 0 0 0 0 0 0 0 0 0 0 0 0 0 0 1 0 0 0 0 0 0 0 0]
[2537901724773261790523937058630877053254464940733471479376570850965845159056007302779463344102008312505882545735918105129770291304790612983012836161060738416208681041602704166804819216740922159 0 0 0 0 0 0 0 0 0 0 0 0 0 0 0 0 0 0 0 0 0 0 0 0 0 0 0 0 0 0 0 0 0 0 0 0 0 0 0 0 0 0 0 0 0 0 0 0 0 0 0 0 0 0 0 1 0 0 0 0 0 0 0]
[2053612265227656247163168009453716205249086441978014071779493124046210707065858120593072518253012561446599319371589028871747372809449949633396390974182945106887337683997032689879913529891744884 0 0 0 0 0 0 0 0 0 0 0 0 0 0 0 0 0 0 0 0 0 0 0 0 0 0 0 0 0 0 0 0 0 0 0 0 0 0 0 0 0 0 0 0 0 0 0 0 0 0 0 0 0 0 0 0 1 0 0 0 0 0 0]
[872218946898338678473059703001845988951585766102407540087562756644836940621563911244703291643164093820786791079231314521206639888953801988269336068162197641125398065331586262551002535826512437 0 0 0 0 0 0 0 0 0 0 0 0 0 0 0 0 0 0 0 0 0 0 0 0 0 0 0 0 0 0 0 0 0 0 0 0 0 0 0 0 0 0 0 0 0 0 0 0 0 0 0 0 0 0 0 0 0 1 0 0 0 0 0]
[1166426355104798915340993537097171097169860352271758696512616428900233322141387445554491164602578575521726732492756614432017415531106984606189112094948907606400398756442363506686863334731173847 0 0 0 0 0 0 0 0 0 0 0 0 0 0 0 0 0 0 0 0 0 0 0 0 0 0 0 0 0 0 0 0 0 0 0 0 0 0 0 0 0 0 0 0 0 0 0 0 0 0 0 0 0 0 0 0 0 0 1 0 0 0 0]
[2872667787660475206344643365977767274449771552847018829934917455219312778135259876191246268528542509396556101815645293609547877550088034913176682996952547316295038435958653668132919071465302421 0 0 0 0 0 0 0 0 0 0 0 0 0 0 0 0 0 0 0 0 0 0 0 0 0 0 0 0 0 0 0 0 0 0 0 0 0 0 0 0 0 0 0 0 0 0 0 0 0 0 0 0 0 0 0 0 0 0 0 1 0 0 0]
[600976727898373404681513011748463731671552416361256217093831128532392715794783007301099477923882299727333105919528788647554750122344263385516139730641786950252006727652387359215243208525300064 0 0 0 0 0 0 0 0 0 0 0 0 0 0 0 0 0 0 0 0 0 0 0 0 0 0 0 0 0 0 0 0 0 0 0 0 0 0 0 0 0 0 0 0 0 0 0 0 0 0 0 0 0 0 0 0 0 0 0 0 1 0 0]
[238341890908719557089548157099030913237805595563503372682876923747525591319504488971028220513049998240944666839327647746815511364780432058573196977393057928356603594717514685937737786542368177 0 0 0 0 0 0 0 0 0 0 0 0 0 0 0 0 0 0 0 0 0 0 0 0 0 0 0 0 0 0 0 0 0 0 0 0 0 0 0 0 0 0 0 0 0 0 0 0 0 0 0 0 0 0 0 0 0 0 0 0 0 1 0]
[1989255698387022702709829472796905415127780633239162890655057231894425319836207426179493489147665340495541540510809887470983990004788993737112062013689369924633539276554730676147224665662133078 0 0 0 0 0 0 0 0 0 0 0 0 0 0 0 0 0 0 0 0 0 0 0 0 0 0 0 0 0 0 0 0 0 0 0 0 0 0 0 0 0 0 0 0 0 0 0 0 0 0 0 0 0 0 0 0 0 0 0 0 0 0 1]
]
