[[6797114864107419556941077789464921031975239065111685193232988412135143569463630372363993368265967976077582678152264773464052689119586453197088476747777048246863530787324442808852422286308058306197280376826328437842644373056494327617466470783887139788259164370646265812032323945211915002495697527357795348423 0 0 0 0 0 0 0 0 0 0 0 0 0 0 0 0 0 0 0 0 0 0 0 0 0 0 0 0 0 0 0 0 0 0 0 0 0 0 0 0 0 0 0 0 0 0 0 0 0 0 0 0 0 0 0 0 0 0 0 0 0 0 0 0 0 0 0 0 0 0 0 0 0 0 0 0 0 0 0 0 0 0 0 0 0 0 0 0 0 0 0 0 0 0 0 0 0 0 0 0 0]
[1463200889387190845651598489271242870699677191527320640720400741517727194831959997112810141147819582878298446853277869990855644914374658131158245343528294882301491301871413469662431204389198072550589183539584157882375830508620456850457042727766340630081723505763344960923399671712271721217873016326920904182 1 0 0 0 0 0 0 0 0 0 0 0 0 0 0 0 0 0 0 0 0 0 0 0 0 0 0 0 0 0 0 0 0 0 0 0 0 0 0 0 0 0 0 0 0 0 0 0 0 0 0 0 0 0 0 0 0 0 0 0 0 0 0 0 0 0 0 0 0 0 0 0 0 0 0 0 0 0 0 0 0 0 0 0 0 0 0 0 0 0 0 0 0 0 0 0 0 0 0 0 0]
[2428261101661390113665991121312264441470907467367926773694238765170772974898536206449648791939189939590022017304520719482417495864757260816317728821600659292433357608992098939541754572973651601701010748921104589384277495036093845036962713303198791835525643824765862323133109001318137578852341773509753050605 0 1 0 0 0 0 0 0 0 0 0 0 0 0 0 0 0 0 0 0 0 0 0 0 0 0 0 0 0 0 0 0 0 0 0 0 0 0 0 0 0 0 0 0 0 0 0 0 0 0 0 0 0 0 0 0 0 0 0 0 0 0 0 0 0 0 0 0 0 0 0 0 0 0 0 0 0 0 0 0 0 0 0 0 0 0 0 0 0 0 0 0 0 0 0 0 0 0 0 0 0]
[6755126593798043760308906036168292765257607667496842276780594962920444054741172276678633820567348242056458445597413845844723135679725858744457924951452680744921297824697841120690741661566878536105873333764755608961743249331763506994729709010521368859313168158703197584838571029014726179632415544355681974719 0 0 1 0 0 0 0 0 0 0 0 0 0 0 0 0 0 0 0 0 0 0 0 0 0 0 0 0 0 0 0 0 0 0 0 0 0 0 0 0 0 0 0 0 0 0 0 0 0 0 0 0 0 0 0 0 0 0 0 0 0 0 0 0 0 0 0 0 0 0 0 0 0 0 0 0 0 0 0 0 0 0 0 0 0 0 0 0 0 0 0 0 0 0 0 0 0 0 0 0 0]
[2787620532525555350051398069417660087203306365267938287744027960912307340977288859536516995174896306308244164419540179383425854061328568149593423817269260230214632735365908468164421539983392044107553079715733901687015569304703642054183241927182617001194893958245954153866887036566974717833845642654211188691 0 0 0 1 0 0 0 0 0 0 0 0 0 0 0 0 0 0 0 0 0 0 0 0 0 0 0 0 0 0 0 0 0 0 0 0 0 0 0 0 0 0 0 0 0 0 0 0 0 0 0 0 0 0 0 0 0 0 0 0 0 0 0 0 0 0 0 0 0 0 0 0 0 0 0 0 0 0 0 0 0 0 0 0 0 0 0 0 0 0 0 0 0 0 0 0 0 0 0 0 0]
[3288111663399619691283728185823340124477071763708617438613693994227304471864600188613981997856242018398045150070604802981277015165651403669778966122884597418024546491208784467440813972871043751602399145067229962760909643898129218446865223327794442846320604590454481360968821009826342777986933728194911230291 0 0 0 0 1 0 0 0 0 0 0 0 0 0 0 0 0 0 0 0 0 0 0 0 0 0 0 0 0 0 0 0 0 0 0 0 0 0 0 0 0 0 0 0 0 0 0 0 0 0 0 0 0 0 0 0 0 0 0 0 0 0 0 0 0 0 0 0 0 0 0 0 0 0 0 0 0 0 0 0 0 0 0 0 0 0 0 0 0 0 0 0 0 0 0 0 0 0 0 0 0]
[4868138650958853393806725680290756842264846539475452416541922978696859845591946706988340488377650512239748811572883324022726706755071992584565771261985768824271226933427405547249891445486098063775063680162869133378848056913076723871980111447315735514970522929316961885117134550194003230111688085399747436658 0 0 0 0 0 1 0 0 0 0 0 0 0 0 0 0 0 0 0 0 0 0 0 0 0 0 0 0 0 0 0 0 0 0 0 0 0 0 0 0 0 0 0 0 0 0 0 0 0 0 0 0 0 0 0 0 0 0 0 0 0 0 0 0 0 0 0 0 0 0 0 0 0 0 0 0 0 0 0 0 0 0 0 0 0 0 0 0 0 0 0 0 0 0 0 0 0 0 0 0 0]
[6377965569072278800905375316372695549163992032903469926382006581552899113433424902800117439503227190031822535908377663636015655268053751047175257439137053967546344328032653439385959081031961709368526043604048043762610035563524129691145145737867867402100622827205651440282695142612036596753054475878499294558 0 0 0 0 0 0 1 0 0 0 0 0 0 0 0 0 0 0 0 0 0 0 0 0 0 0 0 0 0 0 0 0 0 0 0 0 0 0 0 0 0 0 0 0 0 0 0 0 0 0 0 0 0 0 0 0 0 0 0 0 0 0 0 0 0 0 0 0 0 0 0 0 0 0 0 0 0 0 0 0 0 0 0 0 0 0 0 0 0 0 0 0 0 0 0 0 0 0 0 0 0]
[3714236207008551450537948177237258585218186075307783024562016214829327460339556930850112604149051867287257293718677700754557616985105329658032710275265517644409326641654250544444327735292440300072189215700232331204610853186418563051221332229597332085054014655297395618761748543169278750885623845524272519171 0 0 0 0 0 0 0 1 0 0 0 0 0 0 0 0 0 0 0 0 0 0 0 0 0 0 0 0 0 0 0 0 0 0 0 0 0 0 0 0 0 0 0 0 0 0 0 0 0 0 0 0 0 0 0 0 0 0 0 0 0 0 0 0 0 0 0 0 0 0 0 0 0 0 0 0 0 0 0 0 0 0 0 0 0 0 0 0 0 0 0 0 0 0 0 0 0 0 0 0 0]
[182887613446082393646578946830751667488793159422438655747650865532688598656672039670169621434528486955803295207426007817143435200129309537825200588313226437956260103155533330591541467022577610016875501948095150164295092738379621783717167109895189714388132971946501738777515877363909922905776628788077525837 0 0 0 0 0 0 0 0 1 0 0 0 0 0 0 0 0 0 0 0 0 0 0 0 0 0 0 0 0 0 0 0 0 0 0 0 0 0 0 0 0 0 0 0 0 0 0 0 0 0 0 0 0 0 0 0 0 0 0 0 0 0 0 0 0 0 0 0 0 0 0 0 0 0 0 0 0 0 0 0 0 0 0 0 0 0 0 0 0 0 0 0 0 0 0 0 0 0 0 0 0]
[5823529542470298614712919120474739215629841377077350019995806835009135965441860474857791657227993367338689708750115729197428937801869437382099714960672419805361710418089543181727884542187737144194195611979244475517708964401983989400698353722118225061390552864488051642982496620269362549654908078451959981473 0 0 0 0 0 0 0 0 0 1 0 0 0 0 0 0 0 0 0 0 0 0 0 0 0 0 0 0 0 0 0 0 0 0 0 0 0 0 0 0 0 0 0 0 0 0 0 0 0 0 0 0 0 0 0 0 0 0 0 0 0 0 0 0 0 0 0 0 0 0 0 0 0 0 0 0 0 0 0 0 0 0 0 0 0 0 0 0 0 0 0 0 0 0 0 0 0 0 0 0 0]
[3268510788140987141001039993163419374821583182056505251413738045752135078384254179313376055141423296751096277636439662494894706018489875642280697082105229969927638939635715482939958558189024148825735116745517387779864964154952231576302525447109345381696115891901206322720008043464762511635144958783995778604 0 0 0 0 0 0 0 0 0 0 1 0 0 0 0 0 0 0 0 0 0 0 0 0 0 0 0 0 0 0 0 0 0 0 0 0 0 0 0 0 0 0 0 0 0 0 0 0 0 0 0 0 0 0 0 0 0 0 0 0 0 0 0 0 0 0 0 0 0 0 0 0 0 0 0 0 0 0 0 0 0 0 0 0 0 0 0 0 0 0 0 0 0 0 0 0 0 0 0 0 0]
[753686990787164248136520067601292339676184506796313330483274602701409870612724966564822342221041163399567805176547943713501802681045058549353197342085100364850192297601066884110104113440016800812960409474689664029842571451338189660102252650349539981671010275334189406687405692654580531469849600383186375729 0 0 0 0 0 0 0 0 0 0 0 1 0 0 0 0 0 0 0 0 0 0 0 0 0 0 0 0 0 0 0 0 0 0 0 0 0 0 0 0 0 0 0 0 0 0 0 0 0 0 0 0 0 0 0 0 0 0 0 0 0 0 0 0 0 0 0 0 0 0 0 0 0 0 0 0 0 0 0 0 0 0 0 0 0 0 0 0 0 0 0 0 0 0 0 0 0 0 0 0 0]
[6095857892609265968797577067522548203816740894287070170615930190570072482303544831470204541415121421222959795614741983905182962362889500968314025700671991485250918855014604118662840866792688162548780905866433072686255071924367837583581941714778733667167526057468729319824098672166590337124045354044310132765 0 0 0 0 0 0 0 0 0 0 0 0 1 0 0 0 0 0 0 0 0 0 0 0 0 0 0 0 0 0 0 0 0 0 0 0 0 0 0 0 0 0 0 0 0 0 0 0 0 0 0 0 0 0 0 0 0 0 0 0 0 0 0 0 0 0 0 0 0 0 0 0 0 0 0 0 0 0 0 0 0 0 0 0 0 0 0 0 0 0 0 0 0 0 0 0 0 0 0 0 0]
[108018577199230096588216509983800251550736135097072601744588382936884586887091465109324093613073026977784668090374805678012884143560354213665539620711558174591982169786132935990111238557247105724766370974656170949244952684177244456118716145383217256256787422658424355814875852211905569437568925195270959212 0 0 0 0 0 0 0 0 0 0 0 0 0 1 0 0 0 0 0 0 0 0 0 0 0 0 0 0 0 0 0 0 0 0 0 0 0 0 0 0 0 0 0 0 0 0 0 0 0 0 0 0 0 0 0 0 0 0 0 0 0 0 0 0 0 0 0 0 0 0 0 0 0 0 0 0 0 0 0 0 0 0 0 0 0 0 0 0 0 0 0 0 0 0 0 0 0 0 0 0 0]
[1080107646467795799015289643454765557181569472885510946412823591401152626657307870203879285818994559987518919226871690616851938366919942079468436738997391091732827398197588980139821307533353351596482267110380115343807017049561254445323859697890819697266347364546708903979383414049019656734749466098516764224 0 0 0 0 0 0 0 0 0 0 0 0 0 0 1 0 0 0 0 0 0 0 0 0 0 0 0 0 0 0 0 0 0 0 0 0 0 0 0 0 0 0 0 0 0 0 0 0 0 0 0 0 0 0 0 0 0 0 0 0 0 0 0 0 0 0 0 0 0 0 0 0 0 0 0 0 0 0 0 0 0 0 0 0 0 0 0 0 0 0 0 0 0 0 0 0 0 0 0 0 0]
[2901446828084653815390643842595188824032349635043422998834262455098215153798993613584299305668227794470760759756181785085147859315436541686491933506026681518627656313865780164059802417289220254033691904509751638295642111274997553401390358824245500318786655796722914977994351480011837949535298645847532036890 0 0 0 0 0 0 0 0 0 0 0 0 0 0 0 1 0 0 0 0 0 0 0 0 0 0 0 0 0 0 0 0 0 0 0 0 0 0 0 0 0 0 0 0 0 0 0 0 0 0 0 0 0 0 0 0 0 0 0 0 0 0 0 0 0 0 0 0 0 0 0 0 0 0 0 0 0 0 0 0 0 0 0 0 0 0 0 0 0 0 0 0 0 0 0 0 0 0 0 0 0]
[5637420408067048087554974735610983328309391267612907514328919028523030334676357136740360945226343332928961135481561635848021157006473668790371107054976017081507560575847650201995438030723049441541317740290911535488594121712767978424865988220036396319268450329896101308872799614424304566592459856233168329010 0 0 0 0 0 0 0 0 0 0 0 0 0 0 0 0 1 0 0 0 0 0 0 0 0 0 0 0 0 0 0 0 0 0 0 0 0 0 0 0 0 0 0 0 0 0 0 0 0 0 0 0 0 0 0 0 0 0 0 0 0 0 0 0 0 0 0 0 0 0 0 0 0 0 0 0 0 0 0 0 0 0 0 0 0 0 0 0 0 0 0 0 0 0 0 0 0 0 0 0 0]
[543312893105783030677431416112656906968267767511166551869700511650754684706839682279635002638475832164727527074673323214059074378833578164918345581934180928426819409888042708286625890189628016978048897020765602095433425436819188015322432515426785821911223770868669602778448035238170629672585458372889553787 0 0 0 0 0 0 0 0 0 0 0 0 0 0 0 0 0 1 0 0 0 0 0 0 0 0 0 0 0 0 0 0 0 0 0 0 0 0 0 0 0 0 0 0 0 0 0 0 0 0 0 0 0 0 0 0 0 0 0 0 0 0 0 0 0 0 0 0 0 0 0 0 0 0 0 0 0 0 0 0 0 0 0 0 0 0 0 0 0 0 0 0 0 0 0 0 0 0 0 0 0]
[2159556025453447701414337675705843594211357046691921634615116226194291233285994993875120882686349090460027488255434429452050797298981028420586062180792089015955098255972696692963458096677067076103684418396101833281321057634404077578781336798007328357769371796723944557198915062089551308162048474437159589353 0 0 0 0 0 0 0 0 0 0 0 0 0 0 0 0 0 0 1 0 0 0 0 0 0 0 0 0 0 0 0 0 0 0 0 0 0 0 0 0 0 0 0 0 0 0 0 0 0 0 0 0 0 0 0 0 0 0 0 0 0 0 0 0 0 0 0 0 0 0 0 0 0 0 0 0 0 0 0 0 0 0 0 0 0 0 0 0 0 0 0 0 0 0 0 0 0 0 0 0 0]
[6222829206569518806901750672132021637409589992896860861650521591770276756495967180788950087676039249164707749127486637540231418935524851865585036095643623887268097473490866338944330425335514430440620432779612303170772808919440399352489315526193192548730927586124743589486162155826866993450020466297281252363 0 0 0 0 0 0 0 0 0 0 0 0 0 0 0 0 0 0 0 1 0 0 0 0 0 0 0 0 0 0 0 0 0 0 0 0 0 0 0 0 0 0 0 0 0 0 0 0 0 0 0 0 0 0 0 0 0 0 0 0 0 0 0 0 0 0 0 0 0 0 0 0 0 0 0 0 0 0 0 0 0 0 0 0 0 0 0 0 0 0 0 0 0 0 0 0 0 0 0 0 0]
[3722945474955382512242060674385160784126098316446636541131396791808769302127467155184035686325841373852605713668027666081786142150828427618177856553118772326455931545770372673852988817357590252974159492573130433609736367805897801134013915509046941408925067179991951417301140697284712980330999867202825846427 0 0 0 0 0 0 0 0 0 0 0 0 0 0 0 0 0 0 0 0 1 0 0 0 0 0 0 0 0 0 0 0 0 0 0 0 0 0 0 0 0 0 0 0 0 0 0 0 0 0 0 0 0 0 0 0 0 0 0 0 0 0 0 0 0 0 0 0 0 0 0 0 0 0 0 0 0 0 0 0 0 0 0 0 0 0 0 0 0 0 0 0 0 0 0 0 0 0 0 0 0]
[262815536157348468189458869829411717159416803693359694171848585260426810403447165968643327214579685829782359639156092325721932092705523350302053428096701499478723063512656364460848017850323378075964005770483904137593993573227290605670210075769543919237742767246722335756860199851515229816403024558367350921 0 0 0 0 0 0 0 0 0 0 0 0 0 0 0 0 0 0 0 0 0 1 0 0 0 0 0 0 0 0 0 0 0 0 0 0 0 0 0 0 0 0 0 0 0 0 0 0 0 0 0 0 0 0 0 0 0 0 0 0 0 0 0 0 0 0 0 0 0 0 0 0 0 0 0 0 0 0 0 0 0 0 0 0 0 0 0 0 0 0 0 0 0 0 0 0 0 0 0 0 0]
[3183845015633937283033182136023718977275277482076313965114299909174015755339171157340160516923047254707506241914489448993676047264095284688786438838991800758790672647495332818435889631221022499903025179897362868276767193069556412236612840583789674738726970390789657983662347995897906077641245401620262499548 0 0 0 0 0 0 0 0 0 0 0 0 0 0 0 0 0 0 0 0 0 0 1 0 0 0 0 0 0 0 0 0 0 0 0 0 0 0 0 0 0 0 0 0 0 0 0 0 0 0 0 0 0 0 0 0 0 0 0 0 0 0 0 0 0 0 0 0 0 0 0 0 0 0 0 0 0 0 0 0 0 0 0 0 0 0 0 0 0 0 0 0 0 0 0 0 0 0 0 0 0]
[6495367713032423865511365039208218566413194989034289092122293469083131169821311754826241140113480016310690257435160334065453339774580692356899237604510546860524732557241774767771383725821342664998218836812678005368105701875899077188692933080894430250904049615623867079705739054144907153514873932697939329884 0 0 0 0 0 0 0 0 0 0 0 0 0 0 0 0 0 0 0 0 0 0 0 1 0 0 0 0 0 0 0 0 0 0 0 0 0 0 0 0 0 0 0 0 0 0 0 0 0 0 0 0 0 0 0 0 0 0 0 0 0 0 0 0 0 0 0 0 0 0 0 0 0 0 0 0 0 0 0 0 0 0 0 0 0 0 0 0 0 0 0 0 0 0 0 0 0 0 0 0 0]
[3929492775462350881681489833696817881035666323920317127812094646864126469207548635933818627633290273420633418636570503911411038247617782608570204054313000288820188850053212153160504295719845186340369144492264561713195096429329297671611215489558275265506894701233201625235239344679054654898933117498607112914 0 0 0 0 0 0 0 0 0 0 0 0 0 0 0 0 0 0 0 0 0 0 0 0 1 0 0 0 0 0 0 0 0 0 0 0 0 0 0 0 0 0 0 0 0 0 0 0 0 0 0 0 0 0 0 0 0 0 0 0 0 0 0 0 0 0 0 0 0 0 0 0 0 0 0 0 0 0 0 0 0 0 0 0 0 0 0 0 0 0 0 0 0 0 0 0 0 0 0 0 0]
[2789288200572255966829441972472408779751267416453405785435478706367088999500363458304651397556955878221280358492123996423796557743965252625586402400846347942926272038491938951918293366373673458932591095153308314072227523406546295667475172723849483612190995844212420139257688695963546120660526056513688014108 0 0 0 0 0 0 0 0 0 0 0 0 0 0 0 0 0 0 0 0 0 0 0 0 0 1 0 0 0 0 0 0 0 0 0 0 0 0 0 0 0 0 0 0 0 0 0 0 0 0 0 0 0 0 0 0 0 0 0 0 0 0 0 0 0 0 0 0 0 0 0 0 0 0 0 0 0 0 0 0 0 0 0 0 0 0 0 0 0 0 0 0 0 0 0 0 0 0 0 0 0]
[5133618328687343043793017385435365357785729288458885377604874232541762522570188673895112736478968895819304367384286736677608299055007092036649407690653129044130885067298350124953167559428490315476856379594680731859544347259070061923834860026894429845048447187297008923314014336858509676480285504787053112215 0 0 0 0 0 0 0 0 0 0 0 0 0 0 0 0 0 0 0 0 0 0 0 0 0 0 1 0 0 0 0 0 0 0 0 0 0 0 0 0 0 0 0 0 0 0 0 0 0 0 0 0 0 0 0 0 0 0 0 0 0 0 0 0 0 0 0 0 0 0 0 0 0 0 0 0 0 0 0 0 0 0 0 0 0 0 0 0 0 0 0 0 0 0 0 0 0 0 0 0 0]
[164590404312119375071323940644075272901181339906319568821814558627195670652082554365621579946503064347242597332259318831462946018083117433513004026891005753541975658168488308012834238417565727076809845818824360232734134148736258279366957265034220968453283954447905767247197157894839218187388146825647682620 0 0 0 0 0 0 0 0 0 0 0 0 0 0 0 0 0 0 0 0 0 0 0 0 0 0 0 1 0 0 0 0 0 0 0 0 0 0 0 0 0 0 0 0 0 0 0 0 0 0 0 0 0 0 0 0 0 0 0 0 0 0 0 0 0 0 0 0 0 0 0 0 0 0 0 0 0 0 0 0 0 0 0 0 0 0 0 0 0 0 0 0 0 0 0 0 0 0 0 0 0]
[3333875950193377232509092231993459764872022476335327688932352984206266646640124669308690225759397777153265765350778143398764968640399972931235029184530172471339593497926669301671417852329149819698125354508415924949853570831183603798404476358410766911711146347574411868102801168572492929459594193036322384763 0 0 0 0 0 0 0 0 0 0 0 0 0 0 0 0 0 0 0 0 0 0 0 0 0 0 0 0 1 0 0 0 0 0 0 0 0 0 0 0 0 0 0 0 0 0 0 0 0 0 0 0 0 0 0 0 0 0 0 0 0 0 0 0 0 0 0 0 0 0 0 0 0 0 0 0 0 0 0 0 0 0 0 0 0 0 0 0 0 0 0 0 0 0 0 0 0 0 0 0 0]
[5687716692647765945804057351719714478193273606393211418192630179488436788405613356853015321429460739729696537834554546091822153591610588042370051120794368999881125415223851663822134159940322350282314599121113550930727122365308885328924581307195666695518040462823394141628369273512342095720322861510788062044 0 0 0 0 0 0 0 0 0 0 0 0 0 0 0 0 0 0 0 0 0 0 0 0 0 0 0 0 0 1 0 0 0 0 0 0 0 0 0 0 0 0 0 0 0 0 0 0 0 0 0 0 0 0 0 0 0 0 0 0 0 0 0 0 0 0 0 0 0 0 0 0 0 0 0 0 0 0 0 0 0 0 0 0 0 0 0 0 0 0 0 0 0 0 0 0 0 0 0 0 0]
[889734433536468181484581585184117713136408339468563650330231531505609775380886152209283366401500273427696234379167181938053781109470432991115072142153923623766172309344955276198255367245044436233839807570154743316658223523585845809689916237200296047036294175043042025549690229513489803511597931313634493363 0 0 0 0 0 0 0 0 0 0 0 0 0 0 0 0 0 0 0 0 0 0 0 0 0 0 0 0 0 0 1 0 0 0 0 0 0 0 0 0 0 0 0 0 0 0 0 0 0 0 0 0 0 0 0 0 0 0 0 0 0 0 0 0 0 0 0 0 0 0 0 0 0 0 0 0 0 0 0 0 0 0 0 0 0 0 0 0 0 0 0 0 0 0 0 0 0 0 0 0 0]
[2990360916033533401931110086928164744158851667666581409373029934794570908622387217163583624881429592554101550522241819173107242012783925333050849391434322380502672974615323891164177815202065640129417431132502321037112701337358654546524602313409309700022795952644304473222300438016358951577820612176130079488 0 0 0 0 0 0 0 0 0 0 0 0 0 0 0 0 0 0 0 0 0 0 0 0 0 0 0 0 0 0 0 1 0 0 0 0 0 0 0 0 0 0 0 0 0 0 0 0 0 0 0 0 0 0 0 0 0 0 0 0 0 0 0 0 0 0 0 0 0 0 0 0 0 0 0 0 0 0 0 0 0 0 0 0 0 0 0 0 0 0 0 0 0 0 0 0 0 0 0 0 0]
[983980622573747557617743261167191705512699349683016902839517737487485599447863143590350317852225191076769417531491479740551392951671053946908883224904497328970102564670249500950879994683092941149758544767828639872801128001633366660496135022780929043523383307890027044560081249926572356893452443819566263660 0 0 0 0 0 0 0 0 0 0 0 0 0 0 0 0 0 0 0 0 0 0 0 0 0 0 0 0 0 0 0 0 1 0 0 0 0 0 0 0 0 0 0 0 0 0 0 0 0 0 0 0 0 0 0 0 0 0 0 0 0 0 0 0 0 0 0 0 0 0 0 0 0 0 0 0 0 0 0 0 0 0 0 0 0 0 0 0 0 0 0 0 0 0 0 0 0 0 0 0 0]
[3377575647947895418796003935325244878093908348501439693347824947856591452190841780584849448180638605779632882228685923361016961433283598904087435316957749944923915068701851602815727558879934287697769996994577566043724415854461941441574696465430124303074182810812884005640705183856299488605955928461546348492 0 0 0 0 0 0 0 0 0 0 0 0 0 0 0 0 0 0 0 0 0 0 0 0 0 0 0 0 0 0 0 0 0 1 0 0 0 0 0 0 0 0 0 0 0 0 0 0 0 0 0 0 0 0 0 0 0 0 0 0 0 0 0 0 0 0 0 0 0 0 0 0 0 0 0 0 0 0 0 0 0 0 0 0 0 0 0 0 0 0 0 0 0 0 0 0 0 0 0 0 0]
[3188699840324735373988493349449451923928086586757010151336125951785923390093229565419050678932054000474056546951149059212014642704067222554024495362096091773784658024239963995137788821888243045873062693420097756208402121368782144558535367630993130195433621391586713559313751021576463155383229503509885974539 0 0 0 0 0 0 0 0 0 0 0 0 0 0 0 0 0 0 0 0 0 0 0 0 0 0 0 0 0 0 0 0 0 0 1 0 0 0 0 0 0 0 0 0 0 0 0 0 0 0 0 0 0 0 0 0 0 0 0 0 0 0 0 0 0 0 0 0 0 0 0 0 0 0 0 0 0 0 0 0 0 0 0 0 0 0 0 0 0 0 0 0 0 0 0 0 0 0 0 0 0]
[2997628231119874335670568077976761577106033318346447058808068353410726437309514416340201534522421678302487373945908228104760227637897917067799478865891116247941421825237560074696060327404857572701644902224947444407657174085002030883999234269427312364833425114722990075876427040942705759410016142796365719083 0 0 0 0 0 0 0 0 0 0 0 0 0 0 0 0 0 0 0 0 0 0 0 0 0 0 0 0 0 0 0 0 0 0 0 1 0 0 0 0 0 0 0 0 0 0 0 0 0 0 0 0 0 0 0 0 0 0 0 0 0 0 0 0 0 0 0 0 0 0 0 0 0 0 0 0 0 0 0 0 0 0 0 0 0 0 0 0 0 0 0 0 0 0 0 0 0 0 0 0 0]
[2182109620709781368759496957032670550846182752563764677212546966228256355056215699329587218776861974714985505623773561761385171880093980865796778023296317618009114370856662828381634592829919628222390284100437362554569610545200377946305383351814482337355782035019133187330166513908620668758209369566751584746 0 0 0 0 0 0 0 0 0 0 0 0 0 0 0 0 0 0 0 0 0 0 0 0 0 0 0 0 0 0 0 0 0 0 0 0 1 0 0 0 0 0 0 0 0 0 0 0 0 0 0 0 0 0 0 0 0 0 0 0 0 0 0 0 0 0 0 0 0 0 0 0 0 0 0 0 0 0 0 0 0 0 0 0 0 0 0 0 0 0 0 0 0 0 0 0 0 0 0 0 0]
[3411612445183037051248020894995082618509752107827703420983837199639659667311688732970455635894304029864057417325316893577696360340650105943483625552620839221410550634319836888806483429694830146605868259253872243403786634656143768966461637834243193310005923087526374941702338996299885803495214751455343009561 0 0 0 0 0 0 0 0 0 0 0 0 0 0 0 0 0 0 0 0 0 0 0 0 0 0 0 0 0 0 0 0 0 0 0 0 0 1 0 0 0 0 0 0 0 0 0 0 0 0 0 0 0 0 0 0 0 0 0 0 0 0 0 0 0 0 0 0 0 0 0 0 0 0 0 0 0 0 0 0 0 0 0 0 0 0 0 0 0 0 0 0 0 0 0 0 0 0 0 0 0]
[2625936455328141820075660202633012952951621624504076210593202089982478002818644625210298486373335876806230551562019367421350103569659166043934445866368477153740032578356644356517992252821418240388812186651534548394500455116575063062892201424788890029747574578932127876134169669907498611586260143522894697212 0 0 0 0 0 0 0 0 0 0 0 0 0 0 0 0 0 0 0 0 0 0 0 0 0 0 0 0 0 0 0 0 0 0 0 0 0 0 1 0 0 0 0 0 0 0 0 0 0 0 0 0 0 0 0 0 0 0 0 0 0 0 0 0 0 0 0 0 0 0 0 0 0 0 0 0 0 0 0 0 0 0 0 0 0 0 0 0 0 0 0 0 0 0 0 0 0 0 0 0 0]
[2222562884379020461769163889187371836537605994450164880016411673383900293796677933159468488048232847924573590164924464861005249312336750781091810177193451997549818098827546530396497371948504938309819420658115568261505512088492499121430200917783484939665009518529261635309137296823723954218300946032462516364 0 0 0 0 0 0 0 0 0 0 0 0 0 0 0 0 0 0 0 0 0 0 0 0 0 0 0 0 0 0 0 0 0 0 0 0 0 0 0 1 0 0 0 0 0 0 0 0 0 0 0 0 0 0 0 0 0 0 0 0 0 0 0 0 0 0 0 0 0 0 0 0 0 0 0 0 0 0 0 0 0 0 0 0 0 0 0 0 0 0 0 0 0 0 0 0 0 0 0 0 0]
[6657358220575426923640024056450197448137137268512745293444186769781486531610791868670195696663335002095858129815941784288926882486584298323873349294800686060726474277129031724460982197658124746537417798406348972986084505562258811384399588603805194935016206342663640830292889842004269233799110031468216534628 0 0 0 0 0 0 0 0 0 0 0 0 0 0 0 0 0 0 0 0 0 0 0 0 0 0 0 0 0 0 0 0 0 0 0 0 0 0 0 0 1 0 0 0 0 0 0 0 0 0 0 0 0 0 0 0 0 0 0 0 0 0 0 0 0 0 0 0 0 0 0 0 0 0 0 0 0 0 0 0 0 0 0 0 0 0 0 0 0 0 0 0 0 0 0 0 0 0 0 0 0]
[5428112105368984534297269659592701316709704268832700716774977335341174067386042860999561920452231772297996499633236372897447044481248649305427556751409016764099748326532904466788249662052710824593435652181993316222480470317647676793013591051573892910007534456523021664853209705017411940642850268368240278820 0 0 0 0 0 0 0 0 0 0 0 0 0 0 0 0 0 0 0 0 0 0 0 0 0 0 0 0 0 0 0 0 0 0 0 0 0 0 0 0 0 1 0 0 0 0 0 0 0 0 0 0 0 0 0 0 0 0 0 0 0 0 0 0 0 0 0 0 0 0 0 0 0 0 0 0 0 0 0 0 0 0 0 0 0 0 0 0 0 0 0 0 0 0 0 0 0 0 0 0 0]
[778566149218554260372495116308482044026259060798636244873594158777310432647641632753171347787819461361012156657368014264176330106550589786918748142471868492769813683789513932613651894509147324964290779983503560122642667323703191259650149380560031506035224649918608101435677900528645597909319354769480334960 0 0 0 0 0 0 0 0 0 0 0 0 0 0 0 0 0 0 0 0 0 0 0 0 0 0 0 0 0 0 0 0 0 0 0 0 0 0 0 0 0 0 1 0 0 0 0 0 0 0 0 0 0 0 0 0 0 0 0 0 0 0 0 0 0 0 0 0 0 0 0 0 0 0 0 0 0 0 0 0 0 0 0 0 0 0 0 0 0 0 0 0 0 0 0 0 0 0 0 0 0]
[6034110627771952847457574045880906080066745887272118969426899303533390102587397926941943292559453467087570472642600601411908539188866334256289851395659946484416925317759807885920928066859395904939754612572195128295608018604251703715207682160354355958023376536584849628816214173260245547240566125239247675503 0 0 0 0 0 0 0 0 0 0 0 0 0 0 0 0 0 0 0 0 0 0 0 0 0 0 0 0 0 0 0 0 0 0 0 0 0 0 0 0 0 0 0 1 0 0 0 0 0 0 0 0 0 0 0 0 0 0 0 0 0 0 0 0 0 0 0 0 0 0 0 0 0 0 0 0 0 0 0 0 0 0 0 0 0 0 0 0 0 0 0 0 0 0 0 0 0 0 0 0 0]
[379976267779048001763756572522541942003306911377445727270577015910731025234634620852044788467199986136968484194575551448539111702346535494675728119149125176381575505784068739941778138190680383801884027273628131352257433510047285083271918865797677554655626006767255747193136007573562010440405264683688416080 0 0 0 0 0 0 0 0 0 0 0 0 0 0 0 0 0 0 0 0 0 0 0 0 0 0 0 0 0 0 0 0 0 0 0 0 0 0 0 0 0 0 0 0 1 0 0 0 0 0 0 0 0 0 0 0 0 0 0 0 0 0 0 0 0 0 0 0 0 0 0 0 0 0 0 0 0 0 0 0 0 0 0 0 0 0 0 0 0 0 0 0 0 0 0 0 0 0 0 0 0]
[3623757482526746819630635604950979110163630767413190053911794509297123448766897850656582310123066639179914250557646229946836512595967406273989244202141492378264591601030113004797512829562331327534771760137539240297120849973708238319259564326202413925670144385982211314985505647477624472925455319601246743641 0 0 0 0 0 0 0 0 0 0 0 0 0 0 0 0 0 0 0 0 0 0 0 0 0 0 0 0 0 0 0 0 0 0 0 0 0 0 0 0 0 0 0 0 0 1 0 0 0 0 0 0 0 0 0 0 0 0 0 0 0 0 0 0 0 0 0 0 0 0 0 0 0 0 0 0 0 0 0 0 0 0 0 0 0 0 0 0 0 0 0 0 0 0 0 0 0 0 0 0 0]
[6468298952408432473154295029589403364749352136333578741402546690010430282238286967401266053996735052525927227373623062020904350985032283933352224123588483692849046019777595409117555449881681525245621913058284358348223074103081503954987508714316701597723775075827895942689850005547872474830821832322158111035 0 0 0 0 0 0 0 0 0 0 0 0 0 0 0 0 0 0 0 0 0 0 0 0 0 0 0 0 0 0 0 0 0 0 0 0 0 0 0 0 0 0 0 0 0 0 1 0 0 0 0 0 0 0 0 0 0 0 0 0 0 0 0 0 0 0 0 0 0 0 0 0 0 0 0 0 0 0 0 0 0 0 0 0 0 0 0 0 0 0 0 0 0 0 0 0 0 0 0 0 0]
[3317155922136774943452672736383948744045339925768286028971460079837148128752285976184800655286369164630393336952770578703451767696681971665505394588368851852167188723325751142225122316647129752714801365249644884739091736552121029594108234327236727905730958553818553824036622206647123042737908238324699998287 0 0 0 0 0 0 0 0 0 0 0 0 0 0 0 0 0 0 0 0 0 0 0 0 0 0 0 0 0 0 0 0 0 0 0 0 0 0 0 0 0 0 0 0 0 0 0 1 0 0 0 0 0 0 0 0 0 0 0 0 0 0 0 0 0 0 0 0 0 0 0 0 0 0 0 0 0 0 0 0 0 0 0 0 0 0 0 0 0 0 0 0 0 0 0 0 0 0 0 0 0]
[655644856300331443276734813976253105579922522069745472744303644363140203324377547633125787686145711165104359049754604565451546173591009679956022003907441349163737676566723791568253146330194033689016855833832864595611415408164223413042668682356953324639743350441128348113257028043021679997172491668042764833 0 0 0 0 0 0 0 0 0 0 0 0 0 0 0 0 0 0 0 0 0 0 0 0 0 0 0 0 0 0 0 0 0 0 0 0 0 0 0 0 0 0 0 0 0 0 0 0 1 0 0 0 0 0 0 0 0 0 0 0 0 0 0 0 0 0 0 0 0 0 0 0 0 0 0 0 0 0 0 0 0 0 0 0 0 0 0 0 0 0 0 0 0 0 0 0 0 0 0 0 0]
[1098168519870280565788134632292808326594683035764814803225548365559322410693415813451401253242224612043917876253141891255422737902819065263405423882029493251828085963182343230770063336875756716739285424477940052965507815305633639055485453943445694039385997948321126568504863826975440353136504870001981328508 0 0 0 0 0 0 0 0 0 0 0 0 0 0 0 0 0 0 0 0 0 0 0 0 0 0 0 0 0 0 0 0 0 0 0 0 0 0 0 0 0 0 0 0 0 0 0 0 0 1 0 0 0 0 0 0 0 0 0 0 0 0 0 0 0 0 0 0 0 0 0 0 0 0 0 0 0 0 0 0 0 0 0 0 0 0 0 0 0 0 0 0 0 0 0 0 0 0 0 0 0]
[6181469353745562908786139846419298818432981834318660441799286108498770058759423960119644040610168105247925436162179250210133338401233163937117870167184982958606921232434578461874163224411150508990148023058834510148471373055639205641781357624003237520755835293293835539800065722360504452441140931727420919428 0 0 0 0 0 0 0 0 0 0 0 0 0 0 0 0 0 0 0 0 0 0 0 0 0 0 0 0 0 0 0 0 0 0 0 0 0 0 0 0 0 0 0 0 0 0 0 0 0 0 1 0 0 0 0 0 0 0 0 0 0 0 0 0 0 0 0 0 0 0 0 0 0 0 0 0 0 0 0 0 0 0 0 0 0 0 0 0 0 0 0 0 0 0 0 0 0 0 0 0 0]
[3653997794945133639374632061432100260249331419849029218327550665404643065756900895406631550809592802404615732715501546392501929175403935202760442592115946320470498264794704894613662329862003774905527806144212438109339467025995022672156620786408031536793987719540188857854901576435901580939416778911721240060 0 0 0 0 0 0 0 0 0 0 0 0 0 0 0 0 0 0 0 0 0 0 0 0 0 0 0 0 0 0 0 0 0 0 0 0 0 0 0 0 0 0 0 0 0 0 0 0 0 0 0 1 0 0 0 0 0 0 0 0 0 0 0 0 0 0 0 0 0 0 0 0 0 0 0 0 0 0 0 0 0 0 0 0 0 0 0 0 0 0 0 0 0 0 0 0 0 0 0 0 0]
[2966622718535964378707628032622109593222254583602069695358080201902943172645657441625980660535128620270029024222713516701361906017570508269248302821416480738560808068193213282387916617644313782135827592634006436663163525693666624095972638185695511109005723705792303731897987822970472761445396718550992489993 0 0 0 0 0 0 0 0 0 0 0 0 0 0 0 0 0 0 0 0 0 0 0 0 0 0 0 0 0 0 0 0 0 0 0 0 0 0 0 0 0 0 0 0 0 0 0 0 0 0 0 0 1 0 0 0 0 0 0 0 0 0 0 0 0 0 0 0 0 0 0 0 0 0 0 0 0 0 0 0 0 0 0 0 0 0 0 0 0 0 0 0 0 0 0 0 0 0 0 0 0]
[4751843841930355351568637774508108736133974186170010777968581806253628269480344085187721599220701179061706291848078789784155228822350096574314076428953666935305161519233570816102812613673434229008679107355249540936842085734058106152905685173084513568351737357903639658936590234940112353465790498834129863144 0 0 0 0 0 0 0 0 0 0 0 0 0 0 0 0 0 0 0 0 0 0 0 0 0 0 0 0 0 0 0 0 0 0 0 0 0 0 0 0 0 0 0 0 0 0 0 0 0 0 0 0 0 1 0 0 0 0 0 0 0 0 0 0 0 0 0 0 0 0 0 0 0 0 0 0 0 0 0 0 0 0 0 0 0 0 0 0 0 0 0 0 0 0 0 0 0 0 0 0 0]
[2568590083863153710560635961980545873838985440250474741400556853321969098889376501074095318524738208393837517092013444867636031983487348096870579797376639857883024920809528821002360027460646826841857397386891280257344063226985102976703067825130909642289185459733432380048035756628168365628188463413336428940 0 0 0 0 0 0 0 0 0 0 0 0 0 0 0 0 0 0 0 0 0 0 0 0 0 0 0 0 0 0 0 0 0 0 0 0 0 0 0 0 0 0 0 0 0 0 0 0 0 0 0 0 0 0 1 0 0 0 0 0 0 0 0 0 0 0 0 0 0 0 0 0 0 0 0 0 0 0 0 0 0 0 0 0 0 0 0 0 0 0 0 0 0 0 0 0 0 0 0 0 0]
[30055446706651772221045450141820297180824557446141069747318259619941201189238430106890992894891722315101355196732398351014113037410206309988959536481524800982137560541328826741191465115474733506455350322091445404935723330102644134324018962355134960525934643624920276310876033512148184215073057454548774027 0 0 0 0 0 0 0 0 0 0 0 0 0 0 0 0 0 0 0 0 0 0 0 0 0 0 0 0 0 0 0 0 0 0 0 0 0 0 0 0 0 0 0 0 0 0 0 0 0 0 0 0 0 0 0 1 0 0 0 0 0 0 0 0 0 0 0 0 0 0 0 0 0 0 0 0 0 0 0 0 0 0 0 0 0 0 0 0 0 0 0 0 0 0 0 0 0 0 0 0 0]
[1621270708151070306692407199024221109138384312442706794452791257990148266356724699739510495327176597352544771440840694596672379568938607845724936764921556169523257361936479353802766764777864512596315697210504331407967768241755245580762158769602054166994853895880808002639747471929167866065302736792456288348 0 0 0 0 0 0 0 0 0 0 0 0 0 0 0 0 0 0 0 0 0 0 0 0 0 0 0 0 0 0 0 0 0 0 0 0 0 0 0 0 0 0 0 0 0 0 0 0 0 0 0 0 0 0 0 0 1 0 0 0 0 0 0 0 0 0 0 0 0 0 0 0 0 0 0 0 0 0 0 0 0 0 0 0 0 0 0 0 0 0 0 0 0 0 0 0 0 0 0 0 0]
[4817080316320115587690781349270317940931998380849156118262260070036390439051547101666321676041764570779364687355937069642936951446246507193733287393940653829174144413167561886149372307358813528168715135680617695022269281229080666363376763930455347272149971904885113145318156491889374416952695608928945544570 0 0 0 0 0 0 0 0 0 0 0 0 0 0 0 0 0 0 0 0 0 0 0 0 0 0 0 0 0 0 0 0 0 0 0 0 0 0 0 0 0 0 0 0 0 0 0 0 0 0 0 0 0 0 0 0 0 1 0 0 0 0 0 0 0 0 0 0 0 0 0 0 0 0 0 0 0 0 0 0 0 0 0 0 0 0 0 0 0 0 0 0 0 0 0 0 0 0 0 0 0]
[1244238367636582486729285832569836646981214864536658427571752826455738567503064373775414399132014248865297731103125683890960693209034035962708619837988257181684002682800130365709167867814898822858968772061651348229051009386997545951202932688566313021108262179489148749613238787121236671522888503755825613829 0 0 0 0 0 0 0 0 0 0 0 0 0 0 0 0 0 0 0 0 0 0 0 0 0 0 0 0 0 0 0 0 0 0 0 0 0 0 0 0 0 0 0 0 0 0 0 0 0 0 0 0 0 0 0 0 0 0 1 0 0 0 0 0 0 0 0 0 0 0 0 0 0 0 0 0 0 0 0 0 0 0 0 0 0 0 0 0 0 0 0 0 0 0 0 0 0 0 0 0 0]
[1686626173637398628925530386009236884256941441532365922940825759476538760605093834811636418888543071717282512573836627481435407652935558098301051502285220494621151250293788953215004162142429693492909838926039486626425166396761161482875197148543268562396233278337910814830254749487683875301507216207202795238 0 0 0 0 0 0 0 0 0 0 0 0 0 0 0 0 0 0 0 0 0 0 0 0 0 0 0 0 0 0 0 0 0 0 0 0 0 0 0 0 0 0 0 0 0 0 0 0 0 0 0 0 0 0 0 0 0 0 0 1 0 0 0 0 0 0 0 0 0 0 0 0 0 0 0 0 0 0 0 0 0 0 0 0 0 0 0 0 0 0 0 0 0 0 0 0 0 0 0 0 0]
[954887867634904254512427770236862302852041152551353769144563557582629238749552834257724917034720195710416056914026529677057602733448678249689168985231592203308073202410430056403086507626472969944088626859552288649926348052279931264092276128070945912649216751561656745600200580912098968436057847117160532569 0 0 0 0 0 0 0 0 0 0 0 0 0 0 0 0 0 0 0 0 0 0 0 0 0 0 0 0 0 0 0 0 0 0 0 0 0 0 0 0 0 0 0 0 0 0 0 0 0 0 0 0 0 0 0 0 0 0 0 0 1 0 0 0 0 0 0 0 0 0 0 0 0 0 0 0 0 0 0 0 0 0 0 0 0 0 0 0 0 0 0 0 0 0 0 0 0 0 0 0 0]
[3151760786842385941199474319594542090628110657808401879283278989846182074187406542387999587171149690699496563751828719221814715784750173122194829773446323397860839824583089200057618905970538585210936405444163894560019818866565097709113889693279520450400650019746405609219117808165272677546017065963834821645 0 0 0 0 0 0 0 0 0 0 0 0 0 0 0 0 0 0 0 0 0 0 0 0 0 0 0 0 0 0 0 0 0 0 0 0 0 0 0 0 0 0 0 0 0 0 0 0 0 0 0 0 0 0 0 0 0 0 0 0 0 1 0 0 0 0 0 0 0 0 0 0 0 0 0 0 0 0 0 0 0 0 0 0 0 0 0 0 0 0 0 0 0 0 0 0 0 0 0 0 0]
[4614510920024353151899661170371454754565552835618155571676195003828278672691214119188209113362684252240940730999498324615256737353891954447386761949154801010566816619676615603065965863301567000227109331503455895327816044836278574388309152095404229291127063873098063513808993501237409078783311649447160623779 0 0 0 0 0 0 0 0 0 0 0 0 0 0 0 0 0 0 0 0 0 0 0 0 0 0 0 0 0 0 0 0 0 0 0 0 0 0 0 0 0 0 0 0 0 0 0 0 0 0 0 0 0 0 0 0 0 0 0 0 0 0 1 0 0 0 0 0 0 0 0 0 0 0 0 0 0 0 0 0 0 0 0 0 0 0 0 0 0 0 0 0 0 0 0 0 0 0 0 0 0]
[633587278499527423431882157048380921943479796815694919712111259821675091125830849880240140416638940369945856138323398655113747411446559187208961845208323240794029941857192785646578976710167294868161920032558679212546380911621206995872217034749683023705364696064834160660547768101688381975809125056275686791 0 0 0 0 0 0 0 0 0 0 0 0 0 0 0 0 0 0 0 0 0 0 0 0 0 0 0 0 0 0 0 0 0 0 0 0 0 0 0 0 0 0 0 0 0 0 0 0 0 0 0 0 0 0 0 0 0 0 0 0 0 0 0 1 0 0 0 0 0 0 0 0 0 0 0 0 0 0 0 0 0 0 0 0 0 0 0 0 0 0 0 0 0 0 0 0 0 0 0 0 0]
[5856662590857402836654206901435971875630452102533501526336683850367989967785182827185573936045200552795432417458880227612045010604768959631338561293047345515073357442057779409384505737249420577116550373937626590584794059512889417054534588155297648726061388392091702077744960678828970651296629785642775815894 0 0 0 0 0 0 0 0 0 0 0 0 0 0 0 0 0 0 0 0 0 0 0 0 0 0 0 0 0 0 0 0 0 0 0 0 0 0 0 0 0 0 0 0 0 0 0 0 0 0 0 0 0 0 0 0 0 0 0 0 0 0 0 0 1 0 0 0 0 0 0 0 0 0 0 0 0 0 0 0 0 0 0 0 0 0 0 0 0 0 0 0 0 0 0 0 0 0 0 0 0]
[3974932749380086614465846684031225481422209032681914551762145821381179304427670818919896652534609179150977325578231166112877827789893148964317590897000101803980669726117596000292898699035595407402668964042707597186834727943572728099772993916190062022851663954533895266305102533413601787551901320373417128522 0 0 0 0 0 0 0 0 0 0 0 0 0 0 0 0 0 0 0 0 0 0 0 0 0 0 0 0 0 0 0 0 0 0 0 0 0 0 0 0 0 0 0 0 0 0 0 0 0 0 0 0 0 0 0 0 0 0 0 0 0 0 0 0 0 1 0 0 0 0 0 0 0 0 0 0 0 0 0 0 0 0 0 0 0 0 0 0 0 0 0 0 0 0 0 0 0 0 0 0 0]
[3742593947147773006532357923698625524459350626611717589128229558247237748508960670549447608310545482447351276221822545125051074143872464050160586362063618771281653571590965189302044793516246377831081479779487495522397917053271892831847905642440034586975248059282055574179157134209140928801996287050430845042 0 0 0 0 0 0 0 0 0 0 0 0 0 0 0 0 0 0 0 0 0 0 0 0 0 0 0 0 0 0 0 0 0 0 0 0 0 0 0 0 0 0 0 0 0 0 0 0 0 0 0 0 0 0 0 0 0 0 0 0 0 0 0 0 0 0 1 0 0 0 0 0 0 0 0 0 0 0 0 0 0 0 0 0 0 0 0 0 0 0 0 0 0 0 0 0 0 0 0 0 0]
[5099474010530247475687119789460710408458236512907363508677840329871400624811294936961374457040898219538882882114553059274361558248620187947891027623341397762283427056906895635262478191720824677258135690398620552327329195561861318550470244638365957691734575795335662886100182578825090529052904112488719778365 0 0 0 0 0 0 0 0 0 0 0 0 0 0 0 0 0 0 0 0 0 0 0 0 0 0 0 0 0 0 0 0 0 0 0 0 0 0 0 0 0 0 0 0 0 0 0 0 0 0 0 0 0 0 0 0 0 0 0 0 0 0 0 0 0 0 0 1 0 0 0 0 0 0 0 0 0 0 0 0 0 0 0 0 0 0 0 0 0 0 0 0 0 0 0 0 0 0 0 0 0]
[4235827143500434386248253134438489342539239965082962000342464677964992804480204052976121875489295542404632448101436106534264067519384081842281713010872101506413282791620810702470402424839975211692003820922366416701780087786754079261718049517235919782093843786997815999131343001302843567756310607524946314024 0 0 0 0 0 0 0 0 0 0 0 0 0 0 0 0 0 0 0 0 0 0 0 0 0 0 0 0 0 0 0 0 0 0 0 0 0 0 0 0 0 0 0 0 0 0 0 0 0 0 0 0 0 0 0 0 0 0 0 0 0 0 0 0 0 0 0 0 1 0 0 0 0 0 0 0 0 0 0 0 0 0 0 0 0 0 0 0 0 0 0 0 0 0 0 0 0 0 0 0 0]
[4323816938115769517990554956487425337526284649236185270468720269325702761262748179285364951005366355433442131062428164362951567927112617047980977542535436966805645655639299933782430971034518283215367026628572994549986960201879372755922801967402226897719820478471279049992116276263318844583384311515820874062 0 0 0 0 0 0 0 0 0 0 0 0 0 0 0 0 0 0 0 0 0 0 0 0 0 0 0 0 0 0 0 0 0 0 0 0 0 0 0 0 0 0 0 0 0 0 0 0 0 0 0 0 0 0 0 0 0 0 0 0 0 0 0 0 0 0 0 0 0 1 0 0 0 0 0 0 0 0 0 0 0 0 0 0 0 0 0 0 0 0 0 0 0 0 0 0 0 0 0 0 0]
[3623525428394346543466653451717144478175568459346441385302295748045020391222603580653361386305943752151455627028635411773108984343406400384386886325265029572413485160350893906292284872716317091639831779113467220621658343747104949398410876383624603198897045424465234199817636628511563092629782846254866122251 0 0 0 0 0 0 0 0 0 0 0 0 0 0 0 0 0 0 0 0 0 0 0 0 0 0 0 0 0 0 0 0 0 0 0 0 0 0 0 0 0 0 0 0 0 0 0 0 0 0 0 0 0 0 0 0 0 0 0 0 0 0 0 0 0 0 0 0 0 0 1 0 0 0 0 0 0 0 0 0 0 0 0 0 0 0 0 0 0 0 0 0 0 0 0 0 0 0 0 0 0]
[6594317883031986768809070480848716122853706153221766320209944875368626332736986083926699895734155991720213277516868966921713872436994147751773225655893875037177001176886525908510953873343300536189928135904560924528391995327842622726880937092328573835336573054624326344718074130248640110631916918810288159433 0 0 0 0 0 0 0 0 0 0 0 0 0 0 0 0 0 0 0 0 0 0 0 0 0 0 0 0 0 0 0 0 0 0 0 0 0 0 0 0 0 0 0 0 0 0 0 0 0 0 0 0 0 0 0 0 0 0 0 0 0 0 0 0 0 0 0 0 0 0 0 1 0 0 0 0 0 0 0 0 0 0 0 0 0 0 0 0 0 0 0 0 0 0 0 0 0 0 0 0 0]
[4626962457212368631631626642859194701686223818015174980402715135680606700095147368009092351034697376342947075420254677977104021098088375203074150758048340680880135824112222063509852337692403970902644449959599921976668135341733595864696291618337014852820092528662827610683514531014147343491462358957885331111 0 0 0 0 0 0 0 0 0 0 0 0 0 0 0 0 0 0 0 0 0 0 0 0 0 0 0 0 0 0 0 0 0 0 0 0 0 0 0 0 0 0 0 0 0 0 0 0 0 0 0 0 0 0 0 0 0 0 0 0 0 0 0 0 0 0 0 0 0 0 0 0 1 0 0 0 0 0 0 0 0 0 0 0 0 0 0 0 0 0 0 0 0 0 0 0 0 0 0 0 0]
[4102021613002325731221479421156330367826623885471954340841231370869229298275499007765732337557759091224601128087897467696844989063273324164771216078981077897369192646082760625662927783430747627331913392266294729153095804435267568804825620467774587391391140954118285024245253380869545494032062137673085309194 0 0 0 0 0 0 0 0 0 0 0 0 0 0 0 0 0 0 0 0 0 0 0 0 0 0 0 0 0 0 0 0 0 0 0 0 0 0 0 0 0 0 0 0 0 0 0 0 0 0 0 0 0 0 0 0 0 0 0 0 0 0 0 0 0 0 0 0 0 0 0 0 0 1 0 0 0 0 0 0 0 0 0 0 0 0 0 0 0 0 0 0 0 0 0 0 0 0 0 0 0]
[6776151708039312694984768929545182155468077124912828828634366851298603006013867740875607952825418587654966580892049147832144058949371345738988254461904011929757224906832095237730861468046965801272164805454875022987579559112833978369729362926776642944943468602385615044295151020721305916699826688750005443382 0 0 0 0 0 0 0 0 0 0 0 0 0 0 0 0 0 0 0 0 0 0 0 0 0 0 0 0 0 0 0 0 0 0 0 0 0 0 0 0 0 0 0 0 0 0 0 0 0 0 0 0 0 0 0 0 0 0 0 0 0 0 0 0 0 0 0 0 0 0 0 0 0 0 1 0 0 0 0 0 0 0 0 0 0 0 0 0 0 0 0 0 0 0 0 0 0 0 0 0 0]
[5716340018168509873164714416931630118553572021067826416761022351236500061046335166890019779694268041236117496929626176170180820216841354235088177086934201533699471882198099217569928344372295299178306695726331867418224618736542260013442298398587980452708020655806898702486523903279783592677320444795330794274 0 0 0 0 0 0 0 0 0 0 0 0 0 0 0 0 0 0 0 0 0 0 0 0 0 0 0 0 0 0 0 0 0 0 0 0 0 0 0 0 0 0 0 0 0 0 0 0 0 0 0 0 0 0 0 0 0 0 0 0 0 0 0 0 0 0 0 0 0 0 0 0 0 0 0 1 0 0 0 0 0 0 0 0 0 0 0 0 0 0 0 0 0 0 0 0 0 0 0 0 0]
[5166128068461808246845343045524024636265397870613776425857416397197280342372449081251935154420836369770278025597524325679133916601882890194220872144874742272682520901750713668639225596259887062974505174827371511784904927523344627256260716899893898970907047858465897217634059173108148233936328968363477497316 0 0 0 0 0 0 0 0 0 0 0 0 0 0 0 0 0 0 0 0 0 0 0 0 0 0 0 0 0 0 0 0 0 0 0 0 0 0 0 0 0 0 0 0 0 0 0 0 0 0 0 0 0 0 0 0 0 0 0 0 0 0 0 0 0 0 0 0 0 0 0 0 0 0 0 0 1 0 0 0 0 0 0 0 0 0 0 0 0 0 0 0 0 0 0 0 0 0 0 0 0]
[757206180477671464964012308464520891180247735045249111471632669984955636218664368939311383415283691690068048666796953846488017712180099692179486975763294222956997843663175137372445147848847841957942377301226767655733337042242605543099479160223047032932178973078947696707401258158968176957808980232324395262 0 0 0 0 0 0 0 0 0 0 0 0 0 0 0 0 0 0 0 0 0 0 0 0 0 0 0 0 0 0 0 0 0 0 0 0 0 0 0 0 0 0 0 0 0 0 0 0 0 0 0 0 0 0 0 0 0 0 0 0 0 0 0 0 0 0 0 0 0 0 0 0 0 0 0 0 0 1 0 0 0 0 0 0 0 0 0 0 0 0 0 0 0 0 0 0 0 0 0 0 0]
[202844091610864139642787803333068284388992276007591507792611966306007155548746527593676617675666631642707165384317029677800040004766457248716128264041183979794164065245739395425438062624443849338497881244130786638715795626850280966346080233655271400152974854067004145264889626829462108287654671379697497047 0 0 0 0 0 0 0 0 0 0 0 0 0 0 0 0 0 0 0 0 0 0 0 0 0 0 0 0 0 0 0 0 0 0 0 0 0 0 0 0 0 0 0 0 0 0 0 0 0 0 0 0 0 0 0 0 0 0 0 0 0 0 0 0 0 0 0 0 0 0 0 0 0 0 0 0 0 0 1 0 0 0 0 0 0 0 0 0 0 0 0 0 0 0 0 0 0 0 0 0 0]
[3903629177291385482090593250980899379317136689297436056317373602999806865625538383945660931824929542614117047557955563011327373615889955231949104927152500959483291108003346116112027845298740402342902496413842296665609097588091398077698605886685607781975049352485825165575079486747491196139553380371419372599 0 0 0 0 0 0 0 0 0 0 0 0 0 0 0 0 0 0 0 0 0 0 0 0 0 0 0 0 0 0 0 0 0 0 0 0 0 0 0 0 0 0 0 0 0 0 0 0 0 0 0 0 0 0 0 0 0 0 0 0 0 0 0 0 0 0 0 0 0 0 0 0 0 0 0 0 0 0 0 1 0 0 0 0 0 0 0 0 0 0 0 0 0 0 0 0 0 0 0 0 0]
[1528830646365336452707875227019353080656165784260610139155865409100154169384055719347001919454021716059552371508666187567176210223750345905654142730458155429857511088097295868359836553498291070461991738956969755316721217149329868537561049809048939414003686280709447598337140795149829666561465540810615516570 0 0 0 0 0 0 0 0 0 0 0 0 0 0 0 0 0 0 0 0 0 0 0 0 0 0 0 0 0 0 0 0 0 0 0 0 0 0 0 0 0 0 0 0 0 0 0 0 0 0 0 0 0 0 0 0 0 0 0 0 0 0 0 0 0 0 0 0 0 0 0 0 0 0 0 0 0 0 0 0 1 0 0 0 0 0 0 0 0 0 0 0 0 0 0 0 0 0 0 0 0]
[579520814896941280576531161502569165743221683775387121147797127160150390383324388703611766044879275393609585864625169750417005405289799031726594764585885347232867615580216911364397671885683317322548894965157382811926663309768093129836058409031713771847333832087611741817222819215083208172105066769459445700 0 0 0 0 0 0 0 0 0 0 0 0 0 0 0 0 0 0 0 0 0 0 0 0 0 0 0 0 0 0 0 0 0 0 0 0 0 0 0 0 0 0 0 0 0 0 0 0 0 0 0 0 0 0 0 0 0 0 0 0 0 0 0 0 0 0 0 0 0 0 0 0 0 0 0 0 0 0 0 0 0 1 0 0 0 0 0 0 0 0 0 0 0 0 0 0 0 0 0 0 0]
[2642612776447926381483993586265003634286557798420905849202034101448495099258920497252576365207633951400904215662173037831818832384439718604722353120596617866333175542032930682903635631827482378164244435825664630594960754114905484071480474293405562316345759919387405550290852864717588890630048352868841160068 0 0 0 0 0 0 0 0 0 0 0 0 0 0 0 0 0 0 0 0 0 0 0 0 0 0 0 0 0 0 0 0 0 0 0 0 0 0 0 0 0 0 0 0 0 0 0 0 0 0 0 0 0 0 0 0 0 0 0 0 0 0 0 0 0 0 0 0 0 0 0 0 0 0 0 0 0 0 0 0 0 0 1 0 0 0 0 0 0 0 0 0 0 0 0 0 0 0 0 0 0]
[4293950251733931545153651543196880633416754992142674417619051746104308985888079232447581442707044566333783449891256428918610879097727509637834990046467987101507563126240222180626268874645890202877256513461718069523650467588504327199217143650598275542438777629988658011214971896454257963140050197213992658731 0 0 0 0 0 0 0 0 0 0 0 0 0 0 0 0 0 0 0 0 0 0 0 0 0 0 0 0 0 0 0 0 0 0 0 0 0 0 0 0 0 0 0 0 0 0 0 0 0 0 0 0 0 0 0 0 0 0 0 0 0 0 0 0 0 0 0 0 0 0 0 0 0 0 0 0 0 0 0 0 0 0 0 1 0 0 0 0 0 0 0 0 0 0 0 0 0 0 0 0 0]
[4272342432660220354312896189380442451878978939157510024213453677993531570935579954966217897027411823557230767545545491691261237397145560215133619469617991677841885208441427269766079253388645515224707264086512914338647956909618452497837003958751258909735362036106483427744723353761333508424754098868371639544 0 0 0 0 0 0 0 0 0 0 0 0 0 0 0 0 0 0 0 0 0 0 0 0 0 0 0 0 0 0 0 0 0 0 0 0 0 0 0 0 0 0 0 0 0 0 0 0 0 0 0 0 0 0 0 0 0 0 0 0 0 0 0 0 0 0 0 0 0 0 0 0 0 0 0 0 0 0 0 0 0 0 0 0 1 0 0 0 0 0 0 0 0 0 0 0 0 0 0 0 0]
[108395117751078658920982731374993149227871849770548715013260445400581953865120069224677995847939144514943028288887777652894845967503454772302801118205907301272440706277254506089008075116111303298922477234927319366078483673991186123928976307481484441427898173662799828145551743590368858213967399458987770219 0 0 0 0 0 0 0 0 0 0 0 0 0 0 0 0 0 0 0 0 0 0 0 0 0 0 0 0 0 0 0 0 0 0 0 0 0 0 0 0 0 0 0 0 0 0 0 0 0 0 0 0 0 0 0 0 0 0 0 0 0 0 0 0 0 0 0 0 0 0 0 0 0 0 0 0 0 0 0 0 0 0 0 0 0 1 0 0 0 0 0 0 0 0 0 0 0 0 0 0 0]
[6365208224863742980063966201738080475536944832929553422049541596043415555255217610754850650285986650972160592235733746680237479857629346928702642163973714162937912944522315738702893763342430020498168146629902478762315465199804740051098352573181415186214028287870182743894509008929307773461744614694611994133 0 0 0 0 0 0 0 0 0 0 0 0 0 0 0 0 0 0 0 0 0 0 0 0 0 0 0 0 0 0 0 0 0 0 0 0 0 0 0 0 0 0 0 0 0 0 0 0 0 0 0 0 0 0 0 0 0 0 0 0 0 0 0 0 0 0 0 0 0 0 0 0 0 0 0 0 0 0 0 0 0 0 0 0 0 0 1 0 0 0 0 0 0 0 0 0 0 0 0 0 0]
[6440266386922328309987507904725618356534112617736768591603226745698113266397497465951204656223693484862786209459846642240076826878572452927377537851841463773109683368353040577336006085447507925174666261154184614233835980885632996285189847352528689365983689936086983945849742993454550203587942562849433371749 0 0 0 0 0 0 0 0 0 0 0 0 0 0 0 0 0 0 0 0 0 0 0 0 0 0 0 0 0 0 0 0 0 0 0 0 0 0 0 0 0 0 0 0 0 0 0 0 0 0 0 0 0 0 0 0 0 0 0 0 0 0 0 0 0 0 0 0 0 0 0 0 0 0 0 0 0 0 0 0 0 0 0 0 0 0 0 1 0 0 0 0 0 0 0 0 0 0 0 0 0]
[5933603045557738418396145459180972290758887324514707378766449911721012835820443717056666440724772340516551415674602940685212157981373763634058280284219998097078545936279000156312545918269111084809920479040906169214348663273209381846510823952137189178786391010178111557298782636605726773568953309150459168921 0 0 0 0 0 0 0 0 0 0 0 0 0 0 0 0 0 0 0 0 0 0 0 0 0 0 0 0 0 0 0 0 0 0 0 0 0 0 0 0 0 0 0 0 0 0 0 0 0 0 0 0 0 0 0 0 0 0 0 0 0 0 0 0 0 0 0 0 0 0 0 0 0 0 0 0 0 0 0 0 0 0 0 0 0 0 0 0 1 0 0 0 0 0 0 0 0 0 0 0 0]
[2238828666502552046750124730814566264575027996620437664239394601457963648424692632363474307426537970681670829992083291217963153880294455295715630431261881245126605961286727569749839116502874377585184171768833708455136460168694339349958766303214688881681548448893177869229086567111546040984572064672311102230 0 0 0 0 0 0 0 0 0 0 0 0 0 0 0 0 0 0 0 0 0 0 0 0 0 0 0 0 0 0 0 0 0 0 0 0 0 0 0 0 0 0 0 0 0 0 0 0 0 0 0 0 0 0 0 0 0 0 0 0 0 0 0 0 0 0 0 0 0 0 0 0 0 0 0 0 0 0 0 0 0 0 0 0 0 0 0 0 0 1 0 0 0 0 0 0 0 0 0 0 0]
[298817326221745858175932037551006677179954609483154385694743711438482733856959327451431665019769421335417288809918426953455720523859863880801869265724537080550649675898401306821090079191761664816875959360022739029615674796675084199064395783491228307163075117793671726822903938845319829185574279285445203022 0 0 0 0 0 0 0 0 0 0 0 0 0 0 0 0 0 0 0 0 0 0 0 0 0 0 0 0 0 0 0 0 0 0 0 0 0 0 0 0 0 0 0 0 0 0 0 0 0 0 0 0 0 0 0 0 0 0 0 0 0 0 0 0 0 0 0 0 0 0 0 0 0 0 0 0 0 0 0 0 0 0 0 0 0 0 0 0 0 0 1 0 0 0 0 0 0 0 0 0 0]
[3596427957163509219130226183380115521512904140054124305116461922315918930113175197318942988082504854429912342102251378505452599917655228080317763001303106583445382928325454038507858616002663073768126886382940807502487335951205433511029885855681449873582338350367613966799071808052030155126847677156702205178 0 0 0 0 0 0 0 0 0 0 0 0 0 0 0 0 0 0 0 0 0 0 0 0 0 0 0 0 0 0 0 0 0 0 0 0 0 0 0 0 0 0 0 0 0 0 0 0 0 0 0 0 0 0 0 0 0 0 0 0 0 0 0 0 0 0 0 0 0 0 0 0 0 0 0 0 0 0 0 0 0 0 0 0 0 0 0 0 0 0 0 1 0 0 0 0 0 0 0 0 0]
[2889101428779273333150888828974338745259691661358126117891214629719901157004982330161406051484498424147362584238615167593783219348300572789732884205604527382070850416800249804926279114715932286121083124703603664920112109007429295121219819649040161643008073154934823589671728253857337874683304684132206751803 0 0 0 0 0 0 0 0 0 0 0 0 0 0 0 0 0 0 0 0 0 0 0 0 0 0 0 0 0 0 0 0 0 0 0 0 0 0 0 0 0 0 0 0 0 0 0 0 0 0 0 0 0 0 0 0 0 0 0 0 0 0 0 0 0 0 0 0 0 0 0 0 0 0 0 0 0 0 0 0 0 0 0 0 0 0 0 0 0 0 0 0 1 0 0 0 0 0 0 0 0]
[1392762642780278412816759604467564218933753294067168351083470324219391666568906899879570014272394650600125308262594363726448330371408807832080387214132190669675609984445622039867881820935641698554294629160316844620014974137183667571938069289058405926872911529746743536253461480784096080801383476530786121396 0 0 0 0 0 0 0 0 0 0 0 0 0 0 0 0 0 0 0 0 0 0 0 0 0 0 0 0 0 0 0 0 0 0 0 0 0 0 0 0 0 0 0 0 0 0 0 0 0 0 0 0 0 0 0 0 0 0 0 0 0 0 0 0 0 0 0 0 0 0 0 0 0 0 0 0 0 0 0 0 0 0 0 0 0 0 0 0 0 0 0 0 0 1 0 0 0 0 0 0 0]
[851643017945795846923342813202293319972987924616174289482962841105761505614017987610190365866061230782702087472174367313538461317796233809103982621918831069069726792602088539386382268903173719658289019947323346720107367353784914505126465894756592746699220646721065203289149350786167667287600526563729902661 0 0 0 0 0 0 0 0 0 0 0 0 0 0 0 0 0 0 0 0 0 0 0 0 0 0 0 0 0 0 0 0 0 0 0 0 0 0 0 0 0 0 0 0 0 0 0 0 0 0 0 0 0 0 0 0 0 0 0 0 0 0 0 0 0 0 0 0 0 0 0 0 0 0 0 0 0 0 0 0 0 0 0 0 0 0 0 0 0 0 0 0 0 0 1 0 0 0 0 0 0]
[4325337140042922635606813653733561490553527679679116550464513643742003242618306458267409693658214115987902317845097401833835029169363581941700497818965060294803038185544199388473168050323817250109952125533130351391725339017676424766452126652196035811740430556308509091057534741339756568974958001617629388086 0 0 0 0 0 0 0 0 0 0 0 0 0 0 0 0 0 0 0 0 0 0 0 0 0 0 0 0 0 0 0 0 0 0 0 0 0 0 0 0 0 0 0 0 0 0 0 0 0 0 0 0 0 0 0 0 0 0 0 0 0 0 0 0 0 0 0 0 0 0 0 0 0 0 0 0 0 0 0 0 0 0 0 0 0 0 0 0 0 0 0 0 0 0 0 1 0 0 0 0 0]
[1146226390918511513303381498320319137856338479569696036618659302661088107484832067688817888812766817746102047794464852083764939858752776546916906062610655730415124273872031394054235924507810870298812788289462395406655038139399167364871549366790844261550132781308944775472383859322926924568838079201428087 0 0 0 0 0 0 0 0 0 0 0 0 0 0 0 0 0 0 0 0 0 0 0 0 0 0 0 0 0 0 0 0 0 0 0 0 0 0 0 0 0 0 0 0 0 0 0 0 0 0 0 0 0 0 0 0 0 0 0 0 0 0 0 0 0 0 0 0 0 0 0 0 0 0 0 0 0 0 0 0 0 0 0 0 0 0 0 0 0 0 0 0 0 0 0 0 1 0 0 0 0]
[4078759460432243604965828490180435487432457485220920427850270241282929653095196750948475331071666400300665798133065357958866080488956308975712910631369878975928937653689390200075289896519537668892611756430736153707824071200237270471076633255238319704386665020771405074980809948697455966495306222570032763737 0 0 0 0 0 0 0 0 0 0 0 0 0 0 0 0 0 0 0 0 0 0 0 0 0 0 0 0 0 0 0 0 0 0 0 0 0 0 0 0 0 0 0 0 0 0 0 0 0 0 0 0 0 0 0 0 0 0 0 0 0 0 0 0 0 0 0 0 0 0 0 0 0 0 0 0 0 0 0 0 0 0 0 0 0 0 0 0 0 0 0 0 0 0 0 0 0 1 0 0 0]
[4813772635507531256751624209364917110494401028685429339557717401194277215596643330841383243305243780513461537648518315594036232127399323497199733685376451386632457641713821416293799672215862372254849015338931668107805235192429108154360627994014266996572479092480648734895193206635854606667495601807921446401 0 0 0 0 0 0 0 0 0 0 0 0 0 0 0 0 0 0 0 0 0 0 0 0 0 0 0 0 0 0 0 0 0 0 0 0 0 0 0 0 0 0 0 0 0 0 0 0 0 0 0 0 0 0 0 0 0 0 0 0 0 0 0 0 0 0 0 0 0 0 0 0 0 0 0 0 0 0 0 0 0 0 0 0 0 0 0 0 0 0 0 0 0 0 0 0 0 0 1 0 0]
[1111923304630170203570777081636912725312002173853844911016782583888205863298271101270949118681953613386506985006538215481478533311036028629667773683376563873987788914387779442097956630985421982381342137428379687360632398366893408752246362350483723771667997527670792142765409149349853949617015609196176854787 0 0 0 0 0 0 0 0 0 0 0 0 0 0 0 0 0 0 0 0 0 0 0 0 0 0 0 0 0 0 0 0 0 0 0 0 0 0 0 0 0 0 0 0 0 0 0 0 0 0 0 0 0 0 0 0 0 0 0 0 0 0 0 0 0 0 0 0 0 0 0 0 0 0 0 0 0 0 0 0 0 0 0 0 0 0 0 0 0 0 0 0 0 0 0 0 0 0 0 1 0]
[246730286584447647066262721762478833768669177951516985533179538151242499316580940647649575264367687732710012593394130355746938320980633256568354210972185089588969561189206745708650829170082121249631893902105232814564348049158676385863064890747229901954588314670763716752838692949415525360652272206668123168 0 0 0 0 0 0 0 0 0 0 0 0 0 0 0 0 0 0 0 0 0 0 0 0 0 0 0 0 0 0 0 0 0 0 0 0 0 0 0 0 0 0 0 0 0 0 0 0 0 0 0 0 0 0 0 0 0 0 0 0 0 0 0 0 0 0 0 0 0 0 0 0 0 0 0 0 0 0 0 0 0 0 0 0 0 0 0 0 0 0 0 0 0 0 0 0 0 0 0 0 1]
]
