[[7046585450569289212540669078032022285304715006927262939608730664443238838647287091824898677358615461213453300139299767503655748775679348831614758649019423450015568986331406574960256017865862270591302479308091970577678638480535988467541927353551458263616715480366625152712877152502922495388797383937320961156928450687406935286139935613 0 0 0 0 0 0 0 0 0 0 0 0 0 0 0 0 0 0 0 0 0 0 0 0 0 0 0 0 0 0 0 0 0 0 0 0 0 0 0 0 0 0 0 0 0 0 0 0 0 0 0 0 0 0 0 0 0 0 0 0 0 0 0 0 0 0 0 0 0 0 0 0 0 0 0 0 0 0 0 0 0 0 0 0 0 0 0 0 0 0 0 0 0 0 0 0 0 0 0 0 0 0 0 0 0 0 0 0 0 0]
[666237752667861776392027667847725174638918971823806886917236280681881805896907578679542646429625087015948679466489619669221997736602416251394108518402786664211663837208473598036719039970826231691266106496153908662232974079778641304860580067314377538600883820499634012165483104908170184340704312707713488119483822773693836747922289072 1 0 0 0 0 0 0 0 0 0 0 0 0 0 0 0 0 0 0 0 0 0 0 0 0 0 0 0 0 0 0 0 0 0 0 0 0 0 0 0 0 0 0 0 0 0 0 0 0 0 0 0 0 0 0 0 0 0 0 0 0 0 0 0 0 0 0 0 0 0 0 0 0 0 0 0 0 0 0 0 0 0 0 0 0 0 0 0 0 0 0 0 0 0 0 0 0 0 0 0 0 0 0 0 0 0 0 0 0 0]
[5905689338429398623824776115302228187957185676134000055391215758382427653176374878916464712261498463270411536278172052599898048142888495671819558017619578784690047588558561179112769503827652248510230750048270609267453952542173672990940850758052897350504142587155440918105862002517504871124041691140647980177501603874325980812268972431 0 1 0 0 0 0 0 0 0 0 0 0 0 0 0 0 0 0 0 0 0 0 0 0 0 0 0 0 0 0 0 0 0 0 0 0 0 0 0 0 0 0 0 0 0 0 0 0 0 0 0 0 0 0 0 0 0 0 0 0 0 0 0 0 0 0 0 0 0 0 0 0 0 0 0 0 0 0 0 0 0 0 0 0 0 0 0 0 0 0 0 0 0 0 0 0 0 0 0 0 0 0 0 0 0 0 0 0 0 0]
[3947610550842649380586608391679893443912792422403745993317310211417242009275631216499302511324750581758322877062323054859367861073576277912817051022839837951821626365177513652671264652416486747012768174288954085907002907890918086297410173559211031190604879129995227653750070923641542653114080211387003153364374923385414627801043195648 0 0 1 0 0 0 0 0 0 0 0 0 0 0 0 0 0 0 0 0 0 0 0 0 0 0 0 0 0 0 0 0 0 0 0 0 0 0 0 0 0 0 0 0 0 0 0 0 0 0 0 0 0 0 0 0 0 0 0 0 0 0 0 0 0 0 0 0 0 0 0 0 0 0 0 0 0 0 0 0 0 0 0 0 0 0 0 0 0 0 0 0 0 0 0 0 0 0 0 0 0 0 0 0 0 0 0 0 0 0]
[691225643279478370405038290554743674557090687846035984194149421597434812237384914282321901061439504463651761537180163258564766122139159313261061444124124344004350558716700411957370677024598807626964641992514701749752237357731800957486310071312048792484278287456017254798696298728936210493328835247758128820617970788896148023874601450 0 0 0 1 0 0 0 0 0 0 0 0 0 0 0 0 0 0 0 0 0 0 0 0 0 0 0 0 0 0 0 0 0 0 0 0 0 0 0 0 0 0 0 0 0 0 0 0 0 0 0 0 0 0 0 0 0 0 0 0 0 0 0 0 0 0 0 0 0 0 0 0 0 0 0 0 0 0 0 0 0 0 0 0 0 0 0 0 0 0 0 0 0 0 0 0 0 0 0 0 0 0 0 0 0 0 0 0 0 0]
[3609010560650943825642697200283196870110624105416084892215770375275108456527592194546920975646988869521109751771635347227612427690184800498267853210559991734812725986509442914369201157298432454311119403525439811900069876521188270059643477751258777340310522393223920989963846588811600034959667433193779209308035711964300837338669330139 0 0 0 0 1 0 0 0 0 0 0 0 0 0 0 0 0 0 0 0 0 0 0 0 0 0 0 0 0 0 0 0 0 0 0 0 0 0 0 0 0 0 0 0 0 0 0 0 0 0 0 0 0 0 0 0 0 0 0 0 0 0 0 0 0 0 0 0 0 0 0 0 0 0 0 0 0 0 0 0 0 0 0 0 0 0 0 0 0 0 0 0 0 0 0 0 0 0 0 0 0 0 0 0 0 0 0 0 0 0]
[5545576471737267259174604336006328515452218668515090512026737935626467621568864863403821015819034181798635326475127351067281002931363235472853965238997325170977854439597038100833585228679230838918777574867468264642202174562601195868081988652059886561093461210635532215838243693309822154198533733763178755122064801634842820358806194208 0 0 0 0 0 1 0 0 0 0 0 0 0 0 0 0 0 0 0 0 0 0 0 0 0 0 0 0 0 0 0 0 0 0 0 0 0 0 0 0 0 0 0 0 0 0 0 0 0 0 0 0 0 0 0 0 0 0 0 0 0 0 0 0 0 0 0 0 0 0 0 0 0 0 0 0 0 0 0 0 0 0 0 0 0 0 0 0 0 0 0 0 0 0 0 0 0 0 0 0 0 0 0 0 0 0 0 0 0 0]
[3888283602197398349211552844426682132449058607107647831279888550229788399322756128095005276911387800448806519493700172068839009585917256086496546927212874892141777491761229050525188807587581900244428120656587116786019539706003547048799180898221716243613112020887252182810108806173352795069773955934641687422556272540303406010696272095 0 0 0 0 0 0 1 0 0 0 0 0 0 0 0 0 0 0 0 0 0 0 0 0 0 0 0 0 0 0 0 0 0 0 0 0 0 0 0 0 0 0 0 0 0 0 0 0 0 0 0 0 0 0 0 0 0 0 0 0 0 0 0 0 0 0 0 0 0 0 0 0 0 0 0 0 0 0 0 0 0 0 0 0 0 0 0 0 0 0 0 0 0 0 0 0 0 0 0 0 0 0 0 0 0 0 0 0 0 0]
[6996191592394259598630883377237047815559968398636451048550001012016130882087471166926844418599384733936931675776995875479405776879630695033391951440850732817938382322118050610224162166609720172127614870775880685815327928459772880497730192533191767876523474906093419356292871842743029346020859324413529449831978675110228726792465971708 0 0 0 0 0 0 0 1 0 0 0 0 0 0 0 0 0 0 0 0 0 0 0 0 0 0 0 0 0 0 0 0 0 0 0 0 0 0 0 0 0 0 0 0 0 0 0 0 0 0 0 0 0 0 0 0 0 0 0 0 0 0 0 0 0 0 0 0 0 0 0 0 0 0 0 0 0 0 0 0 0 0 0 0 0 0 0 0 0 0 0 0 0 0 0 0 0 0 0 0 0 0 0 0 0 0 0 0 0 0]
[1728826411595151997029585718745129606421912531529935845575247257491034869625955039954648764732111042910155585192947696677337369704085189086804022046903148750394097334473094321415984972309150898488909286955669388907681179673878383601182382193086771793386215288359218392277635595912236911180229540430888519604054077381637040235249740742 0 0 0 0 0 0 0 0 1 0 0 0 0 0 0 0 0 0 0 0 0 0 0 0 0 0 0 0 0 0 0 0 0 0 0 0 0 0 0 0 0 0 0 0 0 0 0 0 0 0 0 0 0 0 0 0 0 0 0 0 0 0 0 0 0 0 0 0 0 0 0 0 0 0 0 0 0 0 0 0 0 0 0 0 0 0 0 0 0 0 0 0 0 0 0 0 0 0 0 0 0 0 0 0 0 0 0 0 0 0]
[202538170231915903934889720390028399730558251042801896539700681968255450140452172844369136110906997627073215825227722120475709851105309809429868182090914443652860324522246418716369181438047409478315044699285064085076771233705137195814370852538840101590759139351159233406436905663575850417224301923873207674577760097756224145754122547 0 0 0 0 0 0 0 0 0 1 0 0 0 0 0 0 0 0 0 0 0 0 0 0 0 0 0 0 0 0 0 0 0 0 0 0 0 0 0 0 0 0 0 0 0 0 0 0 0 0 0 0 0 0 0 0 0 0 0 0 0 0 0 0 0 0 0 0 0 0 0 0 0 0 0 0 0 0 0 0 0 0 0 0 0 0 0 0 0 0 0 0 0 0 0 0 0 0 0 0 0 0 0 0 0 0 0 0 0 0]
[6194151822166957045938578069467050434308803302234833507047386087280646602201283224289185965706922475171206885017115164833945565827595427350116683088790288574865123468212405635088897943896664172895414941724993479879288144412325233498451923545221395256908448108116169954093622675368452390029206409904325396289849110399919608211049213785 0 0 0 0 0 0 0 0 0 0 1 0 0 0 0 0 0 0 0 0 0 0 0 0 0 0 0 0 0 0 0 0 0 0 0 0 0 0 0 0 0 0 0 0 0 0 0 0 0 0 0 0 0 0 0 0 0 0 0 0 0 0 0 0 0 0 0 0 0 0 0 0 0 0 0 0 0 0 0 0 0 0 0 0 0 0 0 0 0 0 0 0 0 0 0 0 0 0 0 0 0 0 0 0 0 0 0 0 0 0]
[4276595959442623458568960434155936453169162858613248746801004560648885248731816101179576906253806618178674949298866556297533567662747542109425239341179507905056077315499322835007628672713152446087388154623745898011715264192121377729584593100190615388203904414660289541358251009253296650423390530515387806233268122102785598282359577702 0 0 0 0 0 0 0 0 0 0 0 1 0 0 0 0 0 0 0 0 0 0 0 0 0 0 0 0 0 0 0 0 0 0 0 0 0 0 0 0 0 0 0 0 0 0 0 0 0 0 0 0 0 0 0 0 0 0 0 0 0 0 0 0 0 0 0 0 0 0 0 0 0 0 0 0 0 0 0 0 0 0 0 0 0 0 0 0 0 0 0 0 0 0 0 0 0 0 0 0 0 0 0 0 0 0 0 0 0 0]
[985008031269642994898856932711352146205437509846708138129036258536007359284095327651164231301434003191098685260342735431603859188557281200239078076615574705226946597887651214621453318756617975423981233889098861138972893076788722190515421342050354365372917115812955783587110377124783645501688077959521224595326487110833243926877396821 0 0 0 0 0 0 0 0 0 0 0 0 1 0 0 0 0 0 0 0 0 0 0 0 0 0 0 0 0 0 0 0 0 0 0 0 0 0 0 0 0 0 0 0 0 0 0 0 0 0 0 0 0 0 0 0 0 0 0 0 0 0 0 0 0 0 0 0 0 0 0 0 0 0 0 0 0 0 0 0 0 0 0 0 0 0 0 0 0 0 0 0 0 0 0 0 0 0 0 0 0 0 0 0 0 0 0 0 0 0]
[929062746050423711688056045892950037123122687457208540278690809057080004276806651236883831030242007870683610419055431595490423824736727337437299453496876631638463582471757532389293630973879688664164791871854049426195502331327381228672113681876817694898118318140180515989608512149246048352040884422080264912409898534236878910955001924 0 0 0 0 0 0 0 0 0 0 0 0 0 1 0 0 0 0 0 0 0 0 0 0 0 0 0 0 0 0 0 0 0 0 0 0 0 0 0 0 0 0 0 0 0 0 0 0 0 0 0 0 0 0 0 0 0 0 0 0 0 0 0 0 0 0 0 0 0 0 0 0 0 0 0 0 0 0 0 0 0 0 0 0 0 0 0 0 0 0 0 0 0 0 0 0 0 0 0 0 0 0 0 0 0 0 0 0 0 0]
[2950104481431102047896384409106463587587376415667683761316864619517752406477591250430681027156998865528173286975266345351729061247766588563329123139952492822025831846767983680812640653155040517312382660311504687777868389684204417471440785752663837865733069678599024452161997231060089342928429338209342034271744456953992577191567011221 0 0 0 0 0 0 0 0 0 0 0 0 0 0 1 0 0 0 0 0 0 0 0 0 0 0 0 0 0 0 0 0 0 0 0 0 0 0 0 0 0 0 0 0 0 0 0 0 0 0 0 0 0 0 0 0 0 0 0 0 0 0 0 0 0 0 0 0 0 0 0 0 0 0 0 0 0 0 0 0 0 0 0 0 0 0 0 0 0 0 0 0 0 0 0 0 0 0 0 0 0 0 0 0 0 0 0 0 0 0]
[3902451051718303615207962885401670880566803466233383607101331471134649743988825486633599287288723807038496670091383970090524020492793923700007014182857150892170051464613992901806850458361260930898598486317516366341442135107492137648935446742594931807424090060800623667153391278039852479691344941825358173140775097978964511470925651446 0 0 0 0 0 0 0 0 0 0 0 0 0 0 0 1 0 0 0 0 0 0 0 0 0 0 0 0 0 0 0 0 0 0 0 0 0 0 0 0 0 0 0 0 0 0 0 0 0 0 0 0 0 0 0 0 0 0 0 0 0 0 0 0 0 0 0 0 0 0 0 0 0 0 0 0 0 0 0 0 0 0 0 0 0 0 0 0 0 0 0 0 0 0 0 0 0 0 0 0 0 0 0 0 0 0 0 0 0 0]
[6328658309957464779209109204138954698678318168759300097738628107487138280857161240997750631108452442404821690118477397201464482596212411141820314912565326100135239162011721065254624395573709053524523795307399890445117143037134511612652059023023744534502805336129068607119159759384526136623438267637692793371750642558358338177429526572 0 0 0 0 0 0 0 0 0 0 0 0 0 0 0 0 1 0 0 0 0 0 0 0 0 0 0 0 0 0 0 0 0 0 0 0 0 0 0 0 0 0 0 0 0 0 0 0 0 0 0 0 0 0 0 0 0 0 0 0 0 0 0 0 0 0 0 0 0 0 0 0 0 0 0 0 0 0 0 0 0 0 0 0 0 0 0 0 0 0 0 0 0 0 0 0 0 0 0 0 0 0 0 0 0 0 0 0 0 0]
[2403171179119545849640579125971851225731943345788104535059359027062942396622247401646561622770265203928618670697022454421233876279544055825255850439962575471189773770312463503989061862960209533750971944278724008319599338725271958354676322887178385156886617979477956929225587135993173996025796610449363681251879321918403382690706384003 0 0 0 0 0 0 0 0 0 0 0 0 0 0 0 0 0 1 0 0 0 0 0 0 0 0 0 0 0 0 0 0 0 0 0 0 0 0 0 0 0 0 0 0 0 0 0 0 0 0 0 0 0 0 0 0 0 0 0 0 0 0 0 0 0 0 0 0 0 0 0 0 0 0 0 0 0 0 0 0 0 0 0 0 0 0 0 0 0 0 0 0 0 0 0 0 0 0 0 0 0 0 0 0 0 0 0 0 0 0]
[1274699352532767854978254506680560700681787826535785226397904973211583689018168607500599156181310539161457621120991659758289881572600617556871013449720140047080925725419923579168251217894088298270286904011209274526753224611449726020833822920901671059193922749131854989272812613181959189225437258416064623090343939276073420825712688781 0 0 0 0 0 0 0 0 0 0 0 0 0 0 0 0 0 0 1 0 0 0 0 0 0 0 0 0 0 0 0 0 0 0 0 0 0 0 0 0 0 0 0 0 0 0 0 0 0 0 0 0 0 0 0 0 0 0 0 0 0 0 0 0 0 0 0 0 0 0 0 0 0 0 0 0 0 0 0 0 0 0 0 0 0 0 0 0 0 0 0 0 0 0 0 0 0 0 0 0 0 0 0 0 0 0 0 0 0 0]
[2146487242457042491133961161512308612656758299653121266817775800586095116191517026864872084088484379549426376334393810832865507983151383721357401444255118731550013090774998337518556259826689918803268475635469460093556522952171411862763646239299618074604716826053953231302943244909322072882994200284620250089170429456431359650247590520 0 0 0 0 0 0 0 0 0 0 0 0 0 0 0 0 0 0 0 1 0 0 0 0 0 0 0 0 0 0 0 0 0 0 0 0 0 0 0 0 0 0 0 0 0 0 0 0 0 0 0 0 0 0 0 0 0 0 0 0 0 0 0 0 0 0 0 0 0 0 0 0 0 0 0 0 0 0 0 0 0 0 0 0 0 0 0 0 0 0 0 0 0 0 0 0 0 0 0 0 0 0 0 0 0 0 0 0 0 0]
[2004145117856372799604217234368451963899344112408509174133996512320540000071079801540230311943056995799558467328203288017173117982733239165585864417598242363665478205515462896553051757407828468198756488741294860002987101889935504848512778663342698794578568302738746887977641692496966917052283211295296615345276089164609933901288839508 0 0 0 0 0 0 0 0 0 0 0 0 0 0 0 0 0 0 0 0 1 0 0 0 0 0 0 0 0 0 0 0 0 0 0 0 0 0 0 0 0 0 0 0 0 0 0 0 0 0 0 0 0 0 0 0 0 0 0 0 0 0 0 0 0 0 0 0 0 0 0 0 0 0 0 0 0 0 0 0 0 0 0 0 0 0 0 0 0 0 0 0 0 0 0 0 0 0 0 0 0 0 0 0 0 0 0 0 0 0]
[2967198801840232913794690203225613012288280324130880091158844731597822099273480728937414725557276905656164536132240543784151993654104993146787168701088485315403290757193375775180919016472806541135500025888229483925700802443701313869974413413871463922781849245845130886865635947997060770771512433515871773208621884201165099307084151724 0 0 0 0 0 0 0 0 0 0 0 0 0 0 0 0 0 0 0 0 0 1 0 0 0 0 0 0 0 0 0 0 0 0 0 0 0 0 0 0 0 0 0 0 0 0 0 0 0 0 0 0 0 0 0 0 0 0 0 0 0 0 0 0 0 0 0 0 0 0 0 0 0 0 0 0 0 0 0 0 0 0 0 0 0 0 0 0 0 0 0 0 0 0 0 0 0 0 0 0 0 0 0 0 0 0 0 0 0 0]
[2191040991072393178542839920944416963175041971466345101914747986089382979253083053947979645636051576282414824831436484327282069793781445046140481130397361107450077127404102381719675891446520543320831804986531782537795487142654130617985729026418834602267614363648089825283234164510477801705631252745840262524464580351482735708727508855 0 0 0 0 0 0 0 0 0 0 0 0 0 0 0 0 0 0 0 0 0 0 1 0 0 0 0 0 0 0 0 0 0 0 0 0 0 0 0 0 0 0 0 0 0 0 0 0 0 0 0 0 0 0 0 0 0 0 0 0 0 0 0 0 0 0 0 0 0 0 0 0 0 0 0 0 0 0 0 0 0 0 0 0 0 0 0 0 0 0 0 0 0 0 0 0 0 0 0 0 0 0 0 0 0 0 0 0 0 0]
[2298141517472353273755365021067009981254692337544849474186169805250685960616632561873110641814269464782733067914932294597209268804415372598484721388155185787236736562653971670866231096136208704509769921596262111884329086994841437981000132578727423744864043735343194140111556025138931918210018526484175443191226723717449313328551527938 0 0 0 0 0 0 0 0 0 0 0 0 0 0 0 0 0 0 0 0 0 0 0 1 0 0 0 0 0 0 0 0 0 0 0 0 0 0 0 0 0 0 0 0 0 0 0 0 0 0 0 0 0 0 0 0 0 0 0 0 0 0 0 0 0 0 0 0 0 0 0 0 0 0 0 0 0 0 0 0 0 0 0 0 0 0 0 0 0 0 0 0 0 0 0 0 0 0 0 0 0 0 0 0 0 0 0 0 0 0]
[2580501595601096836060814074783261133010773687810460062416991288292151101873440715119818514052083893888714737428326858521070613683740799685355904504760181324772884014696156171460001238106227276616484073762565977105355274430734779405154785256224718000887394179881282367513683691784279710147646964385419151498916946394703863985721107955 0 0 0 0 0 0 0 0 0 0 0 0 0 0 0 0 0 0 0 0 0 0 0 0 1 0 0 0 0 0 0 0 0 0 0 0 0 0 0 0 0 0 0 0 0 0 0 0 0 0 0 0 0 0 0 0 0 0 0 0 0 0 0 0 0 0 0 0 0 0 0 0 0 0 0 0 0 0 0 0 0 0 0 0 0 0 0 0 0 0 0 0 0 0 0 0 0 0 0 0 0 0 0 0 0 0 0 0 0 0]
[2173332026818827674715283703609770035153262796799106734365902298810671545494392373757906040652786741966604748004070410727262420896920035732436124303665481592221538694932339387298516289291778338819925436180789974933417929641921005754914953075256654289674795781255448075416390689054219864427398952742723665361669909455645322161917636737 0 0 0 0 0 0 0 0 0 0 0 0 0 0 0 0 0 0 0 0 0 0 0 0 0 1 0 0 0 0 0 0 0 0 0 0 0 0 0 0 0 0 0 0 0 0 0 0 0 0 0 0 0 0 0 0 0 0 0 0 0 0 0 0 0 0 0 0 0 0 0 0 0 0 0 0 0 0 0 0 0 0 0 0 0 0 0 0 0 0 0 0 0 0 0 0 0 0 0 0 0 0 0 0 0 0 0 0 0 0]
[4251681244620983460139322974822640672170113789332185659668257503869588813321522455658256813539137353610123162413911412839425973783669801503332532035307693065486288727145404103953932935063501960840435089483617868627581679913804717429345478260121474670929824002677952440740907739629702961524103817784959938464307634300189672560806500002 0 0 0 0 0 0 0 0 0 0 0 0 0 0 0 0 0 0 0 0 0 0 0 0 0 0 1 0 0 0 0 0 0 0 0 0 0 0 0 0 0 0 0 0 0 0 0 0 0 0 0 0 0 0 0 0 0 0 0 0 0 0 0 0 0 0 0 0 0 0 0 0 0 0 0 0 0 0 0 0 0 0 0 0 0 0 0 0 0 0 0 0 0 0 0 0 0 0 0 0 0 0 0 0 0 0 0 0 0 0]
[775320926280216114565349370928849793198540259642861202600659548108424041063092179814993752267110826523197241040539106383990430339478297127721360405290003364175609458098401025530844616007336251717484148088732127149692145944733265739216703032876454197056570718058160179566635890307759681771171580753323818482817341558526280550144677409 0 0 0 0 0 0 0 0 0 0 0 0 0 0 0 0 0 0 0 0 0 0 0 0 0 0 0 1 0 0 0 0 0 0 0 0 0 0 0 0 0 0 0 0 0 0 0 0 0 0 0 0 0 0 0 0 0 0 0 0 0 0 0 0 0 0 0 0 0 0 0 0 0 0 0 0 0 0 0 0 0 0 0 0 0 0 0 0 0 0 0 0 0 0 0 0 0 0 0 0 0 0 0 0 0 0 0 0 0 0]
[1432731033227715072901238832897745666867777590175107646948460474283090754788944527174735730457917834719719142688085302675349669853336725521580572026208905417236168009491324766336522670068592985073807179355189805063337814267351143706156693702172937386708932103983343986620455778351844889202293761514871598908576711547375249370464053906 0 0 0 0 0 0 0 0 0 0 0 0 0 0 0 0 0 0 0 0 0 0 0 0 0 0 0 0 1 0 0 0 0 0 0 0 0 0 0 0 0 0 0 0 0 0 0 0 0 0 0 0 0 0 0 0 0 0 0 0 0 0 0 0 0 0 0 0 0 0 0 0 0 0 0 0 0 0 0 0 0 0 0 0 0 0 0 0 0 0 0 0 0 0 0 0 0 0 0 0 0 0 0 0 0 0 0 0 0 0]
[6535380699832961106984030456516181106834731655467397897347671459830711935586808206844593844423503205090079032255489268254369922604387188705263430961420786107830862745389796331341339653887267812549628464285363042498555400104948970521416852995928238853875020138710382088316953020551972184193905713153875958185953824328215439106606802466 0 0 0 0 0 0 0 0 0 0 0 0 0 0 0 0 0 0 0 0 0 0 0 0 0 0 0 0 0 1 0 0 0 0 0 0 0 0 0 0 0 0 0 0 0 0 0 0 0 0 0 0 0 0 0 0 0 0 0 0 0 0 0 0 0 0 0 0 0 0 0 0 0 0 0 0 0 0 0 0 0 0 0 0 0 0 0 0 0 0 0 0 0 0 0 0 0 0 0 0 0 0 0 0 0 0 0 0 0 0]
[5884631604631504428838489588693687590916356688645663341223711418478054877649774144866037500005068723262750525973096651388379255501057215302710199403851890827896849795802399502692241315464111658065338359963379315325842982493398232073519693007418336489993659248003266654660697150822133728142847650543589960121282055770982399467054518181 0 0 0 0 0 0 0 0 0 0 0 0 0 0 0 0 0 0 0 0 0 0 0 0 0 0 0 0 0 0 1 0 0 0 0 0 0 0 0 0 0 0 0 0 0 0 0 0 0 0 0 0 0 0 0 0 0 0 0 0 0 0 0 0 0 0 0 0 0 0 0 0 0 0 0 0 0 0 0 0 0 0 0 0 0 0 0 0 0 0 0 0 0 0 0 0 0 0 0 0 0 0 0 0 0 0 0 0 0 0]
[6067915300308967672556202935052094577202996253343724376074357015861659083593104373044322714936534950921164216447068040503717141902698108264839152988430969079435939341781949608657354783296234269871946810404913042295271016969288442714294721644830748828109042077476707025910404795009465525874922832603306623067857697433286674746603412114 0 0 0 0 0 0 0 0 0 0 0 0 0 0 0 0 0 0 0 0 0 0 0 0 0 0 0 0 0 0 0 1 0 0 0 0 0 0 0 0 0 0 0 0 0 0 0 0 0 0 0 0 0 0 0 0 0 0 0 0 0 0 0 0 0 0 0 0 0 0 0 0 0 0 0 0 0 0 0 0 0 0 0 0 0 0 0 0 0 0 0 0 0 0 0 0 0 0 0 0 0 0 0 0 0 0 0 0 0 0]
[597611442887574875210828388790269466169024325195766832421000065459327024055271073378654807040249025848466646855595892761815932774090824179806365720550280598990629179919429649519558472960798502184765385927077786270855139125381942076972360183061847096063385928185654098359077533120976229187346770801693638353030000705311743981328729290 0 0 0 0 0 0 0 0 0 0 0 0 0 0 0 0 0 0 0 0 0 0 0 0 0 0 0 0 0 0 0 0 1 0 0 0 0 0 0 0 0 0 0 0 0 0 0 0 0 0 0 0 0 0 0 0 0 0 0 0 0 0 0 0 0 0 0 0 0 0 0 0 0 0 0 0 0 0 0 0 0 0 0 0 0 0 0 0 0 0 0 0 0 0 0 0 0 0 0 0 0 0 0 0 0 0 0 0 0 0]
[3687587879794951910258560046478353214067886441811318507806993900700559971847558123687325000465654827227756028080428885216200089067997657379424985599771756265922264494257730225232911214129332111271321767534584840879822886844806661622870062023048847047075248103942557504336984519064202554707076998854530879613930191273228337215813475460 0 0 0 0 0 0 0 0 0 0 0 0 0 0 0 0 0 0 0 0 0 0 0 0 0 0 0 0 0 0 0 0 0 1 0 0 0 0 0 0 0 0 0 0 0 0 0 0 0 0 0 0 0 0 0 0 0 0 0 0 0 0 0 0 0 0 0 0 0 0 0 0 0 0 0 0 0 0 0 0 0 0 0 0 0 0 0 0 0 0 0 0 0 0 0 0 0 0 0 0 0 0 0 0 0 0 0 0 0 0]
[3405301546284363257386759277811601212093750366923771765096520539394510876739692572265842902881598508577648945278422333875948031715721373728808210177469016331885405495826061895484816063732155595074735683193916883835341520390114552682866823634206613498581721676621720021375511646519967305897395759800441324076894140484000359753737957478 0 0 0 0 0 0 0 0 0 0 0 0 0 0 0 0 0 0 0 0 0 0 0 0 0 0 0 0 0 0 0 0 0 0 1 0 0 0 0 0 0 0 0 0 0 0 0 0 0 0 0 0 0 0 0 0 0 0 0 0 0 0 0 0 0 0 0 0 0 0 0 0 0 0 0 0 0 0 0 0 0 0 0 0 0 0 0 0 0 0 0 0 0 0 0 0 0 0 0 0 0 0 0 0 0 0 0 0 0 0]
[5675164768770677688620104606416578957743012536081131957847842665879294691323062763678446032226490608694671753335779808588098963086204972746350753455659240520829887722132524263583704153250930046361546874686231449772070591027482053783103582708408963274247120112021634383983772554215938550200337465443391623201960587802048244962639818127 0 0 0 0 0 0 0 0 0 0 0 0 0 0 0 0 0 0 0 0 0 0 0 0 0 0 0 0 0 0 0 0 0 0 0 1 0 0 0 0 0 0 0 0 0 0 0 0 0 0 0 0 0 0 0 0 0 0 0 0 0 0 0 0 0 0 0 0 0 0 0 0 0 0 0 0 0 0 0 0 0 0 0 0 0 0 0 0 0 0 0 0 0 0 0 0 0 0 0 0 0 0 0 0 0 0 0 0 0 0]
[2839069148675612415630799089778315966020398417074789059525285573954396481508294618443074882798593813610450342494604712732740027895337497710159744529004023043963376197726677465937141924338929344484070249608521456297866815097120307323146706365536510189939456962373879025051063134706823275708101788132932035435535470050526580611731530432 0 0 0 0 0 0 0 0 0 0 0 0 0 0 0 0 0 0 0 0 0 0 0 0 0 0 0 0 0 0 0 0 0 0 0 0 1 0 0 0 0 0 0 0 0 0 0 0 0 0 0 0 0 0 0 0 0 0 0 0 0 0 0 0 0 0 0 0 0 0 0 0 0 0 0 0 0 0 0 0 0 0 0 0 0 0 0 0 0 0 0 0 0 0 0 0 0 0 0 0 0 0 0 0 0 0 0 0 0 0]
[1244987384364453348900625252158470312650154109278062749103574286796518693569651724885083589422012481492418203474832510927385779594315996473545332938589091132577095563843569907831667386639368326984646386931105585801177206451158104577578122011160654191351553059739232557544612906783568983483802649067558804308312713340642686142313443483 0 0 0 0 0 0 0 0 0 0 0 0 0 0 0 0 0 0 0 0 0 0 0 0 0 0 0 0 0 0 0 0 0 0 0 0 0 1 0 0 0 0 0 0 0 0 0 0 0 0 0 0 0 0 0 0 0 0 0 0 0 0 0 0 0 0 0 0 0 0 0 0 0 0 0 0 0 0 0 0 0 0 0 0 0 0 0 0 0 0 0 0 0 0 0 0 0 0 0 0 0 0 0 0 0 0 0 0 0 0]
[5726563994226720428051466067127579394321985063577907529590215357942829636618527203716694312749086786603898642176895397341904566403372518590664783830195604046703131401024847206542431795587373468768424762581280552479199007606000435906155330557494330624543397764070479510964716215384715707876215202137305670357336575207162115185428513474 0 0 0 0 0 0 0 0 0 0 0 0 0 0 0 0 0 0 0 0 0 0 0 0 0 0 0 0 0 0 0 0 0 0 0 0 0 0 1 0 0 0 0 0 0 0 0 0 0 0 0 0 0 0 0 0 0 0 0 0 0 0 0 0 0 0 0 0 0 0 0 0 0 0 0 0 0 0 0 0 0 0 0 0 0 0 0 0 0 0 0 0 0 0 0 0 0 0 0 0 0 0 0 0 0 0 0 0 0 0]
[6108798394382950847406944091971861334849861891337424594875759281078255720135092696232054083826268185295499406163768817898445672331772553144133347581555554527300720383780253571445635108386847972949703080120934465623600470299208142356355970184596733041048458406317628234985982112633218588414386697623737533067638204356911254424590808309 0 0 0 0 0 0 0 0 0 0 0 0 0 0 0 0 0 0 0 0 0 0 0 0 0 0 0 0 0 0 0 0 0 0 0 0 0 0 0 1 0 0 0 0 0 0 0 0 0 0 0 0 0 0 0 0 0 0 0 0 0 0 0 0 0 0 0 0 0 0 0 0 0 0 0 0 0 0 0 0 0 0 0 0 0 0 0 0 0 0 0 0 0 0 0 0 0 0 0 0 0 0 0 0 0 0 0 0 0 0]
[6318722803780949332924160536570654459567727405711570163293663038169985184679443804950819430771711768640038960032964617149290235831443314371493603492670034165031707050221606285266319695284354808401972665018915692134349012935571969690858414194004283363148969634268337807454735290191945065578570142902824793477331528864291254871006215260 0 0 0 0 0 0 0 0 0 0 0 0 0 0 0 0 0 0 0 0 0 0 0 0 0 0 0 0 0 0 0 0 0 0 0 0 0 0 0 0 1 0 0 0 0 0 0 0 0 0 0 0 0 0 0 0 0 0 0 0 0 0 0 0 0 0 0 0 0 0 0 0 0 0 0 0 0 0 0 0 0 0 0 0 0 0 0 0 0 0 0 0 0 0 0 0 0 0 0 0 0 0 0 0 0 0 0 0 0 0]
[1338015209157447578852236667205182943442693836330166681099656373272410586015358108452603914438483393332538481373487392857649399370808278141321121179915878405181653861695625614783416550814714674835801378407394501910997913730792786626583026135432530140777268581770397357866947469697147216457917816824050736636732494358056496284779509749 0 0 0 0 0 0 0 0 0 0 0 0 0 0 0 0 0 0 0 0 0 0 0 0 0 0 0 0 0 0 0 0 0 0 0 0 0 0 0 0 0 1 0 0 0 0 0 0 0 0 0 0 0 0 0 0 0 0 0 0 0 0 0 0 0 0 0 0 0 0 0 0 0 0 0 0 0 0 0 0 0 0 0 0 0 0 0 0 0 0 0 0 0 0 0 0 0 0 0 0 0 0 0 0 0 0 0 0 0 0]
[4627275721015401959131937605817967923552947647623948903252042146949109922546027032544056549281306948571927259496424685078447503560666449034125103991247770873939568239581460060840915716892310024563027570751282368171791127566347939731346300546406728777294224492142738882704084532606465420155681731276513296468630905708493076018321371330 0 0 0 0 0 0 0 0 0 0 0 0 0 0 0 0 0 0 0 0 0 0 0 0 0 0 0 0 0 0 0 0 0 0 0 0 0 0 0 0 0 0 1 0 0 0 0 0 0 0 0 0 0 0 0 0 0 0 0 0 0 0 0 0 0 0 0 0 0 0 0 0 0 0 0 0 0 0 0 0 0 0 0 0 0 0 0 0 0 0 0 0 0 0 0 0 0 0 0 0 0 0 0 0 0 0 0 0 0 0]
[5141253801870895923120762861309166038885568208708531690710720170080845718607900909480571459644559816593485157143714686244458080406189331037131571630592458871288358618900092279032286735437091788835984469559274090846152943859326082012282608632164467659453036855738094787367848172177438729111232082365343376784312932164288415583091394535 0 0 0 0 0 0 0 0 0 0 0 0 0 0 0 0 0 0 0 0 0 0 0 0 0 0 0 0 0 0 0 0 0 0 0 0 0 0 0 0 0 0 0 1 0 0 0 0 0 0 0 0 0 0 0 0 0 0 0 0 0 0 0 0 0 0 0 0 0 0 0 0 0 0 0 0 0 0 0 0 0 0 0 0 0 0 0 0 0 0 0 0 0 0 0 0 0 0 0 0 0 0 0 0 0 0 0 0 0 0]
[6718985330397093810184448048801800973518579466276703590960478583554617605135745891018618430922898224730380263267191898769751246153981949044705401433038297012915662525595176983380427516538732181850903261275518154142894776942774355979110634861175326049840824707032326131011191017071085495323888466820422604488087645391108954673895423911 0 0 0 0 0 0 0 0 0 0 0 0 0 0 0 0 0 0 0 0 0 0 0 0 0 0 0 0 0 0 0 0 0 0 0 0 0 0 0 0 0 0 0 0 1 0 0 0 0 0 0 0 0 0 0 0 0 0 0 0 0 0 0 0 0 0 0 0 0 0 0 0 0 0 0 0 0 0 0 0 0 0 0 0 0 0 0 0 0 0 0 0 0 0 0 0 0 0 0 0 0 0 0 0 0 0 0 0 0 0]
[4268351205395321495721999080209903208565769008040179116487285131959119840869585952844889343383359755826045212416401908311668394200277360385966643159930556273335489302756606010596261788262863543699171242255677485784841790610740588883583485368365945218660241126092405535458734908106167880257009209068342250718989776269380036698078695430 0 0 0 0 0 0 0 0 0 0 0 0 0 0 0 0 0 0 0 0 0 0 0 0 0 0 0 0 0 0 0 0 0 0 0 0 0 0 0 0 0 0 0 0 0 1 0 0 0 0 0 0 0 0 0 0 0 0 0 0 0 0 0 0 0 0 0 0 0 0 0 0 0 0 0 0 0 0 0 0 0 0 0 0 0 0 0 0 0 0 0 0 0 0 0 0 0 0 0 0 0 0 0 0 0 0 0 0 0 0]
[1777607154599224360369711062806654095544239809378010484968222742560297482856021133933888442523065614595272296525541016003033210504529402821233477518357834427694568764548603454831581219364900772301365915530553094378530705940671510479300812198063762181037069438422868426941658201607945756051549748715513810652633860720975020379572019977 0 0 0 0 0 0 0 0 0 0 0 0 0 0 0 0 0 0 0 0 0 0 0 0 0 0 0 0 0 0 0 0 0 0 0 0 0 0 0 0 0 0 0 0 0 0 1 0 0 0 0 0 0 0 0 0 0 0 0 0 0 0 0 0 0 0 0 0 0 0 0 0 0 0 0 0 0 0 0 0 0 0 0 0 0 0 0 0 0 0 0 0 0 0 0 0 0 0 0 0 0 0 0 0 0 0 0 0 0 0]
[1965721935393127346951396196336849604990035177672056077368984043998904487028872792779482547967854211143475732389972822020177350472198773758796402401182512113706256266050781998309997284010573206105082937516957356841265340977205968181692728781684005056382610466945445412824289751383847114443663407906328484405675910109239976222280173523 0 0 0 0 0 0 0 0 0 0 0 0 0 0 0 0 0 0 0 0 0 0 0 0 0 0 0 0 0 0 0 0 0 0 0 0 0 0 0 0 0 0 0 0 0 0 0 1 0 0 0 0 0 0 0 0 0 0 0 0 0 0 0 0 0 0 0 0 0 0 0 0 0 0 0 0 0 0 0 0 0 0 0 0 0 0 0 0 0 0 0 0 0 0 0 0 0 0 0 0 0 0 0 0 0 0 0 0 0 0]
[526263189330586296622814150225746208604182532902540234772888955650787338474245616428801497551306734551289142674895501501286233586006566323816788590285684251224059630186984390852329214481023810587794152485674753671596651290687224164336425711457991752542484491250469672653733364441999147404793479701965541336758019700676626962586162066 0 0 0 0 0 0 0 0 0 0 0 0 0 0 0 0 0 0 0 0 0 0 0 0 0 0 0 0 0 0 0 0 0 0 0 0 0 0 0 0 0 0 0 0 0 0 0 0 1 0 0 0 0 0 0 0 0 0 0 0 0 0 0 0 0 0 0 0 0 0 0 0 0 0 0 0 0 0 0 0 0 0 0 0 0 0 0 0 0 0 0 0 0 0 0 0 0 0 0 0 0 0 0 0 0 0 0 0 0 0]
[2329388587918740205079269995092518626636642032834591224281642663730323499146820678440346988574507994823594522755343983321535802477650433133038814189891446049868136072539682027853767580584296485705050789855004661461713292515739919462627549956192595659518873436314237037041121865977687268767715011630026177087472440351332045197815942165 0 0 0 0 0 0 0 0 0 0 0 0 0 0 0 0 0 0 0 0 0 0 0 0 0 0 0 0 0 0 0 0 0 0 0 0 0 0 0 0 0 0 0 0 0 0 0 0 0 1 0 0 0 0 0 0 0 0 0 0 0 0 0 0 0 0 0 0 0 0 0 0 0 0 0 0 0 0 0 0 0 0 0 0 0 0 0 0 0 0 0 0 0 0 0 0 0 0 0 0 0 0 0 0 0 0 0 0 0 0]
[1005979627338782631891494226969533386643187509832142470842555277515796152033450822256527462863071365112805446233803461704960999208164419307165288464562528120167435380684891326722140189365324414607183388458215613759001661685587121804196160918691760366130568294032683507500054774315468103528881139246423544914405239619136629757055317239 0 0 0 0 0 0 0 0 0 0 0 0 0 0 0 0 0 0 0 0 0 0 0 0 0 0 0 0 0 0 0 0 0 0 0 0 0 0 0 0 0 0 0 0 0 0 0 0 0 0 1 0 0 0 0 0 0 0 0 0 0 0 0 0 0 0 0 0 0 0 0 0 0 0 0 0 0 0 0 0 0 0 0 0 0 0 0 0 0 0 0 0 0 0 0 0 0 0 0 0 0 0 0 0 0 0 0 0 0 0]
[5187406487819556005321349069971763238924035299387117103395764600155945149312896764006657093495714543547230223090978062609577468722038087215120586680567472946078184704101925350188495611151804849288869775159398541523702520263625000165629825716344782722894533546995179900080175953733555051825704507477065393511257786668092897450728195754 0 0 0 0 0 0 0 0 0 0 0 0 0 0 0 0 0 0 0 0 0 0 0 0 0 0 0 0 0 0 0 0 0 0 0 0 0 0 0 0 0 0 0 0 0 0 0 0 0 0 0 1 0 0 0 0 0 0 0 0 0 0 0 0 0 0 0 0 0 0 0 0 0 0 0 0 0 0 0 0 0 0 0 0 0 0 0 0 0 0 0 0 0 0 0 0 0 0 0 0 0 0 0 0 0 0 0 0 0 0]
[4383023386577001295111730091049681960366286335195701980035153652148123243812412150028669047108494698973185501902681080544345446193905746632129571310509973534268310522294034156572781049189467966151824463613115258760465215876387107904852469505690602932876091472501934548068875948581784056009830180247870015528413308572826549820681769703 0 0 0 0 0 0 0 0 0 0 0 0 0 0 0 0 0 0 0 0 0 0 0 0 0 0 0 0 0 0 0 0 0 0 0 0 0 0 0 0 0 0 0 0 0 0 0 0 0 0 0 0 1 0 0 0 0 0 0 0 0 0 0 0 0 0 0 0 0 0 0 0 0 0 0 0 0 0 0 0 0 0 0 0 0 0 0 0 0 0 0 0 0 0 0 0 0 0 0 0 0 0 0 0 0 0 0 0 0 0]
[5637039738281838011986279048039437875127758710399214344128931963297824705660254876400833044083302727416648656715399637610420313416256798697540639184601919926077946361017704790509465780250901817048562326998580376547089234826310648806384910441180954147384314427063958847125608219464684280375952998211958707750997599994501400629519417397 0 0 0 0 0 0 0 0 0 0 0 0 0 0 0 0 0 0 0 0 0 0 0 0 0 0 0 0 0 0 0 0 0 0 0 0 0 0 0 0 0 0 0 0 0 0 0 0 0 0 0 0 0 1 0 0 0 0 0 0 0 0 0 0 0 0 0 0 0 0 0 0 0 0 0 0 0 0 0 0 0 0 0 0 0 0 0 0 0 0 0 0 0 0 0 0 0 0 0 0 0 0 0 0 0 0 0 0 0 0]
[2176095896273896244026169615966222690598395673551903557604545704591838205079983551696420223761662818405556133942323585362714033454772158569776766329919604137912983228795803148332497226119584561617501701058588242027696204432284037216048197771202533504302284919935267440328728894353553481388638427363961695101682754393478522092090157800 0 0 0 0 0 0 0 0 0 0 0 0 0 0 0 0 0 0 0 0 0 0 0 0 0 0 0 0 0 0 0 0 0 0 0 0 0 0 0 0 0 0 0 0 0 0 0 0 0 0 0 0 0 0 1 0 0 0 0 0 0 0 0 0 0 0 0 0 0 0 0 0 0 0 0 0 0 0 0 0 0 0 0 0 0 0 0 0 0 0 0 0 0 0 0 0 0 0 0 0 0 0 0 0 0 0 0 0 0 0]
[814388297882035682027981707229503273993459535615593968418549781598902586873017631840516607240836823359006060136925454959010622268705994507556329389798955997712460980710262593841597902816842092500810000125824681292326456151100056307273186854992582711365132514805930059272097105079804466054933508872442231910841214908200090155261573102 0 0 0 0 0 0 0 0 0 0 0 0 0 0 0 0 0 0 0 0 0 0 0 0 0 0 0 0 0 0 0 0 0 0 0 0 0 0 0 0 0 0 0 0 0 0 0 0 0 0 0 0 0 0 0 1 0 0 0 0 0 0 0 0 0 0 0 0 0 0 0 0 0 0 0 0 0 0 0 0 0 0 0 0 0 0 0 0 0 0 0 0 0 0 0 0 0 0 0 0 0 0 0 0 0 0 0 0 0 0]
[1749997907668878391774059340539575022845516190205647335155698618686331504529091969363124734349320379832781462667294235235288528494577652436574459902801708252879538442400455702800124095772552992872381820768820973344475330014131717103098772881402553202524175292096500340347000059122159711688335008182941682619540427134749373003974437261 0 0 0 0 0 0 0 0 0 0 0 0 0 0 0 0 0 0 0 0 0 0 0 0 0 0 0 0 0 0 0 0 0 0 0 0 0 0 0 0 0 0 0 0 0 0 0 0 0 0 0 0 0 0 0 0 1 0 0 0 0 0 0 0 0 0 0 0 0 0 0 0 0 0 0 0 0 0 0 0 0 0 0 0 0 0 0 0 0 0 0 0 0 0 0 0 0 0 0 0 0 0 0 0 0 0 0 0 0 0]
[857687714812399913638715259732116198376432141658016215889950033265595455272559189009629281842599250982254833250551588955838921819500739237970292786947390923194050620191982210565271957158191900586460126761123201574599871431472076426494254667815589300822206847673722392793773331683696738376822632783144953004237210196525262777470552388 0 0 0 0 0 0 0 0 0 0 0 0 0 0 0 0 0 0 0 0 0 0 0 0 0 0 0 0 0 0 0 0 0 0 0 0 0 0 0 0 0 0 0 0 0 0 0 0 0 0 0 0 0 0 0 0 0 1 0 0 0 0 0 0 0 0 0 0 0 0 0 0 0 0 0 0 0 0 0 0 0 0 0 0 0 0 0 0 0 0 0 0 0 0 0 0 0 0 0 0 0 0 0 0 0 0 0 0 0 0]
[1512166819768798906796243532569322870775084334489225084026397971486485632819982784885468542955509842345435483811113473600864404897340493831872931050074959025528910156445545150620292206570782964536609969715353931508746531956912648654728044529954809943892501450985633069313754737098403754241942969394264932919359381248822516750341416295 0 0 0 0 0 0 0 0 0 0 0 0 0 0 0 0 0 0 0 0 0 0 0 0 0 0 0 0 0 0 0 0 0 0 0 0 0 0 0 0 0 0 0 0 0 0 0 0 0 0 0 0 0 0 0 0 0 0 1 0 0 0 0 0 0 0 0 0 0 0 0 0 0 0 0 0 0 0 0 0 0 0 0 0 0 0 0 0 0 0 0 0 0 0 0 0 0 0 0 0 0 0 0 0 0 0 0 0 0 0]
[2968002251582357260816545109374873773650566980791371784774742986287668695247576607301591740498365919234199887280299344306499313494092982955120439696804309020089493530541298510459206396190555251085340233040022425137905953082907049952619044698528498975360911451750302852501886206011359022216104267686071861669615176431091442408134519349 0 0 0 0 0 0 0 0 0 0 0 0 0 0 0 0 0 0 0 0 0 0 0 0 0 0 0 0 0 0 0 0 0 0 0 0 0 0 0 0 0 0 0 0 0 0 0 0 0 0 0 0 0 0 0 0 0 0 0 1 0 0 0 0 0 0 0 0 0 0 0 0 0 0 0 0 0 0 0 0 0 0 0 0 0 0 0 0 0 0 0 0 0 0 0 0 0 0 0 0 0 0 0 0 0 0 0 0 0 0]
[2278893461267992924785012579956833807372422795161276643011403376272173798939042736987341655876392098653824576719197966771284003132270190084816905366371054037003567524597758490186307692788138490295489063324209114556445025582277156285073979190336776366184257965517153400731166720880758523641717417549595231300859378893766657777005363475 0 0 0 0 0 0 0 0 0 0 0 0 0 0 0 0 0 0 0 0 0 0 0 0 0 0 0 0 0 0 0 0 0 0 0 0 0 0 0 0 0 0 0 0 0 0 0 0 0 0 0 0 0 0 0 0 0 0 0 0 1 0 0 0 0 0 0 0 0 0 0 0 0 0 0 0 0 0 0 0 0 0 0 0 0 0 0 0 0 0 0 0 0 0 0 0 0 0 0 0 0 0 0 0 0 0 0 0 0 0]
[559913087333078541828258629926722951919322518612684893851184304424638394148326791165262292501099584400199952177852950804925094088639781753957442646715470223149235708262729599772794647789905613010402229573270901841757875673099499613232663527714299988223881253788836199021320733266241875834708031875667093993500467245305972192335010258 0 0 0 0 0 0 0 0 0 0 0 0 0 0 0 0 0 0 0 0 0 0 0 0 0 0 0 0 0 0 0 0 0 0 0 0 0 0 0 0 0 0 0 0 0 0 0 0 0 0 0 0 0 0 0 0 0 0 0 0 0 1 0 0 0 0 0 0 0 0 0 0 0 0 0 0 0 0 0 0 0 0 0 0 0 0 0 0 0 0 0 0 0 0 0 0 0 0 0 0 0 0 0 0 0 0 0 0 0 0]
[4401552709418580998970064526433455956907677628548077557246680580623407953722313564385265865613655360577768159616186572066236560327258824838044280244966861599357441901234793588784971760930015450648618277113235242463031106613682017050867373082000643574142780129217505331823246228080980484584250655827304131481483155811973165618164595955 0 0 0 0 0 0 0 0 0 0 0 0 0 0 0 0 0 0 0 0 0 0 0 0 0 0 0 0 0 0 0 0 0 0 0 0 0 0 0 0 0 0 0 0 0 0 0 0 0 0 0 0 0 0 0 0 0 0 0 0 0 0 1 0 0 0 0 0 0 0 0 0 0 0 0 0 0 0 0 0 0 0 0 0 0 0 0 0 0 0 0 0 0 0 0 0 0 0 0 0 0 0 0 0 0 0 0 0 0 0]
[6159625652983733675034069418854230494863250760345821095765619370566325892756262168011954568418337061687956695149416254609788362028365917152107829724132246614734073218771879249126198512796454691241477334745425002823811260226710563023647455463322503716746379120451802817205647041964547330410026039171170582495662209345287016101296379495 0 0 0 0 0 0 0 0 0 0 0 0 0 0 0 0 0 0 0 0 0 0 0 0 0 0 0 0 0 0 0 0 0 0 0 0 0 0 0 0 0 0 0 0 0 0 0 0 0 0 0 0 0 0 0 0 0 0 0 0 0 0 0 1 0 0 0 0 0 0 0 0 0 0 0 0 0 0 0 0 0 0 0 0 0 0 0 0 0 0 0 0 0 0 0 0 0 0 0 0 0 0 0 0 0 0 0 0 0 0]
[1022107077094718774466484239443126135998835090342882688342471072538707592464994142301778946567950347372503710315812438715243677170545556826143778230395873599481729914405046479727514737085117658298884804534069580808362862528557063599240961225193193095697333639569214480453598059022836668841617572557029109272197473621517110156514256048 0 0 0 0 0 0 0 0 0 0 0 0 0 0 0 0 0 0 0 0 0 0 0 0 0 0 0 0 0 0 0 0 0 0 0 0 0 0 0 0 0 0 0 0 0 0 0 0 0 0 0 0 0 0 0 0 0 0 0 0 0 0 0 0 1 0 0 0 0 0 0 0 0 0 0 0 0 0 0 0 0 0 0 0 0 0 0 0 0 0 0 0 0 0 0 0 0 0 0 0 0 0 0 0 0 0 0 0 0 0]
[5168098088346437762562895300622121665060268813071794714093500909541446851693551231059960631805714961667522472599066793878919408899258737059458704370376678916543466736437593958296373773207984891500451432291519033766021888049231823319879349805459736617387606411587099334293491351112383215666535788179336139621669210080370344766057999700 0 0 0 0 0 0 0 0 0 0 0 0 0 0 0 0 0 0 0 0 0 0 0 0 0 0 0 0 0 0 0 0 0 0 0 0 0 0 0 0 0 0 0 0 0 0 0 0 0 0 0 0 0 0 0 0 0 0 0 0 0 0 0 0 0 1 0 0 0 0 0 0 0 0 0 0 0 0 0 0 0 0 0 0 0 0 0 0 0 0 0 0 0 0 0 0 0 0 0 0 0 0 0 0 0 0 0 0 0 0]
[5983789261413957818616859943518581443353053813250108111033848133222293212434540009609397159196305240236624024647810276732995584294260280648066743390692857101539633463694673064782008282485143906646018469585593000304760910053415775863549175641515839902155853643590339817169920904962543921347741848953627213273452294629935232483721845895 0 0 0 0 0 0 0 0 0 0 0 0 0 0 0 0 0 0 0 0 0 0 0 0 0 0 0 0 0 0 0 0 0 0 0 0 0 0 0 0 0 0 0 0 0 0 0 0 0 0 0 0 0 0 0 0 0 0 0 0 0 0 0 0 0 0 1 0 0 0 0 0 0 0 0 0 0 0 0 0 0 0 0 0 0 0 0 0 0 0 0 0 0 0 0 0 0 0 0 0 0 0 0 0 0 0 0 0 0 0]
[3175973646993780403932731076647561792625564071682969794639965237530376545027486577549882158918260750183290351415491800369206375680420395389902502579488333553126111817442187870916288781344825178818837477671033073018944024174369938477032443777920774491499686516656111541303258811242319817550580252620544550693336471622033354992699480477 0 0 0 0 0 0 0 0 0 0 0 0 0 0 0 0 0 0 0 0 0 0 0 0 0 0 0 0 0 0 0 0 0 0 0 0 0 0 0 0 0 0 0 0 0 0 0 0 0 0 0 0 0 0 0 0 0 0 0 0 0 0 0 0 0 0 0 1 0 0 0 0 0 0 0 0 0 0 0 0 0 0 0 0 0 0 0 0 0 0 0 0 0 0 0 0 0 0 0 0 0 0 0 0 0 0 0 0 0 0]
[671570438056570663747330363151209911126445297185309448451124363106955727483182563968979413463731351191956544842937442794355534813135552575515670280345686093470280322877559243685043758795341883300157316799564882169007072582972067809927191684520012182484797282286871664622610729255263546403758603141379494202526745757355798594292690724 0 0 0 0 0 0 0 0 0 0 0 0 0 0 0 0 0 0 0 0 0 0 0 0 0 0 0 0 0 0 0 0 0 0 0 0 0 0 0 0 0 0 0 0 0 0 0 0 0 0 0 0 0 0 0 0 0 0 0 0 0 0 0 0 0 0 0 0 1 0 0 0 0 0 0 0 0 0 0 0 0 0 0 0 0 0 0 0 0 0 0 0 0 0 0 0 0 0 0 0 0 0 0 0 0 0 0 0 0 0]
[2819680178928651586280127664576840057105395064863730519272859932069112469703376180880754228471081245227008711754815975684200303071186325976458422786639904419310506428064863509327400226897910580231643233389085687791724053338650317707998372372268760605815882766167913223836921503680363145186069612249806606005043203135530015414329453531 0 0 0 0 0 0 0 0 0 0 0 0 0 0 0 0 0 0 0 0 0 0 0 0 0 0 0 0 0 0 0 0 0 0 0 0 0 0 0 0 0 0 0 0 0 0 0 0 0 0 0 0 0 0 0 0 0 0 0 0 0 0 0 0 0 0 0 0 0 1 0 0 0 0 0 0 0 0 0 0 0 0 0 0 0 0 0 0 0 0 0 0 0 0 0 0 0 0 0 0 0 0 0 0 0 0 0 0 0 0]
[28449457739826965784421260913855890701770388330920281455872445883017439370596683152720501328746010518922392371914040811123756704252960992962641596947504627998192829881675757893056781451652713481685647997749110276773495745439343738915399451340243005609381801473832333875825740614701266195091037314907634980720497824738697599503793765 0 0 0 0 0 0 0 0 0 0 0 0 0 0 0 0 0 0 0 0 0 0 0 0 0 0 0 0 0 0 0 0 0 0 0 0 0 0 0 0 0 0 0 0 0 0 0 0 0 0 0 0 0 0 0 0 0 0 0 0 0 0 0 0 0 0 0 0 0 0 1 0 0 0 0 0 0 0 0 0 0 0 0 0 0 0 0 0 0 0 0 0 0 0 0 0 0 0 0 0 0 0 0 0 0 0 0 0 0 0]
[6439696089648403349730036109359107219866969633527171316866032373768638826112603979192134373722744513852813701288329912928002812238217158844277771502515290502598855843835626474385470045805093106901693285775074396827760243195726302887246681556401262137659212390908376980630260089080449104051576887421331634527990418398313698878366950692 0 0 0 0 0 0 0 0 0 0 0 0 0 0 0 0 0 0 0 0 0 0 0 0 0 0 0 0 0 0 0 0 0 0 0 0 0 0 0 0 0 0 0 0 0 0 0 0 0 0 0 0 0 0 0 0 0 0 0 0 0 0 0 0 0 0 0 0 0 0 0 1 0 0 0 0 0 0 0 0 0 0 0 0 0 0 0 0 0 0 0 0 0 0 0 0 0 0 0 0 0 0 0 0 0 0 0 0 0 0]
[2051999795387269964253864876309382395290065536053779213509058093608068227766103707897640910321858293421985088502867832210763801766873803175217193873594384520649016910228735680980496664729753996381774299476691855290640616838651500074043940002016857450311782150106917320815571326737031482926795841386176412384571453276279480950720839419 0 0 0 0 0 0 0 0 0 0 0 0 0 0 0 0 0 0 0 0 0 0 0 0 0 0 0 0 0 0 0 0 0 0 0 0 0 0 0 0 0 0 0 0 0 0 0 0 0 0 0 0 0 0 0 0 0 0 0 0 0 0 0 0 0 0 0 0 0 0 0 0 1 0 0 0 0 0 0 0 0 0 0 0 0 0 0 0 0 0 0 0 0 0 0 0 0 0 0 0 0 0 0 0 0 0 0 0 0 0]
[1261141787609678223652947876516225181697260380354820098614720001468113240777707680972469499826563838650761728483164998402742439094569114933129602430838988129866383513389167998622042772935768015624148229164393661783903853700340079300400222025067113626236832674562540357350376823309206701275418382330292875883621807872250755447800870797 0 0 0 0 0 0 0 0 0 0 0 0 0 0 0 0 0 0 0 0 0 0 0 0 0 0 0 0 0 0 0 0 0 0 0 0 0 0 0 0 0 0 0 0 0 0 0 0 0 0 0 0 0 0 0 0 0 0 0 0 0 0 0 0 0 0 0 0 0 0 0 0 0 1 0 0 0 0 0 0 0 0 0 0 0 0 0 0 0 0 0 0 0 0 0 0 0 0 0 0 0 0 0 0 0 0 0 0 0 0]
[5622957043543810772126861100716197259470284310112659934749446813676731659711901087222747418694156911201189261320543600985485975349638401136540127565710722327069595437003299766656235357659782624015851614979013318343382164853486797875618048170876432147996905284022597764193947512289544510829953208262083336343551166886042765901846610531 0 0 0 0 0 0 0 0 0 0 0 0 0 0 0 0 0 0 0 0 0 0 0 0 0 0 0 0 0 0 0 0 0 0 0 0 0 0 0 0 0 0 0 0 0 0 0 0 0 0 0 0 0 0 0 0 0 0 0 0 0 0 0 0 0 0 0 0 0 0 0 0 0 0 1 0 0 0 0 0 0 0 0 0 0 0 0 0 0 0 0 0 0 0 0 0 0 0 0 0 0 0 0 0 0 0 0 0 0 0]
[2502854496640898413239401113982056302306188764041336218926344487647618417506560715614028663865522606294530476655361759507481910395506997135616574879099913637409601077545862904920583171193131866210151009516954110524841981812312492031745186573670505866105711900637082731788437677374766407635247501286204351128322773289014667897743995715 0 0 0 0 0 0 0 0 0 0 0 0 0 0 0 0 0 0 0 0 0 0 0 0 0 0 0 0 0 0 0 0 0 0 0 0 0 0 0 0 0 0 0 0 0 0 0 0 0 0 0 0 0 0 0 0 0 0 0 0 0 0 0 0 0 0 0 0 0 0 0 0 0 0 0 1 0 0 0 0 0 0 0 0 0 0 0 0 0 0 0 0 0 0 0 0 0 0 0 0 0 0 0 0 0 0 0 0 0 0]
[1469208123669062539027092882770869285846045530385479225117282333989214375559193288831825410571875717121478119367994582438645848569887846752171423670871481302459508812113451186841216584817029680470742272279082021500811724189067462454245912197619003872523398535855599751633752629202185395960399335393245501721475903767447468055340068779 0 0 0 0 0 0 0 0 0 0 0 0 0 0 0 0 0 0 0 0 0 0 0 0 0 0 0 0 0 0 0 0 0 0 0 0 0 0 0 0 0 0 0 0 0 0 0 0 0 0 0 0 0 0 0 0 0 0 0 0 0 0 0 0 0 0 0 0 0 0 0 0 0 0 0 0 1 0 0 0 0 0 0 0 0 0 0 0 0 0 0 0 0 0 0 0 0 0 0 0 0 0 0 0 0 0 0 0 0 0]
[1441847422089905066626410416307467972019976975210355185886786779982648836508827782192122018858582171256695709795611978013321783828527711878801321692219755177568060713684298677617043048898668864583877129248233196310379878611406625015412262171410310211043426874369787404221740212233013973794295192157066721444157339634416204800798790582 0 0 0 0 0 0 0 0 0 0 0 0 0 0 0 0 0 0 0 0 0 0 0 0 0 0 0 0 0 0 0 0 0 0 0 0 0 0 0 0 0 0 0 0 0 0 0 0 0 0 0 0 0 0 0 0 0 0 0 0 0 0 0 0 0 0 0 0 0 0 0 0 0 0 0 0 0 1 0 0 0 0 0 0 0 0 0 0 0 0 0 0 0 0 0 0 0 0 0 0 0 0 0 0 0 0 0 0 0 0]
[6621071884505207431571693522046728542115635624739453986990884689402744891170284761597131717582937705368798824007378207761609498070062541180475070529107181043601183408748587658402890226805422454121266260411872983477776242333632855568783470002141369455839544845225396063338103532310845520813028531373447298434505101715964362305734340480 0 0 0 0 0 0 0 0 0 0 0 0 0 0 0 0 0 0 0 0 0 0 0 0 0 0 0 0 0 0 0 0 0 0 0 0 0 0 0 0 0 0 0 0 0 0 0 0 0 0 0 0 0 0 0 0 0 0 0 0 0 0 0 0 0 0 0 0 0 0 0 0 0 0 0 0 0 0 1 0 0 0 0 0 0 0 0 0 0 0 0 0 0 0 0 0 0 0 0 0 0 0 0 0 0 0 0 0 0 0]
[6970085348852864892237209235082805246428813142518000135904878428205914949495200902300061347284722385237085786848505790123374395966309395526149895177731538294643730803704278645485958723656898036356921083157882536200810880416108961052320816036241157948243632213397445363532390962015790108697802250551680455426063379946672639175729486067 0 0 0 0 0 0 0 0 0 0 0 0 0 0 0 0 0 0 0 0 0 0 0 0 0 0 0 0 0 0 0 0 0 0 0 0 0 0 0 0 0 0 0 0 0 0 0 0 0 0 0 0 0 0 0 0 0 0 0 0 0 0 0 0 0 0 0 0 0 0 0 0 0 0 0 0 0 0 0 1 0 0 0 0 0 0 0 0 0 0 0 0 0 0 0 0 0 0 0 0 0 0 0 0 0 0 0 0 0 0]
[5047215307703731196848391987410965664133208320391357810938889715993614902773746924318306778605014807831360834671802161310486739489039780001288815248795530108695888674200928395861506215818175998119365098267806822218464722149746075566602512001461286140709966647417542573620903928336172212801878991337073646318764438236482355515885596666 0 0 0 0 0 0 0 0 0 0 0 0 0 0 0 0 0 0 0 0 0 0 0 0 0 0 0 0 0 0 0 0 0 0 0 0 0 0 0 0 0 0 0 0 0 0 0 0 0 0 0 0 0 0 0 0 0 0 0 0 0 0 0 0 0 0 0 0 0 0 0 0 0 0 0 0 0 0 0 0 1 0 0 0 0 0 0 0 0 0 0 0 0 0 0 0 0 0 0 0 0 0 0 0 0 0 0 0 0 0]
[2008369777215802806312077442905176468408635166311999795385262377851278120414183848405730501190089548322355149684970970413727688473155975372755956146345411064468238499041155931784463211821457885929827875858559122627057542106624329747813717879721091997402196784897794955209146138371106469521723802161946029607747882303231517350214679525 0 0 0 0 0 0 0 0 0 0 0 0 0 0 0 0 0 0 0 0 0 0 0 0 0 0 0 0 0 0 0 0 0 0 0 0 0 0 0 0 0 0 0 0 0 0 0 0 0 0 0 0 0 0 0 0 0 0 0 0 0 0 0 0 0 0 0 0 0 0 0 0 0 0 0 0 0 0 0 0 0 1 0 0 0 0 0 0 0 0 0 0 0 0 0 0 0 0 0 0 0 0 0 0 0 0 0 0 0 0]
[1752837542664505587015324788833589353587895368659686662863357909048697903531858800110140806486426396502528661261317255302099375010125771095356343901471480911162116766370786768693360977527802199164485704802109444045566694582153612446020106924414362385278234422503255425660666213972789434680914563110357148690792568913811382802980596462 0 0 0 0 0 0 0 0 0 0 0 0 0 0 0 0 0 0 0 0 0 0 0 0 0 0 0 0 0 0 0 0 0 0 0 0 0 0 0 0 0 0 0 0 0 0 0 0 0 0 0 0 0 0 0 0 0 0 0 0 0 0 0 0 0 0 0 0 0 0 0 0 0 0 0 0 0 0 0 0 0 0 1 0 0 0 0 0 0 0 0 0 0 0 0 0 0 0 0 0 0 0 0 0 0 0 0 0 0 0]
[6974967214681500742956309532370473639939349392358364733758444721810918449200530105294377070576385745636867352520158299167949871160743462718880526664927954455758731242953660778210841198451968486885119591822059054556468657236613645659978647897964740021227027516986337813791983916015073161856526325440924701938753846071845739146730826826 0 0 0 0 0 0 0 0 0 0 0 0 0 0 0 0 0 0 0 0 0 0 0 0 0 0 0 0 0 0 0 0 0 0 0 0 0 0 0 0 0 0 0 0 0 0 0 0 0 0 0 0 0 0 0 0 0 0 0 0 0 0 0 0 0 0 0 0 0 0 0 0 0 0 0 0 0 0 0 0 0 0 0 1 0 0 0 0 0 0 0 0 0 0 0 0 0 0 0 0 0 0 0 0 0 0 0 0 0 0]
[1153545330972950576154712449240780582636844660093733256116342107131964182458913024117732050430889186353914964084725911783495581890621907557518009970567464486190341752415820415746152296293059306632526929175044445230138996058488287418977445299333770925290873241577008368156580090406995706913635141699653347052830571435025125017435811104 0 0 0 0 0 0 0 0 0 0 0 0 0 0 0 0 0 0 0 0 0 0 0 0 0 0 0 0 0 0 0 0 0 0 0 0 0 0 0 0 0 0 0 0 0 0 0 0 0 0 0 0 0 0 0 0 0 0 0 0 0 0 0 0 0 0 0 0 0 0 0 0 0 0 0 0 0 0 0 0 0 0 0 0 1 0 0 0 0 0 0 0 0 0 0 0 0 0 0 0 0 0 0 0 0 0 0 0 0 0]
[896986934693525687425572199902186841561420957977580226397208951567774330170359312908760057775304427473615905755365075359572662344663569392632282583469802799911546501338237012011114033425725470011426879244550251169311540600875282981223544512976243235911947305740272898822080597018883955732499579643577301448139016209848066016202011372 0 0 0 0 0 0 0 0 0 0 0 0 0 0 0 0 0 0 0 0 0 0 0 0 0 0 0 0 0 0 0 0 0 0 0 0 0 0 0 0 0 0 0 0 0 0 0 0 0 0 0 0 0 0 0 0 0 0 0 0 0 0 0 0 0 0 0 0 0 0 0 0 0 0 0 0 0 0 0 0 0 0 0 0 0 1 0 0 0 0 0 0 0 0 0 0 0 0 0 0 0 0 0 0 0 0 0 0 0 0]
[281865926029890313172936554167174438470447746772689376725066198396312318552528576129819948509952916463855112813638924653741702042489335660427278381783262178071056851577717009523785437937292516372847095391699564457891763393673302798257005890972506849677963268202149123346073150118689446438552623887748380687566700233499247753688997140 0 0 0 0 0 0 0 0 0 0 0 0 0 0 0 0 0 0 0 0 0 0 0 0 0 0 0 0 0 0 0 0 0 0 0 0 0 0 0 0 0 0 0 0 0 0 0 0 0 0 0 0 0 0 0 0 0 0 0 0 0 0 0 0 0 0 0 0 0 0 0 0 0 0 0 0 0 0 0 0 0 0 0 0 0 0 1 0 0 0 0 0 0 0 0 0 0 0 0 0 0 0 0 0 0 0 0 0 0 0]
[6319541656005335617765672906702365713553858295412433581030852346527507823013977684139207822347554060208976516013678600955048806975547804580627744876745039197980588687790947998185322389413154997108998967924271217723852027012678229762149495701776260430437861820645661972506089418299628070715275260053721964709677732058367272274462513712 0 0 0 0 0 0 0 0 0 0 0 0 0 0 0 0 0 0 0 0 0 0 0 0 0 0 0 0 0 0 0 0 0 0 0 0 0 0 0 0 0 0 0 0 0 0 0 0 0 0 0 0 0 0 0 0 0 0 0 0 0 0 0 0 0 0 0 0 0 0 0 0 0 0 0 0 0 0 0 0 0 0 0 0 0 0 0 1 0 0 0 0 0 0 0 0 0 0 0 0 0 0 0 0 0 0 0 0 0 0]
[3338264741073182715418614275737527467637686593393542829157980774823192229082144698697750891141344369342619183061218397222874308189499567213216305552343635381291290989853296773852325109092451571151425159954180424045352122620633502307533530751530857037255135868030808541617188986654365557378237287644805449568688461606741409687195125201 0 0 0 0 0 0 0 0 0 0 0 0 0 0 0 0 0 0 0 0 0 0 0 0 0 0 0 0 0 0 0 0 0 0 0 0 0 0 0 0 0 0 0 0 0 0 0 0 0 0 0 0 0 0 0 0 0 0 0 0 0 0 0 0 0 0 0 0 0 0 0 0 0 0 0 0 0 0 0 0 0 0 0 0 0 0 0 0 1 0 0 0 0 0 0 0 0 0 0 0 0 0 0 0 0 0 0 0 0 0]
[5134593116864984446273429021724562246036637788475792829284152866486971297925798913923390985877185439928013327520559319844760249456391605493426295368358967870863063712441046743904062599836918326436722583258307164165673270628247459566857269447813019134513184835169690471149416623731262467154250845779417711643658514879000815468269358691 0 0 0 0 0 0 0 0 0 0 0 0 0 0 0 0 0 0 0 0 0 0 0 0 0 0 0 0 0 0 0 0 0 0 0 0 0 0 0 0 0 0 0 0 0 0 0 0 0 0 0 0 0 0 0 0 0 0 0 0 0 0 0 0 0 0 0 0 0 0 0 0 0 0 0 0 0 0 0 0 0 0 0 0 0 0 0 0 0 1 0 0 0 0 0 0 0 0 0 0 0 0 0 0 0 0 0 0 0 0]
[4707878612596395445058467823170053136223206128447895701006709043298503893929626573333207024029064333587782110032630930302015881645493204565930165723149460835139605797048807935976230582568071745649343048633647466008534756334210996548336943543952477423531198609651074535225893287549710183525396991285004481154414728006225407445939487220 0 0 0 0 0 0 0 0 0 0 0 0 0 0 0 0 0 0 0 0 0 0 0 0 0 0 0 0 0 0 0 0 0 0 0 0 0 0 0 0 0 0 0 0 0 0 0 0 0 0 0 0 0 0 0 0 0 0 0 0 0 0 0 0 0 0 0 0 0 0 0 0 0 0 0 0 0 0 0 0 0 0 0 0 0 0 0 0 0 0 1 0 0 0 0 0 0 0 0 0 0 0 0 0 0 0 0 0 0 0]
[2205545101941306543358959791729364079660909293534011578226206946735593385300514934220655133744184690788652274205613464832329139267929833494192439215613279369502195042204671944917500974691574033621778439719652287663297995016389520783657382709221989137795426580953678058402635668906392000907670993002681218788002029881342117460686352267 0 0 0 0 0 0 0 0 0 0 0 0 0 0 0 0 0 0 0 0 0 0 0 0 0 0 0 0 0 0 0 0 0 0 0 0 0 0 0 0 0 0 0 0 0 0 0 0 0 0 0 0 0 0 0 0 0 0 0 0 0 0 0 0 0 0 0 0 0 0 0 0 0 0 0 0 0 0 0 0 0 0 0 0 0 0 0 0 0 0 0 1 0 0 0 0 0 0 0 0 0 0 0 0 0 0 0 0 0 0]
[5110840810806018417505565531495621459199302178517286120846203377456047255944654527443566944071649976147229763863666058624866611577316142396706166201964894206601527624106925090616616253291525121008803551295742876707793602950651851679890897850349012542708172282392733099441518091376800873151529000418005262860791488540704487060083885072 0 0 0 0 0 0 0 0 0 0 0 0 0 0 0 0 0 0 0 0 0 0 0 0 0 0 0 0 0 0 0 0 0 0 0 0 0 0 0 0 0 0 0 0 0 0 0 0 0 0 0 0 0 0 0 0 0 0 0 0 0 0 0 0 0 0 0 0 0 0 0 0 0 0 0 0 0 0 0 0 0 0 0 0 0 0 0 0 0 0 0 0 1 0 0 0 0 0 0 0 0 0 0 0 0 0 0 0 0 0]
[414703946448205101053160215800588676837035156333842998715979387548334937738871000430969898805557607353054896474953430079677409639813606993490422184300108732844485709098272614385283109992767071331112463412501672073740972618073224335548151048998984821492600834433539101179910281242030606544352145348654176654269053840465611775802891211 0 0 0 0 0 0 0 0 0 0 0 0 0 0 0 0 0 0 0 0 0 0 0 0 0 0 0 0 0 0 0 0 0 0 0 0 0 0 0 0 0 0 0 0 0 0 0 0 0 0 0 0 0 0 0 0 0 0 0 0 0 0 0 0 0 0 0 0 0 0 0 0 0 0 0 0 0 0 0 0 0 0 0 0 0 0 0 0 0 0 0 0 0 1 0 0 0 0 0 0 0 0 0 0 0 0 0 0 0 0]
[1696979096342450657926844352317369975123306469845920617960106839236173183322733334957237956378630361563080607525788142449812332578754586051990098183060226656375476744711922140588921360893213808301507793963264169919163937606246109654284989454018309094463917465961316060927593259466962381636111113151001465616892489169199042725525000235 0 0 0 0 0 0 0 0 0 0 0 0 0 0 0 0 0 0 0 0 0 0 0 0 0 0 0 0 0 0 0 0 0 0 0 0 0 0 0 0 0 0 0 0 0 0 0 0 0 0 0 0 0 0 0 0 0 0 0 0 0 0 0 0 0 0 0 0 0 0 0 0 0 0 0 0 0 0 0 0 0 0 0 0 0 0 0 0 0 0 0 0 0 0 1 0 0 0 0 0 0 0 0 0 0 0 0 0 0 0]
[1006249400602360427232293876155129953845129302096933360306309423051957239498737264699538132115794021945571973935637970451247263368657472399935569955748942348291361054956769841743195362856385641463122744926309982299635977669735730729379653999571590903032861012799299687947075971403563875017492789725847048419230256012403226917114994334 0 0 0 0 0 0 0 0 0 0 0 0 0 0 0 0 0 0 0 0 0 0 0 0 0 0 0 0 0 0 0 0 0 0 0 0 0 0 0 0 0 0 0 0 0 0 0 0 0 0 0 0 0 0 0 0 0 0 0 0 0 0 0 0 0 0 0 0 0 0 0 0 0 0 0 0 0 0 0 0 0 0 0 0 0 0 0 0 0 0 0 0 0 0 0 1 0 0 0 0 0 0 0 0 0 0 0 0 0 0]
[5530413890010583132521728137892959663113432113030786667585670740140240183643558245689107361399754023824799136653973030056842074981363047841119584615064542737572232549046465812933181123826230545447127605196876212060099670306392570736725513765972147076689398790424526820415334137781833945232931197847865264886697631044230335702170044396 0 0 0 0 0 0 0 0 0 0 0 0 0 0 0 0 0 0 0 0 0 0 0 0 0 0 0 0 0 0 0 0 0 0 0 0 0 0 0 0 0 0 0 0 0 0 0 0 0 0 0 0 0 0 0 0 0 0 0 0 0 0 0 0 0 0 0 0 0 0 0 0 0 0 0 0 0 0 0 0 0 0 0 0 0 0 0 0 0 0 0 0 0 0 0 0 1 0 0 0 0 0 0 0 0 0 0 0 0 0]
[184520978704069146647022226654293984317614088447864432488049435797297640624684319695763021582600902168898453375373479366593023248669256322292384167207954611206139099043343611488507723252785405352495035201259519228302513545726081303494060281544400407147945554013000997046735032540788636235058295584327780563888082466889478169008929211 0 0 0 0 0 0 0 0 0 0 0 0 0 0 0 0 0 0 0 0 0 0 0 0 0 0 0 0 0 0 0 0 0 0 0 0 0 0 0 0 0 0 0 0 0 0 0 0 0 0 0 0 0 0 0 0 0 0 0 0 0 0 0 0 0 0 0 0 0 0 0 0 0 0 0 0 0 0 0 0 0 0 0 0 0 0 0 0 0 0 0 0 0 0 0 0 0 1 0 0 0 0 0 0 0 0 0 0 0 0]
[6012903652581983508460409356671730371883627155845070725302494544663840737400291195766195753462387034489158166192344062548086805451098761083079179539530416199289498314303171494753132594698464910054095827609523951936647856181735537905500524636152707315640136372622996982095394025941129476357179016913419533537417509921462091591009956633 0 0 0 0 0 0 0 0 0 0 0 0 0 0 0 0 0 0 0 0 0 0 0 0 0 0 0 0 0 0 0 0 0 0 0 0 0 0 0 0 0 0 0 0 0 0 0 0 0 0 0 0 0 0 0 0 0 0 0 0 0 0 0 0 0 0 0 0 0 0 0 0 0 0 0 0 0 0 0 0 0 0 0 0 0 0 0 0 0 0 0 0 0 0 0 0 0 0 1 0 0 0 0 0 0 0 0 0 0 0]
[351397096073754445210049218711086706498490227394063031425956390122661935395962056070744133770546327016615274477413039673476918903759318897685108954478843164190682322661824282862822906491113092532127100621242626959147468427273852343235047041857177901757029479179317991468521142831085753067018738342410192778335563783908616041631025929 0 0 0 0 0 0 0 0 0 0 0 0 0 0 0 0 0 0 0 0 0 0 0 0 0 0 0 0 0 0 0 0 0 0 0 0 0 0 0 0 0 0 0 0 0 0 0 0 0 0 0 0 0 0 0 0 0 0 0 0 0 0 0 0 0 0 0 0 0 0 0 0 0 0 0 0 0 0 0 0 0 0 0 0 0 0 0 0 0 0 0 0 0 0 0 0 0 0 0 1 0 0 0 0 0 0 0 0 0 0]
[260110318575431860041270446655488714115966687803065232064679588791852572071692575385518394942613988522163725991450977240181377700182535921480549512555135684557274455245675780242673943472714265551566264706419781245244602962879478600076620281968931421696572362431444636631916979107116434035994966798851921797716393124257608441713404297 0 0 0 0 0 0 0 0 0 0 0 0 0 0 0 0 0 0 0 0 0 0 0 0 0 0 0 0 0 0 0 0 0 0 0 0 0 0 0 0 0 0 0 0 0 0 0 0 0 0 0 0 0 0 0 0 0 0 0 0 0 0 0 0 0 0 0 0 0 0 0 0 0 0 0 0 0 0 0 0 0 0 0 0 0 0 0 0 0 0 0 0 0 0 0 0 0 0 0 0 1 0 0 0 0 0 0 0 0 0]
[6620993023890623774661401312621841167093448665493058194975756188736533274623347268990328742779962696450944121329515069651888191077471295205278533016898277578898012242099034571584816765440587641899607085443718050189646929761223619170077948043519425154116859747683049374479550425238208885658813620183887999206040520838476086212018036951 0 0 0 0 0 0 0 0 0 0 0 0 0 0 0 0 0 0 0 0 0 0 0 0 0 0 0 0 0 0 0 0 0 0 0 0 0 0 0 0 0 0 0 0 0 0 0 0 0 0 0 0 0 0 0 0 0 0 0 0 0 0 0 0 0 0 0 0 0 0 0 0 0 0 0 0 0 0 0 0 0 0 0 0 0 0 0 0 0 0 0 0 0 0 0 0 0 0 0 0 0 1 0 0 0 0 0 0 0 0]
[6492308983573392319760092834214609025913468458521832674336636046173184049637324264810794320408341224948360838978980090284652745292909102217740825073335786483349568718829950197016038039736842190879734623191225826003319045669870479178005890689230685396346927705336995973927693890383447787423149867171994066410574868280149752824474939228 0 0 0 0 0 0 0 0 0 0 0 0 0 0 0 0 0 0 0 0 0 0 0 0 0 0 0 0 0 0 0 0 0 0 0 0 0 0 0 0 0 0 0 0 0 0 0 0 0 0 0 0 0 0 0 0 0 0 0 0 0 0 0 0 0 0 0 0 0 0 0 0 0 0 0 0 0 0 0 0 0 0 0 0 0 0 0 0 0 0 0 0 0 0 0 0 0 0 0 0 0 0 1 0 0 0 0 0 0 0]
[667979195534699489449846125810107202268183385119459286716240219946568297225245930949072039170192349888943371022819644106085648467815374377501647517959796197975361048341355532429548036684440798608521103645900898910293549562669563153417029761502668109041954642472845834269601863700244940682031035779100345939508405179056307768471663067 0 0 0 0 0 0 0 0 0 0 0 0 0 0 0 0 0 0 0 0 0 0 0 0 0 0 0 0 0 0 0 0 0 0 0 0 0 0 0 0 0 0 0 0 0 0 0 0 0 0 0 0 0 0 0 0 0 0 0 0 0 0 0 0 0 0 0 0 0 0 0 0 0 0 0 0 0 0 0 0 0 0 0 0 0 0 0 0 0 0 0 0 0 0 0 0 0 0 0 0 0 0 0 1 0 0 0 0 0 0]
[5508678377026890244074335611239196504213058051055510215159471523106677690572338122469725182500833224390290923447910559717059794509473722879171952592460826696104696947463598477797965450518496884625317542060773638557092732242946853214061291842040845908339323663610747419121109923858024167633563966425730420590697618693814542479863467200 0 0 0 0 0 0 0 0 0 0 0 0 0 0 0 0 0 0 0 0 0 0 0 0 0 0 0 0 0 0 0 0 0 0 0 0 0 0 0 0 0 0 0 0 0 0 0 0 0 0 0 0 0 0 0 0 0 0 0 0 0 0 0 0 0 0 0 0 0 0 0 0 0 0 0 0 0 0 0 0 0 0 0 0 0 0 0 0 0 0 0 0 0 0 0 0 0 0 0 0 0 0 0 0 1 0 0 0 0 0]
[2279109653740782929866075621208084706663796569719289494021763412725982178049850497601315936378982067310128665824306663925443770805684606586995363146024901270301891159687667672061752912250578767150629352556935077735962121120736631917335642478906683880094668952535892414882385394709950821728466245724715576614917081354719226174361399112 0 0 0 0 0 0 0 0 0 0 0 0 0 0 0 0 0 0 0 0 0 0 0 0 0 0 0 0 0 0 0 0 0 0 0 0 0 0 0 0 0 0 0 0 0 0 0 0 0 0 0 0 0 0 0 0 0 0 0 0 0 0 0 0 0 0 0 0 0 0 0 0 0 0 0 0 0 0 0 0 0 0 0 0 0 0 0 0 0 0 0 0 0 0 0 0 0 0 0 0 0 0 0 0 0 1 0 0 0 0]
[2109392709978689377562400463767535757463434912678329483796323807625537285527433066482634771941682405652283986462731655419598012476055701609828463881015048579214613646964650546232058373647672247962174111801301463425787831983100600860153314343182742277679871307020938393335443304452404738198948385420412271805398406160952731723925973225 0 0 0 0 0 0 0 0 0 0 0 0 0 0 0 0 0 0 0 0 0 0 0 0 0 0 0 0 0 0 0 0 0 0 0 0 0 0 0 0 0 0 0 0 0 0 0 0 0 0 0 0 0 0 0 0 0 0 0 0 0 0 0 0 0 0 0 0 0 0 0 0 0 0 0 0 0 0 0 0 0 0 0 0 0 0 0 0 0 0 0 0 0 0 0 0 0 0 0 0 0 0 0 0 0 0 1 0 0 0]
[2589928652716023250318311252667160170044640451907993931527531914272630934130861593507372775365095847058785150956181984564261746759354876583230998388069648883834440052369663789441495555136960630066796629205441254838095518303024286515859449593199049781836332583690007403238918261031407595332181494364330479816758585606833279436772208488 0 0 0 0 0 0 0 0 0 0 0 0 0 0 0 0 0 0 0 0 0 0 0 0 0 0 0 0 0 0 0 0 0 0 0 0 0 0 0 0 0 0 0 0 0 0 0 0 0 0 0 0 0 0 0 0 0 0 0 0 0 0 0 0 0 0 0 0 0 0 0 0 0 0 0 0 0 0 0 0 0 0 0 0 0 0 0 0 0 0 0 0 0 0 0 0 0 0 0 0 0 0 0 0 0 0 0 1 0 0]
[1850595197255478347530627470198846056860790241811511758434297557727346603825236197681512810496023537991640531457858614823287856513030259001368724070528809381199977316455486800210744775760528622795867143489903561418025571913220611915044542743930795526240433333131831119913917566781164918269586254917486632680001017186809386336310221681 0 0 0 0 0 0 0 0 0 0 0 0 0 0 0 0 0 0 0 0 0 0 0 0 0 0 0 0 0 0 0 0 0 0 0 0 0 0 0 0 0 0 0 0 0 0 0 0 0 0 0 0 0 0 0 0 0 0 0 0 0 0 0 0 0 0 0 0 0 0 0 0 0 0 0 0 0 0 0 0 0 0 0 0 0 0 0 0 0 0 0 0 0 0 0 0 0 0 0 0 0 0 0 0 0 0 0 0 1 0]
[4187552274938168922763278865317765401256709536441319014687776242273901103234386612311589206370926328819928683168791071152146795810073804078492838415605002058529055012398988269129175722808135199386889206156740615253229828588423410730838157194867638494623557072782754458276738552671468963813560915105735358811863965901699860291557604149 0 0 0 0 0 0 0 0 0 0 0 0 0 0 0 0 0 0 0 0 0 0 0 0 0 0 0 0 0 0 0 0 0 0 0 0 0 0 0 0 0 0 0 0 0 0 0 0 0 0 0 0 0 0 0 0 0 0 0 0 0 0 0 0 0 0 0 0 0 0 0 0 0 0 0 0 0 0 0 0 0 0 0 0 0 0 0 0 0 0 0 0 0 0 0 0 0 0 0 0 0 0 0 0 0 0 0 0 0 1]
]
