[[4764006560521423701744755093028001390977075131362011459651917852080238113812743042249891878860223602439389164605756509215382476215707177917604918140893230536992516627471429243277887318067912991828054202987072386462075274273399552843524462315573741673899071092249342859179065109880151667 0 0 0 0 0 0 0 0 0 0 0 0 0 0 0 0 0 0 0 0 0 0 0 0 0 0 0 0 0 0 0 0 0 0 0 0 0 0 0 0 0 0 0 0 0 0 0 0 0 0 0 0 0 0 0 0 0 0 0 0 0 0 0 0 0 0 0 0 0 0 0 0 0 0 0 0 0 0 0 0 0 0 0 0 0 0 0 0 0 0 0 0 0 0]
[4077213984110360073033276608078663228482398498346539894143562257592526848726231316747759978773891947201458846288919405072100155686796660879206796054043083308178827259095704482631339414786740675239574849867473819564385282369487449670431733618229248502167650229344811138556641406689232662 1 0 0 0 0 0 0 0 0 0 0 0 0 0 0 0 0 0 0 0 0 0 0 0 0 0 0 0 0 0 0 0 0 0 0 0 0 0 0 0 0 0 0 0 0 0 0 0 0 0 0 0 0 0 0 0 0 0 0 0 0 0 0 0 0 0 0 0 0 0 0 0 0 0 0 0 0 0 0 0 0 0 0 0 0 0 0 0 0 0 0 0 0 0]
[2987932278030389125151399795558044852161888176532808469879769790744105994180885423791664126547808621669293199108782803449786022764539662362617857464000133909387069909353975293413326668519747489756910682258129182288309857624700655046964935304448980807976197415819615300264111807707596090 0 1 0 0 0 0 0 0 0 0 0 0 0 0 0 0 0 0 0 0 0 0 0 0 0 0 0 0 0 0 0 0 0 0 0 0 0 0 0 0 0 0 0 0 0 0 0 0 0 0 0 0 0 0 0 0 0 0 0 0 0 0 0 0 0 0 0 0 0 0 0 0 0 0 0 0 0 0 0 0 0 0 0 0 0 0 0 0 0 0 0 0 0 0]
[4028441483783914470243143785792606000253597086006830334698856228506699603366755234666552242719719223176168429117134071664075423766556462851700552286313571620786428368455980362413032317133884260665756826285163153556988073285167890987231393457071554005254837759006803890982842153672899181 0 0 1 0 0 0 0 0 0 0 0 0 0 0 0 0 0 0 0 0 0 0 0 0 0 0 0 0 0 0 0 0 0 0 0 0 0 0 0 0 0 0 0 0 0 0 0 0 0 0 0 0 0 0 0 0 0 0 0 0 0 0 0 0 0 0 0 0 0 0 0 0 0 0 0 0 0 0 0 0 0 0 0 0 0 0 0 0 0 0 0 0 0 0]
[519549828564460110403568659929008218080700208052238299379565893391460056932741116580463381255894210775360913040998592948479987322385156815931942117285343136530757961328849950819535013547551431792444117022021150100291607403704665461596602158737480971679040265791485629554261252158942503 0 0 0 1 0 0 0 0 0 0 0 0 0 0 0 0 0 0 0 0 0 0 0 0 0 0 0 0 0 0 0 0 0 0 0 0 0 0 0 0 0 0 0 0 0 0 0 0 0 0 0 0 0 0 0 0 0 0 0 0 0 0 0 0 0 0 0 0 0 0 0 0 0 0 0 0 0 0 0 0 0 0 0 0 0 0 0 0 0 0 0 0 0 0]
[571083403626935612367787903596022435806597677161756748483780139723705310548151972511663843127879864858136918969317956400500536856532929335074113364773590788914882209064236617874265131538903276327302041124281795626077594930272877522834780588785553886495885183272694394154381880773863049 0 0 0 0 1 0 0 0 0 0 0 0 0 0 0 0 0 0 0 0 0 0 0 0 0 0 0 0 0 0 0 0 0 0 0 0 0 0 0 0 0 0 0 0 0 0 0 0 0 0 0 0 0 0 0 0 0 0 0 0 0 0 0 0 0 0 0 0 0 0 0 0 0 0 0 0 0 0 0 0 0 0 0 0 0 0 0 0 0 0 0 0 0 0]
[265469577886853511219737140913698305223805672376744394921121618489552483760840937288674982330235485023131631738107382788519673802289066038164689109582784023921743055690995888760888534684697955138356553840055496566184247472403950979764216918049184220070931555189413495341880592148998157 0 0 0 0 0 1 0 0 0 0 0 0 0 0 0 0 0 0 0 0 0 0 0 0 0 0 0 0 0 0 0 0 0 0 0 0 0 0 0 0 0 0 0 0 0 0 0 0 0 0 0 0 0 0 0 0 0 0 0 0 0 0 0 0 0 0 0 0 0 0 0 0 0 0 0 0 0 0 0 0 0 0 0 0 0 0 0 0 0 0 0 0 0 0]
[2292296609378601664053110514095424370526993393896393335415462920114349389173349123718711902928754485246134709406808158867596695767683954864046850437115037174535973189319007805075834608283463806720906449251680786186330733181264728645037128994389503615403453125438491540397319450320206095 0 0 0 0 0 0 1 0 0 0 0 0 0 0 0 0 0 0 0 0 0 0 0 0 0 0 0 0 0 0 0 0 0 0 0 0 0 0 0 0 0 0 0 0 0 0 0 0 0 0 0 0 0 0 0 0 0 0 0 0 0 0 0 0 0 0 0 0 0 0 0 0 0 0 0 0 0 0 0 0 0 0 0 0 0 0 0 0 0 0 0 0 0 0]
[2049301081316170642249704695552802398986320331400881086575218278241584764163740238312847870773864384937658953833889860515819019504535072727667196759754745175237768405936515363205769690623848238282983102504982706762636860380708243861470994852846360636161849749067150259143687947512627158 0 0 0 0 0 0 0 1 0 0 0 0 0 0 0 0 0 0 0 0 0 0 0 0 0 0 0 0 0 0 0 0 0 0 0 0 0 0 0 0 0 0 0 0 0 0 0 0 0 0 0 0 0 0 0 0 0 0 0 0 0 0 0 0 0 0 0 0 0 0 0 0 0 0 0 0 0 0 0 0 0 0 0 0 0 0 0 0 0 0 0 0 0 0]
[4009580248722491838150565256325777021505408159361144163328976217914196621987575732708330219667508049672619509095855023676903012398939452957504705076403751914566788540704679490050200423048541636050889903674417138860832417178340362406327602834416579400213079952110236266972537979329900776 0 0 0 0 0 0 0 0 1 0 0 0 0 0 0 0 0 0 0 0 0 0 0 0 0 0 0 0 0 0 0 0 0 0 0 0 0 0 0 0 0 0 0 0 0 0 0 0 0 0 0 0 0 0 0 0 0 0 0 0 0 0 0 0 0 0 0 0 0 0 0 0 0 0 0 0 0 0 0 0 0 0 0 0 0 0 0 0 0 0 0 0 0 0]
[2184920725501594244084548317315455095767494034067025363451534929167180103980348332334205651837387323534916577242194329271821253354090777200662552090291182617127964018480649272465072079007102119508053701028566138763030584231633809741384175805443971984492273998206587770065512823256648073 0 0 0 0 0 0 0 0 0 1 0 0 0 0 0 0 0 0 0 0 0 0 0 0 0 0 0 0 0 0 0 0 0 0 0 0 0 0 0 0 0 0 0 0 0 0 0 0 0 0 0 0 0 0 0 0 0 0 0 0 0 0 0 0 0 0 0 0 0 0 0 0 0 0 0 0 0 0 0 0 0 0 0 0 0 0 0 0 0 0 0 0 0 0]
[3294437116870989840722064933884073963632639240503309583422363571788275561050615174272648253709281877516999635477333192153165834024490191136102793614828649426187807709660954022867279516293939638861451923842276404189240695059187585782399380471370792998216059132090859554266723757956776084 0 0 0 0 0 0 0 0 0 0 1 0 0 0 0 0 0 0 0 0 0 0 0 0 0 0 0 0 0 0 0 0 0 0 0 0 0 0 0 0 0 0 0 0 0 0 0 0 0 0 0 0 0 0 0 0 0 0 0 0 0 0 0 0 0 0 0 0 0 0 0 0 0 0 0 0 0 0 0 0 0 0 0 0 0 0 0 0 0 0 0 0 0 0]
[894398135305493767787894763842390713031297383465180327082721833825197738342493457087795634185705936805573507104953268994096307115144662249630564739673361506571442485325528306631897516816994653161404324130000146320303282081880233369458034063386531989323125511133918687896331281132013091 0 0 0 0 0 0 0 0 0 0 0 1 0 0 0 0 0 0 0 0 0 0 0 0 0 0 0 0 0 0 0 0 0 0 0 0 0 0 0 0 0 0 0 0 0 0 0 0 0 0 0 0 0 0 0 0 0 0 0 0 0 0 0 0 0 0 0 0 0 0 0 0 0 0 0 0 0 0 0 0 0 0 0 0 0 0 0 0 0 0 0 0 0 0]
[2505624196122601185678699831589800351544963143961618322459486457416598431592619197954550232431647483457248448882506293869189414354288529278284871219160959777437370620749478240230087517337224178962220299771665955192376802301367221881929402582605017573713334238000685885220211607320355542 0 0 0 0 0 0 0 0 0 0 0 0 1 0 0 0 0 0 0 0 0 0 0 0 0 0 0 0 0 0 0 0 0 0 0 0 0 0 0 0 0 0 0 0 0 0 0 0 0 0 0 0 0 0 0 0 0 0 0 0 0 0 0 0 0 0 0 0 0 0 0 0 0 0 0 0 0 0 0 0 0 0 0 0 0 0 0 0 0 0 0 0 0 0]
[2823947926552489073621511170085231170571197181776923864802416349365395640552831109761093840169595989669368007857706763722505876350758567123661225236322436740084369277280249507122885942058425042377128105801908318664973788594633502292323411360338982558995771867224687682614530590774976758 0 0 0 0 0 0 0 0 0 0 0 0 0 1 0 0 0 0 0 0 0 0 0 0 0 0 0 0 0 0 0 0 0 0 0 0 0 0 0 0 0 0 0 0 0 0 0 0 0 0 0 0 0 0 0 0 0 0 0 0 0 0 0 0 0 0 0 0 0 0 0 0 0 0 0 0 0 0 0 0 0 0 0 0 0 0 0 0 0 0 0 0 0 0]
[3128448200699148952963551663711838159687291496235453188596195331803298726717466809606227649068354898188652235962631069225281726814327160478796205653514153726025002066583135920620920932255098280210611446638820218824339439132426336764469038728183796050827888748981369989820506388179676658 0 0 0 0 0 0 0 0 0 0 0 0 0 0 1 0 0 0 0 0 0 0 0 0 0 0 0 0 0 0 0 0 0 0 0 0 0 0 0 0 0 0 0 0 0 0 0 0 0 0 0 0 0 0 0 0 0 0 0 0 0 0 0 0 0 0 0 0 0 0 0 0 0 0 0 0 0 0 0 0 0 0 0 0 0 0 0 0 0 0 0 0 0 0]
[3112388963165447513948234493202838985367037586680272092372475732981903341670848184210096042323817929239594079410056375866208911998509525574901286794493801681577314779112491396056802163625561314974569518008674582855824925663150795523382987795541491202543608040368152185389109435701514604 0 0 0 0 0 0 0 0 0 0 0 0 0 0 0 1 0 0 0 0 0 0 0 0 0 0 0 0 0 0 0 0 0 0 0 0 0 0 0 0 0 0 0 0 0 0 0 0 0 0 0 0 0 0 0 0 0 0 0 0 0 0 0 0 0 0 0 0 0 0 0 0 0 0 0 0 0 0 0 0 0 0 0 0 0 0 0 0 0 0 0 0 0 0]
[2097416351332458070275618306066654462233973960074933732133331656049665453996548254642009600958224448419127999371005499332913782856968634645845437980732744769397631650499125867425802048154663498488028870109426407428765312631429387618458866954257482896593283324007435109330500803851545365 0 0 0 0 0 0 0 0 0 0 0 0 0 0 0 0 1 0 0 0 0 0 0 0 0 0 0 0 0 0 0 0 0 0 0 0 0 0 0 0 0 0 0 0 0 0 0 0 0 0 0 0 0 0 0 0 0 0 0 0 0 0 0 0 0 0 0 0 0 0 0 0 0 0 0 0 0 0 0 0 0 0 0 0 0 0 0 0 0 0 0 0 0 0]
[4404781575929949943208590135448856546195689730612650652957585903722076772527599168217136618056297029115122638237498162956329632278438336586445102188025723023647990280830723246761938422455301024552378507304748629703048607829963620541071587716351596997537523838450625943995167186280482637 0 0 0 0 0 0 0 0 0 0 0 0 0 0 0 0 0 1 0 0 0 0 0 0 0 0 0 0 0 0 0 0 0 0 0 0 0 0 0 0 0 0 0 0 0 0 0 0 0 0 0 0 0 0 0 0 0 0 0 0 0 0 0 0 0 0 0 0 0 0 0 0 0 0 0 0 0 0 0 0 0 0 0 0 0 0 0 0 0 0 0 0 0 0]
[225322512283249446155446895661905977803159201554601443600709538950518835099966628789580599305343445546880594189944824484609968064493201748536990776932954785350012618233996926161107424195207615155979436172585088574126018638561710596759755311042974946587856843716685228546264718122629384 0 0 0 0 0 0 0 0 0 0 0 0 0 0 0 0 0 0 1 0 0 0 0 0 0 0 0 0 0 0 0 0 0 0 0 0 0 0 0 0 0 0 0 0 0 0 0 0 0 0 0 0 0 0 0 0 0 0 0 0 0 0 0 0 0 0 0 0 0 0 0 0 0 0 0 0 0 0 0 0 0 0 0 0 0 0 0 0 0 0 0 0 0 0]
[4499566151599236215700595567435539661942607782554250947983898952078288923231782063210721419679412369005527489273720636105921998202881498701297680779263649785962179375002889627709702795836613575600061602821847757881491447493350782309933518751857332070797892449797479388231621135787760513 0 0 0 0 0 0 0 0 0 0 0 0 0 0 0 0 0 0 0 1 0 0 0 0 0 0 0 0 0 0 0 0 0 0 0 0 0 0 0 0 0 0 0 0 0 0 0 0 0 0 0 0 0 0 0 0 0 0 0 0 0 0 0 0 0 0 0 0 0 0 0 0 0 0 0 0 0 0 0 0 0 0 0 0 0 0 0 0 0 0 0 0 0 0]
[2291878100836893750907630547370618966473736540373911229407460309043001199069593431016054316012397342276810110594982110665066434104578812194003508638964932689856829456561351603655427482087331859758489746347668119720304662222955826008181434862752267096039058832689833723969863960795871501 0 0 0 0 0 0 0 0 0 0 0 0 0 0 0 0 0 0 0 0 1 0 0 0 0 0 0 0 0 0 0 0 0 0 0 0 0 0 0 0 0 0 0 0 0 0 0 0 0 0 0 0 0 0 0 0 0 0 0 0 0 0 0 0 0 0 0 0 0 0 0 0 0 0 0 0 0 0 0 0 0 0 0 0 0 0 0 0 0 0 0 0 0 0]
[2050258624605499068648983245467776343845703763812918386236525288052421123108940173478764865426587907949742920545802284106616043461205700871683674995202998520115286952539136648042446127899538190760594041542883340848847089099221208384437170001136167205145577973289420511671638430204928325 0 0 0 0 0 0 0 0 0 0 0 0 0 0 0 0 0 0 0 0 0 1 0 0 0 0 0 0 0 0 0 0 0 0 0 0 0 0 0 0 0 0 0 0 0 0 0 0 0 0 0 0 0 0 0 0 0 0 0 0 0 0 0 0 0 0 0 0 0 0 0 0 0 0 0 0 0 0 0 0 0 0 0 0 0 0 0 0 0 0 0 0 0 0]
[113333141860433799130737687728780572905643002333440586786001966121779264361417175288748294318330073397391823454448393432175767350416733051508292365872776357575694932037101739648733778428652145760041006857828941891146828806211790807642518263125811422477310054739559822882659179329976366 0 0 0 0 0 0 0 0 0 0 0 0 0 0 0 0 0 0 0 0 0 0 1 0 0 0 0 0 0 0 0 0 0 0 0 0 0 0 0 0 0 0 0 0 0 0 0 0 0 0 0 0 0 0 0 0 0 0 0 0 0 0 0 0 0 0 0 0 0 0 0 0 0 0 0 0 0 0 0 0 0 0 0 0 0 0 0 0 0 0 0 0 0 0]
[1816299585251688634775835219923865571845047482819829271095331645099744693317942670184016030880502688075407521528899634746301143369428547923307902279383037378884072308950780193737610257693984642125867876162301029534522035943099383273010833519643443053790804028997809091980488709379484140 0 0 0 0 0 0 0 0 0 0 0 0 0 0 0 0 0 0 0 0 0 0 0 1 0 0 0 0 0 0 0 0 0 0 0 0 0 0 0 0 0 0 0 0 0 0 0 0 0 0 0 0 0 0 0 0 0 0 0 0 0 0 0 0 0 0 0 0 0 0 0 0 0 0 0 0 0 0 0 0 0 0 0 0 0 0 0 0 0 0 0 0 0 0]
[2071527847314272695043644096927054417172230391481954360159322937771873924616775087056412910285560726345333249994039426992149837312278811836879290773718767690628680665491505511683697038192438664050794932769022239576932287177284228280387571051334471609587749470632533974222791474385772445 0 0 0 0 0 0 0 0 0 0 0 0 0 0 0 0 0 0 0 0 0 0 0 0 1 0 0 0 0 0 0 0 0 0 0 0 0 0 0 0 0 0 0 0 0 0 0 0 0 0 0 0 0 0 0 0 0 0 0 0 0 0 0 0 0 0 0 0 0 0 0 0 0 0 0 0 0 0 0 0 0 0 0 0 0 0 0 0 0 0 0 0 0 0]
[1869123682412658514582445330966098188665462925920512334488480217367215526462240857914773201386748797975564300393393650465915563836159506749018125004526407240765562935487505508079154847553791818659842632610065418250817382123855410972706586600788812383111670817374936538472809266822935783 0 0 0 0 0 0 0 0 0 0 0 0 0 0 0 0 0 0 0 0 0 0 0 0 0 1 0 0 0 0 0 0 0 0 0 0 0 0 0 0 0 0 0 0 0 0 0 0 0 0 0 0 0 0 0 0 0 0 0 0 0 0 0 0 0 0 0 0 0 0 0 0 0 0 0 0 0 0 0 0 0 0 0 0 0 0 0 0 0 0 0 0 0 0]
[4492751429228390926743645401911497863451944625412856852551518620408785939876058661871124897514051777114026255215265978509477946647097507500435054433486764742260417487408423726436494483563816637952847724308158985254386953261354141720093114902442836187868190529323414353533947064194917433 0 0 0 0 0 0 0 0 0 0 0 0 0 0 0 0 0 0 0 0 0 0 0 0 0 0 1 0 0 0 0 0 0 0 0 0 0 0 0 0 0 0 0 0 0 0 0 0 0 0 0 0 0 0 0 0 0 0 0 0 0 0 0 0 0 0 0 0 0 0 0 0 0 0 0 0 0 0 0 0 0 0 0 0 0 0 0 0 0 0 0 0 0 0]
[2532680235035777889898744718263721188989077395395918167839218813590278065826995460590703039626672170536301318659961270354714873777221502432505596032589742863185176638072083498369624603130110631523962335737545876708966607031045565064360434666111900687640610903516811669194484835092910854 0 0 0 0 0 0 0 0 0 0 0 0 0 0 0 0 0 0 0 0 0 0 0 0 0 0 0 1 0 0 0 0 0 0 0 0 0 0 0 0 0 0 0 0 0 0 0 0 0 0 0 0 0 0 0 0 0 0 0 0 0 0 0 0 0 0 0 0 0 0 0 0 0 0 0 0 0 0 0 0 0 0 0 0 0 0 0 0 0 0 0 0 0 0]
[337785017623817083900077892730285031408151441093708820731031046464222405636662056722459873937859441031248626068624381904762227982096296869842353054890416414460860803581721575268665199263675342056411368599975062141791803095769929404555052576121940561994045480217617783487974673224842891 0 0 0 0 0 0 0 0 0 0 0 0 0 0 0 0 0 0 0 0 0 0 0 0 0 0 0 0 1 0 0 0 0 0 0 0 0 0 0 0 0 0 0 0 0 0 0 0 0 0 0 0 0 0 0 0 0 0 0 0 0 0 0 0 0 0 0 0 0 0 0 0 0 0 0 0 0 0 0 0 0 0 0 0 0 0 0 0 0 0 0 0 0 0]
[1722150224781497252184105421872751608477899380978030393939650163937836497392747820652262805874825473959280318270770206927312687093467223704244257212257971723305527943637659376413872729184985256680715921460415665736768483442648697584872212327658773619830258725167235547153118027759205666 0 0 0 0 0 0 0 0 0 0 0 0 0 0 0 0 0 0 0 0 0 0 0 0 0 0 0 0 0 1 0 0 0 0 0 0 0 0 0 0 0 0 0 0 0 0 0 0 0 0 0 0 0 0 0 0 0 0 0 0 0 0 0 0 0 0 0 0 0 0 0 0 0 0 0 0 0 0 0 0 0 0 0 0 0 0 0 0 0 0 0 0 0 0]
[4246578255070540527878371294327733717200526420942380850243738794118634512158126050122505202064516793053825628425690767238801040564318682787203820943044195123510046162782213339442945583705539886867729674190026939500570782303861691970745914384924423192418895619216909188760707455834207717 0 0 0 0 0 0 0 0 0 0 0 0 0 0 0 0 0 0 0 0 0 0 0 0 0 0 0 0 0 0 1 0 0 0 0 0 0 0 0 0 0 0 0 0 0 0 0 0 0 0 0 0 0 0 0 0 0 0 0 0 0 0 0 0 0 0 0 0 0 0 0 0 0 0 0 0 0 0 0 0 0 0 0 0 0 0 0 0 0 0 0 0 0 0]
[1743000327241595769750242899294038534133889637643606179834668668038371879599496336386440725889139845713547135930748224428524867278685087830846047392522791431495672186447263927001903820227530919605998468232277646038991843753653922026096001527970054990183639795640470808249182239667269302 0 0 0 0 0 0 0 0 0 0 0 0 0 0 0 0 0 0 0 0 0 0 0 0 0 0 0 0 0 0 0 1 0 0 0 0 0 0 0 0 0 0 0 0 0 0 0 0 0 0 0 0 0 0 0 0 0 0 0 0 0 0 0 0 0 0 0 0 0 0 0 0 0 0 0 0 0 0 0 0 0 0 0 0 0 0 0 0 0 0 0 0 0 0]
[450940687744963071501626698825738710673672463374581257293844964099048884684757075058337351130035284521028947805121627490250993852783841895709053226034506520757715045597261062524669924196758760178155063745352236815291062584346975939285913384324751640337902915754417752196927338219836769 0 0 0 0 0 0 0 0 0 0 0 0 0 0 0 0 0 0 0 0 0 0 0 0 0 0 0 0 0 0 0 0 1 0 0 0 0 0 0 0 0 0 0 0 0 0 0 0 0 0 0 0 0 0 0 0 0 0 0 0 0 0 0 0 0 0 0 0 0 0 0 0 0 0 0 0 0 0 0 0 0 0 0 0 0 0 0 0 0 0 0 0 0 0]
[4488274006159643661437248625978070185561764203098250656875270713388875897741804428578415042388970600785605103870486028167372813044674199138636526561597549604200638529811001883298898280199569416019681240081738296011356297916715825110049547792903309728062239629622728305756724429052547169 0 0 0 0 0 0 0 0 0 0 0 0 0 0 0 0 0 0 0 0 0 0 0 0 0 0 0 0 0 0 0 0 0 1 0 0 0 0 0 0 0 0 0 0 0 0 0 0 0 0 0 0 0 0 0 0 0 0 0 0 0 0 0 0 0 0 0 0 0 0 0 0 0 0 0 0 0 0 0 0 0 0 0 0 0 0 0 0 0 0 0 0 0 0]
[2881264971019416498200739381968529131145847339516146852325080674959590952955098933965740631908220264051150126889657167286081755041544011132440913833478801088221219755502584181605493073299302126161034200420044655439436471171294086508624777360479388968447675360209913650739603183859259305 0 0 0 0 0 0 0 0 0 0 0 0 0 0 0 0 0 0 0 0 0 0 0 0 0 0 0 0 0 0 0 0 0 0 1 0 0 0 0 0 0 0 0 0 0 0 0 0 0 0 0 0 0 0 0 0 0 0 0 0 0 0 0 0 0 0 0 0 0 0 0 0 0 0 0 0 0 0 0 0 0 0 0 0 0 0 0 0 0 0 0 0 0 0]
[3955371919966077092666378527519118670901729530325920208819290669570716598567158224867150004170452969120033259188639632588073576195782225027294345212034467800350485153723793255890214342700915640271710833559846347074381026616136587901295043116260344764256673809183124872718264019138051669 0 0 0 0 0 0 0 0 0 0 0 0 0 0 0 0 0 0 0 0 0 0 0 0 0 0 0 0 0 0 0 0 0 0 0 1 0 0 0 0 0 0 0 0 0 0 0 0 0 0 0 0 0 0 0 0 0 0 0 0 0 0 0 0 0 0 0 0 0 0 0 0 0 0 0 0 0 0 0 0 0 0 0 0 0 0 0 0 0 0 0 0 0 0]
[3425018125379217692742799038821509566855103894354064804065057457873358721629324385767074440659074197299114505975096622856396947747817253176353638857498565140935861542101626421036518790941182877810528181232208915221415068411816614598904116552862584908251798067779754487770793908028904567 0 0 0 0 0 0 0 0 0 0 0 0 0 0 0 0 0 0 0 0 0 0 0 0 0 0 0 0 0 0 0 0 0 0 0 0 1 0 0 0 0 0 0 0 0 0 0 0 0 0 0 0 0 0 0 0 0 0 0 0 0 0 0 0 0 0 0 0 0 0 0 0 0 0 0 0 0 0 0 0 0 0 0 0 0 0 0 0 0 0 0 0 0 0]
[2526250434388117530137671657260992007024831742862068464869203584294364889936333957366392794398990940230430219941918498415756300221610594775355669985717588012257700626217593074845977291221077600067020544610225867175272287037834033220620485195936481890805465525645810321683180031196582298 0 0 0 0 0 0 0 0 0 0 0 0 0 0 0 0 0 0 0 0 0 0 0 0 0 0 0 0 0 0 0 0 0 0 0 0 0 1 0 0 0 0 0 0 0 0 0 0 0 0 0 0 0 0 0 0 0 0 0 0 0 0 0 0 0 0 0 0 0 0 0 0 0 0 0 0 0 0 0 0 0 0 0 0 0 0 0 0 0 0 0 0 0 0]
[2183304394579185957702113080212662725819645262723203278650481478915109840354414916224338010857471423487388286653232997064130585070560567425989954869604480510514974266663425227012287130146801008278697172743934255437687094745710528421803911462126361461011364385957300691221087828606331111 0 0 0 0 0 0 0 0 0 0 0 0 0 0 0 0 0 0 0 0 0 0 0 0 0 0 0 0 0 0 0 0 0 0 0 0 0 0 1 0 0 0 0 0 0 0 0 0 0 0 0 0 0 0 0 0 0 0 0 0 0 0 0 0 0 0 0 0 0 0 0 0 0 0 0 0 0 0 0 0 0 0 0 0 0 0 0 0 0 0 0 0 0 0]
[328701510546506728810537092959137472548112338679541866411127665803852334339619404510533028607154784859813565661523810749598103943183196731418732146699272383052128304965549302809105241244464629616794703236138400950178503499658279530505761163033536143769178557834659068218544253551999294 0 0 0 0 0 0 0 0 0 0 0 0 0 0 0 0 0 0 0 0 0 0 0 0 0 0 0 0 0 0 0 0 0 0 0 0 0 0 0 1 0 0 0 0 0 0 0 0 0 0 0 0 0 0 0 0 0 0 0 0 0 0 0 0 0 0 0 0 0 0 0 0 0 0 0 0 0 0 0 0 0 0 0 0 0 0 0 0 0 0 0 0 0 0]
[125564401743659408098799335247085302348068988074330357493054846665986747968004307935317005833744777039482655325877511669593116784645960556843978532927430257798587901542342560249335397959198973908621759853989704161092007014659242461463730098063320471851084193462631724805097450916183597 0 0 0 0 0 0 0 0 0 0 0 0 0 0 0 0 0 0 0 0 0 0 0 0 0 0 0 0 0 0 0 0 0 0 0 0 0 0 0 0 1 0 0 0 0 0 0 0 0 0 0 0 0 0 0 0 0 0 0 0 0 0 0 0 0 0 0 0 0 0 0 0 0 0 0 0 0 0 0 0 0 0 0 0 0 0 0 0 0 0 0 0 0 0]
[1903854153760811614389258380732390999296980397496718056793639306807792335703188673835834370448184931289529389281735565025426292144763284948095026897299284194185374801372105940645611684411465139946939413461918122495830795583678827006026680184908365208673993330583339777474930251743412926 0 0 0 0 0 0 0 0 0 0 0 0 0 0 0 0 0 0 0 0 0 0 0 0 0 0 0 0 0 0 0 0 0 0 0 0 0 0 0 0 0 1 0 0 0 0 0 0 0 0 0 0 0 0 0 0 0 0 0 0 0 0 0 0 0 0 0 0 0 0 0 0 0 0 0 0 0 0 0 0 0 0 0 0 0 0 0 0 0 0 0 0 0 0]
[3036815743432695339192010052251330821600582425492312313447109860657416682931109857299693947615469097300940023712125675663915668048038576295850804025004218915368200976102605691261747500783435836040189729842821539909760320592586881144639141334557638244779013631481092535612636210172325320 0 0 0 0 0 0 0 0 0 0 0 0 0 0 0 0 0 0 0 0 0 0 0 0 0 0 0 0 0 0 0 0 0 0 0 0 0 0 0 0 0 0 1 0 0 0 0 0 0 0 0 0 0 0 0 0 0 0 0 0 0 0 0 0 0 0 0 0 0 0 0 0 0 0 0 0 0 0 0 0 0 0 0 0 0 0 0 0 0 0 0 0 0 0]
[2772208409043739353258094290128499394796496201187225878865510507143611166538338678504471389653802533001825128634550015217227086378265992452157942572611330060626470012002273675733606172232303899362460305506075473731983942556939154555701008696567466441003834573196159508159875575774690806 0 0 0 0 0 0 0 0 0 0 0 0 0 0 0 0 0 0 0 0 0 0 0 0 0 0 0 0 0 0 0 0 0 0 0 0 0 0 0 0 0 0 0 1 0 0 0 0 0 0 0 0 0 0 0 0 0 0 0 0 0 0 0 0 0 0 0 0 0 0 0 0 0 0 0 0 0 0 0 0 0 0 0 0 0 0 0 0 0 0 0 0 0 0]
[644124260168770565600900017932116170666998348165727695486459540100026484126025361353035954612981000108651630946954415691236987375784795869281213587814818315263644425214430427669671456109109772408681132064454797237345453794913193323096396346175452861437374619672999326732743934391542983 0 0 0 0 0 0 0 0 0 0 0 0 0 0 0 0 0 0 0 0 0 0 0 0 0 0 0 0 0 0 0 0 0 0 0 0 0 0 0 0 0 0 0 0 1 0 0 0 0 0 0 0 0 0 0 0 0 0 0 0 0 0 0 0 0 0 0 0 0 0 0 0 0 0 0 0 0 0 0 0 0 0 0 0 0 0 0 0 0 0 0 0 0 0]
[4248855299480025997555570096686567571724738727846728450466617076619192996716323210791014768425386045414720750819544054412302981404292601733986532759676769202236444768616533487040777206084121280281292958312648129229624689332075730441151176089128238583785373076164626384309850252243974517 0 0 0 0 0 0 0 0 0 0 0 0 0 0 0 0 0 0 0 0 0 0 0 0 0 0 0 0 0 0 0 0 0 0 0 0 0 0 0 0 0 0 0 0 0 1 0 0 0 0 0 0 0 0 0 0 0 0 0 0 0 0 0 0 0 0 0 0 0 0 0 0 0 0 0 0 0 0 0 0 0 0 0 0 0 0 0 0 0 0 0 0 0 0]
[3110420043870681470611020386310225058832182782309645729476726108473172099932205873156003863392133584769993220007045782344027703452583838473812621667232848714158539253913035448527717240970317445361970430258027504537413769631392983511763836461623646698052457740144072795494288885606615027 0 0 0 0 0 0 0 0 0 0 0 0 0 0 0 0 0 0 0 0 0 0 0 0 0 0 0 0 0 0 0 0 0 0 0 0 0 0 0 0 0 0 0 0 0 0 1 0 0 0 0 0 0 0 0 0 0 0 0 0 0 0 0 0 0 0 0 0 0 0 0 0 0 0 0 0 0 0 0 0 0 0 0 0 0 0 0 0 0 0 0 0 0 0]
[2485986130534944604000316060392542888078315335314353621726910008805121104671815536857985640876371827274376868264026598724059557456835165976153927234017567376003181098875788680896841687446909871731898094515615693735469863168348939388193630902684854579183899763074947323168405983389656058 0 0 0 0 0 0 0 0 0 0 0 0 0 0 0 0 0 0 0 0 0 0 0 0 0 0 0 0 0 0 0 0 0 0 0 0 0 0 0 0 0 0 0 0 0 0 0 1 0 0 0 0 0 0 0 0 0 0 0 0 0 0 0 0 0 0 0 0 0 0 0 0 0 0 0 0 0 0 0 0 0 0 0 0 0 0 0 0 0 0 0 0 0 0]
[128004882746173981583960152048536651661947923732427378452352574835967397178348090094745638540869665624191058364477234870010577286858208133944092957379119949145786523129800103543051928669670660630253655207542215771688708502932561560960255455078070388966427118829611474441742542667637511 0 0 0 0 0 0 0 0 0 0 0 0 0 0 0 0 0 0 0 0 0 0 0 0 0 0 0 0 0 0 0 0 0 0 0 0 0 0 0 0 0 0 0 0 0 0 0 0 1 0 0 0 0 0 0 0 0 0 0 0 0 0 0 0 0 0 0 0 0 0 0 0 0 0 0 0 0 0 0 0 0 0 0 0 0 0 0 0 0 0 0 0 0 0]
[2166744729410573208722620360769891821652142307406346617036031691634290086929254465125263538954310911519068495637393718706182386197925819583894689422595706801309455799036821411786362711194242126797740786954850380508070447952680521016514714077276191443538146114675349697951619441643344427 0 0 0 0 0 0 0 0 0 0 0 0 0 0 0 0 0 0 0 0 0 0 0 0 0 0 0 0 0 0 0 0 0 0 0 0 0 0 0 0 0 0 0 0 0 0 0 0 0 1 0 0 0 0 0 0 0 0 0 0 0 0 0 0 0 0 0 0 0 0 0 0 0 0 0 0 0 0 0 0 0 0 0 0 0 0 0 0 0 0 0 0 0 0]
[2948673743397569849814504782577438373017761676015933515107678824137040564576367460026827465510684514560163008158460603434033332701051088513153853128734308536619123005541652516171786328823203888368919739728105033010358427158046775771766133578394950130668459742783350427279200172190957008 0 0 0 0 0 0 0 0 0 0 0 0 0 0 0 0 0 0 0 0 0 0 0 0 0 0 0 0 0 0 0 0 0 0 0 0 0 0 0 0 0 0 0 0 0 0 0 0 0 0 1 0 0 0 0 0 0 0 0 0 0 0 0 0 0 0 0 0 0 0 0 0 0 0 0 0 0 0 0 0 0 0 0 0 0 0 0 0 0 0 0 0 0 0]
[2181054197135675129913988408600612918971439221677732353690047696978824188061942866765808515469842017754381353041750470398329147763645351608678972091784303047815227696283592060165739479262471800301490182968015151019261600975237650833455855359293586147722006071278305982976813563593043065 0 0 0 0 0 0 0 0 0 0 0 0 0 0 0 0 0 0 0 0 0 0 0 0 0 0 0 0 0 0 0 0 0 0 0 0 0 0 0 0 0 0 0 0 0 0 0 0 0 0 0 1 0 0 0 0 0 0 0 0 0 0 0 0 0 0 0 0 0 0 0 0 0 0 0 0 0 0 0 0 0 0 0 0 0 0 0 0 0 0 0 0 0 0]
[1115657503888504916483462282086723489136733123678617288075120841286992827383382772805526036207993076141590739738011062430274265563020466584415356622715811090873823910426797382358759062110395736796440833844057909994327657403337322073450259934625074120939370264516020329758645985185267339 0 0 0 0 0 0 0 0 0 0 0 0 0 0 0 0 0 0 0 0 0 0 0 0 0 0 0 0 0 0 0 0 0 0 0 0 0 0 0 0 0 0 0 0 0 0 0 0 0 0 0 0 1 0 0 0 0 0 0 0 0 0 0 0 0 0 0 0 0 0 0 0 0 0 0 0 0 0 0 0 0 0 0 0 0 0 0 0 0 0 0 0 0 0]
[2348646218566704056214742358970145831349350305664129197837030732379491011350023415307342341747262889118808625536920393261812640773821455520625497998396390228057224760098607049450828596310408470649431311262313624796331675966170929938584375441263094326345478885072378781606432206853460410 0 0 0 0 0 0 0 0 0 0 0 0 0 0 0 0 0 0 0 0 0 0 0 0 0 0 0 0 0 0 0 0 0 0 0 0 0 0 0 0 0 0 0 0 0 0 0 0 0 0 0 0 0 1 0 0 0 0 0 0 0 0 0 0 0 0 0 0 0 0 0 0 0 0 0 0 0 0 0 0 0 0 0 0 0 0 0 0 0 0 0 0 0 0]
[698538305552953788063569369208549147002029445352965016748760017759891428154244163663083185659605138862801929710299512874873127455649131510642166741436304861553318638627026321104912398883019564341205717125168128722433676870048267195510423782077733647055553146877540553603237856012585161 0 0 0 0 0 0 0 0 0 0 0 0 0 0 0 0 0 0 0 0 0 0 0 0 0 0 0 0 0 0 0 0 0 0 0 0 0 0 0 0 0 0 0 0 0 0 0 0 0 0 0 0 0 0 1 0 0 0 0 0 0 0 0 0 0 0 0 0 0 0 0 0 0 0 0 0 0 0 0 0 0 0 0 0 0 0 0 0 0 0 0 0 0 0]
[1071757746380470256867449466707296753176629558072825445454591814425524832203969950217891541429171119626949655273329263060959425466514635970914244231200540218503881500515666007063764605672818864873982608170065978146974900670456459515864670471788807174306646600584605755087374415406796710 0 0 0 0 0 0 0 0 0 0 0 0 0 0 0 0 0 0 0 0 0 0 0 0 0 0 0 0 0 0 0 0 0 0 0 0 0 0 0 0 0 0 0 0 0 0 0 0 0 0 0 0 0 0 0 1 0 0 0 0 0 0 0 0 0 0 0 0 0 0 0 0 0 0 0 0 0 0 0 0 0 0 0 0 0 0 0 0 0 0 0 0 0 0]
[3226565871027047897179663333064153210379099964456468767910036585338106493918139884844360160122783055725571812919142022877831246515622963661228971449756456493181917569761588963930287764999264641407260805609192104377347298283850076256168402925839524734209190489629493727464704790074888756 0 0 0 0 0 0 0 0 0 0 0 0 0 0 0 0 0 0 0 0 0 0 0 0 0 0 0 0 0 0 0 0 0 0 0 0 0 0 0 0 0 0 0 0 0 0 0 0 0 0 0 0 0 0 0 0 1 0 0 0 0 0 0 0 0 0 0 0 0 0 0 0 0 0 0 0 0 0 0 0 0 0 0 0 0 0 0 0 0 0 0 0 0 0]
[313201159950209793230220751026947782760397845182333230208426689007754494219398322550456959411325107658994014308361833011543331425088358392801528733781320271718897428436034130756667871397873652914694102734097595233977978818946651862053290528239325415444815351409758023372977690032884963 0 0 0 0 0 0 0 0 0 0 0 0 0 0 0 0 0 0 0 0 0 0 0 0 0 0 0 0 0 0 0 0 0 0 0 0 0 0 0 0 0 0 0 0 0 0 0 0 0 0 0 0 0 0 0 0 0 1 0 0 0 0 0 0 0 0 0 0 0 0 0 0 0 0 0 0 0 0 0 0 0 0 0 0 0 0 0 0 0 0 0 0 0 0]
[1834785719580034219968292317848464140611626687510757739025064415621353023740756541882553134932402221343829114201788381841915397825269053078877850010049288384364081727328313303057012842728264039341177751307760901528024047153911479131528172129501806635090386360914294885178323612869391483 0 0 0 0 0 0 0 0 0 0 0 0 0 0 0 0 0 0 0 0 0 0 0 0 0 0 0 0 0 0 0 0 0 0 0 0 0 0 0 0 0 0 0 0 0 0 0 0 0 0 0 0 0 0 0 0 0 0 1 0 0 0 0 0 0 0 0 0 0 0 0 0 0 0 0 0 0 0 0 0 0 0 0 0 0 0 0 0 0 0 0 0 0 0]
[1339124750374869106882283554403555762575215055743560614590707486907830975572299522100113579563218408532566574692395556330380751360931936204000539948603329838522934222711628775359015628750218090864169472173182141087687241912346778989907410460739356959538595203027345933871484127662078696 0 0 0 0 0 0 0 0 0 0 0 0 0 0 0 0 0 0 0 0 0 0 0 0 0 0 0 0 0 0 0 0 0 0 0 0 0 0 0 0 0 0 0 0 0 0 0 0 0 0 0 0 0 0 0 0 0 0 0 1 0 0 0 0 0 0 0 0 0 0 0 0 0 0 0 0 0 0 0 0 0 0 0 0 0 0 0 0 0 0 0 0 0 0]
[4651183813763919969177304888197060007679047074441843231328116169182716198944452470807861053502447715600388173020124202941555367533977066827472785989604590119640104315000569745842299937218948288836527745796136021872765912043062258073921132862841710562912035232111297119208349027743758119 0 0 0 0 0 0 0 0 0 0 0 0 0 0 0 0 0 0 0 0 0 0 0 0 0 0 0 0 0 0 0 0 0 0 0 0 0 0 0 0 0 0 0 0 0 0 0 0 0 0 0 0 0 0 0 0 0 0 0 0 1 0 0 0 0 0 0 0 0 0 0 0 0 0 0 0 0 0 0 0 0 0 0 0 0 0 0 0 0 0 0 0 0 0]
[1720784001267980320879661713607943076421065734269501569468645534476033019953290204453436015281236773938641486043977051787060319599755174838905676229445659892065526148356490929645866006009194796401820689640435081823044215168232326135602478278574934075163314096259575334710562808770254252 0 0 0 0 0 0 0 0 0 0 0 0 0 0 0 0 0 0 0 0 0 0 0 0 0 0 0 0 0 0 0 0 0 0 0 0 0 0 0 0 0 0 0 0 0 0 0 0 0 0 0 0 0 0 0 0 0 0 0 0 0 1 0 0 0 0 0 0 0 0 0 0 0 0 0 0 0 0 0 0 0 0 0 0 0 0 0 0 0 0 0 0 0 0]
[1296266361463575725027554610598560307428820026699559909417635390822282732415587745156384959120604096554823023323834107688711814563562257951466883953620241755980055173799858987120869951988827230356771809868111434939819146680825312112302675548051538568129156961232778561696932365350300776 0 0 0 0 0 0 0 0 0 0 0 0 0 0 0 0 0 0 0 0 0 0 0 0 0 0 0 0 0 0 0 0 0 0 0 0 0 0 0 0 0 0 0 0 0 0 0 0 0 0 0 0 0 0 0 0 0 0 0 0 0 0 1 0 0 0 0 0 0 0 0 0 0 0 0 0 0 0 0 0 0 0 0 0 0 0 0 0 0 0 0 0 0 0]
[3370594839085296194347409637590032785824150370009193382761630551588365900935302580874543296256649669811557814850730262962543569016545132287246031866455532975244694702331034563866086113518256307777516828454279678195617585211359992164838115940914860789585983795885881692973951353232211246 0 0 0 0 0 0 0 0 0 0 0 0 0 0 0 0 0 0 0 0 0 0 0 0 0 0 0 0 0 0 0 0 0 0 0 0 0 0 0 0 0 0 0 0 0 0 0 0 0 0 0 0 0 0 0 0 0 0 0 0 0 0 0 1 0 0 0 0 0 0 0 0 0 0 0 0 0 0 0 0 0 0 0 0 0 0 0 0 0 0 0 0 0 0]
[726539961860687900987102709420229156202792996149074674882237681542750006742784453949325857568906416003730030120007059266074577956307897231088679188120302365347103238113628320473883652970021322993873140384438212931782561006983645468113724838026988994258613902139197170169740932504103782 0 0 0 0 0 0 0 0 0 0 0 0 0 0 0 0 0 0 0 0 0 0 0 0 0 0 0 0 0 0 0 0 0 0 0 0 0 0 0 0 0 0 0 0 0 0 0 0 0 0 0 0 0 0 0 0 0 0 0 0 0 0 0 0 1 0 0 0 0 0 0 0 0 0 0 0 0 0 0 0 0 0 0 0 0 0 0 0 0 0 0 0 0 0]
[1796844028651671451470777724647788550374742953416054466516064255149517475394796237826059251437256496048312012257859892397618260952913410849183214103862094765961810737751369442349065179228842108441793915339404069620255187934940762864646563207774904642009556526126198659316035930306786574 0 0 0 0 0 0 0 0 0 0 0 0 0 0 0 0 0 0 0 0 0 0 0 0 0 0 0 0 0 0 0 0 0 0 0 0 0 0 0 0 0 0 0 0 0 0 0 0 0 0 0 0 0 0 0 0 0 0 0 0 0 0 0 0 0 1 0 0 0 0 0 0 0 0 0 0 0 0 0 0 0 0 0 0 0 0 0 0 0 0 0 0 0 0]
[2964537283869897437719728330533786615497124067051124187430095922084965412890812772982806288406375845716169450890132126711320693987058026552718049020528861646619308792739855471778157310211309670905992561660362389105674504471151264229501699981199565359962817288780489138462501246746990827 0 0 0 0 0 0 0 0 0 0 0 0 0 0 0 0 0 0 0 0 0 0 0 0 0 0 0 0 0 0 0 0 0 0 0 0 0 0 0 0 0 0 0 0 0 0 0 0 0 0 0 0 0 0 0 0 0 0 0 0 0 0 0 0 0 0 1 0 0 0 0 0 0 0 0 0 0 0 0 0 0 0 0 0 0 0 0 0 0 0 0 0 0 0]
[949023584587797708988789724823713725184671461602679139953906679252604185440415515939925130496976305896507999932432312182705923965759464571561825436585421584239285957752436304947411643762191456964333020596130274235545990422486971473614285532540238578564682640030811344262325719828951459 0 0 0 0 0 0 0 0 0 0 0 0 0 0 0 0 0 0 0 0 0 0 0 0 0 0 0 0 0 0 0 0 0 0 0 0 0 0 0 0 0 0 0 0 0 0 0 0 0 0 0 0 0 0 0 0 0 0 0 0 0 0 0 0 0 0 0 1 0 0 0 0 0 0 0 0 0 0 0 0 0 0 0 0 0 0 0 0 0 0 0 0 0 0]
[1307233584849333903420943794339686837805430009815209468719023495573467341895816512672352321108829808479731397241017500158198280679785604628834786550236991511619193622792499021207790318786235828613777922950853091592758723956773829135258128588361201059001956516125577793185566565704570836 0 0 0 0 0 0 0 0 0 0 0 0 0 0 0 0 0 0 0 0 0 0 0 0 0 0 0 0 0 0 0 0 0 0 0 0 0 0 0 0 0 0 0 0 0 0 0 0 0 0 0 0 0 0 0 0 0 0 0 0 0 0 0 0 0 0 0 0 1 0 0 0 0 0 0 0 0 0 0 0 0 0 0 0 0 0 0 0 0 0 0 0 0 0]
[999900594079750354712514349920420569340528245484978079693933525526314180027009714913767797100564419678740838057016853307202059334161824482727670799737729776187491172800285138547002039365545379722321042938373773790320859424224113585733125796481878664382157808305119340562141223138941451 0 0 0 0 0 0 0 0 0 0 0 0 0 0 0 0 0 0 0 0 0 0 0 0 0 0 0 0 0 0 0 0 0 0 0 0 0 0 0 0 0 0 0 0 0 0 0 0 0 0 0 0 0 0 0 0 0 0 0 0 0 0 0 0 0 0 0 0 0 1 0 0 0 0 0 0 0 0 0 0 0 0 0 0 0 0 0 0 0 0 0 0 0 0]
[3178126515966049978691714057881984449314862697454426513674788797491110649866005296026157806730555069031742523403647214766845440808880714840601039424050828616299591684447265163349945490985888710102943935242616177896086139045066088956080109418992832848304362894831817382935132220947221881 0 0 0 0 0 0 0 0 0 0 0 0 0 0 0 0 0 0 0 0 0 0 0 0 0 0 0 0 0 0 0 0 0 0 0 0 0 0 0 0 0 0 0 0 0 0 0 0 0 0 0 0 0 0 0 0 0 0 0 0 0 0 0 0 0 0 0 0 0 0 1 0 0 0 0 0 0 0 0 0 0 0 0 0 0 0 0 0 0 0 0 0 0 0]
[4716218890484044048228684446035061270295064754792163180046236195141986039587341339253156093509625691448328141692263353102169727462888489494592582326351143925693902226642686636290624280444517743969380612683396796478962375735001847150152459517729012980403920205827170831983804555835960656 0 0 0 0 0 0 0 0 0 0 0 0 0 0 0 0 0 0 0 0 0 0 0 0 0 0 0 0 0 0 0 0 0 0 0 0 0 0 0 0 0 0 0 0 0 0 0 0 0 0 0 0 0 0 0 0 0 0 0 0 0 0 0 0 0 0 0 0 0 0 0 1 0 0 0 0 0 0 0 0 0 0 0 0 0 0 0 0 0 0 0 0 0 0]
[195805826578995861841973204597254217387809488739977097323705348744425110952699967363646987093103202703509433107933784133724762547835771014191460526061809043898322281919169439732726084565409585926045615296038772500076343708362954773418341517692701252576671041760644694473952289422594237 0 0 0 0 0 0 0 0 0 0 0 0 0 0 0 0 0 0 0 0 0 0 0 0 0 0 0 0 0 0 0 0 0 0 0 0 0 0 0 0 0 0 0 0 0 0 0 0 0 0 0 0 0 0 0 0 0 0 0 0 0 0 0 0 0 0 0 0 0 0 0 0 1 0 0 0 0 0 0 0 0 0 0 0 0 0 0 0 0 0 0 0 0 0]
[677294015680514903962101253425545099389010012474854586373002868635507577322896319690096872846041858221316818936515053070144199048436262656931866079451041508082554958075264738312340653083867096723658220562893276545729846150240633716293270375236562115943228387943415158660803904867868148 0 0 0 0 0 0 0 0 0 0 0 0 0 0 0 0 0 0 0 0 0 0 0 0 0 0 0 0 0 0 0 0 0 0 0 0 0 0 0 0 0 0 0 0 0 0 0 0 0 0 0 0 0 0 0 0 0 0 0 0 0 0 0 0 0 0 0 0 0 0 0 0 0 1 0 0 0 0 0 0 0 0 0 0 0 0 0 0 0 0 0 0 0 0]
[638099131532719167054738408637252164069093141083017144473244885287268846130314263011359443736109044120246482662477112577516546301587446375808358980873693873617537842512307532129586779264904170032165421790116721770342281094530345700817974584326912352186007780469017029866398671613341583 0 0 0 0 0 0 0 0 0 0 0 0 0 0 0 0 0 0 0 0 0 0 0 0 0 0 0 0 0 0 0 0 0 0 0 0 0 0 0 0 0 0 0 0 0 0 0 0 0 0 0 0 0 0 0 0 0 0 0 0 0 0 0 0 0 0 0 0 0 0 0 0 0 0 1 0 0 0 0 0 0 0 0 0 0 0 0 0 0 0 0 0 0 0]
[2931523467834778128858903573167037189101158036891447183090635997384440295921128998469970434866174346099817832726667748129572250139585902346996146498396751881664461258315005914694919851120669709896735734617926796749448917464819275386276928063260585650663926713465100094946002654499871520 0 0 0 0 0 0 0 0 0 0 0 0 0 0 0 0 0 0 0 0 0 0 0 0 0 0 0 0 0 0 0 0 0 0 0 0 0 0 0 0 0 0 0 0 0 0 0 0 0 0 0 0 0 0 0 0 0 0 0 0 0 0 0 0 0 0 0 0 0 0 0 0 0 0 0 1 0 0 0 0 0 0 0 0 0 0 0 0 0 0 0 0 0 0]
[847535576956375487392006112852914635267248336915140066263849959886305833503423320264366130683461112634438898046112621331381515335571016035261671737123051966410148017863219446952884977998046553863438412198875874924229916378892545295123113663100816958304021762734299270888843581349450297 0 0 0 0 0 0 0 0 0 0 0 0 0 0 0 0 0 0 0 0 0 0 0 0 0 0 0 0 0 0 0 0 0 0 0 0 0 0 0 0 0 0 0 0 0 0 0 0 0 0 0 0 0 0 0 0 0 0 0 0 0 0 0 0 0 0 0 0 0 0 0 0 0 0 0 0 1 0 0 0 0 0 0 0 0 0 0 0 0 0 0 0 0 0]
[2021736409785611097122884380509593097500225454061327394759208722915552060563123650963581630999358784941606970419013468150380286680146967687952607103563453117400960372621543175313349103268905816624286316689837631191920524674308634817807151962681051374684716718913575387590199796174239904 0 0 0 0 0 0 0 0 0 0 0 0 0 0 0 0 0 0 0 0 0 0 0 0 0 0 0 0 0 0 0 0 0 0 0 0 0 0 0 0 0 0 0 0 0 0 0 0 0 0 0 0 0 0 0 0 0 0 0 0 0 0 0 0 0 0 0 0 0 0 0 0 0 0 0 0 0 1 0 0 0 0 0 0 0 0 0 0 0 0 0 0 0 0]
[576728332021695895340021921470594277714006679529355307613030394340082909507754836471216794253371650469866792255244943737856933533177964465768384811795078282933696903244762614403561718373517533645855416552264443542020638878849528765195313712036449481751301606803016963899728105936105232 0 0 0 0 0 0 0 0 0 0 0 0 0 0 0 0 0 0 0 0 0 0 0 0 0 0 0 0 0 0 0 0 0 0 0 0 0 0 0 0 0 0 0 0 0 0 0 0 0 0 0 0 0 0 0 0 0 0 0 0 0 0 0 0 0 0 0 0 0 0 0 0 0 0 0 0 0 0 1 0 0 0 0 0 0 0 0 0 0 0 0 0 0 0]
[2731812844494718602705588374956746031037585071224061537095710485545415753410194693088819335414884436624477475913145536812649597227986526225819782951446886351563334275988699657911082509582731928229184061981707102154461132718720589977834261358644165485642097338460920278747638259991929163 0 0 0 0 0 0 0 0 0 0 0 0 0 0 0 0 0 0 0 0 0 0 0 0 0 0 0 0 0 0 0 0 0 0 0 0 0 0 0 0 0 0 0 0 0 0 0 0 0 0 0 0 0 0 0 0 0 0 0 0 0 0 0 0 0 0 0 0 0 0 0 0 0 0 0 0 0 0 0 1 0 0 0 0 0 0 0 0 0 0 0 0 0 0]
[2028287603478362740954577328924403070005227963312909737448447171343520065407831330599667460400729774199930623788088009561761361949470677157585856685627583679396134609729369957631728595456934578007234475294099760145276176004720963827499574002080044407939476662488501457113889455909331737 0 0 0 0 0 0 0 0 0 0 0 0 0 0 0 0 0 0 0 0 0 0 0 0 0 0 0 0 0 0 0 0 0 0 0 0 0 0 0 0 0 0 0 0 0 0 0 0 0 0 0 0 0 0 0 0 0 0 0 0 0 0 0 0 0 0 0 0 0 0 0 0 0 0 0 0 0 0 0 0 1 0 0 0 0 0 0 0 0 0 0 0 0 0]
[3545681275284557035197552074506587903385773912999650053078857138001218612530305420072275730391471927619420772263322865281904193204405331229469263925907267097293356723916393961301940561624676905220788138374288456695025028087636432586772939672799424134908044915321176070945203550887434809 0 0 0 0 0 0 0 0 0 0 0 0 0 0 0 0 0 0 0 0 0 0 0 0 0 0 0 0 0 0 0 0 0 0 0 0 0 0 0 0 0 0 0 0 0 0 0 0 0 0 0 0 0 0 0 0 0 0 0 0 0 0 0 0 0 0 0 0 0 0 0 0 0 0 0 0 0 0 0 0 0 1 0 0 0 0 0 0 0 0 0 0 0 0]
[1381397781320760968605057626764401403334291105328795840051757905185960691139726977084864596514403285402617739875730658271981029447569240830534129563428881308630568399905605935534753887035359058175926116497024571919852167015372768215472377928646483713747641089289183021483478185676432926 0 0 0 0 0 0 0 0 0 0 0 0 0 0 0 0 0 0 0 0 0 0 0 0 0 0 0 0 0 0 0 0 0 0 0 0 0 0 0 0 0 0 0 0 0 0 0 0 0 0 0 0 0 0 0 0 0 0 0 0 0 0 0 0 0 0 0 0 0 0 0 0 0 0 0 0 0 0 0 0 0 0 1 0 0 0 0 0 0 0 0 0 0 0]
[1824262285487693368684297455067348315633965080801185116789514243573938326218312836958046719796093607756322005492195230929752696258660431365382491608807296078481442969956838964493120505171339918852838025508282560933685334489427089218403195794288016387402026331032993063467386830751937724 0 0 0 0 0 0 0 0 0 0 0 0 0 0 0 0 0 0 0 0 0 0 0 0 0 0 0 0 0 0 0 0 0 0 0 0 0 0 0 0 0 0 0 0 0 0 0 0 0 0 0 0 0 0 0 0 0 0 0 0 0 0 0 0 0 0 0 0 0 0 0 0 0 0 0 0 0 0 0 0 0 0 0 1 0 0 0 0 0 0 0 0 0 0]
[3422648902448061140692083932425596253754661128510037751589673468712833265421952544811839107917212734693697726868746405268278920979765907879267341206098051979825473276141227368992185632001677921329992508248440054035833717121134523351815783421311415044577139294587177536723182452722968095 0 0 0 0 0 0 0 0 0 0 0 0 0 0 0 0 0 0 0 0 0 0 0 0 0 0 0 0 0 0 0 0 0 0 0 0 0 0 0 0 0 0 0 0 0 0 0 0 0 0 0 0 0 0 0 0 0 0 0 0 0 0 0 0 0 0 0 0 0 0 0 0 0 0 0 0 0 0 0 0 0 0 0 0 1 0 0 0 0 0 0 0 0 0]
[2383063473953978342933469927048663174505734774837159993148992718257055478587519962501143675204925487176383200124182589236882039297607986228015791399108447241788628877763910240039528602184478792784247253907185373641283947494462956108470299166916462143857509415656268293220878355185706574 0 0 0 0 0 0 0 0 0 0 0 0 0 0 0 0 0 0 0 0 0 0 0 0 0 0 0 0 0 0 0 0 0 0 0 0 0 0 0 0 0 0 0 0 0 0 0 0 0 0 0 0 0 0 0 0 0 0 0 0 0 0 0 0 0 0 0 0 0 0 0 0 0 0 0 0 0 0 0 0 0 0 0 0 0 1 0 0 0 0 0 0 0 0]
[4488374341926042823904890702351752323637841986702392871160847474553428908629082088692041340614181778038372175827010742580512752180799737765053875072988935950940707195906665804855867956726855995870219824748548795473826683483442160472259927603526825736095458915252835660045773143797855245 0 0 0 0 0 0 0 0 0 0 0 0 0 0 0 0 0 0 0 0 0 0 0 0 0 0 0 0 0 0 0 0 0 0 0 0 0 0 0 0 0 0 0 0 0 0 0 0 0 0 0 0 0 0 0 0 0 0 0 0 0 0 0 0 0 0 0 0 0 0 0 0 0 0 0 0 0 0 0 0 0 0 0 0 0 0 1 0 0 0 0 0 0 0]
[4717566264821331379000413121743134456335947845576992626417827839933186208159380061883020409238389007765369329091855931127027326521677206346506102460837573949259596094786367242015652131496256225861401206570556805023135575459171732367229123274364834934780798048319874044743401667236804220 0 0 0 0 0 0 0 0 0 0 0 0 0 0 0 0 0 0 0 0 0 0 0 0 0 0 0 0 0 0 0 0 0 0 0 0 0 0 0 0 0 0 0 0 0 0 0 0 0 0 0 0 0 0 0 0 0 0 0 0 0 0 0 0 0 0 0 0 0 0 0 0 0 0 0 0 0 0 0 0 0 0 0 0 0 0 0 1 0 0 0 0 0 0]
[2478317707882784976009293233740665423370535667603726813597223998342620881062554992185409108734016295188498664567842306987770910049026431934623573294095994129488707100488180401301468374024440564394401194443158341280892342232937506217709204876542931296938796940533497696333855936796442983 0 0 0 0 0 0 0 0 0 0 0 0 0 0 0 0 0 0 0 0 0 0 0 0 0 0 0 0 0 0 0 0 0 0 0 0 0 0 0 0 0 0 0 0 0 0 0 0 0 0 0 0 0 0 0 0 0 0 0 0 0 0 0 0 0 0 0 0 0 0 0 0 0 0 0 0 0 0 0 0 0 0 0 0 0 0 0 0 1 0 0 0 0 0]
[503265532115311657280615715957449712066108594292220912886151686311589088469944567481328186261125076636258266341594547855372017480788474354690738054166752473463639334347449746499466118194218407106903046279644827787329087600666305521685631271838067351433055370570267193472500503931077454 0 0 0 0 0 0 0 0 0 0 0 0 0 0 0 0 0 0 0 0 0 0 0 0 0 0 0 0 0 0 0 0 0 0 0 0 0 0 0 0 0 0 0 0 0 0 0 0 0 0 0 0 0 0 0 0 0 0 0 0 0 0 0 0 0 0 0 0 0 0 0 0 0 0 0 0 0 0 0 0 0 0 0 0 0 0 0 0 0 1 0 0 0 0]
[2335086723172967850982909310239199956573750151192859892660871808782190370873741153346712569107965822647480652801931260507072968925911346720850129897180461077738872568734330178639196775499289953659607317078113589947649273555503787698604268808537256487662809413815582344477790655831089382 0 0 0 0 0 0 0 0 0 0 0 0 0 0 0 0 0 0 0 0 0 0 0 0 0 0 0 0 0 0 0 0 0 0 0 0 0 0 0 0 0 0 0 0 0 0 0 0 0 0 0 0 0 0 0 0 0 0 0 0 0 0 0 0 0 0 0 0 0 0 0 0 0 0 0 0 0 0 0 0 0 0 0 0 0 0 0 0 0 0 1 0 0 0]
[1137546235489643551480197914599225197176818468252485776114905509010990088504178291943356087731063940866658652098841029198243640715704599782011564715368285176776095465632247549522290825505062938405555921815966906458134589732043711381863001095652301161499078250747225912959473636899171541 0 0 0 0 0 0 0 0 0 0 0 0 0 0 0 0 0 0 0 0 0 0 0 0 0 0 0 0 0 0 0 0 0 0 0 0 0 0 0 0 0 0 0 0 0 0 0 0 0 0 0 0 0 0 0 0 0 0 0 0 0 0 0 0 0 0 0 0 0 0 0 0 0 0 0 0 0 0 0 0 0 0 0 0 0 0 0 0 0 0 0 1 0 0]
[3545943496837963610617220505972892230033375238567743636240324329888581854104461625773768252270332807767702362193962308472163891598840104743683360126332571449456640845831629025784352909551867953285590892900275823409268292719620997517369118441453344680169774965512725836350692810592862876 0 0 0 0 0 0 0 0 0 0 0 0 0 0 0 0 0 0 0 0 0 0 0 0 0 0 0 0 0 0 0 0 0 0 0 0 0 0 0 0 0 0 0 0 0 0 0 0 0 0 0 0 0 0 0 0 0 0 0 0 0 0 0 0 0 0 0 0 0 0 0 0 0 0 0 0 0 0 0 0 0 0 0 0 0 0 0 0 0 0 0 0 1 0]
[1930420805711899897731157516597958038521059872197141169751393800597515958087130619413472529971239254695673474775288076394777731308535949684574254420601962459940102890546445754458145445825222975010344525120203603180998767538418242506391523597849294361589274079851329786193118080798363000 0 0 0 0 0 0 0 0 0 0 0 0 0 0 0 0 0 0 0 0 0 0 0 0 0 0 0 0 0 0 0 0 0 0 0 0 0 0 0 0 0 0 0 0 0 0 0 0 0 0 0 0 0 0 0 0 0 0 0 0 0 0 0 0 0 0 0 0 0 0 0 0 0 0 0 0 0 0 0 0 0 0 0 0 0 0 0 0 0 0 0 0 0 1]
]
