[[4127316562905774974859648900557446233309389780916931198980047513592048267566845604300771090285174736260734992034585916022245980531158263248822492827598794316348804567264595724256348240796308915250122254049 0 0 0 0 0 0 0 0 0 0 0 0 0 0 0 0 0 0 0 0 0 0 0 0 0 0 0 0 0 0 0 0 0 0 0 0 0 0 0 0 0 0 0 0 0 0 0 0 0 0 0 0 0 0 0 0 0 0 0 0 0 0 0 0 0 0 0]
[3539043477031100592793874844146351808683564791487386643381520052300568256652881396308566498138926122877106986552354237683454620570769914118835647357176892444704197824687115812973066089604440437400712688838 1 0 0 0 0 0 0 0 0 0 0 0 0 0 0 0 0 0 0 0 0 0 0 0 0 0 0 0 0 0 0 0 0 0 0 0 0 0 0 0 0 0 0 0 0 0 0 0 0 0 0 0 0 0 0 0 0 0 0 0 0 0 0 0 0 0 0]
[3702883099511126679170149372297687494439644684269495979498899665399035688959639706427896585246226233815699617443453819809794877400360009707077425219153974097373046203211593937044036713567642247762448376082 0 1 0 0 0 0 0 0 0 0 0 0 0 0 0 0 0 0 0 0 0 0 0 0 0 0 0 0 0 0 0 0 0 0 0 0 0 0 0 0 0 0 0 0 0 0 0 0 0 0 0 0 0 0 0 0 0 0 0 0 0 0 0 0 0 0 0]
[711990004860893775671938748702349367193903955337488369632551887453365226736725081704207537194517984020615339363296447152216920274629686077138319011156746505579053460022855787093302876214259415976365083081 0 0 1 0 0 0 0 0 0 0 0 0 0 0 0 0 0 0 0 0 0 0 0 0 0 0 0 0 0 0 0 0 0 0 0 0 0 0 0 0 0 0 0 0 0 0 0 0 0 0 0 0 0 0 0 0 0 0 0 0 0 0 0 0 0 0 0]
[389494256835887138992583181224316098864013829757557399230440850930154011335077453773218669399281530041126926486754864041098554272593872677713327313151955018290951406476104727762867740673497763878274146981 0 0 0 1 0 0 0 0 0 0 0 0 0 0 0 0 0 0 0 0 0 0 0 0 0 0 0 0 0 0 0 0 0 0 0 0 0 0 0 0 0 0 0 0 0 0 0 0 0 0 0 0 0 0 0 0 0 0 0 0 0 0 0 0 0 0 0]
[815192149342028612304682151451150497640760231141865077503014059274595910464817910947145305210564192751789354351600680553007739319605734921847500485107380473564930957853472634857905766122044661886801446639 0 0 0 0 1 0 0 0 0 0 0 0 0 0 0 0 0 0 0 0 0 0 0 0 0 0 0 0 0 0 0 0 0 0 0 0 0 0 0 0 0 0 0 0 0 0 0 0 0 0 0 0 0 0 0 0 0 0 0 0 0 0 0 0 0 0 0]
[2228665360785876408808922518078902132712862473857491129928276207425742295409457941049904813552907082425050796768835825656487079850096387394347582495480397968266936300811267673718278108457142542623657226214 0 0 0 0 0 1 0 0 0 0 0 0 0 0 0 0 0 0 0 0 0 0 0 0 0 0 0 0 0 0 0 0 0 0 0 0 0 0 0 0 0 0 0 0 0 0 0 0 0 0 0 0 0 0 0 0 0 0 0 0 0 0 0 0 0 0 0]
[1205137882637165118236955940203193769853680088809443585897953180927710728315700204706177566862766913020875164960779826196815292036979207194174822902506121323156179087062331144835542378156417396687716471207 0 0 0 0 0 0 1 0 0 0 0 0 0 0 0 0 0 0 0 0 0 0 0 0 0 0 0 0 0 0 0 0 0 0 0 0 0 0 0 0 0 0 0 0 0 0 0 0 0 0 0 0 0 0 0 0 0 0 0 0 0 0 0 0 0 0 0]
[3836652458089562544160474858972241013995920003810798643985825187699378165266568295610243161374877251545805579795647557636659787546811557589299070276426375484973014448234869526737775743466645348392479002013 0 0 0 0 0 0 0 1 0 0 0 0 0 0 0 0 0 0 0 0 0 0 0 0 0 0 0 0 0 0 0 0 0 0 0 0 0 0 0 0 0 0 0 0 0 0 0 0 0 0 0 0 0 0 0 0 0 0 0 0 0 0 0 0 0 0 0]
[2602095439338714248654240093943222831647843191303359037747685363370731505123529687230642827081507120069397276550117471744424963229346313014081099427591551937019664617278321131864851362425964118589965633075 0 0 0 0 0 0 0 0 1 0 0 0 0 0 0 0 0 0 0 0 0 0 0 0 0 0 0 0 0 0 0 0 0 0 0 0 0 0 0 0 0 0 0 0 0 0 0 0 0 0 0 0 0 0 0 0 0 0 0 0 0 0 0 0 0 0 0]
[3568889878230463223320536146131627455230470906259723780190795353502204085477238691427699921200700323335348906090163752015138588161195170960834259112119930287226010759071766408355460126791601360766510124421 0 0 0 0 0 0 0 0 0 1 0 0 0 0 0 0 0 0 0 0 0 0 0 0 0 0 0 0 0 0 0 0 0 0 0 0 0 0 0 0 0 0 0 0 0 0 0 0 0 0 0 0 0 0 0 0 0 0 0 0 0 0 0 0 0 0 0]
[1161882902055281078066488205604183286994399425732848004051591447922034419158759745366468437609204263576780517496439862253304203730024800045272389493934770467266917284486532094550542332037260027281530143793 0 0 0 0 0 0 0 0 0 0 1 0 0 0 0 0 0 0 0 0 0 0 0 0 0 0 0 0 0 0 0 0 0 0 0 0 0 0 0 0 0 0 0 0 0 0 0 0 0 0 0 0 0 0 0 0 0 0 0 0 0 0 0 0 0 0 0]
[1215128997855169531150701598019750573713233362672679301683288463958638161400801086755871539695348573395168248826148783700385740601839375827953405534009837843074243905770707250945799706213426900487853977698 0 0 0 0 0 0 0 0 0 0 0 1 0 0 0 0 0 0 0 0 0 0 0 0 0 0 0 0 0 0 0 0 0 0 0 0 0 0 0 0 0 0 0 0 0 0 0 0 0 0 0 0 0 0 0 0 0 0 0 0 0 0 0 0 0 0 0]
[1714202058335145892785222660350446735824598986250211785856453753344703249745578073880661848694463697691096864668134668906183946037195795336700364521683396761876969024632811630207611262081669776573143641236 0 0 0 0 0 0 0 0 0 0 0 0 1 0 0 0 0 0 0 0 0 0 0 0 0 0 0 0 0 0 0 0 0 0 0 0 0 0 0 0 0 0 0 0 0 0 0 0 0 0 0 0 0 0 0 0 0 0 0 0 0 0 0 0 0 0 0]
[1276356177995628762013347011136385547706899041643216949766512333480295117360116789261103074215597483546532541525438967531665743806862993197580178590798783947184321160617285805175035064569160809754755155825 0 0 0 0 0 0 0 0 0 0 0 0 0 1 0 0 0 0 0 0 0 0 0 0 0 0 0 0 0 0 0 0 0 0 0 0 0 0 0 0 0 0 0 0 0 0 0 0 0 0 0 0 0 0 0 0 0 0 0 0 0 0 0 0 0 0 0]
[349881650075818081877271877950330148329647890544875026751312215460681100558939792614533152617203228095494958828033778530364988061940558249390684619128221798859482141655935704626882208896307994475882564861 0 0 0 0 0 0 0 0 0 0 0 0 0 0 1 0 0 0 0 0 0 0 0 0 0 0 0 0 0 0 0 0 0 0 0 0 0 0 0 0 0 0 0 0 0 0 0 0 0 0 0 0 0 0 0 0 0 0 0 0 0 0 0 0 0 0 0]
[392148343703141194092967569605951416967799696002541771286328232958832479268106210653321618492572920700586526156665409055699416402240716298566852172781751822199553794437525097191596433967202228359131923341 0 0 0 0 0 0 0 0 0 0 0 0 0 0 0 1 0 0 0 0 0 0 0 0 0 0 0 0 0 0 0 0 0 0 0 0 0 0 0 0 0 0 0 0 0 0 0 0 0 0 0 0 0 0 0 0 0 0 0 0 0 0 0 0 0 0 0]
[252977170586325449463554174419996909551871064128043537819101936077194214130114178552478778660213759870357105960704473909398866572425752599911887214922851973946471353396538558542390667833161008087845647800 0 0 0 0 0 0 0 0 0 0 0 0 0 0 0 0 1 0 0 0 0 0 0 0 0 0 0 0 0 0 0 0 0 0 0 0 0 0 0 0 0 0 0 0 0 0 0 0 0 0 0 0 0 0 0 0 0 0 0 0 0 0 0 0 0 0 0]
[1167262649246895390802985031066831821217993557370451034229567758267893036728173517338045421771675345938536490689926331071266478503738981302721501453819809918501043764898323866423971197071530174081413094396 0 0 0 0 0 0 0 0 0 0 0 0 0 0 0 0 0 1 0 0 0 0 0 0 0 0 0 0 0 0 0 0 0 0 0 0 0 0 0 0 0 0 0 0 0 0 0 0 0 0 0 0 0 0 0 0 0 0 0 0 0 0 0 0 0 0 0]
[2615220943272593702187361815592040499944229162856954545752297483627323912548402559382963074020888567003635400840558275258923960055373783520270696181584733938355930643481437995375232182356303870464952029733 0 0 0 0 0 0 0 0 0 0 0 0 0 0 0 0 0 0 1 0 0 0 0 0 0 0 0 0 0 0 0 0 0 0 0 0 0 0 0 0 0 0 0 0 0 0 0 0 0 0 0 0 0 0 0 0 0 0 0 0 0 0 0 0 0 0 0]
[1820492699273053931849832344379662528150473078658860226824624831367361063554853985723508539745690752747008052732434110874895765471193474670736538709732017470616950770141138482306963917117651392760717168647 0 0 0 0 0 0 0 0 0 0 0 0 0 0 0 0 0 0 0 1 0 0 0 0 0 0 0 0 0 0 0 0 0 0 0 0 0 0 0 0 0 0 0 0 0 0 0 0 0 0 0 0 0 0 0 0 0 0 0 0 0 0 0 0 0 0 0]
[2632240338341991629852054595962913486499813709564128357721708706874494553881880246091213810614930781054182676299174759641226525688767990130875258379556810321984904832693631710835475422889431298077986464955 0 0 0 0 0 0 0 0 0 0 0 0 0 0 0 0 0 0 0 0 1 0 0 0 0 0 0 0 0 0 0 0 0 0 0 0 0 0 0 0 0 0 0 0 0 0 0 0 0 0 0 0 0 0 0 0 0 0 0 0 0 0 0 0 0 0 0]
[679692044811603432413214343326480129712540367434737883856231482276865205428903399613757463641839864512366348592398796404934275328015336707992848226405683808082595174613799774207133261488644112535106323511 0 0 0 0 0 0 0 0 0 0 0 0 0 0 0 0 0 0 0 0 0 1 0 0 0 0 0 0 0 0 0 0 0 0 0 0 0 0 0 0 0 0 0 0 0 0 0 0 0 0 0 0 0 0 0 0 0 0 0 0 0 0 0 0 0 0 0]
[3153071173380495910494302306355479196103933279420149397500047527027140496834950106420652878288922964447554932940610006908603813363838800351561751984526729703604984464617235212690244253797360809985975554909 0 0 0 0 0 0 0 0 0 0 0 0 0 0 0 0 0 0 0 0 0 0 1 0 0 0 0 0 0 0 0 0 0 0 0 0 0 0 0 0 0 0 0 0 0 0 0 0 0 0 0 0 0 0 0 0 0 0 0 0 0 0 0 0 0 0 0]
[1580605745628223198511742682667277793208602923481132786706453932953711293223727801916332796023173450732287314497851157156516064803290334557799089448986820622513150927854865964596224752269010755952625858715 0 0 0 0 0 0 0 0 0 0 0 0 0 0 0 0 0 0 0 0 0 0 0 1 0 0 0 0 0 0 0 0 0 0 0 0 0 0 0 0 0 0 0 0 0 0 0 0 0 0 0 0 0 0 0 0 0 0 0 0 0 0 0 0 0 0 0]
[916550606260375240432847860205211503704303694474231620983129976888677722294238212578663687914514381472135424006866875879468329776040264334430597656880395333492245900131116372989661920990049194209058152397 0 0 0 0 0 0 0 0 0 0 0 0 0 0 0 0 0 0 0 0 0 0 0 0 1 0 0 0 0 0 0 0 0 0 0 0 0 0 0 0 0 0 0 0 0 0 0 0 0 0 0 0 0 0 0 0 0 0 0 0 0 0 0 0 0 0 0]
[1093431492780760994911213377894103391337368049474209338764518291922774762218794886847218586802310615807817667743851428196214798768377910978780725870715830902718429479067060316432112169890548946877368385929 0 0 0 0 0 0 0 0 0 0 0 0 0 0 0 0 0 0 0 0 0 0 0 0 0 1 0 0 0 0 0 0 0 0 0 0 0 0 0 0 0 0 0 0 0 0 0 0 0 0 0 0 0 0 0 0 0 0 0 0 0 0 0 0 0 0 0]
[1935675592861605349553691457300725293113558305598192816005378979220494794290281755241505706410998906632854586372190075324944504066369001139338684603268565282765650000363680704149012336307929306198376566999 0 0 0 0 0 0 0 0 0 0 0 0 0 0 0 0 0 0 0 0 0 0 0 0 0 0 1 0 0 0 0 0 0 0 0 0 0 0 0 0 0 0 0 0 0 0 0 0 0 0 0 0 0 0 0 0 0 0 0 0 0 0 0 0 0 0 0]
[132010753657107965943621133323763665224344276549406438220049375808011306320231570592275656310813934727424536065395127942259649166932805309617582222234528548864854584881918590503666297503833743614455528472 0 0 0 0 0 0 0 0 0 0 0 0 0 0 0 0 0 0 0 0 0 0 0 0 0 0 0 1 0 0 0 0 0 0 0 0 0 0 0 0 0 0 0 0 0 0 0 0 0 0 0 0 0 0 0 0 0 0 0 0 0 0 0 0 0 0 0]
[379576590911841321561908022970900020149945666946377334368831168857661946619973346964381017934500895201635725507560622132949648059990955011894487618188475062264682112515407648449543822108317241860098040107 0 0 0 0 0 0 0 0 0 0 0 0 0 0 0 0 0 0 0 0 0 0 0 0 0 0 0 0 1 0 0 0 0 0 0 0 0 0 0 0 0 0 0 0 0 0 0 0 0 0 0 0 0 0 0 0 0 0 0 0 0 0 0 0 0 0 0]
[1438668371328665321316945198120424289730491812759347714273825041022633893101313130793293689116754890140979008392553481965316429182180700851821434933868554589003074578365582511854752073980599049084927939097 0 0 0 0 0 0 0 0 0 0 0 0 0 0 0 0 0 0 0 0 0 0 0 0 0 0 0 0 0 1 0 0 0 0 0 0 0 0 0 0 0 0 0 0 0 0 0 0 0 0 0 0 0 0 0 0 0 0 0 0 0 0 0 0 0 0 0]
[3024940811249644572962529898186964232884206096736660898572969067920047607852463671895204495612680218032586639606680451073483471321385574970136327714087518426600164441857299855402757367034341283268929704664 0 0 0 0 0 0 0 0 0 0 0 0 0 0 0 0 0 0 0 0 0 0 0 0 0 0 0 0 0 0 1 0 0 0 0 0 0 0 0 0 0 0 0 0 0 0 0 0 0 0 0 0 0 0 0 0 0 0 0 0 0 0 0 0 0 0 0]
[1079430519142952240226122533375607811005193893917434254946344891833269179694241393527638227026615006998124829189026258749777850335263221618237936090480598591561773451909882529759743321205826219574250882442 0 0 0 0 0 0 0 0 0 0 0 0 0 0 0 0 0 0 0 0 0 0 0 0 0 0 0 0 0 0 0 1 0 0 0 0 0 0 0 0 0 0 0 0 0 0 0 0 0 0 0 0 0 0 0 0 0 0 0 0 0 0 0 0 0 0 0]
[1468859471904880339668271953037085645457585325631485046611795242970869308812553916244240994955170375378450088162697344249739142624498829206943589516091399062366170916529628783773936735534462884347989141962 0 0 0 0 0 0 0 0 0 0 0 0 0 0 0 0 0 0 0 0 0 0 0 0 0 0 0 0 0 0 0 0 1 0 0 0 0 0 0 0 0 0 0 0 0 0 0 0 0 0 0 0 0 0 0 0 0 0 0 0 0 0 0 0 0 0 0]
[439518551236833717029501163921722821695247355739892668389410268519564676708383648995805239041067858508724822215095339874186207698855247801565524380349879218017604536025681047717900245957467090281949759626 0 0 0 0 0 0 0 0 0 0 0 0 0 0 0 0 0 0 0 0 0 0 0 0 0 0 0 0 0 0 0 0 0 1 0 0 0 0 0 0 0 0 0 0 0 0 0 0 0 0 0 0 0 0 0 0 0 0 0 0 0 0 0 0 0 0 0]
[2341005765164322544664913077955147211516738202834750218796096542531120342605061708115283460074958573548662265606930067928553199032102932360416289234211655765353357508618973118761048929677630290336782074403 0 0 0 0 0 0 0 0 0 0 0 0 0 0 0 0 0 0 0 0 0 0 0 0 0 0 0 0 0 0 0 0 0 0 1 0 0 0 0 0 0 0 0 0 0 0 0 0 0 0 0 0 0 0 0 0 0 0 0 0 0 0 0 0 0 0 0]
[3423129086277123254967817512370234247100033213503540411391165710325416059128832091840459521068939785619216412457561727432243106313411347155503952219733693125603367372332451306088613567644526804306467419241 0 0 0 0 0 0 0 0 0 0 0 0 0 0 0 0 0 0 0 0 0 0 0 0 0 0 0 0 0 0 0 0 0 0 0 1 0 0 0 0 0 0 0 0 0 0 0 0 0 0 0 0 0 0 0 0 0 0 0 0 0 0 0 0 0 0 0]
[3034621980688443340124412982923466548844368001715660525366806820386251084128739247187145369977376830185978865362861038391304560468454607761298876455593255025400111689415122256125069439456701324119532700171 0 0 0 0 0 0 0 0 0 0 0 0 0 0 0 0 0 0 0 0 0 0 0 0 0 0 0 0 0 0 0 0 0 0 0 0 1 0 0 0 0 0 0 0 0 0 0 0 0 0 0 0 0 0 0 0 0 0 0 0 0 0 0 0 0 0 0]
[1537370355508042366148374965594448227712078561191160448943630318947706044457060797612027298199449231492110400467643177231790338888606427392530984541066544924352397246073378541242791909235084720707497410336 0 0 0 0 0 0 0 0 0 0 0 0 0 0 0 0 0 0 0 0 0 0 0 0 0 0 0 0 0 0 0 0 0 0 0 0 0 1 0 0 0 0 0 0 0 0 0 0 0 0 0 0 0 0 0 0 0 0 0 0 0 0 0 0 0 0 0]
[879382735504493489528608263099382128423453754866843203982492249498585630481017981485323793834260422917882033630191954165914156595036380907197348738322341686163972086887741818667115026884387647230406823161 0 0 0 0 0 0 0 0 0 0 0 0 0 0 0 0 0 0 0 0 0 0 0 0 0 0 0 0 0 0 0 0 0 0 0 0 0 0 1 0 0 0 0 0 0 0 0 0 0 0 0 0 0 0 0 0 0 0 0 0 0 0 0 0 0 0 0]
[1006303836084898183020422131975031822326850744363265447023668012708155687480443591124361795354384072559371898467105438736197179646433405028100444113384905548639757780808940367934144380987241498502895483169 0 0 0 0 0 0 0 0 0 0 0 0 0 0 0 0 0 0 0 0 0 0 0 0 0 0 0 0 0 0 0 0 0 0 0 0 0 0 0 1 0 0 0 0 0 0 0 0 0 0 0 0 0 0 0 0 0 0 0 0 0 0 0 0 0 0 0]
[2647445215592085292897525525021228280519570339830547169106319666380587160388466798382037987601903321092778812870733906612247075789634640325237864300521607537169928367428166044330181995171627503169667053612 0 0 0 0 0 0 0 0 0 0 0 0 0 0 0 0 0 0 0 0 0 0 0 0 0 0 0 0 0 0 0 0 0 0 0 0 0 0 0 0 1 0 0 0 0 0 0 0 0 0 0 0 0 0 0 0 0 0 0 0 0 0 0 0 0 0 0]
[2884426122431465185180082400885329342471501898477060324085040911854043299182475631986608818043271319851869414235525871987842554603103912786777755801861672049276801716375543792234185114521062426150978710452 0 0 0 0 0 0 0 0 0 0 0 0 0 0 0 0 0 0 0 0 0 0 0 0 0 0 0 0 0 0 0 0 0 0 0 0 0 0 0 0 0 1 0 0 0 0 0 0 0 0 0 0 0 0 0 0 0 0 0 0 0 0 0 0 0 0 0]
[1693368943777814686749558770601250262913978265588969898733696423077281431716238180490758395313644581381722642499203384326004358162205978667164066114149248130270218500873274469038860048865544365590186312040 0 0 0 0 0 0 0 0 0 0 0 0 0 0 0 0 0 0 0 0 0 0 0 0 0 0 0 0 0 0 0 0 0 0 0 0 0 0 0 0 0 0 1 0 0 0 0 0 0 0 0 0 0 0 0 0 0 0 0 0 0 0 0 0 0 0 0]
[3959101604631160990743064833077143279137833846077268407603407275100048955767735615827720500798534276343274150508532707840193659057669638966104154831970073179925152313367895727355450880177965643513102180179 0 0 0 0 0 0 0 0 0 0 0 0 0 0 0 0 0 0 0 0 0 0 0 0 0 0 0 0 0 0 0 0 0 0 0 0 0 0 0 0 0 0 0 1 0 0 0 0 0 0 0 0 0 0 0 0 0 0 0 0 0 0 0 0 0 0 0]
[3664971548857049120195062006466125406508439677379989170931898536058650153099779643311297686653580437001593274744760798476910983475857436280787434052282578948187704199036559161567985674696319707821125419718 0 0 0 0 0 0 0 0 0 0 0 0 0 0 0 0 0 0 0 0 0 0 0 0 0 0 0 0 0 0 0 0 0 0 0 0 0 0 0 0 0 0 0 0 1 0 0 0 0 0 0 0 0 0 0 0 0 0 0 0 0 0 0 0 0 0 0]
[3408791766737859520370650480896699895091882077143943229068457482169738994810669486516072291974575438501293658321279648582883360235964247617529127177238289712752103630760826428664795216428265027571011248173 0 0 0 0 0 0 0 0 0 0 0 0 0 0 0 0 0 0 0 0 0 0 0 0 0 0 0 0 0 0 0 0 0 0 0 0 0 0 0 0 0 0 0 0 0 1 0 0 0 0 0 0 0 0 0 0 0 0 0 0 0 0 0 0 0 0 0]
[2443876110512475626255854084085289025529105743403335018257434298062284126685605702653418285264599348502415232329103936558921902256323856222900440314634111509945981675946283517278760596222135169066880905967 0 0 0 0 0 0 0 0 0 0 0 0 0 0 0 0 0 0 0 0 0 0 0 0 0 0 0 0 0 0 0 0 0 0 0 0 0 0 0 0 0 0 0 0 0 0 1 0 0 0 0 0 0 0 0 0 0 0 0 0 0 0 0 0 0 0 0]
[1670058782143118700878246657844495754424927180073096697465497926085425389110839672085663213402070824063281382582825199415359177886395864894541724067869275846662632406552159704943836837624042944944975524410 0 0 0 0 0 0 0 0 0 0 0 0 0 0 0 0 0 0 0 0 0 0 0 0 0 0 0 0 0 0 0 0 0 0 0 0 0 0 0 0 0 0 0 0 0 0 0 1 0 0 0 0 0 0 0 0 0 0 0 0 0 0 0 0 0 0 0]
[1254893981823593295793202127136715909271527078104081728715789608880033884369702058459173440984261389863153515195326784338888776796172901284621457889115502561713584823701112802743850373463100353978365884737 0 0 0 0 0 0 0 0 0 0 0 0 0 0 0 0 0 0 0 0 0 0 0 0 0 0 0 0 0 0 0 0 0 0 0 0 0 0 0 0 0 0 0 0 0 0 0 0 1 0 0 0 0 0 0 0 0 0 0 0 0 0 0 0 0 0 0]
[1043976908502750233969681797065047491195725849528389196438805574186665315796456651376145109110798375583864256266534597575344724925855561102111095723005656281510647267810628579777173823341921774272993063822 0 0 0 0 0 0 0 0 0 0 0 0 0 0 0 0 0 0 0 0 0 0 0 0 0 0 0 0 0 0 0 0 0 0 0 0 0 0 0 0 0 0 0 0 0 0 0 0 0 1 0 0 0 0 0 0 0 0 0 0 0 0 0 0 0 0 0]
[1002368045612367031047703019266374677247940042056914124356894927723301050614375470802079526501400626360692471603259359145406512339633030258293177562240222626685196341491737805520123772570192611446315607729 0 0 0 0 0 0 0 0 0 0 0 0 0 0 0 0 0 0 0 0 0 0 0 0 0 0 0 0 0 0 0 0 0 0 0 0 0 0 0 0 0 0 0 0 0 0 0 0 0 0 1 0 0 0 0 0 0 0 0 0 0 0 0 0 0 0 0]
[2368565785514578524301165097504385008936672441330627339068200332909069252378318900554674530267777876401383978628591924671873560228871353923625494019966700408359745338908577788594175221898314101589199347160 0 0 0 0 0 0 0 0 0 0 0 0 0 0 0 0 0 0 0 0 0 0 0 0 0 0 0 0 0 0 0 0 0 0 0 0 0 0 0 0 0 0 0 0 0 0 0 0 0 0 0 1 0 0 0 0 0 0 0 0 0 0 0 0 0 0 0]
[996808898859799462882374689199957133928897797431177883135276370903047825690977131438674753968186646988492313548532998401213162937006433904659622333163174721350025006680818895560232976631792344267059108717 0 0 0 0 0 0 0 0 0 0 0 0 0 0 0 0 0 0 0 0 0 0 0 0 0 0 0 0 0 0 0 0 0 0 0 0 0 0 0 0 0 0 0 0 0 0 0 0 0 0 0 0 1 0 0 0 0 0 0 0 0 0 0 0 0 0 0]
[235904838584975853545384947285192292661976390062479890242861098887194751040349226071867153828532969130547093233862568014935151285469273851140350282673646049621654784476303454627371642567582391800164926390 0 0 0 0 0 0 0 0 0 0 0 0 0 0 0 0 0 0 0 0 0 0 0 0 0 0 0 0 0 0 0 0 0 0 0 0 0 0 0 0 0 0 0 0 0 0 0 0 0 0 0 0 0 1 0 0 0 0 0 0 0 0 0 0 0 0 0]
[2894701677840051392967350177215722759555060249186699222761285002275893856957442734079327464839483631778105067973976570758274928458032111937512346083177569896103876006608975742641881700053438091192256676925 0 0 0 0 0 0 0 0 0 0 0 0 0 0 0 0 0 0 0 0 0 0 0 0 0 0 0 0 0 0 0 0 0 0 0 0 0 0 0 0 0 0 0 0 0 0 0 0 0 0 0 0 0 0 1 0 0 0 0 0 0 0 0 0 0 0 0]
[492304192783735009743528317233694030384542391549065043492148692345429330158974382683923334007598208674988206218907883289995655036149408453564858982340483818931227868272783789198316293990068344462248425943 0 0 0 0 0 0 0 0 0 0 0 0 0 0 0 0 0 0 0 0 0 0 0 0 0 0 0 0 0 0 0 0 0 0 0 0 0 0 0 0 0 0 0 0 0 0 0 0 0 0 0 0 0 0 0 1 0 0 0 0 0 0 0 0 0 0 0]
[2990565620793572008536643724019928008523480624157428627219729434567965794686975396144568583104388403639613995528670765611423061343479881977266365623476486696509432139635450591154508858273884336255907245573 0 0 0 0 0 0 0 0 0 0 0 0 0 0 0 0 0 0 0 0 0 0 0 0 0 0 0 0 0 0 0 0 0 0 0 0 0 0 0 0 0 0 0 0 0 0 0 0 0 0 0 0 0 0 0 0 1 0 0 0 0 0 0 0 0 0 0]
[2915225257107102885225767176554118868820793609263764147232710163655317269974434191591036631898693182580415178099475555846134740040274934672346943381641445886922753550126956601527207379286408529865817143379 0 0 0 0 0 0 0 0 0 0 0 0 0 0 0 0 0 0 0 0 0 0 0 0 0 0 0 0 0 0 0 0 0 0 0 0 0 0 0 0 0 0 0 0 0 0 0 0 0 0 0 0 0 0 0 0 0 1 0 0 0 0 0 0 0 0 0]
[2428752475364483216349483153843613502620684142239738233431151251410681853676299862592335605919248633560564704820225772668656268320469972217459499710212080302901004638826897601965456707922755527533952823794 0 0 0 0 0 0 0 0 0 0 0 0 0 0 0 0 0 0 0 0 0 0 0 0 0 0 0 0 0 0 0 0 0 0 0 0 0 0 0 0 0 0 0 0 0 0 0 0 0 0 0 0 0 0 0 0 0 0 1 0 0 0 0 0 0 0 0]
[214388325376854709435040672471476285460905211503025187853271045065802810832060753699862403466197953668760324300494445909608461043701906231570081354497220739035967054896020970821717306928404325405336372486 0 0 0 0 0 0 0 0 0 0 0 0 0 0 0 0 0 0 0 0 0 0 0 0 0 0 0 0 0 0 0 0 0 0 0 0 0 0 0 0 0 0 0 0 0 0 0 0 0 0 0 0 0 0 0 0 0 0 0 1 0 0 0 0 0 0 0]
[1764478598745464008411083609786945100615811582059294286319771323178729416017988365123479262818629110473841883702959734080647955150419115640727933147630263654762293636132218513932493336500921760938281437917 0 0 0 0 0 0 0 0 0 0 0 0 0 0 0 0 0 0 0 0 0 0 0 0 0 0 0 0 0 0 0 0 0 0 0 0 0 0 0 0 0 0 0 0 0 0 0 0 0 0 0 0 0 0 0 0 0 0 0 0 1 0 0 0 0 0 0]
[80499372304776853694761397354144867754138611239365859393714397248286824257389131219607309094286031791449151005421927848514130726864434294472035869303087069121735902003323380256579284668724354549080756588 0 0 0 0 0 0 0 0 0 0 0 0 0 0 0 0 0 0 0 0 0 0 0 0 0 0 0 0 0 0 0 0 0 0 0 0 0 0 0 0 0 0 0 0 0 0 0 0 0 0 0 0 0 0 0 0 0 0 0 0 0 1 0 0 0 0 0]
[1625541660853314385733884117196098948155840186291688759224227475076840761648546571173153294556282655380569874030962514604494276818883204236672740209243278084400069681597948595144150412012722089919937331786 0 0 0 0 0 0 0 0 0 0 0 0 0 0 0 0 0 0 0 0 0 0 0 0 0 0 0 0 0 0 0 0 0 0 0 0 0 0 0 0 0 0 0 0 0 0 0 0 0 0 0 0 0 0 0 0 0 0 0 0 0 0 1 0 0 0 0]
[1317507965337871107335455883294509373315736041849218707426261314997919579800764161665483763372353653384484755008479555831288609499551002459490044298640540806586921035655031721677886626664099691258704119444 0 0 0 0 0 0 0 0 0 0 0 0 0 0 0 0 0 0 0 0 0 0 0 0 0 0 0 0 0 0 0 0 0 0 0 0 0 0 0 0 0 0 0 0 0 0 0 0 0 0 0 0 0 0 0 0 0 0 0 0 0 0 0 1 0 0 0]
[2305162047103164887164637980797061749333537210008089128577091291808458267619298023424467052584252665720530064403854700537007693065221525957833473602564620130840135547857783433862751458889288607146626627491 0 0 0 0 0 0 0 0 0 0 0 0 0 0 0 0 0 0 0 0 0 0 0 0 0 0 0 0 0 0 0 0 0 0 0 0 0 0 0 0 0 0 0 0 0 0 0 0 0 0 0 0 0 0 0 0 0 0 0 0 0 0 0 0 1 0 0]
[237299137472545466643889184120646237376186284902314785015822763768374484939640790924291448528755702876333089722552306274437858575805694711198472921269034010687021308132657408883275664848784148715113474641 0 0 0 0 0 0 0 0 0 0 0 0 0 0 0 0 0 0 0 0 0 0 0 0 0 0 0 0 0 0 0 0 0 0 0 0 0 0 0 0 0 0 0 0 0 0 0 0 0 0 0 0 0 0 0 0 0 0 0 0 0 0 0 0 0 1 0]
[1216889169463402498775849556486147378300379281388186397073365866163121231914079668643754970177706853884188467109181303378895918136116415147323477427778868328788257943276250794359078304614288688291829549006 0 0 0 0 0 0 0 0 0 0 0 0 0 0 0 0 0 0 0 0 0 0 0 0 0 0 0 0 0 0 0 0 0 0 0 0 0 0 0 0 0 0 0 0 0 0 0 0 0 0 0 0 0 0 0 0 0 0 0 0 0 0 0 0 0 0 1]
]
