[[5670869677605482625957264736358755680678279558676767844634328418932482377906021584005309462336716836622888319439547054449262930508187968990948714370833854840646057060421594058896009496527304040271645501475607568620522280676196334223805944743057187 0 0 0 0 0 0 0 0 0 0 0 0 0 0 0 0 0 0 0 0 0 0 0 0 0 0 0 0 0 0 0 0 0 0 0 0 0 0 0 0 0 0 0 0 0 0 0 0 0 0 0 0 0 0 0 0 0 0 0 0 0 0 0 0 0 0 0 0 0 0 0 0 0 0 0 0 0 0 0 0 0]
[5630642291764467872482128485067820397675765045439989032368395741035220704462776619766669311474808951362627884544982102402169820580976628267499757729656810261803120529948332134410237046724254756193947525059290679319182916961411595180934020236963770 1 0 0 0 0 0 0 0 0 0 0 0 0 0 0 0 0 0 0 0 0 0 0 0 0 0 0 0 0 0 0 0 0 0 0 0 0 0 0 0 0 0 0 0 0 0 0 0 0 0 0 0 0 0 0 0 0 0 0 0 0 0 0 0 0 0 0 0 0 0 0 0 0 0 0 0 0 0 0 0 0]
[3308179257260214047837408855053718493795125218351880801562237234439478987116740673847698935615980575220917470063693610899425937884130905645748535685620027801674933674084203173143669869705396707264283968793231702265756813572978958423603541121802000 0 1 0 0 0 0 0 0 0 0 0 0 0 0 0 0 0 0 0 0 0 0 0 0 0 0 0 0 0 0 0 0 0 0 0 0 0 0 0 0 0 0 0 0 0 0 0 0 0 0 0 0 0 0 0 0 0 0 0 0 0 0 0 0 0 0 0 0 0 0 0 0 0 0 0 0 0 0 0 0 0]
[3778376135993370422945326929350184781005705433494463570680596571910014295892898452810590367814162134358142823005114817684805035499243561070166558542353309061484629585965599282440325598494976601258338409286971880593464417165488211946925830020602520 0 0 1 0 0 0 0 0 0 0 0 0 0 0 0 0 0 0 0 0 0 0 0 0 0 0 0 0 0 0 0 0 0 0 0 0 0 0 0 0 0 0 0 0 0 0 0 0 0 0 0 0 0 0 0 0 0 0 0 0 0 0 0 0 0 0 0 0 0 0 0 0 0 0 0 0 0 0 0 0 0]
[4652039092395492001775476851136925030543839322013859551452635252566999235085056579274767986893136447471625503570035364323686381987936526150947570349071983771208716873491391155948737154767748200618154863230748856644555630088545543719259652959153169 0 0 0 1 0 0 0 0 0 0 0 0 0 0 0 0 0 0 0 0 0 0 0 0 0 0 0 0 0 0 0 0 0 0 0 0 0 0 0 0 0 0 0 0 0 0 0 0 0 0 0 0 0 0 0 0 0 0 0 0 0 0 0 0 0 0 0 0 0 0 0 0 0 0 0 0 0 0 0 0 0]
[4603054538209542855628118038185913002751842635002989777221941414840168442116069134980826570310399349314968816112469077627675409466922297274926582455828631566902461616847351540053316967147831814957923526741474068034164789041952060977447357142885604 0 0 0 0 1 0 0 0 0 0 0 0 0 0 0 0 0 0 0 0 0 0 0 0 0 0 0 0 0 0 0 0 0 0 0 0 0 0 0 0 0 0 0 0 0 0 0 0 0 0 0 0 0 0 0 0 0 0 0 0 0 0 0 0 0 0 0 0 0 0 0 0 0 0 0 0 0 0 0 0 0]
[1127329846497851681192738146813061894115976647819822524420848398861210831295942396430028030566840489425050001584067124841926364728002666742191125372193502731785606173908613605609283157720581940902217888084418571952910400528304176535671659339044379 0 0 0 0 0 1 0 0 0 0 0 0 0 0 0 0 0 0 0 0 0 0 0 0 0 0 0 0 0 0 0 0 0 0 0 0 0 0 0 0 0 0 0 0 0 0 0 0 0 0 0 0 0 0 0 0 0 0 0 0 0 0 0 0 0 0 0 0 0 0 0 0 0 0 0 0 0 0 0 0 0]
[1070955030815044213952890773118088745509822477978717018842641516994205123998045871464096456227777462534227114109786505317547502417519478794024609183143723474019205937275112872209229318750468442345170619125926116180454816301582871722808308845082735 0 0 0 0 0 0 1 0 0 0 0 0 0 0 0 0 0 0 0 0 0 0 0 0 0 0 0 0 0 0 0 0 0 0 0 0 0 0 0 0 0 0 0 0 0 0 0 0 0 0 0 0 0 0 0 0 0 0 0 0 0 0 0 0 0 0 0 0 0 0 0 0 0 0 0 0 0 0 0 0 0]
[4832550820300687378781679342319458201380962335967306396070507387594766472705929221895860053289022927148821607384292604466499831056727354002046818035044436729132145166054340361247902033840432871296642761908228921894157178905547208287771488983004069 0 0 0 0 0 0 0 1 0 0 0 0 0 0 0 0 0 0 0 0 0 0 0 0 0 0 0 0 0 0 0 0 0 0 0 0 0 0 0 0 0 0 0 0 0 0 0 0 0 0 0 0 0 0 0 0 0 0 0 0 0 0 0 0 0 0 0 0 0 0 0 0 0 0 0 0 0 0 0 0 0]
[5447915895724457694811012085682739950289646657455202788283694451129456590934877795761320334912201962245558780589061938592087876163743544892722184463963737888837620575499841783521522569629912963434721514504876709651937771927529077312915252791287405 0 0 0 0 0 0 0 0 1 0 0 0 0 0 0 0 0 0 0 0 0 0 0 0 0 0 0 0 0 0 0 0 0 0 0 0 0 0 0 0 0 0 0 0 0 0 0 0 0 0 0 0 0 0 0 0 0 0 0 0 0 0 0 0 0 0 0 0 0 0 0 0 0 0 0 0 0 0 0 0 0]
[4068510266547059629686761022676885640180094022940427343975903673820680119119380177723155266250890702724511910143257705972858092126788406963478425971467516222219272582331654448498744681008682269243146721006542050009380882144813313361806528288645406 0 0 0 0 0 0 0 0 0 1 0 0 0 0 0 0 0 0 0 0 0 0 0 0 0 0 0 0 0 0 0 0 0 0 0 0 0 0 0 0 0 0 0 0 0 0 0 0 0 0 0 0 0 0 0 0 0 0 0 0 0 0 0 0 0 0 0 0 0 0 0 0 0 0 0 0 0 0 0 0 0]
[3759229772243338951392731446074668632656944640531594270247307756470215822730172446644462687075977784616555552469559575343331313130499812585061519339230133040963976579965427743775068383238158046252332567485004818099050545406175455372483649569225764 0 0 0 0 0 0 0 0 0 0 1 0 0 0 0 0 0 0 0 0 0 0 0 0 0 0 0 0 0 0 0 0 0 0 0 0 0 0 0 0 0 0 0 0 0 0 0 0 0 0 0 0 0 0 0 0 0 0 0 0 0 0 0 0 0 0 0 0 0 0 0 0 0 0 0 0 0 0 0 0 0]
[2179206114623675124858230456145609785086504306935445803059312191610618739675458970675787144594292814333554575391374823340206643379923717640053195977604219453552021552471662036340665199681732487166504292398199226307661228667852128460092209270023455 0 0 0 0 0 0 0 0 0 0 0 1 0 0 0 0 0 0 0 0 0 0 0 0 0 0 0 0 0 0 0 0 0 0 0 0 0 0 0 0 0 0 0 0 0 0 0 0 0 0 0 0 0 0 0 0 0 0 0 0 0 0 0 0 0 0 0 0 0 0 0 0 0 0 0 0 0 0 0 0 0]
[5630892075500125690866446576055496547787033476245451524614559839041514758397574070895922547551856464253826471337839983304139595653113443519069381711745269597788746998319176023073488018683482693775586369580227872259777058988133592392153343317593383 0 0 0 0 0 0 0 0 0 0 0 0 1 0 0 0 0 0 0 0 0 0 0 0 0 0 0 0 0 0 0 0 0 0 0 0 0 0 0 0 0 0 0 0 0 0 0 0 0 0 0 0 0 0 0 0 0 0 0 0 0 0 0 0 0 0 0 0 0 0 0 0 0 0 0 0 0 0 0 0 0]
[2989373449403929588728013716837069491870198829549595937700828750238639948497097468360101270948918668562838937001400865025673061179333239817795193850444120899241485115199127161450862535231446762083538520441986644657102667497933078392180098468114281 0 0 0 0 0 0 0 0 0 0 0 0 0 1 0 0 0 0 0 0 0 0 0 0 0 0 0 0 0 0 0 0 0 0 0 0 0 0 0 0 0 0 0 0 0 0 0 0 0 0 0 0 0 0 0 0 0 0 0 0 0 0 0 0 0 0 0 0 0 0 0 0 0 0 0 0 0 0 0 0 0]
[2920644624582989921621588092298606691119906492317182708420507751368620056245304888344174705337520195024085011233284015193432794750422759942211353701228949595082888510459550440818556409326944192101211986041264072955515977065833407252852943851815245 0 0 0 0 0 0 0 0 0 0 0 0 0 0 1 0 0 0 0 0 0 0 0 0 0 0 0 0 0 0 0 0 0 0 0 0 0 0 0 0 0 0 0 0 0 0 0 0 0 0 0 0 0 0 0 0 0 0 0 0 0 0 0 0 0 0 0 0 0 0 0 0 0 0 0 0 0 0 0 0 0]
[1843914552967664534669875076508807497547424129064770410619836736809242154757979479728916763521651104964852805711336373584423132285184771985912962998774966239492425297516290927566598581902887017838865081120341733723045230593628689217574753952955355 0 0 0 0 0 0 0 0 0 0 0 0 0 0 0 1 0 0 0 0 0 0 0 0 0 0 0 0 0 0 0 0 0 0 0 0 0 0 0 0 0 0 0 0 0 0 0 0 0 0 0 0 0 0 0 0 0 0 0 0 0 0 0 0 0 0 0 0 0 0 0 0 0 0 0 0 0 0 0 0 0]
[4741823932040930845407452618382978854775287234081888493658411884495848857425882769767726926210120177600280408832612543087157839435460754362821032386096877338067549101558446985587994053807745926243771423106707149856961796498868701307653867242868698 0 0 0 0 0 0 0 0 0 0 0 0 0 0 0 0 1 0 0 0 0 0 0 0 0 0 0 0 0 0 0 0 0 0 0 0 0 0 0 0 0 0 0 0 0 0 0 0 0 0 0 0 0 0 0 0 0 0 0 0 0 0 0 0 0 0 0 0 0 0 0 0 0 0 0 0 0 0 0 0 0]
[1399252782225975296103595890529310226627098767200376838362688917357168204385550766099712447020584392172369505742224093422209722717424074536930527430331470799052427403190836740126546018570074661798486651437794883511671427914205210025606914907341900 0 0 0 0 0 0 0 0 0 0 0 0 0 0 0 0 0 1 0 0 0 0 0 0 0 0 0 0 0 0 0 0 0 0 0 0 0 0 0 0 0 0 0 0 0 0 0 0 0 0 0 0 0 0 0 0 0 0 0 0 0 0 0 0 0 0 0 0 0 0 0 0 0 0 0 0 0 0 0 0 0]
[4943873513426732070905166173579934164734148669867402098994976750566782718331338022261359135972725539208174076267547086224770265039644932884379364105739197618083615682200608267535019613506686538637807010034350871177203128918745317251031730944789792 0 0 0 0 0 0 0 0 0 0 0 0 0 0 0 0 0 0 1 0 0 0 0 0 0 0 0 0 0 0 0 0 0 0 0 0 0 0 0 0 0 0 0 0 0 0 0 0 0 0 0 0 0 0 0 0 0 0 0 0 0 0 0 0 0 0 0 0 0 0 0 0 0 0 0 0 0 0 0 0 0]
[736128203538663722863907692835128699398189626625528168110286126948988008783887269860612984403991788172225046784301536188976324308495845223029576344850164130530877923254138732397992869890655427589000151074856164370889818866722891412791287389292822 0 0 0 0 0 0 0 0 0 0 0 0 0 0 0 0 0 0 0 1 0 0 0 0 0 0 0 0 0 0 0 0 0 0 0 0 0 0 0 0 0 0 0 0 0 0 0 0 0 0 0 0 0 0 0 0 0 0 0 0 0 0 0 0 0 0 0 0 0 0 0 0 0 0 0 0 0 0 0 0 0]
[3506387064556927729437614528853319148593028649413897042402088327339921607111890405977033708801106942926585344514866862940213364407161990192846268055968285974015638608410356337929103077783591004921217107472953606669111108078684393147762363938958868 0 0 0 0 0 0 0 0 0 0 0 0 0 0 0 0 0 0 0 0 1 0 0 0 0 0 0 0 0 0 0 0 0 0 0 0 0 0 0 0 0 0 0 0 0 0 0 0 0 0 0 0 0 0 0 0 0 0 0 0 0 0 0 0 0 0 0 0 0 0 0 0 0 0 0 0 0 0 0 0 0]
[3268840097415195914544973803494335479489690898256960000646496703166767866291985368090054282375953174992320873090376343510425414484452347788553646632163211265994558565145554577481912227056868431378124313051557005636102531424625701893383353812830619 0 0 0 0 0 0 0 0 0 0 0 0 0 0 0 0 0 0 0 0 0 1 0 0 0 0 0 0 0 0 0 0 0 0 0 0 0 0 0 0 0 0 0 0 0 0 0 0 0 0 0 0 0 0 0 0 0 0 0 0 0 0 0 0 0 0 0 0 0 0 0 0 0 0 0 0 0 0 0 0 0]
[2868424846389594811649261905453168440615721660113351336715717763934491628528432610290675674890333889314499508168781285420921412299982388056721325781780895162178082968974980072591951392189548414210269592649359110503816883919729944375780939917366443 0 0 0 0 0 0 0 0 0 0 0 0 0 0 0 0 0 0 0 0 0 0 1 0 0 0 0 0 0 0 0 0 0 0 0 0 0 0 0 0 0 0 0 0 0 0 0 0 0 0 0 0 0 0 0 0 0 0 0 0 0 0 0 0 0 0 0 0 0 0 0 0 0 0 0 0 0 0 0 0 0]
[4533041749922577087207433030862212981988908233787577644309354288388555677644313387063526773148576861076418680788913846767795798560403731376077090246871946458194811765304395483497946162958736754389265717635827081352155628977815492430579816076584647 0 0 0 0 0 0 0 0 0 0 0 0 0 0 0 0 0 0 0 0 0 0 0 1 0 0 0 0 0 0 0 0 0 0 0 0 0 0 0 0 0 0 0 0 0 0 0 0 0 0 0 0 0 0 0 0 0 0 0 0 0 0 0 0 0 0 0 0 0 0 0 0 0 0 0 0 0 0 0 0 0]
[2129503506929845334250363030135252727321205482337226178740031963869549012288289522205302335520201011964447417509978948549236704099966799901766836436964854081108674352576596831108970209612918504615233114291788091090935020038543767046951682486254989 0 0 0 0 0 0 0 0 0 0 0 0 0 0 0 0 0 0 0 0 0 0 0 0 1 0 0 0 0 0 0 0 0 0 0 0 0 0 0 0 0 0 0 0 0 0 0 0 0 0 0 0 0 0 0 0 0 0 0 0 0 0 0 0 0 0 0 0 0 0 0 0 0 0 0 0 0 0 0 0 0]
[5292355435036439595728696847039395862473828359714243952010807813207124249878350457760333996584292822935229140490569312838139800380265631720769077190609077673023353228452984787833311088316893874674927511813714477246256270836580262724707610519321904 0 0 0 0 0 0 0 0 0 0 0 0 0 0 0 0 0 0 0 0 0 0 0 0 0 1 0 0 0 0 0 0 0 0 0 0 0 0 0 0 0 0 0 0 0 0 0 0 0 0 0 0 0 0 0 0 0 0 0 0 0 0 0 0 0 0 0 0 0 0 0 0 0 0 0 0 0 0 0 0 0]
[3048298595881029521790658174054621632471199601039342422801770611659745647831373249855205686306532934151313802276203233092712187006481917367390244666315056306735052713116722483191389232761097481908789936580674154512595762191521364671981984945813528 0 0 0 0 0 0 0 0 0 0 0 0 0 0 0 0 0 0 0 0 0 0 0 0 0 0 1 0 0 0 0 0 0 0 0 0 0 0 0 0 0 0 0 0 0 0 0 0 0 0 0 0 0 0 0 0 0 0 0 0 0 0 0 0 0 0 0 0 0 0 0 0 0 0 0 0 0 0 0 0 0]
[2370168313851549041387268376818557535338436124636228876810085261116833688141189383751798681142600428626690075858899308627971411861058018425243534418783606774013330568002570802426156541240886274948190721249143917104139700633674925274262051725126680 0 0 0 0 0 0 0 0 0 0 0 0 0 0 0 0 0 0 0 0 0 0 0 0 0 0 0 1 0 0 0 0 0 0 0 0 0 0 0 0 0 0 0 0 0 0 0 0 0 0 0 0 0 0 0 0 0 0 0 0 0 0 0 0 0 0 0 0 0 0 0 0 0 0 0 0 0 0 0 0 0]
[4627457444294915089778908563269541135749340839049106829574230249165157225898045487384494400477950918019005299383371692206189868151490854970063051092806097191836729284475269550140536347254648745493815638443735562239022363504269597964087349759780764 0 0 0 0 0 0 0 0 0 0 0 0 0 0 0 0 0 0 0 0 0 0 0 0 0 0 0 0 1 0 0 0 0 0 0 0 0 0 0 0 0 0 0 0 0 0 0 0 0 0 0 0 0 0 0 0 0 0 0 0 0 0 0 0 0 0 0 0 0 0 0 0 0 0 0 0 0 0 0 0 0]
[4732799490364886779027161851978586882033760076971309961921999969934058099348547381498625327198993407939118671261018667253910192645097588386732243356312372128744075339331986852937980420084773862380585503276750812089795529700340094288714416489327211 0 0 0 0 0 0 0 0 0 0 0 0 0 0 0 0 0 0 0 0 0 0 0 0 0 0 0 0 0 1 0 0 0 0 0 0 0 0 0 0 0 0 0 0 0 0 0 0 0 0 0 0 0 0 0 0 0 0 0 0 0 0 0 0 0 0 0 0 0 0 0 0 0 0 0 0 0 0 0 0 0]
[3760904543343974915218367749848097100974678809522804613992389242204113791376391798473232735832427073216510937776993989943975774108987780041952413764955563540552719872252120604882601163886572364327466576330337599476307321272922941685596238818439720 0 0 0 0 0 0 0 0 0 0 0 0 0 0 0 0 0 0 0 0 0 0 0 0 0 0 0 0 0 0 1 0 0 0 0 0 0 0 0 0 0 0 0 0 0 0 0 0 0 0 0 0 0 0 0 0 0 0 0 0 0 0 0 0 0 0 0 0 0 0 0 0 0 0 0 0 0 0 0 0 0]
[747722392774110738237824281668467803403697988544448392029041368805842978191660326492831605134264106382633618775061592457536737106448168731814402747547888498211900217344503582716074672503169219387423460833685293117300723020170804730360398244151506 0 0 0 0 0 0 0 0 0 0 0 0 0 0 0 0 0 0 0 0 0 0 0 0 0 0 0 0 0 0 0 1 0 0 0 0 0 0 0 0 0 0 0 0 0 0 0 0 0 0 0 0 0 0 0 0 0 0 0 0 0 0 0 0 0 0 0 0 0 0 0 0 0 0 0 0 0 0 0 0 0]
[2896441793016203240912810907100459589480761291820978595949117624687738725877561181909387978751382022616081169096675337691951774833736552619714111179403278605849197405127212566573916362047336018881599363361202869510112885246709957470546372399832341 0 0 0 0 0 0 0 0 0 0 0 0 0 0 0 0 0 0 0 0 0 0 0 0 0 0 0 0 0 0 0 0 1 0 0 0 0 0 0 0 0 0 0 0 0 0 0 0 0 0 0 0 0 0 0 0 0 0 0 0 0 0 0 0 0 0 0 0 0 0 0 0 0 0 0 0 0 0 0 0 0]
[91550168238838286182478060944328968055362064027697711307219897041101169348779575779159263279335826973552253579399215309264669598136565767338349645998153762872756481833790102783096535441951343884748074481863154378677720879332400165171394707274290 0 0 0 0 0 0 0 0 0 0 0 0 0 0 0 0 0 0 0 0 0 0 0 0 0 0 0 0 0 0 0 0 0 1 0 0 0 0 0 0 0 0 0 0 0 0 0 0 0 0 0 0 0 0 0 0 0 0 0 0 0 0 0 0 0 0 0 0 0 0 0 0 0 0 0 0 0 0 0 0 0]
[1038911274004636722527637675721724009459862765203253837961574229659674276945030983003006818504152190145045370040457173386516345655610327960933331806287343734003935113862716904770593252425770534407707787784339186786022876064699463293459085104485977 0 0 0 0 0 0 0 0 0 0 0 0 0 0 0 0 0 0 0 0 0 0 0 0 0 0 0 0 0 0 0 0 0 0 1 0 0 0 0 0 0 0 0 0 0 0 0 0 0 0 0 0 0 0 0 0 0 0 0 0 0 0 0 0 0 0 0 0 0 0 0 0 0 0 0 0 0 0 0 0 0]
[1402163070462420045964052477064755978323998022810339436138788577030418121016962310322736886862902793882387834294148707987745538474988112993676925708501300595237190179286147366738699039534160174260013341974864567012020449511270839498990212412503599 0 0 0 0 0 0 0 0 0 0 0 0 0 0 0 0 0 0 0 0 0 0 0 0 0 0 0 0 0 0 0 0 0 0 0 1 0 0 0 0 0 0 0 0 0 0 0 0 0 0 0 0 0 0 0 0 0 0 0 0 0 0 0 0 0 0 0 0 0 0 0 0 0 0 0 0 0 0 0 0 0]
[1756766290135338716380884069244014087875911267469198990775676108507788366141965818385122983231427331105975512097432727936384095434741228053833038192870053604837508187409751713456015894609521807493143893939296536411717555738438284922277468516254898 0 0 0 0 0 0 0 0 0 0 0 0 0 0 0 0 0 0 0 0 0 0 0 0 0 0 0 0 0 0 0 0 0 0 0 0 1 0 0 0 0 0 0 0 0 0 0 0 0 0 0 0 0 0 0 0 0 0 0 0 0 0 0 0 0 0 0 0 0 0 0 0 0 0 0 0 0 0 0 0 0]
[4065153159131569811385922504302402156081950570872366861154472576384777335982985966162963077518921103653908553804685677756105005030561805782345906659879975186364454010439486868419490179051347299147605428566735546428162743315273670430214310281451501 0 0 0 0 0 0 0 0 0 0 0 0 0 0 0 0 0 0 0 0 0 0 0 0 0 0 0 0 0 0 0 0 0 0 0 0 0 1 0 0 0 0 0 0 0 0 0 0 0 0 0 0 0 0 0 0 0 0 0 0 0 0 0 0 0 0 0 0 0 0 0 0 0 0 0 0 0 0 0 0 0]
[1554856603124394661437253053902728212770487058320874118386608098890659031237458670146030563929883748681620583869198584256592559331347049064624704425663177528397451588141027042763802768770436298377032523191208302763225850438872109744220232660825947 0 0 0 0 0 0 0 0 0 0 0 0 0 0 0 0 0 0 0 0 0 0 0 0 0 0 0 0 0 0 0 0 0 0 0 0 0 0 1 0 0 0 0 0 0 0 0 0 0 0 0 0 0 0 0 0 0 0 0 0 0 0 0 0 0 0 0 0 0 0 0 0 0 0 0 0 0 0 0 0 0]
[3882095210432801599312928572294829248651126409615726899221358816132176511239174219769977737646893027683256365686182793928106207133667793077383790011510497678633188785095292059999422964639642945653067698096946037757473658250403093167673445054491740 0 0 0 0 0 0 0 0 0 0 0 0 0 0 0 0 0 0 0 0 0 0 0 0 0 0 0 0 0 0 0 0 0 0 0 0 0 0 0 1 0 0 0 0 0 0 0 0 0 0 0 0 0 0 0 0 0 0 0 0 0 0 0 0 0 0 0 0 0 0 0 0 0 0 0 0 0 0 0 0 0]
[2441238244150811077528282097886713648870143383424692497422061933020788086832861825743417684598102454676416015305645654738781286738878861703499021242663532980888619219058649774173203539064879357887912908094649583464781131249717906083199924959899385 0 0 0 0 0 0 0 0 0 0 0 0 0 0 0 0 0 0 0 0 0 0 0 0 0 0 0 0 0 0 0 0 0 0 0 0 0 0 0 0 1 0 0 0 0 0 0 0 0 0 0 0 0 0 0 0 0 0 0 0 0 0 0 0 0 0 0 0 0 0 0 0 0 0 0 0 0 0 0 0 0]
[2677982107243674276257337209980782990171597969812546261225567292633415163492613531547645322261208271605360287538355617469106029550834683553608044429524249415590645112833786034704722269058945673386472367435030346841456252092106094464384950868047028 0 0 0 0 0 0 0 0 0 0 0 0 0 0 0 0 0 0 0 0 0 0 0 0 0 0 0 0 0 0 0 0 0 0 0 0 0 0 0 0 0 1 0 0 0 0 0 0 0 0 0 0 0 0 0 0 0 0 0 0 0 0 0 0 0 0 0 0 0 0 0 0 0 0 0 0 0 0 0 0 0]
[3089164122557673392352716090137168984482096691437518730097385216423991419617977559600212772460053870714024081129300822944002690048157885256721003246504725830260475552358524440537281475935676638458546977992674368301953924966867469264275135936497409 0 0 0 0 0 0 0 0 0 0 0 0 0 0 0 0 0 0 0 0 0 0 0 0 0 0 0 0 0 0 0 0 0 0 0 0 0 0 0 0 0 0 1 0 0 0 0 0 0 0 0 0 0 0 0 0 0 0 0 0 0 0 0 0 0 0 0 0 0 0 0 0 0 0 0 0 0 0 0 0 0]
[1139696308931425710311416548516947994896048322664061055622861877510225326526264948744099621149082597087141107666854236274980800978651324280437604810179877457186963965813640434781679162270587942056252502222683740507334903250551156913481703500520902 0 0 0 0 0 0 0 0 0 0 0 0 0 0 0 0 0 0 0 0 0 0 0 0 0 0 0 0 0 0 0 0 0 0 0 0 0 0 0 0 0 0 0 1 0 0 0 0 0 0 0 0 0 0 0 0 0 0 0 0 0 0 0 0 0 0 0 0 0 0 0 0 0 0 0 0 0 0 0 0 0]
[3051096278552705528557448117342366403242644903976975174917935355029843257782461282758302276069171187703955011196225166614026414094387880049876752611977646094974117613741760050367083990318376906147180972870872886112405641956898987299393225970812310 0 0 0 0 0 0 0 0 0 0 0 0 0 0 0 0 0 0 0 0 0 0 0 0 0 0 0 0 0 0 0 0 0 0 0 0 0 0 0 0 0 0 0 0 1 0 0 0 0 0 0 0 0 0 0 0 0 0 0 0 0 0 0 0 0 0 0 0 0 0 0 0 0 0 0 0 0 0 0 0 0]
[1572108589578259632018525903051973232501302790726174288905362693531150659966106986422403132038175180291509999310174832211441617089379377368650549416594248416610214365150982376280694967258472031353522389917333478656840651605577143996331684220257177 0 0 0 0 0 0 0 0 0 0 0 0 0 0 0 0 0 0 0 0 0 0 0 0 0 0 0 0 0 0 0 0 0 0 0 0 0 0 0 0 0 0 0 0 0 1 0 0 0 0 0 0 0 0 0 0 0 0 0 0 0 0 0 0 0 0 0 0 0 0 0 0 0 0 0 0 0 0 0 0 0]
[3374059201122301105616969313065040522591684812276966696737779916373897904936862411881197240220128194597045893850127361999253573285572228474004674012666241182820304847788923765474100328015323560543279474199989510715168404135765230835672777387724413 0 0 0 0 0 0 0 0 0 0 0 0 0 0 0 0 0 0 0 0 0 0 0 0 0 0 0 0 0 0 0 0 0 0 0 0 0 0 0 0 0 0 0 0 0 0 1 0 0 0 0 0 0 0 0 0 0 0 0 0 0 0 0 0 0 0 0 0 0 0 0 0 0 0 0 0 0 0 0 0 0]
[2944233565527196306143599775989306116022135881361062896680407281995718133438349218122922420457902321862120944839050190009746142366185486513738947925427615294422575106546701415178006420983682615803595977955345114072097173482323064309300416032002915 0 0 0 0 0 0 0 0 0 0 0 0 0 0 0 0 0 0 0 0 0 0 0 0 0 0 0 0 0 0 0 0 0 0 0 0 0 0 0 0 0 0 0 0 0 0 0 1 0 0 0 0 0 0 0 0 0 0 0 0 0 0 0 0 0 0 0 0 0 0 0 0 0 0 0 0 0 0 0 0 0]
[261579463212372265401214916846230541573980521282250015314679665854835840938491702774982766055444534067346503903670833016965191104398800535903526415241455730470225065408554043057862894725649318105844490273899371820183278803037261271164917586009986 0 0 0 0 0 0 0 0 0 0 0 0 0 0 0 0 0 0 0 0 0 0 0 0 0 0 0 0 0 0 0 0 0 0 0 0 0 0 0 0 0 0 0 0 0 0 0 0 1 0 0 0 0 0 0 0 0 0 0 0 0 0 0 0 0 0 0 0 0 0 0 0 0 0 0 0 0 0 0 0 0]
[4457774470535874940840323182157308712589835754977179976353546451122305388230246534259064487056144061133792805545983383851815436861524074282928337890903335681655687191451720687063874204299334980848961452748937956572604291483817977871832579630293335 0 0 0 0 0 0 0 0 0 0 0 0 0 0 0 0 0 0 0 0 0 0 0 0 0 0 0 0 0 0 0 0 0 0 0 0 0 0 0 0 0 0 0 0 0 0 0 0 0 1 0 0 0 0 0 0 0 0 0 0 0 0 0 0 0 0 0 0 0 0 0 0 0 0 0 0 0 0 0 0 0]
[2037748586616601988449381541120219597722430166189520756789651184891000377345846619776512625249679723159310617285880610949916274051582207210343081931821328968681392396529882411510927741371126162570777965981306762161712783894851428669279844334427180 0 0 0 0 0 0 0 0 0 0 0 0 0 0 0 0 0 0 0 0 0 0 0 0 0 0 0 0 0 0 0 0 0 0 0 0 0 0 0 0 0 0 0 0 0 0 0 0 0 0 1 0 0 0 0 0 0 0 0 0 0 0 0 0 0 0 0 0 0 0 0 0 0 0 0 0 0 0 0 0 0]
[4632745459274705765393877227532570335273329851054036137238328564243963574494617418538677346211378475690468888251645310894124228275634582511130309247038719739306871898094153902647598835043421683960058465941434761672773347408878874271789439517140228 0 0 0 0 0 0 0 0 0 0 0 0 0 0 0 0 0 0 0 0 0 0 0 0 0 0 0 0 0 0 0 0 0 0 0 0 0 0 0 0 0 0 0 0 0 0 0 0 0 0 0 1 0 0 0 0 0 0 0 0 0 0 0 0 0 0 0 0 0 0 0 0 0 0 0 0 0 0 0 0 0]
[4165988957222630324564731896300232180679723239865058753759170397690223656694970153613802052763949037872176233201821045255164029194793134381118264158915029700298511227370978622947127512111428759395423421292439999979107021321510853279162633396026762 0 0 0 0 0 0 0 0 0 0 0 0 0 0 0 0 0 0 0 0 0 0 0 0 0 0 0 0 0 0 0 0 0 0 0 0 0 0 0 0 0 0 0 0 0 0 0 0 0 0 0 0 1 0 0 0 0 0 0 0 0 0 0 0 0 0 0 0 0 0 0 0 0 0 0 0 0 0 0 0 0]
[1383172197071289411581425211195699627227512075621648396613091442278428470295096784860224072177280268487914907011036741262182127852568228836756459827879986365872781731343921538632578057913486746202472888642858962808950900920145792938263610621405274 0 0 0 0 0 0 0 0 0 0 0 0 0 0 0 0 0 0 0 0 0 0 0 0 0 0 0 0 0 0 0 0 0 0 0 0 0 0 0 0 0 0 0 0 0 0 0 0 0 0 0 0 0 1 0 0 0 0 0 0 0 0 0 0 0 0 0 0 0 0 0 0 0 0 0 0 0 0 0 0 0]
[3916183524725825318677700405090099286488843453021192968863120105220130798964444185489876400387579285174337397269268295878079316129390772124184258916182307168019471161250346969586495601630778158746230193636351489001314965781912589956555048197700631 0 0 0 0 0 0 0 0 0 0 0 0 0 0 0 0 0 0 0 0 0 0 0 0 0 0 0 0 0 0 0 0 0 0 0 0 0 0 0 0 0 0 0 0 0 0 0 0 0 0 0 0 0 0 1 0 0 0 0 0 0 0 0 0 0 0 0 0 0 0 0 0 0 0 0 0 0 0 0 0 0]
[5141685476000026728225395665958502783476096722573241281595096053777087316179331800329222317584303855010003669317192165228578264892704323757140008150545253960756756448335135682425756844346413074474227327899888722562361631952198093944539047772301069 0 0 0 0 0 0 0 0 0 0 0 0 0 0 0 0 0 0 0 0 0 0 0 0 0 0 0 0 0 0 0 0 0 0 0 0 0 0 0 0 0 0 0 0 0 0 0 0 0 0 0 0 0 0 0 1 0 0 0 0 0 0 0 0 0 0 0 0 0 0 0 0 0 0 0 0 0 0 0 0 0]
[5626579708904747685503486424853346128932571649400468521313384421550049212828144653966651930361825000130090329366946495825209422442468086115767184830932232152428563719047381899441317306620747914384108257004805078000226308202315035578878480095671241 0 0 0 0 0 0 0 0 0 0 0 0 0 0 0 0 0 0 0 0 0 0 0 0 0 0 0 0 0 0 0 0 0 0 0 0 0 0 0 0 0 0 0 0 0 0 0 0 0 0 0 0 0 0 0 0 1 0 0 0 0 0 0 0 0 0 0 0 0 0 0 0 0 0 0 0 0 0 0 0 0]
[2100307745543401247035524027604119032005051751337381447885971833862426413942711326607402515378278582645537131047179173583846169672273666522725037847158271514530162907731281416431637559974444615200444083662899968874336424883788402981739428505303366 0 0 0 0 0 0 0 0 0 0 0 0 0 0 0 0 0 0 0 0 0 0 0 0 0 0 0 0 0 0 0 0 0 0 0 0 0 0 0 0 0 0 0 0 0 0 0 0 0 0 0 0 0 0 0 0 0 1 0 0 0 0 0 0 0 0 0 0 0 0 0 0 0 0 0 0 0 0 0 0 0]
[5589628446962590236555819287445348614865579978977591878472573717534469736276096878035803024665909152459645795519817182187585414041253133803669924697619580639814884106743782741349763069211580022305819322888483931440215372679744313339570494820731178 0 0 0 0 0 0 0 0 0 0 0 0 0 0 0 0 0 0 0 0 0 0 0 0 0 0 0 0 0 0 0 0 0 0 0 0 0 0 0 0 0 0 0 0 0 0 0 0 0 0 0 0 0 0 0 0 0 0 1 0 0 0 0 0 0 0 0 0 0 0 0 0 0 0 0 0 0 0 0 0 0]
[2287223512780055366901841677583748456867308894867992911244471482667173769214165993326472584032383907521138696172280937609435215957438147615617364087911557113588403344987466062525268303261044379611982937079766522794930922539664589070388761497524457 0 0 0 0 0 0 0 0 0 0 0 0 0 0 0 0 0 0 0 0 0 0 0 0 0 0 0 0 0 0 0 0 0 0 0 0 0 0 0 0 0 0 0 0 0 0 0 0 0 0 0 0 0 0 0 0 0 0 0 1 0 0 0 0 0 0 0 0 0 0 0 0 0 0 0 0 0 0 0 0 0]
[4204174043506640170183360387694504668423625677173851431220644755226004446808516779300616725758707427102128246828773175993305557049804952699694327795485331097322800524556112939817817355970183152983678512880364789454615749134206293556124405503334643 0 0 0 0 0 0 0 0 0 0 0 0 0 0 0 0 0 0 0 0 0 0 0 0 0 0 0 0 0 0 0 0 0 0 0 0 0 0 0 0 0 0 0 0 0 0 0 0 0 0 0 0 0 0 0 0 0 0 0 0 1 0 0 0 0 0 0 0 0 0 0 0 0 0 0 0 0 0 0 0 0]
[870140935852710981767860121454724743268175242607425533594192425533074600337829636286868947403316723452295997375447428160678502074906053460680592957585582439009811746813450404779522603324624416836799567521578800905246719304496947650017238188112695 0 0 0 0 0 0 0 0 0 0 0 0 0 0 0 0 0 0 0 0 0 0 0 0 0 0 0 0 0 0 0 0 0 0 0 0 0 0 0 0 0 0 0 0 0 0 0 0 0 0 0 0 0 0 0 0 0 0 0 0 0 1 0 0 0 0 0 0 0 0 0 0 0 0 0 0 0 0 0 0 0]
[2052241029269096403448510919043274869047536315247109336798661844168138265335342924577300317778270104902020857538339691836758115652332355799548737696419007312845196328555112431208639681317389386326178759432173456335657617230183354194226127099997278 0 0 0 0 0 0 0 0 0 0 0 0 0 0 0 0 0 0 0 0 0 0 0 0 0 0 0 0 0 0 0 0 0 0 0 0 0 0 0 0 0 0 0 0 0 0 0 0 0 0 0 0 0 0 0 0 0 0 0 0 0 0 1 0 0 0 0 0 0 0 0 0 0 0 0 0 0 0 0 0 0]
[5656308731025346197244716369660715573080514960402324987246126512768637623144340813729684231414934177206623871014271746375331659324347292563637386371788372118688246232425216244198630340080906370766419643435073243292481936799748790513295163639512208 0 0 0 0 0 0 0 0 0 0 0 0 0 0 0 0 0 0 0 0 0 0 0 0 0 0 0 0 0 0 0 0 0 0 0 0 0 0 0 0 0 0 0 0 0 0 0 0 0 0 0 0 0 0 0 0 0 0 0 0 0 0 0 1 0 0 0 0 0 0 0 0 0 0 0 0 0 0 0 0 0]
[3535875585545763102599410242984918112909775253572609720063725472528602880372825616890837272534824680793195979395193477632849408964112372109361460653051809079409857566415468472094241175131066420014052901701062314952391267074816960824914669053610245 0 0 0 0 0 0 0 0 0 0 0 0 0 0 0 0 0 0 0 0 0 0 0 0 0 0 0 0 0 0 0 0 0 0 0 0 0 0 0 0 0 0 0 0 0 0 0 0 0 0 0 0 0 0 0 0 0 0 0 0 0 0 0 0 1 0 0 0 0 0 0 0 0 0 0 0 0 0 0 0 0]
[514954197612361213361967820915069547806281377199032077264467011028420720747060224548871073158135589024797643428912899728281141045974128801842509417572299215766938175937755971018857903821963451658493998495831294102411326603693979230731968901717329 0 0 0 0 0 0 0 0 0 0 0 0 0 0 0 0 0 0 0 0 0 0 0 0 0 0 0 0 0 0 0 0 0 0 0 0 0 0 0 0 0 0 0 0 0 0 0 0 0 0 0 0 0 0 0 0 0 0 0 0 0 0 0 0 0 1 0 0 0 0 0 0 0 0 0 0 0 0 0 0 0]
[3179395701943505425559670746746874777892625161870538008057064489742602575141714343458526594749550947828502302260395838516415751493957879380189511651830950936334196958052674881540560496944438920129371980572525706893164836719991238385946825878239958 0 0 0 0 0 0 0 0 0 0 0 0 0 0 0 0 0 0 0 0 0 0 0 0 0 0 0 0 0 0 0 0 0 0 0 0 0 0 0 0 0 0 0 0 0 0 0 0 0 0 0 0 0 0 0 0 0 0 0 0 0 0 0 0 0 0 1 0 0 0 0 0 0 0 0 0 0 0 0 0 0]
[5516338883229599176901122098664129109627387282574017052665606938129009428510609599508383091305375252533149427463118650370831468785471410243849228244900485122489588807884582066378028346008580626666510676656036452113289660721009435809911537166118253 0 0 0 0 0 0 0 0 0 0 0 0 0 0 0 0 0 0 0 0 0 0 0 0 0 0 0 0 0 0 0 0 0 0 0 0 0 0 0 0 0 0 0 0 0 0 0 0 0 0 0 0 0 0 0 0 0 0 0 0 0 0 0 0 0 0 0 1 0 0 0 0 0 0 0 0 0 0 0 0 0]
[2911712415375138355611574463603834774857064330150817370099889583241533928397277455593847619028984095206001674599707131632948576222907470548960333281227124553146466197990548318496967128278185881523871795821065204899587611454812512096519664910888316 0 0 0 0 0 0 0 0 0 0 0 0 0 0 0 0 0 0 0 0 0 0 0 0 0 0 0 0 0 0 0 0 0 0 0 0 0 0 0 0 0 0 0 0 0 0 0 0 0 0 0 0 0 0 0 0 0 0 0 0 0 0 0 0 0 0 0 0 1 0 0 0 0 0 0 0 0 0 0 0 0]
[2998506702604421650449713102547831521497279076218745006419479827859845292897393380716480447090352253928660415172110371373673096982290543302840353392248100880121297625299893697429202626689782213320213191280546902706667214755765534963829489424225221 0 0 0 0 0 0 0 0 0 0 0 0 0 0 0 0 0 0 0 0 0 0 0 0 0 0 0 0 0 0 0 0 0 0 0 0 0 0 0 0 0 0 0 0 0 0 0 0 0 0 0 0 0 0 0 0 0 0 0 0 0 0 0 0 0 0 0 0 0 1 0 0 0 0 0 0 0 0 0 0 0]
[2796591434541083846908550799888896471127275013845635533139414459676438655230056074870624993050793259050331866776715874558563904473248951802733387881616681918608642148915433348643857879334103434797323934908473935735228723445782983827911375418924046 0 0 0 0 0 0 0 0 0 0 0 0 0 0 0 0 0 0 0 0 0 0 0 0 0 0 0 0 0 0 0 0 0 0 0 0 0 0 0 0 0 0 0 0 0 0 0 0 0 0 0 0 0 0 0 0 0 0 0 0 0 0 0 0 0 0 0 0 0 0 1 0 0 0 0 0 0 0 0 0 0]
[3226831209203687770135172816127775276895692454000080759211579561007346805063479830305506534888999612949384958235776029079964519851817028963472806079488727225732778156810810571373781405980053228228145540739266747257135428408263107783537713152819690 0 0 0 0 0 0 0 0 0 0 0 0 0 0 0 0 0 0 0 0 0 0 0 0 0 0 0 0 0 0 0 0 0 0 0 0 0 0 0 0 0 0 0 0 0 0 0 0 0 0 0 0 0 0 0 0 0 0 0 0 0 0 0 0 0 0 0 0 0 0 0 1 0 0 0 0 0 0 0 0 0]
[4655398533430199152082549096716826375490105707645049365338309796033822640436370075901618351023627354830305721314022104396166605232146142546956283683349376513823799333462156185026365212948244505527312156571208558729700124870625348152588207521443156 0 0 0 0 0 0 0 0 0 0 0 0 0 0 0 0 0 0 0 0 0 0 0 0 0 0 0 0 0 0 0 0 0 0 0 0 0 0 0 0 0 0 0 0 0 0 0 0 0 0 0 0 0 0 0 0 0 0 0 0 0 0 0 0 0 0 0 0 0 0 0 0 1 0 0 0 0 0 0 0 0]
[5153989143102609696125589816003660319175223434842832437891749852608560982343310520425603742671782140805555951372927467088774303726908086236316107426583546426170515148316061441957033019453483905679754378323121934802965520032234674117437448707118450 0 0 0 0 0 0 0 0 0 0 0 0 0 0 0 0 0 0 0 0 0 0 0 0 0 0 0 0 0 0 0 0 0 0 0 0 0 0 0 0 0 0 0 0 0 0 0 0 0 0 0 0 0 0 0 0 0 0 0 0 0 0 0 0 0 0 0 0 0 0 0 0 0 1 0 0 0 0 0 0 0]
[1780489882395056376171341664272747497700639305259754232962422927879297099755741187259498351767115820656182270973990329092989959162278471202207805382338751021397664456077437270347022732699613819665540520664342219452431380153314555739354763065122965 0 0 0 0 0 0 0 0 0 0 0 0 0 0 0 0 0 0 0 0 0 0 0 0 0 0 0 0 0 0 0 0 0 0 0 0 0 0 0 0 0 0 0 0 0 0 0 0 0 0 0 0 0 0 0 0 0 0 0 0 0 0 0 0 0 0 0 0 0 0 0 0 0 0 1 0 0 0 0 0 0]
[2555702020875714078700666008671312815566247634819445818020706112349141845702289447934721676286115993991788491819622488310945135485307979612654507035818217652653739396859186867953673392580103127982594079053765900188553199122432952920171718515005235 0 0 0 0 0 0 0 0 0 0 0 0 0 0 0 0 0 0 0 0 0 0 0 0 0 0 0 0 0 0 0 0 0 0 0 0 0 0 0 0 0 0 0 0 0 0 0 0 0 0 0 0 0 0 0 0 0 0 0 0 0 0 0 0 0 0 0 0 0 0 0 0 0 0 0 1 0 0 0 0 0]
[3005017780241196858786663083718875191380237966501101863639123311142455669602976794470795037366772456490010231475578356807377810575838296792198789175698428394987520212418795160071652872979912119973729474322548797458038024507076159584852209392918943 0 0 0 0 0 0 0 0 0 0 0 0 0 0 0 0 0 0 0 0 0 0 0 0 0 0 0 0 0 0 0 0 0 0 0 0 0 0 0 0 0 0 0 0 0 0 0 0 0 0 0 0 0 0 0 0 0 0 0 0 0 0 0 0 0 0 0 0 0 0 0 0 0 0 0 0 1 0 0 0 0]
[1853360589746534327277413538472567777122083027028274161257140509181448386519675110826972794170188153919430340709121348619694173427446868201855464793957192638854922271378967782735460639971424425962919586497280060612779673257695357162281674072986556 0 0 0 0 0 0 0 0 0 0 0 0 0 0 0 0 0 0 0 0 0 0 0 0 0 0 0 0 0 0 0 0 0 0 0 0 0 0 0 0 0 0 0 0 0 0 0 0 0 0 0 0 0 0 0 0 0 0 0 0 0 0 0 0 0 0 0 0 0 0 0 0 0 0 0 0 0 1 0 0 0]
[438133223468548135567387306076350765874172122598832292494914969922333299949555893395409330743356100840602402910828650883434195062831904875545532392089261524932624328101315944482265227022170060010551923456041011036111792144907182593887586875835222 0 0 0 0 0 0 0 0 0 0 0 0 0 0 0 0 0 0 0 0 0 0 0 0 0 0 0 0 0 0 0 0 0 0 0 0 0 0 0 0 0 0 0 0 0 0 0 0 0 0 0 0 0 0 0 0 0 0 0 0 0 0 0 0 0 0 0 0 0 0 0 0 0 0 0 0 0 0 1 0 0]
[249171467267346891887287703073708267496213821765919352279570520889331317596386640093020039610497441608156058342812620168853320828002329190005249085530159151147846699339549972696542564987305617932923659983376809859013437174890481869757535830692296 0 0 0 0 0 0 0 0 0 0 0 0 0 0 0 0 0 0 0 0 0 0 0 0 0 0 0 0 0 0 0 0 0 0 0 0 0 0 0 0 0 0 0 0 0 0 0 0 0 0 0 0 0 0 0 0 0 0 0 0 0 0 0 0 0 0 0 0 0 0 0 0 0 0 0 0 0 0 0 1 0]
[370528258758568414361702905643847156687673934579265543865768085173419160889302027142755784512249150708725556424136706836966974719342940149206731389018593519025237344375813924270117517215510136538910338852814967146095998275882087798455735947908226 0 0 0 0 0 0 0 0 0 0 0 0 0 0 0 0 0 0 0 0 0 0 0 0 0 0 0 0 0 0 0 0 0 0 0 0 0 0 0 0 0 0 0 0 0 0 0 0 0 0 0 0 0 0 0 0 0 0 0 0 0 0 0 0 0 0 0 0 0 0 0 0 0 0 0 0 0 0 0 0 1]
]
