[[6751760389371162839569866402847507375114354894605528110692963697280097054441706330128611879338838327028557520080381537147017236100566025918699916194353349151591783901495058786474876274128688707465269795399281279013023469142979799493711169352042859342945517005590519175439570544101886942208789849984704443451173920121492007147123 0 0 0 0 0 0 0 0 0 0 0 0 0 0 0 0 0 0 0 0 0 0 0 0 0 0 0 0 0 0 0 0 0 0 0 0 0 0 0 0 0 0 0 0 0 0 0 0 0 0 0 0 0 0 0 0 0 0 0 0 0 0 0 0 0 0 0 0 0 0 0 0 0 0 0 0 0 0 0 0 0 0 0 0 0 0 0 0 0 0 0 0 0 0 0 0 0 0 0 0 0 0 0 0 0 0 0 0]
[2146120310973394159765615701898642645801090121055708431466656385287795955438209473789566503827951520765045257414044561027365439912798528779033994923337732624291515276909036404099226065484060579952738639019491785802905858950755217014966331989143977525357449214057227026042567685188393805803193989963942413860052618376935056614233 1 0 0 0 0 0 0 0 0 0 0 0 0 0 0 0 0 0 0 0 0 0 0 0 0 0 0 0 0 0 0 0 0 0 0 0 0 0 0 0 0 0 0 0 0 0 0 0 0 0 0 0 0 0 0 0 0 0 0 0 0 0 0 0 0 0 0 0 0 0 0 0 0 0 0 0 0 0 0 0 0 0 0 0 0 0 0 0 0 0 0 0 0 0 0 0 0 0 0 0 0 0 0 0 0 0 0 0]
[1599854177717060453869698012164081272289012726869110533853345146448718511833074249187548251797010912835943330903567387186587828144404557483715425406235351417120718340689293995758084108187655127934775679793139491305424438219524089608882482588148807859981636979528894367406680832705272507082895139384176750383165178869710958659004 0 1 0 0 0 0 0 0 0 0 0 0 0 0 0 0 0 0 0 0 0 0 0 0 0 0 0 0 0 0 0 0 0 0 0 0 0 0 0 0 0 0 0 0 0 0 0 0 0 0 0 0 0 0 0 0 0 0 0 0 0 0 0 0 0 0 0 0 0 0 0 0 0 0 0 0 0 0 0 0 0 0 0 0 0 0 0 0 0 0 0 0 0 0 0 0 0 0 0 0 0 0 0 0 0 0 0 0]
[5359876940632820868611093868548267884741098136034314676155560940091263714258594946289823275883995163440784592107733565797288024258756336586624876973934831517741457334374999875965759163618757929539220838112821791369201019672482555116397134346323253028203659468515187283104879809997970847043634507078605497817978256657540561863154 0 0 1 0 0 0 0 0 0 0 0 0 0 0 0 0 0 0 0 0 0 0 0 0 0 0 0 0 0 0 0 0 0 0 0 0 0 0 0 0 0 0 0 0 0 0 0 0 0 0 0 0 0 0 0 0 0 0 0 0 0 0 0 0 0 0 0 0 0 0 0 0 0 0 0 0 0 0 0 0 0 0 0 0 0 0 0 0 0 0 0 0 0 0 0 0 0 0 0 0 0 0 0 0 0 0 0 0]
[1047136290478553892072711005820784197128033396605899976093436186312440390460158621352809981728471253753026753493045672271345018952643251306044075507797675672308860823374724222973921049790856798650275683728778637973460407734471477784937831620486853675218470977248653441821424600030897254896305814635265151942405744275074705680213 0 0 0 1 0 0 0 0 0 0 0 0 0 0 0 0 0 0 0 0 0 0 0 0 0 0 0 0 0 0 0 0 0 0 0 0 0 0 0 0 0 0 0 0 0 0 0 0 0 0 0 0 0 0 0 0 0 0 0 0 0 0 0 0 0 0 0 0 0 0 0 0 0 0 0 0 0 0 0 0 0 0 0 0 0 0 0 0 0 0 0 0 0 0 0 0 0 0 0 0 0 0 0 0 0 0 0 0]
[4561499913241559061588648807476484952414877973808173456984706637043724442110889201813501353340598262216661355285029791746830586903569734659750800376431691582074517539281527876551704967170558052621012229041231677340744643369192454542592069713278265388358704893985389153491234953900103728405103614967027675359451820564011700156307 0 0 0 0 1 0 0 0 0 0 0 0 0 0 0 0 0 0 0 0 0 0 0 0 0 0 0 0 0 0 0 0 0 0 0 0 0 0 0 0 0 0 0 0 0 0 0 0 0 0 0 0 0 0 0 0 0 0 0 0 0 0 0 0 0 0 0 0 0 0 0 0 0 0 0 0 0 0 0 0 0 0 0 0 0 0 0 0 0 0 0 0 0 0 0 0 0 0 0 0 0 0 0 0 0 0 0 0]
[4932267487762216732846321702702750152008840709896535966320149509648535885002573950181122031134696569072810662578294636926916420556079572414314257198824200081617139496864732022300689122439343565284495379746790887764432338065959565724900922230253396830699598311123287808739848313556295171120126604072468278309785500284789076963220 0 0 0 0 0 1 0 0 0 0 0 0 0 0 0 0 0 0 0 0 0 0 0 0 0 0 0 0 0 0 0 0 0 0 0 0 0 0 0 0 0 0 0 0 0 0 0 0 0 0 0 0 0 0 0 0 0 0 0 0 0 0 0 0 0 0 0 0 0 0 0 0 0 0 0 0 0 0 0 0 0 0 0 0 0 0 0 0 0 0 0 0 0 0 0 0 0 0 0 0 0 0 0 0 0 0 0 0]
[5727337657071324341871083128587297820700391951599311640660439482113720247686317566392110361524554023352113442547583613640195269295274614791905517557215065264156942343270784287587294166318226061807810600661355362904792748762361803712980120492380253949670122543341602163285859886766157782364125986765659431415359015216019768569415 0 0 0 0 0 0 1 0 0 0 0 0 0 0 0 0 0 0 0 0 0 0 0 0 0 0 0 0 0 0 0 0 0 0 0 0 0 0 0 0 0 0 0 0 0 0 0 0 0 0 0 0 0 0 0 0 0 0 0 0 0 0 0 0 0 0 0 0 0 0 0 0 0 0 0 0 0 0 0 0 0 0 0 0 0 0 0 0 0 0 0 0 0 0 0 0 0 0 0 0 0 0 0 0 0 0 0 0]
[630484271992614814174447712245526053125891855650020349592475951719776889345135165600830797205640573346134854264042798575410502694525234620134407372534194619009507642266227363400309621126141835934288886781453798871561615080706134770357702843597080030621746526269758929428453436531300134705310171389988539560889187597712091177015 0 0 0 0 0 0 0 1 0 0 0 0 0 0 0 0 0 0 0 0 0 0 0 0 0 0 0 0 0 0 0 0 0 0 0 0 0 0 0 0 0 0 0 0 0 0 0 0 0 0 0 0 0 0 0 0 0 0 0 0 0 0 0 0 0 0 0 0 0 0 0 0 0 0 0 0 0 0 0 0 0 0 0 0 0 0 0 0 0 0 0 0 0 0 0 0 0 0 0 0 0 0 0 0 0 0 0 0]
[4739731099026279016879123089244589055300647355644588988791538903303723818826332076530281296086649498810384195773744645027987454242879065299076441314472023520558646839827593705855039011166905534748657505025562956430196956795318377889481677953967627369806300765775195025425626352641779156862395595329500529648229306055663605936729 0 0 0 0 0 0 0 0 1 0 0 0 0 0 0 0 0 0 0 0 0 0 0 0 0 0 0 0 0 0 0 0 0 0 0 0 0 0 0 0 0 0 0 0 0 0 0 0 0 0 0 0 0 0 0 0 0 0 0 0 0 0 0 0 0 0 0 0 0 0 0 0 0 0 0 0 0 0 0 0 0 0 0 0 0 0 0 0 0 0 0 0 0 0 0 0 0 0 0 0 0 0 0 0 0 0 0 0]
[3717861407331464595218766489980748732436296347628865802723564303022294085525180942203919878199851033949666839077644970517598001933414843701041999697328398745310344332042967141976291895753661963013271963259081623683461855694602969669586894573886088405013900471414707184937103867089807876373355365191305333226190303187012731768512 0 0 0 0 0 0 0 0 0 1 0 0 0 0 0 0 0 0 0 0 0 0 0 0 0 0 0 0 0 0 0 0 0 0 0 0 0 0 0 0 0 0 0 0 0 0 0 0 0 0 0 0 0 0 0 0 0 0 0 0 0 0 0 0 0 0 0 0 0 0 0 0 0 0 0 0 0 0 0 0 0 0 0 0 0 0 0 0 0 0 0 0 0 0 0 0 0 0 0 0 0 0 0 0 0 0 0 0]
[1487954391404817754511684313550007240185333322463645757878512640901439428885112885150769398625980994766723223400423750260398459118613763824057816497794991242051627657653405267801699153950624098058344417311454130654400200969795252023705711679741567190423998988062185738988515746829646405450031161684416576512973084126718017847649 0 0 0 0 0 0 0 0 0 0 1 0 0 0 0 0 0 0 0 0 0 0 0 0 0 0 0 0 0 0 0 0 0 0 0 0 0 0 0 0 0 0 0 0 0 0 0 0 0 0 0 0 0 0 0 0 0 0 0 0 0 0 0 0 0 0 0 0 0 0 0 0 0 0 0 0 0 0 0 0 0 0 0 0 0 0 0 0 0 0 0 0 0 0 0 0 0 0 0 0 0 0 0 0 0 0 0 0]
[3671126719721120664206995854794708024094759183310598211468322185849198153129043590715236302075404431204382263948413570019383680746610274336526482861985687441025960235626701296079143081592193903775010450241808332136900962737227125623762008518461271776320311281457844816867930669979531117280365804521239209590233386046820127688493 0 0 0 0 0 0 0 0 0 0 0 1 0 0 0 0 0 0 0 0 0 0 0 0 0 0 0 0 0 0 0 0 0 0 0 0 0 0 0 0 0 0 0 0 0 0 0 0 0 0 0 0 0 0 0 0 0 0 0 0 0 0 0 0 0 0 0 0 0 0 0 0 0 0 0 0 0 0 0 0 0 0 0 0 0 0 0 0 0 0 0 0 0 0 0 0 0 0 0 0 0 0 0 0 0 0 0 0]
[3594988262072033064926088955403802810532348439357744275255692320413838624070761197854424048674647195321372478866220143625830471986219179630278183877950186156489795656486770865877012584650399637712127125187693771731858484965800148563941648796316512505458225740191565094633526072460891516645762439869327258073042224471514567533996 0 0 0 0 0 0 0 0 0 0 0 0 1 0 0 0 0 0 0 0 0 0 0 0 0 0 0 0 0 0 0 0 0 0 0 0 0 0 0 0 0 0 0 0 0 0 0 0 0 0 0 0 0 0 0 0 0 0 0 0 0 0 0 0 0 0 0 0 0 0 0 0 0 0 0 0 0 0 0 0 0 0 0 0 0 0 0 0 0 0 0 0 0 0 0 0 0 0 0 0 0 0 0 0 0 0 0 0]
[6189476963976067901754025181498889493102257480316158778701927590656908914757452008564129929565878290483934848875649138046509536680841437923235250600417699520691048820205641212014175988769808229362683110918227911200093604726140002542296906436593039110410482617679612145905790218700387235537291926433490428287542850677749592463348 0 0 0 0 0 0 0 0 0 0 0 0 0 1 0 0 0 0 0 0 0 0 0 0 0 0 0 0 0 0 0 0 0 0 0 0 0 0 0 0 0 0 0 0 0 0 0 0 0 0 0 0 0 0 0 0 0 0 0 0 0 0 0 0 0 0 0 0 0 0 0 0 0 0 0 0 0 0 0 0 0 0 0 0 0 0 0 0 0 0 0 0 0 0 0 0 0 0 0 0 0 0 0 0 0 0 0 0]
[4029625663378134467949460080320138449011241756085180096542864878266630347896978787720612370017540104250510843355687447042097939662534433437825851222403178123556997205820033912972407438909109126092362374229328625560739814490642023234315888681243779897653477626253067537311128309018434387193251953521656261210694614564459360741200 0 0 0 0 0 0 0 0 0 0 0 0 0 0 1 0 0 0 0 0 0 0 0 0 0 0 0 0 0 0 0 0 0 0 0 0 0 0 0 0 0 0 0 0 0 0 0 0 0 0 0 0 0 0 0 0 0 0 0 0 0 0 0 0 0 0 0 0 0 0 0 0 0 0 0 0 0 0 0 0 0 0 0 0 0 0 0 0 0 0 0 0 0 0 0 0 0 0 0 0 0 0 0 0 0 0 0 0]
[6440624027353656876427312565266935296638940736080551102717485846743846733869618355768764093295859864924420167876532079621989875789700332052119481745666307944417661156390939170225835185184696785358522970639130344594201226049389059796137994570104831530845652622488775916840234101407742850102868080103001100740196342514528456890005 0 0 0 0 0 0 0 0 0 0 0 0 0 0 0 1 0 0 0 0 0 0 0 0 0 0 0 0 0 0 0 0 0 0 0 0 0 0 0 0 0 0 0 0 0 0 0 0 0 0 0 0 0 0 0 0 0 0 0 0 0 0 0 0 0 0 0 0 0 0 0 0 0 0 0 0 0 0 0 0 0 0 0 0 0 0 0 0 0 0 0 0 0 0 0 0 0 0 0 0 0 0 0 0 0 0 0 0]
[3393196305063799534044187795036825163839116547230470054457285360251004436444385323621472646265267289880255716688937250614619652073356535224395033078482107526708177444059423601057083487042191870838815399366801575564065953149694455236576831875856669786840385505320471721438961530292641015212108235082706182433968976145398549940907 0 0 0 0 0 0 0 0 0 0 0 0 0 0 0 0 1 0 0 0 0 0 0 0 0 0 0 0 0 0 0 0 0 0 0 0 0 0 0 0 0 0 0 0 0 0 0 0 0 0 0 0 0 0 0 0 0 0 0 0 0 0 0 0 0 0 0 0 0 0 0 0 0 0 0 0 0 0 0 0 0 0 0 0 0 0 0 0 0 0 0 0 0 0 0 0 0 0 0 0 0 0 0 0 0 0 0 0]
[1637338368881350634492260600920095978058686593511642713484430903274753119966339670933785032806991779297000872155280359686577070066917006533142549772896995126473719376303946067517793431882208982743852562842431474551621044937247351731857682840953707635807494684550291804807300119447682080226270424245286055704286489983461507700981 0 0 0 0 0 0 0 0 0 0 0 0 0 0 0 0 0 1 0 0 0 0 0 0 0 0 0 0 0 0 0 0 0 0 0 0 0 0 0 0 0 0 0 0 0 0 0 0 0 0 0 0 0 0 0 0 0 0 0 0 0 0 0 0 0 0 0 0 0 0 0 0 0 0 0 0 0 0 0 0 0 0 0 0 0 0 0 0 0 0 0 0 0 0 0 0 0 0 0 0 0 0 0 0 0 0 0 0]
[1856805624063280005744952414297830746380682143227107516162664298682673050136070364086013128966703863862348620326955677193681865855461855785646880064053172159657302771375969322708119421771699149365784638713213577238789892173884355522878882534044284763910596237288849344445865677999198968835815471936791752428003356636551317782461 0 0 0 0 0 0 0 0 0 0 0 0 0 0 0 0 0 0 1 0 0 0 0 0 0 0 0 0 0 0 0 0 0 0 0 0 0 0 0 0 0 0 0 0 0 0 0 0 0 0 0 0 0 0 0 0 0 0 0 0 0 0 0 0 0 0 0 0 0 0 0 0 0 0 0 0 0 0 0 0 0 0 0 0 0 0 0 0 0 0 0 0 0 0 0 0 0 0 0 0 0 0 0 0 0 0 0 0]
[5868872376084016166350687167887261745169160520998763033271400987966641224669200393896414885583739543476436294453197798720258451114007125246816113456016309061312152341746139461346523598442514681246128817443012985106202859709563324566949536607258758357286344509150809875072019411020080245456020037055647215720980165034952565476360 0 0 0 0 0 0 0 0 0 0 0 0 0 0 0 0 0 0 0 1 0 0 0 0 0 0 0 0 0 0 0 0 0 0 0 0 0 0 0 0 0 0 0 0 0 0 0 0 0 0 0 0 0 0 0 0 0 0 0 0 0 0 0 0 0 0 0 0 0 0 0 0 0 0 0 0 0 0 0 0 0 0 0 0 0 0 0 0 0 0 0 0 0 0 0 0 0 0 0 0 0 0 0 0 0 0 0 0]
[1838076414115550283588217072723017456632081497436677313752777360745914970287255439129424368064849814133302129242134564068685755587088977934289266854978260070819841458573504381330822775025545585471918060312987100031176333163504173004721333061541329503686782706878245200766261483599844321527078137083750811434555415530383358823640 0 0 0 0 0 0 0 0 0 0 0 0 0 0 0 0 0 0 0 0 1 0 0 0 0 0 0 0 0 0 0 0 0 0 0 0 0 0 0 0 0 0 0 0 0 0 0 0 0 0 0 0 0 0 0 0 0 0 0 0 0 0 0 0 0 0 0 0 0 0 0 0 0 0 0 0 0 0 0 0 0 0 0 0 0 0 0 0 0 0 0 0 0 0 0 0 0 0 0 0 0 0 0 0 0 0 0 0]
[3670160733927236010911188658568416136280195209083294803368973239973055841282229122247441957492891386653913661769241265966431836515388963821782162496618202187605299533494586172662307874582826640231776358337049105855899464825793474571623787283055858724590976421291769921077777563932387245886841541984216088241288714699503263925423 0 0 0 0 0 0 0 0 0 0 0 0 0 0 0 0 0 0 0 0 0 1 0 0 0 0 0 0 0 0 0 0 0 0 0 0 0 0 0 0 0 0 0 0 0 0 0 0 0 0 0 0 0 0 0 0 0 0 0 0 0 0 0 0 0 0 0 0 0 0 0 0 0 0 0 0 0 0 0 0 0 0 0 0 0 0 0 0 0 0 0 0 0 0 0 0 0 0 0 0 0 0 0 0 0 0 0 0]
[4263031957769153203064169701765861882309871802770106259320109957635770466408660544447656257639487478096970922761936820883561437625764450575272605699624392874736038661769136561281065342503538119419576083167218418607841512684794529101092600214065287019586170585689587872114391894924129572340103671550164713399932689690561524011273 0 0 0 0 0 0 0 0 0 0 0 0 0 0 0 0 0 0 0 0 0 0 1 0 0 0 0 0 0 0 0 0 0 0 0 0 0 0 0 0 0 0 0 0 0 0 0 0 0 0 0 0 0 0 0 0 0 0 0 0 0 0 0 0 0 0 0 0 0 0 0 0 0 0 0 0 0 0 0 0 0 0 0 0 0 0 0 0 0 0 0 0 0 0 0 0 0 0 0 0 0 0 0 0 0 0 0 0]
[3216342364937583906923863991122473764686001796886756285964559441994624008263737358742280149106910785586568656244620410304861568784910669223900132088090227939159705525450338890622025929803027351071249840144908318702181876391608715484915811723317546477067331003004151714069630170635084671762036022967907116888541036512332722541636 0 0 0 0 0 0 0 0 0 0 0 0 0 0 0 0 0 0 0 0 0 0 0 1 0 0 0 0 0 0 0 0 0 0 0 0 0 0 0 0 0 0 0 0 0 0 0 0 0 0 0 0 0 0 0 0 0 0 0 0 0 0 0 0 0 0 0 0 0 0 0 0 0 0 0 0 0 0 0 0 0 0 0 0 0 0 0 0 0 0 0 0 0 0 0 0 0 0 0 0 0 0 0 0 0 0 0 0]
[5684968803760819682300507996970465072842777652360802248911299745480762987271503250824713262825312138947038016968344725775305746248070225298303549596376948542561318279501326939055869801140775623523161461744419760301640662940275054645672871925847943461603247522582055417175825215114721110147812034313195531518946668113295061544476 0 0 0 0 0 0 0 0 0 0 0 0 0 0 0 0 0 0 0 0 0 0 0 0 1 0 0 0 0 0 0 0 0 0 0 0 0 0 0 0 0 0 0 0 0 0 0 0 0 0 0 0 0 0 0 0 0 0 0 0 0 0 0 0 0 0 0 0 0 0 0 0 0 0 0 0 0 0 0 0 0 0 0 0 0 0 0 0 0 0 0 0 0 0 0 0 0 0 0 0 0 0 0 0 0 0 0 0]
[5575175785036276610129349663147180273833984792052393604427170916290756141354743938205003039166587298609379136190433420136270229021955742367628334616057477430280577026846796515378508496989706623345052462823808025393926159158029343594060718045832166082526740285192257660640820450494452406495604182795574297592903401758661474018852 0 0 0 0 0 0 0 0 0 0 0 0 0 0 0 0 0 0 0 0 0 0 0 0 0 1 0 0 0 0 0 0 0 0 0 0 0 0 0 0 0 0 0 0 0 0 0 0 0 0 0 0 0 0 0 0 0 0 0 0 0 0 0 0 0 0 0 0 0 0 0 0 0 0 0 0 0 0 0 0 0 0 0 0 0 0 0 0 0 0 0 0 0 0 0 0 0 0 0 0 0 0 0 0 0 0 0 0]
[113651580183737157815846548449051260406616704280094365817536161712553354700718000153146406452470193653197135729892490825692191627094140407126659005716693558271158107003104896594212243998238665550921510951349415886193307788667217006536266280951222983776544711925951616765345729563278524585479510956287463740981245140668817613362 0 0 0 0 0 0 0 0 0 0 0 0 0 0 0 0 0 0 0 0 0 0 0 0 0 0 1 0 0 0 0 0 0 0 0 0 0 0 0 0 0 0 0 0 0 0 0 0 0 0 0 0 0 0 0 0 0 0 0 0 0 0 0 0 0 0 0 0 0 0 0 0 0 0 0 0 0 0 0 0 0 0 0 0 0 0 0 0 0 0 0 0 0 0 0 0 0 0 0 0 0 0 0 0 0 0 0 0]
[6683257966216356563784231763710888574471174367120452084459532510059738115213012716155549377064307951267454002844807842013784336481820424063727136179603313023149839859662973148392987081976469795606855056557368047281745289977589828073476633359766490356593130041796121547168548351434323345948782741232412673059510827395696671516506 0 0 0 0 0 0 0 0 0 0 0 0 0 0 0 0 0 0 0 0 0 0 0 0 0 0 0 1 0 0 0 0 0 0 0 0 0 0 0 0 0 0 0 0 0 0 0 0 0 0 0 0 0 0 0 0 0 0 0 0 0 0 0 0 0 0 0 0 0 0 0 0 0 0 0 0 0 0 0 0 0 0 0 0 0 0 0 0 0 0 0 0 0 0 0 0 0 0 0 0 0 0 0 0 0 0 0 0]
[215743350993882151125206338384918741820565345613379615918345833346088388582600042405025338973618148848760484379569259264898808920783038314513686521431876673712402103357559491579317908320139041969888395741174446583592256729060828269631399924002860956407738197574354017228032240164366906887546464261751234856926593898364232998349 0 0 0 0 0 0 0 0 0 0 0 0 0 0 0 0 0 0 0 0 0 0 0 0 0 0 0 0 1 0 0 0 0 0 0 0 0 0 0 0 0 0 0 0 0 0 0 0 0 0 0 0 0 0 0 0 0 0 0 0 0 0 0 0 0 0 0 0 0 0 0 0 0 0 0 0 0 0 0 0 0 0 0 0 0 0 0 0 0 0 0 0 0 0 0 0 0 0 0 0 0 0 0 0 0 0 0 0]
[5062654851031676562977927739905385965418462591771532413854780358542827783355572752865888144832948707132240999707491011470683792922571389313629208279912136352019881268579579678519950000153711463296380008549775049856737437147626980462605569193046106675769042762022880332403615682682466584283559052214922228577930589410972890618074 0 0 0 0 0 0 0 0 0 0 0 0 0 0 0 0 0 0 0 0 0 0 0 0 0 0 0 0 0 1 0 0 0 0 0 0 0 0 0 0 0 0 0 0 0 0 0 0 0 0 0 0 0 0 0 0 0 0 0 0 0 0 0 0 0 0 0 0 0 0 0 0 0 0 0 0 0 0 0 0 0 0 0 0 0 0 0 0 0 0 0 0 0 0 0 0 0 0 0 0 0 0 0 0 0 0 0 0]
[2466650239498191334901119819824839127427272802959974209248653495037917523255908035939152173707215019877862239680835171853871427738682741591931687803595718714032730245140500463506847196271817917456241796626629779059755442448824383864137754942654289556126803689600441379241035079197241398702789976777161031314064213604246161676774 0 0 0 0 0 0 0 0 0 0 0 0 0 0 0 0 0 0 0 0 0 0 0 0 0 0 0 0 0 0 1 0 0 0 0 0 0 0 0 0 0 0 0 0 0 0 0 0 0 0 0 0 0 0 0 0 0 0 0 0 0 0 0 0 0 0 0 0 0 0 0 0 0 0 0 0 0 0 0 0 0 0 0 0 0 0 0 0 0 0 0 0 0 0 0 0 0 0 0 0 0 0 0 0 0 0 0 0]
[2871191178170920086828119633044147034119603186782662096134168324833504487358935737264572679156707360901530164237908076976237320168367524244919867793111924138191000256434483468802347331905890698187043090058680378226773709336063878566662846706972307634012665427833568797741621270470581506536152498902819151393505328694376156583429 0 0 0 0 0 0 0 0 0 0 0 0 0 0 0 0 0 0 0 0 0 0 0 0 0 0 0 0 0 0 0 1 0 0 0 0 0 0 0 0 0 0 0 0 0 0 0 0 0 0 0 0 0 0 0 0 0 0 0 0 0 0 0 0 0 0 0 0 0 0 0 0 0 0 0 0 0 0 0 0 0 0 0 0 0 0 0 0 0 0 0 0 0 0 0 0 0 0 0 0 0 0 0 0 0 0 0 0]
[2465251391819419904568861619016258710783569592916185716179673887228900385746737333191448225605913368464265596280215371515503827962704602677875427505225880261496064981379587106172852689230749235904952442530577207703014068534311273673630020308855786853198880446567126106035314253926030648915547274132204265480504098646166149065078 0 0 0 0 0 0 0 0 0 0 0 0 0 0 0 0 0 0 0 0 0 0 0 0 0 0 0 0 0 0 0 0 1 0 0 0 0 0 0 0 0 0 0 0 0 0 0 0 0 0 0 0 0 0 0 0 0 0 0 0 0 0 0 0 0 0 0 0 0 0 0 0 0 0 0 0 0 0 0 0 0 0 0 0 0 0 0 0 0 0 0 0 0 0 0 0 0 0 0 0 0 0 0 0 0 0 0 0]
[1876329497551518072743479132900545149473269868727951134064205650638986553993813209187805985901337979348066817093219410295794302415956353461523501090268773486001983082152644132379386729304835965257233104046279322336022778666385355156076866108126936827355309868186231933764636364257421133289088337387748101093695949953127860718134 0 0 0 0 0 0 0 0 0 0 0 0 0 0 0 0 0 0 0 0 0 0 0 0 0 0 0 0 0 0 0 0 0 1 0 0 0 0 0 0 0 0 0 0 0 0 0 0 0 0 0 0 0 0 0 0 0 0 0 0 0 0 0 0 0 0 0 0 0 0 0 0 0 0 0 0 0 0 0 0 0 0 0 0 0 0 0 0 0 0 0 0 0 0 0 0 0 0 0 0 0 0 0 0 0 0 0 0]
[3439469236446980442456665371562542246501398481591348500729694180343143504495895757137201853578761778087416972566735830140149323841226476228952651058264888442869990982263711958895201771641098834887308192983256754956373906217740356500997387082038876843510845442506663248160294008448723281628107882440086884845897920685895819466859 0 0 0 0 0 0 0 0 0 0 0 0 0 0 0 0 0 0 0 0 0 0 0 0 0 0 0 0 0 0 0 0 0 0 1 0 0 0 0 0 0 0 0 0 0 0 0 0 0 0 0 0 0 0 0 0 0 0 0 0 0 0 0 0 0 0 0 0 0 0 0 0 0 0 0 0 0 0 0 0 0 0 0 0 0 0 0 0 0 0 0 0 0 0 0 0 0 0 0 0 0 0 0 0 0 0 0 0]
[6100038909772165475158991326143899502588774657580474336703508280477007459735389379786403935728031936555722145840988565809352995759561260096040874625275405364977708762873373797451445038679491827157154768308454376955105412789111671919376445826400870304346518341040767919589459048793454343976934491342007326562102744004882312197236 0 0 0 0 0 0 0 0 0 0 0 0 0 0 0 0 0 0 0 0 0 0 0 0 0 0 0 0 0 0 0 0 0 0 0 1 0 0 0 0 0 0 0 0 0 0 0 0 0 0 0 0 0 0 0 0 0 0 0 0 0 0 0 0 0 0 0 0 0 0 0 0 0 0 0 0 0 0 0 0 0 0 0 0 0 0 0 0 0 0 0 0 0 0 0 0 0 0 0 0 0 0 0 0 0 0 0 0]
[275021752764187023194199514710516388244894971434229780762494806665466940463102973540171360814905248954862490186250440968542629558093300623856467281966627289583947965541513819008993682077190908779465251975975987964915644482603556390493197701736227983596887918230005455068251755627446873410545939885152534062056864345709510306304 0 0 0 0 0 0 0 0 0 0 0 0 0 0 0 0 0 0 0 0 0 0 0 0 0 0 0 0 0 0 0 0 0 0 0 0 1 0 0 0 0 0 0 0 0 0 0 0 0 0 0 0 0 0 0 0 0 0 0 0 0 0 0 0 0 0 0 0 0 0 0 0 0 0 0 0 0 0 0 0 0 0 0 0 0 0 0 0 0 0 0 0 0 0 0 0 0 0 0 0 0 0 0 0 0 0 0 0]
[5762067135550515837436281205273617577189209058305311174048460172409058556272027826215855723865910319377317535002100250342044977964332655768429292140643406404851411739529410962340451328110805989753421272103229897915512920346546329114382010870651738654851663743188581927734867350019720709895289159556063517118116091226951630441660 0 0 0 0 0 0 0 0 0 0 0 0 0 0 0 0 0 0 0 0 0 0 0 0 0 0 0 0 0 0 0 0 0 0 0 0 0 1 0 0 0 0 0 0 0 0 0 0 0 0 0 0 0 0 0 0 0 0 0 0 0 0 0 0 0 0 0 0 0 0 0 0 0 0 0 0 0 0 0 0 0 0 0 0 0 0 0 0 0 0 0 0 0 0 0 0 0 0 0 0 0 0 0 0 0 0 0 0]
[3442323562807687277470249934823431396562452302497843414400375606403008789445412109002825607307560702996449568308358733533870310834761878477484641192844245742380937332623866311515111991497129253791882718454195720796619688774021935635231046055684882893174635879957772255239270944245071467211762370246122685832178206401932037800485 0 0 0 0 0 0 0 0 0 0 0 0 0 0 0 0 0 0 0 0 0 0 0 0 0 0 0 0 0 0 0 0 0 0 0 0 0 0 1 0 0 0 0 0 0 0 0 0 0 0 0 0 0 0 0 0 0 0 0 0 0 0 0 0 0 0 0 0 0 0 0 0 0 0 0 0 0 0 0 0 0 0 0 0 0 0 0 0 0 0 0 0 0 0 0 0 0 0 0 0 0 0 0 0 0 0 0 0]
[1702749461565424886747014944671224099409334634811596182406251382553860723149982961752013874659975445476366576839860449478104351570046473817735691641122130829785017689846156568651439251884226259363238860979236274534126235238031261289033551224615560380282403208882759165838805317196961527465463468205256460319340155039614905312442 0 0 0 0 0 0 0 0 0 0 0 0 0 0 0 0 0 0 0 0 0 0 0 0 0 0 0 0 0 0 0 0 0 0 0 0 0 0 0 1 0 0 0 0 0 0 0 0 0 0 0 0 0 0 0 0 0 0 0 0 0 0 0 0 0 0 0 0 0 0 0 0 0 0 0 0 0 0 0 0 0 0 0 0 0 0 0 0 0 0 0 0 0 0 0 0 0 0 0 0 0 0 0 0 0 0 0 0]
[1534682888333216984493768161289063937218973117963072274417731509373833775500814950491526859183887119883270780362306334944039039902653589050132251917151155399579582033456856037218939077786706385232371619356748584440047923975803908267117692358660009415864442117488091978203436320425684372431034036896938472179316072434482921720934 0 0 0 0 0 0 0 0 0 0 0 0 0 0 0 0 0 0 0 0 0 0 0 0 0 0 0 0 0 0 0 0 0 0 0 0 0 0 0 0 1 0 0 0 0 0 0 0 0 0 0 0 0 0 0 0 0 0 0 0 0 0 0 0 0 0 0 0 0 0 0 0 0 0 0 0 0 0 0 0 0 0 0 0 0 0 0 0 0 0 0 0 0 0 0 0 0 0 0 0 0 0 0 0 0 0 0 0]
[5006746764296791201406247223262712599055139322618017217810006161942220111826954864815765750873908576183911204970342010545947409804067886431660112738227157507968347048357556485946422012062653101734344895530005062850122239139133908148050619006633248103305324254831131991980876886335212403964759036730745840616880337223131181188027 0 0 0 0 0 0 0 0 0 0 0 0 0 0 0 0 0 0 0 0 0 0 0 0 0 0 0 0 0 0 0 0 0 0 0 0 0 0 0 0 0 1 0 0 0 0 0 0 0 0 0 0 0 0 0 0 0 0 0 0 0 0 0 0 0 0 0 0 0 0 0 0 0 0 0 0 0 0 0 0 0 0 0 0 0 0 0 0 0 0 0 0 0 0 0 0 0 0 0 0 0 0 0 0 0 0 0 0]
[2193985547063670374364457506314366766966282544195974257145560988638549195343457112243429637146109441705625794557929490852476685192309597993020626649826375703425350204177677246346552358805689530406255767472284072612239150706450006389456108555446110711864329740846368067768569795547317180541390954872668289432921516778214731818172 0 0 0 0 0 0 0 0 0 0 0 0 0 0 0 0 0 0 0 0 0 0 0 0 0 0 0 0 0 0 0 0 0 0 0 0 0 0 0 0 0 0 1 0 0 0 0 0 0 0 0 0 0 0 0 0 0 0 0 0 0 0 0 0 0 0 0 0 0 0 0 0 0 0 0 0 0 0 0 0 0 0 0 0 0 0 0 0 0 0 0 0 0 0 0 0 0 0 0 0 0 0 0 0 0 0 0 0]
[1069113105069635535253767523991981670387934065168750452352222648004888406004855831525497458784468889798138440574786697995636804226109535728044747902890030136303565251706849144252606012986624827227456378246843861540438039896347410291266741703587969027167151272941177185276193085759592852482988710507759411708037978250027971264563 0 0 0 0 0 0 0 0 0 0 0 0 0 0 0 0 0 0 0 0 0 0 0 0 0 0 0 0 0 0 0 0 0 0 0 0 0 0 0 0 0 0 0 1 0 0 0 0 0 0 0 0 0 0 0 0 0 0 0 0 0 0 0 0 0 0 0 0 0 0 0 0 0 0 0 0 0 0 0 0 0 0 0 0 0 0 0 0 0 0 0 0 0 0 0 0 0 0 0 0 0 0 0 0 0 0 0 0]
[4505674810007395836127854910739372484635228917616559819819484332810991136261596036248430390066739954485344595348225158323791480194788793816054429326568951227449231740982524835536532823279341338015627395649885075932339624082126271714450123529909325484538209579016344283881490105855138477192133912531229499858902136037715620057880 0 0 0 0 0 0 0 0 0 0 0 0 0 0 0 0 0 0 0 0 0 0 0 0 0 0 0 0 0 0 0 0 0 0 0 0 0 0 0 0 0 0 0 0 1 0 0 0 0 0 0 0 0 0 0 0 0 0 0 0 0 0 0 0 0 0 0 0 0 0 0 0 0 0 0 0 0 0 0 0 0 0 0 0 0 0 0 0 0 0 0 0 0 0 0 0 0 0 0 0 0 0 0 0 0 0 0 0]
[2485440618629917214661247889739117259045822123196704521941416271498381843416784788110489216108758327763852614682813279270892953389799800885884510637060242231082021110525036292746463010324082287950505465943118364031545582590017166152966006938055378541295211255159189663998216571411551145301793840707344327161353827323401514701027 0 0 0 0 0 0 0 0 0 0 0 0 0 0 0 0 0 0 0 0 0 0 0 0 0 0 0 0 0 0 0 0 0 0 0 0 0 0 0 0 0 0 0 0 0 1 0 0 0 0 0 0 0 0 0 0 0 0 0 0 0 0 0 0 0 0 0 0 0 0 0 0 0 0 0 0 0 0 0 0 0 0 0 0 0 0 0 0 0 0 0 0 0 0 0 0 0 0 0 0 0 0 0 0 0 0 0 0]
[3769040146868878261803169720943774193264487182474074726834642742281030305534435055066671841076786509999233780314019995447092888369975746149921539787172659671330202783578081799762807566834779276292871791183392498979731342191519772729250498004324086409416223590666690178266409406645091157602677430239231020148298285515463234529245 0 0 0 0 0 0 0 0 0 0 0 0 0 0 0 0 0 0 0 0 0 0 0 0 0 0 0 0 0 0 0 0 0 0 0 0 0 0 0 0 0 0 0 0 0 0 1 0 0 0 0 0 0 0 0 0 0 0 0 0 0 0 0 0 0 0 0 0 0 0 0 0 0 0 0 0 0 0 0 0 0 0 0 0 0 0 0 0 0 0 0 0 0 0 0 0 0 0 0 0 0 0 0 0 0 0 0 0]
[6306286147140208900822152409825456346840576751964819666860323540257858872355949077733924072964780081620828826324037804643029255039338818576711313571926321915006401967960102647205341046388682669784266014326169030031210971113288821005023551456078315497638913477905418411230117130285471967004912952578014856991357668736893200390211 0 0 0 0 0 0 0 0 0 0 0 0 0 0 0 0 0 0 0 0 0 0 0 0 0 0 0 0 0 0 0 0 0 0 0 0 0 0 0 0 0 0 0 0 0 0 0 1 0 0 0 0 0 0 0 0 0 0 0 0 0 0 0 0 0 0 0 0 0 0 0 0 0 0 0 0 0 0 0 0 0 0 0 0 0 0 0 0 0 0 0 0 0 0 0 0 0 0 0 0 0 0 0 0 0 0 0 0]
[4877686803347444087403408777049937692016240006219785416741133472818654057888841174462937933546987628981328453692866642421551586345898263729420705338675181266168342078509870129645058622840885392854689296193886360828312473606441085513771209497816865387183183602831082397202102364436938182658169889615144307743573802065844108178482 0 0 0 0 0 0 0 0 0 0 0 0 0 0 0 0 0 0 0 0 0 0 0 0 0 0 0 0 0 0 0 0 0 0 0 0 0 0 0 0 0 0 0 0 0 0 0 0 1 0 0 0 0 0 0 0 0 0 0 0 0 0 0 0 0 0 0 0 0 0 0 0 0 0 0 0 0 0 0 0 0 0 0 0 0 0 0 0 0 0 0 0 0 0 0 0 0 0 0 0 0 0 0 0 0 0 0 0]
[5519853601753607865561589337119273910517808538976382745644750481375052071764961831648774603373219214622459493802307942455452817560981434723812261778566399145904449295534767446624535211620884439572650516176783897910302843727703942061152908700257017509661066741493922314418827858534512891794518492696728471074506883323953763195057 0 0 0 0 0 0 0 0 0 0 0 0 0 0 0 0 0 0 0 0 0 0 0 0 0 0 0 0 0 0 0 0 0 0 0 0 0 0 0 0 0 0 0 0 0 0 0 0 0 1 0 0 0 0 0 0 0 0 0 0 0 0 0 0 0 0 0 0 0 0 0 0 0 0 0 0 0 0 0 0 0 0 0 0 0 0 0 0 0 0 0 0 0 0 0 0 0 0 0 0 0 0 0 0 0 0 0 0]
[6304428475202344999063144994553116425970917047080794970165804793043145657838900446683509666196150344934897857378824560385278119840563305760854360988431215128911858733655089112687643150101930116967474264133673996079343307100699615593908680977226478603256049004591108367447892571923652436124056092806416187588578716505649652569458 0 0 0 0 0 0 0 0 0 0 0 0 0 0 0 0 0 0 0 0 0 0 0 0 0 0 0 0 0 0 0 0 0 0 0 0 0 0 0 0 0 0 0 0 0 0 0 0 0 0 1 0 0 0 0 0 0 0 0 0 0 0 0 0 0 0 0 0 0 0 0 0 0 0 0 0 0 0 0 0 0 0 0 0 0 0 0 0 0 0 0 0 0 0 0 0 0 0 0 0 0 0 0 0 0 0 0 0]
[4570182244274940693516571308255966751367432810762465854629591454620248525381379012700464131998198220330666029980509485068239819659556650372289077865849204344035639837628078335175942737228639873723767976082455017769820959850651669291154100159991957619761901025932757209482683169241380317336611935194776156271569105963179037177539 0 0 0 0 0 0 0 0 0 0 0 0 0 0 0 0 0 0 0 0 0 0 0 0 0 0 0 0 0 0 0 0 0 0 0 0 0 0 0 0 0 0 0 0 0 0 0 0 0 0 0 1 0 0 0 0 0 0 0 0 0 0 0 0 0 0 0 0 0 0 0 0 0 0 0 0 0 0 0 0 0 0 0 0 0 0 0 0 0 0 0 0 0 0 0 0 0 0 0 0 0 0 0 0 0 0 0 0]
[945806299932762123295437893692533701375557039193405664494108670144351304574067582142968253474983274565009674202634400172385726928456825899256798249655824613024200969854202966365222384854924551382776630831022640076405394136812104151279916994660894164703546125730056159813429070360844058952429414586022080496979197233876909357584 0 0 0 0 0 0 0 0 0 0 0 0 0 0 0 0 0 0 0 0 0 0 0 0 0 0 0 0 0 0 0 0 0 0 0 0 0 0 0 0 0 0 0 0 0 0 0 0 0 0 0 0 1 0 0 0 0 0 0 0 0 0 0 0 0 0 0 0 0 0 0 0 0 0 0 0 0 0 0 0 0 0 0 0 0 0 0 0 0 0 0 0 0 0 0 0 0 0 0 0 0 0 0 0 0 0 0 0]
[2361030382641296484540822478797240987667390489440689770007511865658606901100215377394817371406642959086130645917231500948840160083666216647960323433233573172682812347726292327505623393933735243194860550817983659918639236431681117866211897944869467615783925705823111746178973686142436159704695302734587445975659179222937376219484 0 0 0 0 0 0 0 0 0 0 0 0 0 0 0 0 0 0 0 0 0 0 0 0 0 0 0 0 0 0 0 0 0 0 0 0 0 0 0 0 0 0 0 0 0 0 0 0 0 0 0 0 0 1 0 0 0 0 0 0 0 0 0 0 0 0 0 0 0 0 0 0 0 0 0 0 0 0 0 0 0 0 0 0 0 0 0 0 0 0 0 0 0 0 0 0 0 0 0 0 0 0 0 0 0 0 0 0]
[2727152323580027924154221202116146140051994407729637981079393313460605821847427028918170591108143706598945126268722096274742326706435694706155079054882387763409050806170880921627223756895794540458195695858161593837277054436451126405301246282790495970252543879019005800458687223992688788878118755713675980430450619606792001259886 0 0 0 0 0 0 0 0 0 0 0 0 0 0 0 0 0 0 0 0 0 0 0 0 0 0 0 0 0 0 0 0 0 0 0 0 0 0 0 0 0 0 0 0 0 0 0 0 0 0 0 0 0 0 1 0 0 0 0 0 0 0 0 0 0 0 0 0 0 0 0 0 0 0 0 0 0 0 0 0 0 0 0 0 0 0 0 0 0 0 0 0 0 0 0 0 0 0 0 0 0 0 0 0 0 0 0 0]
[3425937144586699158295208582608392617608624582972999111924068976247178823208796681186061884448993410361127387310258629659768631418391660748000587188345971445729010867473404263366822031118711280579715247530625482666193669306675577338822663072850559700926054344498236567104631811865819508650268502457702193966336888250642346351611 0 0 0 0 0 0 0 0 0 0 0 0 0 0 0 0 0 0 0 0 0 0 0 0 0 0 0 0 0 0 0 0 0 0 0 0 0 0 0 0 0 0 0 0 0 0 0 0 0 0 0 0 0 0 0 1 0 0 0 0 0 0 0 0 0 0 0 0 0 0 0 0 0 0 0 0 0 0 0 0 0 0 0 0 0 0 0 0 0 0 0 0 0 0 0 0 0 0 0 0 0 0 0 0 0 0 0 0]
[3182071374566271482538017252457492839941669418593758144755107831358548074630767201427525071977963419757239973168574517041242513249143256731593671509902084000405877116180261524511735331824467939858445998241077319041409183025727775922835507298018987207637914468751053852000532206475979896888690090005987307995065390501043571261335 0 0 0 0 0 0 0 0 0 0 0 0 0 0 0 0 0 0 0 0 0 0 0 0 0 0 0 0 0 0 0 0 0 0 0 0 0 0 0 0 0 0 0 0 0 0 0 0 0 0 0 0 0 0 0 0 1 0 0 0 0 0 0 0 0 0 0 0 0 0 0 0 0 0 0 0 0 0 0 0 0 0 0 0 0 0 0 0 0 0 0 0 0 0 0 0 0 0 0 0 0 0 0 0 0 0 0 0]
[2587325161329802939881829405681921329955286327447307774185233918568939484598986263108993298011371074786060411753482342614605114305706815741967856975380403442420314837915164576717159303323413124754051710300254254432270004935122320108490529541682954691603150541023525841745568863419538753197012363209744658881016443021906781611731 0 0 0 0 0 0 0 0 0 0 0 0 0 0 0 0 0 0 0 0 0 0 0 0 0 0 0 0 0 0 0 0 0 0 0 0 0 0 0 0 0 0 0 0 0 0 0 0 0 0 0 0 0 0 0 0 0 1 0 0 0 0 0 0 0 0 0 0 0 0 0 0 0 0 0 0 0 0 0 0 0 0 0 0 0 0 0 0 0 0 0 0 0 0 0 0 0 0 0 0 0 0 0 0 0 0 0 0]
[823360913754439480951030900464527682746349554425665734200509668519426594228762836731697773232420571166672686624522535484632456636328014714750819055599669229465983682720204648912572450140628082234377827231341807826820969749297103589163661317255287667121948554120966236028734372918890498392382636568440358720005101879735688448830 0 0 0 0 0 0 0 0 0 0 0 0 0 0 0 0 0 0 0 0 0 0 0 0 0 0 0 0 0 0 0 0 0 0 0 0 0 0 0 0 0 0 0 0 0 0 0 0 0 0 0 0 0 0 0 0 0 0 1 0 0 0 0 0 0 0 0 0 0 0 0 0 0 0 0 0 0 0 0 0 0 0 0 0 0 0 0 0 0 0 0 0 0 0 0 0 0 0 0 0 0 0 0 0 0 0 0 0]
[2235724016673765161850858873216126603359307186551656102103650677914939975480143941192428898402903413687383273970548782043679242436942800343060332651840010163820655013790033676157981619391210525692606830943913735300960689212993509982727422682802656172607866083381303450461701117253847580342856079596580262107148493001276698369248 0 0 0 0 0 0 0 0 0 0 0 0 0 0 0 0 0 0 0 0 0 0 0 0 0 0 0 0 0 0 0 0 0 0 0 0 0 0 0 0 0 0 0 0 0 0 0 0 0 0 0 0 0 0 0 0 0 0 0 1 0 0 0 0 0 0 0 0 0 0 0 0 0 0 0 0 0 0 0 0 0 0 0 0 0 0 0 0 0 0 0 0 0 0 0 0 0 0 0 0 0 0 0 0 0 0 0 0]
[6633845046421967071201132629023197917731441585401139307783879727185740847964916561075602803084835173027349910477966840675600107352146869425289230772558755531780422565231063091821124217013584153136394352501636314624431070776883554160303723150039828695311062734302117366690551086881532875287171241230764676341730784508998259880015 0 0 0 0 0 0 0 0 0 0 0 0 0 0 0 0 0 0 0 0 0 0 0 0 0 0 0 0 0 0 0 0 0 0 0 0 0 0 0 0 0 0 0 0 0 0 0 0 0 0 0 0 0 0 0 0 0 0 0 0 1 0 0 0 0 0 0 0 0 0 0 0 0 0 0 0 0 0 0 0 0 0 0 0 0 0 0 0 0 0 0 0 0 0 0 0 0 0 0 0 0 0 0 0 0 0 0 0]
[5349832551158767863086541752103622630830784983673289308038861176023974817166466220313546121012783863349838506638628799270178151377890542025065457086661489781863363325732586298633026214500355836088010346335946477279317039524029128683587555245616241430465336406859165441043304414665448663982047177196600680758388981452725126708378 0 0 0 0 0 0 0 0 0 0 0 0 0 0 0 0 0 0 0 0 0 0 0 0 0 0 0 0 0 0 0 0 0 0 0 0 0 0 0 0 0 0 0 0 0 0 0 0 0 0 0 0 0 0 0 0 0 0 0 0 0 1 0 0 0 0 0 0 0 0 0 0 0 0 0 0 0 0 0 0 0 0 0 0 0 0 0 0 0 0 0 0 0 0 0 0 0 0 0 0 0 0 0 0 0 0 0 0]
[1310285624327742974872365362046326437074730209745399384967220035148439221221539894558580809189303454690352761158928854676807803561647689962932649317397644581573024086927579762480207696826294406335721917979741687687065051053645093050554520967462608148202010109272311260379226090522137469050109495154510372974398287426156523477566 0 0 0 0 0 0 0 0 0 0 0 0 0 0 0 0 0 0 0 0 0 0 0 0 0 0 0 0 0 0 0 0 0 0 0 0 0 0 0 0 0 0 0 0 0 0 0 0 0 0 0 0 0 0 0 0 0 0 0 0 0 0 1 0 0 0 0 0 0 0 0 0 0 0 0 0 0 0 0 0 0 0 0 0 0 0 0 0 0 0 0 0 0 0 0 0 0 0 0 0 0 0 0 0 0 0 0 0]
[1986563867286400552735475471806295157134314750081468480279080942069637598776813279343452842247826852502990218340569160700876656121402798010559576361870354513150991251493521939711093324410205900581173571325631756723310195512681880809232547517020710206904847990967438511212265662819306341063603331351280319254452355345515767333488 0 0 0 0 0 0 0 0 0 0 0 0 0 0 0 0 0 0 0 0 0 0 0 0 0 0 0 0 0 0 0 0 0 0 0 0 0 0 0 0 0 0 0 0 0 0 0 0 0 0 0 0 0 0 0 0 0 0 0 0 0 0 0 1 0 0 0 0 0 0 0 0 0 0 0 0 0 0 0 0 0 0 0 0 0 0 0 0 0 0 0 0 0 0 0 0 0 0 0 0 0 0 0 0 0 0 0 0]
[3635546803242009920647657800836974091064362187082538107354115645816916052303990982819275366392051150092673196903997435567876293217251318328646401782710391337767771961806170909028456694148012353315500459041022249125962523603318094785147574964652399242787824426206290584295571049309383068129158874687709245807594525723635575325740 0 0 0 0 0 0 0 0 0 0 0 0 0 0 0 0 0 0 0 0 0 0 0 0 0 0 0 0 0 0 0 0 0 0 0 0 0 0 0 0 0 0 0 0 0 0 0 0 0 0 0 0 0 0 0 0 0 0 0 0 0 0 0 0 1 0 0 0 0 0 0 0 0 0 0 0 0 0 0 0 0 0 0 0 0 0 0 0 0 0 0 0 0 0 0 0 0 0 0 0 0 0 0 0 0 0 0 0]
[5572565012241244499095133309664873875500025771274301237867487524454165539770482525414190505091641961686053988373164414611516514012649472011034030562748404211949994805180768862791643271170819999102322103177095764837280592161190444193128458460198299189995436723404431908820644047928911424424743502317112427282382860779093102627613 0 0 0 0 0 0 0 0 0 0 0 0 0 0 0 0 0 0 0 0 0 0 0 0 0 0 0 0 0 0 0 0 0 0 0 0 0 0 0 0 0 0 0 0 0 0 0 0 0 0 0 0 0 0 0 0 0 0 0 0 0 0 0 0 0 1 0 0 0 0 0 0 0 0 0 0 0 0 0 0 0 0 0 0 0 0 0 0 0 0 0 0 0 0 0 0 0 0 0 0 0 0 0 0 0 0 0 0]
[4512627065648114584765425707403776754470055397628394238727275634935896595705627552909076560368158543082704241194572862839571429242766467410928812553346318850473609027776971142130293789464218677077583017429833590427872253790996736662917024144702746596447311150990844981428983292690161797785451179638414124649511590634506378544562 0 0 0 0 0 0 0 0 0 0 0 0 0 0 0 0 0 0 0 0 0 0 0 0 0 0 0 0 0 0 0 0 0 0 0 0 0 0 0 0 0 0 0 0 0 0 0 0 0 0 0 0 0 0 0 0 0 0 0 0 0 0 0 0 0 0 1 0 0 0 0 0 0 0 0 0 0 0 0 0 0 0 0 0 0 0 0 0 0 0 0 0 0 0 0 0 0 0 0 0 0 0 0 0 0 0 0 0]
[6580319664379789020059141783658772188158844438961167973930968666449361263684629201743282634252523543229662769839338171650382406003250952351336287648017349499301067172562817609425631584367367488764717857471794396013550321188007147586160929229635854547200545968714406954914680964336486524807400150455683413274399875485692184555985 0 0 0 0 0 0 0 0 0 0 0 0 0 0 0 0 0 0 0 0 0 0 0 0 0 0 0 0 0 0 0 0 0 0 0 0 0 0 0 0 0 0 0 0 0 0 0 0 0 0 0 0 0 0 0 0 0 0 0 0 0 0 0 0 0 0 0 1 0 0 0 0 0 0 0 0 0 0 0 0 0 0 0 0 0 0 0 0 0 0 0 0 0 0 0 0 0 0 0 0 0 0 0 0 0 0 0 0]
[6586486199603289834200991014808313309588899793185050103272947792400869327694834328063398343976007356662578513412476844788015886748650382951360560006149751036648729393133661057487105638809941356326895620715010193889421191827282852616485212075677256051750047282450502567777880462560579889812062774316038514372536093344081865908406 0 0 0 0 0 0 0 0 0 0 0 0 0 0 0 0 0 0 0 0 0 0 0 0 0 0 0 0 0 0 0 0 0 0 0 0 0 0 0 0 0 0 0 0 0 0 0 0 0 0 0 0 0 0 0 0 0 0 0 0 0 0 0 0 0 0 0 0 1 0 0 0 0 0 0 0 0 0 0 0 0 0 0 0 0 0 0 0 0 0 0 0 0 0 0 0 0 0 0 0 0 0 0 0 0 0 0 0]
[4760468962394975939766897798106354991413809169965819021720785422934611791523001625783748692637469270848157030885214859707483807056183640663026384755906592674238685937540307261040005708455725042565049668836522832990873374017811710906498753235965139582823471087053428229120974780796801725578578994459114451491392606064470410651024 0 0 0 0 0 0 0 0 0 0 0 0 0 0 0 0 0 0 0 0 0 0 0 0 0 0 0 0 0 0 0 0 0 0 0 0 0 0 0 0 0 0 0 0 0 0 0 0 0 0 0 0 0 0 0 0 0 0 0 0 0 0 0 0 0 0 0 0 0 1 0 0 0 0 0 0 0 0 0 0 0 0 0 0 0 0 0 0 0 0 0 0 0 0 0 0 0 0 0 0 0 0 0 0 0 0 0 0]
[1362527225664457106370209005328565664682194280234532870444651087807792826683078332313850803776404339509394127520589345858075226454432864669035499941948818139027420399637368597843685738232554476170825109759932661978429530195755203398639703142842210223830304913449878573582388725803246504360529394341998996909985765575410244015947 0 0 0 0 0 0 0 0 0 0 0 0 0 0 0 0 0 0 0 0 0 0 0 0 0 0 0 0 0 0 0 0 0 0 0 0 0 0 0 0 0 0 0 0 0 0 0 0 0 0 0 0 0 0 0 0 0 0 0 0 0 0 0 0 0 0 0 0 0 0 1 0 0 0 0 0 0 0 0 0 0 0 0 0 0 0 0 0 0 0 0 0 0 0 0 0 0 0 0 0 0 0 0 0 0 0 0 0]
[179444643759112738207840019594462921373245274518410552375587103998784441744116553842884719692229074976661958203925181101154463451477949112131020417504427067065484459190968856979337260046192248398055567632112681588297339209469005132714301919489905846378688403507214017028640910619478884280936351990343497779169399503718100128365 0 0 0 0 0 0 0 0 0 0 0 0 0 0 0 0 0 0 0 0 0 0 0 0 0 0 0 0 0 0 0 0 0 0 0 0 0 0 0 0 0 0 0 0 0 0 0 0 0 0 0 0 0 0 0 0 0 0 0 0 0 0 0 0 0 0 0 0 0 0 0 1 0 0 0 0 0 0 0 0 0 0 0 0 0 0 0 0 0 0 0 0 0 0 0 0 0 0 0 0 0 0 0 0 0 0 0 0]
[4845093644678852081842703259361565664515154084248381409480320677482567404169808218560882488446795247221270033340097110462344130286034841453859640052828913691966385031152367394887835788010137512731232648437428270579620584072850589543750710514021468407737277864307625417002374349172748405086353094421062855483876158000341643215343 0 0 0 0 0 0 0 0 0 0 0 0 0 0 0 0 0 0 0 0 0 0 0 0 0 0 0 0 0 0 0 0 0 0 0 0 0 0 0 0 0 0 0 0 0 0 0 0 0 0 0 0 0 0 0 0 0 0 0 0 0 0 0 0 0 0 0 0 0 0 0 0 1 0 0 0 0 0 0 0 0 0 0 0 0 0 0 0 0 0 0 0 0 0 0 0 0 0 0 0 0 0 0 0 0 0 0 0]
[1482481399272403838694507852876694937102844842127991244127503086390236488449502754321860220230976033993453980161430567158173435881047289508317569311659992508818182989651898221486608475072756483015825387286694239058637388646713126685860481908321709378259241824632994188962938714816295353043548934424366357650328898492101195684643 0 0 0 0 0 0 0 0 0 0 0 0 0 0 0 0 0 0 0 0 0 0 0 0 0 0 0 0 0 0 0 0 0 0 0 0 0 0 0 0 0 0 0 0 0 0 0 0 0 0 0 0 0 0 0 0 0 0 0 0 0 0 0 0 0 0 0 0 0 0 0 0 0 1 0 0 0 0 0 0 0 0 0 0 0 0 0 0 0 0 0 0 0 0 0 0 0 0 0 0 0 0 0 0 0 0 0 0]
[346638621409700062918940708988689950784257958136390081180507651330911854302637018058176311232040299669129831172965525935370451951452887333431816704462188365553692260583107424482541493910332271640562145032937937135219869529799999246856011604885780557882685269404230093060139205744918500048444518301718098842737693678244584606322 0 0 0 0 0 0 0 0 0 0 0 0 0 0 0 0 0 0 0 0 0 0 0 0 0 0 0 0 0 0 0 0 0 0 0 0 0 0 0 0 0 0 0 0 0 0 0 0 0 0 0 0 0 0 0 0 0 0 0 0 0 0 0 0 0 0 0 0 0 0 0 0 0 0 1 0 0 0 0 0 0 0 0 0 0 0 0 0 0 0 0 0 0 0 0 0 0 0 0 0 0 0 0 0 0 0 0 0]
[6342501003321127550473149231783918388705968136821999960863451580884690525440202344255254706197969437022466987052176298636544205309333701556299200640270943005975408943218847144025337648431595020869143217232849790972087744347052799530325226612910463251911855842955890203041402515441695304437432748818554529642841047640140583029635 0 0 0 0 0 0 0 0 0 0 0 0 0 0 0 0 0 0 0 0 0 0 0 0 0 0 0 0 0 0 0 0 0 0 0 0 0 0 0 0 0 0 0 0 0 0 0 0 0 0 0 0 0 0 0 0 0 0 0 0 0 0 0 0 0 0 0 0 0 0 0 0 0 0 0 1 0 0 0 0 0 0 0 0 0 0 0 0 0 0 0 0 0 0 0 0 0 0 0 0 0 0 0 0 0 0 0 0]
[5890702984103655531009122881845207151442728869319195023064562641370302252052663701653703650731634776709488139629481093473273731122776484844827907648867365875747235911477352895258355340452737342114943402104815495522640056717092140346423081603008531847925820887559391400179956523343037836699603111458361244996566218603740665791156 0 0 0 0 0 0 0 0 0 0 0 0 0 0 0 0 0 0 0 0 0 0 0 0 0 0 0 0 0 0 0 0 0 0 0 0 0 0 0 0 0 0 0 0 0 0 0 0 0 0 0 0 0 0 0 0 0 0 0 0 0 0 0 0 0 0 0 0 0 0 0 0 0 0 0 0 1 0 0 0 0 0 0 0 0 0 0 0 0 0 0 0 0 0 0 0 0 0 0 0 0 0 0 0 0 0 0 0]
[861716201773433454742264528951960742826471734033164406607969622707960087376257609643178532473598850013894081116795726986206261021477367186623303411884555162154407776288443379243969269568540522628211225909371835760086520759287881534929296305819108767864004221967322265897361675486151178281271642459195711176504318840434574907168 0 0 0 0 0 0 0 0 0 0 0 0 0 0 0 0 0 0 0 0 0 0 0 0 0 0 0 0 0 0 0 0 0 0 0 0 0 0 0 0 0 0 0 0 0 0 0 0 0 0 0 0 0 0 0 0 0 0 0 0 0 0 0 0 0 0 0 0 0 0 0 0 0 0 0 0 0 1 0 0 0 0 0 0 0 0 0 0 0 0 0 0 0 0 0 0 0 0 0 0 0 0 0 0 0 0 0 0]
[5516164185861212543864300047323319815335336909358615924558515314060221143179196869845537500881350048721948143140368790348473614004451359517870632227701728051979488115406353108347024811952293866274453231024628088113220326093790732856462852798560828847657026699063600308530214552859433605810021287793074898648385447512030614303554 0 0 0 0 0 0 0 0 0 0 0 0 0 0 0 0 0 0 0 0 0 0 0 0 0 0 0 0 0 0 0 0 0 0 0 0 0 0 0 0 0 0 0 0 0 0 0 0 0 0 0 0 0 0 0 0 0 0 0 0 0 0 0 0 0 0 0 0 0 0 0 0 0 0 0 0 0 0 1 0 0 0 0 0 0 0 0 0 0 0 0 0 0 0 0 0 0 0 0 0 0 0 0 0 0 0 0 0]
[2015639410724955890902973528885268069976890984483347833828174620982674122452699659427103299607618802048104687357392743325396522345403712052788913816044521263798771267376770108358440305613158666948122876253039137412812107603686667934160194643152260104278607764284782554566331292910890765574519506870754869586342431371151882699848 0 0 0 0 0 0 0 0 0 0 0 0 0 0 0 0 0 0 0 0 0 0 0 0 0 0 0 0 0 0 0 0 0 0 0 0 0 0 0 0 0 0 0 0 0 0 0 0 0 0 0 0 0 0 0 0 0 0 0 0 0 0 0 0 0 0 0 0 0 0 0 0 0 0 0 0 0 0 0 1 0 0 0 0 0 0 0 0 0 0 0 0 0 0 0 0 0 0 0 0 0 0 0 0 0 0 0 0]
[5969964379803879179692803964928311754926370853563680422783911593527893386002132376361047693270863201435599201165584861599956969652222724385099894599497540300303002367906467907972844697670151853823013270089069503586112263038207524379312205554730969599847244080036847888816907845707192331814885869312481518049907516434396498445850 0 0 0 0 0 0 0 0 0 0 0 0 0 0 0 0 0 0 0 0 0 0 0 0 0 0 0 0 0 0 0 0 0 0 0 0 0 0 0 0 0 0 0 0 0 0 0 0 0 0 0 0 0 0 0 0 0 0 0 0 0 0 0 0 0 0 0 0 0 0 0 0 0 0 0 0 0 0 0 0 1 0 0 0 0 0 0 0 0 0 0 0 0 0 0 0 0 0 0 0 0 0 0 0 0 0 0 0]
[1063811909848531070743609871467128166884100870179145214171564258682849933049987388678909162797616136679340246857147748532317295377782067269019582769684363855680932323422885994896151970214882183330616458086208043863713903489982831523425268633352810834209019124608100366390330650026028093437321911394032203547323450738117677938331 0 0 0 0 0 0 0 0 0 0 0 0 0 0 0 0 0 0 0 0 0 0 0 0 0 0 0 0 0 0 0 0 0 0 0 0 0 0 0 0 0 0 0 0 0 0 0 0 0 0 0 0 0 0 0 0 0 0 0 0 0 0 0 0 0 0 0 0 0 0 0 0 0 0 0 0 0 0 0 0 0 1 0 0 0 0 0 0 0 0 0 0 0 0 0 0 0 0 0 0 0 0 0 0 0 0 0 0]
[6593557422671726468579007003795413613854936886291796078689031381923728529826947071113336886709542687170315816319397106607403145645711102662241889176854251267731978760887340716164714924753524762837468962370385925426845252745274464169130587345678942532411981754733852933629630587864223295008364593164663905760521858548442761643952 0 0 0 0 0 0 0 0 0 0 0 0 0 0 0 0 0 0 0 0 0 0 0 0 0 0 0 0 0 0 0 0 0 0 0 0 0 0 0 0 0 0 0 0 0 0 0 0 0 0 0 0 0 0 0 0 0 0 0 0 0 0 0 0 0 0 0 0 0 0 0 0 0 0 0 0 0 0 0 0 0 0 1 0 0 0 0 0 0 0 0 0 0 0 0 0 0 0 0 0 0 0 0 0 0 0 0 0]
[4464353810170317473210882553010515310078905762638372218627022546806468441382460848051082016728894857709094848950932181490539046543255794049437472138792846323527361330908239210771275122407557915442290015969231075003506483810106984518063132733292805902944402220390409637648897386765322575205841464717579905585210651782793595309047 0 0 0 0 0 0 0 0 0 0 0 0 0 0 0 0 0 0 0 0 0 0 0 0 0 0 0 0 0 0 0 0 0 0 0 0 0 0 0 0 0 0 0 0 0 0 0 0 0 0 0 0 0 0 0 0 0 0 0 0 0 0 0 0 0 0 0 0 0 0 0 0 0 0 0 0 0 0 0 0 0 0 0 1 0 0 0 0 0 0 0 0 0 0 0 0 0 0 0 0 0 0 0 0 0 0 0 0]
[3649171430528688045474004973217841350706518913781590909990913832210899269655782611313833579348004147021487111782998512565697229873735024340994592318291456185057872526890780593380506632223962025340636730238001507869478212081629786155698451168406683193841570836178428473857768808831142639702225996862601343669021078334376651601488 0 0 0 0 0 0 0 0 0 0 0 0 0 0 0 0 0 0 0 0 0 0 0 0 0 0 0 0 0 0 0 0 0 0 0 0 0 0 0 0 0 0 0 0 0 0 0 0 0 0 0 0 0 0 0 0 0 0 0 0 0 0 0 0 0 0 0 0 0 0 0 0 0 0 0 0 0 0 0 0 0 0 0 0 1 0 0 0 0 0 0 0 0 0 0 0 0 0 0 0 0 0 0 0 0 0 0 0]
[6268513561738392588828766311790388292312630499896715408795252838220180771287229094560430297565516802007274064539518164667635429137213175055003495136128371244521509493319986464785140957743752679247479971680526352531979685936458624718686480253716177213367944732767751223673099842168969950790648367726220558519203322255849745890064 0 0 0 0 0 0 0 0 0 0 0 0 0 0 0 0 0 0 0 0 0 0 0 0 0 0 0 0 0 0 0 0 0 0 0 0 0 0 0 0 0 0 0 0 0 0 0 0 0 0 0 0 0 0 0 0 0 0 0 0 0 0 0 0 0 0 0 0 0 0 0 0 0 0 0 0 0 0 0 0 0 0 0 0 0 1 0 0 0 0 0 0 0 0 0 0 0 0 0 0 0 0 0 0 0 0 0 0]
[6685334931713869922075756089171966071776444579753038221774398080997061437913379242519152326579352851877727567535754341953293065426463774446596966218198320323743192411975529675644495101222882788247468085097342292369396161790784295023701186648920508706836688348492563192569546551556277947909776687678946104575850237199857434917060 0 0 0 0 0 0 0 0 0 0 0 0 0 0 0 0 0 0 0 0 0 0 0 0 0 0 0 0 0 0 0 0 0 0 0 0 0 0 0 0 0 0 0 0 0 0 0 0 0 0 0 0 0 0 0 0 0 0 0 0 0 0 0 0 0 0 0 0 0 0 0 0 0 0 0 0 0 0 0 0 0 0 0 0 0 0 1 0 0 0 0 0 0 0 0 0 0 0 0 0 0 0 0 0 0 0 0 0]
[828107694491975585483172899065166204087884305335786313444202034123896852505335920007687227825927382507361390222749780588830540013363838839705861297841098116728559507320572633189353153159816698162577342103519409987060368890749114373571963750399034152905204110976658301636382875420124219434036821466094280776212580561392642247319 0 0 0 0 0 0 0 0 0 0 0 0 0 0 0 0 0 0 0 0 0 0 0 0 0 0 0 0 0 0 0 0 0 0 0 0 0 0 0 0 0 0 0 0 0 0 0 0 0 0 0 0 0 0 0 0 0 0 0 0 0 0 0 0 0 0 0 0 0 0 0 0 0 0 0 0 0 0 0 0 0 0 0 0 0 0 0 1 0 0 0 0 0 0 0 0 0 0 0 0 0 0 0 0 0 0 0 0]
[5352254907871855081965872337803741405161379637228863055836970444634216057405208600046476330709243253162029386441593086613067309839874792544321882269292365873462881203830659157844936666161034258569600156119179157219670044343885054082341321690142541349912221655600156217574504416747650388163090344464207029893180000903380620075854 0 0 0 0 0 0 0 0 0 0 0 0 0 0 0 0 0 0 0 0 0 0 0 0 0 0 0 0 0 0 0 0 0 0 0 0 0 0 0 0 0 0 0 0 0 0 0 0 0 0 0 0 0 0 0 0 0 0 0 0 0 0 0 0 0 0 0 0 0 0 0 0 0 0 0 0 0 0 0 0 0 0 0 0 0 0 0 0 1 0 0 0 0 0 0 0 0 0 0 0 0 0 0 0 0 0 0 0]
[3558413032193330481888811409796683415371604971595037674129468986665244821224629012340604948077866145293413818362023902167752009957404213918574269634461807012589952395324464869140923132922525659651070287786905109925692790740300048468800352077116881157993705903113773871173837224602138697142330128906459260023370910071906937395012 0 0 0 0 0 0 0 0 0 0 0 0 0 0 0 0 0 0 0 0 0 0 0 0 0 0 0 0 0 0 0 0 0 0 0 0 0 0 0 0 0 0 0 0 0 0 0 0 0 0 0 0 0 0 0 0 0 0 0 0 0 0 0 0 0 0 0 0 0 0 0 0 0 0 0 0 0 0 0 0 0 0 0 0 0 0 0 0 0 1 0 0 0 0 0 0 0 0 0 0 0 0 0 0 0 0 0 0]
[6227700412679953779921245987983608665946249633631566855724121927817792938171779487252215831119005175881192086535986225479675778422895557702941690810206329840671699810028813977084456812819838952886571735688758004815080321555767270278067251313005026552459336000636922535576299940548752820169701787897837726842613034598626262984238 0 0 0 0 0 0 0 0 0 0 0 0 0 0 0 0 0 0 0 0 0 0 0 0 0 0 0 0 0 0 0 0 0 0 0 0 0 0 0 0 0 0 0 0 0 0 0 0 0 0 0 0 0 0 0 0 0 0 0 0 0 0 0 0 0 0 0 0 0 0 0 0 0 0 0 0 0 0 0 0 0 0 0 0 0 0 0 0 0 0 1 0 0 0 0 0 0 0 0 0 0 0 0 0 0 0 0 0]
[358742881395386502673720357851329457887973760231639388818676978071864610051123716273674369268302662061009329901971453286905937271708744914716657460350407545369788254602085534401122800491960965841912849599222083694983992259346918444605511591607009599273417287909088101626377800734371087860970161438376982062606792970590648002963 0 0 0 0 0 0 0 0 0 0 0 0 0 0 0 0 0 0 0 0 0 0 0 0 0 0 0 0 0 0 0 0 0 0 0 0 0 0 0 0 0 0 0 0 0 0 0 0 0 0 0 0 0 0 0 0 0 0 0 0 0 0 0 0 0 0 0 0 0 0 0 0 0 0 0 0 0 0 0 0 0 0 0 0 0 0 0 0 0 0 0 1 0 0 0 0 0 0 0 0 0 0 0 0 0 0 0 0]
[5846259847290498036636826416799946481828824104639182741212377855412796660618706153349415052404096960358044500017701165770432869108233000330600612964747501485810733545575925135251193270837229067282363463207536308325702038936016006545150580424750930797587141073136013126228232987355851582467122296643867084547735333788892833143273 0 0 0 0 0 0 0 0 0 0 0 0 0 0 0 0 0 0 0 0 0 0 0 0 0 0 0 0 0 0 0 0 0 0 0 0 0 0 0 0 0 0 0 0 0 0 0 0 0 0 0 0 0 0 0 0 0 0 0 0 0 0 0 0 0 0 0 0 0 0 0 0 0 0 0 0 0 0 0 0 0 0 0 0 0 0 0 0 0 0 0 0 1 0 0 0 0 0 0 0 0 0 0 0 0 0 0 0]
[4424543513502499342478223961437431034477218766350832764585795381284273678704366607736291358821473352121678981315080625055265810387522700112437181500092360592921805071688012972787052103436031996303353453145362474845637410729101456069673396264815270025093538221970366149121775627190564896456188035022120213632523755763923397329710 0 0 0 0 0 0 0 0 0 0 0 0 0 0 0 0 0 0 0 0 0 0 0 0 0 0 0 0 0 0 0 0 0 0 0 0 0 0 0 0 0 0 0 0 0 0 0 0 0 0 0 0 0 0 0 0 0 0 0 0 0 0 0 0 0 0 0 0 0 0 0 0 0 0 0 0 0 0 0 0 0 0 0 0 0 0 0 0 0 0 0 0 0 1 0 0 0 0 0 0 0 0 0 0 0 0 0 0]
[6188388902213052727256121233447722060798512426490334651486792622103528387063980022006436664102819897697976913835618642783383182364723374594863592028593952724946398920052929615500156335748502988120957155230087409175694809857137393405089102762613667309489692749214746857691572590743346054666501241682644462324553479736759300352884 0 0 0 0 0 0 0 0 0 0 0 0 0 0 0 0 0 0 0 0 0 0 0 0 0 0 0 0 0 0 0 0 0 0 0 0 0 0 0 0 0 0 0 0 0 0 0 0 0 0 0 0 0 0 0 0 0 0 0 0 0 0 0 0 0 0 0 0 0 0 0 0 0 0 0 0 0 0 0 0 0 0 0 0 0 0 0 0 0 0 0 0 0 0 1 0 0 0 0 0 0 0 0 0 0 0 0 0]
[6558037697804585297115225971178875137505666786397535102790043306901016559674157183602363910048560936077212043392964149063283912483337212520038416592132760628982853533649785688772338835259061015427774884373076116755509787526105079640137014193756134980064980721122122792176434143811052187011808563395235922141034887897127789497660 0 0 0 0 0 0 0 0 0 0 0 0 0 0 0 0 0 0 0 0 0 0 0 0 0 0 0 0 0 0 0 0 0 0 0 0 0 0 0 0 0 0 0 0 0 0 0 0 0 0 0 0 0 0 0 0 0 0 0 0 0 0 0 0 0 0 0 0 0 0 0 0 0 0 0 0 0 0 0 0 0 0 0 0 0 0 0 0 0 0 0 0 0 0 0 1 0 0 0 0 0 0 0 0 0 0 0 0]
[6225814674800919720895598545985510200938660625904306169709354393602093095665341927145613421558339491611660990341867359104559930848904294057771534894970615702512561054858910113191392033422326088624158178459305396138310295321122199293956641063648082738913666382429642834223442588228907428907695305398036686217911970091032908670719 0 0 0 0 0 0 0 0 0 0 0 0 0 0 0 0 0 0 0 0 0 0 0 0 0 0 0 0 0 0 0 0 0 0 0 0 0 0 0 0 0 0 0 0 0 0 0 0 0 0 0 0 0 0 0 0 0 0 0 0 0 0 0 0 0 0 0 0 0 0 0 0 0 0 0 0 0 0 0 0 0 0 0 0 0 0 0 0 0 0 0 0 0 0 0 0 1 0 0 0 0 0 0 0 0 0 0 0]
[5761340655016310595736001008209120967528534614715589531098275142677101390963203157126007503631873713549313793611188474234323079512857313104660448891652233807217174828236604616740317694234282800733124997768317487505878992493888965623261130432247187177342135461985923075628906222857453944114824758301428491575841497424595129682377 0 0 0 0 0 0 0 0 0 0 0 0 0 0 0 0 0 0 0 0 0 0 0 0 0 0 0 0 0 0 0 0 0 0 0 0 0 0 0 0 0 0 0 0 0 0 0 0 0 0 0 0 0 0 0 0 0 0 0 0 0 0 0 0 0 0 0 0 0 0 0 0 0 0 0 0 0 0 0 0 0 0 0 0 0 0 0 0 0 0 0 0 0 0 0 0 0 1 0 0 0 0 0 0 0 0 0 0]
[1554127853001246062458044276070984621745849369228464153642129039383111354514521072909995613172617994917310633864602966733226328120860687090563403677571766915367308007059944828966097654167281616634819595664753605410651751265077405620762301839014112152165634424719498110544167000577151593746300938282100530648830695743626809963898 0 0 0 0 0 0 0 0 0 0 0 0 0 0 0 0 0 0 0 0 0 0 0 0 0 0 0 0 0 0 0 0 0 0 0 0 0 0 0 0 0 0 0 0 0 0 0 0 0 0 0 0 0 0 0 0 0 0 0 0 0 0 0 0 0 0 0 0 0 0 0 0 0 0 0 0 0 0 0 0 0 0 0 0 0 0 0 0 0 0 0 0 0 0 0 0 0 0 1 0 0 0 0 0 0 0 0 0]
[5637580423290103955950052048869074018672574535169459392213686384063803362081515446701096522860451603056106374296786683163224079679438519561773223357828782757014543295126699533222147993636192584642672548929356460868510794352741001890862169817095568857378223303957816375661662574636490134695843483403940216931413029792953238098708 0 0 0 0 0 0 0 0 0 0 0 0 0 0 0 0 0 0 0 0 0 0 0 0 0 0 0 0 0 0 0 0 0 0 0 0 0 0 0 0 0 0 0 0 0 0 0 0 0 0 0 0 0 0 0 0 0 0 0 0 0 0 0 0 0 0 0 0 0 0 0 0 0 0 0 0 0 0 0 0 0 0 0 0 0 0 0 0 0 0 0 0 0 0 0 0 0 0 0 1 0 0 0 0 0 0 0 0]
[1934265464525675523494361871485494767322072960947719932186931228468398711182287925014442531923534787231123040402819601006502032178393361573726522841638544851426313745438831743256062227383621628647947693846978973258893695805108065636627671829733337813869393713569565486237702736748658646285160216187046204253657439522027199033998 0 0 0 0 0 0 0 0 0 0 0 0 0 0 0 0 0 0 0 0 0 0 0 0 0 0 0 0 0 0 0 0 0 0 0 0 0 0 0 0 0 0 0 0 0 0 0 0 0 0 0 0 0 0 0 0 0 0 0 0 0 0 0 0 0 0 0 0 0 0 0 0 0 0 0 0 0 0 0 0 0 0 0 0 0 0 0 0 0 0 0 0 0 0 0 0 0 0 0 0 1 0 0 0 0 0 0 0]
[3386398437620522893378825929993371629313167495403342400973094595620850286481297362368158139944566595773694763409060417875423828701327607249103455649587132590049295206722323442843165856157731617277096166814721662736043920570155342664119581837507352706773875666431631022050730700320413680065016437712714307748248620054901202340809 0 0 0 0 0 0 0 0 0 0 0 0 0 0 0 0 0 0 0 0 0 0 0 0 0 0 0 0 0 0 0 0 0 0 0 0 0 0 0 0 0 0 0 0 0 0 0 0 0 0 0 0 0 0 0 0 0 0 0 0 0 0 0 0 0 0 0 0 0 0 0 0 0 0 0 0 0 0 0 0 0 0 0 0 0 0 0 0 0 0 0 0 0 0 0 0 0 0 0 0 0 1 0 0 0 0 0 0]
[520143840329614189533319114022482076992340348414941626273555578359478839142412844579181696787345301258406337644041966264444284692334745663329472226565490441996619687063884245969334782947894098976676883103250895597968294686050465744179112278143230965290896630420132709428951282577757800466904092762026182901206846361909301470057 0 0 0 0 0 0 0 0 0 0 0 0 0 0 0 0 0 0 0 0 0 0 0 0 0 0 0 0 0 0 0 0 0 0 0 0 0 0 0 0 0 0 0 0 0 0 0 0 0 0 0 0 0 0 0 0 0 0 0 0 0 0 0 0 0 0 0 0 0 0 0 0 0 0 0 0 0 0 0 0 0 0 0 0 0 0 0 0 0 0 0 0 0 0 0 0 0 0 0 0 0 0 1 0 0 0 0 0]
[3196496446598270685347962249231964926326936874671370469541243618684191082431075796247411127376993763294940977058821492042857697949367190021412452781010365727144091971088034524155520411669137446743556839050601131552821343578022107468624418947049177034910155969975707984994653026011937956098913130480170811464832657303490603001788 0 0 0 0 0 0 0 0 0 0 0 0 0 0 0 0 0 0 0 0 0 0 0 0 0 0 0 0 0 0 0 0 0 0 0 0 0 0 0 0 0 0 0 0 0 0 0 0 0 0 0 0 0 0 0 0 0 0 0 0 0 0 0 0 0 0 0 0 0 0 0 0 0 0 0 0 0 0 0 0 0 0 0 0 0 0 0 0 0 0 0 0 0 0 0 0 0 0 0 0 0 0 0 1 0 0 0 0]
[1423100728177901143315200853371515782680491944900766116648683944824841660844802740785066161813478735911599709172506730733818217713313245746914407987712793714096162163462131799728778550268949686380446864551406287000763520685848976313090087043551046372829084926127945998961531602863410749841514974515148557786329584127537384039531 0 0 0 0 0 0 0 0 0 0 0 0 0 0 0 0 0 0 0 0 0 0 0 0 0 0 0 0 0 0 0 0 0 0 0 0 0 0 0 0 0 0 0 0 0 0 0 0 0 0 0 0 0 0 0 0 0 0 0 0 0 0 0 0 0 0 0 0 0 0 0 0 0 0 0 0 0 0 0 0 0 0 0 0 0 0 0 0 0 0 0 0 0 0 0 0 0 0 0 0 0 0 0 0 1 0 0 0]
[3067284609394682405255886031898710946325708705453918831564293930141142740903973186761463301313467200911651790508585769437750479460106935293809545539057017806606835509775079141089121643186752351194847734070866241735172508539752985663057897437811785821054634548506660148677386502575931233456333890503691386932878554106312911935220 0 0 0 0 0 0 0 0 0 0 0 0 0 0 0 0 0 0 0 0 0 0 0 0 0 0 0 0 0 0 0 0 0 0 0 0 0 0 0 0 0 0 0 0 0 0 0 0 0 0 0 0 0 0 0 0 0 0 0 0 0 0 0 0 0 0 0 0 0 0 0 0 0 0 0 0 0 0 0 0 0 0 0 0 0 0 0 0 0 0 0 0 0 0 0 0 0 0 0 0 0 0 0 0 0 1 0 0]
[2950212331988858412909697532248761698211360917523069328370303732077708426907136946417978297592205886869707802054770364777924605507592246676939389381355697822694723839898925038891317093542340193363916029138255216287933211054485806469801609896317193807963772638757606773377152908698433689933222433798201538092031185402621981459831 0 0 0 0 0 0 0 0 0 0 0 0 0 0 0 0 0 0 0 0 0 0 0 0 0 0 0 0 0 0 0 0 0 0 0 0 0 0 0 0 0 0 0 0 0 0 0 0 0 0 0 0 0 0 0 0 0 0 0 0 0 0 0 0 0 0 0 0 0 0 0 0 0 0 0 0 0 0 0 0 0 0 0 0 0 0 0 0 0 0 0 0 0 0 0 0 0 0 0 0 0 0 0 0 0 0 1 0]
[164336522101373859887309845919155160858331789254757725313913694942749697892337976337239321509389369927065371407733497633130796032457097639121991778299565761841142893110775098857600449848916236022498939211810874726755799673290267007943589815021238027951583996744142808739117225187814725525849252505046206537189568701246072063760 0 0 0 0 0 0 0 0 0 0 0 0 0 0 0 0 0 0 0 0 0 0 0 0 0 0 0 0 0 0 0 0 0 0 0 0 0 0 0 0 0 0 0 0 0 0 0 0 0 0 0 0 0 0 0 0 0 0 0 0 0 0 0 0 0 0 0 0 0 0 0 0 0 0 0 0 0 0 0 0 0 0 0 0 0 0 0 0 0 0 0 0 0 0 0 0 0 0 0 0 0 0 0 0 0 0 0 1]
]
