[[6052008469760954139689440731664176442311990988867769541026824917976389675919669885569002099527641928031549960640477889907827581374352255328571627156890935193015702513060842054384584525114487789962660384618743390470900188936498699401548960127006517108829214703 0 0 0 0 0 0 0 0 0 0 0 0 0 0 0 0 0 0 0 0 0 0 0 0 0 0 0 0 0 0 0 0 0 0 0 0 0 0 0 0 0 0 0 0 0 0 0 0 0 0 0 0 0 0 0 0 0 0 0 0 0 0 0 0 0 0 0 0 0 0 0 0 0 0 0 0 0 0 0 0 0 0 0 0 0]
[5740283243338935364950205097974590974120482144722285190410401908006891351665927747463472589009222767894533482788392503140439268314910277453394078589080750675742393306699934448045539215367442151185992306470759848506810179118818710484211931206855924622096955829 1 0 0 0 0 0 0 0 0 0 0 0 0 0 0 0 0 0 0 0 0 0 0 0 0 0 0 0 0 0 0 0 0 0 0 0 0 0 0 0 0 0 0 0 0 0 0 0 0 0 0 0 0 0 0 0 0 0 0 0 0 0 0 0 0 0 0 0 0 0 0 0 0 0 0 0 0 0 0 0 0 0 0 0 0]
[4970345271268622141236480178601976758201904398737469229455369684662411854648333967414874116695306227666445898463373219171422264227461645529552028062196742034389067740392720308280582451344358299573896560796112103218930127324288580405859424484373858017067951864 0 1 0 0 0 0 0 0 0 0 0 0 0 0 0 0 0 0 0 0 0 0 0 0 0 0 0 0 0 0 0 0 0 0 0 0 0 0 0 0 0 0 0 0 0 0 0 0 0 0 0 0 0 0 0 0 0 0 0 0 0 0 0 0 0 0 0 0 0 0 0 0 0 0 0 0 0 0 0 0 0 0 0 0 0]
[523577857126211101948642211254798979190531515327552080290573782197320124736585257856703094330993919192493574469517058500540362584520356764149159055283282850877772194337290093312251154238231980935554909982347734351553266649811517489056795775584193180035334000 0 0 1 0 0 0 0 0 0 0 0 0 0 0 0 0 0 0 0 0 0 0 0 0 0 0 0 0 0 0 0 0 0 0 0 0 0 0 0 0 0 0 0 0 0 0 0 0 0 0 0 0 0 0 0 0 0 0 0 0 0 0 0 0 0 0 0 0 0 0 0 0 0 0 0 0 0 0 0 0 0 0 0 0 0]
[4739851642747350465335268646467661890826111203319237617198191309215299666547258990062117574434397046338611625233144042601080841154024828717382443217695270683591850115446266149963752669289651423053205393693711154512689018938982281701034813510879134754142964090 0 0 0 1 0 0 0 0 0 0 0 0 0 0 0 0 0 0 0 0 0 0 0 0 0 0 0 0 0 0 0 0 0 0 0 0 0 0 0 0 0 0 0 0 0 0 0 0 0 0 0 0 0 0 0 0 0 0 0 0 0 0 0 0 0 0 0 0 0 0 0 0 0 0 0 0 0 0 0 0 0 0 0 0 0]
[3091189698329869935860414272682136744064474675314242322286517045400287700711248218762796791905284947621002710436112896171800396859630783677011154802587175317190645693007408668365409477798898160375820231318267471128755451047800722668944072694907460700823422552 0 0 0 0 1 0 0 0 0 0 0 0 0 0 0 0 0 0 0 0 0 0 0 0 0 0 0 0 0 0 0 0 0 0 0 0 0 0 0 0 0 0 0 0 0 0 0 0 0 0 0 0 0 0 0 0 0 0 0 0 0 0 0 0 0 0 0 0 0 0 0 0 0 0 0 0 0 0 0 0 0 0 0 0 0]
[5202288427781071671491718256069802838616881139608713916689644651158404424634462421043180384049564766620528043890782865468292704696989663161460956296800993687947578148188301236754437391307497418069067928933024285499386241690823138160491510808391616758295321156 0 0 0 0 0 1 0 0 0 0 0 0 0 0 0 0 0 0 0 0 0 0 0 0 0 0 0 0 0 0 0 0 0 0 0 0 0 0 0 0 0 0 0 0 0 0 0 0 0 0 0 0 0 0 0 0 0 0 0 0 0 0 0 0 0 0 0 0 0 0 0 0 0 0 0 0 0 0 0 0 0 0 0 0 0]
[2888238522071301711381598495926477524033634608330624600605779479982306514821915140795511865541914395225599571225803781451704270683961866567462016486627165824254988321109319353743666521696070196461943438531227152030759248128685810036616995197187445700180613139 0 0 0 0 0 0 1 0 0 0 0 0 0 0 0 0 0 0 0 0 0 0 0 0 0 0 0 0 0 0 0 0 0 0 0 0 0 0 0 0 0 0 0 0 0 0 0 0 0 0 0 0 0 0 0 0 0 0 0 0 0 0 0 0 0 0 0 0 0 0 0 0 0 0 0 0 0 0 0 0 0 0 0 0 0]
[3921760179745422566689368056646445143663031613572746610165736005264112292502472060442659333598306716801108815042820216020990180789147880686647779192369378061173663296007631881873302239106835055217408926876984574240231575946159326439859057560908604812075640614 0 0 0 0 0 0 0 1 0 0 0 0 0 0 0 0 0 0 0 0 0 0 0 0 0 0 0 0 0 0 0 0 0 0 0 0 0 0 0 0 0 0 0 0 0 0 0 0 0 0 0 0 0 0 0 0 0 0 0 0 0 0 0 0 0 0 0 0 0 0 0 0 0 0 0 0 0 0 0 0 0 0 0 0 0]
[2637319338196707193063828145794970575253628668075209354566011263806549536455076028598084381730168047847980882490202490815335344263392875969430014921359174373478686618518259814487359545179115066692486742902499168578777520754415072595326087718021707509995411180 0 0 0 0 0 0 0 0 1 0 0 0 0 0 0 0 0 0 0 0 0 0 0 0 0 0 0 0 0 0 0 0 0 0 0 0 0 0 0 0 0 0 0 0 0 0 0 0 0 0 0 0 0 0 0 0 0 0 0 0 0 0 0 0 0 0 0 0 0 0 0 0 0 0 0 0 0 0 0 0 0 0 0 0 0]
[4756368807995084795052860570179014269050361491322769502472068644863387834249232259943256339554974488510725042700697213166172834198986286764065049044117477464712989188242859035289379597837801884585165940066939851582012032256775227897194077131437054665363160842 0 0 0 0 0 0 0 0 0 1 0 0 0 0 0 0 0 0 0 0 0 0 0 0 0 0 0 0 0 0 0 0 0 0 0 0 0 0 0 0 0 0 0 0 0 0 0 0 0 0 0 0 0 0 0 0 0 0 0 0 0 0 0 0 0 0 0 0 0 0 0 0 0 0 0 0 0 0 0 0 0 0 0 0 0]
[3896448088681279493653615089940026201592161907846756311918935217676888333393406626229894472606819486306557448870037827067550893525228566169291679187565120323213418922201542716593793894398252690036496235681089066737449107281850218460140852078749628775786538545 0 0 0 0 0 0 0 0 0 0 1 0 0 0 0 0 0 0 0 0 0 0 0 0 0 0 0 0 0 0 0 0 0 0 0 0 0 0 0 0 0 0 0 0 0 0 0 0 0 0 0 0 0 0 0 0 0 0 0 0 0 0 0 0 0 0 0 0 0 0 0 0 0 0 0 0 0 0 0 0 0 0 0 0 0]
[5792948908955449144453383630153530113017900799159078349042556948506685943881330158696427116453605270137387208111009564349195526807827482319187718852137488112823134365646458840576914739163687226213670330175384947501563165919808799979218058736693537488443226284 0 0 0 0 0 0 0 0 0 0 0 1 0 0 0 0 0 0 0 0 0 0 0 0 0 0 0 0 0 0 0 0 0 0 0 0 0 0 0 0 0 0 0 0 0 0 0 0 0 0 0 0 0 0 0 0 0 0 0 0 0 0 0 0 0 0 0 0 0 0 0 0 0 0 0 0 0 0 0 0 0 0 0 0 0]
[5516802078452955867000670228532537102668794305346301900656251852116502740492126148799964096492104115334196440710813549994170141615633783310067073229507147167288299535524019549440314380241949752179182794636796820024537960691247252778939979604875820024353546970 0 0 0 0 0 0 0 0 0 0 0 0 1 0 0 0 0 0 0 0 0 0 0 0 0 0 0 0 0 0 0 0 0 0 0 0 0 0 0 0 0 0 0 0 0 0 0 0 0 0 0 0 0 0 0 0 0 0 0 0 0 0 0 0 0 0 0 0 0 0 0 0 0 0 0 0 0 0 0 0 0 0 0 0 0]
[5447665189504809788591183110454394409728383413964181203985988561174806894851467962590363595394651186712833731289612518822592360527384799782664384253392082266321147769877991524615027397448307529111234502560106664866472336752093734550498826720778146394894149601 0 0 0 0 0 0 0 0 0 0 0 0 0 1 0 0 0 0 0 0 0 0 0 0 0 0 0 0 0 0 0 0 0 0 0 0 0 0 0 0 0 0 0 0 0 0 0 0 0 0 0 0 0 0 0 0 0 0 0 0 0 0 0 0 0 0 0 0 0 0 0 0 0 0 0 0 0 0 0 0 0 0 0 0 0]
[4542829955229792816277474483985909673876731072226381690570596669461021414282746344389526377694970687821455275404278030004510320319036414274857404999527288527594263737494938857849559797184737796421599360931184299422389980836132594112459935964999664323260966844 0 0 0 0 0 0 0 0 0 0 0 0 0 0 1 0 0 0 0 0 0 0 0 0 0 0 0 0 0 0 0 0 0 0 0 0 0 0 0 0 0 0 0 0 0 0 0 0 0 0 0 0 0 0 0 0 0 0 0 0 0 0 0 0 0 0 0 0 0 0 0 0 0 0 0 0 0 0 0 0 0 0 0 0 0]
[4394462496785253409432001263346121740746798843082237193436488565995425820086321539566812983589925379274882939972343672590251117999117696232896568266392063964033736516728330452482767079021292628403674328741141390961024358597635269206769412485577788746764119547 0 0 0 0 0 0 0 0 0 0 0 0 0 0 0 1 0 0 0 0 0 0 0 0 0 0 0 0 0 0 0 0 0 0 0 0 0 0 0 0 0 0 0 0 0 0 0 0 0 0 0 0 0 0 0 0 0 0 0 0 0 0 0 0 0 0 0 0 0 0 0 0 0 0 0 0 0 0 0 0 0 0 0 0 0]
[2846353928649019707539090448835423520630348966680618822133118361864282321396175874727883333517575349948227178243810355581204742447512499307187153360142895939739197556054928895067519381322587028393091914117510059594610677255957560050600048242012772436289573339 0 0 0 0 0 0 0 0 0 0 0 0 0 0 0 0 1 0 0 0 0 0 0 0 0 0 0 0 0 0 0 0 0 0 0 0 0 0 0 0 0 0 0 0 0 0 0 0 0 0 0 0 0 0 0 0 0 0 0 0 0 0 0 0 0 0 0 0 0 0 0 0 0 0 0 0 0 0 0 0 0 0 0 0 0]
[360587295571668015345303835016211490802838494842508075897959781439281551172740621775226821511332102156946659773632443194969786734113126193110022835695662137076410673246759753920106397344464618529799043849955985362851734226705743902916520035059641430155807240 0 0 0 0 0 0 0 0 0 0 0 0 0 0 0 0 0 1 0 0 0 0 0 0 0 0 0 0 0 0 0 0 0 0 0 0 0 0 0 0 0 0 0 0 0 0 0 0 0 0 0 0 0 0 0 0 0 0 0 0 0 0 0 0 0 0 0 0 0 0 0 0 0 0 0 0 0 0 0 0 0 0 0 0 0]
[6023666605418285458956028174795304306144028602555452665321689161353636956213383325259022582366718129964245198911789441884831974255750000007223072536110674962878564138121977584089389968814477290725088595955884701729403148761097845967527513144473717049767887381 0 0 0 0 0 0 0 0 0 0 0 0 0 0 0 0 0 0 1 0 0 0 0 0 0 0 0 0 0 0 0 0 0 0 0 0 0 0 0 0 0 0 0 0 0 0 0 0 0 0 0 0 0 0 0 0 0 0 0 0 0 0 0 0 0 0 0 0 0 0 0 0 0 0 0 0 0 0 0 0 0 0 0 0 0]
[5379926902666590521086201407592787819676942583266139857373924810174926832393723660489506961686327231300472185246485143134250120498288472092763595143649180614293634879126225456499242923741483857979577237705961499586175093176451695430074199461594763245509823359 0 0 0 0 0 0 0 0 0 0 0 0 0 0 0 0 0 0 0 1 0 0 0 0 0 0 0 0 0 0 0 0 0 0 0 0 0 0 0 0 0 0 0 0 0 0 0 0 0 0 0 0 0 0 0 0 0 0 0 0 0 0 0 0 0 0 0 0 0 0 0 0 0 0 0 0 0 0 0 0 0 0 0 0 0]
[4022456197601704223703395204464368190223344630237972060918550343002692276265939668892915520597620655809209889703407928714149657396691328367675285731985455607896384377444969922895681487054521256030706467416264956680851784919207289570369128681815211406088164476 0 0 0 0 0 0 0 0 0 0 0 0 0 0 0 0 0 0 0 0 1 0 0 0 0 0 0 0 0 0 0 0 0 0 0 0 0 0 0 0 0 0 0 0 0 0 0 0 0 0 0 0 0 0 0 0 0 0 0 0 0 0 0 0 0 0 0 0 0 0 0 0 0 0 0 0 0 0 0 0 0 0 0 0 0]
[3905171300542896196492463954986643266661082663959024440461499889397755802687575687712005664360774074673866037065200078132765667375263168474618762732175794132440067040014223153198352023337518756309385618057973157494051155616947508010463305313234678425830384696 0 0 0 0 0 0 0 0 0 0 0 0 0 0 0 0 0 0 0 0 0 1 0 0 0 0 0 0 0 0 0 0 0 0 0 0 0 0 0 0 0 0 0 0 0 0 0 0 0 0 0 0 0 0 0 0 0 0 0 0 0 0 0 0 0 0 0 0 0 0 0 0 0 0 0 0 0 0 0 0 0 0 0 0 0]
[533902710069395321969860167404473016397515216714979956209148157436699553439772708779365503126080242319388617487879368328597627602507329594510627548233419893918497347705875051056788059522028382627886824047671092513244069509965926552619551608841289624249752131 0 0 0 0 0 0 0 0 0 0 0 0 0 0 0 0 0 0 0 0 0 0 1 0 0 0 0 0 0 0 0 0 0 0 0 0 0 0 0 0 0 0 0 0 0 0 0 0 0 0 0 0 0 0 0 0 0 0 0 0 0 0 0 0 0 0 0 0 0 0 0 0 0 0 0 0 0 0 0 0 0 0 0 0 0]
[2420324198541506608838036304537800080901460002771437837588716239868537343567827294167630367253204237915964127473108731715408772285345771340437271723874693721685510732523720531419153998364605491576819200230021688014438222975219814541778380606672773936729267161 0 0 0 0 0 0 0 0 0 0 0 0 0 0 0 0 0 0 0 0 0 0 0 1 0 0 0 0 0 0 0 0 0 0 0 0 0 0 0 0 0 0 0 0 0 0 0 0 0 0 0 0 0 0 0 0 0 0 0 0 0 0 0 0 0 0 0 0 0 0 0 0 0 0 0 0 0 0 0 0 0 0 0 0 0]
[5509333349101184237670043107876600757338711220995750914968431383197559169567557402436110443641795518726567955889519321024012084232245700889513676269387268052151600574636848726454439155465018879908512361705873228541501202846998850532075028293575208010762255676 0 0 0 0 0 0 0 0 0 0 0 0 0 0 0 0 0 0 0 0 0 0 0 0 1 0 0 0 0 0 0 0 0 0 0 0 0 0 0 0 0 0 0 0 0 0 0 0 0 0 0 0 0 0 0 0 0 0 0 0 0 0 0 0 0 0 0 0 0 0 0 0 0 0 0 0 0 0 0 0 0 0 0 0 0]
[4786623107720886423465361998564392997670200275206039758683578270327994522087797856426201257628109396049285640800415451618845947209090933555310920116838717002386504832399902274368910402646682394032788124404252247346824744554772418280982872610554100464865772068 0 0 0 0 0 0 0 0 0 0 0 0 0 0 0 0 0 0 0 0 0 0 0 0 0 1 0 0 0 0 0 0 0 0 0 0 0 0 0 0 0 0 0 0 0 0 0 0 0 0 0 0 0 0 0 0 0 0 0 0 0 0 0 0 0 0 0 0 0 0 0 0 0 0 0 0 0 0 0 0 0 0 0 0 0]
[1760533780149817752409248352426335409528725518862868486405269638429635748163196267203241688223523490539563998988260444031621503209442041596170356525765298136503683314671438301420244606117253364518574510689442639898375143389343068365622747264993532205376018146 0 0 0 0 0 0 0 0 0 0 0 0 0 0 0 0 0 0 0 0 0 0 0 0 0 0 1 0 0 0 0 0 0 0 0 0 0 0 0 0 0 0 0 0 0 0 0 0 0 0 0 0 0 0 0 0 0 0 0 0 0 0 0 0 0 0 0 0 0 0 0 0 0 0 0 0 0 0 0 0 0 0 0 0 0]
[752940202019307562871965479994332698942877668456455807297664789996743691203435037088380521622587751801946384589018162385206192381474476653594070044011030191355862085155246912539384303630282523493523173300980492853372602193001738369510615382954967824042685092 0 0 0 0 0 0 0 0 0 0 0 0 0 0 0 0 0 0 0 0 0 0 0 0 0 0 0 1 0 0 0 0 0 0 0 0 0 0 0 0 0 0 0 0 0 0 0 0 0 0 0 0 0 0 0 0 0 0 0 0 0 0 0 0 0 0 0 0 0 0 0 0 0 0 0 0 0 0 0 0 0 0 0 0 0]
[5894972756852705017092721860205724996676262151892593511227034057012499683469274466289201915338502939683816278302529140840636330349600054285307923899559950133110088587705859851993448542131538179017789105200028410663088372244176557279950797635607296530110293972 0 0 0 0 0 0 0 0 0 0 0 0 0 0 0 0 0 0 0 0 0 0 0 0 0 0 0 0 1 0 0 0 0 0 0 0 0 0 0 0 0 0 0 0 0 0 0 0 0 0 0 0 0 0 0 0 0 0 0 0 0 0 0 0 0 0 0 0 0 0 0 0 0 0 0 0 0 0 0 0 0 0 0 0 0]
[2818639189854400424862774470402142087479816954167895298297777649962067419713736186468961048330691210011395249340838756147202913295695451574857497738172507312494451598223354534905128893894111321707826358526432076605792348053796569460667514558223462923377224165 0 0 0 0 0 0 0 0 0 0 0 0 0 0 0 0 0 0 0 0 0 0 0 0 0 0 0 0 0 1 0 0 0 0 0 0 0 0 0 0 0 0 0 0 0 0 0 0 0 0 0 0 0 0 0 0 0 0 0 0 0 0 0 0 0 0 0 0 0 0 0 0 0 0 0 0 0 0 0 0 0 0 0 0 0]
[190056045171273789979992413316570340899185902043122305496916487857542657875337974390305217943716447517776272291530566185670971747033880144494860430256353774239727901253318416272975707596049156613365533679166861153728311499712603067403232582111195612529462344 0 0 0 0 0 0 0 0 0 0 0 0 0 0 0 0 0 0 0 0 0 0 0 0 0 0 0 0 0 0 1 0 0 0 0 0 0 0 0 0 0 0 0 0 0 0 0 0 0 0 0 0 0 0 0 0 0 0 0 0 0 0 0 0 0 0 0 0 0 0 0 0 0 0 0 0 0 0 0 0 0 0 0 0 0]
[4862015788344299699753103120269210390886736077548978191654678194547221034121025069519797096248197002048115604787221528660225313783205338844945771536320807198820127929332513441146871180970492893692516226942548222473344419181120473717681557773542869013663325115 0 0 0 0 0 0 0 0 0 0 0 0 0 0 0 0 0 0 0 0 0 0 0 0 0 0 0 0 0 0 0 1 0 0 0 0 0 0 0 0 0 0 0 0 0 0 0 0 0 0 0 0 0 0 0 0 0 0 0 0 0 0 0 0 0 0 0 0 0 0 0 0 0 0 0 0 0 0 0 0 0 0 0 0 0]
[4255311926153301930328645104951341244088042517701291521469822760020995303279142796486774485792425276824653804702898959320792013543913647814467833488853686832771585396862746165059898474542001173691932468529824107441606774506047142681564982991440336754242527149 0 0 0 0 0 0 0 0 0 0 0 0 0 0 0 0 0 0 0 0 0 0 0 0 0 0 0 0 0 0 0 0 1 0 0 0 0 0 0 0 0 0 0 0 0 0 0 0 0 0 0 0 0 0 0 0 0 0 0 0 0 0 0 0 0 0 0 0 0 0 0 0 0 0 0 0 0 0 0 0 0 0 0 0 0]
[4714758200676362765956959280079933970906097704272060259581681857670341488060203962773079440853401081773008909124128542122950509164959046543700402221549325151992692449148012895691418583643490986572382932190375955104521156771747252031379731380731649526008762282 0 0 0 0 0 0 0 0 0 0 0 0 0 0 0 0 0 0 0 0 0 0 0 0 0 0 0 0 0 0 0 0 0 1 0 0 0 0 0 0 0 0 0 0 0 0 0 0 0 0 0 0 0 0 0 0 0 0 0 0 0 0 0 0 0 0 0 0 0 0 0 0 0 0 0 0 0 0 0 0 0 0 0 0 0]
[4685173133409807719635816944147581241924870639733697385455070138044173845387866077992747119707591568168075651625674563179664796349394662107411762820315113542539521500121641365056349007046708144507382542487373451546804024786491078105612760770437274226151865767 0 0 0 0 0 0 0 0 0 0 0 0 0 0 0 0 0 0 0 0 0 0 0 0 0 0 0 0 0 0 0 0 0 0 1 0 0 0 0 0 0 0 0 0 0 0 0 0 0 0 0 0 0 0 0 0 0 0 0 0 0 0 0 0 0 0 0 0 0 0 0 0 0 0 0 0 0 0 0 0 0 0 0 0 0]
[5802814951334213451508632703047749369164570374515047996386005506868142217063143919881897129924367741215274259612435165436876509298051332813979871098648001126195013275263892662749490481824567622358350704749438976192616510585798671768016425767281720893746283444 0 0 0 0 0 0 0 0 0 0 0 0 0 0 0 0 0 0 0 0 0 0 0 0 0 0 0 0 0 0 0 0 0 0 0 1 0 0 0 0 0 0 0 0 0 0 0 0 0 0 0 0 0 0 0 0 0 0 0 0 0 0 0 0 0 0 0 0 0 0 0 0 0 0 0 0 0 0 0 0 0 0 0 0 0]
[2733626987500076429565109107574181704417719533257237998514848700667059869258539284449793481989074682553501948857926432744232726943099850088190487565094524829719443777714419530363038408559684280922042534487417089565578255471882223635827488465304614135356921236 0 0 0 0 0 0 0 0 0 0 0 0 0 0 0 0 0 0 0 0 0 0 0 0 0 0 0 0 0 0 0 0 0 0 0 0 1 0 0 0 0 0 0 0 0 0 0 0 0 0 0 0 0 0 0 0 0 0 0 0 0 0 0 0 0 0 0 0 0 0 0 0 0 0 0 0 0 0 0 0 0 0 0 0 0]
[4461175829754177936065502541364122206255692020282402834182266418484018198240006728606507676065756359586355636607777842147479332178597557774720438074144119919229442259283152503526663577245894033937428234743330346892133490077796246982965695568748521558056076597 0 0 0 0 0 0 0 0 0 0 0 0 0 0 0 0 0 0 0 0 0 0 0 0 0 0 0 0 0 0 0 0 0 0 0 0 0 1 0 0 0 0 0 0 0 0 0 0 0 0 0 0 0 0 0 0 0 0 0 0 0 0 0 0 0 0 0 0 0 0 0 0 0 0 0 0 0 0 0 0 0 0 0 0 0]
[3843295421134832374654284152069021281602614236853096865308666875225379385889797784966265185747649198535773200290297076394204186555888199285518182128680270362588738267957126134731044392128048004017222410627894569247402284907188060947253110083381730187953619875 0 0 0 0 0 0 0 0 0 0 0 0 0 0 0 0 0 0 0 0 0 0 0 0 0 0 0 0 0 0 0 0 0 0 0 0 0 0 1 0 0 0 0 0 0 0 0 0 0 0 0 0 0 0 0 0 0 0 0 0 0 0 0 0 0 0 0 0 0 0 0 0 0 0 0 0 0 0 0 0 0 0 0 0 0]
[3340934014852869360781749742660973611659908392979978197859526499822560793290877914524907670465452928776336979538653655512627049003559132736512724856231066897220310324001026587664838817657131344468878045494291893345991690621603484151307937577424059404469352108 0 0 0 0 0 0 0 0 0 0 0 0 0 0 0 0 0 0 0 0 0 0 0 0 0 0 0 0 0 0 0 0 0 0 0 0 0 0 0 1 0 0 0 0 0 0 0 0 0 0 0 0 0 0 0 0 0 0 0 0 0 0 0 0 0 0 0 0 0 0 0 0 0 0 0 0 0 0 0 0 0 0 0 0 0]
[2605279404931691646410766471895531401185277703933243935373321505169445936973197886366705693776100747081349398067348253948255546089547131027714391961100749775035665458034981368216671129462373471144351656734691416099416413178381366658078303532245793562852644933 0 0 0 0 0 0 0 0 0 0 0 0 0 0 0 0 0 0 0 0 0 0 0 0 0 0 0 0 0 0 0 0 0 0 0 0 0 0 0 0 1 0 0 0 0 0 0 0 0 0 0 0 0 0 0 0 0 0 0 0 0 0 0 0 0 0 0 0 0 0 0 0 0 0 0 0 0 0 0 0 0 0 0 0 0]
[3644229584312045336905091708295391845158446423505551309890207591212104262228876147557459868524759187827447704892850496155842946711421815542037650303320805335358800553407038429294783265284339389802804048699784307800033272042216228961671446374835957175113179115 0 0 0 0 0 0 0 0 0 0 0 0 0 0 0 0 0 0 0 0 0 0 0 0 0 0 0 0 0 0 0 0 0 0 0 0 0 0 0 0 0 1 0 0 0 0 0 0 0 0 0 0 0 0 0 0 0 0 0 0 0 0 0 0 0 0 0 0 0 0 0 0 0 0 0 0 0 0 0 0 0 0 0 0 0]
[1929606083347728759273939089927321374306206216448497712410629024360162648017998991111814177898196606666398199037153679715184914507223528848411865201523993283134155192375571217784472849949012726291575018283906195593758957917047131670811751405327811083477177266 0 0 0 0 0 0 0 0 0 0 0 0 0 0 0 0 0 0 0 0 0 0 0 0 0 0 0 0 0 0 0 0 0 0 0 0 0 0 0 0 0 0 1 0 0 0 0 0 0 0 0 0 0 0 0 0 0 0 0 0 0 0 0 0 0 0 0 0 0 0 0 0 0 0 0 0 0 0 0 0 0 0 0 0 0]
[2960032551756063862108505755239110910542811243496338086775938718894607036175229837498832108779938325499789826982083063207659920688775497596935445221754621256947893028494841133506550839417526282900737137672367467432903654124309085047996292099035630986364789666 0 0 0 0 0 0 0 0 0 0 0 0 0 0 0 0 0 0 0 0 0 0 0 0 0 0 0 0 0 0 0 0 0 0 0 0 0 0 0 0 0 0 0 1 0 0 0 0 0 0 0 0 0 0 0 0 0 0 0 0 0 0 0 0 0 0 0 0 0 0 0 0 0 0 0 0 0 0 0 0 0 0 0 0 0]
[4662145638439103277072955556644420970841597986129199003326872321716761763521343101062474609597872623398943629738277010437426757070616515430233442101898962321137790960798204056992392541316024742627869592614264185729187303050765706274890750795684079766823200030 0 0 0 0 0 0 0 0 0 0 0 0 0 0 0 0 0 0 0 0 0 0 0 0 0 0 0 0 0 0 0 0 0 0 0 0 0 0 0 0 0 0 0 0 1 0 0 0 0 0 0 0 0 0 0 0 0 0 0 0 0 0 0 0 0 0 0 0 0 0 0 0 0 0 0 0 0 0 0 0 0 0 0 0 0]
[5082130271801619880789529239418518254954765699838604454185845123941030124123625600701956218050904851971284500588577173569932538605518023543283372372421864989615788790405221831265823077907605544909246149252474966342142682444435930000708598432407895222378473245 0 0 0 0 0 0 0 0 0 0 0 0 0 0 0 0 0 0 0 0 0 0 0 0 0 0 0 0 0 0 0 0 0 0 0 0 0 0 0 0 0 0 0 0 0 1 0 0 0 0 0 0 0 0 0 0 0 0 0 0 0 0 0 0 0 0 0 0 0 0 0 0 0 0 0 0 0 0 0 0 0 0 0 0 0]
[4275080565266931662965216557253173354538250894763155182762001328864548908130718060677489022611747647032073653801983064123263104650902499061415155648326834978337857121409446401317797605845638872199702140403586191958971675308575055923320658601701284999390273725 0 0 0 0 0 0 0 0 0 0 0 0 0 0 0 0 0 0 0 0 0 0 0 0 0 0 0 0 0 0 0 0 0 0 0 0 0 0 0 0 0 0 0 0 0 0 1 0 0 0 0 0 0 0 0 0 0 0 0 0 0 0 0 0 0 0 0 0 0 0 0 0 0 0 0 0 0 0 0 0 0 0 0 0 0]
[1262864755592508464585484770324831117699629301625985108005391633128974436895446703048060218822899886732327294596096879577854776842885221456009672854660221947144929629216102170322503542765995401048477694972992628403499198836078833721073403948749866587583550312 0 0 0 0 0 0 0 0 0 0 0 0 0 0 0 0 0 0 0 0 0 0 0 0 0 0 0 0 0 0 0 0 0 0 0 0 0 0 0 0 0 0 0 0 0 0 0 1 0 0 0 0 0 0 0 0 0 0 0 0 0 0 0 0 0 0 0 0 0 0 0 0 0 0 0 0 0 0 0 0 0 0 0 0 0]
[1806083860785212941197488506637274648425997376190239881464705472233597745998039132178238815576360508473478256836112254015499127671164571362307894968458888198374959354856505344965997709916516421482954377367109643179985567143874556657128967214468308845931508250 0 0 0 0 0 0 0 0 0 0 0 0 0 0 0 0 0 0 0 0 0 0 0 0 0 0 0 0 0 0 0 0 0 0 0 0 0 0 0 0 0 0 0 0 0 0 0 0 1 0 0 0 0 0 0 0 0 0 0 0 0 0 0 0 0 0 0 0 0 0 0 0 0 0 0 0 0 0 0 0 0 0 0 0 0]
[2778079125342392202215044847272977040126382838010703877957770471043063480308386191044223584002947499300841645021517784350765197943216360402543124434317674698830888602721658534693838612187011614640302526776441893326012935916721747991146031997883508312227445274 0 0 0 0 0 0 0 0 0 0 0 0 0 0 0 0 0 0 0 0 0 0 0 0 0 0 0 0 0 0 0 0 0 0 0 0 0 0 0 0 0 0 0 0 0 0 0 0 0 1 0 0 0 0 0 0 0 0 0 0 0 0 0 0 0 0 0 0 0 0 0 0 0 0 0 0 0 0 0 0 0 0 0 0 0]
[5959272516448169546144341687782371218246764565851390676476779155665393315196799276518173482095706668619184424224816066389509093114896842153041645559380286757750495770223349694922132894202274064207554413478768506104255554223266733754184113101686025283943652396 0 0 0 0 0 0 0 0 0 0 0 0 0 0 0 0 0 0 0 0 0 0 0 0 0 0 0 0 0 0 0 0 0 0 0 0 0 0 0 0 0 0 0 0 0 0 0 0 0 0 1 0 0 0 0 0 0 0 0 0 0 0 0 0 0 0 0 0 0 0 0 0 0 0 0 0 0 0 0 0 0 0 0 0 0]
[1029579610409444393047848003138912403744414131570130529669308299322156707062980489898582009513536665335907896250473063249091383474471355686530645657061005369320503034755720096698837715828567403554994469294180051413474170004685678882539315052554418272736331619 0 0 0 0 0 0 0 0 0 0 0 0 0 0 0 0 0 0 0 0 0 0 0 0 0 0 0 0 0 0 0 0 0 0 0 0 0 0 0 0 0 0 0 0 0 0 0 0 0 0 0 1 0 0 0 0 0 0 0 0 0 0 0 0 0 0 0 0 0 0 0 0 0 0 0 0 0 0 0 0 0 0 0 0 0]
[4652191425886504854303764481952664419646640348124546427715327355438133205752311779379508941221577305015860487913203468530346376500300333993159547372603574244544774620783279781958987023073984968877095124669275730880003303144152882271909345928845125121729333806 0 0 0 0 0 0 0 0 0 0 0 0 0 0 0 0 0 0 0 0 0 0 0 0 0 0 0 0 0 0 0 0 0 0 0 0 0 0 0 0 0 0 0 0 0 0 0 0 0 0 0 0 1 0 0 0 0 0 0 0 0 0 0 0 0 0 0 0 0 0 0 0 0 0 0 0 0 0 0 0 0 0 0 0 0]
[2360634447212950838901911337472400355757609868221221345062589539669865284385821228097605397734226767102811083157950107216934740479885979034304583871446078686410221717041477449067125471611009381954745084716928872498203012957315542384370520048676409325102898896 0 0 0 0 0 0 0 0 0 0 0 0 0 0 0 0 0 0 0 0 0 0 0 0 0 0 0 0 0 0 0 0 0 0 0 0 0 0 0 0 0 0 0 0 0 0 0 0 0 0 0 0 0 1 0 0 0 0 0 0 0 0 0 0 0 0 0 0 0 0 0 0 0 0 0 0 0 0 0 0 0 0 0 0 0]
[5933616283712895264941573857125858474805186564005763748910073421908888723468681461317170672832563933664159337554234215538488814430155939412812564143478453100308830537925827816030215237346750653207188606523754469463470117488003656336774029146481207324626450874 0 0 0 0 0 0 0 0 0 0 0 0 0 0 0 0 0 0 0 0 0 0 0 0 0 0 0 0 0 0 0 0 0 0 0 0 0 0 0 0 0 0 0 0 0 0 0 0 0 0 0 0 0 0 1 0 0 0 0 0 0 0 0 0 0 0 0 0 0 0 0 0 0 0 0 0 0 0 0 0 0 0 0 0 0]
[4926385391469919382006863594817406451961461349623912569803491063110329759945970008045636551131087639075096911020428478294000913235713357873734649804438423794254100757202556949571446526914032043228318239010987845405364936429220321518023690408340148214829535032 0 0 0 0 0 0 0 0 0 0 0 0 0 0 0 0 0 0 0 0 0 0 0 0 0 0 0 0 0 0 0 0 0 0 0 0 0 0 0 0 0 0 0 0 0 0 0 0 0 0 0 0 0 0 0 1 0 0 0 0 0 0 0 0 0 0 0 0 0 0 0 0 0 0 0 0 0 0 0 0 0 0 0 0 0]
[1617589925058319631417609625908276223139620659149157506494076715649463403386261271464620530611223409764449750425944128810020379808746148658467257110754690462889363202327857693657299041850941954997001660775137847259483752796346485189377295001346976829247592201 0 0 0 0 0 0 0 0 0 0 0 0 0 0 0 0 0 0 0 0 0 0 0 0 0 0 0 0 0 0 0 0 0 0 0 0 0 0 0 0 0 0 0 0 0 0 0 0 0 0 0 0 0 0 0 0 1 0 0 0 0 0 0 0 0 0 0 0 0 0 0 0 0 0 0 0 0 0 0 0 0 0 0 0 0]
[2639160010463398226709268573659857965626892391294541270938163856738838671998914879519309847194072070271958974426818702762979786948364188749666432314964258238304289223341185474533469184269233923421433201866178050664152769947926185310502516736902785271706336801 0 0 0 0 0 0 0 0 0 0 0 0 0 0 0 0 0 0 0 0 0 0 0 0 0 0 0 0 0 0 0 0 0 0 0 0 0 0 0 0 0 0 0 0 0 0 0 0 0 0 0 0 0 0 0 0 0 1 0 0 0 0 0 0 0 0 0 0 0 0 0 0 0 0 0 0 0 0 0 0 0 0 0 0 0]
[2662741861906061333241784457760596915476760318282408536183059590337503277563891130410265865271272057031910370210517264747962489712750457901063258375976896732794164991402669484458240456960692905778912230241026930510193468384543866836631860102041144391136924924 0 0 0 0 0 0 0 0 0 0 0 0 0 0 0 0 0 0 0 0 0 0 0 0 0 0 0 0 0 0 0 0 0 0 0 0 0 0 0 0 0 0 0 0 0 0 0 0 0 0 0 0 0 0 0 0 0 0 1 0 0 0 0 0 0 0 0 0 0 0 0 0 0 0 0 0 0 0 0 0 0 0 0 0 0]
[1810516040246404150140998196684731614813822716798374667778040603203585319280423425160355299024137318848307933034562688361023702501263342667633874550324769976477827501227922738909657569561924002259225438744877805730760171088688642150246716475905887393174924707 0 0 0 0 0 0 0 0 0 0 0 0 0 0 0 0 0 0 0 0 0 0 0 0 0 0 0 0 0 0 0 0 0 0 0 0 0 0 0 0 0 0 0 0 0 0 0 0 0 0 0 0 0 0 0 0 0 0 0 1 0 0 0 0 0 0 0 0 0 0 0 0 0 0 0 0 0 0 0 0 0 0 0 0 0]
[4561969166768861820741767985290103693539555877391490721078461649554714193796567659722431356983630070209926890811634337222470632383141848838697573500749218647581206756918750558117303806959613847450850238000155077554252376034358290299219167736820217196466999091 0 0 0 0 0 0 0 0 0 0 0 0 0 0 0 0 0 0 0 0 0 0 0 0 0 0 0 0 0 0 0 0 0 0 0 0 0 0 0 0 0 0 0 0 0 0 0 0 0 0 0 0 0 0 0 0 0 0 0 0 1 0 0 0 0 0 0 0 0 0 0 0 0 0 0 0 0 0 0 0 0 0 0 0 0]
[3352785236664453853705275912036120219160854769476040794205457196283752405696551453929530105119250430781294676268013950413785233421513497267671194747509988910265680928461569047124543551004704270664860482675813998140058745069204890902535006803732152783498645969 0 0 0 0 0 0 0 0 0 0 0 0 0 0 0 0 0 0 0 0 0 0 0 0 0 0 0 0 0 0 0 0 0 0 0 0 0 0 0 0 0 0 0 0 0 0 0 0 0 0 0 0 0 0 0 0 0 0 0 0 0 1 0 0 0 0 0 0 0 0 0 0 0 0 0 0 0 0 0 0 0 0 0 0 0]
[3325943575898973628466320952152369646224150980270030972216799578465859989755938712467084437764469168060935647269272794691414903446452035243868954306819878677506500936202276358764838090171899862279277687212027639529284448297051372440535144034510634776549008354 0 0 0 0 0 0 0 0 0 0 0 0 0 0 0 0 0 0 0 0 0 0 0 0 0 0 0 0 0 0 0 0 0 0 0 0 0 0 0 0 0 0 0 0 0 0 0 0 0 0 0 0 0 0 0 0 0 0 0 0 0 0 1 0 0 0 0 0 0 0 0 0 0 0 0 0 0 0 0 0 0 0 0 0 0]
[4369964931393597592965553749783551305608376545717369184579921874765291012167271582534999108151159926724048931549274184332928693649534964926310350956434404283747378916139471889181179756495887811379943762392499981332252153444309053514592518653614182756593871801 0 0 0 0 0 0 0 0 0 0 0 0 0 0 0 0 0 0 0 0 0 0 0 0 0 0 0 0 0 0 0 0 0 0 0 0 0 0 0 0 0 0 0 0 0 0 0 0 0 0 0 0 0 0 0 0 0 0 0 0 0 0 0 1 0 0 0 0 0 0 0 0 0 0 0 0 0 0 0 0 0 0 0 0 0]
[4295054037153069421266042497447893544970535853300664878182750319348865582657211453706627081042414185233546683728918664156591433894635148836691076018217044974230471087792588817044694501931436502722372942396168751574044794500605188923298085073501358183629779682 0 0 0 0 0 0 0 0 0 0 0 0 0 0 0 0 0 0 0 0 0 0 0 0 0 0 0 0 0 0 0 0 0 0 0 0 0 0 0 0 0 0 0 0 0 0 0 0 0 0 0 0 0 0 0 0 0 0 0 0 0 0 0 0 1 0 0 0 0 0 0 0 0 0 0 0 0 0 0 0 0 0 0 0 0]
[5868741915661235794185716393525121339089621656242539723196245761728497932926543310083571356785430018142352215018176734105376824153470037927521584811921176793986261776659615082269173187899891675699807996934355885637295741405743091868874398037834796261717757254 0 0 0 0 0 0 0 0 0 0 0 0 0 0 0 0 0 0 0 0 0 0 0 0 0 0 0 0 0 0 0 0 0 0 0 0 0 0 0 0 0 0 0 0 0 0 0 0 0 0 0 0 0 0 0 0 0 0 0 0 0 0 0 0 0 1 0 0 0 0 0 0 0 0 0 0 0 0 0 0 0 0 0 0 0]
[4351817374655896242241023078214289749799079162966590668826732366149199353455774466631520986196379295917401858020041957058479382640032383964305062309798351852075366461475565131262419173624968130922213847163082379191150015836012737794930059651841492211161061402 0 0 0 0 0 0 0 0 0 0 0 0 0 0 0 0 0 0 0 0 0 0 0 0 0 0 0 0 0 0 0 0 0 0 0 0 0 0 0 0 0 0 0 0 0 0 0 0 0 0 0 0 0 0 0 0 0 0 0 0 0 0 0 0 0 0 1 0 0 0 0 0 0 0 0 0 0 0 0 0 0 0 0 0 0]
[4544980580874788861345099571426072448137184083766090587653194049191475019034146134965777971264375258109244580021886580065452379889190378904388504928469843616302819050130789794635431334057612336311401511646524891367983286828853527592507063960210270793964661831 0 0 0 0 0 0 0 0 0 0 0 0 0 0 0 0 0 0 0 0 0 0 0 0 0 0 0 0 0 0 0 0 0 0 0 0 0 0 0 0 0 0 0 0 0 0 0 0 0 0 0 0 0 0 0 0 0 0 0 0 0 0 0 0 0 0 0 1 0 0 0 0 0 0 0 0 0 0 0 0 0 0 0 0 0]
[5523190316518643702640122564307088985677664568805994069224410152471974202858568888650410122946003351361042511915668801614520112841318413666014965517585587972342415522527949579640705716061931307767672390031099201888836124854981353480901029993328661571817010400 0 0 0 0 0 0 0 0 0 0 0 0 0 0 0 0 0 0 0 0 0 0 0 0 0 0 0 0 0 0 0 0 0 0 0 0 0 0 0 0 0 0 0 0 0 0 0 0 0 0 0 0 0 0 0 0 0 0 0 0 0 0 0 0 0 0 0 0 1 0 0 0 0 0 0 0 0 0 0 0 0 0 0 0 0]
[2972974354118770050511382416126617694987820470755060876100299915561101495988583403993824964440268671269233934288538187255186610674548657912028822939571203520345515042949466535390951325321945226372069951863045174081813875089510061785942453684593391933527760513 0 0 0 0 0 0 0 0 0 0 0 0 0 0 0 0 0 0 0 0 0 0 0 0 0 0 0 0 0 0 0 0 0 0 0 0 0 0 0 0 0 0 0 0 0 0 0 0 0 0 0 0 0 0 0 0 0 0 0 0 0 0 0 0 0 0 0 0 0 1 0 0 0 0 0 0 0 0 0 0 0 0 0 0 0]
[1213511908124384063886035893550029662113935124103662503450185697020106605184058932837030566153262904002933516570622581483833852184036165649527130247594833244066086134800907890505527400381980140020659679213400967682633310305259364195912223220783518798228017008 0 0 0 0 0 0 0 0 0 0 0 0 0 0 0 0 0 0 0 0 0 0 0 0 0 0 0 0 0 0 0 0 0 0 0 0 0 0 0 0 0 0 0 0 0 0 0 0 0 0 0 0 0 0 0 0 0 0 0 0 0 0 0 0 0 0 0 0 0 0 1 0 0 0 0 0 0 0 0 0 0 0 0 0 0]
[1734281482351519629325997700422927991684867387511480299176330724035227041665552049636357208499511627773938032221328886362644599573708220741958720459899519920883148513200001531889684443902566023907447448438608198788666543416652002132952789666343663882938061086 0 0 0 0 0 0 0 0 0 0 0 0 0 0 0 0 0 0 0 0 0 0 0 0 0 0 0 0 0 0 0 0 0 0 0 0 0 0 0 0 0 0 0 0 0 0 0 0 0 0 0 0 0 0 0 0 0 0 0 0 0 0 0 0 0 0 0 0 0 0 0 1 0 0 0 0 0 0 0 0 0 0 0 0 0]
[3992195245432402129732848381501327462127202479172235647174063903507976925505143721516473322219597792966174348397837518171830932669790221555664126126731936415002980167919935738403415912224017490657881275342560773441552050805234269870235368705821455129682842151 0 0 0 0 0 0 0 0 0 0 0 0 0 0 0 0 0 0 0 0 0 0 0 0 0 0 0 0 0 0 0 0 0 0 0 0 0 0 0 0 0 0 0 0 0 0 0 0 0 0 0 0 0 0 0 0 0 0 0 0 0 0 0 0 0 0 0 0 0 0 0 0 1 0 0 0 0 0 0 0 0 0 0 0 0]
[5662661895629006636934577270389242163480769016358194622325257425401005625177360738192161277797080417209879660704652777987788799660775790551076458065383784152629121093541753673132104457733729973055127445577629554179512365632394023662686805448827352437857218897 0 0 0 0 0 0 0 0 0 0 0 0 0 0 0 0 0 0 0 0 0 0 0 0 0 0 0 0 0 0 0 0 0 0 0 0 0 0 0 0 0 0 0 0 0 0 0 0 0 0 0 0 0 0 0 0 0 0 0 0 0 0 0 0 0 0 0 0 0 0 0 0 0 1 0 0 0 0 0 0 0 0 0 0 0]
[2349740123706131774621503122868121703064266541679084148818593965397951433559055352883250983657159981758815202915814381170850011158608121266348115042317892041284128164583980927831856224708136058526936138149162326118202152803498073842414977958020029892701387706 0 0 0 0 0 0 0 0 0 0 0 0 0 0 0 0 0 0 0 0 0 0 0 0 0 0 0 0 0 0 0 0 0 0 0 0 0 0 0 0 0 0 0 0 0 0 0 0 0 0 0 0 0 0 0 0 0 0 0 0 0 0 0 0 0 0 0 0 0 0 0 0 0 0 1 0 0 0 0 0 0 0 0 0 0]
[4864929789158284841659749266714846346663029346584316575338266253793124294542314846228751964923173762280960771039287070368646279941843980701475464165758779540031078792828093428238031217687618301129484847788574431072275465908605486268367548678923245963229292617 0 0 0 0 0 0 0 0 0 0 0 0 0 0 0 0 0 0 0 0 0 0 0 0 0 0 0 0 0 0 0 0 0 0 0 0 0 0 0 0 0 0 0 0 0 0 0 0 0 0 0 0 0 0 0 0 0 0 0 0 0 0 0 0 0 0 0 0 0 0 0 0 0 0 0 1 0 0 0 0 0 0 0 0 0]
[1936257282618467608503067311109220541968093824119290860684798269396072310614286851429845974313195438329267237959215859169128682583362443842286924001587991354686617549065125395366303748341520631277894857145452593792125516767581799911719356252603062140767104533 0 0 0 0 0 0 0 0 0 0 0 0 0 0 0 0 0 0 0 0 0 0 0 0 0 0 0 0 0 0 0 0 0 0 0 0 0 0 0 0 0 0 0 0 0 0 0 0 0 0 0 0 0 0 0 0 0 0 0 0 0 0 0 0 0 0 0 0 0 0 0 0 0 0 0 0 1 0 0 0 0 0 0 0 0]
[4323669312855541521974896103425875385015006235394088372982183782001989712606946563171644790786914954797360821000595637872066745941053769317190681793400875866511903979893905383646315848600197761026116098917672841413626990176493253216298192774642698746499947905 0 0 0 0 0 0 0 0 0 0 0 0 0 0 0 0 0 0 0 0 0 0 0 0 0 0 0 0 0 0 0 0 0 0 0 0 0 0 0 0 0 0 0 0 0 0 0 0 0 0 0 0 0 0 0 0 0 0 0 0 0 0 0 0 0 0 0 0 0 0 0 0 0 0 0 0 0 1 0 0 0 0 0 0 0]
[1049869523008323106513484545695772452359416741757799767672200840629159986841667041637112682840247407847013468088255340362645836303370384153299238475709726967607384308190790861498915335386488752154389602575735110126131293267387248715177891084799310373786584271 0 0 0 0 0 0 0 0 0 0 0 0 0 0 0 0 0 0 0 0 0 0 0 0 0 0 0 0 0 0 0 0 0 0 0 0 0 0 0 0 0 0 0 0 0 0 0 0 0 0 0 0 0 0 0 0 0 0 0 0 0 0 0 0 0 0 0 0 0 0 0 0 0 0 0 0 0 0 1 0 0 0 0 0 0]
[5790103465082489884240601449986429391528078246599168764290184918901527818263220549156342953475462694760936537504933338548179680578260651177749381854767029177735957193762985170290479851135375419782423413818669155340868759613839565645925811299214862138796765316 0 0 0 0 0 0 0 0 0 0 0 0 0 0 0 0 0 0 0 0 0 0 0 0 0 0 0 0 0 0 0 0 0 0 0 0 0 0 0 0 0 0 0 0 0 0 0 0 0 0 0 0 0 0 0 0 0 0 0 0 0 0 0 0 0 0 0 0 0 0 0 0 0 0 0 0 0 0 0 1 0 0 0 0 0]
[5497441231154942907846314025071502877814849919344226783171645687795668418209335675385383126225459583361389678610697991428343425956076217243121633722787949961648293720934066544143850309254773633419539072381027756733593042212426116797460084243498721306798698673 0 0 0 0 0 0 0 0 0 0 0 0 0 0 0 0 0 0 0 0 0 0 0 0 0 0 0 0 0 0 0 0 0 0 0 0 0 0 0 0 0 0 0 0 0 0 0 0 0 0 0 0 0 0 0 0 0 0 0 0 0 0 0 0 0 0 0 0 0 0 0 0 0 0 0 0 0 0 0 0 1 0 0 0 0]
[2942724312943025859730206962835063431201337870849047050696889232371255249803691425646649767273726069860711789130939998690037237368971207941550352461317658292604524728490584257638084475761048790117433096981048993511646089608451731467265760273248790846450565943 0 0 0 0 0 0 0 0 0 0 0 0 0 0 0 0 0 0 0 0 0 0 0 0 0 0 0 0 0 0 0 0 0 0 0 0 0 0 0 0 0 0 0 0 0 0 0 0 0 0 0 0 0 0 0 0 0 0 0 0 0 0 0 0 0 0 0 0 0 0 0 0 0 0 0 0 0 0 0 0 0 1 0 0 0]
[3766112916348315857193932861798722118457368148581960822189251230287152340278010594602239749007971003375435162820186488416267882381873122997720791297486284382571420247210860168628698211410288461606433128017649738528251006182210133311949927917983479702545753309 0 0 0 0 0 0 0 0 0 0 0 0 0 0 0 0 0 0 0 0 0 0 0 0 0 0 0 0 0 0 0 0 0 0 0 0 0 0 0 0 0 0 0 0 0 0 0 0 0 0 0 0 0 0 0 0 0 0 0 0 0 0 0 0 0 0 0 0 0 0 0 0 0 0 0 0 0 0 0 0 0 0 1 0 0]
[3165022553216421754835742975439879049385962939554990362037856041909727252410171586582772451832071600834450736524936598119804190025482281780758909285742270841348918226380501319574011980337758073975413163835291201025106684600593022979719893327243228166800884611 0 0 0 0 0 0 0 0 0 0 0 0 0 0 0 0 0 0 0 0 0 0 0 0 0 0 0 0 0 0 0 0 0 0 0 0 0 0 0 0 0 0 0 0 0 0 0 0 0 0 0 0 0 0 0 0 0 0 0 0 0 0 0 0 0 0 0 0 0 0 0 0 0 0 0 0 0 0 0 0 0 0 0 1 0]
[619428461821672853270076180340790332195391896292597730054330508005768826543241527599710701092178493587831790541042265519134327010423035674560720077015524884935777976966581612596483773756202360243033238794264160572297356599856126910799301677218093769415713516 0 0 0 0 0 0 0 0 0 0 0 0 0 0 0 0 0 0 0 0 0 0 0 0 0 0 0 0 0 0 0 0 0 0 0 0 0 0 0 0 0 0 0 0 0 0 0 0 0 0 0 0 0 0 0 0 0 0 0 0 0 0 0 0 0 0 0 0 0 0 0 0 0 0 0 0 0 0 0 0 0 0 0 0 1]
]
