[[3863201042482254913580909525648697005261740460382165860535831484441506133523311413427870134859773327309876893590383558150083270582504299199144747184822676324186275516733641135509509193 0 0 0 0 0 0 0 0 0 0 0 0 0 0 0 0 0 0 0 0 0 0 0 0 0 0 0 0 0 0 0 0 0 0 0 0 0 0 0 0 0 0 0 0 0 0 0 0 0 0 0 0 0 0 0 0 0 0 0 0]
[3015402006597834097551831573666276351805625487998409521909833142493013296478425065972573623020186976074706534050172044445924715432950883634453150672909998158973847604701590114284257170 1 0 0 0 0 0 0 0 0 0 0 0 0 0 0 0 0 0 0 0 0 0 0 0 0 0 0 0 0 0 0 0 0 0 0 0 0 0 0 0 0 0 0 0 0 0 0 0 0 0 0 0 0 0 0 0 0 0 0 0]
[3264028538473404958102825487553421435136997238484647058673607724707902325800431885684761292837279720908377957720849653916193023640911992589391234810426667117317564445738348901076169274 0 1 0 0 0 0 0 0 0 0 0 0 0 0 0 0 0 0 0 0 0 0 0 0 0 0 0 0 0 0 0 0 0 0 0 0 0 0 0 0 0 0 0 0 0 0 0 0 0 0 0 0 0 0 0 0 0 0 0 0]
[2588249865736346510542383886066633615912337555520856308087932617782107080055892314114844464637923112148563792065672234042086430747454075656733499067902566341891291586863361389829469137 0 0 1 0 0 0 0 0 0 0 0 0 0 0 0 0 0 0 0 0 0 0 0 0 0 0 0 0 0 0 0 0 0 0 0 0 0 0 0 0 0 0 0 0 0 0 0 0 0 0 0 0 0 0 0 0 0 0 0 0]
[1352788023743042999032261444181489801816269893620264887268351457426381161085246400796619291098022404729722332056771225919957519927983920479612430185887487811921138897555660387898766183 0 0 0 1 0 0 0 0 0 0 0 0 0 0 0 0 0 0 0 0 0 0 0 0 0 0 0 0 0 0 0 0 0 0 0 0 0 0 0 0 0 0 0 0 0 0 0 0 0 0 0 0 0 0 0 0 0 0 0 0]
[3674856799720441119820943429977606707740698126984441345772037989810868225189726821005362035678512941877697298797307462805005507189022748160558875998215862627618648702761418754721042013 0 0 0 0 1 0 0 0 0 0 0 0 0 0 0 0 0 0 0 0 0 0 0 0 0 0 0 0 0 0 0 0 0 0 0 0 0 0 0 0 0 0 0 0 0 0 0 0 0 0 0 0 0 0 0 0 0 0 0 0]
[1804933140464981991008166888735809596688360921842181207279753070176111523405019437523959173081215006680317812498717873863713783817703981844525244644691138879907699883532948203158161843 0 0 0 0 0 1 0 0 0 0 0 0 0 0 0 0 0 0 0 0 0 0 0 0 0 0 0 0 0 0 0 0 0 0 0 0 0 0 0 0 0 0 0 0 0 0 0 0 0 0 0 0 0 0 0 0 0 0 0 0]
[3678812856256188310667787149458144761134503863579011519006447111071791310126162198196050329117141099433357263535494510230755252273449301557448073625205037837562687786043149245380266686 0 0 0 0 0 0 1 0 0 0 0 0 0 0 0 0 0 0 0 0 0 0 0 0 0 0 0 0 0 0 0 0 0 0 0 0 0 0 0 0 0 0 0 0 0 0 0 0 0 0 0 0 0 0 0 0 0 0 0 0]
[1552947465806774589234816652892518578598594642693460094752225862515993158497261822102321862686764223939698339758336490875234943844188241690822614359881125028790917964611890612461543158 0 0 0 0 0 0 0 1 0 0 0 0 0 0 0 0 0 0 0 0 0 0 0 0 0 0 0 0 0 0 0 0 0 0 0 0 0 0 0 0 0 0 0 0 0 0 0 0 0 0 0 0 0 0 0 0 0 0 0 0]
[1249121555898515085163642676394556392090638995029258473963767432042615054160965884900039208193564970150369836130237887984285122166123596057206796206007547587888640337829044006759626537 0 0 0 0 0 0 0 0 1 0 0 0 0 0 0 0 0 0 0 0 0 0 0 0 0 0 0 0 0 0 0 0 0 0 0 0 0 0 0 0 0 0 0 0 0 0 0 0 0 0 0 0 0 0 0 0 0 0 0 0]
[1746101578722383517638673073933759593079246093034675006291273945767486578401306645602679534330170290446303957639902473867076960607520166297040313317173438456569365303329426188142108603 0 0 0 0 0 0 0 0 0 1 0 0 0 0 0 0 0 0 0 0 0 0 0 0 0 0 0 0 0 0 0 0 0 0 0 0 0 0 0 0 0 0 0 0 0 0 0 0 0 0 0 0 0 0 0 0 0 0 0 0]
[2061639605861474612741617868597797748033099731901608352160768614423188121160910885886451922651601957650322135283031963196711845840168724169333723840883993249273129159266285939079903902 0 0 0 0 0 0 0 0 0 0 1 0 0 0 0 0 0 0 0 0 0 0 0 0 0 0 0 0 0 0 0 0 0 0 0 0 0 0 0 0 0 0 0 0 0 0 0 0 0 0 0 0 0 0 0 0 0 0 0 0]
[699631280712194450352352279786172544356927594165411432360257431795427344230849556801047433981796737953885401168082900208098433599241318610968148121121281857480097378608945743038049436 0 0 0 0 0 0 0 0 0 0 0 1 0 0 0 0 0 0 0 0 0 0 0 0 0 0 0 0 0 0 0 0 0 0 0 0 0 0 0 0 0 0 0 0 0 0 0 0 0 0 0 0 0 0 0 0 0 0 0 0]
[1329780712312150981953374663003419314109633781145504435148916265088843562206498110291557661448584757890184317229006069836484452721341857330299154629620193915577133190911493267192470535 0 0 0 0 0 0 0 0 0 0 0 0 1 0 0 0 0 0 0 0 0 0 0 0 0 0 0 0 0 0 0 0 0 0 0 0 0 0 0 0 0 0 0 0 0 0 0 0 0 0 0 0 0 0 0 0 0 0 0 0]
[610987564504378742027848906744372968446794202387392805177166134144687294523356923874817518585731861717120915850196149702826542628372983321246550229719237399508851318880410842084388792 0 0 0 0 0 0 0 0 0 0 0 0 0 1 0 0 0 0 0 0 0 0 0 0 0 0 0 0 0 0 0 0 0 0 0 0 0 0 0 0 0 0 0 0 0 0 0 0 0 0 0 0 0 0 0 0 0 0 0 0]
[1655040540053635488130484283325428381324676062285470016880630576102599374546171171684914487226017380416754847062973486290907943976844600843061975787588070555353453543004308053143434167 0 0 0 0 0 0 0 0 0 0 0 0 0 0 1 0 0 0 0 0 0 0 0 0 0 0 0 0 0 0 0 0 0 0 0 0 0 0 0 0 0 0 0 0 0 0 0 0 0 0 0 0 0 0 0 0 0 0 0 0]
[51889776148205008319398550656669761878514110339403275062531702099671516176446547900569446880930407240897917694048159953917228052703115916936115119814480672816740264632653533739765873 0 0 0 0 0 0 0 0 0 0 0 0 0 0 0 1 0 0 0 0 0 0 0 0 0 0 0 0 0 0 0 0 0 0 0 0 0 0 0 0 0 0 0 0 0 0 0 0 0 0 0 0 0 0 0 0 0 0 0 0]
[1362495023193293024433064663572546647884094212307282551719417394855924851045757288439694998711496824126449990076409252247848187932564155119732619244048773543271774046501462242831271359 0 0 0 0 0 0 0 0 0 0 0 0 0 0 0 0 1 0 0 0 0 0 0 0 0 0 0 0 0 0 0 0 0 0 0 0 0 0 0 0 0 0 0 0 0 0 0 0 0 0 0 0 0 0 0 0 0 0 0 0]
[196809410640723880174209190206676832200682669436934759998965956331253083345584973174506101889189968405166167355727813407293388729306180402723453076580768706663898697679406271593643914 0 0 0 0 0 0 0 0 0 0 0 0 0 0 0 0 0 1 0 0 0 0 0 0 0 0 0 0 0 0 0 0 0 0 0 0 0 0 0 0 0 0 0 0 0 0 0 0 0 0 0 0 0 0 0 0 0 0 0 0]
[556242668613105342384946050626947524172703647813676604209387511151256537950151899348613745067503698968034500347659513181922067765211602833271356799832346369408651408068222440766244654 0 0 0 0 0 0 0 0 0 0 0 0 0 0 0 0 0 0 1 0 0 0 0 0 0 0 0 0 0 0 0 0 0 0 0 0 0 0 0 0 0 0 0 0 0 0 0 0 0 0 0 0 0 0 0 0 0 0 0 0]
[1827731592340584779359017190059627936290262251322809340996908647077592192723219196899180675248393062263376386693265029314562999256004368401367676217789939550225997402771058588021776040 0 0 0 0 0 0 0 0 0 0 0 0 0 0 0 0 0 0 0 1 0 0 0 0 0 0 0 0 0 0 0 0 0 0 0 0 0 0 0 0 0 0 0 0 0 0 0 0 0 0 0 0 0 0 0 0 0 0 0 0]
[2678639507312709220003632743034475043755970476324018458962357226070280425674518867336852726670946819409801579855881804782219222351601119466421161045029236186692034245061482057065499809 0 0 0 0 0 0 0 0 0 0 0 0 0 0 0 0 0 0 0 0 1 0 0 0 0 0 0 0 0 0 0 0 0 0 0 0 0 0 0 0 0 0 0 0 0 0 0 0 0 0 0 0 0 0 0 0 0 0 0 0]
[2002631805876281173299275816052130364019910289626069608567108448114024758561403918774249730046404488911462459293071546173514564234115656954378922819734971807795532317656607660999020909 0 0 0 0 0 0 0 0 0 0 0 0 0 0 0 0 0 0 0 0 0 1 0 0 0 0 0 0 0 0 0 0 0 0 0 0 0 0 0 0 0 0 0 0 0 0 0 0 0 0 0 0 0 0 0 0 0 0 0 0]
[2023069165348871454999800206955389220307936126324438453550664813345905680586139997982599769020540347013739002709846326306564077362773108887391595636417236663981970370029112340370065846 0 0 0 0 0 0 0 0 0 0 0 0 0 0 0 0 0 0 0 0 0 0 1 0 0 0 0 0 0 0 0 0 0 0 0 0 0 0 0 0 0 0 0 0 0 0 0 0 0 0 0 0 0 0 0 0 0 0 0 0]
[1923130310892210407032921912394341147388483438231445572289753233782472346760146122569569527712123245433635658322435839902283565421229700384802661144984898101483704594803410462507482498 0 0 0 0 0 0 0 0 0 0 0 0 0 0 0 0 0 0 0 0 0 0 0 1 0 0 0 0 0 0 0 0 0 0 0 0 0 0 0 0 0 0 0 0 0 0 0 0 0 0 0 0 0 0 0 0 0 0 0 0]
[224144188143565084869113022176492004603928501030573774624926182673724474386160101002133067214867660838113837180940655460339303235216806950640374061840691985996104226414229368868668512 0 0 0 0 0 0 0 0 0 0 0 0 0 0 0 0 0 0 0 0 0 0 0 0 1 0 0 0 0 0 0 0 0 0 0 0 0 0 0 0 0 0 0 0 0 0 0 0 0 0 0 0 0 0 0 0 0 0 0 0]
[711969601454880941319183911474473406165250395085254102274246885332759854088867593096382964890485218276712559006821111104498282748381791732913892657444740545978677940854708754741269435 0 0 0 0 0 0 0 0 0 0 0 0 0 0 0 0 0 0 0 0 0 0 0 0 0 1 0 0 0 0 0 0 0 0 0 0 0 0 0 0 0 0 0 0 0 0 0 0 0 0 0 0 0 0 0 0 0 0 0 0]
[3470589291877424057115251075973736848291247516422300388044593215665405672723343424033790786318274287539327747507597148167642441402619719123086619682996984742915705717734010862506219046 0 0 0 0 0 0 0 0 0 0 0 0 0 0 0 0 0 0 0 0 0 0 0 0 0 0 1 0 0 0 0 0 0 0 0 0 0 0 0 0 0 0 0 0 0 0 0 0 0 0 0 0 0 0 0 0 0 0 0 0]
[1807395687429563862564947737739533271897597353263225553224559193778007712038317716338798394790969435478602850965092559178575483493415999110865583209884743832807148602737576013968404323 0 0 0 0 0 0 0 0 0 0 0 0 0 0 0 0 0 0 0 0 0 0 0 0 0 0 0 1 0 0 0 0 0 0 0 0 0 0 0 0 0 0 0 0 0 0 0 0 0 0 0 0 0 0 0 0 0 0 0 0]
[3256537487036787269014246813977127072804445402713464134666184165106027688480720227564331007146235096311414113059161923275696327365222192311550792159350225679194805591647137811107623016 0 0 0 0 0 0 0 0 0 0 0 0 0 0 0 0 0 0 0 0 0 0 0 0 0 0 0 0 1 0 0 0 0 0 0 0 0 0 0 0 0 0 0 0 0 0 0 0 0 0 0 0 0 0 0 0 0 0 0 0]
[3621381270115617168142663021743075540336531702632044535583719315943543805516539332656456212659949031200568250837371887153879333862975945532256099898357732482386558873622506055329302666 0 0 0 0 0 0 0 0 0 0 0 0 0 0 0 0 0 0 0 0 0 0 0 0 0 0 0 0 0 1 0 0 0 0 0 0 0 0 0 0 0 0 0 0 0 0 0 0 0 0 0 0 0 0 0 0 0 0 0 0]
[2780672758826495317361057313390201878620133010265346741229518331652046969585518780556754975283062300313931182639718579019225549516976826551601502499684558073178230746884693710832276241 0 0 0 0 0 0 0 0 0 0 0 0 0 0 0 0 0 0 0 0 0 0 0 0 0 0 0 0 0 0 1 0 0 0 0 0 0 0 0 0 0 0 0 0 0 0 0 0 0 0 0 0 0 0 0 0 0 0 0 0]
[708998872771501043245563916460906183835047082873980786906600542560375316909685516288579821492144032099406377760147570844897702851160956708554790502238143910446780514250412354938773042 0 0 0 0 0 0 0 0 0 0 0 0 0 0 0 0 0 0 0 0 0 0 0 0 0 0 0 0 0 0 0 1 0 0 0 0 0 0 0 0 0 0 0 0 0 0 0 0 0 0 0 0 0 0 0 0 0 0 0 0]
[2659013724454456480085564209465841654042449913565908689925987776420644035804407289896203985233906947093055388049777052560345753190390385788370751987428886720877531512998780504959291438 0 0 0 0 0 0 0 0 0 0 0 0 0 0 0 0 0 0 0 0 0 0 0 0 0 0 0 0 0 0 0 0 1 0 0 0 0 0 0 0 0 0 0 0 0 0 0 0 0 0 0 0 0 0 0 0 0 0 0 0]
[1597101569359966503436585152307184277568338397989919246042940453605869116086208472363398249984963327191510594975452584010754805660531188418290201322502736749927931274000931789826760397 0 0 0 0 0 0 0 0 0 0 0 0 0 0 0 0 0 0 0 0 0 0 0 0 0 0 0 0 0 0 0 0 0 1 0 0 0 0 0 0 0 0 0 0 0 0 0 0 0 0 0 0 0 0 0 0 0 0 0 0]
[2407292397496067914480462906787040915837079261469457971330809732995990856459852619628611405671073358698637754208143401932182675807152984229207583343722024906042508361320190105491717193 0 0 0 0 0 0 0 0 0 0 0 0 0 0 0 0 0 0 0 0 0 0 0 0 0 0 0 0 0 0 0 0 0 0 1 0 0 0 0 0 0 0 0 0 0 0 0 0 0 0 0 0 0 0 0 0 0 0 0 0]
[2821665346198990962592994293255888756489831549816519061075625124834575520440906913216041373080151149805941977493791263435659869225551855157556119667766982779104244911388017986710745339 0 0 0 0 0 0 0 0 0 0 0 0 0 0 0 0 0 0 0 0 0 0 0 0 0 0 0 0 0 0 0 0 0 0 0 1 0 0 0 0 0 0 0 0 0 0 0 0 0 0 0 0 0 0 0 0 0 0 0 0]
[305660860173079958836968613326921326950332271348923480904435558467293785361002409313087087708166484648903566854736898977604880970165144289084820123365869224535326733449777681588864163 0 0 0 0 0 0 0 0 0 0 0 0 0 0 0 0 0 0 0 0 0 0 0 0 0 0 0 0 0 0 0 0 0 0 0 0 1 0 0 0 0 0 0 0 0 0 0 0 0 0 0 0 0 0 0 0 0 0 0 0]
[1122198566391777920665415468093976497908799770060070492121209329236573662909653604086470949968708767021975712297417332610396430669365269139730077684815458519383111510326257946448240834 0 0 0 0 0 0 0 0 0 0 0 0 0 0 0 0 0 0 0 0 0 0 0 0 0 0 0 0 0 0 0 0 0 0 0 0 0 1 0 0 0 0 0 0 0 0 0 0 0 0 0 0 0 0 0 0 0 0 0 0]
[504173948085300336634991393280209124930150752802850368372055390620841961311296108184639465828177371756608052534289155964100542250051304972229792443459484223141826374848339431847824705 0 0 0 0 0 0 0 0 0 0 0 0 0 0 0 0 0 0 0 0 0 0 0 0 0 0 0 0 0 0 0 0 0 0 0 0 0 0 1 0 0 0 0 0 0 0 0 0 0 0 0 0 0 0 0 0 0 0 0 0]
[247768873383472869931456462534668834742793823679561293401384082941235664568193168229961766912720607986771662090395881518207669762065110402235570190236741710137808522480867750930371472 0 0 0 0 0 0 0 0 0 0 0 0 0 0 0 0 0 0 0 0 0 0 0 0 0 0 0 0 0 0 0 0 0 0 0 0 0 0 0 1 0 0 0 0 0 0 0 0 0 0 0 0 0 0 0 0 0 0 0 0]
[615102528944133576613617377668299338926648185989105739296718979144770752996876408503775684891271815090017643381338381973498241626364375128186539086570856052564000211332673734793956932 0 0 0 0 0 0 0 0 0 0 0 0 0 0 0 0 0 0 0 0 0 0 0 0 0 0 0 0 0 0 0 0 0 0 0 0 0 0 0 0 1 0 0 0 0 0 0 0 0 0 0 0 0 0 0 0 0 0 0 0]
[3629204394835394170275242584864671255875291915216104503290859280651629098990633777975036906754643707957129619674269491306621998697966950647118227035801312306177570236051444060063482763 0 0 0 0 0 0 0 0 0 0 0 0 0 0 0 0 0 0 0 0 0 0 0 0 0 0 0 0 0 0 0 0 0 0 0 0 0 0 0 0 0 1 0 0 0 0 0 0 0 0 0 0 0 0 0 0 0 0 0 0]
[1678035475469445531805136773519541977986787197543652378225856253704328084688796629536754392908549613047430350785405544486545730287751394877837872098091431762255450662474049152040148614 0 0 0 0 0 0 0 0 0 0 0 0 0 0 0 0 0 0 0 0 0 0 0 0 0 0 0 0 0 0 0 0 0 0 0 0 0 0 0 0 0 0 1 0 0 0 0 0 0 0 0 0 0 0 0 0 0 0 0 0]
[3849156552179188829645151415849854437792978619709555399965671481501336317960641285259801810265534707965975450248989527134917708165633649690554870283173130753654591009999985372696559048 0 0 0 0 0 0 0 0 0 0 0 0 0 0 0 0 0 0 0 0 0 0 0 0 0 0 0 0 0 0 0 0 0 0 0 0 0 0 0 0 0 0 0 1 0 0 0 0 0 0 0 0 0 0 0 0 0 0 0 0]
[3285723420145538985118024982987405978032296824289498886533084577616189058574519943529738313704361933634024572980680718919738904223171430144139598149249250276191628607751640182829215848 0 0 0 0 0 0 0 0 0 0 0 0 0 0 0 0 0 0 0 0 0 0 0 0 0 0 0 0 0 0 0 0 0 0 0 0 0 0 0 0 0 0 0 0 1 0 0 0 0 0 0 0 0 0 0 0 0 0 0 0]
[2810672836791746887799473249628983502258056321434569559484089437011199689597424880973112894088901417615127522669174989620426393652409258792969768798490590309643629146365113464582163479 0 0 0 0 0 0 0 0 0 0 0 0 0 0 0 0 0 0 0 0 0 0 0 0 0 0 0 0 0 0 0 0 0 0 0 0 0 0 0 0 0 0 0 0 0 1 0 0 0 0 0 0 0 0 0 0 0 0 0 0]
[2005281139364088531651553375798041927138509773303536820813684154287702227431832869295087911330185050480419842329576659856462115256174585633047975105681320231306088250722676466550208271 0 0 0 0 0 0 0 0 0 0 0 0 0 0 0 0 0 0 0 0 0 0 0 0 0 0 0 0 0 0 0 0 0 0 0 0 0 0 0 0 0 0 0 0 0 0 1 0 0 0 0 0 0 0 0 0 0 0 0 0]
[1828422099894528919612797673562600751930131966049076511011477845260522975423034268770669162500922922094479691879385434331197685007008213669285897142793069945312817520554134803445063992 0 0 0 0 0 0 0 0 0 0 0 0 0 0 0 0 0 0 0 0 0 0 0 0 0 0 0 0 0 0 0 0 0 0 0 0 0 0 0 0 0 0 0 0 0 0 0 1 0 0 0 0 0 0 0 0 0 0 0 0]
[61895799050711774454241172131582464595051008358768309407626539626788295929635072886091859375957535270688394382540558710007769002934976728888295134282571696074003491870716501958675652 0 0 0 0 0 0 0 0 0 0 0 0 0 0 0 0 0 0 0 0 0 0 0 0 0 0 0 0 0 0 0 0 0 0 0 0 0 0 0 0 0 0 0 0 0 0 0 0 1 0 0 0 0 0 0 0 0 0 0 0]
[1221369559951423333227522113715130270194192660657151093277207096246454972474712999680495952531857907545434499392905384207819472069244985964046502540458668138086048095171939037637092128 0 0 0 0 0 0 0 0 0 0 0 0 0 0 0 0 0 0 0 0 0 0 0 0 0 0 0 0 0 0 0 0 0 0 0 0 0 0 0 0 0 0 0 0 0 0 0 0 0 1 0 0 0 0 0 0 0 0 0 0]
[2234301048141082566229366119763336410475058073377435443815034946634408735121808939383356573789874235519093646509532716582416783480252267596228619916778436792949254793283323515668801707 0 0 0 0 0 0 0 0 0 0 0 0 0 0 0 0 0 0 0 0 0 0 0 0 0 0 0 0 0 0 0 0 0 0 0 0 0 0 0 0 0 0 0 0 0 0 0 0 0 0 1 0 0 0 0 0 0 0 0 0]
[3621499021053218346421551216414150885604479702969040355528437700017158304128837630933306319567277120219467815196925769750406041971510141992639166640676823518049623372445442686626118785 0 0 0 0 0 0 0 0 0 0 0 0 0 0 0 0 0 0 0 0 0 0 0 0 0 0 0 0 0 0 0 0 0 0 0 0 0 0 0 0 0 0 0 0 0 0 0 0 0 0 0 1 0 0 0 0 0 0 0 0]
[856449566663855904745992270853435952369929669590568577560416725806899278607079586340150629568158580294979068036289687942520274897786560113229999378777194939172666512711301324830766002 0 0 0 0 0 0 0 0 0 0 0 0 0 0 0 0 0 0 0 0 0 0 0 0 0 0 0 0 0 0 0 0 0 0 0 0 0 0 0 0 0 0 0 0 0 0 0 0 0 0 0 0 1 0 0 0 0 0 0 0]
[2352538537625951359012419034877878326191593288209407248470938728512972704242457688558972119962858727197907341218352389481224567336355779354822887667277894619791736978588756483021458171 0 0 0 0 0 0 0 0 0 0 0 0 0 0 0 0 0 0 0 0 0 0 0 0 0 0 0 0 0 0 0 0 0 0 0 0 0 0 0 0 0 0 0 0 0 0 0 0 0 0 0 0 0 1 0 0 0 0 0 0]
[3097238242928316523525938403852064646794758424794483475051273971014216739943577561683686815958407451309721519368192184303474237331338481953226926795260850073323544729349480878818932262 0 0 0 0 0 0 0 0 0 0 0 0 0 0 0 0 0 0 0 0 0 0 0 0 0 0 0 0 0 0 0 0 0 0 0 0 0 0 0 0 0 0 0 0 0 0 0 0 0 0 0 0 0 0 1 0 0 0 0 0]
[1270637348652984353122006723191585678943977506416324835593191234521113427472556462016109164862601267895165238195404783990094099801896789560672771570870476383559840644710527559395271729 0 0 0 0 0 0 0 0 0 0 0 0 0 0 0 0 0 0 0 0 0 0 0 0 0 0 0 0 0 0 0 0 0 0 0 0 0 0 0 0 0 0 0 0 0 0 0 0 0 0 0 0 0 0 0 1 0 0 0 0]
[1844157292977790449532609669417160121252677035554354511838116137459631971583467296156951368723605043476141776793015958789007777440142937413800750763518971383296804174854032439588826068 0 0 0 0 0 0 0 0 0 0 0 0 0 0 0 0 0 0 0 0 0 0 0 0 0 0 0 0 0 0 0 0 0 0 0 0 0 0 0 0 0 0 0 0 0 0 0 0 0 0 0 0 0 0 0 0 1 0 0 0]
[244168407717335820616537725452134734348719749780318708319522046582194771505354490989619871490331730709143164206909667067559508655198409129726324526880194615685542102316760817309581054 0 0 0 0 0 0 0 0 0 0 0 0 0 0 0 0 0 0 0 0 0 0 0 0 0 0 0 0 0 0 0 0 0 0 0 0 0 0 0 0 0 0 0 0 0 0 0 0 0 0 0 0 0 0 0 0 0 1 0 0]
[3736208508842053261820239954135124586309398715191656662520901190495091671683624006349559840569629694413438985527254917870693792726565008140443481476620593468283792994020618838450316726 0 0 0 0 0 0 0 0 0 0 0 0 0 0 0 0 0 0 0 0 0 0 0 0 0 0 0 0 0 0 0 0 0 0 0 0 0 0 0 0 0 0 0 0 0 0 0 0 0 0 0 0 0 0 0 0 0 0 1 0]
[2759843557594242312136968223634780301377948204306450974054881381591854492180868349038845993389309341485361812696534945294925931681441801949537594886648377094809662477971780545993512270 0 0 0 0 0 0 0 0 0 0 0 0 0 0 0 0 0 0 0 0 0 0 0 0 0 0 0 0 0 0 0 0 0 0 0 0 0 0 0 0 0 0 0 0 0 0 0 0 0 0 0 0 0 0 0 0 0 0 0 1]
]
