[[2830491429388451828981799064127621045367958306480799722202737932867696891466801231741894580046532679113790602872387190572114455899315581914319307930204995873304087 0 0 0 0 0 0 0 0 0 0 0 0 0 0 0 0 0 0 0 0 0 0 0 0 0 0 0 0 0 0 0 0 0 0 0 0 0 0 0 0 0 0 0 0 0 0 0 0 0 0 0 0 0]
[1275328504545379305289969242312323694838920367912968974202047872273907182616622107459031757660852236850226839516803499987484972430840612646543205575241975193915015 1 0 0 0 0 0 0 0 0 0 0 0 0 0 0 0 0 0 0 0 0 0 0 0 0 0 0 0 0 0 0 0 0 0 0 0 0 0 0 0 0 0 0 0 0 0 0 0 0 0 0 0 0]
[2552746850025272124026546869080385852158279457852048580633572382382181539811453188036824558928996541053380553573995455652715127427503703304823528337685124524629941 0 1 0 0 0 0 0 0 0 0 0 0 0 0 0 0 0 0 0 0 0 0 0 0 0 0 0 0 0 0 0 0 0 0 0 0 0 0 0 0 0 0 0 0 0 0 0 0 0 0 0 0 0]
[303172756453974666063936325441638253904279822814794997911428706539639279696272702037955830080457041241608619674749259950333782208150688188809007797673921443559579 0 0 1 0 0 0 0 0 0 0 0 0 0 0 0 0 0 0 0 0 0 0 0 0 0 0 0 0 0 0 0 0 0 0 0 0 0 0 0 0 0 0 0 0 0 0 0 0 0 0 0 0 0]
[1539969971040116744517324931420832956952064629733215127231303477024204045140650954185558302956311457565332240635104366533830475031115496701812087653202536665013155 0 0 0 1 0 0 0 0 0 0 0 0 0 0 0 0 0 0 0 0 0 0 0 0 0 0 0 0 0 0 0 0 0 0 0 0 0 0 0 0 0 0 0 0 0 0 0 0 0 0 0 0 0]
[698455637837778987522757833327609102679442566139441420324712660038027670991550083940796877712642437089200330672771638834589536058388551255214381941164615891731396 0 0 0 0 1 0 0 0 0 0 0 0 0 0 0 0 0 0 0 0 0 0 0 0 0 0 0 0 0 0 0 0 0 0 0 0 0 0 0 0 0 0 0 0 0 0 0 0 0 0 0 0 0]
[248483614661069372103854777636534130856755934249268876983404565256156961293766182728087829624281205608758947350844540323703781525743515692381523800260732563005108 0 0 0 0 0 1 0 0 0 0 0 0 0 0 0 0 0 0 0 0 0 0 0 0 0 0 0 0 0 0 0 0 0 0 0 0 0 0 0 0 0 0 0 0 0 0 0 0 0 0 0 0 0]
[2247492616871560258690723026033814139692135561691449705827885561236980793621298145229404937923737052107378359986014548619017422011453915788985371521179960404174453 0 0 0 0 0 0 1 0 0 0 0 0 0 0 0 0 0 0 0 0 0 0 0 0 0 0 0 0 0 0 0 0 0 0 0 0 0 0 0 0 0 0 0 0 0 0 0 0 0 0 0 0 0]
[873098726768658513806051338035342600987071226611948403059664169782007615745518106566758223301556101921561965199188075039786275184417404928754409937270216028009847 0 0 0 0 0 0 0 1 0 0 0 0 0 0 0 0 0 0 0 0 0 0 0 0 0 0 0 0 0 0 0 0 0 0 0 0 0 0 0 0 0 0 0 0 0 0 0 0 0 0 0 0 0]
[987361851714868109602995072142711695717298503623334465367747185302851382715954263234868872635505360171790211286854169879347443617619284467429106151336528043299835 0 0 0 0 0 0 0 0 1 0 0 0 0 0 0 0 0 0 0 0 0 0 0 0 0 0 0 0 0 0 0 0 0 0 0 0 0 0 0 0 0 0 0 0 0 0 0 0 0 0 0 0 0]
[96711829179602867711669326867402974940525134504624085261726669415387489437224326494734880490315780355687671017749508431996839498391027717613979778184060774027097 0 0 0 0 0 0 0 0 0 1 0 0 0 0 0 0 0 0 0 0 0 0 0 0 0 0 0 0 0 0 0 0 0 0 0 0 0 0 0 0 0 0 0 0 0 0 0 0 0 0 0 0 0]
[434924082651635712171112438282137587180307344247466479169696783891525793832852708975936520236600522516687228658919501424428075574033788453300049386174826948218435 0 0 0 0 0 0 0 0 0 0 1 0 0 0 0 0 0 0 0 0 0 0 0 0 0 0 0 0 0 0 0 0 0 0 0 0 0 0 0 0 0 0 0 0 0 0 0 0 0 0 0 0 0]
[1250126572319905105892300775818253035729390318402126274859159273627556170179710988288088817230406693940513799077462438014540633391600096251619967449669986980334758 0 0 0 0 0 0 0 0 0 0 0 1 0 0 0 0 0 0 0 0 0 0 0 0 0 0 0 0 0 0 0 0 0 0 0 0 0 0 0 0 0 0 0 0 0 0 0 0 0 0 0 0 0]
[2043535468134353469959300046170270845631531953374284693289964055974147124241878791855705105323493069683517542829782540330357239541693336833615966303951451937512798 0 0 0 0 0 0 0 0 0 0 0 0 1 0 0 0 0 0 0 0 0 0 0 0 0 0 0 0 0 0 0 0 0 0 0 0 0 0 0 0 0 0 0 0 0 0 0 0 0 0 0 0 0]
[2071115795528727681292492719908811057277029697474185285313158918915760872306398269451297275402483702286231413019510081715452646703112977439331131722959375235697575 0 0 0 0 0 0 0 0 0 0 0 0 0 1 0 0 0 0 0 0 0 0 0 0 0 0 0 0 0 0 0 0 0 0 0 0 0 0 0 0 0 0 0 0 0 0 0 0 0 0 0 0 0]
[811920988110067451844840753042237870233884736586689501842898969409307430494935383160694728370894892212256783192622300979727254082544944934754191998068607825663118 0 0 0 0 0 0 0 0 0 0 0 0 0 0 1 0 0 0 0 0 0 0 0 0 0 0 0 0 0 0 0 0 0 0 0 0 0 0 0 0 0 0 0 0 0 0 0 0 0 0 0 0 0]
[2599530430662638417143565302087305360414758507346359394514016757531685852199897435769670798900138360403840747737568367321763294028708094691263626277475585550759332 0 0 0 0 0 0 0 0 0 0 0 0 0 0 0 1 0 0 0 0 0 0 0 0 0 0 0 0 0 0 0 0 0 0 0 0 0 0 0 0 0 0 0 0 0 0 0 0 0 0 0 0 0]
[452887604313766868974388326204623511467966654129935428188177142422030035323546888280331996666854339917793434557674407525323182201719313820332210833860248093804563 0 0 0 0 0 0 0 0 0 0 0 0 0 0 0 0 1 0 0 0 0 0 0 0 0 0 0 0 0 0 0 0 0 0 0 0 0 0 0 0 0 0 0 0 0 0 0 0 0 0 0 0 0]
[1887130889934004798942173882355878530351070020056637218572061485759414539499480006254735277296713536415219412403293988626110432857674830379851750992169352929700559 0 0 0 0 0 0 0 0 0 0 0 0 0 0 0 0 0 1 0 0 0 0 0 0 0 0 0 0 0 0 0 0 0 0 0 0 0 0 0 0 0 0 0 0 0 0 0 0 0 0 0 0 0]
[645021121338006281592567836593066788837714845267452391189838921862828803654563524965827873009926397614189717371781824545091199483122998881948038533204011639335441 0 0 0 0 0 0 0 0 0 0 0 0 0 0 0 0 0 0 1 0 0 0 0 0 0 0 0 0 0 0 0 0 0 0 0 0 0 0 0 0 0 0 0 0 0 0 0 0 0 0 0 0 0]
[1115137811389607306588118037975628251374890443497149781753373639205355866943099873917804936973960181770291687052637888383553486616519292923652183074305740401275352 0 0 0 0 0 0 0 0 0 0 0 0 0 0 0 0 0 0 0 1 0 0 0 0 0 0 0 0 0 0 0 0 0 0 0 0 0 0 0 0 0 0 0 0 0 0 0 0 0 0 0 0 0]
[1690356130040859479900836408486089632241750986700703848329245405357960628766369970404961936381193232066599824214967140823899145854348432246572865041831710579650837 0 0 0 0 0 0 0 0 0 0 0 0 0 0 0 0 0 0 0 0 1 0 0 0 0 0 0 0 0 0 0 0 0 0 0 0 0 0 0 0 0 0 0 0 0 0 0 0 0 0 0 0 0]
[2555601044798901683109850343178708789714595619022175268369087398735761281515608254942273513727449725222943151840117571047390676321921363362360885022967116722181431 0 0 0 0 0 0 0 0 0 0 0 0 0 0 0 0 0 0 0 0 0 1 0 0 0 0 0 0 0 0 0 0 0 0 0 0 0 0 0 0 0 0 0 0 0 0 0 0 0 0 0 0 0]
[2536353212944220174988771178691980278666367537656036319143235928419060660600100958608054272251764020327471305634843554772283312861287784872148077381005750564257587 0 0 0 0 0 0 0 0 0 0 0 0 0 0 0 0 0 0 0 0 0 0 1 0 0 0 0 0 0 0 0 0 0 0 0 0 0 0 0 0 0 0 0 0 0 0 0 0 0 0 0 0 0]
[393316617061288039967893202737281866124690515433043689168756203081806605529969937454885031840167787535464230497012758700653654224052676660208680413374077541901596 0 0 0 0 0 0 0 0 0 0 0 0 0 0 0 0 0 0 0 0 0 0 0 1 0 0 0 0 0 0 0 0 0 0 0 0 0 0 0 0 0 0 0 0 0 0 0 0 0 0 0 0 0]
[77764954581957055145371544944285080357077389408107480134463319617754166413976679720062096060972096382159265779258825167329620103819567275211719176258021561780950 0 0 0 0 0 0 0 0 0 0 0 0 0 0 0 0 0 0 0 0 0 0 0 0 1 0 0 0 0 0 0 0 0 0 0 0 0 0 0 0 0 0 0 0 0 0 0 0 0 0 0 0 0]
[95366641566188982320160414340211154157430851206112505109559671962967585941050863915499960594050259675580455317364198015095716668749392479581848579128350417115193 0 0 0 0 0 0 0 0 0 0 0 0 0 0 0 0 0 0 0 0 0 0 0 0 0 1 0 0 0 0 0 0 0 0 0 0 0 0 0 0 0 0 0 0 0 0 0 0 0 0 0 0 0]
[1946923057286824247602623533298931919349795077773916332545422054900472712675849244584919435159465946908434632017965466093031866505761719991278829554743635157378295 0 0 0 0 0 0 0 0 0 0 0 0 0 0 0 0 0 0 0 0 0 0 0 0 0 0 1 0 0 0 0 0 0 0 0 0 0 0 0 0 0 0 0 0 0 0 0 0 0 0 0 0 0]
[1410764316572283230607302755636180240742487187759930417677161245652457422749822905652754415281348845575499098017981827382366056376260113234191662181303996996888217 0 0 0 0 0 0 0 0 0 0 0 0 0 0 0 0 0 0 0 0 0 0 0 0 0 0 0 1 0 0 0 0 0 0 0 0 0 0 0 0 0 0 0 0 0 0 0 0 0 0 0 0 0]
[1109777566801315264055047465348949939530363973183502982859752646055968882112661157040091660718050230609052267094520552356512898048664476717057433870890751370386156 0 0 0 0 0 0 0 0 0 0 0 0 0 0 0 0 0 0 0 0 0 0 0 0 0 0 0 0 1 0 0 0 0 0 0 0 0 0 0 0 0 0 0 0 0 0 0 0 0 0 0 0 0]
[745064391255459900189375043679476451272288865219185194765523389634651486912790553758076929919317931105508899350620963244413702303278301264423219176958735781524693 0 0 0 0 0 0 0 0 0 0 0 0 0 0 0 0 0 0 0 0 0 0 0 0 0 0 0 0 0 1 0 0 0 0 0 0 0 0 0 0 0 0 0 0 0 0 0 0 0 0 0 0 0]
[2110959461697018954357245315924774367680496938087264991339878031610003234874475395426913782665474356504226035850245604830751684551902183441900193439468630485858651 0 0 0 0 0 0 0 0 0 0 0 0 0 0 0 0 0 0 0 0 0 0 0 0 0 0 0 0 0 0 1 0 0 0 0 0 0 0 0 0 0 0 0 0 0 0 0 0 0 0 0 0 0]
[923922581740295538687243947212527220806712886868713816066960708598532717393703657090346991908862157239767128474634563141812536262262140712231802777036407772332299 0 0 0 0 0 0 0 0 0 0 0 0 0 0 0 0 0 0 0 0 0 0 0 0 0 0 0 0 0 0 0 1 0 0 0 0 0 0 0 0 0 0 0 0 0 0 0 0 0 0 0 0 0]
[256787127250251913866915468272857744954272467375404938601875582692895526208813001640666011221588934163200539001035080620468533995336132598815119884578548075363130 0 0 0 0 0 0 0 0 0 0 0 0 0 0 0 0 0 0 0 0 0 0 0 0 0 0 0 0 0 0 0 0 1 0 0 0 0 0 0 0 0 0 0 0 0 0 0 0 0 0 0 0 0]
[941030459611147894847797607329743723940357012890890133556785255968355940636962697299496503399649397433652301859193572859250087545092550253610273875791414510040427 0 0 0 0 0 0 0 0 0 0 0 0 0 0 0 0 0 0 0 0 0 0 0 0 0 0 0 0 0 0 0 0 0 1 0 0 0 0 0 0 0 0 0 0 0 0 0 0 0 0 0 0 0]
[475479731969540566908182284059491292290412112293986284882364550231500974889341981940414235325615444362480298948803324719378063301553241278074587299269010769737615 0 0 0 0 0 0 0 0 0 0 0 0 0 0 0 0 0 0 0 0 0 0 0 0 0 0 0 0 0 0 0 0 0 0 1 0 0 0 0 0 0 0 0 0 0 0 0 0 0 0 0 0 0]
[1275820313136828703505124444742139080418776206734298177903942390269634084556992453344512520008584883867647330178257463557002047356529723735922876471790935999550713 0 0 0 0 0 0 0 0 0 0 0 0 0 0 0 0 0 0 0 0 0 0 0 0 0 0 0 0 0 0 0 0 0 0 0 1 0 0 0 0 0 0 0 0 0 0 0 0 0 0 0 0 0]
[2327970171131819519398126931745577470633692592036845938058665008640789688881159468877659889765788731131808129257839391931669517077543316971556380877555335052775213 0 0 0 0 0 0 0 0 0 0 0 0 0 0 0 0 0 0 0 0 0 0 0 0 0 0 0 0 0 0 0 0 0 0 0 0 1 0 0 0 0 0 0 0 0 0 0 0 0 0 0 0 0]
[2596214065299815071548676396217640231475669784305347883501532518854101058236053565873574141245688478820800795350057588308551310551813857293397772381715643587079538 0 0 0 0 0 0 0 0 0 0 0 0 0 0 0 0 0 0 0 0 0 0 0 0 0 0 0 0 0 0 0 0 0 0 0 0 0 1 0 0 0 0 0 0 0 0 0 0 0 0 0 0 0]
[451775386100501046727683970745898631617424648633787374254595860085469010370284322929222311638656894322787810631633966444046691575946984034799830631418102915257677 0 0 0 0 0 0 0 0 0 0 0 0 0 0 0 0 0 0 0 0 0 0 0 0 0 0 0 0 0 0 0 0 0 0 0 0 0 0 1 0 0 0 0 0 0 0 0 0 0 0 0 0 0]
[1839366009808174459602190683726577403524848725319241747602614524656291690512344144054995287235383051739181680148384411044660341058324207936825537518453927381998138 0 0 0 0 0 0 0 0 0 0 0 0 0 0 0 0 0 0 0 0 0 0 0 0 0 0 0 0 0 0 0 0 0 0 0 0 0 0 0 1 0 0 0 0 0 0 0 0 0 0 0 0 0]
[83978687980309308201662687540008904611646871455084228251210757111369893305824943250374319649282725594546810086464715949924638949211479574986488792178261495816329 0 0 0 0 0 0 0 0 0 0 0 0 0 0 0 0 0 0 0 0 0 0 0 0 0 0 0 0 0 0 0 0 0 0 0 0 0 0 0 0 1 0 0 0 0 0 0 0 0 0 0 0 0]
[246045030630259581569901036105120907082553575410722707136617520367333027768291818190693134226410384818472139319377835959193526373222507688528459087958909033667227 0 0 0 0 0 0 0 0 0 0 0 0 0 0 0 0 0 0 0 0 0 0 0 0 0 0 0 0 0 0 0 0 0 0 0 0 0 0 0 0 0 1 0 0 0 0 0 0 0 0 0 0 0]
[1328697376530334908851752106568021298289727861708681621075269844920651609843424046223334243839718603693545456828847399021039860724463060771050375698338711794259695 0 0 0 0 0 0 0 0 0 0 0 0 0 0 0 0 0 0 0 0 0 0 0 0 0 0 0 0 0 0 0 0 0 0 0 0 0 0 0 0 0 0 1 0 0 0 0 0 0 0 0 0 0]
[713456636857610442844929149166559816252029120173964961502589196406380758736272942806608787754198169710375795046984395305759014404829775337589986308365347172980191 0 0 0 0 0 0 0 0 0 0 0 0 0 0 0 0 0 0 0 0 0 0 0 0 0 0 0 0 0 0 0 0 0 0 0 0 0 0 0 0 0 0 0 1 0 0 0 0 0 0 0 0 0]
[72281083649984042964806306938431520504442933634690581458001210181942484024395611290828439592465163579387929374436979346643774156861121106065900841589216239221050 0 0 0 0 0 0 0 0 0 0 0 0 0 0 0 0 0 0 0 0 0 0 0 0 0 0 0 0 0 0 0 0 0 0 0 0 0 0 0 0 0 0 0 0 1 0 0 0 0 0 0 0 0]
[1048939621227094527227359681006329959015787671002151067690013044279476416861436773385965277916557669201127004317723093309791955281081693282206830060788344405507793 0 0 0 0 0 0 0 0 0 0 0 0 0 0 0 0 0 0 0 0 0 0 0 0 0 0 0 0 0 0 0 0 0 0 0 0 0 0 0 0 0 0 0 0 0 1 0 0 0 0 0 0 0]
[1488806906290963226941660178028135488015850925816328204370707890320615401713632510863202207723490324135032165275578108203670656013508088505330356693442938196836197 0 0 0 0 0 0 0 0 0 0 0 0 0 0 0 0 0 0 0 0 0 0 0 0 0 0 0 0 0 0 0 0 0 0 0 0 0 0 0 0 0 0 0 0 0 0 1 0 0 0 0 0 0]
[1340850334238733502773313155647784317239095247701039327306817473382189071268485117054520191551503854992205120150517587850860870952164709443252201204891000873116940 0 0 0 0 0 0 0 0 0 0 0 0 0 0 0 0 0 0 0 0 0 0 0 0 0 0 0 0 0 0 0 0 0 0 0 0 0 0 0 0 0 0 0 0 0 0 0 1 0 0 0 0 0]
[2447222426154147704403842601328887501416660443543009655474480507726395705762968740720579189334923264113444888885596604283215879557006326201827483967921987457653628 0 0 0 0 0 0 0 0 0 0 0 0 0 0 0 0 0 0 0 0 0 0 0 0 0 0 0 0 0 0 0 0 0 0 0 0 0 0 0 0 0 0 0 0 0 0 0 0 1 0 0 0 0]
[2659563059121960584810182330209959207391133388713969739254335892471805362789011583447214883240287171981166070910550853697630561167759610426696474937843633221637924 0 0 0 0 0 0 0 0 0 0 0 0 0 0 0 0 0 0 0 0 0 0 0 0 0 0 0 0 0 0 0 0 0 0 0 0 0 0 0 0 0 0 0 0 0 0 0 0 0 1 0 0 0]
[105289338594444171232853600587056701587291488935048535525511180999513807181852675082459200392497285632314957731761882200143798317266707193904149989901882540428237 0 0 0 0 0 0 0 0 0 0 0 0 0 0 0 0 0 0 0 0 0 0 0 0 0 0 0 0 0 0 0 0 0 0 0 0 0 0 0 0 0 0 0 0 0 0 0 0 0 0 1 0 0]
[672197534194221205925615871772266980323343053142495241425422716894910151837748255546570073761668996866212314125540043098479475861885594284190465634547362175388575 0 0 0 0 0 0 0 0 0 0 0 0 0 0 0 0 0 0 0 0 0 0 0 0 0 0 0 0 0 0 0 0 0 0 0 0 0 0 0 0 0 0 0 0 0 0 0 0 0 0 0 1 0]
[2420743243396499052579536411154299696549741020002962761010023119638794391512947682658718912665993457358470663623975269888087765887161023990850318774435721275213366 0 0 0 0 0 0 0 0 0 0 0 0 0 0 0 0 0 0 0 0 0 0 0 0 0 0 0 0 0 0 0 0 0 0 0 0 0 0 0 0 0 0 0 0 0 0 0 0 0 0 0 0 1]
]
