[[1565615690114656499144765764524271320264986258323813309756406440216187092584314430425737186743314017529049118599872935610088432277 0 0 0 0 0 0 0 0 0 0 0 0 0 0 0 0 0 0 0 0 0 0 0 0 0 0 0 0 0 0 0 0 0 0 0 0 0 0 0 0 0 0]
[539913987193479645201735164891526613041838260905821637658140034664083421939277677675080073700556757329806319845291514014771625095 1 0 0 0 0 0 0 0 0 0 0 0 0 0 0 0 0 0 0 0 0 0 0 0 0 0 0 0 0 0 0 0 0 0 0 0 0 0 0 0 0 0]
[3164425224533622224382036002880967720168617283688891724193661226311800035215670299737217788061029678992800630459182145501345974 0 1 0 0 0 0 0 0 0 0 0 0 0 0 0 0 0 0 0 0 0 0 0 0 0 0 0 0 0 0 0 0 0 0 0 0 0 0 0 0 0 0]
[847802425113814129814071170102101932298443448392487745621345767178558482463540915416832522205311302892170237639298853235178903416 0 0 1 0 0 0 0 0 0 0 0 0 0 0 0 0 0 0 0 0 0 0 0 0 0 0 0 0 0 0 0 0 0 0 0 0 0 0 0 0 0 0]
[264746188773765374243089585096879706853842798825982646191055053125527432257783538332255383424630864153287938794342422107413286581 0 0 0 1 0 0 0 0 0 0 0 0 0 0 0 0 0 0 0 0 0 0 0 0 0 0 0 0 0 0 0 0 0 0 0 0 0 0 0 0 0 0]
[991715572151273226935224379068639576047557259727593272090705177827262983623229108828480604045509706297102270465162386423252084517 0 0 0 0 1 0 0 0 0 0 0 0 0 0 0 0 0 0 0 0 0 0 0 0 0 0 0 0 0 0 0 0 0 0 0 0 0 0 0 0 0 0]
[1172508851857397328732783098907159219722857645788805750127404038508306442154471445650675033439275726553151091605454470103598741724 0 0 0 0 0 1 0 0 0 0 0 0 0 0 0 0 0 0 0 0 0 0 0 0 0 0 0 0 0 0 0 0 0 0 0 0 0 0 0 0 0 0]
[471663565567521113100982457147671353019095668979231787865030867213309364377801034148672521435431504214431707628363705830810443010 0 0 0 0 0 0 1 0 0 0 0 0 0 0 0 0 0 0 0 0 0 0 0 0 0 0 0 0 0 0 0 0 0 0 0 0 0 0 0 0 0 0]
[1405215497180122759538350531002148230616292791193044938239329420711294941308088311301387650014461068734752933261714917655221707901 0 0 0 0 0 0 0 1 0 0 0 0 0 0 0 0 0 0 0 0 0 0 0 0 0 0 0 0 0 0 0 0 0 0 0 0 0 0 0 0 0 0]
[1229138947702330279729946860678697701886967016065253140853995122154609117315938961010829498293865998494153106580966303328140684227 0 0 0 0 0 0 0 0 1 0 0 0 0 0 0 0 0 0 0 0 0 0 0 0 0 0 0 0 0 0 0 0 0 0 0 0 0 0 0 0 0 0]
[1030235219775648662017604874688925590361459165794950147674180075834693321451806529253375278712904112790313455035726384048826762681 0 0 0 0 0 0 0 0 0 1 0 0 0 0 0 0 0 0 0 0 0 0 0 0 0 0 0 0 0 0 0 0 0 0 0 0 0 0 0 0 0 0]
[1460043668109069302251767376887913815750147898927409630174473508675524417195246512486122994278601460582201249187813572411569107665 0 0 0 0 0 0 0 0 0 0 1 0 0 0 0 0 0 0 0 0 0 0 0 0 0 0 0 0 0 0 0 0 0 0 0 0 0 0 0 0 0 0]
[808190377464548678634435858624196965137379048189593699904231612542546103368892497188200763037114478348645306961563511856762216604 0 0 0 0 0 0 0 0 0 0 0 1 0 0 0 0 0 0 0 0 0 0 0 0 0 0 0 0 0 0 0 0 0 0 0 0 0 0 0 0 0 0]
[858623944050366297863542903196652810228921318857037826590845520524211715579482786993002734499728941416617136202820385656093581736 0 0 0 0 0 0 0 0 0 0 0 0 1 0 0 0 0 0 0 0 0 0 0 0 0 0 0 0 0 0 0 0 0 0 0 0 0 0 0 0 0 0]
[1144240697132606261966203783950324720266495595411527762810264228494909449264967059098362387458112117465014601968256697022204280016 0 0 0 0 0 0 0 0 0 0 0 0 0 1 0 0 0 0 0 0 0 0 0 0 0 0 0 0 0 0 0 0 0 0 0 0 0 0 0 0 0 0]
[3192789572668354136752339626487121049420536011499807723507455769418211632895615788582867769725658252793189893600590345777922785 0 0 0 0 0 0 0 0 0 0 0 0 0 0 1 0 0 0 0 0 0 0 0 0 0 0 0 0 0 0 0 0 0 0 0 0 0 0 0 0 0 0]
[411189223460273608751616166097269467025321788082843111018431277658707137468605412071917342659030180733618508642797617081734581043 0 0 0 0 0 0 0 0 0 0 0 0 0 0 0 1 0 0 0 0 0 0 0 0 0 0 0 0 0 0 0 0 0 0 0 0 0 0 0 0 0 0]
[579093642322575248282316260509312669683745334787067785045614167381738926969450044627003294454363691274369514193912195633218836759 0 0 0 0 0 0 0 0 0 0 0 0 0 0 0 0 1 0 0 0 0 0 0 0 0 0 0 0 0 0 0 0 0 0 0 0 0 0 0 0 0 0]
[104450213077859176223848129781718054958043881762532463074974097610389065070119384306015459491345110885962317583640671940924612221 0 0 0 0 0 0 0 0 0 0 0 0 0 0 0 0 0 1 0 0 0 0 0 0 0 0 0 0 0 0 0 0 0 0 0 0 0 0 0 0 0 0]
[543131109233641738210606784451825281389100831409082736608484312495902399266030909884831481400045617944670350776444228657805032273 0 0 0 0 0 0 0 0 0 0 0 0 0 0 0 0 0 0 1 0 0 0 0 0 0 0 0 0 0 0 0 0 0 0 0 0 0 0 0 0 0 0]
[1523007601955658785762887401279422660521231215345299687967195715289719038310191404958833895041045892729874917515265639913291465463 0 0 0 0 0 0 0 0 0 0 0 0 0 0 0 0 0 0 0 1 0 0 0 0 0 0 0 0 0 0 0 0 0 0 0 0 0 0 0 0 0 0]
[1371863614642864243931077169803417821913808561313116277298158332223985657587387241636256640027363688975532025360581816277229011787 0 0 0 0 0 0 0 0 0 0 0 0 0 0 0 0 0 0 0 0 1 0 0 0 0 0 0 0 0 0 0 0 0 0 0 0 0 0 0 0 0 0]
[533858488105910158499282354833391656361421553176981555468222869757837895224659395486093772429172206638651769312404529379050972851 0 0 0 0 0 0 0 0 0 0 0 0 0 0 0 0 0 0 0 0 0 1 0 0 0 0 0 0 0 0 0 0 0 0 0 0 0 0 0 0 0 0]
[638039249683576464081250322592342235477517731137138308378932716894428370364972174495255986025135755493119812676705800823127595477 0 0 0 0 0 0 0 0 0 0 0 0 0 0 0 0 0 0 0 0 0 0 1 0 0 0 0 0 0 0 0 0 0 0 0 0 0 0 0 0 0 0]
[1458572635057172661277218845899544092924776591664976484363599031182881915207184662941224543919642296989255518649411428375926443917 0 0 0 0 0 0 0 0 0 0 0 0 0 0 0 0 0 0 0 0 0 0 0 1 0 0 0 0 0 0 0 0 0 0 0 0 0 0 0 0 0 0]
[762401226330731166459920748759432193094219698042689692227914016132779530060181631006206029412523951798429113822733301183649566308 0 0 0 0 0 0 0 0 0 0 0 0 0 0 0 0 0 0 0 0 0 0 0 0 1 0 0 0 0 0 0 0 0 0 0 0 0 0 0 0 0 0]
[131586215077431115265792659527459939028968356276476122733126952834260912373443725786207827333509679166590887358005291789223523311 0 0 0 0 0 0 0 0 0 0 0 0 0 0 0 0 0 0 0 0 0 0 0 0 0 1 0 0 0 0 0 0 0 0 0 0 0 0 0 0 0 0]
[1504439194988266409575188286287770438452775765891598150539544308251404230375658521476890854160431920492453877439911946296469209563 0 0 0 0 0 0 0 0 0 0 0 0 0 0 0 0 0 0 0 0 0 0 0 0 0 0 1 0 0 0 0 0 0 0 0 0 0 0 0 0 0 0]
[981065506790732203193659960302290174608159394375431829431106341970004207691820563218540410352819961517964100643187627332854088959 0 0 0 0 0 0 0 0 0 0 0 0 0 0 0 0 0 0 0 0 0 0 0 0 0 0 0 1 0 0 0 0 0 0 0 0 0 0 0 0 0 0]
[1081295371553325267056649575556017863366177736173261880677581137284077801944511513958002592353909315306879318709543028425744660032 0 0 0 0 0 0 0 0 0 0 0 0 0 0 0 0 0 0 0 0 0 0 0 0 0 0 0 0 1 0 0 0 0 0 0 0 0 0 0 0 0 0]
[455248761774162010301690251918546097468356703594603198568718502287378612633197376227759638746383529045516072193619264609341271578 0 0 0 0 0 0 0 0 0 0 0 0 0 0 0 0 0 0 0 0 0 0 0 0 0 0 0 0 0 1 0 0 0 0 0 0 0 0 0 0 0 0]
[240258858743959674434134668144246589918123992972992924313695078300908337820879264621099908455666202074052242356258155149974372321 0 0 0 0 0 0 0 0 0 0 0 0 0 0 0 0 0 0 0 0 0 0 0 0 0 0 0 0 0 0 1 0 0 0 0 0 0 0 0 0 0 0]
[440799509685059087477857686675841334345193798370743912040395252755425557719849494091960451508596363664655057133900734909475247700 0 0 0 0 0 0 0 0 0 0 0 0 0 0 0 0 0 0 0 0 0 0 0 0 0 0 0 0 0 0 0 1 0 0 0 0 0 0 0 0 0 0]
[1309657356546130583485784175646865895639093277743732172672468605335916481370776182040434225845727603546340150055836554597518333178 0 0 0 0 0 0 0 0 0 0 0 0 0 0 0 0 0 0 0 0 0 0 0 0 0 0 0 0 0 0 0 0 1 0 0 0 0 0 0 0 0 0]
[53198098280643942505088794765177439059971377211963824067464516593793506556249897507379211961158375548563673761648997519884449494 0 0 0 0 0 0 0 0 0 0 0 0 0 0 0 0 0 0 0 0 0 0 0 0 0 0 0 0 0 0 0 0 0 1 0 0 0 0 0 0 0 0]
[1561235231506185242418013026516153659202309461923168071928454174448135736217869985479671293218982441718137402416343746342170682195 0 0 0 0 0 0 0 0 0 0 0 0 0 0 0 0 0 0 0 0 0 0 0 0 0 0 0 0 0 0 0 0 0 0 1 0 0 0 0 0 0 0]
[1554759726724348980201898458701535860136945070435688891597403559797555160221906692816478462987682818690852946606858839260620008358 0 0 0 0 0 0 0 0 0 0 0 0 0 0 0 0 0 0 0 0 0 0 0 0 0 0 0 0 0 0 0 0 0 0 0 1 0 0 0 0 0 0]
[661009601265718981993034431485270700409840206268710300803134152245485017903062361745063647414069023098512152860741313361301348389 0 0 0 0 0 0 0 0 0 0 0 0 0 0 0 0 0 0 0 0 0 0 0 0 0 0 0 0 0 0 0 0 0 0 0 0 1 0 0 0 0 0]
[556802911905831412507012935742957101367170038166813412739470425784699553507659327281538277199056305057826924239196649031149373100 0 0 0 0 0 0 0 0 0 0 0 0 0 0 0 0 0 0 0 0 0 0 0 0 0 0 0 0 0 0 0 0 0 0 0 0 0 1 0 0 0 0]
[967441457430304463042942532815436262773638188446066497872747762568506355226376194620089374588839670128340118526498415902461870986 0 0 0 0 0 0 0 0 0 0 0 0 0 0 0 0 0 0 0 0 0 0 0 0 0 0 0 0 0 0 0 0 0 0 0 0 0 0 1 0 0 0]
[94579029246132859001211291766281408514838346877238100037791713586650398582538759053128208979169500945923695453150868639358936936 0 0 0 0 0 0 0 0 0 0 0 0 0 0 0 0 0 0 0 0 0 0 0 0 0 0 0 0 0 0 0 0 0 0 0 0 0 0 0 1 0 0]
[924490508186524387317122016372928503281376899041426199029424611603125788567199917947206098206745987810592296032027711642250839289 0 0 0 0 0 0 0 0 0 0 0 0 0 0 0 0 0 0 0 0 0 0 0 0 0 0 0 0 0 0 0 0 0 0 0 0 0 0 0 0 1 0]
[848003575895653083425441285890833525953948152075003426560090607493033825725078534185580928326162480303123513325338837288800779414 0 0 0 0 0 0 0 0 0 0 0 0 0 0 0 0 0 0 0 0 0 0 0 0 0 0 0 0 0 0 0 0 0 0 0 0 0 0 0 0 0 1]
]
