[[3420207957432953623192170040211614557871449239089881999786283874004391990948781152566003946086225051774223240771945628402779593104499614231622766890894150078874884358572343188400946959 0 0 0 0 0 0 0 0 0 0 0 0 0 0 0 0 0 0 0 0 0 0 0 0 0 0 0 0 0 0 0 0 0 0 0 0 0 0 0 0 0 0 0 0 0 0 0 0 0 0 0 0 0 0 0 0 0 0 0 0]
[2009344302385598887151407697262255724794720240188041436084632174618838701718688135895666769347372330251872869092142349504242808763604636193662626488922073351431970540263218153426090441 1 0 0 0 0 0 0 0 0 0 0 0 0 0 0 0 0 0 0 0 0 0 0 0 0 0 0 0 0 0 0 0 0 0 0 0 0 0 0 0 0 0 0 0 0 0 0 0 0 0 0 0 0 0 0 0 0 0 0 0]
[1815654906168085914817119737269056859464390851937692046188052222705993479375573953168242246654331458604612390960354758290589614001981438614631827495432926827635514651160680513673111477 0 1 0 0 0 0 0 0 0 0 0 0 0 0 0 0 0 0 0 0 0 0 0 0 0 0 0 0 0 0 0 0 0 0 0 0 0 0 0 0 0 0 0 0 0 0 0 0 0 0 0 0 0 0 0 0 0 0 0 0]
[1565341790712883247234963542985959562439295504030029716937972125551045807567705275255827699961104182583231381029819278995121063654891180260942947148441272198918198606929364053339256738 0 0 1 0 0 0 0 0 0 0 0 0 0 0 0 0 0 0 0 0 0 0 0 0 0 0 0 0 0 0 0 0 0 0 0 0 0 0 0 0 0 0 0 0 0 0 0 0 0 0 0 0 0 0 0 0 0 0 0 0]
[959841672286985391206117620001411674375126387610051991492578435449959062605490507294771493718058923634468865165491429441124771629468110084932001215938937801063509719738337825380957201 0 0 0 1 0 0 0 0 0 0 0 0 0 0 0 0 0 0 0 0 0 0 0 0 0 0 0 0 0 0 0 0 0 0 0 0 0 0 0 0 0 0 0 0 0 0 0 0 0 0 0 0 0 0 0 0 0 0 0 0]
[8295271975176733578168013301637647090768327643088465413333626236034565814253260409629816588203564718331622759617343470180965851484943499774359457424220599883680170823438496973808583 0 0 0 0 1 0 0 0 0 0 0 0 0 0 0 0 0 0 0 0 0 0 0 0 0 0 0 0 0 0 0 0 0 0 0 0 0 0 0 0 0 0 0 0 0 0 0 0 0 0 0 0 0 0 0 0 0 0 0 0]
[1243522910554321768182749019517429465152335153000638728250022356709015046491923070521116680872160451685526527437463510598711419533897829197322888385904624122691185695060335853554289706 0 0 0 0 0 1 0 0 0 0 0 0 0 0 0 0 0 0 0 0 0 0 0 0 0 0 0 0 0 0 0 0 0 0 0 0 0 0 0 0 0 0 0 0 0 0 0 0 0 0 0 0 0 0 0 0 0 0 0 0]
[1417350300231274571206301793114014121659444472744625220842949642841790957405907327844778704095893937995813436128357090546548639129257586520510985723768181108345569556087567213468333789 0 0 0 0 0 0 1 0 0 0 0 0 0 0 0 0 0 0 0 0 0 0 0 0 0 0 0 0 0 0 0 0 0 0 0 0 0 0 0 0 0 0 0 0 0 0 0 0 0 0 0 0 0 0 0 0 0 0 0 0]
[1680109799922900977768841669184084730977642058711030144537023867040349569511794929193756843255218924551586832441364043769376081526781557539995076823613808462702996317622958221357119301 0 0 0 0 0 0 0 1 0 0 0 0 0 0 0 0 0 0 0 0 0 0 0 0 0 0 0 0 0 0 0 0 0 0 0 0 0 0 0 0 0 0 0 0 0 0 0 0 0 0 0 0 0 0 0 0 0 0 0 0]
[306730989586676502636557848143357008815817497225539846886258456512848453727329625044313192991104154701134347820497284877001293315461341043330231450584698388022303974653946498156775582 0 0 0 0 0 0 0 0 1 0 0 0 0 0 0 0 0 0 0 0 0 0 0 0 0 0 0 0 0 0 0 0 0 0 0 0 0 0 0 0 0 0 0 0 0 0 0 0 0 0 0 0 0 0 0 0 0 0 0 0]
[1590382620057459371606378237886590311001831106846312337271483888536473711377253905755048374284861156826622745923876901446697057040635523576690950317341844294182121492972647089549012787 0 0 0 0 0 0 0 0 0 1 0 0 0 0 0 0 0 0 0 0 0 0 0 0 0 0 0 0 0 0 0 0 0 0 0 0 0 0 0 0 0 0 0 0 0 0 0 0 0 0 0 0 0 0 0 0 0 0 0 0]
[1498103686039292391621976026740026907578866438387800703907319209524854711172037834159646230017256458664578944161805681495898486734031300949703373120463397779867531936639432331246494754 0 0 0 0 0 0 0 0 0 0 1 0 0 0 0 0 0 0 0 0 0 0 0 0 0 0 0 0 0 0 0 0 0 0 0 0 0 0 0 0 0 0 0 0 0 0 0 0 0 0 0 0 0 0 0 0 0 0 0 0]
[240959748514227057819965237420087842616497788597488755098173269778333579150959950026514173508939808158906509355032528978700847678161427009152061483483177626337145238775571455210376037 0 0 0 0 0 0 0 0 0 0 0 1 0 0 0 0 0 0 0 0 0 0 0 0 0 0 0 0 0 0 0 0 0 0 0 0 0 0 0 0 0 0 0 0 0 0 0 0 0 0 0 0 0 0 0 0 0 0 0 0]
[85370916969571376898411918106292818727293820480194018330700067610118662163782293825487980572569458822312490977278396769333564431195064992948663510244519615276480876362036458933880390 0 0 0 0 0 0 0 0 0 0 0 0 1 0 0 0 0 0 0 0 0 0 0 0 0 0 0 0 0 0 0 0 0 0 0 0 0 0 0 0 0 0 0 0 0 0 0 0 0 0 0 0 0 0 0 0 0 0 0 0]
[80734921286018280652317896897459701735474747326068583364628547903431015407822572421792127448772438339607363709110145659763888415228073181997544463845635530443498459850121557953044051 0 0 0 0 0 0 0 0 0 0 0 0 0 1 0 0 0 0 0 0 0 0 0 0 0 0 0 0 0 0 0 0 0 0 0 0 0 0 0 0 0 0 0 0 0 0 0 0 0 0 0 0 0 0 0 0 0 0 0 0]
[763530717346305872373707741288549846391459313338331016991679918352939777641881472202153453956366419023476403217321098944646406158824719127593742734338440084628613659583923051361770866 0 0 0 0 0 0 0 0 0 0 0 0 0 0 1 0 0 0 0 0 0 0 0 0 0 0 0 0 0 0 0 0 0 0 0 0 0 0 0 0 0 0 0 0 0 0 0 0 0 0 0 0 0 0 0 0 0 0 0 0]
[1342988481262873771170801293460777476160248048451529941126771540604432008323314893749042562456530899520465416885385998652530071694928563685088271439574647097963961925064274061485493302 0 0 0 0 0 0 0 0 0 0 0 0 0 0 0 1 0 0 0 0 0 0 0 0 0 0 0 0 0 0 0 0 0 0 0 0 0 0 0 0 0 0 0 0 0 0 0 0 0 0 0 0 0 0 0 0 0 0 0 0]
[2212914612851562848465058291999668092364798327805127971834028344603968925966490110637250706647278182874583231905369296093486207262351540031170788172111549000201853351722630323048119955 0 0 0 0 0 0 0 0 0 0 0 0 0 0 0 0 1 0 0 0 0 0 0 0 0 0 0 0 0 0 0 0 0 0 0 0 0 0 0 0 0 0 0 0 0 0 0 0 0 0 0 0 0 0 0 0 0 0 0 0]
[3370454844272253400322447242986091601750874327862687531857392102381953296770253691510300589498197593774186200811680450954552152662091523432209062288975271368793032403431275934037143636 0 0 0 0 0 0 0 0 0 0 0 0 0 0 0 0 0 1 0 0 0 0 0 0 0 0 0 0 0 0 0 0 0 0 0 0 0 0 0 0 0 0 0 0 0 0 0 0 0 0 0 0 0 0 0 0 0 0 0 0]
[1288599509449356418105349747580485279992971053237629519022877178263858469113185658218031121292465066782789249515239402382907919152698860690938732595054264096372741466784796433660806703 0 0 0 0 0 0 0 0 0 0 0 0 0 0 0 0 0 0 1 0 0 0 0 0 0 0 0 0 0 0 0 0 0 0 0 0 0 0 0 0 0 0 0 0 0 0 0 0 0 0 0 0 0 0 0 0 0 0 0 0]
[2927258828816868485284968778901422299313173236159608555950865799604174292481257725639718235276360697746082038481543184040267346247333524702186998364268417330730446262518241443200439987 0 0 0 0 0 0 0 0 0 0 0 0 0 0 0 0 0 0 0 1 0 0 0 0 0 0 0 0 0 0 0 0 0 0 0 0 0 0 0 0 0 0 0 0 0 0 0 0 0 0 0 0 0 0 0 0 0 0 0 0]
[2699633284896016176180750550010577661775369285992103602125281424575209569169910829575560511403902215692872775806090154689230554022861223070603688383966991729786122231648035947177307534 0 0 0 0 0 0 0 0 0 0 0 0 0 0 0 0 0 0 0 0 1 0 0 0 0 0 0 0 0 0 0 0 0 0 0 0 0 0 0 0 0 0 0 0 0 0 0 0 0 0 0 0 0 0 0 0 0 0 0 0]
[1362101670021766954639215948922195472406374779650241586564198925919278239600301059365805804646818970058318573905561325119113035588922817527564450641082714367855018810894976602301825070 0 0 0 0 0 0 0 0 0 0 0 0 0 0 0 0 0 0 0 0 0 1 0 0 0 0 0 0 0 0 0 0 0 0 0 0 0 0 0 0 0 0 0 0 0 0 0 0 0 0 0 0 0 0 0 0 0 0 0 0]
[1059129125757906933399318459362337565979105549307328093172164867797514551892053747681024745686230728498701073258377314987497874365295231668742905144058405874141712882097010673179683561 0 0 0 0 0 0 0 0 0 0 0 0 0 0 0 0 0 0 0 0 0 0 1 0 0 0 0 0 0 0 0 0 0 0 0 0 0 0 0 0 0 0 0 0 0 0 0 0 0 0 0 0 0 0 0 0 0 0 0 0]
[854930978815386094908360881009737366193411353268906401090345567801628008592836476655327186059616869166665345599772040730767422788225498914841671138774907062123048411137814452153071283 0 0 0 0 0 0 0 0 0 0 0 0 0 0 0 0 0 0 0 0 0 0 0 1 0 0 0 0 0 0 0 0 0 0 0 0 0 0 0 0 0 0 0 0 0 0 0 0 0 0 0 0 0 0 0 0 0 0 0 0]
[232842718595110256469437842272326621529308917172067107816646787406912900867832043100775710231825988308051140467944395536524547629339520289034191080858689747689061220691601884635717599 0 0 0 0 0 0 0 0 0 0 0 0 0 0 0 0 0 0 0 0 0 0 0 0 1 0 0 0 0 0 0 0 0 0 0 0 0 0 0 0 0 0 0 0 0 0 0 0 0 0 0 0 0 0 0 0 0 0 0 0]
[1053637560292452566160856410694530694028464522094760086646663091570699400315818126685719050065449365958637997652037342043348819431155658188130727355304590610340090168868451233342996291 0 0 0 0 0 0 0 0 0 0 0 0 0 0 0 0 0 0 0 0 0 0 0 0 0 1 0 0 0 0 0 0 0 0 0 0 0 0 0 0 0 0 0 0 0 0 0 0 0 0 0 0 0 0 0 0 0 0 0 0]
[1457169234168076935856234816558444024596250236497818383414113271096252857464988080207863744963574360119522905186342480361814956503786545892287840258170866438938418772552223739241132306 0 0 0 0 0 0 0 0 0 0 0 0 0 0 0 0 0 0 0 0 0 0 0 0 0 0 1 0 0 0 0 0 0 0 0 0 0 0 0 0 0 0 0 0 0 0 0 0 0 0 0 0 0 0 0 0 0 0 0 0]
[124351481855808782015915615163352583939800467536897277022525791182768326415323630083087469615187767949483610185297139715210868656000922595998805490050279313026542030812102169960460413 0 0 0 0 0 0 0 0 0 0 0 0 0 0 0 0 0 0 0 0 0 0 0 0 0 0 0 1 0 0 0 0 0 0 0 0 0 0 0 0 0 0 0 0 0 0 0 0 0 0 0 0 0 0 0 0 0 0 0 0]
[861757799369113185548682571628746785628195689290918803902219442562640265628930414967054111626010163856631290663763092861965978327660515429609575411093681281723623212599953524862950989 0 0 0 0 0 0 0 0 0 0 0 0 0 0 0 0 0 0 0 0 0 0 0 0 0 0 0 0 1 0 0 0 0 0 0 0 0 0 0 0 0 0 0 0 0 0 0 0 0 0 0 0 0 0 0 0 0 0 0 0]
[667634811979061656024423713985124928386458978851552749927687715334859168371738519028964431750927706524370102707605640537092255823905816900167790879134817164075679988421967300365520146 0 0 0 0 0 0 0 0 0 0 0 0 0 0 0 0 0 0 0 0 0 0 0 0 0 0 0 0 0 1 0 0 0 0 0 0 0 0 0 0 0 0 0 0 0 0 0 0 0 0 0 0 0 0 0 0 0 0 0 0]
[1609297548109125084888697940279427865327181766610059317051479461495955232352869286316680135829774544366990411223244879407761556463305798605886239986523602880176139010278443367332817711 0 0 0 0 0 0 0 0 0 0 0 0 0 0 0 0 0 0 0 0 0 0 0 0 0 0 0 0 0 0 1 0 0 0 0 0 0 0 0 0 0 0 0 0 0 0 0 0 0 0 0 0 0 0 0 0 0 0 0 0]
[1509094429541820070254945781799325104069004384908075391505917175408077091994563318234872741719027256279982820089834359471890742898369620395615452378619793373854319108796479427291901676 0 0 0 0 0 0 0 0 0 0 0 0 0 0 0 0 0 0 0 0 0 0 0 0 0 0 0 0 0 0 0 1 0 0 0 0 0 0 0 0 0 0 0 0 0 0 0 0 0 0 0 0 0 0 0 0 0 0 0 0]
[3347281124474535395899782530544436184097068207753993781944767540997064921192284315491404887367142694929170967433435987162081842014939309121441516361548480907653865995267741967580188927 0 0 0 0 0 0 0 0 0 0 0 0 0 0 0 0 0 0 0 0 0 0 0 0 0 0 0 0 0 0 0 0 1 0 0 0 0 0 0 0 0 0 0 0 0 0 0 0 0 0 0 0 0 0 0 0 0 0 0 0]
[412044990611372261848332190499491927860409422211683654509583010732855526476492892088898611000118357560288020650408240922732301969323666365026704457648356081073553116244310121991385354 0 0 0 0 0 0 0 0 0 0 0 0 0 0 0 0 0 0 0 0 0 0 0 0 0 0 0 0 0 0 0 0 0 1 0 0 0 0 0 0 0 0 0 0 0 0 0 0 0 0 0 0 0 0 0 0 0 0 0 0]
[3293743994581533301044669183393277900863307104161006682534148585115809090168119772409744035475129440170618169202130772361938335027717233070941113694333998850239858112780545055167470905 0 0 0 0 0 0 0 0 0 0 0 0 0 0 0 0 0 0 0 0 0 0 0 0 0 0 0 0 0 0 0 0 0 0 1 0 0 0 0 0 0 0 0 0 0 0 0 0 0 0 0 0 0 0 0 0 0 0 0 0]
[2642322615157001536437489851874940870134423110096357729253714396048302061728481218591026375405586597508782228398995516115391025147053550694670761995419576293053145760876623885463973623 0 0 0 0 0 0 0 0 0 0 0 0 0 0 0 0 0 0 0 0 0 0 0 0 0 0 0 0 0 0 0 0 0 0 0 1 0 0 0 0 0 0 0 0 0 0 0 0 0 0 0 0 0 0 0 0 0 0 0 0]
[118350669960269503597983867035399219658039026678515503748510981516811477308028411742568704594254233707555585436203672014264441634170160978367587940557489078033662602055009880789093901 0 0 0 0 0 0 0 0 0 0 0 0 0 0 0 0 0 0 0 0 0 0 0 0 0 0 0 0 0 0 0 0 0 0 0 0 1 0 0 0 0 0 0 0 0 0 0 0 0 0 0 0 0 0 0 0 0 0 0 0]
[872680049177804182199463489840687996526647970621059729670319024184333902086957593543767761299002392894875099444911170066763394042143342567141873647425877823942905408774548434348644766 0 0 0 0 0 0 0 0 0 0 0 0 0 0 0 0 0 0 0 0 0 0 0 0 0 0 0 0 0 0 0 0 0 0 0 0 0 1 0 0 0 0 0 0 0 0 0 0 0 0 0 0 0 0 0 0 0 0 0 0]
[259398803273165749681467332672808489512402410034873115401458751855420236118718880250393047461285776479784860502250015673042237395194935790163555405281473286387058049240284255534433565 0 0 0 0 0 0 0 0 0 0 0 0 0 0 0 0 0 0 0 0 0 0 0 0 0 0 0 0 0 0 0 0 0 0 0 0 0 0 1 0 0 0 0 0 0 0 0 0 0 0 0 0 0 0 0 0 0 0 0 0]
[631752073245340769943794280195280192359555727948783331255355806773864627418750511567658743126127985216170807523999362937960172537898284598349610629517596253745035685470617121173349130 0 0 0 0 0 0 0 0 0 0 0 0 0 0 0 0 0 0 0 0 0 0 0 0 0 0 0 0 0 0 0 0 0 0 0 0 0 0 0 1 0 0 0 0 0 0 0 0 0 0 0 0 0 0 0 0 0 0 0 0]
[2689349631366494038892175761815862822437474013746672286672556778662116081588056690590942813676207223249371460317814795481365118554873737405570677440654291477160245621630018649719559001 0 0 0 0 0 0 0 0 0 0 0 0 0 0 0 0 0 0 0 0 0 0 0 0 0 0 0 0 0 0 0 0 0 0 0 0 0 0 0 0 1 0 0 0 0 0 0 0 0 0 0 0 0 0 0 0 0 0 0 0]
[404722339078755090124142566897562209425846043326523890448579266292261181278108566197421857597170946261850626992518518860604695844805345986291083355729618828469732142323044031510150816 0 0 0 0 0 0 0 0 0 0 0 0 0 0 0 0 0 0 0 0 0 0 0 0 0 0 0 0 0 0 0 0 0 0 0 0 0 0 0 0 0 1 0 0 0 0 0 0 0 0 0 0 0 0 0 0 0 0 0 0]
[2601786547642742597075102394944445342405562533323604314608107333388821182542846675787181771229518938417656694632108703668764682263178611047478326495671748147165080135487298560280034095 0 0 0 0 0 0 0 0 0 0 0 0 0 0 0 0 0 0 0 0 0 0 0 0 0 0 0 0 0 0 0 0 0 0 0 0 0 0 0 0 0 0 1 0 0 0 0 0 0 0 0 0 0 0 0 0 0 0 0 0]
[446429848316753625677561209958706123112424747910731104753466140606182018736338272675372111594538654905782989315073131804042333369185550103302285582617079870748033283096567193864998563 0 0 0 0 0 0 0 0 0 0 0 0 0 0 0 0 0 0 0 0 0 0 0 0 0 0 0 0 0 0 0 0 0 0 0 0 0 0 0 0 0 0 0 1 0 0 0 0 0 0 0 0 0 0 0 0 0 0 0 0]
[2133738459848948337994363700674187886829404501076076272436271280029112795484689059835107138124850053450155944250874036013622091026830161548671981686819050076401637994520036076052090348 0 0 0 0 0 0 0 0 0 0 0 0 0 0 0 0 0 0 0 0 0 0 0 0 0 0 0 0 0 0 0 0 0 0 0 0 0 0 0 0 0 0 0 0 1 0 0 0 0 0 0 0 0 0 0 0 0 0 0 0]
[663670882076749640060455229498712248643514717600278438053550863359761961471758562568379127665798768057528732057506270874161295667353274375453046730826877936920462995472733391720097010 0 0 0 0 0 0 0 0 0 0 0 0 0 0 0 0 0 0 0 0 0 0 0 0 0 0 0 0 0 0 0 0 0 0 0 0 0 0 0 0 0 0 0 0 0 1 0 0 0 0 0 0 0 0 0 0 0 0 0 0]
[1599480508761794502965599112011032508558463970474718727690918781630072867172312641238811770500350117894617579213234404785675775558509932668973658014922939161805042358418393199883632558 0 0 0 0 0 0 0 0 0 0 0 0 0 0 0 0 0 0 0 0 0 0 0 0 0 0 0 0 0 0 0 0 0 0 0 0 0 0 0 0 0 0 0 0 0 0 1 0 0 0 0 0 0 0 0 0 0 0 0 0]
[385161052079291208919458525325676069434392554526101923052978151793683807978220440769911657470242486897776237482651586134891804372951848150510604871291441306581137901139065048824995531 0 0 0 0 0 0 0 0 0 0 0 0 0 0 0 0 0 0 0 0 0 0 0 0 0 0 0 0 0 0 0 0 0 0 0 0 0 0 0 0 0 0 0 0 0 0 0 1 0 0 0 0 0 0 0 0 0 0 0 0]
[3411349131402267298044673935704322715936805732953962821540829318095662568961146878458029160452611348292972688405197506011139753674048046976897824686029168097632917099533735006541396811 0 0 0 0 0 0 0 0 0 0 0 0 0 0 0 0 0 0 0 0 0 0 0 0 0 0 0 0 0 0 0 0 0 0 0 0 0 0 0 0 0 0 0 0 0 0 0 0 1 0 0 0 0 0 0 0 0 0 0 0]
[1991359266582861988446741031895641627123247747504550803208929373042083816739486514144562651086992199936262297677044106416440495978615623633356364551561378770956113301896828213736501676 0 0 0 0 0 0 0 0 0 0 0 0 0 0 0 0 0 0 0 0 0 0 0 0 0 0 0 0 0 0 0 0 0 0 0 0 0 0 0 0 0 0 0 0 0 0 0 0 0 1 0 0 0 0 0 0 0 0 0 0]
[2377807868191286659159514660733352427816028519248236942689743180913925346462628037268940601984435644669901146212820895868676723097648597330956991833840278571605939637121716109149933569 0 0 0 0 0 0 0 0 0 0 0 0 0 0 0 0 0 0 0 0 0 0 0 0 0 0 0 0 0 0 0 0 0 0 0 0 0 0 0 0 0 0 0 0 0 0 0 0 0 0 1 0 0 0 0 0 0 0 0 0]
[1744139752680654587703518796106298741875538605397902667073928148627389352321828812332859780120217766475964214443553581417318505477382126891020919267484752333570330400395631777689784032 0 0 0 0 0 0 0 0 0 0 0 0 0 0 0 0 0 0 0 0 0 0 0 0 0 0 0 0 0 0 0 0 0 0 0 0 0 0 0 0 0 0 0 0 0 0 0 0 0 0 0 1 0 0 0 0 0 0 0 0]
[3226503962778984689897897756066101229257061079763656353895771763607819590433464707921152120140998332826582766077177203302184645482351954921818216163937535007978482217802643784550480040 0 0 0 0 0 0 0 0 0 0 0 0 0 0 0 0 0 0 0 0 0 0 0 0 0 0 0 0 0 0 0 0 0 0 0 0 0 0 0 0 0 0 0 0 0 0 0 0 0 0 0 0 1 0 0 0 0 0 0 0]
[3056704629606969173358611578064120308092949646147771694083879135646347444365340809947700358187604951316757525429091487257539022879461911523065838194196122967499258689272830486526089076 0 0 0 0 0 0 0 0 0 0 0 0 0 0 0 0 0 0 0 0 0 0 0 0 0 0 0 0 0 0 0 0 0 0 0 0 0 0 0 0 0 0 0 0 0 0 0 0 0 0 0 0 0 1 0 0 0 0 0 0]
[1467759871945143864225635891389568233868256786895944730693819814185261112793165301422518799229694433089102068782121108511247871255944874841506567768330414392059641038671158154206140422 0 0 0 0 0 0 0 0 0 0 0 0 0 0 0 0 0 0 0 0 0 0 0 0 0 0 0 0 0 0 0 0 0 0 0 0 0 0 0 0 0 0 0 0 0 0 0 0 0 0 0 0 0 0 1 0 0 0 0 0]
[291775737277720910082639272474540852009696958441126921295306405969994429652948447064533843085480222631050824865490902406428364024428471176735293061928901198946549639440755180451484321 0 0 0 0 0 0 0 0 0 0 0 0 0 0 0 0 0 0 0 0 0 0 0 0 0 0 0 0 0 0 0 0 0 0 0 0 0 0 0 0 0 0 0 0 0 0 0 0 0 0 0 0 0 0 0 1 0 0 0 0]
[2609938567201706137156055494062473834895278056652377438572101799637817008636438485433251881860953895310145568076275742901877456507536529852835206687254960949390464728001984202547080247 0 0 0 0 0 0 0 0 0 0 0 0 0 0 0 0 0 0 0 0 0 0 0 0 0 0 0 0 0 0 0 0 0 0 0 0 0 0 0 0 0 0 0 0 0 0 0 0 0 0 0 0 0 0 0 0 1 0 0 0]
[2508156755622341316707655173303610184004849607972649715820566152086823218690914379610054119765386820836999967319241541337943979440050202044800267922209764004404204856922694099849902682 0 0 0 0 0 0 0 0 0 0 0 0 0 0 0 0 0 0 0 0 0 0 0 0 0 0 0 0 0 0 0 0 0 0 0 0 0 0 0 0 0 0 0 0 0 0 0 0 0 0 0 0 0 0 0 0 0 1 0 0]
[16551361686113571343658208846253256679890277440333796746471550148049831749868530251677214913128719765007114800998618852548865038175818137204296358593522201471681477242143873331697238 0 0 0 0 0 0 0 0 0 0 0 0 0 0 0 0 0 0 0 0 0 0 0 0 0 0 0 0 0 0 0 0 0 0 0 0 0 0 0 0 0 0 0 0 0 0 0 0 0 0 0 0 0 0 0 0 0 0 1 0]
[111795473382637367211693547624596828574996413329168906418710499208220820220682961009804463458888661924161885626457301945450481783913475335080125043281661968959956344786629402333818347 0 0 0 0 0 0 0 0 0 0 0 0 0 0 0 0 0 0 0 0 0 0 0 0 0 0 0 0 0 0 0 0 0 0 0 0 0 0 0 0 0 0 0 0 0 0 0 0 0 0 0 0 0 0 0 0 0 0 0 1]
]
