[[1532071828772598253772914652799881672375594332564675530735904424890448198351195611887401263783475786793332870419750423825979798771253465293 0 0 0 0 0 0 0 0 0 0 0 0 0 0 0 0 0 0 0 0 0 0 0 0 0 0 0 0 0 0 0 0 0 0 0 0 0 0 0 0 0 0 0 0 0]
[117861833957461903260495293452890540956959179955042335530742738663808900069496982672631949685562804589175296883604668206022725706493283960 1 0 0 0 0 0 0 0 0 0 0 0 0 0 0 0 0 0 0 0 0 0 0 0 0 0 0 0 0 0 0 0 0 0 0 0 0 0 0 0 0 0 0 0 0]
[889306488470373204601834786442746332738384269423554723820259224550375786171922332378758615627940603162478258026867707840980570516380335810 0 1 0 0 0 0 0 0 0 0 0 0 0 0 0 0 0 0 0 0 0 0 0 0 0 0 0 0 0 0 0 0 0 0 0 0 0 0 0 0 0 0 0 0 0]
[548338628093635144978812236046982470221654005774466593485518412708187146092444894346654845608310721088269174018924601619457368228167833829 0 0 1 0 0 0 0 0 0 0 0 0 0 0 0 0 0 0 0 0 0 0 0 0 0 0 0 0 0 0 0 0 0 0 0 0 0 0 0 0 0 0 0 0 0]
[531108627575222646454837993307312812192291647764111240479943769748373159685621796100495250494359021884022361079346766227521856076307148025 0 0 0 1 0 0 0 0 0 0 0 0 0 0 0 0 0 0 0 0 0 0 0 0 0 0 0 0 0 0 0 0 0 0 0 0 0 0 0 0 0 0 0 0 0]
[266068376381597193124458572431844251895719670043855022760409190509489661835960207501419688668918423084309247260405688212256241600929141284 0 0 0 0 1 0 0 0 0 0 0 0 0 0 0 0 0 0 0 0 0 0 0 0 0 0 0 0 0 0 0 0 0 0 0 0 0 0 0 0 0 0 0 0 0]
[1481740797885688949839499300488419832653112221726684381592479380426400524282989131283470578829093279762429445631675125009345480549549286506 0 0 0 0 0 1 0 0 0 0 0 0 0 0 0 0 0 0 0 0 0 0 0 0 0 0 0 0 0 0 0 0 0 0 0 0 0 0 0 0 0 0 0 0 0]
[1204846344062453681555858352129926642117403492345815501604868001443204293997846140431733852524182917334467920717394207378419617872513758675 0 0 0 0 0 0 1 0 0 0 0 0 0 0 0 0 0 0 0 0 0 0 0 0 0 0 0 0 0 0 0 0 0 0 0 0 0 0 0 0 0 0 0 0 0]
[309198219587224255088798452499621768519768250900277908069193105635351743807875509255944249999387091763782497295859256391291339442438730381 0 0 0 0 0 0 0 1 0 0 0 0 0 0 0 0 0 0 0 0 0 0 0 0 0 0 0 0 0 0 0 0 0 0 0 0 0 0 0 0 0 0 0 0 0]
[620804618585967344921388826846447848548986674025331224850282088825687373398926127331346909913910791842590106024039655868436668553066686998 0 0 0 0 0 0 0 0 1 0 0 0 0 0 0 0 0 0 0 0 0 0 0 0 0 0 0 0 0 0 0 0 0 0 0 0 0 0 0 0 0 0 0 0 0]
[133211078118882931558504044717190654165197080871770334455496317688085522676385875172630586136460699482751273844221030260621876035734248610 0 0 0 0 0 0 0 0 0 1 0 0 0 0 0 0 0 0 0 0 0 0 0 0 0 0 0 0 0 0 0 0 0 0 0 0 0 0 0 0 0 0 0 0 0]
[815782751864263369811603248094014901540324555533409064178241577887463696970431114881842102545682865377282654760447903620161530937368580707 0 0 0 0 0 0 0 0 0 0 1 0 0 0 0 0 0 0 0 0 0 0 0 0 0 0 0 0 0 0 0 0 0 0 0 0 0 0 0 0 0 0 0 0 0]
[874372995606769280177748262453859744556850149208673849857807709268706169035550100148768777659234829876847473968722718244510349504468646649 0 0 0 0 0 0 0 0 0 0 0 1 0 0 0 0 0 0 0 0 0 0 0 0 0 0 0 0 0 0 0 0 0 0 0 0 0 0 0 0 0 0 0 0 0]
[854050771360036135294900906002526805483065987500399140567108292322925576219639483934571382950717475331376626612123205947605122503073890665 0 0 0 0 0 0 0 0 0 0 0 0 1 0 0 0 0 0 0 0 0 0 0 0 0 0 0 0 0 0 0 0 0 0 0 0 0 0 0 0 0 0 0 0 0]
[1480829989129269384596653545284690105241232304126065027353756917335017822573738738395037680098469720112563711702692940036989948349816437794 0 0 0 0 0 0 0 0 0 0 0 0 0 1 0 0 0 0 0 0 0 0 0 0 0 0 0 0 0 0 0 0 0 0 0 0 0 0 0 0 0 0 0 0 0]
[518098112003145579034002760266651759503174910888433066962118891302805733991934986524445385814778412000322223177363141782657465844883353854 0 0 0 0 0 0 0 0 0 0 0 0 0 0 1 0 0 0 0 0 0 0 0 0 0 0 0 0 0 0 0 0 0 0 0 0 0 0 0 0 0 0 0 0 0]
[1458610870096203500899239765465325459838592834234792402252877227728701104701744546128149580870687090574742705237486632043713411080342426611 0 0 0 0 0 0 0 0 0 0 0 0 0 0 0 1 0 0 0 0 0 0 0 0 0 0 0 0 0 0 0 0 0 0 0 0 0 0 0 0 0 0 0 0 0]
[1033494618005532956920479632626375314288931825516854629813948277660450555988529904252528717075271315082329042871323283695738805685413587308 0 0 0 0 0 0 0 0 0 0 0 0 0 0 0 0 1 0 0 0 0 0 0 0 0 0 0 0 0 0 0 0 0 0 0 0 0 0 0 0 0 0 0 0 0]
[1391094310023498163158155785548663592926793965353503855531800769376740204927998057128915044160622805384081817854791732099654874320389146000 0 0 0 0 0 0 0 0 0 0 0 0 0 0 0 0 0 1 0 0 0 0 0 0 0 0 0 0 0 0 0 0 0 0 0 0 0 0 0 0 0 0 0 0 0]
[1431997875251556561148626871555671745629080000421495749558600575976570796439660175990825437235797343704978385953487565215689294091998135551 0 0 0 0 0 0 0 0 0 0 0 0 0 0 0 0 0 0 1 0 0 0 0 0 0 0 0 0 0 0 0 0 0 0 0 0 0 0 0 0 0 0 0 0 0]
[768965624498673397708167403590586417460863728156273398475494650578279617413807203541746430263870476930584585523201520043204342485907597382 0 0 0 0 0 0 0 0 0 0 0 0 0 0 0 0 0 0 0 1 0 0 0 0 0 0 0 0 0 0 0 0 0 0 0 0 0 0 0 0 0 0 0 0 0]
[1501724130692511497170778315287598409843750198011524136642222417884136002229291800554421165464402933367664195936971182793026815840117686327 0 0 0 0 0 0 0 0 0 0 0 0 0 0 0 0 0 0 0 0 1 0 0 0 0 0 0 0 0 0 0 0 0 0 0 0 0 0 0 0 0 0 0 0 0]
[475540860956430920318811229865742411035270283427069291839866124034665042006040362892286649490361660076536255510218487706816475776809361780 0 0 0 0 0 0 0 0 0 0 0 0 0 0 0 0 0 0 0 0 0 1 0 0 0 0 0 0 0 0 0 0 0 0 0 0 0 0 0 0 0 0 0 0 0]
[1029840892516826974386358741935615334470901212491673774127763427319597548020538565165137671937309682626812681053499751108210806958107660575 0 0 0 0 0 0 0 0 0 0 0 0 0 0 0 0 0 0 0 0 0 0 1 0 0 0 0 0 0 0 0 0 0 0 0 0 0 0 0 0 0 0 0 0 0]
[193763346057199012667797633854764059840453589479458231048956241232030020951383956059639361067491475299434424104846432781613322315004475457 0 0 0 0 0 0 0 0 0 0 0 0 0 0 0 0 0 0 0 0 0 0 0 1 0 0 0 0 0 0 0 0 0 0 0 0 0 0 0 0 0 0 0 0 0]
[873656856006556001263844588674330531490526646203597338973737818758716821013984817650972835282801533092718279250099640488187521042003046689 0 0 0 0 0 0 0 0 0 0 0 0 0 0 0 0 0 0 0 0 0 0 0 0 1 0 0 0 0 0 0 0 0 0 0 0 0 0 0 0 0 0 0 0 0]
[1408128642111577489808539831384407425352905818485470022324504488718657823985069066014377662064322294595855410334559630737164768993836725998 0 0 0 0 0 0 0 0 0 0 0 0 0 0 0 0 0 0 0 0 0 0 0 0 0 1 0 0 0 0 0 0 0 0 0 0 0 0 0 0 0 0 0 0 0]
[175697152112528161759270140629514854294664877336004819716061977049493439694765805343295241929372022995932174562548970456259459202214668605 0 0 0 0 0 0 0 0 0 0 0 0 0 0 0 0 0 0 0 0 0 0 0 0 0 0 1 0 0 0 0 0 0 0 0 0 0 0 0 0 0 0 0 0 0]
[1275227534195662823302894223892612320944131356913422398953287972595374451085421085086111685176843641279629188705830465242066123228409529491 0 0 0 0 0 0 0 0 0 0 0 0 0 0 0 0 0 0 0 0 0 0 0 0 0 0 0 1 0 0 0 0 0 0 0 0 0 0 0 0 0 0 0 0 0]
[927696579843333481565568337646722296178508274951873835189714684146929016551748333011617363660400505069693836137091620845388422141774178007 0 0 0 0 0 0 0 0 0 0 0 0 0 0 0 0 0 0 0 0 0 0 0 0 0 0 0 0 1 0 0 0 0 0 0 0 0 0 0 0 0 0 0 0 0]
[1005338241370813630746166580060158830331773990665279183762145639838325182722024289250292543882968275769090530425860080908916752481004137617 0 0 0 0 0 0 0 0 0 0 0 0 0 0 0 0 0 0 0 0 0 0 0 0 0 0 0 0 0 1 0 0 0 0 0 0 0 0 0 0 0 0 0 0 0]
[775682974479038151669793520461843310171672461723484478112785766902784456176443573447703193318183232835123168928986799255684751548497027883 0 0 0 0 0 0 0 0 0 0 0 0 0 0 0 0 0 0 0 0 0 0 0 0 0 0 0 0 0 0 1 0 0 0 0 0 0 0 0 0 0 0 0 0 0]
[1014509961021453496310587915757517574169868836667674222254754655554027627512529657371020650872803787136965353174215327405554708454275153761 0 0 0 0 0 0 0 0 0 0 0 0 0 0 0 0 0 0 0 0 0 0 0 0 0 0 0 0 0 0 0 1 0 0 0 0 0 0 0 0 0 0 0 0 0]
[737815240509194100409748200471261725230356404762039303303320659815426327781495301215465921137375368805547576957995901776818997039734423738 0 0 0 0 0 0 0 0 0 0 0 0 0 0 0 0 0 0 0 0 0 0 0 0 0 0 0 0 0 0 0 0 1 0 0 0 0 0 0 0 0 0 0 0 0]
[904376070538402233444266281834415691296130940334681809104850871829880723901660380283026589518825386405553577598035212328781878377034674254 0 0 0 0 0 0 0 0 0 0 0 0 0 0 0 0 0 0 0 0 0 0 0 0 0 0 0 0 0 0 0 0 0 1 0 0 0 0 0 0 0 0 0 0 0]
[18465204313421462885452457723059635627051997892468848479375533622479084587255302462963908898966673863691022781737079299866168517884153281 0 0 0 0 0 0 0 0 0 0 0 0 0 0 0 0 0 0 0 0 0 0 0 0 0 0 0 0 0 0 0 0 0 0 1 0 0 0 0 0 0 0 0 0 0]
[187498343793301830060491995822547656190912677560661705885136406225354802520027809853574402297426501317963768588525025621384653094855327481 0 0 0 0 0 0 0 0 0 0 0 0 0 0 0 0 0 0 0 0 0 0 0 0 0 0 0 0 0 0 0 0 0 0 0 1 0 0 0 0 0 0 0 0 0]
[740728965574921034884320532430140966948004535340607145767433640901814658634886508552058989808225778915304592810223877475929909179389939185 0 0 0 0 0 0 0 0 0 0 0 0 0 0 0 0 0 0 0 0 0 0 0 0 0 0 0 0 0 0 0 0 0 0 0 0 1 0 0 0 0 0 0 0 0]
[323222235250350381033821005685216952963912818618773501489610111337860869083635187456166691921872745056323636586811013372188037258386226741 0 0 0 0 0 0 0 0 0 0 0 0 0 0 0 0 0 0 0 0 0 0 0 0 0 0 0 0 0 0 0 0 0 0 0 0 0 1 0 0 0 0 0 0 0]
[226712235244087329773774352523845826345613065767742929058861980606675916420323749374093583409106373368384858237348946334961863238738286230 0 0 0 0 0 0 0 0 0 0 0 0 0 0 0 0 0 0 0 0 0 0 0 0 0 0 0 0 0 0 0 0 0 0 0 0 0 0 1 0 0 0 0 0 0]
[264926019496103411364783738711033370102930635107746170929995446993181091048294475702256994574159891300938181116741288758636713104301223314 0 0 0 0 0 0 0 0 0 0 0 0 0 0 0 0 0 0 0 0 0 0 0 0 0 0 0 0 0 0 0 0 0 0 0 0 0 0 0 1 0 0 0 0 0]
[606613707577358131692524658599955558343356293809491589258079970031642101621668658537987327753720359535542545684922159003861549764470375974 0 0 0 0 0 0 0 0 0 0 0 0 0 0 0 0 0 0 0 0 0 0 0 0 0 0 0 0 0 0 0 0 0 0 0 0 0 0 0 0 1 0 0 0 0]
[823578096177705087508533074827178727509174985176165258259173371961897509582973404550669551442673046640211653420929251936167070018442728806 0 0 0 0 0 0 0 0 0 0 0 0 0 0 0 0 0 0 0 0 0 0 0 0 0 0 0 0 0 0 0 0 0 0 0 0 0 0 0 0 0 1 0 0 0]
[1007079851809456567268254184518712497782040529992178963649795106204988030282494907115411046971450230712941798383874662924119160297146038241 0 0 0 0 0 0 0 0 0 0 0 0 0 0 0 0 0 0 0 0 0 0 0 0 0 0 0 0 0 0 0 0 0 0 0 0 0 0 0 0 0 0 1 0 0]
[650978754205170623848917895709342725554594269071186535437855889532123302556669053965743774785680348385268915754713201732217947399201456828 0 0 0 0 0 0 0 0 0 0 0 0 0 0 0 0 0 0 0 0 0 0 0 0 0 0 0 0 0 0 0 0 0 0 0 0 0 0 0 0 0 0 0 1 0]
[529903589965587780441207054536680415865408089941162768652086175319192190279243500831213012712926351647120854017422454253528606449987522786 0 0 0 0 0 0 0 0 0 0 0 0 0 0 0 0 0 0 0 0 0 0 0 0 0 0 0 0 0 0 0 0 0 0 0 0 0 0 0 0 0 0 0 0 1]
]
