[[11298810506401562110152574022767092357482181012163015060273067625598661672105753023130579315944599824596769839884829864517822578621103722903119630347837528846492637266132530146671008402831987737582427494602554828882067076033404994010410280693272936303334556450789671811325914746815159011758855488176410881498913252319356609319738653471 0 0 0 0 0 0 0 0 0 0 0 0 0 0 0 0 0 0 0 0 0 0 0 0 0 0 0 0 0 0 0 0 0 0 0 0 0 0 0 0 0 0 0 0 0 0 0 0 0 0 0 0 0 0 0 0 0 0 0 0 0 0 0 0 0 0 0 0 0 0 0 0 0 0 0 0 0 0 0 0 0 0 0 0 0 0 0 0 0 0 0 0 0 0 0 0 0 0 0 0 0 0 0 0 0 0 0 0 0 0]
[6332055906294685639711671409733498469814685234752284844641721304005129357330797811697392788276898779158001270996785371762541251690969388478547960161258683636175557428742974886424901696832486388589847863704856877161645253207202132096602355799565942853014986529127001689186585543884097712269503361697507932686153422103607622806939832656 1 0 0 0 0 0 0 0 0 0 0 0 0 0 0 0 0 0 0 0 0 0 0 0 0 0 0 0 0 0 0 0 0 0 0 0 0 0 0 0 0 0 0 0 0 0 0 0 0 0 0 0 0 0 0 0 0 0 0 0 0 0 0 0 0 0 0 0 0 0 0 0 0 0 0 0 0 0 0 0 0 0 0 0 0 0 0 0 0 0 0 0 0 0 0 0 0 0 0 0 0 0 0 0 0 0 0 0 0 0]
[7286828556240310080908232015886276075375903568690454684483462647325978170133197719498877771986030044758254856342864972680144964803867619484368880188286549219931137947970376948458144622812890551388541761164359666762483596736800935979139502687085244997705139652253646196330689264381026730410638323236537945274086392601019483231877104826 0 1 0 0 0 0 0 0 0 0 0 0 0 0 0 0 0 0 0 0 0 0 0 0 0 0 0 0 0 0 0 0 0 0 0 0 0 0 0 0 0 0 0 0 0 0 0 0 0 0 0 0 0 0 0 0 0 0 0 0 0 0 0 0 0 0 0 0 0 0 0 0 0 0 0 0 0 0 0 0 0 0 0 0 0 0 0 0 0 0 0 0 0 0 0 0 0 0 0 0 0 0 0 0 0 0 0 0 0 0]
[1678866183491586233356655604254182881816658092158613981035583230376140714323182186632869092343339235094140058075561995023973843717493442848037098789270925053380703811504345808805586639149654915329381299224129825204950222684753431741740465281105586968695516063348776152450536259388856895073645237558664690855016438179908451935002817403 0 0 1 0 0 0 0 0 0 0 0 0 0 0 0 0 0 0 0 0 0 0 0 0 0 0 0 0 0 0 0 0 0 0 0 0 0 0 0 0 0 0 0 0 0 0 0 0 0 0 0 0 0 0 0 0 0 0 0 0 0 0 0 0 0 0 0 0 0 0 0 0 0 0 0 0 0 0 0 0 0 0 0 0 0 0 0 0 0 0 0 0 0 0 0 0 0 0 0 0 0 0 0 0 0 0 0 0 0 0]
[9511325901018226129525510772043013824809018999493675698020950942944453793500996300276992035253267382070951704857061425684281893796440025534590121205329163696753542805942039979486004881248949302763285835158770910123967268497397368217417465039343351058386345084665048147070798389080104853585114406207577152428954292183670061672040739050 0 0 0 1 0 0 0 0 0 0 0 0 0 0 0 0 0 0 0 0 0 0 0 0 0 0 0 0 0 0 0 0 0 0 0 0 0 0 0 0 0 0 0 0 0 0 0 0 0 0 0 0 0 0 0 0 0 0 0 0 0 0 0 0 0 0 0 0 0 0 0 0 0 0 0 0 0 0 0 0 0 0 0 0 0 0 0 0 0 0 0 0 0 0 0 0 0 0 0 0 0 0 0 0 0 0 0 0 0 0]
[10302717046471407740298920433155607815396237819661153946912465591998562873086272796843258259831015005026913266001054835909841881968443066466869736142474454295075179249612845411407442145932582483795483169776413897806713374727614063476003503232115142559222898977528225851221078148562327466200633709615035002731800572277962020106454766367 0 0 0 0 1 0 0 0 0 0 0 0 0 0 0 0 0 0 0 0 0 0 0 0 0 0 0 0 0 0 0 0 0 0 0 0 0 0 0 0 0 0 0 0 0 0 0 0 0 0 0 0 0 0 0 0 0 0 0 0 0 0 0 0 0 0 0 0 0 0 0 0 0 0 0 0 0 0 0 0 0 0 0 0 0 0 0 0 0 0 0 0 0 0 0 0 0 0 0 0 0 0 0 0 0 0 0 0 0 0]
[6260926124020743740908226723109874788175575612831797493893930022451234155332402609008717908805093076150375900435537370489778751857884598032729796276955599949657228288705269909264296875719795300905793818905892360486337965746921049057395376519756580805415365261929274224389332709059465698668791979182648581969651440923008670025512497982 0 0 0 0 0 1 0 0 0 0 0 0 0 0 0 0 0 0 0 0 0 0 0 0 0 0 0 0 0 0 0 0 0 0 0 0 0 0 0 0 0 0 0 0 0 0 0 0 0 0 0 0 0 0 0 0 0 0 0 0 0 0 0 0 0 0 0 0 0 0 0 0 0 0 0 0 0 0 0 0 0 0 0 0 0 0 0 0 0 0 0 0 0 0 0 0 0 0 0 0 0 0 0 0 0 0 0 0 0 0]
[1531041602023179945664168084011588569547419305779152663443670977303979670962643250110999295434333685673961902272690471869509606529170249981833705606040777351830839015772734678559137460781729989897927202887449674970054545291902190769010731091227514642347519961484932518995257163670830159637677440631054419141899755249565300212745610075 0 0 0 0 0 0 1 0 0 0 0 0 0 0 0 0 0 0 0 0 0 0 0 0 0 0 0 0 0 0 0 0 0 0 0 0 0 0 0 0 0 0 0 0 0 0 0 0 0 0 0 0 0 0 0 0 0 0 0 0 0 0 0 0 0 0 0 0 0 0 0 0 0 0 0 0 0 0 0 0 0 0 0 0 0 0 0 0 0 0 0 0 0 0 0 0 0 0 0 0 0 0 0 0 0 0 0 0 0 0]
[8923997481304006267401487352541593520195584328900927638139112942081104742512739711116314789235848330600348689065195285257035924547311245323704758051392984626401214269736590676789726144415526976444895957327217816858433425244104025608022672975805927852908035131719383170464537220230099549020106127757783431884205890865083898399305486811 0 0 0 0 0 0 0 1 0 0 0 0 0 0 0 0 0 0 0 0 0 0 0 0 0 0 0 0 0 0 0 0 0 0 0 0 0 0 0 0 0 0 0 0 0 0 0 0 0 0 0 0 0 0 0 0 0 0 0 0 0 0 0 0 0 0 0 0 0 0 0 0 0 0 0 0 0 0 0 0 0 0 0 0 0 0 0 0 0 0 0 0 0 0 0 0 0 0 0 0 0 0 0 0 0 0 0 0 0 0]
[9216167167701577974083090445230289348160071210440080727184364885960486581054112976683769403749608287793696494758630500950417088812117344986112920156154069402554301145473769958360770625791978247097514287670200288194746309567898757990638222090442273334468885323497244331362036525264555116901311469878922433887110141535270877530901539853 0 0 0 0 0 0 0 0 1 0 0 0 0 0 0 0 0 0 0 0 0 0 0 0 0 0 0 0 0 0 0 0 0 0 0 0 0 0 0 0 0 0 0 0 0 0 0 0 0 0 0 0 0 0 0 0 0 0 0 0 0 0 0 0 0 0 0 0 0 0 0 0 0 0 0 0 0 0 0 0 0 0 0 0 0 0 0 0 0 0 0 0 0 0 0 0 0 0 0 0 0 0 0 0 0 0 0 0 0 0]
[3379645785575154272615251906517642769606125460296967022927864842461010789679675275102728505548196485018347567816358469818215887000198055953020112939640804508821280382815841081353055145193968728765586034780210914838509676624482933525954953590104136098159552283663760638067164360525871433427224818329250151785360258467163425280523964640 0 0 0 0 0 0 0 0 0 1 0 0 0 0 0 0 0 0 0 0 0 0 0 0 0 0 0 0 0 0 0 0 0 0 0 0 0 0 0 0 0 0 0 0 0 0 0 0 0 0 0 0 0 0 0 0 0 0 0 0 0 0 0 0 0 0 0 0 0 0 0 0 0 0 0 0 0 0 0 0 0 0 0 0 0 0 0 0 0 0 0 0 0 0 0 0 0 0 0 0 0 0 0 0 0 0 0 0 0 0]
[7041259909299121046113146579189274928638973471188349940484850195958485372497137977989830000770101069781281802755459732195609220361524792542218150661881020527730052811637746420286949101096799317575206166787077324021270616419818337934626076301730575054832562574052427171592405264958541908559311392575838749373499737250938653950030425079 0 0 0 0 0 0 0 0 0 0 1 0 0 0 0 0 0 0 0 0 0 0 0 0 0 0 0 0 0 0 0 0 0 0 0 0 0 0 0 0 0 0 0 0 0 0 0 0 0 0 0 0 0 0 0 0 0 0 0 0 0 0 0 0 0 0 0 0 0 0 0 0 0 0 0 0 0 0 0 0 0 0 0 0 0 0 0 0 0 0 0 0 0 0 0 0 0 0 0 0 0 0 0 0 0 0 0 0 0 0]
[8074936891391467984376163117735820264610473801337081181752164042766806505153682171212391484829749928727436768708274512405919389110696931171519783828003786474600213000477747901944800372471962137136240908650070182296472709600585498249258528838679082019308665640699917263526083885588480742520973908876818639239417792281288998686067714138 0 0 0 0 0 0 0 0 0 0 0 1 0 0 0 0 0 0 0 0 0 0 0 0 0 0 0 0 0 0 0 0 0 0 0 0 0 0 0 0 0 0 0 0 0 0 0 0 0 0 0 0 0 0 0 0 0 0 0 0 0 0 0 0 0 0 0 0 0 0 0 0 0 0 0 0 0 0 0 0 0 0 0 0 0 0 0 0 0 0 0 0 0 0 0 0 0 0 0 0 0 0 0 0 0 0 0 0 0 0]
[8300917461617965774898011538699320303566052628727056133125765777532880928943547970039743654770928061901052529105582342576509299411507638892246457882126169599820170539317888492598909488584074543400876181017788365555288732947756544427643422145433122364752164006705037774851917252388380863956566957876759775329774088756048734569701756194 0 0 0 0 0 0 0 0 0 0 0 0 1 0 0 0 0 0 0 0 0 0 0 0 0 0 0 0 0 0 0 0 0 0 0 0 0 0 0 0 0 0 0 0 0 0 0 0 0 0 0 0 0 0 0 0 0 0 0 0 0 0 0 0 0 0 0 0 0 0 0 0 0 0 0 0 0 0 0 0 0 0 0 0 0 0 0 0 0 0 0 0 0 0 0 0 0 0 0 0 0 0 0 0 0 0 0 0 0 0]
[8599712312112321812870029522807874920068253473277609452586984260291913388524619148564747163723143109289953882474260357214945156888246965240903482984889590420805618600855027080092362466089116562044449156346725925150187935983568387210339243037276875155500346755461906352204002773154075809496692541215276143351802616807463313499797072724 0 0 0 0 0 0 0 0 0 0 0 0 0 1 0 0 0 0 0 0 0 0 0 0 0 0 0 0 0 0 0 0 0 0 0 0 0 0 0 0 0 0 0 0 0 0 0 0 0 0 0 0 0 0 0 0 0 0 0 0 0 0 0 0 0 0 0 0 0 0 0 0 0 0 0 0 0 0 0 0 0 0 0 0 0 0 0 0 0 0 0 0 0 0 0 0 0 0 0 0 0 0 0 0 0 0 0 0 0 0]
[1635460284518972001637129987579663938085891716729380214316362407429013804962237447910778028399213322076917308545793818461895145580837351819180294890010675885966996385890975175129818595138134664157771153803307540331135542644506750327455693193271785813477298386708744485907104553069743650347727812609824845413707878757602805255975937879 0 0 0 0 0 0 0 0 0 0 0 0 0 0 1 0 0 0 0 0 0 0 0 0 0 0 0 0 0 0 0 0 0 0 0 0 0 0 0 0 0 0 0 0 0 0 0 0 0 0 0 0 0 0 0 0 0 0 0 0 0 0 0 0 0 0 0 0 0 0 0 0 0 0 0 0 0 0 0 0 0 0 0 0 0 0 0 0 0 0 0 0 0 0 0 0 0 0 0 0 0 0 0 0 0 0 0 0 0 0]
[4853219272104751296418694799299042041565046827933064789214100869694037837491901747307963842831808119167688122507758338763370464588722567050058879609783023456868114371849821663491510706153341025514105111899674405320645387230009103221773525848719476084017964705912567324111631359168030571488827193632838898322767288344873903490521187210 0 0 0 0 0 0 0 0 0 0 0 0 0 0 0 1 0 0 0 0 0 0 0 0 0 0 0 0 0 0 0 0 0 0 0 0 0 0 0 0 0 0 0 0 0 0 0 0 0 0 0 0 0 0 0 0 0 0 0 0 0 0 0 0 0 0 0 0 0 0 0 0 0 0 0 0 0 0 0 0 0 0 0 0 0 0 0 0 0 0 0 0 0 0 0 0 0 0 0 0 0 0 0 0 0 0 0 0 0 0]
[3108839837815110936468838653743253275742644875389704106058463905861436627193950852671761827966461453322801664259361161053579708086618362485545678070625560938539864856774390300001158684832466789214582468398209989498698515383459304628171875034573230735019891712011225528608299948384892084288882168069222218404425531567735266304315491588 0 0 0 0 0 0 0 0 0 0 0 0 0 0 0 0 1 0 0 0 0 0 0 0 0 0 0 0 0 0 0 0 0 0 0 0 0 0 0 0 0 0 0 0 0 0 0 0 0 0 0 0 0 0 0 0 0 0 0 0 0 0 0 0 0 0 0 0 0 0 0 0 0 0 0 0 0 0 0 0 0 0 0 0 0 0 0 0 0 0 0 0 0 0 0 0 0 0 0 0 0 0 0 0 0 0 0 0 0 0]
[10088643768205417301894320111353207590403967245863383298505109986819700361160782892359037065030656950404848233947078926851746924557154828578073840695128928330744654587647301482720923739238765412223724607745058774140146385886413695641699671749375389942666642595691372504117658492704358848912270730293357911484089248137290247611105581996 0 0 0 0 0 0 0 0 0 0 0 0 0 0 0 0 0 1 0 0 0 0 0 0 0 0 0 0 0 0 0 0 0 0 0 0 0 0 0 0 0 0 0 0 0 0 0 0 0 0 0 0 0 0 0 0 0 0 0 0 0 0 0 0 0 0 0 0 0 0 0 0 0 0 0 0 0 0 0 0 0 0 0 0 0 0 0 0 0 0 0 0 0 0 0 0 0 0 0 0 0 0 0 0 0 0 0 0 0 0]
[6117203646989314575382011046078308755479111632305005652011392058450065048927568472271195335285248555456503176547884455805226885209267535636865533023692377634566946403105623863289916427080658422318831830773523911222820383166553894079628041785574205071304030616148483683005210562746634211822232858438298228172600271103418066759043751126 0 0 0 0 0 0 0 0 0 0 0 0 0 0 0 0 0 0 1 0 0 0 0 0 0 0 0 0 0 0 0 0 0 0 0 0 0 0 0 0 0 0 0 0 0 0 0 0 0 0 0 0 0 0 0 0 0 0 0 0 0 0 0 0 0 0 0 0 0 0 0 0 0 0 0 0 0 0 0 0 0 0 0 0 0 0 0 0 0 0 0 0 0 0 0 0 0 0 0 0 0 0 0 0 0 0 0 0 0 0]
[7869748444554413388004476969444159100077503108429983711008045152852811059895505981824253271681485973920628098943499321080225428746208980462810490561557750842339325599690701462431389743500917469635836426893183617791331255097317722347835017098758569613176995527858877968758072581642914788619320245106073463495809943242610829443247135090 0 0 0 0 0 0 0 0 0 0 0 0 0 0 0 0 0 0 0 1 0 0 0 0 0 0 0 0 0 0 0 0 0 0 0 0 0 0 0 0 0 0 0 0 0 0 0 0 0 0 0 0 0 0 0 0 0 0 0 0 0 0 0 0 0 0 0 0 0 0 0 0 0 0 0 0 0 0 0 0 0 0 0 0 0 0 0 0 0 0 0 0 0 0 0 0 0 0 0 0 0 0 0 0 0 0 0 0 0 0]
[1819198721345659557141638567606693311550303939828610885561348932336569901282253803450774944386832696291441610170117708051655852313944034426828373290591645630248803018549724440831252805207850863622855308273102905580438142797499748152580057710909713478395043270436159319882155782649932591414354927452724837968459613264220733821640269492 0 0 0 0 0 0 0 0 0 0 0 0 0 0 0 0 0 0 0 0 1 0 0 0 0 0 0 0 0 0 0 0 0 0 0 0 0 0 0 0 0 0 0 0 0 0 0 0 0 0 0 0 0 0 0 0 0 0 0 0 0 0 0 0 0 0 0 0 0 0 0 0 0 0 0 0 0 0 0 0 0 0 0 0 0 0 0 0 0 0 0 0 0 0 0 0 0 0 0 0 0 0 0 0 0 0 0 0 0 0]
[568245276377588749550558496996616912277390217565909767783621293428127610597052885723104962262507136670130128186605663351137354596190745581489344595372970769598092247804554755202554237690555379358036268968379741456466773736472691313149733846057165302197486002927298217194266905878240723866852468041015071943278223573220282484389656303 0 0 0 0 0 0 0 0 0 0 0 0 0 0 0 0 0 0 0 0 0 1 0 0 0 0 0 0 0 0 0 0 0 0 0 0 0 0 0 0 0 0 0 0 0 0 0 0 0 0 0 0 0 0 0 0 0 0 0 0 0 0 0 0 0 0 0 0 0 0 0 0 0 0 0 0 0 0 0 0 0 0 0 0 0 0 0 0 0 0 0 0 0 0 0 0 0 0 0 0 0 0 0 0 0 0 0 0 0 0]
[4898945776129078426837313727308925797579075434216359628553912031111557606704731833549024382087852626351682837589766458479689276431235253310035863429207499563268727984187924834097970428367916851010141153133379261868782761242249896277559638523657475130650754060478144846968316057194525632722112198809931381629966892974721082556769761706 0 0 0 0 0 0 0 0 0 0 0 0 0 0 0 0 0 0 0 0 0 0 1 0 0 0 0 0 0 0 0 0 0 0 0 0 0 0 0 0 0 0 0 0 0 0 0 0 0 0 0 0 0 0 0 0 0 0 0 0 0 0 0 0 0 0 0 0 0 0 0 0 0 0 0 0 0 0 0 0 0 0 0 0 0 0 0 0 0 0 0 0 0 0 0 0 0 0 0 0 0 0 0 0 0 0 0 0 0 0]
[6612114649669658309919452516305568187996907760137532391372053720188270749754388213616234744683488265822559675340070820635202744137317234608131101096799102672383636331021751371633335790575351600019376428472903785841232551907431948516533587591289921617004009341664404803773653236191963995150417503249384079088626565683066404772842990573 0 0 0 0 0 0 0 0 0 0 0 0 0 0 0 0 0 0 0 0 0 0 0 1 0 0 0 0 0 0 0 0 0 0 0 0 0 0 0 0 0 0 0 0 0 0 0 0 0 0 0 0 0 0 0 0 0 0 0 0 0 0 0 0 0 0 0 0 0 0 0 0 0 0 0 0 0 0 0 0 0 0 0 0 0 0 0 0 0 0 0 0 0 0 0 0 0 0 0 0 0 0 0 0 0 0 0 0 0 0]
[9896251168035997301915089600946110197338300315793466144020866791899474305461013001375210652280857285435897257958003489646664679876954753419935563409020430834789009594825672657287479452916146369388062630753743568399104085415811755170578341191307900186245480460368720309662256097118412041379169170645147897206419746713184783626853026704 0 0 0 0 0 0 0 0 0 0 0 0 0 0 0 0 0 0 0 0 0 0 0 0 1 0 0 0 0 0 0 0 0 0 0 0 0 0 0 0 0 0 0 0 0 0 0 0 0 0 0 0 0 0 0 0 0 0 0 0 0 0 0 0 0 0 0 0 0 0 0 0 0 0 0 0 0 0 0 0 0 0 0 0 0 0 0 0 0 0 0 0 0 0 0 0 0 0 0 0 0 0 0 0 0 0 0 0 0 0]
[3163886166709127778570833623306185034078787802545755045503265681957463383181130070869873770078067495548717513552028896906950521903611680088767433338972122535910614013172332050249183662756524715319877499043157431690529220360827608495011247200794304679546522481331409156738578963239235791605490273199369054831215105629925682654605656775 0 0 0 0 0 0 0 0 0 0 0 0 0 0 0 0 0 0 0 0 0 0 0 0 0 1 0 0 0 0 0 0 0 0 0 0 0 0 0 0 0 0 0 0 0 0 0 0 0 0 0 0 0 0 0 0 0 0 0 0 0 0 0 0 0 0 0 0 0 0 0 0 0 0 0 0 0 0 0 0 0 0 0 0 0 0 0 0 0 0 0 0 0 0 0 0 0 0 0 0 0 0 0 0 0 0 0 0 0 0]
[7832375203909653993865488111538752109696170823112725901944930172163490607641511823511054480584030665364104761564415766376001643874626514470999287037759365326834139647353276703385369083317935070073526477516850720424215161662761237867406701552717723641604536092847737079307192893870905966427525234421125803507325022937829581117458353129 0 0 0 0 0 0 0 0 0 0 0 0 0 0 0 0 0 0 0 0 0 0 0 0 0 0 1 0 0 0 0 0 0 0 0 0 0 0 0 0 0 0 0 0 0 0 0 0 0 0 0 0 0 0 0 0 0 0 0 0 0 0 0 0 0 0 0 0 0 0 0 0 0 0 0 0 0 0 0 0 0 0 0 0 0 0 0 0 0 0 0 0 0 0 0 0 0 0 0 0 0 0 0 0 0 0 0 0 0 0]
[10530148812753258961737956055425947866627102935206291083737821405010983187846550073781843904052390427606162185989083818498550353869293021649313685472013515580586813511024488883826313937324993001957170638638883319649481741895119208822785982507277607224218364487029159472511428043307610387607701776307822985940415440776918654847353097594 0 0 0 0 0 0 0 0 0 0 0 0 0 0 0 0 0 0 0 0 0 0 0 0 0 0 0 1 0 0 0 0 0 0 0 0 0 0 0 0 0 0 0 0 0 0 0 0 0 0 0 0 0 0 0 0 0 0 0 0 0 0 0 0 0 0 0 0 0 0 0 0 0 0 0 0 0 0 0 0 0 0 0 0 0 0 0 0 0 0 0 0 0 0 0 0 0 0 0 0 0 0 0 0 0 0 0 0 0 0]
[2903933767182210535226990368567737973576866289312455814879082454438805730546022383712133990543688186454094367415713395407603607343661149573253623779670799772923805234516527233559539758133745578595112598146142340497821593370870972774639426401947272569683294043176385614416950331911687890008518782931644717223130506250339640678495533965 0 0 0 0 0 0 0 0 0 0 0 0 0 0 0 0 0 0 0 0 0 0 0 0 0 0 0 0 1 0 0 0 0 0 0 0 0 0 0 0 0 0 0 0 0 0 0 0 0 0 0 0 0 0 0 0 0 0 0 0 0 0 0 0 0 0 0 0 0 0 0 0 0 0 0 0 0 0 0 0 0 0 0 0 0 0 0 0 0 0 0 0 0 0 0 0 0 0 0 0 0 0 0 0 0 0 0 0 0 0]
[10720788948404934092324416780405437781112140508828026103654072567313269533006297120187936607557880846365935816847703520395903745450872426765434600900023641327767747884678847888031290149723310112232833154076087034840583748330450435204918804389746807979449111500381111256278724854545459851196276613332530469197496476791328896997170567459 0 0 0 0 0 0 0 0 0 0 0 0 0 0 0 0 0 0 0 0 0 0 0 0 0 0 0 0 0 1 0 0 0 0 0 0 0 0 0 0 0 0 0 0 0 0 0 0 0 0 0 0 0 0 0 0 0 0 0 0 0 0 0 0 0 0 0 0 0 0 0 0 0 0 0 0 0 0 0 0 0 0 0 0 0 0 0 0 0 0 0 0 0 0 0 0 0 0 0 0 0 0 0 0 0 0 0 0 0 0]
[1949311236659134853660542637214515772090722460846265553585773365588911001860225138577608878041948595684861228313141671729631814309350359571987084179526789483120022742773081158336840832295020631926124332612167977882717066370902447764224185934376748029158916247042409635142192257482132456624807431037919876457890974684897541524863572671 0 0 0 0 0 0 0 0 0 0 0 0 0 0 0 0 0 0 0 0 0 0 0 0 0 0 0 0 0 0 1 0 0 0 0 0 0 0 0 0 0 0 0 0 0 0 0 0 0 0 0 0 0 0 0 0 0 0 0 0 0 0 0 0 0 0 0 0 0 0 0 0 0 0 0 0 0 0 0 0 0 0 0 0 0 0 0 0 0 0 0 0 0 0 0 0 0 0 0 0 0 0 0 0 0 0 0 0 0 0]
[9118121389743502655796437157121550794571024347959383137872746286478208671015639698804491339367638154158357028340171244650380148906077384841678893136300340782920019102199255216794018938444645269909661427709450184601576748566434086860748028762493522684111287220275699881458503164686542812547433601174162481242852966666261959848433940953 0 0 0 0 0 0 0 0 0 0 0 0 0 0 0 0 0 0 0 0 0 0 0 0 0 0 0 0 0 0 0 1 0 0 0 0 0 0 0 0 0 0 0 0 0 0 0 0 0 0 0 0 0 0 0 0 0 0 0 0 0 0 0 0 0 0 0 0 0 0 0 0 0 0 0 0 0 0 0 0 0 0 0 0 0 0 0 0 0 0 0 0 0 0 0 0 0 0 0 0 0 0 0 0 0 0 0 0 0 0]
[3835777005245157536543633622976410296786030834210628304182613238320721696113226587069698532164872899488086205103326286251761498301180125254975921609985645970987117201356979267050066524759513904472382116712576892432269024719125558798300893639679642720391615962075941013683195939704468472275820021918780492695294347820741967651624987904 0 0 0 0 0 0 0 0 0 0 0 0 0 0 0 0 0 0 0 0 0 0 0 0 0 0 0 0 0 0 0 0 1 0 0 0 0 0 0 0 0 0 0 0 0 0 0 0 0 0 0 0 0 0 0 0 0 0 0 0 0 0 0 0 0 0 0 0 0 0 0 0 0 0 0 0 0 0 0 0 0 0 0 0 0 0 0 0 0 0 0 0 0 0 0 0 0 0 0 0 0 0 0 0 0 0 0 0 0 0]
[3677227688244762874300485526047841288007172337088814112186624830439552237701794042159227563199613567352919142471754016902888637347571776870731659597487802084509535206961210008671318868711812860463330859536245669755463706778591430423165967898013539187149251311811446921676284178428825358548007500708136772544477703291683304914983532096 0 0 0 0 0 0 0 0 0 0 0 0 0 0 0 0 0 0 0 0 0 0 0 0 0 0 0 0 0 0 0 0 0 1 0 0 0 0 0 0 0 0 0 0 0 0 0 0 0 0 0 0 0 0 0 0 0 0 0 0 0 0 0 0 0 0 0 0 0 0 0 0 0 0 0 0 0 0 0 0 0 0 0 0 0 0 0 0 0 0 0 0 0 0 0 0 0 0 0 0 0 0 0 0 0 0 0 0 0 0]
[8528895863419823684111303779936620100031493016737961953367538221329461839230711045643800475254871615338386773249078276528272114565108459416643252472149494427960372528820683317394495182120986088488656150655429396984634911184831324375551888114301313671219961649001976347838640077604414298340611494221437545597623393859732536118736759877 0 0 0 0 0 0 0 0 0 0 0 0 0 0 0 0 0 0 0 0 0 0 0 0 0 0 0 0 0 0 0 0 0 0 1 0 0 0 0 0 0 0 0 0 0 0 0 0 0 0 0 0 0 0 0 0 0 0 0 0 0 0 0 0 0 0 0 0 0 0 0 0 0 0 0 0 0 0 0 0 0 0 0 0 0 0 0 0 0 0 0 0 0 0 0 0 0 0 0 0 0 0 0 0 0 0 0 0 0 0]
[472915339187688087383162391549231167060500605895264005745679853000855626813781806138955714873292777091392202699531426859354073240219996041380038031921279814456631074079675078157032256643326643175437053455513517438527555884128802625652340933302994723983383729978054242676199293123281813278536008351264821326106606777499901065181918175 0 0 0 0 0 0 0 0 0 0 0 0 0 0 0 0 0 0 0 0 0 0 0 0 0 0 0 0 0 0 0 0 0 0 0 1 0 0 0 0 0 0 0 0 0 0 0 0 0 0 0 0 0 0 0 0 0 0 0 0 0 0 0 0 0 0 0 0 0 0 0 0 0 0 0 0 0 0 0 0 0 0 0 0 0 0 0 0 0 0 0 0 0 0 0 0 0 0 0 0 0 0 0 0 0 0 0 0 0 0]
[9285180265036104324470395542086840508079079058024357418169231297157423048398999240563785001076334081418172141976265842514756009626763587091852515576133018712572299628949186912428576859007322717566011396784184271164300253131411508108810434810060585956896283326790439671707563386029785761084713426329725474215706425588821560953996370146 0 0 0 0 0 0 0 0 0 0 0 0 0 0 0 0 0 0 0 0 0 0 0 0 0 0 0 0 0 0 0 0 0 0 0 0 1 0 0 0 0 0 0 0 0 0 0 0 0 0 0 0 0 0 0 0 0 0 0 0 0 0 0 0 0 0 0 0 0 0 0 0 0 0 0 0 0 0 0 0 0 0 0 0 0 0 0 0 0 0 0 0 0 0 0 0 0 0 0 0 0 0 0 0 0 0 0 0 0 0]
[5739104199215319015569285696066650854229819758450925577986056215718385596576271101399901455324692969737613738869739491233543420498707982852171132565071914006177739629874793832553573514842987667131857715969462554664157876158598232492144779944082724101766889725603124839463116925982805424414947298883261100966112888391536857086897160574 0 0 0 0 0 0 0 0 0 0 0 0 0 0 0 0 0 0 0 0 0 0 0 0 0 0 0 0 0 0 0 0 0 0 0 0 0 1 0 0 0 0 0 0 0 0 0 0 0 0 0 0 0 0 0 0 0 0 0 0 0 0 0 0 0 0 0 0 0 0 0 0 0 0 0 0 0 0 0 0 0 0 0 0 0 0 0 0 0 0 0 0 0 0 0 0 0 0 0 0 0 0 0 0 0 0 0 0 0 0]
[6515636241554432082506340068485948987448968530311992116777166105824171915944161324074010696415702412646810491854157023695913566931616925349353711487669647113400989497659648024223001253592517517330301915100377283545935090673785225797570107565158683266440913365919393552479765580752545234047290007695740066608779902051215957910256186913 0 0 0 0 0 0 0 0 0 0 0 0 0 0 0 0 0 0 0 0 0 0 0 0 0 0 0 0 0 0 0 0 0 0 0 0 0 0 1 0 0 0 0 0 0 0 0 0 0 0 0 0 0 0 0 0 0 0 0 0 0 0 0 0 0 0 0 0 0 0 0 0 0 0 0 0 0 0 0 0 0 0 0 0 0 0 0 0 0 0 0 0 0 0 0 0 0 0 0 0 0 0 0 0 0 0 0 0 0 0]
[6608167152518989547674868880768963982952807544473125070231193168112546111282105999808367603399604187455387411205235012849166902875510219910890830763833201473503230314779811058917654050345088646661251636550629309001147806616824191910360111649606075736594963758425097619422036793814763263860349987935974794837737223316921664514115752880 0 0 0 0 0 0 0 0 0 0 0 0 0 0 0 0 0 0 0 0 0 0 0 0 0 0 0 0 0 0 0 0 0 0 0 0 0 0 0 1 0 0 0 0 0 0 0 0 0 0 0 0 0 0 0 0 0 0 0 0 0 0 0 0 0 0 0 0 0 0 0 0 0 0 0 0 0 0 0 0 0 0 0 0 0 0 0 0 0 0 0 0 0 0 0 0 0 0 0 0 0 0 0 0 0 0 0 0 0 0]
[10553810028522516261784775398710977750862547061820231421775591813869756869674858981063829476803334549245047487376528890465951696905979316140783708175225551142110976937189527396386064197708797196392959107333583550596639067580405162258636529930702990213340860294142743592290838312139308696742482112503020587197427539503512214070739816279 0 0 0 0 0 0 0 0 0 0 0 0 0 0 0 0 0 0 0 0 0 0 0 0 0 0 0 0 0 0 0 0 0 0 0 0 0 0 0 0 1 0 0 0 0 0 0 0 0 0 0 0 0 0 0 0 0 0 0 0 0 0 0 0 0 0 0 0 0 0 0 0 0 0 0 0 0 0 0 0 0 0 0 0 0 0 0 0 0 0 0 0 0 0 0 0 0 0 0 0 0 0 0 0 0 0 0 0 0 0]
[3773871764997379296921880650500895624927789684166852811208999693520687965708857206681511992616163863017666463271130137222533695377371176921574465496115283372059350553386514242909980732651717265623857983613165924549279565800296585249198903940904682242196136595348296458242050447803964693707899758260323356905487003580102359928585375372 0 0 0 0 0 0 0 0 0 0 0 0 0 0 0 0 0 0 0 0 0 0 0 0 0 0 0 0 0 0 0 0 0 0 0 0 0 0 0 0 0 1 0 0 0 0 0 0 0 0 0 0 0 0 0 0 0 0 0 0 0 0 0 0 0 0 0 0 0 0 0 0 0 0 0 0 0 0 0 0 0 0 0 0 0 0 0 0 0 0 0 0 0 0 0 0 0 0 0 0 0 0 0 0 0 0 0 0 0 0]
[9261280924549651903864543655674259479088503587306778788236191866873184131933362142127326083988016049990544141018340502523098284840199146624454403427374628944468506467724589403624366748067506814927598710515359749112857613441054751909107559472268990236674669333214581330226585281383313498852852505352689273024784022105905936041600323740 0 0 0 0 0 0 0 0 0 0 0 0 0 0 0 0 0 0 0 0 0 0 0 0 0 0 0 0 0 0 0 0 0 0 0 0 0 0 0 0 0 0 1 0 0 0 0 0 0 0 0 0 0 0 0 0 0 0 0 0 0 0 0 0 0 0 0 0 0 0 0 0 0 0 0 0 0 0 0 0 0 0 0 0 0 0 0 0 0 0 0 0 0 0 0 0 0 0 0 0 0 0 0 0 0 0 0 0 0 0]
[6875315215290181962941152367175647767638409157451490828199960262045328871946102266466348397066665027143856825169390169867124630272714102756091613987727860136558049907791456882539416966403199543390841487814485744077396702180663451272344943704792367945175848649303339498157365497082886516552473021121512324796123862013959736944969770447 0 0 0 0 0 0 0 0 0 0 0 0 0 0 0 0 0 0 0 0 0 0 0 0 0 0 0 0 0 0 0 0 0 0 0 0 0 0 0 0 0 0 0 1 0 0 0 0 0 0 0 0 0 0 0 0 0 0 0 0 0 0 0 0 0 0 0 0 0 0 0 0 0 0 0 0 0 0 0 0 0 0 0 0 0 0 0 0 0 0 0 0 0 0 0 0 0 0 0 0 0 0 0 0 0 0 0 0 0 0]
[4561792764983901028463768596931946915561282523212389412113234104236725641213782028192050725280890726404880210804392430768705814524538916373748031728750155122013154948986301196316900937906113947431079025232315206541776537153552703646631695451552324526640614287547266470712706742489808238405793286243685672315092455495893811302548684190 0 0 0 0 0 0 0 0 0 0 0 0 0 0 0 0 0 0 0 0 0 0 0 0 0 0 0 0 0 0 0 0 0 0 0 0 0 0 0 0 0 0 0 0 1 0 0 0 0 0 0 0 0 0 0 0 0 0 0 0 0 0 0 0 0 0 0 0 0 0 0 0 0 0 0 0 0 0 0 0 0 0 0 0 0 0 0 0 0 0 0 0 0 0 0 0 0 0 0 0 0 0 0 0 0 0 0 0 0 0]
[5162609050362536319335676663040694530432150728236992339795126070858475708912167210275674591256624153118619971787519665566362646159634302462506361812791890260828787162513560813230579337807024457876031225777243564526921011062905636191758948810888812182600501331573868886757284740168561843849380021870301362798579752141081271556339312993 0 0 0 0 0 0 0 0 0 0 0 0 0 0 0 0 0 0 0 0 0 0 0 0 0 0 0 0 0 0 0 0 0 0 0 0 0 0 0 0 0 0 0 0 0 1 0 0 0 0 0 0 0 0 0 0 0 0 0 0 0 0 0 0 0 0 0 0 0 0 0 0 0 0 0 0 0 0 0 0 0 0 0 0 0 0 0 0 0 0 0 0 0 0 0 0 0 0 0 0 0 0 0 0 0 0 0 0 0 0]
[79260663641412029275706664801811603465067750694904414502465823440417142844816311222450163825483916647876945440121875888423483464946080714718007846667542267695008966697163592121309661246972774433207875830780069946181119608049857803081088290532426841709850232207979314518189054374272876842981908115226209183741038180560935433697728721 0 0 0 0 0 0 0 0 0 0 0 0 0 0 0 0 0 0 0 0 0 0 0 0 0 0 0 0 0 0 0 0 0 0 0 0 0 0 0 0 0 0 0 0 0 0 1 0 0 0 0 0 0 0 0 0 0 0 0 0 0 0 0 0 0 0 0 0 0 0 0 0 0 0 0 0 0 0 0 0 0 0 0 0 0 0 0 0 0 0 0 0 0 0 0 0 0 0 0 0 0 0 0 0 0 0 0 0 0 0]
[6236714654828142584185089124230755123644632273225654543755794240761165778125315455012512937082967320155415260673045824500675493008583459179292088609767471525990442043524270959376378143830532855069531302490980304253402974334763650378324542176539109081214988837578994122086160513285135694893692618969125409658213140106187727247520745184 0 0 0 0 0 0 0 0 0 0 0 0 0 0 0 0 0 0 0 0 0 0 0 0 0 0 0 0 0 0 0 0 0 0 0 0 0 0 0 0 0 0 0 0 0 0 0 1 0 0 0 0 0 0 0 0 0 0 0 0 0 0 0 0 0 0 0 0 0 0 0 0 0 0 0 0 0 0 0 0 0 0 0 0 0 0 0 0 0 0 0 0 0 0 0 0 0 0 0 0 0 0 0 0 0 0 0 0 0 0]
[9894207011566443787087873497265084777835529457929596450330683220484881595769747156141257644392583617832748091262850378471588007372218663114612227983639173363263151114279201222705891005247138336776479841281150276533555233669832534767802784596140137296917349206112699251973149005594820188435062794807155187085608212704499971968410279851 0 0 0 0 0 0 0 0 0 0 0 0 0 0 0 0 0 0 0 0 0 0 0 0 0 0 0 0 0 0 0 0 0 0 0 0 0 0 0 0 0 0 0 0 0 0 0 0 1 0 0 0 0 0 0 0 0 0 0 0 0 0 0 0 0 0 0 0 0 0 0 0 0 0 0 0 0 0 0 0 0 0 0 0 0 0 0 0 0 0 0 0 0 0 0 0 0 0 0 0 0 0 0 0 0 0 0 0 0 0]
[128212194190458604145507404776855077231794194693671739048355473654686501944975311960239868806663496691444249891990345751596019331642435367205899712409729064715112443886674125073840204297955263129229892446393835766286235282515196903956182056175066972420749408138508314740256365048905915609635348399322141467578106911275923014838691965 0 0 0 0 0 0 0 0 0 0 0 0 0 0 0 0 0 0 0 0 0 0 0 0 0 0 0 0 0 0 0 0 0 0 0 0 0 0 0 0 0 0 0 0 0 0 0 0 0 1 0 0 0 0 0 0 0 0 0 0 0 0 0 0 0 0 0 0 0 0 0 0 0 0 0 0 0 0 0 0 0 0 0 0 0 0 0 0 0 0 0 0 0 0 0 0 0 0 0 0 0 0 0 0 0 0 0 0 0 0]
[10818989321253560853606736093736455815601895526004410404577354662807374389165647206969282801914766687881781991924648052865407312042676730739818357675220219629640608368106079116936421183539401348925867409176829986521439902573624790009523220574816833231535916361333470085065025773783745905579712145702023575868512026063979501562164262637 0 0 0 0 0 0 0 0 0 0 0 0 0 0 0 0 0 0 0 0 0 0 0 0 0 0 0 0 0 0 0 0 0 0 0 0 0 0 0 0 0 0 0 0 0 0 0 0 0 0 1 0 0 0 0 0 0 0 0 0 0 0 0 0 0 0 0 0 0 0 0 0 0 0 0 0 0 0 0 0 0 0 0 0 0 0 0 0 0 0 0 0 0 0 0 0 0 0 0 0 0 0 0 0 0 0 0 0 0 0]
[3470180500845461325353550426537755271016040855266450238000947214850616857651279137445304074744103296075822900684788961443344819091214950037514319475625249425534603475780457073265068897111704294907158198504881152059398251482826488750724123141940140856925446978082896890080665289934797662003354967471417894461384499615646590054957507161 0 0 0 0 0 0 0 0 0 0 0 0 0 0 0 0 0 0 0 0 0 0 0 0 0 0 0 0 0 0 0 0 0 0 0 0 0 0 0 0 0 0 0 0 0 0 0 0 0 0 0 1 0 0 0 0 0 0 0 0 0 0 0 0 0 0 0 0 0 0 0 0 0 0 0 0 0 0 0 0 0 0 0 0 0 0 0 0 0 0 0 0 0 0 0 0 0 0 0 0 0 0 0 0 0 0 0 0 0 0]
[3632760093147700301442886903652369669610715518217350842950330546200386239675274951095053242437510368237874344587126186643514128678601862422324906536693005829483205770833206307575546258520483972572079020218940696554876988910850891714444898153298376245225344089792967514235939675791592994487164058878887566254593633358599728155435077709 0 0 0 0 0 0 0 0 0 0 0 0 0 0 0 0 0 0 0 0 0 0 0 0 0 0 0 0 0 0 0 0 0 0 0 0 0 0 0 0 0 0 0 0 0 0 0 0 0 0 0 0 1 0 0 0 0 0 0 0 0 0 0 0 0 0 0 0 0 0 0 0 0 0 0 0 0 0 0 0 0 0 0 0 0 0 0 0 0 0 0 0 0 0 0 0 0 0 0 0 0 0 0 0 0 0 0 0 0 0]
[1871633122957053193821171830563099772146446192341786925903369694334429289902355701254710739516207288570315893969175582056255989916560803446306151809971618122405688336643560105549722995026407470545544859666695754371215523368151411622805041450838886751050825827311335354729704940794979648812969665204495991135732786796111912453284612766 0 0 0 0 0 0 0 0 0 0 0 0 0 0 0 0 0 0 0 0 0 0 0 0 0 0 0 0 0 0 0 0 0 0 0 0 0 0 0 0 0 0 0 0 0 0 0 0 0 0 0 0 0 1 0 0 0 0 0 0 0 0 0 0 0 0 0 0 0 0 0 0 0 0 0 0 0 0 0 0 0 0 0 0 0 0 0 0 0 0 0 0 0 0 0 0 0 0 0 0 0 0 0 0 0 0 0 0 0 0]
[3112429191714031543928572815695577561386278975952286732495942214477925412057987531514866195644220742793182756107901646254348047874872259909217238737037185565306243329538661482284293162381015450222070097026597795793915865185223443540666827239387167319477622605195488093245899623734571833608303385096431772085656259413579579983042856472 0 0 0 0 0 0 0 0 0 0 0 0 0 0 0 0 0 0 0 0 0 0 0 0 0 0 0 0 0 0 0 0 0 0 0 0 0 0 0 0 0 0 0 0 0 0 0 0 0 0 0 0 0 0 1 0 0 0 0 0 0 0 0 0 0 0 0 0 0 0 0 0 0 0 0 0 0 0 0 0 0 0 0 0 0 0 0 0 0 0 0 0 0 0 0 0 0 0 0 0 0 0 0 0 0 0 0 0 0 0]
[10747438402877787273873569019983172684331686604641315420502265025031254640931153608932743554297302629509785248634894528083853052024313644486176878974699198856829988777590937506096089801233468763502206332630887588983274254167106381895594015811543831775109000750208201889457310482949242529336152221409227560812416006928295683500107301011 0 0 0 0 0 0 0 0 0 0 0 0 0 0 0 0 0 0 0 0 0 0 0 0 0 0 0 0 0 0 0 0 0 0 0 0 0 0 0 0 0 0 0 0 0 0 0 0 0 0 0 0 0 0 0 1 0 0 0 0 0 0 0 0 0 0 0 0 0 0 0 0 0 0 0 0 0 0 0 0 0 0 0 0 0 0 0 0 0 0 0 0 0 0 0 0 0 0 0 0 0 0 0 0 0 0 0 0 0 0]
[11294203961707186809562209836042252067364353692222822920986517756889347696092785260767012192834852149430999631218152164457035181062378894780988270471534497116106339255650208682939044709830105104774728508484870299758213832773221596344801469806761075434879239065412943135550580414458142972320448719513834370699096462689828966556905043539 0 0 0 0 0 0 0 0 0 0 0 0 0 0 0 0 0 0 0 0 0 0 0 0 0 0 0 0 0 0 0 0 0 0 0 0 0 0 0 0 0 0 0 0 0 0 0 0 0 0 0 0 0 0 0 0 1 0 0 0 0 0 0 0 0 0 0 0 0 0 0 0 0 0 0 0 0 0 0 0 0 0 0 0 0 0 0 0 0 0 0 0 0 0 0 0 0 0 0 0 0 0 0 0 0 0 0 0 0 0]
[6528856360495694116248781342803334759496039297542004908940634445907583138841748417050793421668398983697805302570267839928947620427864771309852089290887915793687131744943502380862759281195820604351944325063738301799643281175693439005576774231453536575463593820123357137084648738274301318713526293359540094654342835266710115178664721496 0 0 0 0 0 0 0 0 0 0 0 0 0 0 0 0 0 0 0 0 0 0 0 0 0 0 0 0 0 0 0 0 0 0 0 0 0 0 0 0 0 0 0 0 0 0 0 0 0 0 0 0 0 0 0 0 0 1 0 0 0 0 0 0 0 0 0 0 0 0 0 0 0 0 0 0 0 0 0 0 0 0 0 0 0 0 0 0 0 0 0 0 0 0 0 0 0 0 0 0 0 0 0 0 0 0 0 0 0 0]
[3394719932716116146845225374059312890024323480350381350605144074214017316861247443577176762353023326917774563575073302119780750893764391039919320946173351487974717487916386380644356558870515964892140280328791120890633158824964404237228176826428292103483501351926200075236467943194691928697611546068909098110563707351503422005123482347 0 0 0 0 0 0 0 0 0 0 0 0 0 0 0 0 0 0 0 0 0 0 0 0 0 0 0 0 0 0 0 0 0 0 0 0 0 0 0 0 0 0 0 0 0 0 0 0 0 0 0 0 0 0 0 0 0 0 1 0 0 0 0 0 0 0 0 0 0 0 0 0 0 0 0 0 0 0 0 0 0 0 0 0 0 0 0 0 0 0 0 0 0 0 0 0 0 0 0 0 0 0 0 0 0 0 0 0 0 0]
[7912709331584495926993634658994078341013766236673686214614784198156072357292778823775702184435003135211879045788684234847336697899182319850165288357638866712127227271807431047210991346223272071277754594602279720240915941419418759620050705646052411605488253814248409898031160684822366097488515064130096601625754436556404344336603110 0 0 0 0 0 0 0 0 0 0 0 0 0 0 0 0 0 0 0 0 0 0 0 0 0 0 0 0 0 0 0 0 0 0 0 0 0 0 0 0 0 0 0 0 0 0 0 0 0 0 0 0 0 0 0 0 0 0 0 1 0 0 0 0 0 0 0 0 0 0 0 0 0 0 0 0 0 0 0 0 0 0 0 0 0 0 0 0 0 0 0 0 0 0 0 0 0 0 0 0 0 0 0 0 0 0 0 0 0 0]
[5543578097896067969785382465278076957430005918403947679858786465052588113973627666016989341847987541443441089807761420816334036172479100861408985964850574615795587458238890835247069928910027125086287900236807256191890804876562455282804648155134750616803060384371500572752886221828236100627430372445675242735439618969469866823592058301 0 0 0 0 0 0 0 0 0 0 0 0 0 0 0 0 0 0 0 0 0 0 0 0 0 0 0 0 0 0 0 0 0 0 0 0 0 0 0 0 0 0 0 0 0 0 0 0 0 0 0 0 0 0 0 0 0 0 0 0 1 0 0 0 0 0 0 0 0 0 0 0 0 0 0 0 0 0 0 0 0 0 0 0 0 0 0 0 0 0 0 0 0 0 0 0 0 0 0 0 0 0 0 0 0 0 0 0 0 0]
[6097685616364912242028864535321584455831047771521467596777312758485074120239326102368792912574930206161404737923033728520038423008905137306733410386370999540319265745060719645021572525493325472635256109095327220504634334323679457146679626785586051728493407652325103055776015085564722148617194126014589989113040295655293256880297601216 0 0 0 0 0 0 0 0 0 0 0 0 0 0 0 0 0 0 0 0 0 0 0 0 0 0 0 0 0 0 0 0 0 0 0 0 0 0 0 0 0 0 0 0 0 0 0 0 0 0 0 0 0 0 0 0 0 0 0 0 0 1 0 0 0 0 0 0 0 0 0 0 0 0 0 0 0 0 0 0 0 0 0 0 0 0 0 0 0 0 0 0 0 0 0 0 0 0 0 0 0 0 0 0 0 0 0 0 0 0]
[10724431032065915361955721354632911151428553755900681206892981811285524413183300029842285068940042072436868110778080503699255929431446799068736479262600003670178363357371020222461460568396892567482461690519465389056514555730394507756265640131066398050665364158824153138806420294733566226342271868455686160402404902212064316029488608709 0 0 0 0 0 0 0 0 0 0 0 0 0 0 0 0 0 0 0 0 0 0 0 0 0 0 0 0 0 0 0 0 0 0 0 0 0 0 0 0 0 0 0 0 0 0 0 0 0 0 0 0 0 0 0 0 0 0 0 0 0 0 1 0 0 0 0 0 0 0 0 0 0 0 0 0 0 0 0 0 0 0 0 0 0 0 0 0 0 0 0 0 0 0 0 0 0 0 0 0 0 0 0 0 0 0 0 0 0 0]
[2465390153612722504449392373642449010725269216038867097483487805419022962569226289904569918792789490864750928415159445032117522020508704710742551400069816715234934329813970452296073098032266095446524288393125790794168327156448179624154537260839285898683821942305200171163780311626289180515446181979137326806375214441426039411371794940 0 0 0 0 0 0 0 0 0 0 0 0 0 0 0 0 0 0 0 0 0 0 0 0 0 0 0 0 0 0 0 0 0 0 0 0 0 0 0 0 0 0 0 0 0 0 0 0 0 0 0 0 0 0 0 0 0 0 0 0 0 0 0 1 0 0 0 0 0 0 0 0 0 0 0 0 0 0 0 0 0 0 0 0 0 0 0 0 0 0 0 0 0 0 0 0 0 0 0 0 0 0 0 0 0 0 0 0 0 0]
[5756405504240186922406549947025282276486445219636698451511502530944099776167350154863192680055716452383504764451669961103770782877757390547145757815562103106647285090488654736085400944495932820933024288798111668130334938604285347597163581731737871274639885194267604408059343015076658641612963037822591058885480040075253940105858994187 0 0 0 0 0 0 0 0 0 0 0 0 0 0 0 0 0 0 0 0 0 0 0 0 0 0 0 0 0 0 0 0 0 0 0 0 0 0 0 0 0 0 0 0 0 0 0 0 0 0 0 0 0 0 0 0 0 0 0 0 0 0 0 0 1 0 0 0 0 0 0 0 0 0 0 0 0 0 0 0 0 0 0 0 0 0 0 0 0 0 0 0 0 0 0 0 0 0 0 0 0 0 0 0 0 0 0 0 0 0]
[8733436934604629866821086181086441132078465287619355327911133984682652300024352523476918839910970938891106858461527307502119683650325833133534136617846171428306654766906880052467299071032439288409781348839500365713439359467705754563833899797053625128929313260898170056836540026274133797305523910039335813817264853682178529006404457542 0 0 0 0 0 0 0 0 0 0 0 0 0 0 0 0 0 0 0 0 0 0 0 0 0 0 0 0 0 0 0 0 0 0 0 0 0 0 0 0 0 0 0 0 0 0 0 0 0 0 0 0 0 0 0 0 0 0 0 0 0 0 0 0 0 1 0 0 0 0 0 0 0 0 0 0 0 0 0 0 0 0 0 0 0 0 0 0 0 0 0 0 0 0 0 0 0 0 0 0 0 0 0 0 0 0 0 0 0 0]
[6422424127135801241633878299032697803500928933094099423173248559383067038851430176599157973315473223834132198138597512916064960767661927821977145943818099102050082193488202969641354518986669736001976758174468751103340853007325119833271063517943306823164830444584688876662078477294562002839364632564004268444216999759344080545429154019 0 0 0 0 0 0 0 0 0 0 0 0 0 0 0 0 0 0 0 0 0 0 0 0 0 0 0 0 0 0 0 0 0 0 0 0 0 0 0 0 0 0 0 0 0 0 0 0 0 0 0 0 0 0 0 0 0 0 0 0 0 0 0 0 0 0 1 0 0 0 0 0 0 0 0 0 0 0 0 0 0 0 0 0 0 0 0 0 0 0 0 0 0 0 0 0 0 0 0 0 0 0 0 0 0 0 0 0 0 0]
[5023444290952329693076381228399472132899029669827718717774138967780379130090633269394840206201072514253466375395622720211802817887821234550269704575832542850222702127320602114549297744704476240966396891283829437707917892819341028320380155835105352325353587486546084627070732054564490041038919990053964347552510899746097997289665198921 0 0 0 0 0 0 0 0 0 0 0 0 0 0 0 0 0 0 0 0 0 0 0 0 0 0 0 0 0 0 0 0 0 0 0 0 0 0 0 0 0 0 0 0 0 0 0 0 0 0 0 0 0 0 0 0 0 0 0 0 0 0 0 0 0 0 0 1 0 0 0 0 0 0 0 0 0 0 0 0 0 0 0 0 0 0 0 0 0 0 0 0 0 0 0 0 0 0 0 0 0 0 0 0 0 0 0 0 0 0]
[4673750584077027737940086344890863530714117527459327657797442937583021697613446876206553462594656301074406097531411407766649252917772313706901359908821879296280841216784386054222189813892124336839158762783404867160120361862571602851890025298423459474297461180053878409503776380784536508583702082266016115391667520357058705693665717385 0 0 0 0 0 0 0 0 0 0 0 0 0 0 0 0 0 0 0 0 0 0 0 0 0 0 0 0 0 0 0 0 0 0 0 0 0 0 0 0 0 0 0 0 0 0 0 0 0 0 0 0 0 0 0 0 0 0 0 0 0 0 0 0 0 0 0 0 1 0 0 0 0 0 0 0 0 0 0 0 0 0 0 0 0 0 0 0 0 0 0 0 0 0 0 0 0 0 0 0 0 0 0 0 0 0 0 0 0 0]
[8758001255877232681535113297845570447984711600205451895822760901653401508966143710298423131256816394524266399412982419294294666830965709827349883276141121781842591628220748202118651092546976110308852602859073440012327506659019258430603217484548870599911047644315007546343062490300765507329976259120196962186000604088791362794850475838 0 0 0 0 0 0 0 0 0 0 0 0 0 0 0 0 0 0 0 0 0 0 0 0 0 0 0 0 0 0 0 0 0 0 0 0 0 0 0 0 0 0 0 0 0 0 0 0 0 0 0 0 0 0 0 0 0 0 0 0 0 0 0 0 0 0 0 0 0 1 0 0 0 0 0 0 0 0 0 0 0 0 0 0 0 0 0 0 0 0 0 0 0 0 0 0 0 0 0 0 0 0 0 0 0 0 0 0 0 0]
[5120907199823362839261496440851730546796125640742941466060687476331452928377574488455097651828845489408341116377412843518607696792811064734058829316852498176237547115186215659272810489799674866302256404719583839760841504107439485723780834501156137370665340334781657567194600567152761394769037979043584818089238202665946273045663450037 0 0 0 0 0 0 0 0 0 0 0 0 0 0 0 0 0 0 0 0 0 0 0 0 0 0 0 0 0 0 0 0 0 0 0 0 0 0 0 0 0 0 0 0 0 0 0 0 0 0 0 0 0 0 0 0 0 0 0 0 0 0 0 0 0 0 0 0 0 0 1 0 0 0 0 0 0 0 0 0 0 0 0 0 0 0 0 0 0 0 0 0 0 0 0 0 0 0 0 0 0 0 0 0 0 0 0 0 0 0]
[8435298243635519378368128750802395052700690007086849955596028162155166341609122379298161375485322278644443676890487013496071871148186145540814420493431189695179661855454880086771467452531118813318652775337065071740638235888030291387216134075226770363634357204759045800907792128066425829025715689320541619543210515860260175894595967463 0 0 0 0 0 0 0 0 0 0 0 0 0 0 0 0 0 0 0 0 0 0 0 0 0 0 0 0 0 0 0 0 0 0 0 0 0 0 0 0 0 0 0 0 0 0 0 0 0 0 0 0 0 0 0 0 0 0 0 0 0 0 0 0 0 0 0 0 0 0 0 1 0 0 0 0 0 0 0 0 0 0 0 0 0 0 0 0 0 0 0 0 0 0 0 0 0 0 0 0 0 0 0 0 0 0 0 0 0 0]
[3632051049677760309277327965440106446691875068348267132333331501619464041011239175872264858262958496727794740148197539921727227450165542083093283811831222104485847594101910352219067334330463908602194094800481223430528292918971907783599150294119519806388832554097314030031984959030625481442784643397735566182006177989713418388523978701 0 0 0 0 0 0 0 0 0 0 0 0 0 0 0 0 0 0 0 0 0 0 0 0 0 0 0 0 0 0 0 0 0 0 0 0 0 0 0 0 0 0 0 0 0 0 0 0 0 0 0 0 0 0 0 0 0 0 0 0 0 0 0 0 0 0 0 0 0 0 0 0 1 0 0 0 0 0 0 0 0 0 0 0 0 0 0 0 0 0 0 0 0 0 0 0 0 0 0 0 0 0 0 0 0 0 0 0 0 0]
[1724571459777828493603190931916903602095725184747592708534472725298287845013176752523127464474574916043520195748377698740207681395285320106259187182957508534714543318206783868732461777228366908059826449807094226789348347293537620715052135197047358898690629275340735834375997323112686913386810029266891620281261162927399593518069876844 0 0 0 0 0 0 0 0 0 0 0 0 0 0 0 0 0 0 0 0 0 0 0 0 0 0 0 0 0 0 0 0 0 0 0 0 0 0 0 0 0 0 0 0 0 0 0 0 0 0 0 0 0 0 0 0 0 0 0 0 0 0 0 0 0 0 0 0 0 0 0 0 0 1 0 0 0 0 0 0 0 0 0 0 0 0 0 0 0 0 0 0 0 0 0 0 0 0 0 0 0 0 0 0 0 0 0 0 0 0]
[8435784082809749601044707719292440077913208232124386581095576816111620461286758745410015555568995820426040535060072434114129762139496397841718693889665370282386095299763382137493753526097848470608100298454721219974509492964134485461505957652316085390929825726123767787444231057284080992901107370916013127564512562930648102621464628225 0 0 0 0 0 0 0 0 0 0 0 0 0 0 0 0 0 0 0 0 0 0 0 0 0 0 0 0 0 0 0 0 0 0 0 0 0 0 0 0 0 0 0 0 0 0 0 0 0 0 0 0 0 0 0 0 0 0 0 0 0 0 0 0 0 0 0 0 0 0 0 0 0 0 1 0 0 0 0 0 0 0 0 0 0 0 0 0 0 0 0 0 0 0 0 0 0 0 0 0 0 0 0 0 0 0 0 0 0 0]
[9865603544797057414460740379131185163462909172646763207883559064536548778564883129486669464631573200800179196175973398957315866433330365224477460688003932681055362769281710391136745257076733557808536416605371291393092674887035382428168043007874467419658691760533997976506124679306231660805200905333391424190477333068909773820854462067 0 0 0 0 0 0 0 0 0 0 0 0 0 0 0 0 0 0 0 0 0 0 0 0 0 0 0 0 0 0 0 0 0 0 0 0 0 0 0 0 0 0 0 0 0 0 0 0 0 0 0 0 0 0 0 0 0 0 0 0 0 0 0 0 0 0 0 0 0 0 0 0 0 0 0 1 0 0 0 0 0 0 0 0 0 0 0 0 0 0 0 0 0 0 0 0 0 0 0 0 0 0 0 0 0 0 0 0 0 0]
[8660567343772503578554130724666127307748481792236329419483373600943243674722053433005211747450936767032901325148107154272964835527661985820982502033615589675430923432798377189762275362826759185706674367708464439783988572531004686885953343950411068053873880376479670104084752824652996557554273299958676487665504092105743867921657899692 0 0 0 0 0 0 0 0 0 0 0 0 0 0 0 0 0 0 0 0 0 0 0 0 0 0 0 0 0 0 0 0 0 0 0 0 0 0 0 0 0 0 0 0 0 0 0 0 0 0 0 0 0 0 0 0 0 0 0 0 0 0 0 0 0 0 0 0 0 0 0 0 0 0 0 0 1 0 0 0 0 0 0 0 0 0 0 0 0 0 0 0 0 0 0 0 0 0 0 0 0 0 0 0 0 0 0 0 0 0]
[6279128313353729145230577248186296225388361345743688230932965089630576620774330085807878151818285274006944382205036881577448968243572323334248297934560031291571972967382077273233330120403433467372457107495635180474821558251944048745174817041639329203307255925096692793525162603021654289054232936955697143414638189965009740583178690013 0 0 0 0 0 0 0 0 0 0 0 0 0 0 0 0 0 0 0 0 0 0 0 0 0 0 0 0 0 0 0 0 0 0 0 0 0 0 0 0 0 0 0 0 0 0 0 0 0 0 0 0 0 0 0 0 0 0 0 0 0 0 0 0 0 0 0 0 0 0 0 0 0 0 0 0 0 1 0 0 0 0 0 0 0 0 0 0 0 0 0 0 0 0 0 0 0 0 0 0 0 0 0 0 0 0 0 0 0 0]
[2242182894949514378737048666430991219642677985392215124126730842340193773630168614414680852362372337533747666006803842943429048884002982820246056519279107948309055582475302355618819919435478123331560054383801092422701636164641634670812025598931639090225322443316312412016205496115021271162295315051165798357420452223140937201376004327 0 0 0 0 0 0 0 0 0 0 0 0 0 0 0 0 0 0 0 0 0 0 0 0 0 0 0 0 0 0 0 0 0 0 0 0 0 0 0 0 0 0 0 0 0 0 0 0 0 0 0 0 0 0 0 0 0 0 0 0 0 0 0 0 0 0 0 0 0 0 0 0 0 0 0 0 0 0 1 0 0 0 0 0 0 0 0 0 0 0 0 0 0 0 0 0 0 0 0 0 0 0 0 0 0 0 0 0 0 0]
[5879406049863364035990763145019285646071779741186688837534243055565241472413230746619416598893356034184579676712029543652676885347744204088659500352132110275203780017554481837784951594819011491568093418091261314247251545484583407827688707810495170155711267861380734200110105173409531783620974236426297732938723541173778717112857995623 0 0 0 0 0 0 0 0 0 0 0 0 0 0 0 0 0 0 0 0 0 0 0 0 0 0 0 0 0 0 0 0 0 0 0 0 0 0 0 0 0 0 0 0 0 0 0 0 0 0 0 0 0 0 0 0 0 0 0 0 0 0 0 0 0 0 0 0 0 0 0 0 0 0 0 0 0 0 0 1 0 0 0 0 0 0 0 0 0 0 0 0 0 0 0 0 0 0 0 0 0 0 0 0 0 0 0 0 0 0]
[6110981825643820651447089473862727389191440428548383239477478018515152368677011575148402909660560970340424940816792877749127734104177688449893949148645374954486248200659751047134896382310344451163803909590566846423350358638914007655783479648545494179185466000003838227411770990875553927229186828624395442220234425517646007281948042094 0 0 0 0 0 0 0 0 0 0 0 0 0 0 0 0 0 0 0 0 0 0 0 0 0 0 0 0 0 0 0 0 0 0 0 0 0 0 0 0 0 0 0 0 0 0 0 0 0 0 0 0 0 0 0 0 0 0 0 0 0 0 0 0 0 0 0 0 0 0 0 0 0 0 0 0 0 0 0 0 1 0 0 0 0 0 0 0 0 0 0 0 0 0 0 0 0 0 0 0 0 0 0 0 0 0 0 0 0 0]
[5025436148533229689140502550423841172596287924468557457132255600938616869484737737533966937574243096624216038041590708128518257917347299915391229554742079715265613390196522399459959168091026597416301644879194373850189105744843148656347412681294488902928546331415427549100040155893643773942215128454914274160715728368704511550584745110 0 0 0 0 0 0 0 0 0 0 0 0 0 0 0 0 0 0 0 0 0 0 0 0 0 0 0 0 0 0 0 0 0 0 0 0 0 0 0 0 0 0 0 0 0 0 0 0 0 0 0 0 0 0 0 0 0 0 0 0 0 0 0 0 0 0 0 0 0 0 0 0 0 0 0 0 0 0 0 0 0 1 0 0 0 0 0 0 0 0 0 0 0 0 0 0 0 0 0 0 0 0 0 0 0 0 0 0 0 0]
[6319993582665558545310192092054337397909795460571661515263585922170826037144503970071341040618240865442043620999499339134349368053512343058706373224673343424962624739414171564395947785792546906782424871665979251379098914045495820660739477030705183492909073711143623390579333447841103200694234357146551993053550033723012020311732023121 0 0 0 0 0 0 0 0 0 0 0 0 0 0 0 0 0 0 0 0 0 0 0 0 0 0 0 0 0 0 0 0 0 0 0 0 0 0 0 0 0 0 0 0 0 0 0 0 0 0 0 0 0 0 0 0 0 0 0 0 0 0 0 0 0 0 0 0 0 0 0 0 0 0 0 0 0 0 0 0 0 0 1 0 0 0 0 0 0 0 0 0 0 0 0 0 0 0 0 0 0 0 0 0 0 0 0 0 0 0]
[751955287614901860052467953201930569609857059655767191655065649741654675130932585153230251349768622018437142083908793434278138337961773149677628595801649635435063919663524092875115292884399701964983862898538262810804202284518885041364642472625746642237461874040310863042255956572808760214722740533391948669826575063657233178923492428 0 0 0 0 0 0 0 0 0 0 0 0 0 0 0 0 0 0 0 0 0 0 0 0 0 0 0 0 0 0 0 0 0 0 0 0 0 0 0 0 0 0 0 0 0 0 0 0 0 0 0 0 0 0 0 0 0 0 0 0 0 0 0 0 0 0 0 0 0 0 0 0 0 0 0 0 0 0 0 0 0 0 0 1 0 0 0 0 0 0 0 0 0 0 0 0 0 0 0 0 0 0 0 0 0 0 0 0 0 0]
[3395150607445192550631805538324182990523712461050675666668671362038980163024705311258528498329352092037345650776090458881792275094103937765681563706583693918511530768563997465490169161874896914787821087211532673284612631028792891770530576265967290180852920327293931751383876878326222625032432090988733275579652239787912478493306564292 0 0 0 0 0 0 0 0 0 0 0 0 0 0 0 0 0 0 0 0 0 0 0 0 0 0 0 0 0 0 0 0 0 0 0 0 0 0 0 0 0 0 0 0 0 0 0 0 0 0 0 0 0 0 0 0 0 0 0 0 0 0 0 0 0 0 0 0 0 0 0 0 0 0 0 0 0 0 0 0 0 0 0 0 1 0 0 0 0 0 0 0 0 0 0 0 0 0 0 0 0 0 0 0 0 0 0 0 0 0]
[10679196274955098541597537338422335466705317190370064398642261822790636680166798770142468266788629463932622240654269616082091749977817102039768352922224778693386854503072217266131806209813183738151941969241982964136134331146824965969301491958452239390199163917494170652375125401885348592768485612796116371454918689210891427848122148994 0 0 0 0 0 0 0 0 0 0 0 0 0 0 0 0 0 0 0 0 0 0 0 0 0 0 0 0 0 0 0 0 0 0 0 0 0 0 0 0 0 0 0 0 0 0 0 0 0 0 0 0 0 0 0 0 0 0 0 0 0 0 0 0 0 0 0 0 0 0 0 0 0 0 0 0 0 0 0 0 0 0 0 0 0 1 0 0 0 0 0 0 0 0 0 0 0 0 0 0 0 0 0 0 0 0 0 0 0 0]
[4503965958767744273050433295777402547470456497756499911114858104047695279308401007850578105313383760794884467592106201587751872954607437374319446765755402164424613104825789381675547605676346093020719666745594843750973985041741056440452563674694701009066444650566215093093265899480037530991152382690609727492265461048056173770777289230 0 0 0 0 0 0 0 0 0 0 0 0 0 0 0 0 0 0 0 0 0 0 0 0 0 0 0 0 0 0 0 0 0 0 0 0 0 0 0 0 0 0 0 0 0 0 0 0 0 0 0 0 0 0 0 0 0 0 0 0 0 0 0 0 0 0 0 0 0 0 0 0 0 0 0 0 0 0 0 0 0 0 0 0 0 0 1 0 0 0 0 0 0 0 0 0 0 0 0 0 0 0 0 0 0 0 0 0 0 0]
[10756278866209232488300595860202172707250253864361689193002614293558635441812852775587752441023259879435494156485787788383341489735792618834185142430362259052584228795986496265795364117810621895930576154241846130592168411928779881796086073948456226383171164177057450131753037608524081082953425110256810278032057237579469293014599758012 0 0 0 0 0 0 0 0 0 0 0 0 0 0 0 0 0 0 0 0 0 0 0 0 0 0 0 0 0 0 0 0 0 0 0 0 0 0 0 0 0 0 0 0 0 0 0 0 0 0 0 0 0 0 0 0 0 0 0 0 0 0 0 0 0 0 0 0 0 0 0 0 0 0 0 0 0 0 0 0 0 0 0 0 0 0 0 1 0 0 0 0 0 0 0 0 0 0 0 0 0 0 0 0 0 0 0 0 0 0]
[6304463146751559504488684496896615314421863689328093263347645777928341575777686022449375998514529883890478084750554412599459229608761405088638367565198422714673280531356884747020820580178547782674045548427744922189154431639713552726166621463578548211289507247670558703582886789426457086342017893152229347376440750079119201161011904128 0 0 0 0 0 0 0 0 0 0 0 0 0 0 0 0 0 0 0 0 0 0 0 0 0 0 0 0 0 0 0 0 0 0 0 0 0 0 0 0 0 0 0 0 0 0 0 0 0 0 0 0 0 0 0 0 0 0 0 0 0 0 0 0 0 0 0 0 0 0 0 0 0 0 0 0 0 0 0 0 0 0 0 0 0 0 0 0 1 0 0 0 0 0 0 0 0 0 0 0 0 0 0 0 0 0 0 0 0 0]
[8458440143214560463868139818535454903246539126220858707239054827735136290340103916178520909842056571840974365309708951937375871287106360161733239945760125755645295858806619282747992116046449210680817387673840388017984482575711294819216554608455832583434811803609559660822846900422449133335337435998214354365137513863667422545236398251 0 0 0 0 0 0 0 0 0 0 0 0 0 0 0 0 0 0 0 0 0 0 0 0 0 0 0 0 0 0 0 0 0 0 0 0 0 0 0 0 0 0 0 0 0 0 0 0 0 0 0 0 0 0 0 0 0 0 0 0 0 0 0 0 0 0 0 0 0 0 0 0 0 0 0 0 0 0 0 0 0 0 0 0 0 0 0 0 0 1 0 0 0 0 0 0 0 0 0 0 0 0 0 0 0 0 0 0 0 0]
[3685185378659799303353663923437505670226537247017043420330273285129819345753065882057013837242896626061905438722426748846101956048949150559798425246091561492194941155458649143853697129305198877031508376392864379368762642928662938665726703282333784805165411211251861486789507973462648094570051207080757684784669561205030089366200285241 0 0 0 0 0 0 0 0 0 0 0 0 0 0 0 0 0 0 0 0 0 0 0 0 0 0 0 0 0 0 0 0 0 0 0 0 0 0 0 0 0 0 0 0 0 0 0 0 0 0 0 0 0 0 0 0 0 0 0 0 0 0 0 0 0 0 0 0 0 0 0 0 0 0 0 0 0 0 0 0 0 0 0 0 0 0 0 0 0 0 1 0 0 0 0 0 0 0 0 0 0 0 0 0 0 0 0 0 0 0]
[8338478268880961918691391954564334082689031318486008207571479511244870598603350643968409963219536324834002495667859899078666475438451595851324403529378012254210380742899148628552775946329585262472841352836822331433646008774679614550397601616346890696335643587633811509198167075870789358479880358116198521305215114186707515225559979555 0 0 0 0 0 0 0 0 0 0 0 0 0 0 0 0 0 0 0 0 0 0 0 0 0 0 0 0 0 0 0 0 0 0 0 0 0 0 0 0 0 0 0 0 0 0 0 0 0 0 0 0 0 0 0 0 0 0 0 0 0 0 0 0 0 0 0 0 0 0 0 0 0 0 0 0 0 0 0 0 0 0 0 0 0 0 0 0 0 0 0 1 0 0 0 0 0 0 0 0 0 0 0 0 0 0 0 0 0 0]
[6265080825329460408683449868930189097861989483910939183421077693002054933403041099897810161006792283977257523751733981485069914641683170818270688355885863934721441099648648619456285931008247615266651909551786800863429596230602300203355889501207701661700746684518717751041166954078093456674140850309676555242909141189861988357153678623 0 0 0 0 0 0 0 0 0 0 0 0 0 0 0 0 0 0 0 0 0 0 0 0 0 0 0 0 0 0 0 0 0 0 0 0 0 0 0 0 0 0 0 0 0 0 0 0 0 0 0 0 0 0 0 0 0 0 0 0 0 0 0 0 0 0 0 0 0 0 0 0 0 0 0 0 0 0 0 0 0 0 0 0 0 0 0 0 0 0 0 0 1 0 0 0 0 0 0 0 0 0 0 0 0 0 0 0 0 0]
[2605156904787557830497026531920771217697783923315429583830690988593457315091840224296200435020462155155503856232234550605028029305158083422357245641555537575589993722511071560351673616389592176058165462547806209567623693878431421017290095313095321406554178253184270036173452162266414843283782853488046062856389676743448666499972990170 0 0 0 0 0 0 0 0 0 0 0 0 0 0 0 0 0 0 0 0 0 0 0 0 0 0 0 0 0 0 0 0 0 0 0 0 0 0 0 0 0 0 0 0 0 0 0 0 0 0 0 0 0 0 0 0 0 0 0 0 0 0 0 0 0 0 0 0 0 0 0 0 0 0 0 0 0 0 0 0 0 0 0 0 0 0 0 0 0 0 0 0 0 1 0 0 0 0 0 0 0 0 0 0 0 0 0 0 0 0]
[1005318685255385348558386978751865752246372653371418939412873305371201337564968396140027933955347867939142508925155152292532129238662032136841043950695062806047330946067547972784930559088018531065523766770224341303402885982128429915309110903376526768370307791743376584509540646996793574676219390851445204633231940898385522611796843797 0 0 0 0 0 0 0 0 0 0 0 0 0 0 0 0 0 0 0 0 0 0 0 0 0 0 0 0 0 0 0 0 0 0 0 0 0 0 0 0 0 0 0 0 0 0 0 0 0 0 0 0 0 0 0 0 0 0 0 0 0 0 0 0 0 0 0 0 0 0 0 0 0 0 0 0 0 0 0 0 0 0 0 0 0 0 0 0 0 0 0 0 0 0 1 0 0 0 0 0 0 0 0 0 0 0 0 0 0 0]
[10663423278606803060997090801959118530873178141386989891619128624856044824406007148624340863616466686098560314088899914009668920334872736980330516707783096712083681536086356888462742914199807794147423845363937784622744374497185037765120511378043970106569213015199556576544762748496063328790444264564934225763563866162101184595905290059 0 0 0 0 0 0 0 0 0 0 0 0 0 0 0 0 0 0 0 0 0 0 0 0 0 0 0 0 0 0 0 0 0 0 0 0 0 0 0 0 0 0 0 0 0 0 0 0 0 0 0 0 0 0 0 0 0 0 0 0 0 0 0 0 0 0 0 0 0 0 0 0 0 0 0 0 0 0 0 0 0 0 0 0 0 0 0 0 0 0 0 0 0 0 0 1 0 0 0 0 0 0 0 0 0 0 0 0 0 0]
[10293980004328947808333013120655299446290714026174721338273304261315348208300210234220768641507126646226403589827635737871651412153161674769329763808405163331367753392619496746262554654986732630687434392680544228968701801408046963138049796538224497649582990769749571736444111638454108550948522662745068913611126546192922339869843350410 0 0 0 0 0 0 0 0 0 0 0 0 0 0 0 0 0 0 0 0 0 0 0 0 0 0 0 0 0 0 0 0 0 0 0 0 0 0 0 0 0 0 0 0 0 0 0 0 0 0 0 0 0 0 0 0 0 0 0 0 0 0 0 0 0 0 0 0 0 0 0 0 0 0 0 0 0 0 0 0 0 0 0 0 0 0 0 0 0 0 0 0 0 0 0 0 1 0 0 0 0 0 0 0 0 0 0 0 0 0]
[1929437804116735846897844904417635244229154719976936624452126948354366137223111290444494562665907926665096107052423761204578840876119606447580354180134861233391022105808982453160719904559512605465490639979226924316589781291499335000507657009232747893534572446926212257189697258297469554259917076728696511798785812672469185911450301267 0 0 0 0 0 0 0 0 0 0 0 0 0 0 0 0 0 0 0 0 0 0 0 0 0 0 0 0 0 0 0 0 0 0 0 0 0 0 0 0 0 0 0 0 0 0 0 0 0 0 0 0 0 0 0 0 0 0 0 0 0 0 0 0 0 0 0 0 0 0 0 0 0 0 0 0 0 0 0 0 0 0 0 0 0 0 0 0 0 0 0 0 0 0 0 0 0 1 0 0 0 0 0 0 0 0 0 0 0 0]
[9055885755883500588799091791409900610764126794256729359839682937346193502806615032938592533852469992872426867982787344930711160012536180584993280063166109499011361153028858404595813943070540822335604286957835402198715106539607583096505128996683196392372312287908891706171255569583064242613686385278502024013959267491013860770909897501 0 0 0 0 0 0 0 0 0 0 0 0 0 0 0 0 0 0 0 0 0 0 0 0 0 0 0 0 0 0 0 0 0 0 0 0 0 0 0 0 0 0 0 0 0 0 0 0 0 0 0 0 0 0 0 0 0 0 0 0 0 0 0 0 0 0 0 0 0 0 0 0 0 0 0 0 0 0 0 0 0 0 0 0 0 0 0 0 0 0 0 0 0 0 0 0 0 0 1 0 0 0 0 0 0 0 0 0 0 0]
[8992696651352525442736919184887208116279539741829505430118771357338186279189937450123337740661755134926559505231456292796077310610864083929666683947879682513938746680617382194948020507526378270332168814710105087023645980540213951379855792366028415519232590113188447160294614603976872525233730249728092706744780182963576937546818053950 0 0 0 0 0 0 0 0 0 0 0 0 0 0 0 0 0 0 0 0 0 0 0 0 0 0 0 0 0 0 0 0 0 0 0 0 0 0 0 0 0 0 0 0 0 0 0 0 0 0 0 0 0 0 0 0 0 0 0 0 0 0 0 0 0 0 0 0 0 0 0 0 0 0 0 0 0 0 0 0 0 0 0 0 0 0 0 0 0 0 0 0 0 0 0 0 0 0 0 1 0 0 0 0 0 0 0 0 0 0]
[6511985716909653337822283582927250224223782688789194126486306549915295845204358478841310544403394314077435775668808982396619265737991260958542560387807474534073872024635108009562073358668356209086357948096249262183480943130950089864046059543048502462515145325088534761034882294403104299878427089372424604101494589961573534594435196066 0 0 0 0 0 0 0 0 0 0 0 0 0 0 0 0 0 0 0 0 0 0 0 0 0 0 0 0 0 0 0 0 0 0 0 0 0 0 0 0 0 0 0 0 0 0 0 0 0 0 0 0 0 0 0 0 0 0 0 0 0 0 0 0 0 0 0 0 0 0 0 0 0 0 0 0 0 0 0 0 0 0 0 0 0 0 0 0 0 0 0 0 0 0 0 0 0 0 0 0 1 0 0 0 0 0 0 0 0 0]
[6984946547090068058210633797719251355351552087507336979501778291561480163418806043711024644392661543466142085370528369123558150787143065491643066090227349178240915666455553606149502187439345679841412495258884267800361126613999337037632744038487136969124513232792695943346823940828699371406493944363074327858903110600378554729523096806 0 0 0 0 0 0 0 0 0 0 0 0 0 0 0 0 0 0 0 0 0 0 0 0 0 0 0 0 0 0 0 0 0 0 0 0 0 0 0 0 0 0 0 0 0 0 0 0 0 0 0 0 0 0 0 0 0 0 0 0 0 0 0 0 0 0 0 0 0 0 0 0 0 0 0 0 0 0 0 0 0 0 0 0 0 0 0 0 0 0 0 0 0 0 0 0 0 0 0 0 0 1 0 0 0 0 0 0 0 0]
[2249691889033305976490355352915025011824762475561679022222150016054477058084282438522297339990760738706158313486653787730262191701160791272765276457506869770244355935597049100714926888840747534715121756237236662761065408768513559109267938496598880194712388615546277371149591417141880728356101580047711256543629497983350687289956368469 0 0 0 0 0 0 0 0 0 0 0 0 0 0 0 0 0 0 0 0 0 0 0 0 0 0 0 0 0 0 0 0 0 0 0 0 0 0 0 0 0 0 0 0 0 0 0 0 0 0 0 0 0 0 0 0 0 0 0 0 0 0 0 0 0 0 0 0 0 0 0 0 0 0 0 0 0 0 0 0 0 0 0 0 0 0 0 0 0 0 0 0 0 0 0 0 0 0 0 0 0 0 1 0 0 0 0 0 0 0]
[2176166702671151533278872978049600496177352441029306464545304137998220882741897874443787742892370248922439617182407138614952011922723611390188384334808189233553352548589980020619987222613245052378602699615579621471062468349715831304550417916157984992795862870458410637861494618819680555278435187449884862150779389532026821565983222733 0 0 0 0 0 0 0 0 0 0 0 0 0 0 0 0 0 0 0 0 0 0 0 0 0 0 0 0 0 0 0 0 0 0 0 0 0 0 0 0 0 0 0 0 0 0 0 0 0 0 0 0 0 0 0 0 0 0 0 0 0 0 0 0 0 0 0 0 0 0 0 0 0 0 0 0 0 0 0 0 0 0 0 0 0 0 0 0 0 0 0 0 0 0 0 0 0 0 0 0 0 0 0 1 0 0 0 0 0 0]
[3006691408439606910086150646444004435908542302590166438128439059595585185108876525169645235863344852930750705206435201675810286506253395545650200058667503622019457708389849743738533187869633203423520245304824718725287899409601901309497914681234091228331121319610288629922245982134900618361963881284251202382914193401108115808657963361 0 0 0 0 0 0 0 0 0 0 0 0 0 0 0 0 0 0 0 0 0 0 0 0 0 0 0 0 0 0 0 0 0 0 0 0 0 0 0 0 0 0 0 0 0 0 0 0 0 0 0 0 0 0 0 0 0 0 0 0 0 0 0 0 0 0 0 0 0 0 0 0 0 0 0 0 0 0 0 0 0 0 0 0 0 0 0 0 0 0 0 0 0 0 0 0 0 0 0 0 0 0 0 0 1 0 0 0 0 0]
[1300096492087569093780928614331594658386486011979351625043242093191696420868165195794773817883467196080529693890014013216449439038059488632511028274779028850637318097918827686047763165784286635256728070694324647369618481475471731350560585678909967709109970166260874467318653041072691526318612910128190055237466153483948509155673403481 0 0 0 0 0 0 0 0 0 0 0 0 0 0 0 0 0 0 0 0 0 0 0 0 0 0 0 0 0 0 0 0 0 0 0 0 0 0 0 0 0 0 0 0 0 0 0 0 0 0 0 0 0 0 0 0 0 0 0 0 0 0 0 0 0 0 0 0 0 0 0 0 0 0 0 0 0 0 0 0 0 0 0 0 0 0 0 0 0 0 0 0 0 0 0 0 0 0 0 0 0 0 0 0 0 1 0 0 0 0]
[8788477479846652394294159060530071104566718648767406218861816629425053691545632914198800839804094895677828572590548420924646134519617396664881917552552412289390999898847376958354067798219459561468695292240297332401978973250321004416652650041650471526294446045541167907885548622391972298315921559848414171305829942249518092197965083327 0 0 0 0 0 0 0 0 0 0 0 0 0 0 0 0 0 0 0 0 0 0 0 0 0 0 0 0 0 0 0 0 0 0 0 0 0 0 0 0 0 0 0 0 0 0 0 0 0 0 0 0 0 0 0 0 0 0 0 0 0 0 0 0 0 0 0 0 0 0 0 0 0 0 0 0 0 0 0 0 0 0 0 0 0 0 0 0 0 0 0 0 0 0 0 0 0 0 0 0 0 0 0 0 0 0 1 0 0 0]
[5497337449123245384851303277299233214342479009514511510266291037790656559924651308843721665597611392584957979957949444197589964008174520058207128092410575385994727009745376587956655728391364616765103638112212241595534600817868422121958908952513077887130992434097417259932753799225402687007516608263046148695060634571711263242847183101 0 0 0 0 0 0 0 0 0 0 0 0 0 0 0 0 0 0 0 0 0 0 0 0 0 0 0 0 0 0 0 0 0 0 0 0 0 0 0 0 0 0 0 0 0 0 0 0 0 0 0 0 0 0 0 0 0 0 0 0 0 0 0 0 0 0 0 0 0 0 0 0 0 0 0 0 0 0 0 0 0 0 0 0 0 0 0 0 0 0 0 0 0 0 0 0 0 0 0 0 0 0 0 0 0 0 0 1 0 0]
[6295868184288636931972794074426554481648635981303706647246446877241743967378786478347291429753920165840752919020351360789304358938909707721694828713987645353261805855069069887207111055584664918238044957161905372914737692291380237564078176927653385640465341885607176986115880915285850351773534992313794655427196978635875644610215529376 0 0 0 0 0 0 0 0 0 0 0 0 0 0 0 0 0 0 0 0 0 0 0 0 0 0 0 0 0 0 0 0 0 0 0 0 0 0 0 0 0 0 0 0 0 0 0 0 0 0 0 0 0 0 0 0 0 0 0 0 0 0 0 0 0 0 0 0 0 0 0 0 0 0 0 0 0 0 0 0 0 0 0 0 0 0 0 0 0 0 0 0 0 0 0 0 0 0 0 0 0 0 0 0 0 0 0 0 1 0]
[10553656396735676379324732050056973518515172704430776148971682204613101053305956221165912096781323380959099980844990903612808447458093221834058539711148524873012349434342844340225478057314440932979679512031469255947665084484670225537989721985828526958581635052981976058235782096984647394973560099497348886484604766037530449466073530475 0 0 0 0 0 0 0 0 0 0 0 0 0 0 0 0 0 0 0 0 0 0 0 0 0 0 0 0 0 0 0 0 0 0 0 0 0 0 0 0 0 0 0 0 0 0 0 0 0 0 0 0 0 0 0 0 0 0 0 0 0 0 0 0 0 0 0 0 0 0 0 0 0 0 0 0 0 0 0 0 0 0 0 0 0 0 0 0 0 0 0 0 0 0 0 0 0 0 0 0 0 0 0 0 0 0 0 0 0 1]
]
