[[6773420794235761005903478247260411724269257668283883935611549862418238463104158981702088015346911062659889198389485699559901071357778150365145955578378825795890985593679230132366949121674422832063813472347555644758510411822835903970698019190289334411898362815971214788395589 0 0 0 0 0 0 0 0 0 0 0 0 0 0 0 0 0 0 0 0 0 0 0 0 0 0 0 0 0 0 0 0 0 0 0 0 0 0 0 0 0 0 0 0 0 0 0 0 0 0 0 0 0 0 0 0 0 0 0 0 0 0 0 0 0 0 0 0 0 0 0 0 0 0 0 0 0 0 0 0 0 0 0 0 0 0 0 0 0 0]
[410080124309929326050599468719946830424276304468479307404574249900500847364001395154329412700796685456097662086358056617177187594859189009579020291966131589478990939683178419174258575259539836729368809473749394564274453559909371809574292048548695810806342495746396169387733 1 0 0 0 0 0 0 0 0 0 0 0 0 0 0 0 0 0 0 0 0 0 0 0 0 0 0 0 0 0 0 0 0 0 0 0 0 0 0 0 0 0 0 0 0 0 0 0 0 0 0 0 0 0 0 0 0 0 0 0 0 0 0 0 0 0 0 0 0 0 0 0 0 0 0 0 0 0 0 0 0 0 0 0 0 0 0 0 0 0]
[5126472903013460213960668481817741041061978318534144157519307496169563831451681897543875199081113896501026284874746956640380734710930521060911650179412836908749623754571114014146236096381846494753071679968681939679200814704589061533045093417265250987130811346267957384884238 0 1 0 0 0 0 0 0 0 0 0 0 0 0 0 0 0 0 0 0 0 0 0 0 0 0 0 0 0 0 0 0 0 0 0 0 0 0 0 0 0 0 0 0 0 0 0 0 0 0 0 0 0 0 0 0 0 0 0 0 0 0 0 0 0 0 0 0 0 0 0 0 0 0 0 0 0 0 0 0 0 0 0 0 0 0 0 0 0 0]
[2660069154281828743333139955375571555461719392891000702137296692431268713146174833861145675127173906602788781874931039877692011116448274851253301274076791651707257448658134017067878936825906946051040921575423409401180000082072227941889801411216696513501377294915903921999884 0 0 1 0 0 0 0 0 0 0 0 0 0 0 0 0 0 0 0 0 0 0 0 0 0 0 0 0 0 0 0 0 0 0 0 0 0 0 0 0 0 0 0 0 0 0 0 0 0 0 0 0 0 0 0 0 0 0 0 0 0 0 0 0 0 0 0 0 0 0 0 0 0 0 0 0 0 0 0 0 0 0 0 0 0 0 0 0 0 0]
[2933578671153738456294523738875749695344394376777466480515749091964590154881989846853078648405014919004852127039567461403491257601714603142524970149013751247700063174659381678667375406270453833383277153988735514538649290262502957753684829312750071477408374590386119373190402 0 0 0 1 0 0 0 0 0 0 0 0 0 0 0 0 0 0 0 0 0 0 0 0 0 0 0 0 0 0 0 0 0 0 0 0 0 0 0 0 0 0 0 0 0 0 0 0 0 0 0 0 0 0 0 0 0 0 0 0 0 0 0 0 0 0 0 0 0 0 0 0 0 0 0 0 0 0 0 0 0 0 0 0 0 0 0 0 0 0]
[6654517119124349627998031076413883456612881484181495063440049284679379107979196387858475736747569611810167715492728166531365863385176665843309965740408021466024959653837486777203987516876855044643579053774923506701040235088964677063865529899123101270375382004263183965483906 0 0 0 0 1 0 0 0 0 0 0 0 0 0 0 0 0 0 0 0 0 0 0 0 0 0 0 0 0 0 0 0 0 0 0 0 0 0 0 0 0 0 0 0 0 0 0 0 0 0 0 0 0 0 0 0 0 0 0 0 0 0 0 0 0 0 0 0 0 0 0 0 0 0 0 0 0 0 0 0 0 0 0 0 0 0 0 0 0 0]
[2428713056632456919572103539492479404908167765804221612724917942559921576789909989212579810459293990427770490614027106879180149488077582241545043881962838073991851834827726489391982511037958263435581929952478247273309129897943761885520729184262804968082414184913931306120841 0 0 0 0 0 1 0 0 0 0 0 0 0 0 0 0 0 0 0 0 0 0 0 0 0 0 0 0 0 0 0 0 0 0 0 0 0 0 0 0 0 0 0 0 0 0 0 0 0 0 0 0 0 0 0 0 0 0 0 0 0 0 0 0 0 0 0 0 0 0 0 0 0 0 0 0 0 0 0 0 0 0 0 0 0 0 0 0 0 0]
[1930218969998937637061420464086149664354993217327097722636419830643956164751524867707897077926414657859279668008451699143560637256951579184030592248092450704094134097877946854059467411884488553382422902024047423438965023919604544729408186040433351666828811146066057881579303 0 0 0 0 0 0 1 0 0 0 0 0 0 0 0 0 0 0 0 0 0 0 0 0 0 0 0 0 0 0 0 0 0 0 0 0 0 0 0 0 0 0 0 0 0 0 0 0 0 0 0 0 0 0 0 0 0 0 0 0 0 0 0 0 0 0 0 0 0 0 0 0 0 0 0 0 0 0 0 0 0 0 0 0 0 0 0 0 0 0]
[1828119561621862862602873086834425136483971506890173546439747850950778938538795264196302255813029632813719684439679024440088549940345757742219103448187357493387411749631447144125529349430231571568539186590226898053940803064553834352139358847444148349009636871553131900599407 0 0 0 0 0 0 0 1 0 0 0 0 0 0 0 0 0 0 0 0 0 0 0 0 0 0 0 0 0 0 0 0 0 0 0 0 0 0 0 0 0 0 0 0 0 0 0 0 0 0 0 0 0 0 0 0 0 0 0 0 0 0 0 0 0 0 0 0 0 0 0 0 0 0 0 0 0 0 0 0 0 0 0 0 0 0 0 0 0 0]
[4924160271161990055816019340566007463080072216846791177719221224761158524242899017249389057284921336667844819389086600551617581794325875283257311350212393385131503751313686387564560575541064469256753329849283705354259333770137182747860418084813580606651158201954978672749826 0 0 0 0 0 0 0 0 1 0 0 0 0 0 0 0 0 0 0 0 0 0 0 0 0 0 0 0 0 0 0 0 0 0 0 0 0 0 0 0 0 0 0 0 0 0 0 0 0 0 0 0 0 0 0 0 0 0 0 0 0 0 0 0 0 0 0 0 0 0 0 0 0 0 0 0 0 0 0 0 0 0 0 0 0 0 0 0 0 0]
[5216648248632963801092189985102802624166908373050972875940010650811448142070264037110874385654433889844773428786717655700725328436543254979888480515135372157979672296429031792619834505133703364223326867299466431402378832084668539438748921199758284728874285883570136275332852 0 0 0 0 0 0 0 0 0 1 0 0 0 0 0 0 0 0 0 0 0 0 0 0 0 0 0 0 0 0 0 0 0 0 0 0 0 0 0 0 0 0 0 0 0 0 0 0 0 0 0 0 0 0 0 0 0 0 0 0 0 0 0 0 0 0 0 0 0 0 0 0 0 0 0 0 0 0 0 0 0 0 0 0 0 0 0 0 0 0]
[2862949926536180501619473365586073331521209632338490265095152422886332360078196552744956751175001791025856331454998053353509339420747775169440073733225663428638419880633817040252795624899029796497389650566684762745797007950421097162590905273760680156351951312843610691283462 0 0 0 0 0 0 0 0 0 0 1 0 0 0 0 0 0 0 0 0 0 0 0 0 0 0 0 0 0 0 0 0 0 0 0 0 0 0 0 0 0 0 0 0 0 0 0 0 0 0 0 0 0 0 0 0 0 0 0 0 0 0 0 0 0 0 0 0 0 0 0 0 0 0 0 0 0 0 0 0 0 0 0 0 0 0 0 0 0 0]
[3055545908068720578158481424403472577045625584564219718854903957638657407912685188917146406095525296740492593014382587327811885070814364482013332715868250943682385327211451453062657165899590025377900775502037409432379104226568166147771108674055865168144727732608900841875740 0 0 0 0 0 0 0 0 0 0 0 1 0 0 0 0 0 0 0 0 0 0 0 0 0 0 0 0 0 0 0 0 0 0 0 0 0 0 0 0 0 0 0 0 0 0 0 0 0 0 0 0 0 0 0 0 0 0 0 0 0 0 0 0 0 0 0 0 0 0 0 0 0 0 0 0 0 0 0 0 0 0 0 0 0 0 0 0 0 0]
[3627917303082282056471962670762885850279241865273217643715761636569796889548351063840905428815488982777346804491889178325105195096200455235577936623728077516508680391065839313959273272396028510763380375012247890148162303212015065339494300191885721253514822855161169706408166 0 0 0 0 0 0 0 0 0 0 0 0 1 0 0 0 0 0 0 0 0 0 0 0 0 0 0 0 0 0 0 0 0 0 0 0 0 0 0 0 0 0 0 0 0 0 0 0 0 0 0 0 0 0 0 0 0 0 0 0 0 0 0 0 0 0 0 0 0 0 0 0 0 0 0 0 0 0 0 0 0 0 0 0 0 0 0 0 0 0]
[5225752215839149882763843183030786968296643025601813322586369211085784323018495807369649806584942303762146676946320907876321100071237855101017489349702223519315754746599627201235632632232469715513829991662909558212490267195501423429704870980576746812649585043264668692707566 0 0 0 0 0 0 0 0 0 0 0 0 0 1 0 0 0 0 0 0 0 0 0 0 0 0 0 0 0 0 0 0 0 0 0 0 0 0 0 0 0 0 0 0 0 0 0 0 0 0 0 0 0 0 0 0 0 0 0 0 0 0 0 0 0 0 0 0 0 0 0 0 0 0 0 0 0 0 0 0 0 0 0 0 0 0 0 0 0 0]
[310658189192464316769642699406472089466170270987953806877460566752131590447721801207561459330797905505607353627235050136658941086558628560678254774855257320799477302194433258237057244735338944872951405673278948616047846522080461757128346341133626413424382331886456621799140 0 0 0 0 0 0 0 0 0 0 0 0 0 0 1 0 0 0 0 0 0 0 0 0 0 0 0 0 0 0 0 0 0 0 0 0 0 0 0 0 0 0 0 0 0 0 0 0 0 0 0 0 0 0 0 0 0 0 0 0 0 0 0 0 0 0 0 0 0 0 0 0 0 0 0 0 0 0 0 0 0 0 0 0 0 0 0 0 0 0]
[6742862663553640030680543387667109173455150329310605467290706942797836819711540423472460722573029601691126076814025289388816635048015813388725497870212256642760172185201929363019311399798246618200785083350311087493290887176342754744281199024715732244612749821903621876263423 0 0 0 0 0 0 0 0 0 0 0 0 0 0 0 1 0 0 0 0 0 0 0 0 0 0 0 0 0 0 0 0 0 0 0 0 0 0 0 0 0 0 0 0 0 0 0 0 0 0 0 0 0 0 0 0 0 0 0 0 0 0 0 0 0 0 0 0 0 0 0 0 0 0 0 0 0 0 0 0 0 0 0 0 0 0 0 0 0 0]
[6636093122313378763787037837207554263330713892860879048432280137392972582306628653937644463762493404448074228072302418090308692245290443383191548623631326782948711596856500934159276989974451663180973581810224784019787603523899410534621582846900857258796719979641407647222017 0 0 0 0 0 0 0 0 0 0 0 0 0 0 0 0 1 0 0 0 0 0 0 0 0 0 0 0 0 0 0 0 0 0 0 0 0 0 0 0 0 0 0 0 0 0 0 0 0 0 0 0 0 0 0 0 0 0 0 0 0 0 0 0 0 0 0 0 0 0 0 0 0 0 0 0 0 0 0 0 0 0 0 0 0 0 0 0 0 0]
[178836191327223372450184246612740966362087460343397190363353141001912463866519453757849375394179653111135641596976295548334913753142200497385395263686960016526117840342252452307358352975013108881650882025564322919007428119435862121588883683059209912473599345389422809878694 0 0 0 0 0 0 0 0 0 0 0 0 0 0 0 0 0 1 0 0 0 0 0 0 0 0 0 0 0 0 0 0 0 0 0 0 0 0 0 0 0 0 0 0 0 0 0 0 0 0 0 0 0 0 0 0 0 0 0 0 0 0 0 0 0 0 0 0 0 0 0 0 0 0 0 0 0 0 0 0 0 0 0 0 0 0 0 0 0 0]
[500200602119703995810700343120100455164164501841669638130062982892001447925314505010849631227597672711114769106421858691581881286670788473624242284881514886874687007326231841751272166568835753100274924242238229189569190441355741159083094942779406957294888938515978542046837 0 0 0 0 0 0 0 0 0 0 0 0 0 0 0 0 0 0 1 0 0 0 0 0 0 0 0 0 0 0 0 0 0 0 0 0 0 0 0 0 0 0 0 0 0 0 0 0 0 0 0 0 0 0 0 0 0 0 0 0 0 0 0 0 0 0 0 0 0 0 0 0 0 0 0 0 0 0 0 0 0 0 0 0 0 0 0 0 0 0]
[5083248440459819726221197840364225687827846060684990344604044500424156222412531651773263539679032575512983011671221493952786828003531120983800932636060959418664982170655258110770357808588431312688366595615549428766767402160005166798819564963550690457648291260238964953383449 0 0 0 0 0 0 0 0 0 0 0 0 0 0 0 0 0 0 0 1 0 0 0 0 0 0 0 0 0 0 0 0 0 0 0 0 0 0 0 0 0 0 0 0 0 0 0 0 0 0 0 0 0 0 0 0 0 0 0 0 0 0 0 0 0 0 0 0 0 0 0 0 0 0 0 0 0 0 0 0 0 0 0 0 0 0 0 0 0 0]
[6254652579758043806579387348385094177897822623898596851076605653206452516264336849992945621835336006985434545792946594303511003756719428192237002098591154529088363501292778835202084035636900891435626757094381603253451858704251925406849966678407227594210555272432425507398559 0 0 0 0 0 0 0 0 0 0 0 0 0 0 0 0 0 0 0 0 1 0 0 0 0 0 0 0 0 0 0 0 0 0 0 0 0 0 0 0 0 0 0 0 0 0 0 0 0 0 0 0 0 0 0 0 0 0 0 0 0 0 0 0 0 0 0 0 0 0 0 0 0 0 0 0 0 0 0 0 0 0 0 0 0 0 0 0 0 0]
[3356022094246087875774812045591259930132732512533144682454518532629937477767655841994319517427240172667761111659304629618761556005142799678865965424119243599745224010062947116126250236221552319681188920336960318752322887744830096017893812047439317383301395872999101087485079 0 0 0 0 0 0 0 0 0 0 0 0 0 0 0 0 0 0 0 0 0 1 0 0 0 0 0 0 0 0 0 0 0 0 0 0 0 0 0 0 0 0 0 0 0 0 0 0 0 0 0 0 0 0 0 0 0 0 0 0 0 0 0 0 0 0 0 0 0 0 0 0 0 0 0 0 0 0 0 0 0 0 0 0 0 0 0 0 0 0]
[1885953736218685304970181267674242238933194255986870247956652748832100468269370294437820098409452753059548478838907996778100582055592277729733779392194031377864607746750831355933323317350565923776923238271803278362908982963871102480329174916583386374352144188822201554072985 0 0 0 0 0 0 0 0 0 0 0 0 0 0 0 0 0 0 0 0 0 0 1 0 0 0 0 0 0 0 0 0 0 0 0 0 0 0 0 0 0 0 0 0 0 0 0 0 0 0 0 0 0 0 0 0 0 0 0 0 0 0 0 0 0 0 0 0 0 0 0 0 0 0 0 0 0 0 0 0 0 0 0 0 0 0 0 0 0 0]
[3477335685484881232592243188997628759440896967031066657588516511795723315384484603098843730333918969196921989592121613022762799843739758020825888295718145575764762579993698423491675696096048923844672746020775139223876039580108843634584862754747696534772363346896140290907006 0 0 0 0 0 0 0 0 0 0 0 0 0 0 0 0 0 0 0 0 0 0 0 1 0 0 0 0 0 0 0 0 0 0 0 0 0 0 0 0 0 0 0 0 0 0 0 0 0 0 0 0 0 0 0 0 0 0 0 0 0 0 0 0 0 0 0 0 0 0 0 0 0 0 0 0 0 0 0 0 0 0 0 0 0 0 0 0 0 0]
[2936913862537561266125921677765907471752741593851959539708389611139879979617851852673106150836915701338115583620535156380583453469807097468854463155589532776179206595980728747695299014261105116475029328867045839677144782417210643542294937749270146210919720453092061353067715 0 0 0 0 0 0 0 0 0 0 0 0 0 0 0 0 0 0 0 0 0 0 0 0 1 0 0 0 0 0 0 0 0 0 0 0 0 0 0 0 0 0 0 0 0 0 0 0 0 0 0 0 0 0 0 0 0 0 0 0 0 0 0 0 0 0 0 0 0 0 0 0 0 0 0 0 0 0 0 0 0 0 0 0 0 0 0 0 0 0]
[3909630141900530149666050344277292464925892256376696583512257613526782672395513895039383662246288279585630733975626240137506582170728850195796144556160373098162827482378869509189307008670833638775330291626047513701024738358643043511503973682960421343486385416490008852770739 0 0 0 0 0 0 0 0 0 0 0 0 0 0 0 0 0 0 0 0 0 0 0 0 0 1 0 0 0 0 0 0 0 0 0 0 0 0 0 0 0 0 0 0 0 0 0 0 0 0 0 0 0 0 0 0 0 0 0 0 0 0 0 0 0 0 0 0 0 0 0 0 0 0 0 0 0 0 0 0 0 0 0 0 0 0 0 0 0 0]
[169418952465944641866777777004201727220655209574257233093511580475455052458304792073885414745054920135737292584782643547844371495551545887783542858455003243391005016427791402142387597462151385195922618152856716553522903500255956999942069150004263538456650693393858119964429 0 0 0 0 0 0 0 0 0 0 0 0 0 0 0 0 0 0 0 0 0 0 0 0 0 0 1 0 0 0 0 0 0 0 0 0 0 0 0 0 0 0 0 0 0 0 0 0 0 0 0 0 0 0 0 0 0 0 0 0 0 0 0 0 0 0 0 0 0 0 0 0 0 0 0 0 0 0 0 0 0 0 0 0 0 0 0 0 0 0]
[894526674391698094818854806717051416620597435829737556884517999375126868921542243943402522066413003108052357415065537614552437874991180268836554807133484365436096812541883104094016612735214433939656164547339247984086533615654245638394073564164227047887167826029972788078425 0 0 0 0 0 0 0 0 0 0 0 0 0 0 0 0 0 0 0 0 0 0 0 0 0 0 0 1 0 0 0 0 0 0 0 0 0 0 0 0 0 0 0 0 0 0 0 0 0 0 0 0 0 0 0 0 0 0 0 0 0 0 0 0 0 0 0 0 0 0 0 0 0 0 0 0 0 0 0 0 0 0 0 0 0 0 0 0 0 0]
[5871509062528241831112542130296136511732386298056007555928736275171155106075716844339192901262348228541576924809430542046248873996210146164870813122632360225365106566772845376509568233643409572678144914368522404271721044858041361014526523936990084789624256865579964963177355 0 0 0 0 0 0 0 0 0 0 0 0 0 0 0 0 0 0 0 0 0 0 0 0 0 0 0 0 1 0 0 0 0 0 0 0 0 0 0 0 0 0 0 0 0 0 0 0 0 0 0 0 0 0 0 0 0 0 0 0 0 0 0 0 0 0 0 0 0 0 0 0 0 0 0 0 0 0 0 0 0 0 0 0 0 0 0 0 0 0]
[1512771092460121005925883637609229476232106288013219446962942295074713931586876004141540829048934204388813731104876354064911084380039542246164517659412775256862072913947263236251386615844033913081181289455567192497572113773739052449279498887783701620574055801172248779033631 0 0 0 0 0 0 0 0 0 0 0 0 0 0 0 0 0 0 0 0 0 0 0 0 0 0 0 0 0 1 0 0 0 0 0 0 0 0 0 0 0 0 0 0 0 0 0 0 0 0 0 0 0 0 0 0 0 0 0 0 0 0 0 0 0 0 0 0 0 0 0 0 0 0 0 0 0 0 0 0 0 0 0 0 0 0 0 0 0 0]
[5756997583293685937050362453404675593540022626908325626549239634100570733820617666692911052212835326758517481280243987813732865754378098283220442810652619688158547122397427388077810487209344612349452797012609552243609383581744335364642864347490230471949214799147138946168221 0 0 0 0 0 0 0 0 0 0 0 0 0 0 0 0 0 0 0 0 0 0 0 0 0 0 0 0 0 0 1 0 0 0 0 0 0 0 0 0 0 0 0 0 0 0 0 0 0 0 0 0 0 0 0 0 0 0 0 0 0 0 0 0 0 0 0 0 0 0 0 0 0 0 0 0 0 0 0 0 0 0 0 0 0 0 0 0 0 0]
[4858643266720483575751060218303935125190893613945313732999040263891344188298607336359373710904745945262381643008139441688239458641948010947268912857907010361627274490071199847747604206408239063810716486862340012202275538936899508242582588313985211632501858036179896289535066 0 0 0 0 0 0 0 0 0 0 0 0 0 0 0 0 0 0 0 0 0 0 0 0 0 0 0 0 0 0 0 1 0 0 0 0 0 0 0 0 0 0 0 0 0 0 0 0 0 0 0 0 0 0 0 0 0 0 0 0 0 0 0 0 0 0 0 0 0 0 0 0 0 0 0 0 0 0 0 0 0 0 0 0 0 0 0 0 0 0]
[4646762801463473060374147965017435175387685223765384790503364017703890907170580735834073159116742751078252049747145839823655354417224880879291035754127589100067430098393371685369508013303008109115804092818815441128199695731731671696094441457410720246431252248865128108662912 0 0 0 0 0 0 0 0 0 0 0 0 0 0 0 0 0 0 0 0 0 0 0 0 0 0 0 0 0 0 0 0 1 0 0 0 0 0 0 0 0 0 0 0 0 0 0 0 0 0 0 0 0 0 0 0 0 0 0 0 0 0 0 0 0 0 0 0 0 0 0 0 0 0 0 0 0 0 0 0 0 0 0 0 0 0 0 0 0 0]
[5575581103998015206058766007921878308575581342548163493731018451842396311048799250560818364205607982977350418990589266360609545473397080083136733953480707367564536750369281989957782886646844798159695576560998341097113412964542492187253231921220074839311735408837827958910824 0 0 0 0 0 0 0 0 0 0 0 0 0 0 0 0 0 0 0 0 0 0 0 0 0 0 0 0 0 0 0 0 0 1 0 0 0 0 0 0 0 0 0 0 0 0 0 0 0 0 0 0 0 0 0 0 0 0 0 0 0 0 0 0 0 0 0 0 0 0 0 0 0 0 0 0 0 0 0 0 0 0 0 0 0 0 0 0 0 0]
[2013380332178628325831803854582719044589824964956489305803386453399394308301891612034218588765299346051213807888270166888677347802104431976448111571484155128967339962773213940675651545718486305507906350556272447232453820591238419767342446621507570997806741292549510049491449 0 0 0 0 0 0 0 0 0 0 0 0 0 0 0 0 0 0 0 0 0 0 0 0 0 0 0 0 0 0 0 0 0 0 1 0 0 0 0 0 0 0 0 0 0 0 0 0 0 0 0 0 0 0 0 0 0 0 0 0 0 0 0 0 0 0 0 0 0 0 0 0 0 0 0 0 0 0 0 0 0 0 0 0 0 0 0 0 0 0]
[312814973408715862239547727506326773400117487115039233630345892719043403106774049680738846495181853859886935779707339003592619944580234273156338397961951921324112823400722993250403503466053467670779567577536119221298131662147318122254014579424326880888623835276710614812627 0 0 0 0 0 0 0 0 0 0 0 0 0 0 0 0 0 0 0 0 0 0 0 0 0 0 0 0 0 0 0 0 0 0 0 1 0 0 0 0 0 0 0 0 0 0 0 0 0 0 0 0 0 0 0 0 0 0 0 0 0 0 0 0 0 0 0 0 0 0 0 0 0 0 0 0 0 0 0 0 0 0 0 0 0 0 0 0 0 0]
[724156259471941649796840046776752160537915439133267230329917327800980586142538004694794629443831150369721487354880358384227663082036585764455979533949413632404351535675665584874991080037420125276618654762569000715562377958466791348279808274401815397307436095278343994026932 0 0 0 0 0 0 0 0 0 0 0 0 0 0 0 0 0 0 0 0 0 0 0 0 0 0 0 0 0 0 0 0 0 0 0 0 1 0 0 0 0 0 0 0 0 0 0 0 0 0 0 0 0 0 0 0 0 0 0 0 0 0 0 0 0 0 0 0 0 0 0 0 0 0 0 0 0 0 0 0 0 0 0 0 0 0 0 0 0 0]
[2805428848839050800613604041225914155770942426195302418187396530435002718317691633978341127038130136133992562019906113145263240751596827606875695687660855047238716783393958930156937915893955063649657975864963790526288029050810670785988421917739227105803923305713327830484767 0 0 0 0 0 0 0 0 0 0 0 0 0 0 0 0 0 0 0 0 0 0 0 0 0 0 0 0 0 0 0 0 0 0 0 0 0 1 0 0 0 0 0 0 0 0 0 0 0 0 0 0 0 0 0 0 0 0 0 0 0 0 0 0 0 0 0 0 0 0 0 0 0 0 0 0 0 0 0 0 0 0 0 0 0 0 0 0 0 0]
[4060914681367764011382907331205285857044076377550596441024476939991718107352032327533233118265509071424104113609003436022245731149478454900954811682471341494654441251444056356113211542426123330142989538881278646768643574480876404955388882133223960275090041803889733876423524 0 0 0 0 0 0 0 0 0 0 0 0 0 0 0 0 0 0 0 0 0 0 0 0 0 0 0 0 0 0 0 0 0 0 0 0 0 0 1 0 0 0 0 0 0 0 0 0 0 0 0 0 0 0 0 0 0 0 0 0 0 0 0 0 0 0 0 0 0 0 0 0 0 0 0 0 0 0 0 0 0 0 0 0 0 0 0 0 0 0]
[5729317326336345662774092214178751130951030496291918109797820485114776788117123976219992832444138663253873121274540369705650412402973469536060449826493960231358907538051548754848132062279638284875384896057509888763575882389930528487437726553881922038444543571759989291915104 0 0 0 0 0 0 0 0 0 0 0 0 0 0 0 0 0 0 0 0 0 0 0 0 0 0 0 0 0 0 0 0 0 0 0 0 0 0 0 1 0 0 0 0 0 0 0 0 0 0 0 0 0 0 0 0 0 0 0 0 0 0 0 0 0 0 0 0 0 0 0 0 0 0 0 0 0 0 0 0 0 0 0 0 0 0 0 0 0 0]
[5059120008978670636172983163294725495969386513154246374987244871733419429580102282586771149268539976630123415708277366193637010344343854137768769271716408856316786516134509013793056234529436839399318283560528164125405750136744523751677830321307840370919118171523658423665112 0 0 0 0 0 0 0 0 0 0 0 0 0 0 0 0 0 0 0 0 0 0 0 0 0 0 0 0 0 0 0 0 0 0 0 0 0 0 0 0 1 0 0 0 0 0 0 0 0 0 0 0 0 0 0 0 0 0 0 0 0 0 0 0 0 0 0 0 0 0 0 0 0 0 0 0 0 0 0 0 0 0 0 0 0 0 0 0 0 0]
[6201354984906448096621781291740100345223114661993735361333968866206020984049137418968677479579394087401676109418038842975467119762498773555255995353149867440537711915063756922296863576320548562680944788510664526261222837584482102123803467528235706040562501578798056401693197 0 0 0 0 0 0 0 0 0 0 0 0 0 0 0 0 0 0 0 0 0 0 0 0 0 0 0 0 0 0 0 0 0 0 0 0 0 0 0 0 0 1 0 0 0 0 0 0 0 0 0 0 0 0 0 0 0 0 0 0 0 0 0 0 0 0 0 0 0 0 0 0 0 0 0 0 0 0 0 0 0 0 0 0 0 0 0 0 0 0]
[2756417852184114248075691930758094233481977241851147061348486099693004106641488171942211835773545467928205328880954944253445703275631336966560231125362039925898235424185628734299313005063479818402264748832902231826030009458612856584996149499031548630903324091578909549725648 0 0 0 0 0 0 0 0 0 0 0 0 0 0 0 0 0 0 0 0 0 0 0 0 0 0 0 0 0 0 0 0 0 0 0 0 0 0 0 0 0 0 1 0 0 0 0 0 0 0 0 0 0 0 0 0 0 0 0 0 0 0 0 0 0 0 0 0 0 0 0 0 0 0 0 0 0 0 0 0 0 0 0 0 0 0 0 0 0 0]
[3279363576157255305037657221522530667019767568699510980281537508414921032799896634697759248454282464942992954673272588345664455567596941707348589985022353629360241394637843965765368886100496700237513149761500416151969803135834588804983206598413423453256523097189285147948170 0 0 0 0 0 0 0 0 0 0 0 0 0 0 0 0 0 0 0 0 0 0 0 0 0 0 0 0 0 0 0 0 0 0 0 0 0 0 0 0 0 0 0 1 0 0 0 0 0 0 0 0 0 0 0 0 0 0 0 0 0 0 0 0 0 0 0 0 0 0 0 0 0 0 0 0 0 0 0 0 0 0 0 0 0 0 0 0 0 0]
[1616056420327297126927915700425370398032490228548595820066527225540758323201416959701338472669215636569103708504934793623545812904080178279113914656628898431189641942490976843647454285819802269545415774803452412011235579614492772379265617117159216334716925171570933293880403 0 0 0 0 0 0 0 0 0 0 0 0 0 0 0 0 0 0 0 0 0 0 0 0 0 0 0 0 0 0 0 0 0 0 0 0 0 0 0 0 0 0 0 0 1 0 0 0 0 0 0 0 0 0 0 0 0 0 0 0 0 0 0 0 0 0 0 0 0 0 0 0 0 0 0 0 0 0 0 0 0 0 0 0 0 0 0 0 0 0]
[2076823701282230225215733144918062055923559085078554079704901474454237057522359243120050340176166116196721745392449922103369979212392428418290327441578266007283860144632641620360611732141850973341641629874014069948186957365331155016707186803781224134482713367737924374715619 0 0 0 0 0 0 0 0 0 0 0 0 0 0 0 0 0 0 0 0 0 0 0 0 0 0 0 0 0 0 0 0 0 0 0 0 0 0 0 0 0 0 0 0 0 1 0 0 0 0 0 0 0 0 0 0 0 0 0 0 0 0 0 0 0 0 0 0 0 0 0 0 0 0 0 0 0 0 0 0 0 0 0 0 0 0 0 0 0 0]
[4690871296391706205716197192898375317828662515926819152970958185588313236092670334833151776413829231657938830883150635035254984693673146365067514937556476404188381615086008899490853257152366390676880384670627747815012918556280147445075371382550163844794225828912620269629205 0 0 0 0 0 0 0 0 0 0 0 0 0 0 0 0 0 0 0 0 0 0 0 0 0 0 0 0 0 0 0 0 0 0 0 0 0 0 0 0 0 0 0 0 0 0 1 0 0 0 0 0 0 0 0 0 0 0 0 0 0 0 0 0 0 0 0 0 0 0 0 0 0 0 0 0 0 0 0 0 0 0 0 0 0 0 0 0 0 0]
[2409217079794431955794753955934151813987591849787152582167931757517887294340826794889587091826644568257206842432975808973196793895323006860931213795487594232692344192040016881256981966980560608736522350143690955741246213812762680011867926034159180932149649034234710564588386 0 0 0 0 0 0 0 0 0 0 0 0 0 0 0 0 0 0 0 0 0 0 0 0 0 0 0 0 0 0 0 0 0 0 0 0 0 0 0 0 0 0 0 0 0 0 0 1 0 0 0 0 0 0 0 0 0 0 0 0 0 0 0 0 0 0 0 0 0 0 0 0 0 0 0 0 0 0 0 0 0 0 0 0 0 0 0 0 0 0]
[4725762207695394221239821315230611361000627363048424560203964978238417495930194108964541844217865532935063568776108098575606057006047251839799194593121842006965636041640856000453107062884833855063368517287366865195782981303537427230834966301286440191348963588218076691888354 0 0 0 0 0 0 0 0 0 0 0 0 0 0 0 0 0 0 0 0 0 0 0 0 0 0 0 0 0 0 0 0 0 0 0 0 0 0 0 0 0 0 0 0 0 0 0 0 1 0 0 0 0 0 0 0 0 0 0 0 0 0 0 0 0 0 0 0 0 0 0 0 0 0 0 0 0 0 0 0 0 0 0 0 0 0 0 0 0 0]
[3662697844886955588304267778919325854468608202914434383918145738377118507034430867068823482392313467714086453441225715191954503686453223235827716199517058330400323190897182228569279355403491966304149980240717765378813432115938591482509185030855620679431786540866806881829956 0 0 0 0 0 0 0 0 0 0 0 0 0 0 0 0 0 0 0 0 0 0 0 0 0 0 0 0 0 0 0 0 0 0 0 0 0 0 0 0 0 0 0 0 0 0 0 0 0 1 0 0 0 0 0 0 0 0 0 0 0 0 0 0 0 0 0 0 0 0 0 0 0 0 0 0 0 0 0 0 0 0 0 0 0 0 0 0 0 0]
[392204807673453795568300496524174760235001068557341234651265133157996902429174986064964014014090117284223013255852044729479176159721937650866843821585851938214443291890975550064689957445863089181925898202852803372527410702389621801281650482342025686768611566474259096712828 0 0 0 0 0 0 0 0 0 0 0 0 0 0 0 0 0 0 0 0 0 0 0 0 0 0 0 0 0 0 0 0 0 0 0 0 0 0 0 0 0 0 0 0 0 0 0 0 0 0 1 0 0 0 0 0 0 0 0 0 0 0 0 0 0 0 0 0 0 0 0 0 0 0 0 0 0 0 0 0 0 0 0 0 0 0 0 0 0 0]
[5812497427652130914658169896423259658729377403445731055459040592494900049203590782562106059937553669592024184335816418859219420907181806302277298400079149133224280953396402760308791470131400953350409219248933909452197328656746559027300950943356914068455446304941203297033555 0 0 0 0 0 0 0 0 0 0 0 0 0 0 0 0 0 0 0 0 0 0 0 0 0 0 0 0 0 0 0 0 0 0 0 0 0 0 0 0 0 0 0 0 0 0 0 0 0 0 0 1 0 0 0 0 0 0 0 0 0 0 0 0 0 0 0 0 0 0 0 0 0 0 0 0 0 0 0 0 0 0 0 0 0 0 0 0 0 0]
[3189052801761616273489020882862467468457109431993292226763037489373180632242431804219013568617938315778762023074072286262753911473760674233914113335807441008884874164803950956064995723003767676610372327878404085694307317657554091888138374489938441229144469585669683171552340 0 0 0 0 0 0 0 0 0 0 0 0 0 0 0 0 0 0 0 0 0 0 0 0 0 0 0 0 0 0 0 0 0 0 0 0 0 0 0 0 0 0 0 0 0 0 0 0 0 0 0 0 1 0 0 0 0 0 0 0 0 0 0 0 0 0 0 0 0 0 0 0 0 0 0 0 0 0 0 0 0 0 0 0 0 0 0 0 0 0]
[2333609058170496639963289757449333421532816899109408323968068077657218162566174832277664943031800757327386117823149663206558752280146752897970534496317868514404863232144165072788265533111180415496443887352595205159025544345832763831811272797348408974304109743877480351307234 0 0 0 0 0 0 0 0 0 0 0 0 0 0 0 0 0 0 0 0 0 0 0 0 0 0 0 0 0 0 0 0 0 0 0 0 0 0 0 0 0 0 0 0 0 0 0 0 0 0 0 0 0 1 0 0 0 0 0 0 0 0 0 0 0 0 0 0 0 0 0 0 0 0 0 0 0 0 0 0 0 0 0 0 0 0 0 0 0 0]
[1242380747444838083294813404879237463582240816537861489285687004965419907794869832142972670733509680978245777658341396567411891678338363505686485075358588671550358650768156277600975142754675383561010169140077525257627520562704531902599964701065089293858867030235011264222668 0 0 0 0 0 0 0 0 0 0 0 0 0 0 0 0 0 0 0 0 0 0 0 0 0 0 0 0 0 0 0 0 0 0 0 0 0 0 0 0 0 0 0 0 0 0 0 0 0 0 0 0 0 0 1 0 0 0 0 0 0 0 0 0 0 0 0 0 0 0 0 0 0 0 0 0 0 0 0 0 0 0 0 0 0 0 0 0 0 0]
[916892422058170359456424352855600139587947284638653104959972150086778698652796620845475444644661839291405283654912177542307154659329376513700981261695458803493087973631937373974487196734634026069063187664287224236935316072523865093964126996583033836717809898962365162274274 0 0 0 0 0 0 0 0 0 0 0 0 0 0 0 0 0 0 0 0 0 0 0 0 0 0 0 0 0 0 0 0 0 0 0 0 0 0 0 0 0 0 0 0 0 0 0 0 0 0 0 0 0 0 0 1 0 0 0 0 0 0 0 0 0 0 0 0 0 0 0 0 0 0 0 0 0 0 0 0 0 0 0 0 0 0 0 0 0 0]
[2705564254150988535548224231568818802112535871597750194750998064403286186949873996711975387387739825588529077339868528006233312322401329281431176700539106721330943408034530453737389034733497925429631070731012721524568994767716221070832821609761168090732628145525094751770073 0 0 0 0 0 0 0 0 0 0 0 0 0 0 0 0 0 0 0 0 0 0 0 0 0 0 0 0 0 0 0 0 0 0 0 0 0 0 0 0 0 0 0 0 0 0 0 0 0 0 0 0 0 0 0 0 1 0 0 0 0 0 0 0 0 0 0 0 0 0 0 0 0 0 0 0 0 0 0 0 0 0 0 0 0 0 0 0 0 0]
[1653954897242878288270887532395632263218825289047075589001876338696380447096746498020964773807009035566919369375138643568203850918590280853912084806706807198724509629438035945252216251984501487267708623864022522273790380156003696774836604783472381172443957900447556849581937 0 0 0 0 0 0 0 0 0 0 0 0 0 0 0 0 0 0 0 0 0 0 0 0 0 0 0 0 0 0 0 0 0 0 0 0 0 0 0 0 0 0 0 0 0 0 0 0 0 0 0 0 0 0 0 0 0 1 0 0 0 0 0 0 0 0 0 0 0 0 0 0 0 0 0 0 0 0 0 0 0 0 0 0 0 0 0 0 0 0]
[4305700212342496118791670176191971010684494460616242363254802300151690672668598881305274625880903938031578417923126462473641016190750420967932125964513422245444666175736638448358129675212067322950441984425984941031842857545758259374265284908401374426650804418378593657275783 0 0 0 0 0 0 0 0 0 0 0 0 0 0 0 0 0 0 0 0 0 0 0 0 0 0 0 0 0 0 0 0 0 0 0 0 0 0 0 0 0 0 0 0 0 0 0 0 0 0 0 0 0 0 0 0 0 0 1 0 0 0 0 0 0 0 0 0 0 0 0 0 0 0 0 0 0 0 0 0 0 0 0 0 0 0 0 0 0 0]
[6546140078219756458581767512684156757774706858380175752066898923343833204891310596979827840608900773448026273595167625516254308679447205188757525006296254507167251276245222225469274353780871784359743844081038729179212876444083577400713905821003780325382047439644572354004109 0 0 0 0 0 0 0 0 0 0 0 0 0 0 0 0 0 0 0 0 0 0 0 0 0 0 0 0 0 0 0 0 0 0 0 0 0 0 0 0 0 0 0 0 0 0 0 0 0 0 0 0 0 0 0 0 0 0 0 1 0 0 0 0 0 0 0 0 0 0 0 0 0 0 0 0 0 0 0 0 0 0 0 0 0 0 0 0 0 0]
[4013231206039300331487570219439399656421515900823925424388083066061816750114499567246297819646608166806022280804032352162975883685132714697061072701773101170665321849223395947295578946628851812243383360277017394347424056534169158553569383544999229813273708766894866545583058 0 0 0 0 0 0 0 0 0 0 0 0 0 0 0 0 0 0 0 0 0 0 0 0 0 0 0 0 0 0 0 0 0 0 0 0 0 0 0 0 0 0 0 0 0 0 0 0 0 0 0 0 0 0 0 0 0 0 0 0 1 0 0 0 0 0 0 0 0 0 0 0 0 0 0 0 0 0 0 0 0 0 0 0 0 0 0 0 0 0]
[3450388316480152467638910046942112737582330575515353938807270563593921773509444651296725779702857850927213346977034351311230732995157295429083851880633930403718384782417025664685667284188019731717721662576614753831884200032504108981147237751037153354643961077875297638304823 0 0 0 0 0 0 0 0 0 0 0 0 0 0 0 0 0 0 0 0 0 0 0 0 0 0 0 0 0 0 0 0 0 0 0 0 0 0 0 0 0 0 0 0 0 0 0 0 0 0 0 0 0 0 0 0 0 0 0 0 0 1 0 0 0 0 0 0 0 0 0 0 0 0 0 0 0 0 0 0 0 0 0 0 0 0 0 0 0 0]
[1737198954420455977282470633806689594437302783798344747445767949619442150956578152579103900655141792870754172749987236040425508709129925234750317106125028710190979137368687423116121466729989625836689403169731736108783337933187690453365988430095805075340574991130649827620204 0 0 0 0 0 0 0 0 0 0 0 0 0 0 0 0 0 0 0 0 0 0 0 0 0 0 0 0 0 0 0 0 0 0 0 0 0 0 0 0 0 0 0 0 0 0 0 0 0 0 0 0 0 0 0 0 0 0 0 0 0 0 1 0 0 0 0 0 0 0 0 0 0 0 0 0 0 0 0 0 0 0 0 0 0 0 0 0 0 0]
[6002505481183690873630045570496149515835333470261144655156696431213098994843210449234210704085112903856177273743505045140817938720592769126986474447459386758785508236918032817652838883865045397181308135743926780403102119829504539216740720284984663298009454497080276458160573 0 0 0 0 0 0 0 0 0 0 0 0 0 0 0 0 0 0 0 0 0 0 0 0 0 0 0 0 0 0 0 0 0 0 0 0 0 0 0 0 0 0 0 0 0 0 0 0 0 0 0 0 0 0 0 0 0 0 0 0 0 0 0 1 0 0 0 0 0 0 0 0 0 0 0 0 0 0 0 0 0 0 0 0 0 0 0 0 0 0]
[4956757878633348938811608294536614267194099808323432488143892137575345085067512089626358507249630831809847535275766252472253654628407622832471554385161960682776003884289375858402833969243058212281401039899902644039788347157615726461463006344653416719827200010002235023756744 0 0 0 0 0 0 0 0 0 0 0 0 0 0 0 0 0 0 0 0 0 0 0 0 0 0 0 0 0 0 0 0 0 0 0 0 0 0 0 0 0 0 0 0 0 0 0 0 0 0 0 0 0 0 0 0 0 0 0 0 0 0 0 0 1 0 0 0 0 0 0 0 0 0 0 0 0 0 0 0 0 0 0 0 0 0 0 0 0 0]
[1261304336457286522177544237101799747258020123014935484270371544637395970054858316481197453448214220934071714766732085955504854044847453244768216189609178680901046729578395252206617379685173175002308963405951558062730186244027480298337480614387004006977267756676362532159675 0 0 0 0 0 0 0 0 0 0 0 0 0 0 0 0 0 0 0 0 0 0 0 0 0 0 0 0 0 0 0 0 0 0 0 0 0 0 0 0 0 0 0 0 0 0 0 0 0 0 0 0 0 0 0 0 0 0 0 0 0 0 0 0 0 1 0 0 0 0 0 0 0 0 0 0 0 0 0 0 0 0 0 0 0 0 0 0 0 0]
[3261042775792057201155560696473670454794613349958506174798875500351350862209899343088903099582873334851486065680708571661944657331157901411390395062869905681230796711293305693253563855497840073021556633099670860636751068507118325352759073905442712851225497075066049117929828 0 0 0 0 0 0 0 0 0 0 0 0 0 0 0 0 0 0 0 0 0 0 0 0 0 0 0 0 0 0 0 0 0 0 0 0 0 0 0 0 0 0 0 0 0 0 0 0 0 0 0 0 0 0 0 0 0 0 0 0 0 0 0 0 0 0 1 0 0 0 0 0 0 0 0 0 0 0 0 0 0 0 0 0 0 0 0 0 0 0]
[286925164047914248201678576246498103916441237991628167000272371752388777008826759800987627149556168743101505831026565121855877544797719144368902405201811960526324405426916306882318545387473854428233282242632985087121111112454429253448622154347978711754000915189423148669717 0 0 0 0 0 0 0 0 0 0 0 0 0 0 0 0 0 0 0 0 0 0 0 0 0 0 0 0 0 0 0 0 0 0 0 0 0 0 0 0 0 0 0 0 0 0 0 0 0 0 0 0 0 0 0 0 0 0 0 0 0 0 0 0 0 0 0 1 0 0 0 0 0 0 0 0 0 0 0 0 0 0 0 0 0 0 0 0 0 0]
[6352557094193133547788153556894271956186210637148395886483155387836633186147499287120235780891749687321713347748473445015997272172952502425933559942208617286995328168907565950069410173033983085163253452887662516201925873950856016976825051089167662813441964580159025833095432 0 0 0 0 0 0 0 0 0 0 0 0 0 0 0 0 0 0 0 0 0 0 0 0 0 0 0 0 0 0 0 0 0 0 0 0 0 0 0 0 0 0 0 0 0 0 0 0 0 0 0 0 0 0 0 0 0 0 0 0 0 0 0 0 0 0 0 0 1 0 0 0 0 0 0 0 0 0 0 0 0 0 0 0 0 0 0 0 0 0]
[3693703364243875361785611984108695628478646852417271659401523184727970259460671501902211025041172886757175338701340771991526823860369064062966839101617263760765764532316560051324587892892235312019103538722403151607779163872406231312078701347309087491873532221746164486295346 0 0 0 0 0 0 0 0 0 0 0 0 0 0 0 0 0 0 0 0 0 0 0 0 0 0 0 0 0 0 0 0 0 0 0 0 0 0 0 0 0 0 0 0 0 0 0 0 0 0 0 0 0 0 0 0 0 0 0 0 0 0 0 0 0 0 0 0 0 1 0 0 0 0 0 0 0 0 0 0 0 0 0 0 0 0 0 0 0 0]
[1596733758255640795775605217541971550970996315984075399751436697185400166009252793802113215099324097441268184559685098018608039496291913104547956008466260671509763299857446165154971739847230198078755028997496428695661361142878520462579139228423247053150534451263574644381755 0 0 0 0 0 0 0 0 0 0 0 0 0 0 0 0 0 0 0 0 0 0 0 0 0 0 0 0 0 0 0 0 0 0 0 0 0 0 0 0 0 0 0 0 0 0 0 0 0 0 0 0 0 0 0 0 0 0 0 0 0 0 0 0 0 0 0 0 0 0 1 0 0 0 0 0 0 0 0 0 0 0 0 0 0 0 0 0 0 0]
[533418736617884201279190133121195639198488493020992561519737824150145312783956783036631159599949838959551570522207097565904737909526982652400509886790437897287900617572380692787774285687395428451330057192870186872856324583654136044796982609160008864297870049804096620961189 0 0 0 0 0 0 0 0 0 0 0 0 0 0 0 0 0 0 0 0 0 0 0 0 0 0 0 0 0 0 0 0 0 0 0 0 0 0 0 0 0 0 0 0 0 0 0 0 0 0 0 0 0 0 0 0 0 0 0 0 0 0 0 0 0 0 0 0 0 0 0 1 0 0 0 0 0 0 0 0 0 0 0 0 0 0 0 0 0 0]
[1748645552248589786019554170716243054848988514991003260360471415646712058293521368694522739466151365080911780819228753085228105232925046527408516585317464878750547092025802128081867914887081822800051418406336985898288288461653468724914610720013086612557522715304814990679203 0 0 0 0 0 0 0 0 0 0 0 0 0 0 0 0 0 0 0 0 0 0 0 0 0 0 0 0 0 0 0 0 0 0 0 0 0 0 0 0 0 0 0 0 0 0 0 0 0 0 0 0 0 0 0 0 0 0 0 0 0 0 0 0 0 0 0 0 0 0 0 0 1 0 0 0 0 0 0 0 0 0 0 0 0 0 0 0 0 0]
[6406354390809674614055388719096603968663559034565938512441281208436865211122048647115040784688419482546760987896745404153096143073630733546553488487331661372063779305985567324273168404472497280708352125548174684074899211218827764323431036450070831423228806847794449909445607 0 0 0 0 0 0 0 0 0 0 0 0 0 0 0 0 0 0 0 0 0 0 0 0 0 0 0 0 0 0 0 0 0 0 0 0 0 0 0 0 0 0 0 0 0 0 0 0 0 0 0 0 0 0 0 0 0 0 0 0 0 0 0 0 0 0 0 0 0 0 0 0 0 1 0 0 0 0 0 0 0 0 0 0 0 0 0 0 0 0]
[2991964902386744021391867774866573394577647119789460073065683432680094782692535646670856657206010974704017364243947007506421269403577720624565275897049197819998525231096169677267218577624636875488582885692731445839905273835058138636188408636600084561600254083455208278011952 0 0 0 0 0 0 0 0 0 0 0 0 0 0 0 0 0 0 0 0 0 0 0 0 0 0 0 0 0 0 0 0 0 0 0 0 0 0 0 0 0 0 0 0 0 0 0 0 0 0 0 0 0 0 0 0 0 0 0 0 0 0 0 0 0 0 0 0 0 0 0 0 0 0 1 0 0 0 0 0 0 0 0 0 0 0 0 0 0 0]
[6138184805554102298955835785674199120286459550533232125129902771935956074529525299739858831522655842961230749881396196535384859000326654724954645087406409017048414064799434080800461003651809567194911153595243050668486403822015533786376687756312052434326306430963727974457613 0 0 0 0 0 0 0 0 0 0 0 0 0 0 0 0 0 0 0 0 0 0 0 0 0 0 0 0 0 0 0 0 0 0 0 0 0 0 0 0 0 0 0 0 0 0 0 0 0 0 0 0 0 0 0 0 0 0 0 0 0 0 0 0 0 0 0 0 0 0 0 0 0 0 0 1 0 0 0 0 0 0 0 0 0 0 0 0 0 0]
[549767472886206620854252690051956712704274251719287713396504757938789267144789355283628800130624622238961072558393815702175997641838609396105999555579663887055057346895253441517380334414180361770717796103347820813322141860924334597785983523678466431244724692587064377615264 0 0 0 0 0 0 0 0 0 0 0 0 0 0 0 0 0 0 0 0 0 0 0 0 0 0 0 0 0 0 0 0 0 0 0 0 0 0 0 0 0 0 0 0 0 0 0 0 0 0 0 0 0 0 0 0 0 0 0 0 0 0 0 0 0 0 0 0 0 0 0 0 0 0 0 0 1 0 0 0 0 0 0 0 0 0 0 0 0 0]
[2264565635342207632162908976890545265329052892396690795928596909398507576721841395578828220156080018107554469760671609068803933814685000006117361892901889253130142060729044834731867149391181422839493605581074124719371626014124541526556576027625629263433708147761054332141860 0 0 0 0 0 0 0 0 0 0 0 0 0 0 0 0 0 0 0 0 0 0 0 0 0 0 0 0 0 0 0 0 0 0 0 0 0 0 0 0 0 0 0 0 0 0 0 0 0 0 0 0 0 0 0 0 0 0 0 0 0 0 0 0 0 0 0 0 0 0 0 0 0 0 0 0 0 1 0 0 0 0 0 0 0 0 0 0 0 0]
[1566829876442220358877946309600159198726595630408854568655062839663510132893523044830074086696699487456348520438359336220382003896388058179732854962563174247159889725783328057005389615103947120934464142272601073710614744319267909446901799833917477227181389317587769272220584 0 0 0 0 0 0 0 0 0 0 0 0 0 0 0 0 0 0 0 0 0 0 0 0 0 0 0 0 0 0 0 0 0 0 0 0 0 0 0 0 0 0 0 0 0 0 0 0 0 0 0 0 0 0 0 0 0 0 0 0 0 0 0 0 0 0 0 0 0 0 0 0 0 0 0 0 0 0 1 0 0 0 0 0 0 0 0 0 0 0]
[4573534975064860335235074915769702682294875057902399035935554754346111232054354879121312841921349971077703874872231731801503824516062928480482279361695896051404356847120915721292012333244063152001849169320661053361061214226385703439737226449501150508215136965235701306152088 0 0 0 0 0 0 0 0 0 0 0 0 0 0 0 0 0 0 0 0 0 0 0 0 0 0 0 0 0 0 0 0 0 0 0 0 0 0 0 0 0 0 0 0 0 0 0 0 0 0 0 0 0 0 0 0 0 0 0 0 0 0 0 0 0 0 0 0 0 0 0 0 0 0 0 0 0 0 0 1 0 0 0 0 0 0 0 0 0 0]
[1660595415532253563554827168253706876082791175401062714199864439621318529143894530534753645822792822000461784242690114640969943805939603476295375504819964267641078573529803829676305203060275696133577667403218176387184301396257513948318260886479288847748088011208003856708688 0 0 0 0 0 0 0 0 0 0 0 0 0 0 0 0 0 0 0 0 0 0 0 0 0 0 0 0 0 0 0 0 0 0 0 0 0 0 0 0 0 0 0 0 0 0 0 0 0 0 0 0 0 0 0 0 0 0 0 0 0 0 0 0 0 0 0 0 0 0 0 0 0 0 0 0 0 0 0 0 1 0 0 0 0 0 0 0 0 0]
[1614005711599234156310078777065540966291894273588011494221298440193340552745204244557457981673595557861097484067700745057083040338495689124863920077365828523286220262106278762581213990154744743582944039383372085525844143922705276992997245934001459680305262040429031729884153 0 0 0 0 0 0 0 0 0 0 0 0 0 0 0 0 0 0 0 0 0 0 0 0 0 0 0 0 0 0 0 0 0 0 0 0 0 0 0 0 0 0 0 0 0 0 0 0 0 0 0 0 0 0 0 0 0 0 0 0 0 0 0 0 0 0 0 0 0 0 0 0 0 0 0 0 0 0 0 0 0 1 0 0 0 0 0 0 0 0]
[4825669519799068425302312076913744533960287077378851236945685589871958763018954600993720543382514762761301518605545427989580195904774199974169345177837112628244056894053017989477900474456463305257752954541057505756712183332219439193610587391565456860435982382992019405377986 0 0 0 0 0 0 0 0 0 0 0 0 0 0 0 0 0 0 0 0 0 0 0 0 0 0 0 0 0 0 0 0 0 0 0 0 0 0 0 0 0 0 0 0 0 0 0 0 0 0 0 0 0 0 0 0 0 0 0 0 0 0 0 0 0 0 0 0 0 0 0 0 0 0 0 0 0 0 0 0 0 0 1 0 0 0 0 0 0 0]
[2750337768488917035361553845812411442877948367748213474686495158435792427207382294892298134544900378084815030460547902936491278788885242160589312358476288146697385873201368057015924736289769893910611676212793283826825413572414478840187444119274560512223964546308480087738621 0 0 0 0 0 0 0 0 0 0 0 0 0 0 0 0 0 0 0 0 0 0 0 0 0 0 0 0 0 0 0 0 0 0 0 0 0 0 0 0 0 0 0 0 0 0 0 0 0 0 0 0 0 0 0 0 0 0 0 0 0 0 0 0 0 0 0 0 0 0 0 0 0 0 0 0 0 0 0 0 0 0 0 1 0 0 0 0 0 0]
[2761753309458119002162291182655428675011740487700852008003657685756709977608786427286967614441854320656978904324335472276749578875768853124172817610977833545075950954072650705916158410363016672697840811018512453250989240448655223885789330716715849807509125399642164823901311 0 0 0 0 0 0 0 0 0 0 0 0 0 0 0 0 0 0 0 0 0 0 0 0 0 0 0 0 0 0 0 0 0 0 0 0 0 0 0 0 0 0 0 0 0 0 0 0 0 0 0 0 0 0 0 0 0 0 0 0 0 0 0 0 0 0 0 0 0 0 0 0 0 0 0 0 0 0 0 0 0 0 0 0 1 0 0 0 0 0]
[2432152065558619184298668396428856883025764750542326724947056602090736563841013892796520526642195166668523003041382944488119707698551392481484569594297780621412863215200010535972628354500010688558353973491847814159597516664460931970011674017648159907238459998839815503875224 0 0 0 0 0 0 0 0 0 0 0 0 0 0 0 0 0 0 0 0 0 0 0 0 0 0 0 0 0 0 0 0 0 0 0 0 0 0 0 0 0 0 0 0 0 0 0 0 0 0 0 0 0 0 0 0 0 0 0 0 0 0 0 0 0 0 0 0 0 0 0 0 0 0 0 0 0 0 0 0 0 0 0 0 0 1 0 0 0 0]
[1013308354991706057596442081652415606361467029296259678669324274358644879355342146691700296233838924937840537703657908582882017312784510006254023124746306990366325429411997316946117243304495842656002693670568246488474398114014893504579092136011182869796015379897748818608012 0 0 0 0 0 0 0 0 0 0 0 0 0 0 0 0 0 0 0 0 0 0 0 0 0 0 0 0 0 0 0 0 0 0 0 0 0 0 0 0 0 0 0 0 0 0 0 0 0 0 0 0 0 0 0 0 0 0 0 0 0 0 0 0 0 0 0 0 0 0 0 0 0 0 0 0 0 0 0 0 0 0 0 0 0 0 1 0 0 0]
[6164981348519851889954048792641396161182131564513220768663192309969857580865896023613083174287518148795532215706795190618166116595507080795069018198214974435933169821979327195309882179652170962218837387326401007682665101481595562368408977953392036154780957856850150897792558 0 0 0 0 0 0 0 0 0 0 0 0 0 0 0 0 0 0 0 0 0 0 0 0 0 0 0 0 0 0 0 0 0 0 0 0 0 0 0 0 0 0 0 0 0 0 0 0 0 0 0 0 0 0 0 0 0 0 0 0 0 0 0 0 0 0 0 0 0 0 0 0 0 0 0 0 0 0 0 0 0 0 0 0 0 0 0 1 0 0]
[930868814828408340291175038250371741762652818832761643787038178686834606449562165772131230979580030904519026878562747907251390006115089942722678933501589924744085820771667459097023782765547921060350389364688264853988441872221598447421437660483750151387844585950443788401932 0 0 0 0 0 0 0 0 0 0 0 0 0 0 0 0 0 0 0 0 0 0 0 0 0 0 0 0 0 0 0 0 0 0 0 0 0 0 0 0 0 0 0 0 0 0 0 0 0 0 0 0 0 0 0 0 0 0 0 0 0 0 0 0 0 0 0 0 0 0 0 0 0 0 0 0 0 0 0 0 0 0 0 0 0 0 0 0 1 0]
[1082824847556700777949632804023689847093629691180572537087189867297794719907153939373178476494770042637800175294567985935031552277340434841286676810844188996447319285413791507464332239089596322959172843299374681785535181067119672738815834561603135382874899133681164605559542 0 0 0 0 0 0 0 0 0 0 0 0 0 0 0 0 0 0 0 0 0 0 0 0 0 0 0 0 0 0 0 0 0 0 0 0 0 0 0 0 0 0 0 0 0 0 0 0 0 0 0 0 0 0 0 0 0 0 0 0 0 0 0 0 0 0 0 0 0 0 0 0 0 0 0 0 0 0 0 0 0 0 0 0 0 0 0 0 0 1]
]
