[[4726087878699634919599490110663234283265862873282083426405235049356856524501811055236295135006464125254194105732286694684913481730179753811087618422597067000833438595906532867841721651215666942138553838779989015416782705243446679025470176074303913040442831888374856266318417 0 0 0 0 0 0 0 0 0 0 0 0 0 0 0 0 0 0 0 0 0 0 0 0 0 0 0 0 0 0 0 0 0 0 0 0 0 0 0 0 0 0 0 0 0 0 0 0 0 0 0 0 0 0 0 0 0 0 0 0 0 0 0 0 0 0 0 0 0 0 0 0 0 0 0 0 0 0 0 0 0 0 0 0 0 0 0 0 0 0]
[764983844039423646276917881742471379776604670777042021744980370094915684985089564542096430917016613400023214457700660468881598036701362780886521585717232809496548813873564924920258932698278243417666467326288776745459216924369072995648677210208605117248495986708352682515879 1 0 0 0 0 0 0 0 0 0 0 0 0 0 0 0 0 0 0 0 0 0 0 0 0 0 0 0 0 0 0 0 0 0 0 0 0 0 0 0 0 0 0 0 0 0 0 0 0 0 0 0 0 0 0 0 0 0 0 0 0 0 0 0 0 0 0 0 0 0 0 0 0 0 0 0 0 0 0 0 0 0 0 0 0 0 0 0 0 0]
[1690475574995416947367226821691682809962686581264226128154965239434497322031625790036055090120354411388595870722608504642859039347740154101081080294181644754828781727586082649427210903446867147450310583812188594448238894214580392511126181803959973581076309166469279234572743 0 1 0 0 0 0 0 0 0 0 0 0 0 0 0 0 0 0 0 0 0 0 0 0 0 0 0 0 0 0 0 0 0 0 0 0 0 0 0 0 0 0 0 0 0 0 0 0 0 0 0 0 0 0 0 0 0 0 0 0 0 0 0 0 0 0 0 0 0 0 0 0 0 0 0 0 0 0 0 0 0 0 0 0 0 0 0 0 0 0]
[2419899206033524049846453239682282637731986827653259006627736099988210049672969783572375260046517944342012986496342651829277295351680808413695635429054231699141973905108799459452453913548680165499621512927394892883881390023449377145984466770653119657196230987589794193136590 0 0 1 0 0 0 0 0 0 0 0 0 0 0 0 0 0 0 0 0 0 0 0 0 0 0 0 0 0 0 0 0 0 0 0 0 0 0 0 0 0 0 0 0 0 0 0 0 0 0 0 0 0 0 0 0 0 0 0 0 0 0 0 0 0 0 0 0 0 0 0 0 0 0 0 0 0 0 0 0 0 0 0 0 0 0 0 0 0 0]
[3162319745376628588665287565347411623171530880261522534083741417606614547779726357708505673072449603959391855539013740435815962043149964061890050070157593861667324579199073792179256345478131560191729500970147248684979869444523226331502106170112398545032823343676991978114729 0 0 0 1 0 0 0 0 0 0 0 0 0 0 0 0 0 0 0 0 0 0 0 0 0 0 0 0 0 0 0 0 0 0 0 0 0 0 0 0 0 0 0 0 0 0 0 0 0 0 0 0 0 0 0 0 0 0 0 0 0 0 0 0 0 0 0 0 0 0 0 0 0 0 0 0 0 0 0 0 0 0 0 0 0 0 0 0 0 0]
[703579007577273619889897160965206217932565495948215690550226365053543807413462313020535323588206703351621000123564252662033225566722721496657401369204552605975104635837704282026827583087122851608728562871591066239692641182013440474345616877588785601137277345424992552324882 0 0 0 0 1 0 0 0 0 0 0 0 0 0 0 0 0 0 0 0 0 0 0 0 0 0 0 0 0 0 0 0 0 0 0 0 0 0 0 0 0 0 0 0 0 0 0 0 0 0 0 0 0 0 0 0 0 0 0 0 0 0 0 0 0 0 0 0 0 0 0 0 0 0 0 0 0 0 0 0 0 0 0 0 0 0 0 0 0 0]
[1105706172892229687146557703979111054305177309970958104758933484084859990195453484171020066746069617994866666743397312918548239127978920782423318840906574979670255376541803722254947866773358554913324961675202249942613694227799154937873942037847486076979117450420824888037886 0 0 0 0 0 1 0 0 0 0 0 0 0 0 0 0 0 0 0 0 0 0 0 0 0 0 0 0 0 0 0 0 0 0 0 0 0 0 0 0 0 0 0 0 0 0 0 0 0 0 0 0 0 0 0 0 0 0 0 0 0 0 0 0 0 0 0 0 0 0 0 0 0 0 0 0 0 0 0 0 0 0 0 0 0 0 0 0 0 0]
[3737601109224917296837591640391098307758814743677346204371427037473549337486822112747553208833899831192637827975900078883998010855132942235778006741216958396600669418965552003343210280676180224337558627095609971990122217185772463913957491290822366175002936420222594549947569 0 0 0 0 0 0 1 0 0 0 0 0 0 0 0 0 0 0 0 0 0 0 0 0 0 0 0 0 0 0 0 0 0 0 0 0 0 0 0 0 0 0 0 0 0 0 0 0 0 0 0 0 0 0 0 0 0 0 0 0 0 0 0 0 0 0 0 0 0 0 0 0 0 0 0 0 0 0 0 0 0 0 0 0 0 0 0 0 0 0]
[2772907305494561112409933296241382733206606704766530113744769285929720528794852849124582207693896869007012125091520506609377145678217628544235454620618422467211986766722943651244752380515149498041497011833737808603883565020454961195379438274451815297671977131149634354606937 0 0 0 0 0 0 0 1 0 0 0 0 0 0 0 0 0 0 0 0 0 0 0 0 0 0 0 0 0 0 0 0 0 0 0 0 0 0 0 0 0 0 0 0 0 0 0 0 0 0 0 0 0 0 0 0 0 0 0 0 0 0 0 0 0 0 0 0 0 0 0 0 0 0 0 0 0 0 0 0 0 0 0 0 0 0 0 0 0 0]
[511630925317283657883922849431977483332077459915004395659492310901566886548150123320769500980031904975430669733647545317327120510549049662372671669993094068156993169853922961096386453544537328043930098276734428913484980288685242563043640952268603306505818459357396524285425 0 0 0 0 0 0 0 0 1 0 0 0 0 0 0 0 0 0 0 0 0 0 0 0 0 0 0 0 0 0 0 0 0 0 0 0 0 0 0 0 0 0 0 0 0 0 0 0 0 0 0 0 0 0 0 0 0 0 0 0 0 0 0 0 0 0 0 0 0 0 0 0 0 0 0 0 0 0 0 0 0 0 0 0 0 0 0 0 0 0]
[2545962123057191619809671256195231407760480690701117768409944576333936395370789412251902856365579593365301842807886605970043152796600566037472217934432004233370856654937812460867438482842875601008252123377643743827503186828281013737126181852502253727018246856417640552056310 0 0 0 0 0 0 0 0 0 1 0 0 0 0 0 0 0 0 0 0 0 0 0 0 0 0 0 0 0 0 0 0 0 0 0 0 0 0 0 0 0 0 0 0 0 0 0 0 0 0 0 0 0 0 0 0 0 0 0 0 0 0 0 0 0 0 0 0 0 0 0 0 0 0 0 0 0 0 0 0 0 0 0 0 0 0 0 0 0 0]
[375825784493457252320963947131101819963739478219543553786115054137252403182410242592613888055363945906254719915247686998090147780840518946704486527975740979217889786736043400080839787518132856114748388136055491092782814355941876353627744292179177821854164417902423768675039 0 0 0 0 0 0 0 0 0 0 1 0 0 0 0 0 0 0 0 0 0 0 0 0 0 0 0 0 0 0 0 0 0 0 0 0 0 0 0 0 0 0 0 0 0 0 0 0 0 0 0 0 0 0 0 0 0 0 0 0 0 0 0 0 0 0 0 0 0 0 0 0 0 0 0 0 0 0 0 0 0 0 0 0 0 0 0 0 0 0]
[1861333211174746971994542684382477674124682301315109275123061384156837728365705904121658040272271418596683079710743165234799178600586261759372016009598265360709064184420226714169075059788286874801863016825101670830113564620066877313598873022254594628944886515734939180586504 0 0 0 0 0 0 0 0 0 0 0 1 0 0 0 0 0 0 0 0 0 0 0 0 0 0 0 0 0 0 0 0 0 0 0 0 0 0 0 0 0 0 0 0 0 0 0 0 0 0 0 0 0 0 0 0 0 0 0 0 0 0 0 0 0 0 0 0 0 0 0 0 0 0 0 0 0 0 0 0 0 0 0 0 0 0 0 0 0 0]
[1475652026461183687181181111508883416065801051383084572798901005497610206719321372861059336103021435484050764546666315650961128816245259982372542326935296405334507275935760017186764599071964562463107675752232873847839460099319603978066045535648191003209155441772984014469268 0 0 0 0 0 0 0 0 0 0 0 0 1 0 0 0 0 0 0 0 0 0 0 0 0 0 0 0 0 0 0 0 0 0 0 0 0 0 0 0 0 0 0 0 0 0 0 0 0 0 0 0 0 0 0 0 0 0 0 0 0 0 0 0 0 0 0 0 0 0 0 0 0 0 0 0 0 0 0 0 0 0 0 0 0 0 0 0 0 0]
[4686874253157379732067435787400908973190497002499553075123444111602228597523787736721374216421000355906975002267188301105689220189104243779581912005403886027381266764385085354807738509970956592465968505216475729036302764790827212014192504423923377521760257268963370008454862 0 0 0 0 0 0 0 0 0 0 0 0 0 1 0 0 0 0 0 0 0 0 0 0 0 0 0 0 0 0 0 0 0 0 0 0 0 0 0 0 0 0 0 0 0 0 0 0 0 0 0 0 0 0 0 0 0 0 0 0 0 0 0 0 0 0 0 0 0 0 0 0 0 0 0 0 0 0 0 0 0 0 0 0 0 0 0 0 0 0]
[2385920064113582304336261957654886027966584554263152718503391551479640263162320914705721215644524437086166914487064461425909799599171958419457625441342506180241964566303450137573769313198881176603183601011803837363693122338663528202693060303204309465782908099021232849358368 0 0 0 0 0 0 0 0 0 0 0 0 0 0 1 0 0 0 0 0 0 0 0 0 0 0 0 0 0 0 0 0 0 0 0 0 0 0 0 0 0 0 0 0 0 0 0 0 0 0 0 0 0 0 0 0 0 0 0 0 0 0 0 0 0 0 0 0 0 0 0 0 0 0 0 0 0 0 0 0 0 0 0 0 0 0 0 0 0 0]
[3076567802763266797887800617400690064191046721373142084470321840673724717254685164488839529832853269868276082617431368946564863079095833630111624009215244106308577687211593764050700007042482579070889681867405563592047651055375308368810888309503827655741443557892510632258333 0 0 0 0 0 0 0 0 0 0 0 0 0 0 0 1 0 0 0 0 0 0 0 0 0 0 0 0 0 0 0 0 0 0 0 0 0 0 0 0 0 0 0 0 0 0 0 0 0 0 0 0 0 0 0 0 0 0 0 0 0 0 0 0 0 0 0 0 0 0 0 0 0 0 0 0 0 0 0 0 0 0 0 0 0 0 0 0 0 0]
[668044187272578847431999801398997591280127014331703433887872789189127159608436194414321324033653935986558978400590248973291372465943318337248399036458239687341962143058798747254938615026324580951074848524481987980541044603023382829971272530916138304758760896766864549529889 0 0 0 0 0 0 0 0 0 0 0 0 0 0 0 0 1 0 0 0 0 0 0 0 0 0 0 0 0 0 0 0 0 0 0 0 0 0 0 0 0 0 0 0 0 0 0 0 0 0 0 0 0 0 0 0 0 0 0 0 0 0 0 0 0 0 0 0 0 0 0 0 0 0 0 0 0 0 0 0 0 0 0 0 0 0 0 0 0 0]
[1119836748938279445471578608872666694643234377265607538338660733146442884165786901350305550399316875021117412820750267296110499600652859751456759759813321802372415655296604803359500126896985603578204402538997364231758586061239611558431913608947031928954421020991092021417164 0 0 0 0 0 0 0 0 0 0 0 0 0 0 0 0 0 1 0 0 0 0 0 0 0 0 0 0 0 0 0 0 0 0 0 0 0 0 0 0 0 0 0 0 0 0 0 0 0 0 0 0 0 0 0 0 0 0 0 0 0 0 0 0 0 0 0 0 0 0 0 0 0 0 0 0 0 0 0 0 0 0 0 0 0 0 0 0 0 0]
[1890125973216117366334717849448175259606078031804682592053866577415565017665699089902429800188628168845671318318739863801097650342295398875019977709544026893256887811343876429216975455126875342712087803092632919189241633847138668817758749347599236944276249447078182279986386 0 0 0 0 0 0 0 0 0 0 0 0 0 0 0 0 0 0 1 0 0 0 0 0 0 0 0 0 0 0 0 0 0 0 0 0 0 0 0 0 0 0 0 0 0 0 0 0 0 0 0 0 0 0 0 0 0 0 0 0 0 0 0 0 0 0 0 0 0 0 0 0 0 0 0 0 0 0 0 0 0 0 0 0 0 0 0 0 0 0]
[911601337561289309292033283332663946237720085474137322685270105016727180596079743075564173132089972969496398642625914970508505981937058752562447707351408811068192848201553911744345763035251213269634620412037836489141424136354756639719605902322712877061912747953354600749605 0 0 0 0 0 0 0 0 0 0 0 0 0 0 0 0 0 0 0 1 0 0 0 0 0 0 0 0 0 0 0 0 0 0 0 0 0 0 0 0 0 0 0 0 0 0 0 0 0 0 0 0 0 0 0 0 0 0 0 0 0 0 0 0 0 0 0 0 0 0 0 0 0 0 0 0 0 0 0 0 0 0 0 0 0 0 0 0 0 0]
[4386788054147740001809393413044835489422488328693973203519516960780328545263581732684005524731151696199318855533552903713648761197744868297981358387216015300799623708558097583442395875541977576985647598823174123383480223664633307770221163299708087137669683848862943762693784 0 0 0 0 0 0 0 0 0 0 0 0 0 0 0 0 0 0 0 0 1 0 0 0 0 0 0 0 0 0 0 0 0 0 0 0 0 0 0 0 0 0 0 0 0 0 0 0 0 0 0 0 0 0 0 0 0 0 0 0 0 0 0 0 0 0 0 0 0 0 0 0 0 0 0 0 0 0 0 0 0 0 0 0 0 0 0 0 0 0]
[140795644018720718252592306789301551509920560759748073889164773277095982312194091603435506480935540589867198397947208694038491831515454323275441171332263209949140111671535583856099957687174096219416370939165606165955337139352033380582331917457937585784428940865540553625769 0 0 0 0 0 0 0 0 0 0 0 0 0 0 0 0 0 0 0 0 0 1 0 0 0 0 0 0 0 0 0 0 0 0 0 0 0 0 0 0 0 0 0 0 0 0 0 0 0 0 0 0 0 0 0 0 0 0 0 0 0 0 0 0 0 0 0 0 0 0 0 0 0 0 0 0 0 0 0 0 0 0 0 0 0 0 0 0 0 0]
[3591314051962381464173824392970501604824937858119463317226159193085992146333399161133404679727031743819703916336451449090900010892583223640911036534709644940522710327941523359348138072944580912258595965787253249069203007442341511860231979130195131520537711424386131002810067 0 0 0 0 0 0 0 0 0 0 0 0 0 0 0 0 0 0 0 0 0 0 1 0 0 0 0 0 0 0 0 0 0 0 0 0 0 0 0 0 0 0 0 0 0 0 0 0 0 0 0 0 0 0 0 0 0 0 0 0 0 0 0 0 0 0 0 0 0 0 0 0 0 0 0 0 0 0 0 0 0 0 0 0 0 0 0 0 0 0]
[1437467744867330324441533398743261802890411524259859412095295599783911825803358273081940617182096808582678216517228514588399988134873284439271224351940042966830656999993849071566330588096215579279330993403634715790839085379690749074684522241001257724931592668029698573352313 0 0 0 0 0 0 0 0 0 0 0 0 0 0 0 0 0 0 0 0 0 0 0 1 0 0 0 0 0 0 0 0 0 0 0 0 0 0 0 0 0 0 0 0 0 0 0 0 0 0 0 0 0 0 0 0 0 0 0 0 0 0 0 0 0 0 0 0 0 0 0 0 0 0 0 0 0 0 0 0 0 0 0 0 0 0 0 0 0 0]
[3731939236480657343714967930019524184597056161969975508458396935825804959069411746099092824107180861082634038044943176817367471037742010388531178358319556534089514232372918521616157435626146021786321020372437802111994125473571539520923458085298436536192444529960894192279168 0 0 0 0 0 0 0 0 0 0 0 0 0 0 0 0 0 0 0 0 0 0 0 0 1 0 0 0 0 0 0 0 0 0 0 0 0 0 0 0 0 0 0 0 0 0 0 0 0 0 0 0 0 0 0 0 0 0 0 0 0 0 0 0 0 0 0 0 0 0 0 0 0 0 0 0 0 0 0 0 0 0 0 0 0 0 0 0 0 0]
[619083565575895339996517957262033885738347700705615139395433906476971740379263645419047454615929619776980522784201805849885709206156884443573812348362533189232554729498196624696007490782599549573392562945560469500351516587814144471433956054197254013903299715675848849066708 0 0 0 0 0 0 0 0 0 0 0 0 0 0 0 0 0 0 0 0 0 0 0 0 0 1 0 0 0 0 0 0 0 0 0 0 0 0 0 0 0 0 0 0 0 0 0 0 0 0 0 0 0 0 0 0 0 0 0 0 0 0 0 0 0 0 0 0 0 0 0 0 0 0 0 0 0 0 0 0 0 0 0 0 0 0 0 0 0 0]
[2201524440384757513785415703141250179690863906871683819801652588432412661890644764315525394371049910295633698595141852404039082274501413874522474512786402771609838215534717215983896346391361062700941299135406450681809199590309212178771012167492404648186648328789703958553529 0 0 0 0 0 0 0 0 0 0 0 0 0 0 0 0 0 0 0 0 0 0 0 0 0 0 1 0 0 0 0 0 0 0 0 0 0 0 0 0 0 0 0 0 0 0 0 0 0 0 0 0 0 0 0 0 0 0 0 0 0 0 0 0 0 0 0 0 0 0 0 0 0 0 0 0 0 0 0 0 0 0 0 0 0 0 0 0 0 0]
[4028762264092145991910523439281115493642249969183550170137227970232650326494874750937233192802532192174469461456265458215799552488107570081356590968275373138025848460738122007499377999040276598353204694626389181109691335978290632719761548160279081865495738820872070469225124 0 0 0 0 0 0 0 0 0 0 0 0 0 0 0 0 0 0 0 0 0 0 0 0 0 0 0 1 0 0 0 0 0 0 0 0 0 0 0 0 0 0 0 0 0 0 0 0 0 0 0 0 0 0 0 0 0 0 0 0 0 0 0 0 0 0 0 0 0 0 0 0 0 0 0 0 0 0 0 0 0 0 0 0 0 0 0 0 0 0]
[1809941822043025476872946707968206763873498425433070098073421741428391325163739733041635866799025888021496706020344994184789284388550575810956248742019729725306092445784429967503444176267551789126660251396756371143046124988192732187733226717440566186860466880849823491555344 0 0 0 0 0 0 0 0 0 0 0 0 0 0 0 0 0 0 0 0 0 0 0 0 0 0 0 0 1 0 0 0 0 0 0 0 0 0 0 0 0 0 0 0 0 0 0 0 0 0 0 0 0 0 0 0 0 0 0 0 0 0 0 0 0 0 0 0 0 0 0 0 0 0 0 0 0 0 0 0 0 0 0 0 0 0 0 0 0 0]
[1212762338362241248944533087468817612835643401989784287124097008565048271549020980033791623215028682404688733172691403010633757778399908751334981000374949030708979025050158103575251840288213298359348898792472470899887834411918051308313028234099887124552302485732685832996308 0 0 0 0 0 0 0 0 0 0 0 0 0 0 0 0 0 0 0 0 0 0 0 0 0 0 0 0 0 1 0 0 0 0 0 0 0 0 0 0 0 0 0 0 0 0 0 0 0 0 0 0 0 0 0 0 0 0 0 0 0 0 0 0 0 0 0 0 0 0 0 0 0 0 0 0 0 0 0 0 0 0 0 0 0 0 0 0 0 0]
[3405506226615642012651052255781527818445554806548983632065064512600238309708401180732747356094482120340289244855496904981055216578642148061507733750301710695624807846870414045395821591767518501190710015038447921820113217689569410422608338270609887041418995426335361709847668 0 0 0 0 0 0 0 0 0 0 0 0 0 0 0 0 0 0 0 0 0 0 0 0 0 0 0 0 0 0 1 0 0 0 0 0 0 0 0 0 0 0 0 0 0 0 0 0 0 0 0 0 0 0 0 0 0 0 0 0 0 0 0 0 0 0 0 0 0 0 0 0 0 0 0 0 0 0 0 0 0 0 0 0 0 0 0 0 0 0]
[34637195802916871327920013400173066809352797264490696446438313183922937938519503949536051813139536778182849540811733276362491525559150658814430966353525510451522773187885830314378082056076429310728947978656695497006314964137304479609497447922311949808156437854133352978467 0 0 0 0 0 0 0 0 0 0 0 0 0 0 0 0 0 0 0 0 0 0 0 0 0 0 0 0 0 0 0 1 0 0 0 0 0 0 0 0 0 0 0 0 0 0 0 0 0 0 0 0 0 0 0 0 0 0 0 0 0 0 0 0 0 0 0 0 0 0 0 0 0 0 0 0 0 0 0 0 0 0 0 0 0 0 0 0 0 0]
[645964620845488500287571026838253178059237425027057302126147848663266444119138929163078572406778951402792148004926662105552013697939390806551137170226613417616366402630560089942450430858232434046637168336817461770029260894694126124572082307005225235039405358125165714748450 0 0 0 0 0 0 0 0 0 0 0 0 0 0 0 0 0 0 0 0 0 0 0 0 0 0 0 0 0 0 0 0 1 0 0 0 0 0 0 0 0 0 0 0 0 0 0 0 0 0 0 0 0 0 0 0 0 0 0 0 0 0 0 0 0 0 0 0 0 0 0 0 0 0 0 0 0 0 0 0 0 0 0 0 0 0 0 0 0 0]
[3123553082694670371453508103594951782893366870140096556506450114969688444900572025439270681171107755628650040271029339551585299975721536608767203625541254833774241393065497095607379846355038109674015559772092765333517849778907455299577078405787803399524157196803923024919508 0 0 0 0 0 0 0 0 0 0 0 0 0 0 0 0 0 0 0 0 0 0 0 0 0 0 0 0 0 0 0 0 0 1 0 0 0 0 0 0 0 0 0 0 0 0 0 0 0 0 0 0 0 0 0 0 0 0 0 0 0 0 0 0 0 0 0 0 0 0 0 0 0 0 0 0 0 0 0 0 0 0 0 0 0 0 0 0 0 0]
[3531427956239109749784866994684783037105276472820698105662714213364844103553258718429458069486267436804650551619209582326978013060906573057883777295905209551208326685984848856049274294627302965676563667802889726016473077169638521666626710851986070127890498451744694785959667 0 0 0 0 0 0 0 0 0 0 0 0 0 0 0 0 0 0 0 0 0 0 0 0 0 0 0 0 0 0 0 0 0 0 1 0 0 0 0 0 0 0 0 0 0 0 0 0 0 0 0 0 0 0 0 0 0 0 0 0 0 0 0 0 0 0 0 0 0 0 0 0 0 0 0 0 0 0 0 0 0 0 0 0 0 0 0 0 0 0]
[2739510944341156820168510482035984440795212926361296040728066253134497059744736378587525746528039299358399889697713084905617272273050701862900255566406349926958254018821543023746981245765328068694360044268218766693297669724328134397269992352340541232377702357678744808588735 0 0 0 0 0 0 0 0 0 0 0 0 0 0 0 0 0 0 0 0 0 0 0 0 0 0 0 0 0 0 0 0 0 0 0 1 0 0 0 0 0 0 0 0 0 0 0 0 0 0 0 0 0 0 0 0 0 0 0 0 0 0 0 0 0 0 0 0 0 0 0 0 0 0 0 0 0 0 0 0 0 0 0 0 0 0 0 0 0 0]
[1743646670658641644419278506725219803795870639597178132009627521995229949058445166193753286607303160187663132896710638534403225463998737966985347422200588954012851472026448627941574862298620054661543787771748645311192479503700967473350907612190015516762853751233689886448315 0 0 0 0 0 0 0 0 0 0 0 0 0 0 0 0 0 0 0 0 0 0 0 0 0 0 0 0 0 0 0 0 0 0 0 0 1 0 0 0 0 0 0 0 0 0 0 0 0 0 0 0 0 0 0 0 0 0 0 0 0 0 0 0 0 0 0 0 0 0 0 0 0 0 0 0 0 0 0 0 0 0 0 0 0 0 0 0 0 0]
[3835671380611469016256302682791912340467921441828949902751998681125601699712550462715745775917186971324964345358157510987861744509676747786457957175942742803143876097217577617371943562519322240340806466731232626072215669707068803254588941157027307138711669778986914862923411 0 0 0 0 0 0 0 0 0 0 0 0 0 0 0 0 0 0 0 0 0 0 0 0 0 0 0 0 0 0 0 0 0 0 0 0 0 1 0 0 0 0 0 0 0 0 0 0 0 0 0 0 0 0 0 0 0 0 0 0 0 0 0 0 0 0 0 0 0 0 0 0 0 0 0 0 0 0 0 0 0 0 0 0 0 0 0 0 0 0]
[3478917140618696881594452898182479754067940684203862069244955876219247912007219959255013312483015521766839455850020376050834096986044353155443188830792346739963128262823265381441876801517875758946379230554549738133567285898528513828514893087794902461805861765690582427596292 0 0 0 0 0 0 0 0 0 0 0 0 0 0 0 0 0 0 0 0 0 0 0 0 0 0 0 0 0 0 0 0 0 0 0 0 0 0 1 0 0 0 0 0 0 0 0 0 0 0 0 0 0 0 0 0 0 0 0 0 0 0 0 0 0 0 0 0 0 0 0 0 0 0 0 0 0 0 0 0 0 0 0 0 0 0 0 0 0 0]
[2822465666974228881328684132836511515319240360826970638414414432312371854139610233945251394353470819823564567768605582096016090129529617715774251683674374159393386161731141872791881674074424081954561331394633063600792842668725386776199622880932906662836217820241351529476356 0 0 0 0 0 0 0 0 0 0 0 0 0 0 0 0 0 0 0 0 0 0 0 0 0 0 0 0 0 0 0 0 0 0 0 0 0 0 0 1 0 0 0 0 0 0 0 0 0 0 0 0 0 0 0 0 0 0 0 0 0 0 0 0 0 0 0 0 0 0 0 0 0 0 0 0 0 0 0 0 0 0 0 0 0 0 0 0 0 0]
[4261712388054760463719205134333814590449440941369587690791000990689304786233078617111036554047569123907688516193328283779151758768606004495923509519161453814728721490736616643492105058259924685450213514756013374502231854976554299488197604222036431861024850716573188133190291 0 0 0 0 0 0 0 0 0 0 0 0 0 0 0 0 0 0 0 0 0 0 0 0 0 0 0 0 0 0 0 0 0 0 0 0 0 0 0 0 1 0 0 0 0 0 0 0 0 0 0 0 0 0 0 0 0 0 0 0 0 0 0 0 0 0 0 0 0 0 0 0 0 0 0 0 0 0 0 0 0 0 0 0 0 0 0 0 0 0]
[2035722310670575012932911538843671152513190125377271646367584579756388499841044925824266784991409254436462635588747935851412372428086670402160755399220476433382955623540490415730908953113200410611172281044895814450134038661042670686129790399399379642338397649729567694134935 0 0 0 0 0 0 0 0 0 0 0 0 0 0 0 0 0 0 0 0 0 0 0 0 0 0 0 0 0 0 0 0 0 0 0 0 0 0 0 0 0 1 0 0 0 0 0 0 0 0 0 0 0 0 0 0 0 0 0 0 0 0 0 0 0 0 0 0 0 0 0 0 0 0 0 0 0 0 0 0 0 0 0 0 0 0 0 0 0 0]
[4446783338008040206845855229405637838688490161799959471617914939187622177091479107481434199637508910822331542747534967587015756419562817543805939709778990046013462898188148403431607138144716727017601615295384362178613304864080631756019609497413009553605521880531785766565797 0 0 0 0 0 0 0 0 0 0 0 0 0 0 0 0 0 0 0 0 0 0 0 0 0 0 0 0 0 0 0 0 0 0 0 0 0 0 0 0 0 0 1 0 0 0 0 0 0 0 0 0 0 0 0 0 0 0 0 0 0 0 0 0 0 0 0 0 0 0 0 0 0 0 0 0 0 0 0 0 0 0 0 0 0 0 0 0 0 0]
[4139517799601144841656742839526159487326895024846689991219645564989328280792663647997833151313659190381965912893163845731495360796061285576253823444305499319999404861656010800729678690988066094670680271792067449807576538946019946917276687136696655750757332195299911270133526 0 0 0 0 0 0 0 0 0 0 0 0 0 0 0 0 0 0 0 0 0 0 0 0 0 0 0 0 0 0 0 0 0 0 0 0 0 0 0 0 0 0 0 1 0 0 0 0 0 0 0 0 0 0 0 0 0 0 0 0 0 0 0 0 0 0 0 0 0 0 0 0 0 0 0 0 0 0 0 0 0 0 0 0 0 0 0 0 0 0]
[1534385737772480247880823656443774504007462353896480901708140448453464876502720355741814115841106363367332550975161528706931803038085907978711487391067033314496658582009563234357969212106752041452388519565218856897632104871838821053768300342931720067536140037997322184981531 0 0 0 0 0 0 0 0 0 0 0 0 0 0 0 0 0 0 0 0 0 0 0 0 0 0 0 0 0 0 0 0 0 0 0 0 0 0 0 0 0 0 0 0 1 0 0 0 0 0 0 0 0 0 0 0 0 0 0 0 0 0 0 0 0 0 0 0 0 0 0 0 0 0 0 0 0 0 0 0 0 0 0 0 0 0 0 0 0 0]
[3939471628212982738255753505494914132417754816080920535645004547299778052849342929180785405472089672166532472604199982597226128529419700056005275274234710003663974129342833582838922822309550652055608919115321878807806608321665015843995129540822207962523682821210966490644007 0 0 0 0 0 0 0 0 0 0 0 0 0 0 0 0 0 0 0 0 0 0 0 0 0 0 0 0 0 0 0 0 0 0 0 0 0 0 0 0 0 0 0 0 0 1 0 0 0 0 0 0 0 0 0 0 0 0 0 0 0 0 0 0 0 0 0 0 0 0 0 0 0 0 0 0 0 0 0 0 0 0 0 0 0 0 0 0 0 0]
[2402857267919806713513090055413298645371031096608301503889263953533998148308957151602634336903742489269307854154685119529397212520141341289548475336706715664140740202503481660864584225622700818929425311999776291626323327653188621639411494075350297654554711789620198911366693 0 0 0 0 0 0 0 0 0 0 0 0 0 0 0 0 0 0 0 0 0 0 0 0 0 0 0 0 0 0 0 0 0 0 0 0 0 0 0 0 0 0 0 0 0 0 1 0 0 0 0 0 0 0 0 0 0 0 0 0 0 0 0 0 0 0 0 0 0 0 0 0 0 0 0 0 0 0 0 0 0 0 0 0 0 0 0 0 0 0]
[2736350415870264296908373453957432183353034950182318022276105320808970740887313960771431424483539787719931609770160120110490599169630481385408812955517454055824282497583086870781452866470190599207812110721576970213791594329478114336743885670750375180611229903104393217279320 0 0 0 0 0 0 0 0 0 0 0 0 0 0 0 0 0 0 0 0 0 0 0 0 0 0 0 0 0 0 0 0 0 0 0 0 0 0 0 0 0 0 0 0 0 0 0 1 0 0 0 0 0 0 0 0 0 0 0 0 0 0 0 0 0 0 0 0 0 0 0 0 0 0 0 0 0 0 0 0 0 0 0 0 0 0 0 0 0 0]
[1697576549357790641462542245974730366164790028874720054474566105312096085760954014529349842375903687687175819966931973835863641877560612675272242371815708773761127981129036302548626255022668428170551175556378272196496148150600224751371725040194281308221147170414693895044092 0 0 0 0 0 0 0 0 0 0 0 0 0 0 0 0 0 0 0 0 0 0 0 0 0 0 0 0 0 0 0 0 0 0 0 0 0 0 0 0 0 0 0 0 0 0 0 0 1 0 0 0 0 0 0 0 0 0 0 0 0 0 0 0 0 0 0 0 0 0 0 0 0 0 0 0 0 0 0 0 0 0 0 0 0 0 0 0 0 0]
[128300876629424199251200473403890440340405103535990029021468138722942904633609651327723321804742326011368726496227077673520764221060483692373895711944004487930736814161887091953314866826511951653694340429465723397203069840048424934876140162044266195872813267272018151493328 0 0 0 0 0 0 0 0 0 0 0 0 0 0 0 0 0 0 0 0 0 0 0 0 0 0 0 0 0 0 0 0 0 0 0 0 0 0 0 0 0 0 0 0 0 0 0 0 0 1 0 0 0 0 0 0 0 0 0 0 0 0 0 0 0 0 0 0 0 0 0 0 0 0 0 0 0 0 0 0 0 0 0 0 0 0 0 0 0 0]
[2528631388740215374870266266683076218887026373295816612394603264723107045285024705222733389759473456847447244139681562290845853390886800434355540918868250960004633633618009536337203960988014432413079128558106986501969414875089422318733675570668432482398313755324636051889348 0 0 0 0 0 0 0 0 0 0 0 0 0 0 0 0 0 0 0 0 0 0 0 0 0 0 0 0 0 0 0 0 0 0 0 0 0 0 0 0 0 0 0 0 0 0 0 0 0 0 1 0 0 0 0 0 0 0 0 0 0 0 0 0 0 0 0 0 0 0 0 0 0 0 0 0 0 0 0 0 0 0 0 0 0 0 0 0 0 0]
[2762673051540612962700042379560535698894568375881411552556232182099851019324465147191531647494623526144596431026205573824667887014827652291972272542747725541538566820110927803220431158340654988788603387532264595976942655906868869909051431342930659734154773773776491516954071 0 0 0 0 0 0 0 0 0 0 0 0 0 0 0 0 0 0 0 0 0 0 0 0 0 0 0 0 0 0 0 0 0 0 0 0 0 0 0 0 0 0 0 0 0 0 0 0 0 0 0 1 0 0 0 0 0 0 0 0 0 0 0 0 0 0 0 0 0 0 0 0 0 0 0 0 0 0 0 0 0 0 0 0 0 0 0 0 0 0]
[4298403280942237361535685499051998547797736817932064126818417808475797828523021411387817217655356003542740481770086865347512905879132607525571210358352239991556723154005712775266069616955883415608819812270514271134041924940226033849077539949364095448045348704883667913693168 0 0 0 0 0 0 0 0 0 0 0 0 0 0 0 0 0 0 0 0 0 0 0 0 0 0 0 0 0 0 0 0 0 0 0 0 0 0 0 0 0 0 0 0 0 0 0 0 0 0 0 0 1 0 0 0 0 0 0 0 0 0 0 0 0 0 0 0 0 0 0 0 0 0 0 0 0 0 0 0 0 0 0 0 0 0 0 0 0 0]
[3627552706063596761869101428845698327548675678332440359758319129278643916582603202549823422836528441880238360070847808314313390295005408146163720666883925523207083972107797885611290949863813798725865056918374339200708997715723878148549219624741826532644731125521382596620559 0 0 0 0 0 0 0 0 0 0 0 0 0 0 0 0 0 0 0 0 0 0 0 0 0 0 0 0 0 0 0 0 0 0 0 0 0 0 0 0 0 0 0 0 0 0 0 0 0 0 0 0 0 1 0 0 0 0 0 0 0 0 0 0 0 0 0 0 0 0 0 0 0 0 0 0 0 0 0 0 0 0 0 0 0 0 0 0 0 0]
[510661793402816397676900269387458055379448311045148970779453561999422884890194858016982578973156635289318009766421115678323075469138540625611515578540739348342273942119068972198635576240634710750328012979820609514532001937971346559568161563899343647229642209900375143400823 0 0 0 0 0 0 0 0 0 0 0 0 0 0 0 0 0 0 0 0 0 0 0 0 0 0 0 0 0 0 0 0 0 0 0 0 0 0 0 0 0 0 0 0 0 0 0 0 0 0 0 0 0 0 1 0 0 0 0 0 0 0 0 0 0 0 0 0 0 0 0 0 0 0 0 0 0 0 0 0 0 0 0 0 0 0 0 0 0 0]
[3677232512816930982232916015463464831667157752699652718593082832729176352898901709498579001691326868002685017114711473167870260022441273115176030311999917869800182604618754408878851518915516442170104043111335055418910703522815773605829850629624149540718928486322285826531970 0 0 0 0 0 0 0 0 0 0 0 0 0 0 0 0 0 0 0 0 0 0 0 0 0 0 0 0 0 0 0 0 0 0 0 0 0 0 0 0 0 0 0 0 0 0 0 0 0 0 0 0 0 0 0 1 0 0 0 0 0 0 0 0 0 0 0 0 0 0 0 0 0 0 0 0 0 0 0 0 0 0 0 0 0 0 0 0 0 0]
[3755389576571503759838111512705234246412041347749033115947368592335312690749087105745986656399792257644936126608606893555078635404725128130665903648520397188124917605921384789491221937388133422722383459241983431605424828643357097527098712892223987118784418877389488319285628 0 0 0 0 0 0 0 0 0 0 0 0 0 0 0 0 0 0 0 0 0 0 0 0 0 0 0 0 0 0 0 0 0 0 0 0 0 0 0 0 0 0 0 0 0 0 0 0 0 0 0 0 0 0 0 0 1 0 0 0 0 0 0 0 0 0 0 0 0 0 0 0 0 0 0 0 0 0 0 0 0 0 0 0 0 0 0 0 0 0]
[408439525730305991712445498578424551259496546535069060886400443770476857336188837888728828555143532935798978609710041586180478903539401136774323554352731255579990769168826097057986791591518656213054498085197817226445964021880139951836772828134375753077794267217427414652262 0 0 0 0 0 0 0 0 0 0 0 0 0 0 0 0 0 0 0 0 0 0 0 0 0 0 0 0 0 0 0 0 0 0 0 0 0 0 0 0 0 0 0 0 0 0 0 0 0 0 0 0 0 0 0 0 0 1 0 0 0 0 0 0 0 0 0 0 0 0 0 0 0 0 0 0 0 0 0 0 0 0 0 0 0 0 0 0 0 0]
[1225335234885609206405502288966227189727577637914108495239856176352023347720782298865410708231734957799894104173432742190443212046123084773546869319838684893919713325998148364844423786087195020556577160550620080098893639770990933683710749194066210469461921191610158512303505 0 0 0 0 0 0 0 0 0 0 0 0 0 0 0 0 0 0 0 0 0 0 0 0 0 0 0 0 0 0 0 0 0 0 0 0 0 0 0 0 0 0 0 0 0 0 0 0 0 0 0 0 0 0 0 0 0 0 1 0 0 0 0 0 0 0 0 0 0 0 0 0 0 0 0 0 0 0 0 0 0 0 0 0 0 0 0 0 0 0]
[831294357640569982955440544315507010445321038299006816696922627432911499122483298482698074620577504334989684897433510027541165685476443663948522092870361126593189488735558624661943693743037199204341615002632331351461857474290202400465814952684696077390318365540874826383652 0 0 0 0 0 0 0 0 0 0 0 0 0 0 0 0 0 0 0 0 0 0 0 0 0 0 0 0 0 0 0 0 0 0 0 0 0 0 0 0 0 0 0 0 0 0 0 0 0 0 0 0 0 0 0 0 0 0 0 1 0 0 0 0 0 0 0 0 0 0 0 0 0 0 0 0 0 0 0 0 0 0 0 0 0 0 0 0 0 0]
[4059480060090087301052160415078296414111726385118507359941642982907405466151031535492435993493721419248753319518279909536908214073760693646364842570597534319693847979272878960413928544784247385430953379129143888004713129411187595868148526012950765227322697434575817168206319 0 0 0 0 0 0 0 0 0 0 0 0 0 0 0 0 0 0 0 0 0 0 0 0 0 0 0 0 0 0 0 0 0 0 0 0 0 0 0 0 0 0 0 0 0 0 0 0 0 0 0 0 0 0 0 0 0 0 0 0 1 0 0 0 0 0 0 0 0 0 0 0 0 0 0 0 0 0 0 0 0 0 0 0 0 0 0 0 0 0]
[2279631127380364288721749281071764563257914385862072786758895915303482664885918156642214049324474750995237830311074582619194816777136367535317310002932311539618940079165764258127839877887045875840385084363898858580485309959899505112187535801914191356404510183451109301147724 0 0 0 0 0 0 0 0 0 0 0 0 0 0 0 0 0 0 0 0 0 0 0 0 0 0 0 0 0 0 0 0 0 0 0 0 0 0 0 0 0 0 0 0 0 0 0 0 0 0 0 0 0 0 0 0 0 0 0 0 0 1 0 0 0 0 0 0 0 0 0 0 0 0 0 0 0 0 0 0 0 0 0 0 0 0 0 0 0 0]
[2280437086729268496537941757245709302316244842794954329463799429289456206378339880379824390895764809958687886393116398448861487877962812329633968628239796261790246880783508808494891615229652082104029524592969615761580793671427757856190848972640262984034084362517064850054850 0 0 0 0 0 0 0 0 0 0 0 0 0 0 0 0 0 0 0 0 0 0 0 0 0 0 0 0 0 0 0 0 0 0 0 0 0 0 0 0 0 0 0 0 0 0 0 0 0 0 0 0 0 0 0 0 0 0 0 0 0 0 1 0 0 0 0 0 0 0 0 0 0 0 0 0 0 0 0 0 0 0 0 0 0 0 0 0 0 0]
[310816568886334304305502950909468742595770441900467675873340784914049409597293885280869110469482977348919701063881761851576607464340032970995318150096421879912691093248408507654839294954028207345586695445180184756662822200131521148481944748077629479254177903049468936710130 0 0 0 0 0 0 0 0 0 0 0 0 0 0 0 0 0 0 0 0 0 0 0 0 0 0 0 0 0 0 0 0 0 0 0 0 0 0 0 0 0 0 0 0 0 0 0 0 0 0 0 0 0 0 0 0 0 0 0 0 0 0 0 1 0 0 0 0 0 0 0 0 0 0 0 0 0 0 0 0 0 0 0 0 0 0 0 0 0 0]
[23755101433957492521379426853425116618078094197417961056521525536424218699992680232593726595969201128862193837977194760193067703411609701375939795315314571113156900560590904836930131014784085643590843226865023794261593996439233344742562047864318690278830314123500210185007 0 0 0 0 0 0 0 0 0 0 0 0 0 0 0 0 0 0 0 0 0 0 0 0 0 0 0 0 0 0 0 0 0 0 0 0 0 0 0 0 0 0 0 0 0 0 0 0 0 0 0 0 0 0 0 0 0 0 0 0 0 0 0 0 1 0 0 0 0 0 0 0 0 0 0 0 0 0 0 0 0 0 0 0 0 0 0 0 0 0]
[1030481948085447549600673022243578503626146590253781057450717229844427204809592330995362043225796767264906173587871165396734217583488616131753695123591984626457689649642706178880702834462761565594300697886945728725073383147716248257403403830431751689658049658569430750507059 0 0 0 0 0 0 0 0 0 0 0 0 0 0 0 0 0 0 0 0 0 0 0 0 0 0 0 0 0 0 0 0 0 0 0 0 0 0 0 0 0 0 0 0 0 0 0 0 0 0 0 0 0 0 0 0 0 0 0 0 0 0 0 0 0 1 0 0 0 0 0 0 0 0 0 0 0 0 0 0 0 0 0 0 0 0 0 0 0 0]
[3432453226023029665719072764195507304437928793447675265097758527075717830421384962304150775496010238896067083426654760298769349383049356117705467335152577654995432729019708628931918729693803179430629441912841297567730164875433412162238792244553876579045697508062008578302308 0 0 0 0 0 0 0 0 0 0 0 0 0 0 0 0 0 0 0 0 0 0 0 0 0 0 0 0 0 0 0 0 0 0 0 0 0 0 0 0 0 0 0 0 0 0 0 0 0 0 0 0 0 0 0 0 0 0 0 0 0 0 0 0 0 0 1 0 0 0 0 0 0 0 0 0 0 0 0 0 0 0 0 0 0 0 0 0 0 0]
[210247553891936634847050952144534516719406790454025389887187609863318263014601729751944135981649740990459301424767909233680506250813557806347077374168462015254811545027678370075327884329821247231791694410153603691921649196850579349815387239754431237222347361291870010202491 0 0 0 0 0 0 0 0 0 0 0 0 0 0 0 0 0 0 0 0 0 0 0 0 0 0 0 0 0 0 0 0 0 0 0 0 0 0 0 0 0 0 0 0 0 0 0 0 0 0 0 0 0 0 0 0 0 0 0 0 0 0 0 0 0 0 0 1 0 0 0 0 0 0 0 0 0 0 0 0 0 0 0 0 0 0 0 0 0 0]
[4517249570077245068561042756237230253137529386338769840233875540626063150940609421160404847721346830403401364200998793699150489335156721354040756566467965409176383290025467886542298326503090829579553679843222990137913806668279127002509940333246209178459451738210976272726054 0 0 0 0 0 0 0 0 0 0 0 0 0 0 0 0 0 0 0 0 0 0 0 0 0 0 0 0 0 0 0 0 0 0 0 0 0 0 0 0 0 0 0 0 0 0 0 0 0 0 0 0 0 0 0 0 0 0 0 0 0 0 0 0 0 0 0 0 1 0 0 0 0 0 0 0 0 0 0 0 0 0 0 0 0 0 0 0 0 0]
[2896325121763915974453246336900379032112156951000681916407139624989941936178707171791704848643342408942873491117110731758647537008768413086501293601016259296802861970252097018227184781753013586553372808529158347608962884701795434583299662029609629763297899250809172005364047 0 0 0 0 0 0 0 0 0 0 0 0 0 0 0 0 0 0 0 0 0 0 0 0 0 0 0 0 0 0 0 0 0 0 0 0 0 0 0 0 0 0 0 0 0 0 0 0 0 0 0 0 0 0 0 0 0 0 0 0 0 0 0 0 0 0 0 0 0 1 0 0 0 0 0 0 0 0 0 0 0 0 0 0 0 0 0 0 0 0]
[1537862698526850337205878584108035727320436092812365855023695782148558058220786762097069303231686175448639077821561444226029192575927982391912198528374461597684030681761317759614535169864032921767926144018487831712826006431419622128266878989189394800232083106709427597215718 0 0 0 0 0 0 0 0 0 0 0 0 0 0 0 0 0 0 0 0 0 0 0 0 0 0 0 0 0 0 0 0 0 0 0 0 0 0 0 0 0 0 0 0 0 0 0 0 0 0 0 0 0 0 0 0 0 0 0 0 0 0 0 0 0 0 0 0 0 0 1 0 0 0 0 0 0 0 0 0 0 0 0 0 0 0 0 0 0 0]
[479110585011607721048269269316094551818651211233985052964540635264990670467494047050821252808861830101192969811572776899453916032552801539999918371563653760824058034869810694679393212856243875219182193593111553056028105942790229289165746877385758837307428974499552723227414 0 0 0 0 0 0 0 0 0 0 0 0 0 0 0 0 0 0 0 0 0 0 0 0 0 0 0 0 0 0 0 0 0 0 0 0 0 0 0 0 0 0 0 0 0 0 0 0 0 0 0 0 0 0 0 0 0 0 0 0 0 0 0 0 0 0 0 0 0 0 0 1 0 0 0 0 0 0 0 0 0 0 0 0 0 0 0 0 0 0]
[697111055903688276656391661701302023760235276759311999652596664025623432944811332133576319967963054959586871779676654331064642591938611315814038812423748341841738558016391373385684552105287436819926509218420893745076850414175742109154599987656975104753136667584092989636415 0 0 0 0 0 0 0 0 0 0 0 0 0 0 0 0 0 0 0 0 0 0 0 0 0 0 0 0 0 0 0 0 0 0 0 0 0 0 0 0 0 0 0 0 0 0 0 0 0 0 0 0 0 0 0 0 0 0 0 0 0 0 0 0 0 0 0 0 0 0 0 0 1 0 0 0 0 0 0 0 0 0 0 0 0 0 0 0 0 0]
[3388724319013716190850135361010023799509043644908530314843501460601291502471570734716149748815822257835069017186195069930326035747460607950570144616513574147277980517953186951405540229843787197748964926503490535210874547094869438240644822884547978171310633779358436221417834 0 0 0 0 0 0 0 0 0 0 0 0 0 0 0 0 0 0 0 0 0 0 0 0 0 0 0 0 0 0 0 0 0 0 0 0 0 0 0 0 0 0 0 0 0 0 0 0 0 0 0 0 0 0 0 0 0 0 0 0 0 0 0 0 0 0 0 0 0 0 0 0 0 1 0 0 0 0 0 0 0 0 0 0 0 0 0 0 0 0]
[4627294992460869514361647426178007645842762292399598791119518222274160954767329687757245056141295342296155072818622135359660188681062600279215414659927541607855770535691924232805563951348440428852896163733658172091070980461520568958483289243721425413677729463297737955730456 0 0 0 0 0 0 0 0 0 0 0 0 0 0 0 0 0 0 0 0 0 0 0 0 0 0 0 0 0 0 0 0 0 0 0 0 0 0 0 0 0 0 0 0 0 0 0 0 0 0 0 0 0 0 0 0 0 0 0 0 0 0 0 0 0 0 0 0 0 0 0 0 0 0 1 0 0 0 0 0 0 0 0 0 0 0 0 0 0 0]
[1691540468701274774719063822994906024579506314075955607836237181930503075006687622921784554906784458310361808122677604410632039669141634567334953703245519350578207862471680821187653890844080248902986594611349262452546956633035626665390356954908229980656672247020490241330679 0 0 0 0 0 0 0 0 0 0 0 0 0 0 0 0 0 0 0 0 0 0 0 0 0 0 0 0 0 0 0 0 0 0 0 0 0 0 0 0 0 0 0 0 0 0 0 0 0 0 0 0 0 0 0 0 0 0 0 0 0 0 0 0 0 0 0 0 0 0 0 0 0 0 0 1 0 0 0 0 0 0 0 0 0 0 0 0 0 0]
[583592893214782054770549335856467413215311621410923977783210928323534702471036959596261780126701361582064741276659287785883756271873047049331078936327504960591037442053681931202110762304936352319648588062362682292697198688863748720649444765562679831121330029637881275134140 0 0 0 0 0 0 0 0 0 0 0 0 0 0 0 0 0 0 0 0 0 0 0 0 0 0 0 0 0 0 0 0 0 0 0 0 0 0 0 0 0 0 0 0 0 0 0 0 0 0 0 0 0 0 0 0 0 0 0 0 0 0 0 0 0 0 0 0 0 0 0 0 0 0 0 0 1 0 0 0 0 0 0 0 0 0 0 0 0 0]
[2627403801603456967791449475921297961309340114468247037615731751716704996538564810483825018620230242527250724016543551512208728821919196000269341367790844130052608205691189985635879371530811894434834820961463694539398883495291705774446481095977457337260849795082072493680881 0 0 0 0 0 0 0 0 0 0 0 0 0 0 0 0 0 0 0 0 0 0 0 0 0 0 0 0 0 0 0 0 0 0 0 0 0 0 0 0 0 0 0 0 0 0 0 0 0 0 0 0 0 0 0 0 0 0 0 0 0 0 0 0 0 0 0 0 0 0 0 0 0 0 0 0 0 1 0 0 0 0 0 0 0 0 0 0 0 0]
[1173209177134228128888762629305977603792084662831826321546188804129184147576834185987329492986668188075736889559219182765442091664467203625710620358648312942697981332579725877971642360343350235987378500957819997377478266281781062618992527781915625695060580462439767389971972 0 0 0 0 0 0 0 0 0 0 0 0 0 0 0 0 0 0 0 0 0 0 0 0 0 0 0 0 0 0 0 0 0 0 0 0 0 0 0 0 0 0 0 0 0 0 0 0 0 0 0 0 0 0 0 0 0 0 0 0 0 0 0 0 0 0 0 0 0 0 0 0 0 0 0 0 0 0 1 0 0 0 0 0 0 0 0 0 0 0]
[518525557727373848856428250270702929985669905218453664126718406422809919427030507630066753660200014136692470921923327371501885598149686423976665983672111067855876152599376287002079797747500380371810427667652522307592375252154484816563637986712121233141688497754573293117240 0 0 0 0 0 0 0 0 0 0 0 0 0 0 0 0 0 0 0 0 0 0 0 0 0 0 0 0 0 0 0 0 0 0 0 0 0 0 0 0 0 0 0 0 0 0 0 0 0 0 0 0 0 0 0 0 0 0 0 0 0 0 0 0 0 0 0 0 0 0 0 0 0 0 0 0 0 0 0 1 0 0 0 0 0 0 0 0 0 0]
[2275129455992443093929776723666085738086543270920670779373428566037193523526722879895570619076281442350261110234268742479791499416304410178302063481764229142766153859456887087419149429769976071545378921728129581922582896211176841542693922573355750982334414527239399851841817 0 0 0 0 0 0 0 0 0 0 0 0 0 0 0 0 0 0 0 0 0 0 0 0 0 0 0 0 0 0 0 0 0 0 0 0 0 0 0 0 0 0 0 0 0 0 0 0 0 0 0 0 0 0 0 0 0 0 0 0 0 0 0 0 0 0 0 0 0 0 0 0 0 0 0 0 0 0 0 0 1 0 0 0 0 0 0 0 0 0]
[4597693236878982734930847861705464666721450311680098594606261444576828660466980112890575650077714184872918582819467449364834332248043089463571077776844839762630459391490339850177749992517332889766102262875609728525991625988877887978091678100366070927691552856714494491571752 0 0 0 0 0 0 0 0 0 0 0 0 0 0 0 0 0 0 0 0 0 0 0 0 0 0 0 0 0 0 0 0 0 0 0 0 0 0 0 0 0 0 0 0 0 0 0 0 0 0 0 0 0 0 0 0 0 0 0 0 0 0 0 0 0 0 0 0 0 0 0 0 0 0 0 0 0 0 0 0 0 1 0 0 0 0 0 0 0 0]
[1262531573417731419533602553999170136131418241379861187520558462075933215119720352349731164668467048689286352148177029784996448289854226503176952357433421327168550918301628916157447873769675354412138643431368056739140597814740051555022900445548704642945357361996075501781327 0 0 0 0 0 0 0 0 0 0 0 0 0 0 0 0 0 0 0 0 0 0 0 0 0 0 0 0 0 0 0 0 0 0 0 0 0 0 0 0 0 0 0 0 0 0 0 0 0 0 0 0 0 0 0 0 0 0 0 0 0 0 0 0 0 0 0 0 0 0 0 0 0 0 0 0 0 0 0 0 0 0 1 0 0 0 0 0 0 0]
[1957266740045695945563201770160083879303704588442147172941150055968300604032577595032286580832594828668015658391863450567649562658402063777563269510741042031009053338357280253584880092751430982383970155374162949286904364474960010126993958166476443823995941414138051065124738 0 0 0 0 0 0 0 0 0 0 0 0 0 0 0 0 0 0 0 0 0 0 0 0 0 0 0 0 0 0 0 0 0 0 0 0 0 0 0 0 0 0 0 0 0 0 0 0 0 0 0 0 0 0 0 0 0 0 0 0 0 0 0 0 0 0 0 0 0 0 0 0 0 0 0 0 0 0 0 0 0 0 0 1 0 0 0 0 0 0]
[2488642743735548404111505064948775701677938619427595518299256589843491328692395388049373883975784995778439321337091469054223339556282975753885921295457267502962458252283012903236410971302608213092854285766774436208274836902549292168963197612048821972677141312882156044550119 0 0 0 0 0 0 0 0 0 0 0 0 0 0 0 0 0 0 0 0 0 0 0 0 0 0 0 0 0 0 0 0 0 0 0 0 0 0 0 0 0 0 0 0 0 0 0 0 0 0 0 0 0 0 0 0 0 0 0 0 0 0 0 0 0 0 0 0 0 0 0 0 0 0 0 0 0 0 0 0 0 0 0 0 1 0 0 0 0 0]
[972902966349630768188782427481971412284293192476739533616470338125010848272286657335448576051320316643095666602519026200023606480305254644710908004527347651157885266662408983920280035236381963206415369363037929628341751118797607231831514546697590464123653529614597505955027 0 0 0 0 0 0 0 0 0 0 0 0 0 0 0 0 0 0 0 0 0 0 0 0 0 0 0 0 0 0 0 0 0 0 0 0 0 0 0 0 0 0 0 0 0 0 0 0 0 0 0 0 0 0 0 0 0 0 0 0 0 0 0 0 0 0 0 0 0 0 0 0 0 0 0 0 0 0 0 0 0 0 0 0 0 1 0 0 0 0]
[3528955591575229820984502593360979775375978153705789668649422407703883847648090571978237330792970828155264008332230078448326505846567974978297355562156031660707931611531685337229753184716676594803381465657010458931936112080560724829803043936922387328161115561747206412313253 0 0 0 0 0 0 0 0 0 0 0 0 0 0 0 0 0 0 0 0 0 0 0 0 0 0 0 0 0 0 0 0 0 0 0 0 0 0 0 0 0 0 0 0 0 0 0 0 0 0 0 0 0 0 0 0 0 0 0 0 0 0 0 0 0 0 0 0 0 0 0 0 0 0 0 0 0 0 0 0 0 0 0 0 0 0 1 0 0 0]
[2659575027105648092229555525850937743753032313746427736937626401303003881255638610510294094059023283122226027104690260829537645445788687184995300564877567728444246919341559183969674228571268247913015864791350941927956785727130557982838288450269641187615057441461858915746749 0 0 0 0 0 0 0 0 0 0 0 0 0 0 0 0 0 0 0 0 0 0 0 0 0 0 0 0 0 0 0 0 0 0 0 0 0 0 0 0 0 0 0 0 0 0 0 0 0 0 0 0 0 0 0 0 0 0 0 0 0 0 0 0 0 0 0 0 0 0 0 0 0 0 0 0 0 0 0 0 0 0 0 0 0 0 0 1 0 0]
[874073781730252897392099097359747067615274781205939349886427277131203756386340265325839883558048312455906069316500030536112206343667006371536373822063388475742514987517224320021606086664615447362703804558915939012894615578178627009755904417632581834021037634472678308922216 0 0 0 0 0 0 0 0 0 0 0 0 0 0 0 0 0 0 0 0 0 0 0 0 0 0 0 0 0 0 0 0 0 0 0 0 0 0 0 0 0 0 0 0 0 0 0 0 0 0 0 0 0 0 0 0 0 0 0 0 0 0 0 0 0 0 0 0 0 0 0 0 0 0 0 0 0 0 0 0 0 0 0 0 0 0 0 0 1 0]
[319675726798897620539372461440715170392327643376565338403906298934641725012681071652770982015804458669479910886883228612284138970660914410550370653942124643545562118289646973399197134566925197441110726648024781941711570048601975438051304395923227427761107194510715740433528 0 0 0 0 0 0 0 0 0 0 0 0 0 0 0 0 0 0 0 0 0 0 0 0 0 0 0 0 0 0 0 0 0 0 0 0 0 0 0 0 0 0 0 0 0 0 0 0 0 0 0 0 0 0 0 0 0 0 0 0 0 0 0 0 0 0 0 0 0 0 0 0 0 0 0 0 0 0 0 0 0 0 0 0 0 0 0 0 0 1]
]
