[[5955999210955429837636580953042495843047330932045996601116662249722897732839899100873287650291167346701513832648844895488519113291462212865752554835898266801557474896376425855066511540177189892829871336510425590618113427472063028142683788168911162814814480249 0 0 0 0 0 0 0 0 0 0 0 0 0 0 0 0 0 0 0 0 0 0 0 0 0 0 0 0 0 0 0 0 0 0 0 0 0 0 0 0 0 0 0 0 0 0 0 0 0 0 0 0 0 0 0 0 0 0 0 0 0 0 0 0 0 0 0 0 0 0 0 0 0 0 0 0 0 0 0 0 0 0 0 0 0]
[4209119294106642174057401613142135103363356828098277710967455364464828162448639364474816922419396024589377305996012919370130141337736042798804324776598237065258548292304300114204853398798758698677019037246610518559058473272104374442842423778222607810485511953 1 0 0 0 0 0 0 0 0 0 0 0 0 0 0 0 0 0 0 0 0 0 0 0 0 0 0 0 0 0 0 0 0 0 0 0 0 0 0 0 0 0 0 0 0 0 0 0 0 0 0 0 0 0 0 0 0 0 0 0 0 0 0 0 0 0 0 0 0 0 0 0 0 0 0 0 0 0 0 0 0 0 0 0 0]
[407096260500619542690284607949015595606178565180088483643364601859024641745207812070104699298686906018521898010140715872291550217158475983512175087354678974043852195338105053985672134389064018813538515402700029789663366413018960673140077058260246463787925412 0 1 0 0 0 0 0 0 0 0 0 0 0 0 0 0 0 0 0 0 0 0 0 0 0 0 0 0 0 0 0 0 0 0 0 0 0 0 0 0 0 0 0 0 0 0 0 0 0 0 0 0 0 0 0 0 0 0 0 0 0 0 0 0 0 0 0 0 0 0 0 0 0 0 0 0 0 0 0 0 0 0 0 0 0]
[4586037894861175189806927640618937137066330230731015280773828332359651031100271157433896559525716477507168532511724213485132094348695752062188588300045591884238219346845858165781894738391492945390180947417071152112417877705814998334528732483158130719209267749 0 0 1 0 0 0 0 0 0 0 0 0 0 0 0 0 0 0 0 0 0 0 0 0 0 0 0 0 0 0 0 0 0 0 0 0 0 0 0 0 0 0 0 0 0 0 0 0 0 0 0 0 0 0 0 0 0 0 0 0 0 0 0 0 0 0 0 0 0 0 0 0 0 0 0 0 0 0 0 0 0 0 0 0 0]
[3948251140151716872170450889296791968115779359785531289789187197638275410614967817609616159716745933504357618456097215916522950811491962457147063947532117614034681835090120340044253832307490518316809818865431660722865627241795733144196072226924255829566344787 0 0 0 1 0 0 0 0 0 0 0 0 0 0 0 0 0 0 0 0 0 0 0 0 0 0 0 0 0 0 0 0 0 0 0 0 0 0 0 0 0 0 0 0 0 0 0 0 0 0 0 0 0 0 0 0 0 0 0 0 0 0 0 0 0 0 0 0 0 0 0 0 0 0 0 0 0 0 0 0 0 0 0 0 0]
[2020669274228572869687674107710395221118709798619632144650426936572023749367763172479557486017908297815738163116769113436156686121233132578981398276527763670601320017883560197449053718127299215727180891205208669960240879222269877528666074237537959457887113831 0 0 0 0 1 0 0 0 0 0 0 0 0 0 0 0 0 0 0 0 0 0 0 0 0 0 0 0 0 0 0 0 0 0 0 0 0 0 0 0 0 0 0 0 0 0 0 0 0 0 0 0 0 0 0 0 0 0 0 0 0 0 0 0 0 0 0 0 0 0 0 0 0 0 0 0 0 0 0 0 0 0 0 0 0]
[4774200931711176762832239406408246392769444361816836064538676099616644937558229576685112622875581364740960730718809030605335682441225857383879173457503195790080292162688039608813073008865229182114797626701087775523222851110153723271716879890193472162999880661 0 0 0 0 0 1 0 0 0 0 0 0 0 0 0 0 0 0 0 0 0 0 0 0 0 0 0 0 0 0 0 0 0 0 0 0 0 0 0 0 0 0 0 0 0 0 0 0 0 0 0 0 0 0 0 0 0 0 0 0 0 0 0 0 0 0 0 0 0 0 0 0 0 0 0 0 0 0 0 0 0 0 0 0 0]
[4421776718481795349459162960207552975369520916588359974823082639102986182548739748363518473592099533798722765926781513292406704347075379567887483507948222254241425207700266849853210945432674633746511209684050729259352034308340975229910007635926457121453594159 0 0 0 0 0 0 1 0 0 0 0 0 0 0 0 0 0 0 0 0 0 0 0 0 0 0 0 0 0 0 0 0 0 0 0 0 0 0 0 0 0 0 0 0 0 0 0 0 0 0 0 0 0 0 0 0 0 0 0 0 0 0 0 0 0 0 0 0 0 0 0 0 0 0 0 0 0 0 0 0 0 0 0 0 0]
[2641407247496349207283653853313159549487007027364536136896557574376469139994545997700537266096633474143841531458034452321417376980940889336661528938214244880977572640840013950658579275749893240649504854731901349010854004564702115281156002306163358438559772467 0 0 0 0 0 0 0 1 0 0 0 0 0 0 0 0 0 0 0 0 0 0 0 0 0 0 0 0 0 0 0 0 0 0 0 0 0 0 0 0 0 0 0 0 0 0 0 0 0 0 0 0 0 0 0 0 0 0 0 0 0 0 0 0 0 0 0 0 0 0 0 0 0 0 0 0 0 0 0 0 0 0 0 0 0]
[3538166245638422753475256556207394105825855243470020300794358711510206068732477442892847276712709021076873959936236980085672627736849203275414748633306726422623139161239028285082131997641645677336935779323006318633598390371676260021087666802271257787990720224 0 0 0 0 0 0 0 0 1 0 0 0 0 0 0 0 0 0 0 0 0 0 0 0 0 0 0 0 0 0 0 0 0 0 0 0 0 0 0 0 0 0 0 0 0 0 0 0 0 0 0 0 0 0 0 0 0 0 0 0 0 0 0 0 0 0 0 0 0 0 0 0 0 0 0 0 0 0 0 0 0 0 0 0 0]
[5952745923040523190804368327597864505065987541454128169258043200982043108381074001308060113916477669642480199938138589914355297062710044645183981962360452779053133614168917616405971828707163836289410284777881170725199241085815027995074264878161007287223781455 0 0 0 0 0 0 0 0 0 1 0 0 0 0 0 0 0 0 0 0 0 0 0 0 0 0 0 0 0 0 0 0 0 0 0 0 0 0 0 0 0 0 0 0 0 0 0 0 0 0 0 0 0 0 0 0 0 0 0 0 0 0 0 0 0 0 0 0 0 0 0 0 0 0 0 0 0 0 0 0 0 0 0 0 0]
[4192521926074286552000803517117961064291581404285020304865274544305781638823538399338638467345501895400792289151950773420135488855587425401875868789579734061476326305766386946616619431689506501639979253227107255238970133439767915566355863239079686313004808624 0 0 0 0 0 0 0 0 0 0 1 0 0 0 0 0 0 0 0 0 0 0 0 0 0 0 0 0 0 0 0 0 0 0 0 0 0 0 0 0 0 0 0 0 0 0 0 0 0 0 0 0 0 0 0 0 0 0 0 0 0 0 0 0 0 0 0 0 0 0 0 0 0 0 0 0 0 0 0 0 0 0 0 0 0]
[5465964485002092532071437453517715950882499115976531194852777445031105406483400503879703649750135709986194114576474264740986272551521746239696724861570581791555571760518882267876917617032018043886415580574495294431656098677802606884262562568817141671718925017 0 0 0 0 0 0 0 0 0 0 0 1 0 0 0 0 0 0 0 0 0 0 0 0 0 0 0 0 0 0 0 0 0 0 0 0 0 0 0 0 0 0 0 0 0 0 0 0 0 0 0 0 0 0 0 0 0 0 0 0 0 0 0 0 0 0 0 0 0 0 0 0 0 0 0 0 0 0 0 0 0 0 0 0 0]
[2714411011265927136824107651652091835358173129458938854862359845219243402737137266338891623351017910163445879535803713758487797121093487767893473167624545888214222796637748123705917095922799628237178804666015436443065495182668401700177559516104348360685556614 0 0 0 0 0 0 0 0 0 0 0 0 1 0 0 0 0 0 0 0 0 0 0 0 0 0 0 0 0 0 0 0 0 0 0 0 0 0 0 0 0 0 0 0 0 0 0 0 0 0 0 0 0 0 0 0 0 0 0 0 0 0 0 0 0 0 0 0 0 0 0 0 0 0 0 0 0 0 0 0 0 0 0 0 0]
[1894044460424614902325254782339155090753293201051737180947278335908397759298952634264272678379814974244719390847893921023257884891688217640623423836174910059280669766368916922737019909182369380444424912342201688722001446142581496014100681385358814557532343722 0 0 0 0 0 0 0 0 0 0 0 0 0 1 0 0 0 0 0 0 0 0 0 0 0 0 0 0 0 0 0 0 0 0 0 0 0 0 0 0 0 0 0 0 0 0 0 0 0 0 0 0 0 0 0 0 0 0 0 0 0 0 0 0 0 0 0 0 0 0 0 0 0 0 0 0 0 0 0 0 0 0 0 0 0]
[791951145420042966680892904352068833870847835615828439342498253558007142734132732700261762344505605061297413110803116733114182245327753188115911581889819087451632177297847473749204464859589605447042471850572426732700537712939244837384746791017779018705136812 0 0 0 0 0 0 0 0 0 0 0 0 0 0 1 0 0 0 0 0 0 0 0 0 0 0 0 0 0 0 0 0 0 0 0 0 0 0 0 0 0 0 0 0 0 0 0 0 0 0 0 0 0 0 0 0 0 0 0 0 0 0 0 0 0 0 0 0 0 0 0 0 0 0 0 0 0 0 0 0 0 0 0 0 0]
[219413635644762084329603819454260260533862138346947919419931771288552883994031760673030197307041329384266404119263807084195137707378200073117919476448272644222820981416090850699148173798312853175134335433526230032948939319776072280923775678685435744620933257 0 0 0 0 0 0 0 0 0 0 0 0 0 0 0 1 0 0 0 0 0 0 0 0 0 0 0 0 0 0 0 0 0 0 0 0 0 0 0 0 0 0 0 0 0 0 0 0 0 0 0 0 0 0 0 0 0 0 0 0 0 0 0 0 0 0 0 0 0 0 0 0 0 0 0 0 0 0 0 0 0 0 0 0 0]
[1836041378695513030133889437966964094184467149568094695268684193361087649498206688868921661810337401008456688194502152895962951166816814218561948732894157683902760156878599894670543968388236851077499446740249010255700074383029536813429039386891592482020416338 0 0 0 0 0 0 0 0 0 0 0 0 0 0 0 0 1 0 0 0 0 0 0 0 0 0 0 0 0 0 0 0 0 0 0 0 0 0 0 0 0 0 0 0 0 0 0 0 0 0 0 0 0 0 0 0 0 0 0 0 0 0 0 0 0 0 0 0 0 0 0 0 0 0 0 0 0 0 0 0 0 0 0 0 0]
[4232159849626928204533655914110333739839525260741294431193650366604103652818017832176802964980591433725037939147738479784080102248636828829081152149530840368086467533181600989283085579852993808012113913506578479323892843069528196265617684886815637800286402227 0 0 0 0 0 0 0 0 0 0 0 0 0 0 0 0 0 1 0 0 0 0 0 0 0 0 0 0 0 0 0 0 0 0 0 0 0 0 0 0 0 0 0 0 0 0 0 0 0 0 0 0 0 0 0 0 0 0 0 0 0 0 0 0 0 0 0 0 0 0 0 0 0 0 0 0 0 0 0 0 0 0 0 0 0]
[4353662667853241633078949374052558496244362303989931842404852669564210705221868720769578559544796346468006967022291465543181612909964954459705087351268578839476269520428602737304433360948927063869343480405250298052561823120970113868030802190287770165109669900 0 0 0 0 0 0 0 0 0 0 0 0 0 0 0 0 0 0 1 0 0 0 0 0 0 0 0 0 0 0 0 0 0 0 0 0 0 0 0 0 0 0 0 0 0 0 0 0 0 0 0 0 0 0 0 0 0 0 0 0 0 0 0 0 0 0 0 0 0 0 0 0 0 0 0 0 0 0 0 0 0 0 0 0 0]
[1386270639721299110250901950879449402092205394352253346798400095744659457956579649609485932918355325796522510483293511427782929011092853063729424235034935700718093943878770824339481085188408394959479497955642596691472771248857246758021508646957588266063883553 0 0 0 0 0 0 0 0 0 0 0 0 0 0 0 0 0 0 0 1 0 0 0 0 0 0 0 0 0 0 0 0 0 0 0 0 0 0 0 0 0 0 0 0 0 0 0 0 0 0 0 0 0 0 0 0 0 0 0 0 0 0 0 0 0 0 0 0 0 0 0 0 0 0 0 0 0 0 0 0 0 0 0 0 0]
[3624682632880147236184628849864559373436613872749485839632105939311617090539277942950083613649460941324315153063080115405759536365233629781431422144185362952489454166457176295427701681392623111412639649303466647847272687704539621777470645062713307158848987212 0 0 0 0 0 0 0 0 0 0 0 0 0 0 0 0 0 0 0 0 1 0 0 0 0 0 0 0 0 0 0 0 0 0 0 0 0 0 0 0 0 0 0 0 0 0 0 0 0 0 0 0 0 0 0 0 0 0 0 0 0 0 0 0 0 0 0 0 0 0 0 0 0 0 0 0 0 0 0 0 0 0 0 0 0]
[5051648939963560395193065258339686100006081125100119479553930730867486818458496811444007716320347761147699125331658499998468492715360022239152588275835537823132427606192179819136145971022160166111322556614948885954410017969141048159637780877658912459094206172 0 0 0 0 0 0 0 0 0 0 0 0 0 0 0 0 0 0 0 0 0 1 0 0 0 0 0 0 0 0 0 0 0 0 0 0 0 0 0 0 0 0 0 0 0 0 0 0 0 0 0 0 0 0 0 0 0 0 0 0 0 0 0 0 0 0 0 0 0 0 0 0 0 0 0 0 0 0 0 0 0 0 0 0 0]
[3684505486254215028037300577930578090658337320066399960603152447686417984873990785251869918280802869957414566452402624896294720433839928546217854027332708462830616283223246677598799477365719990877874170942653623576703449380348480851964277049147143377085554058 0 0 0 0 0 0 0 0 0 0 0 0 0 0 0 0 0 0 0 0 0 0 1 0 0 0 0 0 0 0 0 0 0 0 0 0 0 0 0 0 0 0 0 0 0 0 0 0 0 0 0 0 0 0 0 0 0 0 0 0 0 0 0 0 0 0 0 0 0 0 0 0 0 0 0 0 0 0 0 0 0 0 0 0 0]
[1137782115643531365113064690146819870784128939928769305350187254540208817332659875896391384611007968247346896037458905235003407360482727450487139215745777297868318981965957586786301338101247778280031401504819502498235346659460135491876000724524266885867968042 0 0 0 0 0 0 0 0 0 0 0 0 0 0 0 0 0 0 0 0 0 0 0 1 0 0 0 0 0 0 0 0 0 0 0 0 0 0 0 0 0 0 0 0 0 0 0 0 0 0 0 0 0 0 0 0 0 0 0 0 0 0 0 0 0 0 0 0 0 0 0 0 0 0 0 0 0 0 0 0 0 0 0 0 0]
[3742671151171746590795542924059902452357722980980424288554396789879401389721950747770256282627978911502553366364275159283458978785468290344077703734908244648572266750849023329082977806522160266612499393145432752860190730825211003778158247787700443308636218842 0 0 0 0 0 0 0 0 0 0 0 0 0 0 0 0 0 0 0 0 0 0 0 0 1 0 0 0 0 0 0 0 0 0 0 0 0 0 0 0 0 0 0 0 0 0 0 0 0 0 0 0 0 0 0 0 0 0 0 0 0 0 0 0 0 0 0 0 0 0 0 0 0 0 0 0 0 0 0 0 0 0 0 0 0]
[4981851439681413588658066510632798345225203217609118979027585220942512971904230040078810072852265966267613585155440693506711879908395572363175270542961586077864869561554586352108959189537709257014261717298086604365407499271929318640769993553819821695762874934 0 0 0 0 0 0 0 0 0 0 0 0 0 0 0 0 0 0 0 0 0 0 0 0 0 1 0 0 0 0 0 0 0 0 0 0 0 0 0 0 0 0 0 0 0 0 0 0 0 0 0 0 0 0 0 0 0 0 0 0 0 0 0 0 0 0 0 0 0 0 0 0 0 0 0 0 0 0 0 0 0 0 0 0 0]
[5716305588326437057957398639819756991054385644494475099931948864994023285466856491540114257986560545534641069399498085550223718551933529650697266155497883513050430455696886066905259615977721070552510010412890362362638958117517184517166698786577874172807615547 0 0 0 0 0 0 0 0 0 0 0 0 0 0 0 0 0 0 0 0 0 0 0 0 0 0 1 0 0 0 0 0 0 0 0 0 0 0 0 0 0 0 0 0 0 0 0 0 0 0 0 0 0 0 0 0 0 0 0 0 0 0 0 0 0 0 0 0 0 0 0 0 0 0 0 0 0 0 0 0 0 0 0 0 0]
[4622285040677297519747363632304927673080308506224561164408975363812328993065950215272465959008602364079005351125478967389998474583414495381368051439928923692016939677404153653340630305054362229707142638044497793514838572982484462475947461765944283409604989871 0 0 0 0 0 0 0 0 0 0 0 0 0 0 0 0 0 0 0 0 0 0 0 0 0 0 0 1 0 0 0 0 0 0 0 0 0 0 0 0 0 0 0 0 0 0 0 0 0 0 0 0 0 0 0 0 0 0 0 0 0 0 0 0 0 0 0 0 0 0 0 0 0 0 0 0 0 0 0 0 0 0 0 0 0]
[4547987229073035739755004045683921778340510097408864354930475224987300583155024852426572672390284507562861081166202809487802523688250117303714083125235612294179357029436316070554301360605447942591204863465327165136860063208624322297709017884325883628925709216 0 0 0 0 0 0 0 0 0 0 0 0 0 0 0 0 0 0 0 0 0 0 0 0 0 0 0 0 1 0 0 0 0 0 0 0 0 0 0 0 0 0 0 0 0 0 0 0 0 0 0 0 0 0 0 0 0 0 0 0 0 0 0 0 0 0 0 0 0 0 0 0 0 0 0 0 0 0 0 0 0 0 0 0 0]
[2506745205683254372000956026628128608497208989260124494694030564961478545324871634368834587967097437346050636780883421194228691010449121291124285427633853076036237306773409673582555428291678199175878836992451099481396477941855541732324322103170081778639581782 0 0 0 0 0 0 0 0 0 0 0 0 0 0 0 0 0 0 0 0 0 0 0 0 0 0 0 0 0 1 0 0 0 0 0 0 0 0 0 0 0 0 0 0 0 0 0 0 0 0 0 0 0 0 0 0 0 0 0 0 0 0 0 0 0 0 0 0 0 0 0 0 0 0 0 0 0 0 0 0 0 0 0 0 0]
[1987592255299931372633432821987755760834349940151267039527119599796279725786360470612631993238065783824105864468710294652947257145230582431713479880467207886232605213861001862945681287943353212064533196857344466065772225036568958447660770879938685898466290747 0 0 0 0 0 0 0 0 0 0 0 0 0 0 0 0 0 0 0 0 0 0 0 0 0 0 0 0 0 0 1 0 0 0 0 0 0 0 0 0 0 0 0 0 0 0 0 0 0 0 0 0 0 0 0 0 0 0 0 0 0 0 0 0 0 0 0 0 0 0 0 0 0 0 0 0 0 0 0 0 0 0 0 0 0]
[2310457263594445804300176767380493995135999788980667704586800369246577743964083724636800447206539466353941842669884701571148910429998675856921993050134036396160957361014144697404029381102808945148382756207457689161426799346248494306317440432104489835839236401 0 0 0 0 0 0 0 0 0 0 0 0 0 0 0 0 0 0 0 0 0 0 0 0 0 0 0 0 0 0 0 1 0 0 0 0 0 0 0 0 0 0 0 0 0 0 0 0 0 0 0 0 0 0 0 0 0 0 0 0 0 0 0 0 0 0 0 0 0 0 0 0 0 0 0 0 0 0 0 0 0 0 0 0 0]
[506452451669420249486132829810138851220292679304436582667870383381936725992641844581400811481267682220978777333928554308406488952806413088014826586039521423533071672319999133457412522335278739575047372182216948710611517288361206598178895135455361519259313606 0 0 0 0 0 0 0 0 0 0 0 0 0 0 0 0 0 0 0 0 0 0 0 0 0 0 0 0 0 0 0 0 1 0 0 0 0 0 0 0 0 0 0 0 0 0 0 0 0 0 0 0 0 0 0 0 0 0 0 0 0 0 0 0 0 0 0 0 0 0 0 0 0 0 0 0 0 0 0 0 0 0 0 0 0]
[3963688243611147545110817189562798662668598124074892275348137181905434514402863172129093788535496645573275490351810912118938299953738574403209716862094293126538812097672654769536776779567890093357607571176680455451657352140061563341460048690504393589052884241 0 0 0 0 0 0 0 0 0 0 0 0 0 0 0 0 0 0 0 0 0 0 0 0 0 0 0 0 0 0 0 0 0 1 0 0 0 0 0 0 0 0 0 0 0 0 0 0 0 0 0 0 0 0 0 0 0 0 0 0 0 0 0 0 0 0 0 0 0 0 0 0 0 0 0 0 0 0 0 0 0 0 0 0 0]
[3901195588313449670978857153704177324225058591028650837420306056758633215926963964284562317054590254202717903939078894335499544578366527626543528893391233197874826159634894391477123038193914742174744273506364839395070742107209984932123948885949663195310946264 0 0 0 0 0 0 0 0 0 0 0 0 0 0 0 0 0 0 0 0 0 0 0 0 0 0 0 0 0 0 0 0 0 0 1 0 0 0 0 0 0 0 0 0 0 0 0 0 0 0 0 0 0 0 0 0 0 0 0 0 0 0 0 0 0 0 0 0 0 0 0 0 0 0 0 0 0 0 0 0 0 0 0 0 0]
[365619056511300358885538010677774004985138484805190621436610948690745756067749994932651406869070487534800338501830445937871252236004717018438293868074397465012096861572842105076903264566140422524353469433384494188100988289882392150210780249467456918395049646 0 0 0 0 0 0 0 0 0 0 0 0 0 0 0 0 0 0 0 0 0 0 0 0 0 0 0 0 0 0 0 0 0 0 0 1 0 0 0 0 0 0 0 0 0 0 0 0 0 0 0 0 0 0 0 0 0 0 0 0 0 0 0 0 0 0 0 0 0 0 0 0 0 0 0 0 0 0 0 0 0 0 0 0 0]
[3311237545743362939055772470261942085298075536784846964887452545053901271612907663838303781608641305263103499296981742110668312165902915477217272563816582626438639424894403079157805485682918137015637458421226028730254604646927914067632326490494487188410113248 0 0 0 0 0 0 0 0 0 0 0 0 0 0 0 0 0 0 0 0 0 0 0 0 0 0 0 0 0 0 0 0 0 0 0 0 1 0 0 0 0 0 0 0 0 0 0 0 0 0 0 0 0 0 0 0 0 0 0 0 0 0 0 0 0 0 0 0 0 0 0 0 0 0 0 0 0 0 0 0 0 0 0 0 0]
[5552170940100204594717254311415905837308681691806375785277035416066032839578211930949219346741734053806344664927453233482643571593092734987355191559705336511646269806885744058358403857832658762596719995418425515215948132191011872418499167998260198184925674830 0 0 0 0 0 0 0 0 0 0 0 0 0 0 0 0 0 0 0 0 0 0 0 0 0 0 0 0 0 0 0 0 0 0 0 0 0 1 0 0 0 0 0 0 0 0 0 0 0 0 0 0 0 0 0 0 0 0 0 0 0 0 0 0 0 0 0 0 0 0 0 0 0 0 0 0 0 0 0 0 0 0 0 0 0]
[3686438010425771209309578606225178309329129223403457047864492150038435624841149890814733695030567429604197697827068374069026035457130813825426900201574906715530750211462386018781730890954674883091365676682151048029629105363788520427611343496951562825184592610 0 0 0 0 0 0 0 0 0 0 0 0 0 0 0 0 0 0 0 0 0 0 0 0 0 0 0 0 0 0 0 0 0 0 0 0 0 0 1 0 0 0 0 0 0 0 0 0 0 0 0 0 0 0 0 0 0 0 0 0 0 0 0 0 0 0 0 0 0 0 0 0 0 0 0 0 0 0 0 0 0 0 0 0 0]
[1780135666401377001901831888938008883891824936176918134329267757435787763253672787874372789361071394797699004940102352150018327053415673640736801206619495213717134811697520386286026061920147350071826749877097207522571828513960374944203519878573483069207931374 0 0 0 0 0 0 0 0 0 0 0 0 0 0 0 0 0 0 0 0 0 0 0 0 0 0 0 0 0 0 0 0 0 0 0 0 0 0 0 1 0 0 0 0 0 0 0 0 0 0 0 0 0 0 0 0 0 0 0 0 0 0 0 0 0 0 0 0 0 0 0 0 0 0 0 0 0 0 0 0 0 0 0 0 0]
[4163767889779162935267818446629522419944101602394835453691970708092263530256688683687234914142355399688173607598383745388199093261468713927905434889446690090081857890728049871734814383908889509641718384642989824356322437415647931148971003421059102795857251641 0 0 0 0 0 0 0 0 0 0 0 0 0 0 0 0 0 0 0 0 0 0 0 0 0 0 0 0 0 0 0 0 0 0 0 0 0 0 0 0 1 0 0 0 0 0 0 0 0 0 0 0 0 0 0 0 0 0 0 0 0 0 0 0 0 0 0 0 0 0 0 0 0 0 0 0 0 0 0 0 0 0 0 0 0]
[4279526026659552766908680100603964381590811954129716308722519343294121411690685396550821191951476151115841775011235537925550427235928799309723590443213605611241329811056911694773223314859855276322032471122040511448775887101913780279769411482337621327606794619 0 0 0 0 0 0 0 0 0 0 0 0 0 0 0 0 0 0 0 0 0 0 0 0 0 0 0 0 0 0 0 0 0 0 0 0 0 0 0 0 0 1 0 0 0 0 0 0 0 0 0 0 0 0 0 0 0 0 0 0 0 0 0 0 0 0 0 0 0 0 0 0 0 0 0 0 0 0 0 0 0 0 0 0 0]
[3854386687714083443343643951406109277894280145739931388059427095850349128072607131592534789593410666989201952570783487688098548942894358469350258503939228648234224077138982509434295773986253871740206718586387459728094394876300712840756604430790399220342850418 0 0 0 0 0 0 0 0 0 0 0 0 0 0 0 0 0 0 0 0 0 0 0 0 0 0 0 0 0 0 0 0 0 0 0 0 0 0 0 0 0 0 1 0 0 0 0 0 0 0 0 0 0 0 0 0 0 0 0 0 0 0 0 0 0 0 0 0 0 0 0 0 0 0 0 0 0 0 0 0 0 0 0 0 0]
[4593741678570069116828472172748395170322717535856274744692941403564442674874668788329444951032205789637610499639646269873915397554351352418275823056397122711548591282216787233084491220572939178253856896089172494562839183012465658174725406338115403194756887106 0 0 0 0 0 0 0 0 0 0 0 0 0 0 0 0 0 0 0 0 0 0 0 0 0 0 0 0 0 0 0 0 0 0 0 0 0 0 0 0 0 0 0 1 0 0 0 0 0 0 0 0 0 0 0 0 0 0 0 0 0 0 0 0 0 0 0 0 0 0 0 0 0 0 0 0 0 0 0 0 0 0 0 0 0]
[5702937829090650710462002735751160861701227128829413514750862379069637988923415945314741578659485182937374958459763001272690126288864341629837249467103969355042279881044832453058921656644433461543402731146131801077571008741357268359540181670830576885166355336 0 0 0 0 0 0 0 0 0 0 0 0 0 0 0 0 0 0 0 0 0 0 0 0 0 0 0 0 0 0 0 0 0 0 0 0 0 0 0 0 0 0 0 0 1 0 0 0 0 0 0 0 0 0 0 0 0 0 0 0 0 0 0 0 0 0 0 0 0 0 0 0 0 0 0 0 0 0 0 0 0 0 0 0 0]
[2864212845812484627736908898481010877348004217625933304845457975203756909058533223646418974908452448188764990095841374989232166968355788799274676327325448969022577769330572981428327848961028878598076524145578141121284306050023795203213591075630246861981462386 0 0 0 0 0 0 0 0 0 0 0 0 0 0 0 0 0 0 0 0 0 0 0 0 0 0 0 0 0 0 0 0 0 0 0 0 0 0 0 0 0 0 0 0 0 1 0 0 0 0 0 0 0 0 0 0 0 0 0 0 0 0 0 0 0 0 0 0 0 0 0 0 0 0 0 0 0 0 0 0 0 0 0 0 0]
[612498931802454255916986977721526670225749987599227075651675683138405790737639046121592506859441753073711245746021421899356744770190785834371265439722378149903372422015785601792220844635025199674472923659885374536707875978951423123726927314090875019469507372 0 0 0 0 0 0 0 0 0 0 0 0 0 0 0 0 0 0 0 0 0 0 0 0 0 0 0 0 0 0 0 0 0 0 0 0 0 0 0 0 0 0 0 0 0 0 1 0 0 0 0 0 0 0 0 0 0 0 0 0 0 0 0 0 0 0 0 0 0 0 0 0 0 0 0 0 0 0 0 0 0 0 0 0 0]
[1341904825610800632298680884119081590528484376356117533692652430266711602226368517524103757313616536937484661742571294521599573009431038753061681598140540641821061558098488615130184259110891248625472379925316577843845482490343267888468694201124334394039983885 0 0 0 0 0 0 0 0 0 0 0 0 0 0 0 0 0 0 0 0 0 0 0 0 0 0 0 0 0 0 0 0 0 0 0 0 0 0 0 0 0 0 0 0 0 0 0 1 0 0 0 0 0 0 0 0 0 0 0 0 0 0 0 0 0 0 0 0 0 0 0 0 0 0 0 0 0 0 0 0 0 0 0 0 0]
[94213742569137999482064292661107887122684375988846459633797988658857944879758138753574119997687747064466294978070494765646862248119986288894340174842014910685913852845479834170760163536616701353312682999808564740462045666557016907840393230267616413433816690 0 0 0 0 0 0 0 0 0 0 0 0 0 0 0 0 0 0 0 0 0 0 0 0 0 0 0 0 0 0 0 0 0 0 0 0 0 0 0 0 0 0 0 0 0 0 0 0 1 0 0 0 0 0 0 0 0 0 0 0 0 0 0 0 0 0 0 0 0 0 0 0 0 0 0 0 0 0 0 0 0 0 0 0 0]
[3395826824016640923385771820176769631462019967668232478463708451533153188932035747987233405758459141017212937243860953288419825716073219288012688482159362559348138080124731218259336642474010566497690415747106415615935353161507944383447946429215742195601659882 0 0 0 0 0 0 0 0 0 0 0 0 0 0 0 0 0 0 0 0 0 0 0 0 0 0 0 0 0 0 0 0 0 0 0 0 0 0 0 0 0 0 0 0 0 0 0 0 0 1 0 0 0 0 0 0 0 0 0 0 0 0 0 0 0 0 0 0 0 0 0 0 0 0 0 0 0 0 0 0 0 0 0 0 0]
[4027924729249689919103979259776181125753463847543356781427373769368185633573266960502845148395045263678332919753483367439210675205570832341331402619565579727572015476258908024774684486109476113202443135664105056906836614884706193795222678000482342217153032665 0 0 0 0 0 0 0 0 0 0 0 0 0 0 0 0 0 0 0 0 0 0 0 0 0 0 0 0 0 0 0 0 0 0 0 0 0 0 0 0 0 0 0 0 0 0 0 0 0 0 1 0 0 0 0 0 0 0 0 0 0 0 0 0 0 0 0 0 0 0 0 0 0 0 0 0 0 0 0 0 0 0 0 0 0]
[2124953569706738415011089958105135763222687751264829061557482899557170540145078259307029950426240333471762220866395658500617615342771976427883739568879600680189210823293367964899632724462183567112552880372571221407235668780528732814412285194598605764513521440 0 0 0 0 0 0 0 0 0 0 0 0 0 0 0 0 0 0 0 0 0 0 0 0 0 0 0 0 0 0 0 0 0 0 0 0 0 0 0 0 0 0 0 0 0 0 0 0 0 0 0 1 0 0 0 0 0 0 0 0 0 0 0 0 0 0 0 0 0 0 0 0 0 0 0 0 0 0 0 0 0 0 0 0 0]
[2413387379259095557585513463505535552080595153130997306616757419062356517246820129262037523028257383092374253829701006659816409510525649170895219715884631450683028031100409660034229875799798875764985479898726568210635304615494202022871576858025374352719005287 0 0 0 0 0 0 0 0 0 0 0 0 0 0 0 0 0 0 0 0 0 0 0 0 0 0 0 0 0 0 0 0 0 0 0 0 0 0 0 0 0 0 0 0 0 0 0 0 0 0 0 0 1 0 0 0 0 0 0 0 0 0 0 0 0 0 0 0 0 0 0 0 0 0 0 0 0 0 0 0 0 0 0 0 0]
[337684977173890110884312664971023999369251822255116476235663331433185933056130390514318226450309235944215871988406628280052921364153407798192503206441978593925538405928938641957493555256264913313208154503567683538897681403797093271949691538190714568160835598 0 0 0 0 0 0 0 0 0 0 0 0 0 0 0 0 0 0 0 0 0 0 0 0 0 0 0 0 0 0 0 0 0 0 0 0 0 0 0 0 0 0 0 0 0 0 0 0 0 0 0 0 0 1 0 0 0 0 0 0 0 0 0 0 0 0 0 0 0 0 0 0 0 0 0 0 0 0 0 0 0 0 0 0 0]
[3427834901850895465418009262873723635198740108668235245318855592544809429143987201533264445257934024996441135989420995058691855294120907004289299453771880858067219861872381944723698664890761622438451888452820912508176291953880136443627780142733172336213060674 0 0 0 0 0 0 0 0 0 0 0 0 0 0 0 0 0 0 0 0 0 0 0 0 0 0 0 0 0 0 0 0 0 0 0 0 0 0 0 0 0 0 0 0 0 0 0 0 0 0 0 0 0 0 1 0 0 0 0 0 0 0 0 0 0 0 0 0 0 0 0 0 0 0 0 0 0 0 0 0 0 0 0 0 0]
[5548719215808777133063443628004924802192344988035972572092683617941420373161017054955002116516524801045434558099520185278971529962603253985932162903468180750567516573338766590975712423784690038005733665935092499470596602355767392125015134271059738663448267242 0 0 0 0 0 0 0 0 0 0 0 0 0 0 0 0 0 0 0 0 0 0 0 0 0 0 0 0 0 0 0 0 0 0 0 0 0 0 0 0 0 0 0 0 0 0 0 0 0 0 0 0 0 0 0 1 0 0 0 0 0 0 0 0 0 0 0 0 0 0 0 0 0 0 0 0 0 0 0 0 0 0 0 0 0]
[2368501888868713121729772224935440746834919899117427954081527322384129685605856399021608051624499688141662473199517350236967832972463784169498174048434703569720275795243325689839525200242921835178469662560582076402899084329036598994319158148561697153063155007 0 0 0 0 0 0 0 0 0 0 0 0 0 0 0 0 0 0 0 0 0 0 0 0 0 0 0 0 0 0 0 0 0 0 0 0 0 0 0 0 0 0 0 0 0 0 0 0 0 0 0 0 0 0 0 0 1 0 0 0 0 0 0 0 0 0 0 0 0 0 0 0 0 0 0 0 0 0 0 0 0 0 0 0 0]
[4986609600921380367361983338652713774225481680212271516047670032788497911653163096346438174665086853100329378725573888298837178251698495239992514557572164117944133112370381098345086005556716584457829979230538477121030690482297309062320390028983946696924100572 0 0 0 0 0 0 0 0 0 0 0 0 0 0 0 0 0 0 0 0 0 0 0 0 0 0 0 0 0 0 0 0 0 0 0 0 0 0 0 0 0 0 0 0 0 0 0 0 0 0 0 0 0 0 0 0 0 1 0 0 0 0 0 0 0 0 0 0 0 0 0 0 0 0 0 0 0 0 0 0 0 0 0 0 0]
[4515072610286774808899344659514878030471768552957789860579590188495162423980851589961879100049791741241285461845390171123025443216298983045228580604996502549989903350442690624977656855393853576745009592569076668531945898399735426608116276770000463214595840040 0 0 0 0 0 0 0 0 0 0 0 0 0 0 0 0 0 0 0 0 0 0 0 0 0 0 0 0 0 0 0 0 0 0 0 0 0 0 0 0 0 0 0 0 0 0 0 0 0 0 0 0 0 0 0 0 0 0 1 0 0 0 0 0 0 0 0 0 0 0 0 0 0 0 0 0 0 0 0 0 0 0 0 0 0]
[2408253447616801663778812768027501331124210871112125210482918670637937120874809379168193048151112862436729705211282859843419257971001402782026415194311702719155622103852595508934586887396137411593576961788392425725537191383746058806672769754341089556343333346 0 0 0 0 0 0 0 0 0 0 0 0 0 0 0 0 0 0 0 0 0 0 0 0 0 0 0 0 0 0 0 0 0 0 0 0 0 0 0 0 0 0 0 0 0 0 0 0 0 0 0 0 0 0 0 0 0 0 0 1 0 0 0 0 0 0 0 0 0 0 0 0 0 0 0 0 0 0 0 0 0 0 0 0 0]
[3388173449035133794756505394831061058592983616963537907069813376594042107367692318094757773075277889681504003632076895460157422672602120270924239631262624641217554457479754523611911387991405241535098251204075563802764683436578812692124178240996116205450004754 0 0 0 0 0 0 0 0 0 0 0 0 0 0 0 0 0 0 0 0 0 0 0 0 0 0 0 0 0 0 0 0 0 0 0 0 0 0 0 0 0 0 0 0 0 0 0 0 0 0 0 0 0 0 0 0 0 0 0 0 1 0 0 0 0 0 0 0 0 0 0 0 0 0 0 0 0 0 0 0 0 0 0 0 0]
[5546003355484068462410543770827367838610898753646689252095492645833236929221291426064327170245129369724178103693579108441346523749881179129501357962061066288070293491045865851414184832027221351126109765273904803837242130526590651761860756977224381371909550386 0 0 0 0 0 0 0 0 0 0 0 0 0 0 0 0 0 0 0 0 0 0 0 0 0 0 0 0 0 0 0 0 0 0 0 0 0 0 0 0 0 0 0 0 0 0 0 0 0 0 0 0 0 0 0 0 0 0 0 0 0 1 0 0 0 0 0 0 0 0 0 0 0 0 0 0 0 0 0 0 0 0 0 0 0]
[5389287650190433610475255598299773269527222365143755821938840209776728601366977786155529523288248740595399160989091868109100783734087258770956509516334409912956988528875199781915789574473738086475551065971355428105944598048878560271746729192938461295278604505 0 0 0 0 0 0 0 0 0 0 0 0 0 0 0 0 0 0 0 0 0 0 0 0 0 0 0 0 0 0 0 0 0 0 0 0 0 0 0 0 0 0 0 0 0 0 0 0 0 0 0 0 0 0 0 0 0 0 0 0 0 0 1 0 0 0 0 0 0 0 0 0 0 0 0 0 0 0 0 0 0 0 0 0 0]
[2020859342001131505743741665292347049446157835843707364558287330298068809319278114040035155475531552086682264008185561097933916999874214769508658306782412935336970326318957782980091613579226534976394476477241587124468986398116594348960419655928832160640395614 0 0 0 0 0 0 0 0 0 0 0 0 0 0 0 0 0 0 0 0 0 0 0 0 0 0 0 0 0 0 0 0 0 0 0 0 0 0 0 0 0 0 0 0 0 0 0 0 0 0 0 0 0 0 0 0 0 0 0 0 0 0 0 1 0 0 0 0 0 0 0 0 0 0 0 0 0 0 0 0 0 0 0 0 0]
[764804052933786651100751594737784194707531945871937848030157352662481002990524865964770935075964175846871635739011522570297244675338579160601193588583217483562746255931954700266257373721208059036487121202339861314743908194698588972208820996095947573343757149 0 0 0 0 0 0 0 0 0 0 0 0 0 0 0 0 0 0 0 0 0 0 0 0 0 0 0 0 0 0 0 0 0 0 0 0 0 0 0 0 0 0 0 0 0 0 0 0 0 0 0 0 0 0 0 0 0 0 0 0 0 0 0 0 1 0 0 0 0 0 0 0 0 0 0 0 0 0 0 0 0 0 0 0 0]
[1160832681948589946960193398128246081158169653272481050601305730280968602497202539159291033220964972376830612396230803087923000110027052713459602041255090225601756722815265522409948471744672184490834701131513214721309576652555349731380189889362594620797669256 0 0 0 0 0 0 0 0 0 0 0 0 0 0 0 0 0 0 0 0 0 0 0 0 0 0 0 0 0 0 0 0 0 0 0 0 0 0 0 0 0 0 0 0 0 0 0 0 0 0 0 0 0 0 0 0 0 0 0 0 0 0 0 0 0 1 0 0 0 0 0 0 0 0 0 0 0 0 0 0 0 0 0 0 0]
[1077651304284581234857395572486255556850201347208266126276618523444695077868468347689847648491541670799829371862235490673255265257593761788448970213978637879933398762827533552245023489032268007171204041715684577006544313323269813034652510956992473607633104752 0 0 0 0 0 0 0 0 0 0 0 0 0 0 0 0 0 0 0 0 0 0 0 0 0 0 0 0 0 0 0 0 0 0 0 0 0 0 0 0 0 0 0 0 0 0 0 0 0 0 0 0 0 0 0 0 0 0 0 0 0 0 0 0 0 0 1 0 0 0 0 0 0 0 0 0 0 0 0 0 0 0 0 0 0]
[771892255589296151267681010342863783623054074465302808354418264756231847799742023066566594314941256192139662413778247447268798311618057551776179614157750975615319431972856103831426222052620130899488697117972369301639352583620837847987785963734748562254789366 0 0 0 0 0 0 0 0 0 0 0 0 0 0 0 0 0 0 0 0 0 0 0 0 0 0 0 0 0 0 0 0 0 0 0 0 0 0 0 0 0 0 0 0 0 0 0 0 0 0 0 0 0 0 0 0 0 0 0 0 0 0 0 0 0 0 0 1 0 0 0 0 0 0 0 0 0 0 0 0 0 0 0 0 0]
[3096448832850661461263545559328042053244328727019744352594780501817112875548776181281926482401835855430491111564095806812576169414609503448688756701871257975035745387608343953625794063258615356892175631536910589508506392966651169587169638130524211437630811063 0 0 0 0 0 0 0 0 0 0 0 0 0 0 0 0 0 0 0 0 0 0 0 0 0 0 0 0 0 0 0 0 0 0 0 0 0 0 0 0 0 0 0 0 0 0 0 0 0 0 0 0 0 0 0 0 0 0 0 0 0 0 0 0 0 0 0 0 1 0 0 0 0 0 0 0 0 0 0 0 0 0 0 0 0]
[998255977969846803175328145384236366995916950751384685698792556061589745043880476624097394978124638834144910087855654705768571423466159767346607930703161830006044058969806498872400085465435007695251748787647742927589336142966120835684283692306415551424864065 0 0 0 0 0 0 0 0 0 0 0 0 0 0 0 0 0 0 0 0 0 0 0 0 0 0 0 0 0 0 0 0 0 0 0 0 0 0 0 0 0 0 0 0 0 0 0 0 0 0 0 0 0 0 0 0 0 0 0 0 0 0 0 0 0 0 0 0 0 1 0 0 0 0 0 0 0 0 0 0 0 0 0 0 0]
[832338903170722480489821652589416098353039100576927472669999650715715096276232731201906774946754985317364184846498128987540071758839488727824388579432822170364302094847858677453917169883110142510069656387585583524162455770212300362565370039507188886006440873 0 0 0 0 0 0 0 0 0 0 0 0 0 0 0 0 0 0 0 0 0 0 0 0 0 0 0 0 0 0 0 0 0 0 0 0 0 0 0 0 0 0 0 0 0 0 0 0 0 0 0 0 0 0 0 0 0 0 0 0 0 0 0 0 0 0 0 0 0 0 1 0 0 0 0 0 0 0 0 0 0 0 0 0 0]
[5663478258686664995930031022992359270872835591947858772305553876660171106522592607976501146714566033402284917990790819984527121076051439678199713958855283070021518966171242580193031168184742577900925413180374690717255247253488694404644744286755099949256810921 0 0 0 0 0 0 0 0 0 0 0 0 0 0 0 0 0 0 0 0 0 0 0 0 0 0 0 0 0 0 0 0 0 0 0 0 0 0 0 0 0 0 0 0 0 0 0 0 0 0 0 0 0 0 0 0 0 0 0 0 0 0 0 0 0 0 0 0 0 0 0 1 0 0 0 0 0 0 0 0 0 0 0 0 0]
[5051216618410104532908485061309463109214355437091523930143731601109371614676142847693314085990759665019271340366519437717627247273314666209331437374731607807587708608250799881694609231864450071727868625479577621671574745601512166084027753163604887928915690080 0 0 0 0 0 0 0 0 0 0 0 0 0 0 0 0 0 0 0 0 0 0 0 0 0 0 0 0 0 0 0 0 0 0 0 0 0 0 0 0 0 0 0 0 0 0 0 0 0 0 0 0 0 0 0 0 0 0 0 0 0 0 0 0 0 0 0 0 0 0 0 0 1 0 0 0 0 0 0 0 0 0 0 0 0]
[1205586532046950357777040787691209533582613676915464268808824780397184580295492968241339990063320334665667526226647057840577930995091361958512849179423657978640665809923090639927563928231386310433957015184308287848922332298555242762258456542227801148924766354 0 0 0 0 0 0 0 0 0 0 0 0 0 0 0 0 0 0 0 0 0 0 0 0 0 0 0 0 0 0 0 0 0 0 0 0 0 0 0 0 0 0 0 0 0 0 0 0 0 0 0 0 0 0 0 0 0 0 0 0 0 0 0 0 0 0 0 0 0 0 0 0 0 1 0 0 0 0 0 0 0 0 0 0 0]
[3976531038630229782815523732345288967004443002941641910068032444963396837287672901233084640245945397943076057371578760150657204564940838638181529417083400834970109995262798298403614064300962435974039501014606267806681939978361842198877575570535179441019412562 0 0 0 0 0 0 0 0 0 0 0 0 0 0 0 0 0 0 0 0 0 0 0 0 0 0 0 0 0 0 0 0 0 0 0 0 0 0 0 0 0 0 0 0 0 0 0 0 0 0 0 0 0 0 0 0 0 0 0 0 0 0 0 0 0 0 0 0 0 0 0 0 0 0 1 0 0 0 0 0 0 0 0 0 0]
[3923385659795246964805373223325979296315143044839808587437863239983647284242246437427736361083942639191574735847073618942468900637554231228818065291142843532263354859041818044792366812036704178809379686714296761906173109098449591994226784807602161285388527333 0 0 0 0 0 0 0 0 0 0 0 0 0 0 0 0 0 0 0 0 0 0 0 0 0 0 0 0 0 0 0 0 0 0 0 0 0 0 0 0 0 0 0 0 0 0 0 0 0 0 0 0 0 0 0 0 0 0 0 0 0 0 0 0 0 0 0 0 0 0 0 0 0 0 0 1 0 0 0 0 0 0 0 0 0]
[569923852175311738791587493158304685056069310069691119012245239485579779411516028305765793789614148335015580011076310843948058007537932485319355621289654795251092782943070331267064676649127569179961207568814168001827547978127731669355330408102359451861698563 0 0 0 0 0 0 0 0 0 0 0 0 0 0 0 0 0 0 0 0 0 0 0 0 0 0 0 0 0 0 0 0 0 0 0 0 0 0 0 0 0 0 0 0 0 0 0 0 0 0 0 0 0 0 0 0 0 0 0 0 0 0 0 0 0 0 0 0 0 0 0 0 0 0 0 0 1 0 0 0 0 0 0 0 0]
[5850534182065644517587045346857390943783312728124653980313044703579526540306127587354633277580643981494457724218814261509271150692738580935225905799467351694459821165615942587801809384673649275239322829965082606028607781203894392774375125577198714319257674568 0 0 0 0 0 0 0 0 0 0 0 0 0 0 0 0 0 0 0 0 0 0 0 0 0 0 0 0 0 0 0 0 0 0 0 0 0 0 0 0 0 0 0 0 0 0 0 0 0 0 0 0 0 0 0 0 0 0 0 0 0 0 0 0 0 0 0 0 0 0 0 0 0 0 0 0 0 1 0 0 0 0 0 0 0]
[76298633336965432413008955109264496983798454320652007813828530895767787063868667286966404851794742562463177584976299951917858967818597049447738850102536331786663253446008034912490280894788590598690790714481690381633675337038611173492879668968054766516061898 0 0 0 0 0 0 0 0 0 0 0 0 0 0 0 0 0 0 0 0 0 0 0 0 0 0 0 0 0 0 0 0 0 0 0 0 0 0 0 0 0 0 0 0 0 0 0 0 0 0 0 0 0 0 0 0 0 0 0 0 0 0 0 0 0 0 0 0 0 0 0 0 0 0 0 0 0 0 1 0 0 0 0 0 0]
[5341853512457475001476864729558859927035367384350662504546582671132260623535689771056755092498922240753170759242873172744878875861350672823061034650100406994405762038608697877819854334364959384220958597052141044349187818860227482757950254183758185859014674243 0 0 0 0 0 0 0 0 0 0 0 0 0 0 0 0 0 0 0 0 0 0 0 0 0 0 0 0 0 0 0 0 0 0 0 0 0 0 0 0 0 0 0 0 0 0 0 0 0 0 0 0 0 0 0 0 0 0 0 0 0 0 0 0 0 0 0 0 0 0 0 0 0 0 0 0 0 0 0 1 0 0 0 0 0]
[4990058026290065282959566739625964282282709733989980172326245193421090958135412524021036397147860682685308576190719400678362991923495907790222112448536363216789945744536096030134553970145468975461413605612333277325379999935768305669663037309571508749992360001 0 0 0 0 0 0 0 0 0 0 0 0 0 0 0 0 0 0 0 0 0 0 0 0 0 0 0 0 0 0 0 0 0 0 0 0 0 0 0 0 0 0 0 0 0 0 0 0 0 0 0 0 0 0 0 0 0 0 0 0 0 0 0 0 0 0 0 0 0 0 0 0 0 0 0 0 0 0 0 0 1 0 0 0 0]
[2886129212164939851448315806990144210538688718300302032236000441981985061906201152417433423396330900429436760726779844878621629453106347422897945309574109797917188134369774540620713630718088889814549831071297133338348101070518183481347896370372482365729171837 0 0 0 0 0 0 0 0 0 0 0 0 0 0 0 0 0 0 0 0 0 0 0 0 0 0 0 0 0 0 0 0 0 0 0 0 0 0 0 0 0 0 0 0 0 0 0 0 0 0 0 0 0 0 0 0 0 0 0 0 0 0 0 0 0 0 0 0 0 0 0 0 0 0 0 0 0 0 0 0 0 1 0 0 0]
[4924162221565011204373815051514030713964611892874357186281778024448921109263733416607683642421048779808667459258436422999192936094630305950399353643919086265820175988117478386001880008838043121124522891784941324075290179277111113148965266679117719860063917517 0 0 0 0 0 0 0 0 0 0 0 0 0 0 0 0 0 0 0 0 0 0 0 0 0 0 0 0 0 0 0 0 0 0 0 0 0 0 0 0 0 0 0 0 0 0 0 0 0 0 0 0 0 0 0 0 0 0 0 0 0 0 0 0 0 0 0 0 0 0 0 0 0 0 0 0 0 0 0 0 0 0 1 0 0]
[5066075963757394327843821048133437830492957220103461308409968881268261445419915962504308062204043478822044412805840791432501173672273721964395756586244509121344576348896959478165104378685691585033207460099265612835671175775853658464146354404430666501809861060 0 0 0 0 0 0 0 0 0 0 0 0 0 0 0 0 0 0 0 0 0 0 0 0 0 0 0 0 0 0 0 0 0 0 0 0 0 0 0 0 0 0 0 0 0 0 0 0 0 0 0 0 0 0 0 0 0 0 0 0 0 0 0 0 0 0 0 0 0 0 0 0 0 0 0 0 0 0 0 0 0 0 0 1 0]
[2338822053924197686439323283288166371307442559483161860423400685549223518073804952314899185459988118083163628911412403467650934004975240403917544143883714949737905421859326202964854626355620931766215790502889872542111452957704966328889210336250013320595712481 0 0 0 0 0 0 0 0 0 0 0 0 0 0 0 0 0 0 0 0 0 0 0 0 0 0 0 0 0 0 0 0 0 0 0 0 0 0 0 0 0 0 0 0 0 0 0 0 0 0 0 0 0 0 0 0 0 0 0 0 0 0 0 0 0 0 0 0 0 0 0 0 0 0 0 0 0 0 0 0 0 0 0 0 1]
]
