[[3084275109645185378684673098690642877340219830462295714016007135039440284357730652074572529667414780164051279164896854521120232273201599391969508569999680566928899938470011222874612467686828116619 0 0 0 0 0 0 0 0 0 0 0 0 0 0 0 0 0 0 0 0 0 0 0 0 0 0 0 0 0 0 0 0 0 0 0 0 0 0 0 0 0 0 0 0 0 0 0 0 0 0 0 0 0 0 0 0 0 0 0 0 0 0 0 0]
[738189723994631830829595766032397936090300925822193948364918442791705869247139433252079994319145346061896257049760730960238269184694535997672516291552331276398001218320875604227142766584013355809 1 0 0 0 0 0 0 0 0 0 0 0 0 0 0 0 0 0 0 0 0 0 0 0 0 0 0 0 0 0 0 0 0 0 0 0 0 0 0 0 0 0 0 0 0 0 0 0 0 0 0 0 0 0 0 0 0 0 0 0 0 0 0 0]
[1617155576949543210209966568912859417255881489444831712758060300072502779934974053276781540460021483302259325453369968717878143920937417831601309630328774913809085573719390060936901579291801443832 0 1 0 0 0 0 0 0 0 0 0 0 0 0 0 0 0 0 0 0 0 0 0 0 0 0 0 0 0 0 0 0 0 0 0 0 0 0 0 0 0 0 0 0 0 0 0 0 0 0 0 0 0 0 0 0 0 0 0 0 0 0 0 0]
[2663612829422177118532171760294815888523474605766912109421012908043622453523792807700441425794079393644277126167369998264249742520717233111654598392860077838507492995820817041293308842095404453770 0 0 1 0 0 0 0 0 0 0 0 0 0 0 0 0 0 0 0 0 0 0 0 0 0 0 0 0 0 0 0 0 0 0 0 0 0 0 0 0 0 0 0 0 0 0 0 0 0 0 0 0 0 0 0 0 0 0 0 0 0 0 0 0]
[2742142536436351351960548646571524153673873629765086761075758430673057355972403864865591186590186099733810616514752934727794236240728406664032924598563629795599757817714930048975624041823668955739 0 0 0 1 0 0 0 0 0 0 0 0 0 0 0 0 0 0 0 0 0 0 0 0 0 0 0 0 0 0 0 0 0 0 0 0 0 0 0 0 0 0 0 0 0 0 0 0 0 0 0 0 0 0 0 0 0 0 0 0 0 0 0 0]
[2534954662573479525523959743375960130176630358155662766246930882420728470945981570646545084257315349496609754540787379547257062060956857923529721985594524712147707839185217217503601994441558431743 0 0 0 0 1 0 0 0 0 0 0 0 0 0 0 0 0 0 0 0 0 0 0 0 0 0 0 0 0 0 0 0 0 0 0 0 0 0 0 0 0 0 0 0 0 0 0 0 0 0 0 0 0 0 0 0 0 0 0 0 0 0 0 0]
[723636889658437484064675288938465007564503419410592054819901534345762752507205537032456377214785714558668518217090389972192647621957126902167284919282141257880663389531291496963719788641805110080 0 0 0 0 0 1 0 0 0 0 0 0 0 0 0 0 0 0 0 0 0 0 0 0 0 0 0 0 0 0 0 0 0 0 0 0 0 0 0 0 0 0 0 0 0 0 0 0 0 0 0 0 0 0 0 0 0 0 0 0 0 0 0 0]
[224168106532595126255822894657808199110691843696703153724999826911813870160226624781896742384019356184764417759183142116676530091813933935417210728138422063579914875222290200045471336722575447294 0 0 0 0 0 0 1 0 0 0 0 0 0 0 0 0 0 0 0 0 0 0 0 0 0 0 0 0 0 0 0 0 0 0 0 0 0 0 0 0 0 0 0 0 0 0 0 0 0 0 0 0 0 0 0 0 0 0 0 0 0 0 0 0]
[2922557324153765556228779683061730065303813662711473586916970007103205274246573194539760514165655772443746849699704200010164346421306212437469302904541737180232862495854844328964999521741747775547 0 0 0 0 0 0 0 1 0 0 0 0 0 0 0 0 0 0 0 0 0 0 0 0 0 0 0 0 0 0 0 0 0 0 0 0 0 0 0 0 0 0 0 0 0 0 0 0 0 0 0 0 0 0 0 0 0 0 0 0 0 0 0 0]
[893306573590835578008036424304643274938785240813470850612924753846761261629495920167128246113515618080119489755586497844786252567421493440027862687807946598901654085361677136849612644461291190025 0 0 0 0 0 0 0 0 1 0 0 0 0 0 0 0 0 0 0 0 0 0 0 0 0 0 0 0 0 0 0 0 0 0 0 0 0 0 0 0 0 0 0 0 0 0 0 0 0 0 0 0 0 0 0 0 0 0 0 0 0 0 0 0]
[770598373725628499658926721017482610690914090031297777787945742506702509043349726762855739172856150297220763306567480719935584123103185498844973085119810298132579889119855757110228785514654152988 0 0 0 0 0 0 0 0 0 1 0 0 0 0 0 0 0 0 0 0 0 0 0 0 0 0 0 0 0 0 0 0 0 0 0 0 0 0 0 0 0 0 0 0 0 0 0 0 0 0 0 0 0 0 0 0 0 0 0 0 0 0 0 0]
[2479142619260995672830795238776670896875597538141545536302580274955186877923569792188653111963232397452395761743257556027379618571890953105667307438764671603962084870511718362505598607585967523669 0 0 0 0 0 0 0 0 0 0 1 0 0 0 0 0 0 0 0 0 0 0 0 0 0 0 0 0 0 0 0 0 0 0 0 0 0 0 0 0 0 0 0 0 0 0 0 0 0 0 0 0 0 0 0 0 0 0 0 0 0 0 0 0]
[1879615280448219609629402633437385660893431077707695058231856442864772325571500864212776552336170460162594621024923966632107263922559316681581283345306827885466834266222214146764619368975152982623 0 0 0 0 0 0 0 0 0 0 0 1 0 0 0 0 0 0 0 0 0 0 0 0 0 0 0 0 0 0 0 0 0 0 0 0 0 0 0 0 0 0 0 0 0 0 0 0 0 0 0 0 0 0 0 0 0 0 0 0 0 0 0 0]
[1438211593633069137313835557457923205232676869159668502611351546786468425898151292753194758067177882406834340102000015063692024458289640856309266777338759441135012667456666571908665832871558276083 0 0 0 0 0 0 0 0 0 0 0 0 1 0 0 0 0 0 0 0 0 0 0 0 0 0 0 0 0 0 0 0 0 0 0 0 0 0 0 0 0 0 0 0 0 0 0 0 0 0 0 0 0 0 0 0 0 0 0 0 0 0 0 0]
[1263662187232655080685290746003232244899869132299524074327145340654846563474132754693893368460793517709360151906970504477515172688275453611826312117816859162512122417522079354149635213006377078391 0 0 0 0 0 0 0 0 0 0 0 0 0 1 0 0 0 0 0 0 0 0 0 0 0 0 0 0 0 0 0 0 0 0 0 0 0 0 0 0 0 0 0 0 0 0 0 0 0 0 0 0 0 0 0 0 0 0 0 0 0 0 0 0]
[2326766336526203767153795966106929986037931026840437504053486426466836199626135345277253689933809389631606280839023164112976422360352473922243154136571146678227255265693449937712546325832464865808 0 0 0 0 0 0 0 0 0 0 0 0 0 0 1 0 0 0 0 0 0 0 0 0 0 0 0 0 0 0 0 0 0 0 0 0 0 0 0 0 0 0 0 0 0 0 0 0 0 0 0 0 0 0 0 0 0 0 0 0 0 0 0 0]
[527795035817295660277548536249505319689501302947747556061701711540010460383011563369978000613869131127224969563991852999679513825283746816717969729188094224397727756842976939871120451804719705805 0 0 0 0 0 0 0 0 0 0 0 0 0 0 0 1 0 0 0 0 0 0 0 0 0 0 0 0 0 0 0 0 0 0 0 0 0 0 0 0 0 0 0 0 0 0 0 0 0 0 0 0 0 0 0 0 0 0 0 0 0 0 0 0]
[1976421858478311525387937161839439117908699635815861576869426951819960384650363384098819936060418246936274652090892168621131863482698933235206469866242054225251214010847825510499715669179929278865 0 0 0 0 0 0 0 0 0 0 0 0 0 0 0 0 1 0 0 0 0 0 0 0 0 0 0 0 0 0 0 0 0 0 0 0 0 0 0 0 0 0 0 0 0 0 0 0 0 0 0 0 0 0 0 0 0 0 0 0 0 0 0 0]
[2450361190954709402253410181138983283716461031094967684428579140344040527764760968508167815164995061486368775303809975986698920298284299236928195925254340336562453290836415283741308885546101213136 0 0 0 0 0 0 0 0 0 0 0 0 0 0 0 0 0 1 0 0 0 0 0 0 0 0 0 0 0 0 0 0 0 0 0 0 0 0 0 0 0 0 0 0 0 0 0 0 0 0 0 0 0 0 0 0 0 0 0 0 0 0 0 0]
[2973565733714515737341939027821438994004705550459605154652405748256561275645788986725870468475518292997450605386302433267416235592807967641122849840462098342789668910151785784258854651037171170914 0 0 0 0 0 0 0 0 0 0 0 0 0 0 0 0 0 0 1 0 0 0 0 0 0 0 0 0 0 0 0 0 0 0 0 0 0 0 0 0 0 0 0 0 0 0 0 0 0 0 0 0 0 0 0 0 0 0 0 0 0 0 0 0]
[571713549811711152805894315328830612603063262896080071924675538313519192494211478790963101938357006962836103146042631038584010873164772563265758819042701676626577972493153767246661054778528248551 0 0 0 0 0 0 0 0 0 0 0 0 0 0 0 0 0 0 0 1 0 0 0 0 0 0 0 0 0 0 0 0 0 0 0 0 0 0 0 0 0 0 0 0 0 0 0 0 0 0 0 0 0 0 0 0 0 0 0 0 0 0 0 0]
[1225312034268640561551871673364854639100293700995386785995612663502852909580426760050306465774528636388914206856566093660314548795592783798131323822294149130119053867420136263694612715713389266920 0 0 0 0 0 0 0 0 0 0 0 0 0 0 0 0 0 0 0 0 1 0 0 0 0 0 0 0 0 0 0 0 0 0 0 0 0 0 0 0 0 0 0 0 0 0 0 0 0 0 0 0 0 0 0 0 0 0 0 0 0 0 0 0]
[1401961128183684822157198041117109739286148018529732039331265293095835459337014852028954300089212836749491370692928077372634551607910360856385525576648737975328647001926956136768926055918031341320 0 0 0 0 0 0 0 0 0 0 0 0 0 0 0 0 0 0 0 0 0 1 0 0 0 0 0 0 0 0 0 0 0 0 0 0 0 0 0 0 0 0 0 0 0 0 0 0 0 0 0 0 0 0 0 0 0 0 0 0 0 0 0 0]
[1432339542366513584335376322989091337355996394586701891359563665931993425276108731829674592919458509970950767016895384189696322338157014341751321450387023886814306675202148223949773964617972537682 0 0 0 0 0 0 0 0 0 0 0 0 0 0 0 0 0 0 0 0 0 0 1 0 0 0 0 0 0 0 0 0 0 0 0 0 0 0 0 0 0 0 0 0 0 0 0 0 0 0 0 0 0 0 0 0 0 0 0 0 0 0 0 0]
[2310379736658368166927367272816806628942523325872787799389652316762619155253919825499892569614930613615666854787143964880935475297628777719022885288742323144607466156162715236523788119622709164659 0 0 0 0 0 0 0 0 0 0 0 0 0 0 0 0 0 0 0 0 0 0 0 1 0 0 0 0 0 0 0 0 0 0 0 0 0 0 0 0 0 0 0 0 0 0 0 0 0 0 0 0 0 0 0 0 0 0 0 0 0 0 0 0]
[2831203020434529839135806825331111219594017053064707475005536079851039051689241608298585179037392927498268242941806316253296296469452168397677801148260968263763758766908203995374116846601511116214 0 0 0 0 0 0 0 0 0 0 0 0 0 0 0 0 0 0 0 0 0 0 0 0 1 0 0 0 0 0 0 0 0 0 0 0 0 0 0 0 0 0 0 0 0 0 0 0 0 0 0 0 0 0 0 0 0 0 0 0 0 0 0 0]
[2553033431486285527522797694315646886789804210356648056620858133271175647908946495779175960591983714289521263857249741408915051783578331710203526391287530025029144408271444673389932306104827124062 0 0 0 0 0 0 0 0 0 0 0 0 0 0 0 0 0 0 0 0 0 0 0 0 0 1 0 0 0 0 0 0 0 0 0 0 0 0 0 0 0 0 0 0 0 0 0 0 0 0 0 0 0 0 0 0 0 0 0 0 0 0 0 0]
[2430163279017704270670054204850242833507204503856891977230182862369823285477966213303431821135521532794576101160216009045050934329730482503729502768797520799962529142680625328668690269068461571790 0 0 0 0 0 0 0 0 0 0 0 0 0 0 0 0 0 0 0 0 0 0 0 0 0 0 1 0 0 0 0 0 0 0 0 0 0 0 0 0 0 0 0 0 0 0 0 0 0 0 0 0 0 0 0 0 0 0 0 0 0 0 0 0]
[995040252521760397412749572483007176884200427114677543855107203130384353905332178294607006787955872681297886857830795178769681680947883046014633982102665130011415944614637217777378981593740208668 0 0 0 0 0 0 0 0 0 0 0 0 0 0 0 0 0 0 0 0 0 0 0 0 0 0 0 1 0 0 0 0 0 0 0 0 0 0 0 0 0 0 0 0 0 0 0 0 0 0 0 0 0 0 0 0 0 0 0 0 0 0 0 0]
[2465250010874962692389741735446370722152955243213444604284984597734780584934094475376336614701614812909603460204266029637938083136870571488587761359611490707971022275767004287086708833537319756942 0 0 0 0 0 0 0 0 0 0 0 0 0 0 0 0 0 0 0 0 0 0 0 0 0 0 0 0 1 0 0 0 0 0 0 0 0 0 0 0 0 0 0 0 0 0 0 0 0 0 0 0 0 0 0 0 0 0 0 0 0 0 0 0]
[954000751322030335228842776390398347610942442964029081399405440527136056885985637478892541598640617284737298436080263112690294526569250633928270721088011829078069735076659248745037702388977749594 0 0 0 0 0 0 0 0 0 0 0 0 0 0 0 0 0 0 0 0 0 0 0 0 0 0 0 0 0 1 0 0 0 0 0 0 0 0 0 0 0 0 0 0 0 0 0 0 0 0 0 0 0 0 0 0 0 0 0 0 0 0 0 0]
[2248476711598021670590729150991226204787495735397904234248188438273771400861307592349560713817689622642592357876375143022046525339172707637818367481464437896898720605715036308906004545464611024824 0 0 0 0 0 0 0 0 0 0 0 0 0 0 0 0 0 0 0 0 0 0 0 0 0 0 0 0 0 0 1 0 0 0 0 0 0 0 0 0 0 0 0 0 0 0 0 0 0 0 0 0 0 0 0 0 0 0 0 0 0 0 0 0]
[2766679523735169376603255774743719314741573203003232940151017307101803098944240390908824798100025156832857910674780441616548373734305967330456829999955078461967666480325076628484592921728895603416 0 0 0 0 0 0 0 0 0 0 0 0 0 0 0 0 0 0 0 0 0 0 0 0 0 0 0 0 0 0 0 1 0 0 0 0 0 0 0 0 0 0 0 0 0 0 0 0 0 0 0 0 0 0 0 0 0 0 0 0 0 0 0 0]
[1263968473810451102416455979012217617273407089729812603432586562028236402197526195697906163948875208037266376977821805033061520426149315491754300710221337090527428325918558854156814158462052668783 0 0 0 0 0 0 0 0 0 0 0 0 0 0 0 0 0 0 0 0 0 0 0 0 0 0 0 0 0 0 0 0 1 0 0 0 0 0 0 0 0 0 0 0 0 0 0 0 0 0 0 0 0 0 0 0 0 0 0 0 0 0 0 0]
[1574678294717761775866301589221109490357834239918371656621203103719185587331594018058578101160958343461153404254352545602458402110294880676043227506241836199870859799816545068202248236816128379456 0 0 0 0 0 0 0 0 0 0 0 0 0 0 0 0 0 0 0 0 0 0 0 0 0 0 0 0 0 0 0 0 0 1 0 0 0 0 0 0 0 0 0 0 0 0 0 0 0 0 0 0 0 0 0 0 0 0 0 0 0 0 0 0]
[1868801623968618202492318390952686250170437780056223974805892495106383815433662102957378610978049449823982539368683717041237306786927310838133779802890907010817958583859173379672280975841280790773 0 0 0 0 0 0 0 0 0 0 0 0 0 0 0 0 0 0 0 0 0 0 0 0 0 0 0 0 0 0 0 0 0 0 1 0 0 0 0 0 0 0 0 0 0 0 0 0 0 0 0 0 0 0 0 0 0 0 0 0 0 0 0 0]
[999719910682716489066592868719571306823596342005465950309425847937429657633941726588708870192296925808405016265078699599149874141839597136793152378512711685798617156836694195496822573670818521823 0 0 0 0 0 0 0 0 0 0 0 0 0 0 0 0 0 0 0 0 0 0 0 0 0 0 0 0 0 0 0 0 0 0 0 1 0 0 0 0 0 0 0 0 0 0 0 0 0 0 0 0 0 0 0 0 0 0 0 0 0 0 0 0]
[2870007921036210757658416257695116977215599169357748199897224500647389568282755104268700330011497044886419842571615628836454028769051824019519701302727329154904464008521430688337409225346085368792 0 0 0 0 0 0 0 0 0 0 0 0 0 0 0 0 0 0 0 0 0 0 0 0 0 0 0 0 0 0 0 0 0 0 0 0 1 0 0 0 0 0 0 0 0 0 0 0 0 0 0 0 0 0 0 0 0 0 0 0 0 0 0 0]
[367893808707701188153659026969078851336486679292050740071336523306817627164705214091017246114931716982282504866340992110925960013055888483877987160283302788097759143095671740119805383987110258327 0 0 0 0 0 0 0 0 0 0 0 0 0 0 0 0 0 0 0 0 0 0 0 0 0 0 0 0 0 0 0 0 0 0 0 0 0 1 0 0 0 0 0 0 0 0 0 0 0 0 0 0 0 0 0 0 0 0 0 0 0 0 0 0]
[483087499194155149923557421580611904708237166881692964187338833360942680189812805398293517745161625705446860914441752091059918347661399114151937118678030999927749107224065109257219123815557761850 0 0 0 0 0 0 0 0 0 0 0 0 0 0 0 0 0 0 0 0 0 0 0 0 0 0 0 0 0 0 0 0 0 0 0 0 0 0 1 0 0 0 0 0 0 0 0 0 0 0 0 0 0 0 0 0 0 0 0 0 0 0 0 0]
[2964157385180374343681066216988318485205029373361459694524287538367784024207702708297643755254896154557319383840158075909648104148555917056007764651105950229954297321456253935556278260532072154831 0 0 0 0 0 0 0 0 0 0 0 0 0 0 0 0 0 0 0 0 0 0 0 0 0 0 0 0 0 0 0 0 0 0 0 0 0 0 0 1 0 0 0 0 0 0 0 0 0 0 0 0 0 0 0 0 0 0 0 0 0 0 0 0]
[629018291443999054005190928108430620921119213148598660657366516267751212125572461011483504391993544688677698986670648628523383102730781890506823299104684554612408264673614135396634403815744997675 0 0 0 0 0 0 0 0 0 0 0 0 0 0 0 0 0 0 0 0 0 0 0 0 0 0 0 0 0 0 0 0 0 0 0 0 0 0 0 0 1 0 0 0 0 0 0 0 0 0 0 0 0 0 0 0 0 0 0 0 0 0 0 0]
[2500899562249404446868687981413060901566569749864681506070999264633213582697788352433399932051695373010172372639514987613155284877990571448938026444125374158144847667197115218445930086941871756958 0 0 0 0 0 0 0 0 0 0 0 0 0 0 0 0 0 0 0 0 0 0 0 0 0 0 0 0 0 0 0 0 0 0 0 0 0 0 0 0 0 1 0 0 0 0 0 0 0 0 0 0 0 0 0 0 0 0 0 0 0 0 0 0]
[2388789739159442059922295964761848386309535062559866808309153218485872619261697498323510809012809435861241043182237019042814707048492266773833936223969456682940237033702335959049949047915934017397 0 0 0 0 0 0 0 0 0 0 0 0 0 0 0 0 0 0 0 0 0 0 0 0 0 0 0 0 0 0 0 0 0 0 0 0 0 0 0 0 0 0 1 0 0 0 0 0 0 0 0 0 0 0 0 0 0 0 0 0 0 0 0 0]
[645663765840900845571252079250931096509362994873050162046828447743486386702388464978334495505773664202177245880912321470988149727333856134481034000072147977335778736639088220695902929911756454183 0 0 0 0 0 0 0 0 0 0 0 0 0 0 0 0 0 0 0 0 0 0 0 0 0 0 0 0 0 0 0 0 0 0 0 0 0 0 0 0 0 0 0 1 0 0 0 0 0 0 0 0 0 0 0 0 0 0 0 0 0 0 0 0]
[2043126514524835099262148584331293666587100130268934997924797647241175362460218653038935212249097709627239070971842549378017246225599326704179300129533997716334877578306481951983399957949932429009 0 0 0 0 0 0 0 0 0 0 0 0 0 0 0 0 0 0 0 0 0 0 0 0 0 0 0 0 0 0 0 0 0 0 0 0 0 0 0 0 0 0 0 0 1 0 0 0 0 0 0 0 0 0 0 0 0 0 0 0 0 0 0 0]
[2642013825009263959160337345837303640166963359693209048878480890543415506153773192743885802248429368798363206962139512233394181954448020115216500768474627051297848840570849835965829840330556911849 0 0 0 0 0 0 0 0 0 0 0 0 0 0 0 0 0 0 0 0 0 0 0 0 0 0 0 0 0 0 0 0 0 0 0 0 0 0 0 0 0 0 0 0 0 1 0 0 0 0 0 0 0 0 0 0 0 0 0 0 0 0 0 0]
[276607072183073098823188377626334978988279998371628458585871397724864163954037348607931480830916477379927664388927780085453143429430801993181552479303951772975292589638497233479337355774126114454 0 0 0 0 0 0 0 0 0 0 0 0 0 0 0 0 0 0 0 0 0 0 0 0 0 0 0 0 0 0 0 0 0 0 0 0 0 0 0 0 0 0 0 0 0 0 1 0 0 0 0 0 0 0 0 0 0 0 0 0 0 0 0 0]
[1459894218360006335833864165136721838651410771147456027580585762619253568342348159679446041125219671829506275075777480597411032423491908033562255837161588920448299970499287144861723918494490454154 0 0 0 0 0 0 0 0 0 0 0 0 0 0 0 0 0 0 0 0 0 0 0 0 0 0 0 0 0 0 0 0 0 0 0 0 0 0 0 0 0 0 0 0 0 0 0 1 0 0 0 0 0 0 0 0 0 0 0 0 0 0 0 0]
[292121931741167305273399531764552045358088915090399769885003584411561692992518157646636263586991186949505310793071694284619641824124066253007656218968997685921944699928785116452148933504335472874 0 0 0 0 0 0 0 0 0 0 0 0 0 0 0 0 0 0 0 0 0 0 0 0 0 0 0 0 0 0 0 0 0 0 0 0 0 0 0 0 0 0 0 0 0 0 0 0 1 0 0 0 0 0 0 0 0 0 0 0 0 0 0 0]
[2061932103497417508661833137050842471546655559554933455252027717501671148440912913236477372501597781002147142911725619631485070702871114974865024460295167661097758053450801585552932173002241892042 0 0 0 0 0 0 0 0 0 0 0 0 0 0 0 0 0 0 0 0 0 0 0 0 0 0 0 0 0 0 0 0 0 0 0 0 0 0 0 0 0 0 0 0 0 0 0 0 0 1 0 0 0 0 0 0 0 0 0 0 0 0 0 0]
[2487783812781655172268286318220097199990863286232118031965946868741485478368242386419395007475746496329920502589225332012773566942299876321303774361847338739574118192842381014226877173413235861787 0 0 0 0 0 0 0 0 0 0 0 0 0 0 0 0 0 0 0 0 0 0 0 0 0 0 0 0 0 0 0 0 0 0 0 0 0 0 0 0 0 0 0 0 0 0 0 0 0 0 1 0 0 0 0 0 0 0 0 0 0 0 0 0]
[814782990997306397489600729572023252939442584867883107943319811310742438451906945421536079534903287790381021093218797750001909008960090972166831287264321292209736325700807566749482948819882926098 0 0 0 0 0 0 0 0 0 0 0 0 0 0 0 0 0 0 0 0 0 0 0 0 0 0 0 0 0 0 0 0 0 0 0 0 0 0 0 0 0 0 0 0 0 0 0 0 0 0 0 1 0 0 0 0 0 0 0 0 0 0 0 0]
[2944103502017822535876624424335596011200501385218763270067129625215689912868563244838640023669665287252843833607897458208323825428467570891725929563578081116220821827165461474419850027729326523787 0 0 0 0 0 0 0 0 0 0 0 0 0 0 0 0 0 0 0 0 0 0 0 0 0 0 0 0 0 0 0 0 0 0 0 0 0 0 0 0 0 0 0 0 0 0 0 0 0 0 0 0 1 0 0 0 0 0 0 0 0 0 0 0]
[2615321774016955665935203691899357061626969250490949715053219516641780372911874784620291198044430281386113754295490022360654560376347145106072730316392236845010051201675622767254539570997309787417 0 0 0 0 0 0 0 0 0 0 0 0 0 0 0 0 0 0 0 0 0 0 0 0 0 0 0 0 0 0 0 0 0 0 0 0 0 0 0 0 0 0 0 0 0 0 0 0 0 0 0 0 0 1 0 0 0 0 0 0 0 0 0 0]
[224958012126201516021624171270622334099234118836266763345208176575427484358206452838313064076935292414515324535435447688466242095817358155459755472270488549150012330041379130680106167494608058582 0 0 0 0 0 0 0 0 0 0 0 0 0 0 0 0 0 0 0 0 0 0 0 0 0 0 0 0 0 0 0 0 0 0 0 0 0 0 0 0 0 0 0 0 0 0 0 0 0 0 0 0 0 0 1 0 0 0 0 0 0 0 0 0]
[2787907325524465391048917351997438234494137964059969568717412064790306997440608370682193395418807312656795757993775323057909361304042189832626657556120679684845680042842078362154187390683618804972 0 0 0 0 0 0 0 0 0 0 0 0 0 0 0 0 0 0 0 0 0 0 0 0 0 0 0 0 0 0 0 0 0 0 0 0 0 0 0 0 0 0 0 0 0 0 0 0 0 0 0 0 0 0 0 1 0 0 0 0 0 0 0 0]
[1810188171377115125011578105961992450376873903637554290971312301631328021629215691237636537791168587260517582487424922196454304557863138997564429890125136426797987499316921821046047802988560718913 0 0 0 0 0 0 0 0 0 0 0 0 0 0 0 0 0 0 0 0 0 0 0 0 0 0 0 0 0 0 0 0 0 0 0 0 0 0 0 0 0 0 0 0 0 0 0 0 0 0 0 0 0 0 0 0 1 0 0 0 0 0 0 0]
[2174694012170668483890954469290790717542258296107232564108305406853304553149697222977925079931557740191896056903400985937575674083410358706068775618221537204040385706513294732093642551688887323362 0 0 0 0 0 0 0 0 0 0 0 0 0 0 0 0 0 0 0 0 0 0 0 0 0 0 0 0 0 0 0 0 0 0 0 0 0 0 0 0 0 0 0 0 0 0 0 0 0 0 0 0 0 0 0 0 0 1 0 0 0 0 0 0]
[2628475146443515703120413508017775114094405378886752604764549551587012853936028112844725871202479150632302194222747771821074530090709993259591867043550084450722563184472874569948004043358530021390 0 0 0 0 0 0 0 0 0 0 0 0 0 0 0 0 0 0 0 0 0 0 0 0 0 0 0 0 0 0 0 0 0 0 0 0 0 0 0 0 0 0 0 0 0 0 0 0 0 0 0 0 0 0 0 0 0 0 1 0 0 0 0 0]
[2103869537110762424847959542496355855261573259909089587940567376955111998235168164815774028995154604434294342032796949980738319553491966817968711525433012796384215617599055074196453230164237757451 0 0 0 0 0 0 0 0 0 0 0 0 0 0 0 0 0 0 0 0 0 0 0 0 0 0 0 0 0 0 0 0 0 0 0 0 0 0 0 0 0 0 0 0 0 0 0 0 0 0 0 0 0 0 0 0 0 0 0 1 0 0 0 0]
[2487176309298290015045415112108835608415683860793118043090073871160464946782018043029777898992047568207755565570805493996004489862181128918536280957949681102520292021384862252583685746239443216595 0 0 0 0 0 0 0 0 0 0 0 0 0 0 0 0 0 0 0 0 0 0 0 0 0 0 0 0 0 0 0 0 0 0 0 0 0 0 0 0 0 0 0 0 0 0 0 0 0 0 0 0 0 0 0 0 0 0 0 0 1 0 0 0]
[3082481649817137248545712096104632251923571862311634441993548924021232784510827291985917026644978265830128680054826909108019688564869299191020405372960769374843418991342464555505890049454575276686 0 0 0 0 0 0 0 0 0 0 0 0 0 0 0 0 0 0 0 0 0 0 0 0 0 0 0 0 0 0 0 0 0 0 0 0 0 0 0 0 0 0 0 0 0 0 0 0 0 0 0 0 0 0 0 0 0 0 0 0 0 1 0 0]
[1049035645425002784156324634944342367831306907056741763873954974543885493150773187717781220595119709197019999108209952111395830782431998348825710057763761887035034070555183038952954424796321979201 0 0 0 0 0 0 0 0 0 0 0 0 0 0 0 0 0 0 0 0 0 0 0 0 0 0 0 0 0 0 0 0 0 0 0 0 0 0 0 0 0 0 0 0 0 0 0 0 0 0 0 0 0 0 0 0 0 0 0 0 0 0 1 0]
[682582556525869880447375105347889204759017772090935828213439646135754895433275735625795342311385405829090134965411692163805432107403782820345370315972301737564202682230428361109268680868447236987 0 0 0 0 0 0 0 0 0 0 0 0 0 0 0 0 0 0 0 0 0 0 0 0 0 0 0 0 0 0 0 0 0 0 0 0 0 0 0 0 0 0 0 0 0 0 0 0 0 0 0 0 0 0 0 0 0 0 0 0 0 0 0 1]
]
