[[5170421351272868854414104549397370232834467761054182414104063389613940265018260782619116813860071923408489730532251537650839336549066588691254588948066650967276512269149789046367349546358827358903354967913445611930617949784967409670282260418293006931770839524858262882602848392130135635679 0 0 0 0 0 0 0 0 0 0 0 0 0 0 0 0 0 0 0 0 0 0 0 0 0 0 0 0 0 0 0 0 0 0 0 0 0 0 0 0 0 0 0 0 0 0 0 0 0 0 0 0 0 0 0 0 0 0 0 0 0 0 0 0 0 0 0 0 0 0 0 0 0 0 0 0 0 0 0 0 0 0 0 0 0 0 0 0 0 0 0 0 0 0 0]
[5096248056155478832577355214239191480701604795889616117453795545526926983025166834496985708161966431473996133186487366606989320825836517063719946975802346267339254698920557115801025971101759773341638098201931222501345305499331018650780991488393197494175691293973182249754508559852775098747 1 0 0 0 0 0 0 0 0 0 0 0 0 0 0 0 0 0 0 0 0 0 0 0 0 0 0 0 0 0 0 0 0 0 0 0 0 0 0 0 0 0 0 0 0 0 0 0 0 0 0 0 0 0 0 0 0 0 0 0 0 0 0 0 0 0 0 0 0 0 0 0 0 0 0 0 0 0 0 0 0 0 0 0 0 0 0 0 0 0 0 0 0 0 0]
[347538921435008227260777907480726829893035714050093739569445825239219773994319292299739960399289333370919629829825034566559273516587981114019001161100900799443184724859052862930909102836602635585057974585385913459135368201097445628376852766902343306383975562294139032039087914846792598141 0 1 0 0 0 0 0 0 0 0 0 0 0 0 0 0 0 0 0 0 0 0 0 0 0 0 0 0 0 0 0 0 0 0 0 0 0 0 0 0 0 0 0 0 0 0 0 0 0 0 0 0 0 0 0 0 0 0 0 0 0 0 0 0 0 0 0 0 0 0 0 0 0 0 0 0 0 0 0 0 0 0 0 0 0 0 0 0 0 0 0 0 0 0 0]
[1658714760964010415555623134068284378638252307256717554441683077600321771915236275712557622227599370127209118702001506052742003896548798590795509716213979193524804813734227959027348039773476789273844248930610683059764282152736171336130158847532105946648557409517893487303308146752936600928 0 0 1 0 0 0 0 0 0 0 0 0 0 0 0 0 0 0 0 0 0 0 0 0 0 0 0 0 0 0 0 0 0 0 0 0 0 0 0 0 0 0 0 0 0 0 0 0 0 0 0 0 0 0 0 0 0 0 0 0 0 0 0 0 0 0 0 0 0 0 0 0 0 0 0 0 0 0 0 0 0 0 0 0 0 0 0 0 0 0 0 0 0 0 0]
[682060508168946720432024796153215442387424503444531078006372287714032249693118285702268331824161407443360720382195655390464913280518299062055816324807278369021918201892502739651298408835105282206376312736055658474300590766731506686124525497977157877278654771216925362837217389232359449260 0 0 0 1 0 0 0 0 0 0 0 0 0 0 0 0 0 0 0 0 0 0 0 0 0 0 0 0 0 0 0 0 0 0 0 0 0 0 0 0 0 0 0 0 0 0 0 0 0 0 0 0 0 0 0 0 0 0 0 0 0 0 0 0 0 0 0 0 0 0 0 0 0 0 0 0 0 0 0 0 0 0 0 0 0 0 0 0 0 0 0 0 0 0 0]
[1201962666395132716157581583172165230113490393312872078973763630566880756617513049668517929539720426156310349626481174295960952840848367230703500460560679428088514809197880825517616605160970084335701910469420992053668283081935069985057173105186521249534168591416362512319500722999396842009 0 0 0 0 1 0 0 0 0 0 0 0 0 0 0 0 0 0 0 0 0 0 0 0 0 0 0 0 0 0 0 0 0 0 0 0 0 0 0 0 0 0 0 0 0 0 0 0 0 0 0 0 0 0 0 0 0 0 0 0 0 0 0 0 0 0 0 0 0 0 0 0 0 0 0 0 0 0 0 0 0 0 0 0 0 0 0 0 0 0 0 0 0 0 0]
[2218045319822355396932468819668010955543007540753986506925616038614827003143973147838994594496158947565176616309981159743036357902884516096122222758725222510466724253847870684892724635917423758129684850472510297941724412893235892848788773933789873083507539491602560872709904555350334872694 0 0 0 0 0 1 0 0 0 0 0 0 0 0 0 0 0 0 0 0 0 0 0 0 0 0 0 0 0 0 0 0 0 0 0 0 0 0 0 0 0 0 0 0 0 0 0 0 0 0 0 0 0 0 0 0 0 0 0 0 0 0 0 0 0 0 0 0 0 0 0 0 0 0 0 0 0 0 0 0 0 0 0 0 0 0 0 0 0 0 0 0 0 0 0]
[2423634350503320872751009599895756585234739742510773399243991864811975830438425111394286702445325917150929315452025147785933969073902029992170034366864590362323322589229402640144128404371720892797102788719028879875257180603949658244850976976464287866489154371877155671529700642737572972504 0 0 0 0 0 0 1 0 0 0 0 0 0 0 0 0 0 0 0 0 0 0 0 0 0 0 0 0 0 0 0 0 0 0 0 0 0 0 0 0 0 0 0 0 0 0 0 0 0 0 0 0 0 0 0 0 0 0 0 0 0 0 0 0 0 0 0 0 0 0 0 0 0 0 0 0 0 0 0 0 0 0 0 0 0 0 0 0 0 0 0 0 0 0 0]
[3452141146773504943068355846154812357594821445658008702281150088747262990528069737711637304213063125714138775875716645081262100441243283958618897697325535249948163799925252464838375323116871341813050802622450084867047046594460821080979392887472514568411768434535880045641946662292062125422 0 0 0 0 0 0 0 1 0 0 0 0 0 0 0 0 0 0 0 0 0 0 0 0 0 0 0 0 0 0 0 0 0 0 0 0 0 0 0 0 0 0 0 0 0 0 0 0 0 0 0 0 0 0 0 0 0 0 0 0 0 0 0 0 0 0 0 0 0 0 0 0 0 0 0 0 0 0 0 0 0 0 0 0 0 0 0 0 0 0 0 0 0 0 0]
[3026117357630688003202320597661723075079580085796547321601497043189947948364578978483423889795558268363371755353382928832176456919763862410160618951583816763097369168694003065683062970563014101684180204283421043083468155142072103457116424678483931599945397820262742398041226971654660366041 0 0 0 0 0 0 0 0 1 0 0 0 0 0 0 0 0 0 0 0 0 0 0 0 0 0 0 0 0 0 0 0 0 0 0 0 0 0 0 0 0 0 0 0 0 0 0 0 0 0 0 0 0 0 0 0 0 0 0 0 0 0 0 0 0 0 0 0 0 0 0 0 0 0 0 0 0 0 0 0 0 0 0 0 0 0 0 0 0 0 0 0 0 0 0]
[2239465360621987933160877790508531663184384677828600884704118196727485097050025755904709506866986556263226187599289467823592191736644196495403752594550783987463317698822515220074352650462696113311284181641346011659967485113633374773540660919802445988555303598881162752384435195056411887670 0 0 0 0 0 0 0 0 0 1 0 0 0 0 0 0 0 0 0 0 0 0 0 0 0 0 0 0 0 0 0 0 0 0 0 0 0 0 0 0 0 0 0 0 0 0 0 0 0 0 0 0 0 0 0 0 0 0 0 0 0 0 0 0 0 0 0 0 0 0 0 0 0 0 0 0 0 0 0 0 0 0 0 0 0 0 0 0 0 0 0 0 0 0 0]
[244629986310483591721686439711784898221185551877792761725119073918656799200867299054006893961408265763349352931356351800134389725415958606531142053874317667852238191127392645916163251476606416943836655209658594219762889184522859681792248539963796193476789023569723908876993285546536651901 0 0 0 0 0 0 0 0 0 0 1 0 0 0 0 0 0 0 0 0 0 0 0 0 0 0 0 0 0 0 0 0 0 0 0 0 0 0 0 0 0 0 0 0 0 0 0 0 0 0 0 0 0 0 0 0 0 0 0 0 0 0 0 0 0 0 0 0 0 0 0 0 0 0 0 0 0 0 0 0 0 0 0 0 0 0 0 0 0 0 0 0 0 0 0]
[1834618215231395039561302959224121007253338686443952548374760495549566072227013368774631681008509566252681520929845467911224097904699969517489981250838889074983822615157328029574906176191526923022028660757895577669143182232142362308090400706216724672846944035318207817742393025252468437880 0 0 0 0 0 0 0 0 0 0 0 1 0 0 0 0 0 0 0 0 0 0 0 0 0 0 0 0 0 0 0 0 0 0 0 0 0 0 0 0 0 0 0 0 0 0 0 0 0 0 0 0 0 0 0 0 0 0 0 0 0 0 0 0 0 0 0 0 0 0 0 0 0 0 0 0 0 0 0 0 0 0 0 0 0 0 0 0 0 0 0 0 0 0 0]
[1660901610200096740808922730938640143605799135363643909178828753244745529786457587919244350386702495157525693637234661112066854574834034855778258153035945995846341859735352049686883235207968201702440154056979376481829618925224847160541899377300524484781374486577592252504561772949589515760 0 0 0 0 0 0 0 0 0 0 0 0 1 0 0 0 0 0 0 0 0 0 0 0 0 0 0 0 0 0 0 0 0 0 0 0 0 0 0 0 0 0 0 0 0 0 0 0 0 0 0 0 0 0 0 0 0 0 0 0 0 0 0 0 0 0 0 0 0 0 0 0 0 0 0 0 0 0 0 0 0 0 0 0 0 0 0 0 0 0 0 0 0 0 0]
[3653200822209618784503454374655367159610363659196396836943937414011051860434593884969770555326614983207267443926603139656292698902244652521861976566107374730187522888858161637633573945079760648298769155275908327685873301027378966151058177601681937045994626232002732836991515324219984450104 0 0 0 0 0 0 0 0 0 0 0 0 0 1 0 0 0 0 0 0 0 0 0 0 0 0 0 0 0 0 0 0 0 0 0 0 0 0 0 0 0 0 0 0 0 0 0 0 0 0 0 0 0 0 0 0 0 0 0 0 0 0 0 0 0 0 0 0 0 0 0 0 0 0 0 0 0 0 0 0 0 0 0 0 0 0 0 0 0 0 0 0 0 0 0]
[772092675814107418489331540825495317229001823541517620697201643645818055054224500072316034720765610163797882596555914910982879936344113232036033900822542786141137357229216392402794160881204728475044273242670186407854795065749750645179112644782346657800735101145610524588442412365545353420 0 0 0 0 0 0 0 0 0 0 0 0 0 0 1 0 0 0 0 0 0 0 0 0 0 0 0 0 0 0 0 0 0 0 0 0 0 0 0 0 0 0 0 0 0 0 0 0 0 0 0 0 0 0 0 0 0 0 0 0 0 0 0 0 0 0 0 0 0 0 0 0 0 0 0 0 0 0 0 0 0 0 0 0 0 0 0 0 0 0 0 0 0 0 0]
[2670205694542598464230107091495575508799894081841759758678470276265362778242235966797262616228797919768836141024785896371282306144831358926518383333732367674677276932504198281110582054535885625847681256735635032581547853791526387970181285785348983523654498273542711742888321085545885101351 0 0 0 0 0 0 0 0 0 0 0 0 0 0 0 1 0 0 0 0 0 0 0 0 0 0 0 0 0 0 0 0 0 0 0 0 0 0 0 0 0 0 0 0 0 0 0 0 0 0 0 0 0 0 0 0 0 0 0 0 0 0 0 0 0 0 0 0 0 0 0 0 0 0 0 0 0 0 0 0 0 0 0 0 0 0 0 0 0 0 0 0 0 0 0]
[694037783600183873314991143020680446751262071877304001452711403571404680312161162416927065358520740696819537150102479165927558894671455820498556807119599624602280383781841380602964324908274494539091143322837141317155772514772149789516381283926201940581035080595667540846801866529509522041 0 0 0 0 0 0 0 0 0 0 0 0 0 0 0 0 1 0 0 0 0 0 0 0 0 0 0 0 0 0 0 0 0 0 0 0 0 0 0 0 0 0 0 0 0 0 0 0 0 0 0 0 0 0 0 0 0 0 0 0 0 0 0 0 0 0 0 0 0 0 0 0 0 0 0 0 0 0 0 0 0 0 0 0 0 0 0 0 0 0 0 0 0 0 0]
[3621503221528217035196345248612524612423687643057966651564845786878815723231600867828786750839044230558403913748736547304351393620974480778590415257772631942943298576307209773292932986073178640954456155091617555662432571216535851671061187609830067609256509081297022356319383731890435393562 0 0 0 0 0 0 0 0 0 0 0 0 0 0 0 0 0 1 0 0 0 0 0 0 0 0 0 0 0 0 0 0 0 0 0 0 0 0 0 0 0 0 0 0 0 0 0 0 0 0 0 0 0 0 0 0 0 0 0 0 0 0 0 0 0 0 0 0 0 0 0 0 0 0 0 0 0 0 0 0 0 0 0 0 0 0 0 0 0 0 0 0 0 0 0]
[4888687742332138769438810659474742928576210826043830833403693724537176818556769291100662553188393024879935243769185061117818174029858128216495673645965815997867133629977239714863289470544276047734794000096297117235810535451223907114568106047777714781295586332459778713885818177251947860334 0 0 0 0 0 0 0 0 0 0 0 0 0 0 0 0 0 0 1 0 0 0 0 0 0 0 0 0 0 0 0 0 0 0 0 0 0 0 0 0 0 0 0 0 0 0 0 0 0 0 0 0 0 0 0 0 0 0 0 0 0 0 0 0 0 0 0 0 0 0 0 0 0 0 0 0 0 0 0 0 0 0 0 0 0 0 0 0 0 0 0 0 0 0 0]
[2304545791541704842174356015543871795054332583441752052227446831468669803539301115697510305972559961007306384298523600306461637663291989566785156406846198898189608751657390458693358904885967785359396601254051735609996649038984899735957275686229987184293219193726588946949504828378292727361 0 0 0 0 0 0 0 0 0 0 0 0 0 0 0 0 0 0 0 1 0 0 0 0 0 0 0 0 0 0 0 0 0 0 0 0 0 0 0 0 0 0 0 0 0 0 0 0 0 0 0 0 0 0 0 0 0 0 0 0 0 0 0 0 0 0 0 0 0 0 0 0 0 0 0 0 0 0 0 0 0 0 0 0 0 0 0 0 0 0 0 0 0 0 0]
[2537238504607586385360987028476426832073285833730431682869566440565464531304302507525816034247943933781161757396411223039106104382785560168127065315896014963316710047443133816378908937414263745811255605341642659456030758145718746087980685486980722106533833083410733940308035555204725913213 0 0 0 0 0 0 0 0 0 0 0 0 0 0 0 0 0 0 0 0 1 0 0 0 0 0 0 0 0 0 0 0 0 0 0 0 0 0 0 0 0 0 0 0 0 0 0 0 0 0 0 0 0 0 0 0 0 0 0 0 0 0 0 0 0 0 0 0 0 0 0 0 0 0 0 0 0 0 0 0 0 0 0 0 0 0 0 0 0 0 0 0 0 0 0]
[1459807075664282324830411012175381915570941005071196524132296126247204462927363649927834832002584016608494654991711111654560709390982000595648147662990511198371867159421076906988983571468123297164320821122470714469383326631772521957522581900870180219612540900784320099694682310961252270096 0 0 0 0 0 0 0 0 0 0 0 0 0 0 0 0 0 0 0 0 0 1 0 0 0 0 0 0 0 0 0 0 0 0 0 0 0 0 0 0 0 0 0 0 0 0 0 0 0 0 0 0 0 0 0 0 0 0 0 0 0 0 0 0 0 0 0 0 0 0 0 0 0 0 0 0 0 0 0 0 0 0 0 0 0 0 0 0 0 0 0 0 0 0 0]
[4658109954778828216748707915381667041214541879093023870600879459140586780217098475505517719691402003919724405616553575466326683324768276783054495356066287328085097088580562462340478721079257417056709899111346309477091083940114279056108655499703108186164755549511127937395508933370008330110 0 0 0 0 0 0 0 0 0 0 0 0 0 0 0 0 0 0 0 0 0 0 1 0 0 0 0 0 0 0 0 0 0 0 0 0 0 0 0 0 0 0 0 0 0 0 0 0 0 0 0 0 0 0 0 0 0 0 0 0 0 0 0 0 0 0 0 0 0 0 0 0 0 0 0 0 0 0 0 0 0 0 0 0 0 0 0 0 0 0 0 0 0 0 0]
[3132258111235625103795733403176172279612946273777551166896375002467969159562367947504893332622631889796485243832590286732836895890481300961710196038922102855383228039944490320388389627585647176844705302478864826227956769198599352181465240098620858980019392852223899075907987613245981709610 0 0 0 0 0 0 0 0 0 0 0 0 0 0 0 0 0 0 0 0 0 0 0 1 0 0 0 0 0 0 0 0 0 0 0 0 0 0 0 0 0 0 0 0 0 0 0 0 0 0 0 0 0 0 0 0 0 0 0 0 0 0 0 0 0 0 0 0 0 0 0 0 0 0 0 0 0 0 0 0 0 0 0 0 0 0 0 0 0 0 0 0 0 0 0]
[4896363296343157016780726792208629003988679386102921443365449856488630960986688516584019337369478350517035005371533392336631963137940528582336389168308552275820268437237189394128254711962323333116118825810907131666901945416844974456505252357034972901561750012635392693283869520946732912161 0 0 0 0 0 0 0 0 0 0 0 0 0 0 0 0 0 0 0 0 0 0 0 0 1 0 0 0 0 0 0 0 0 0 0 0 0 0 0 0 0 0 0 0 0 0 0 0 0 0 0 0 0 0 0 0 0 0 0 0 0 0 0 0 0 0 0 0 0 0 0 0 0 0 0 0 0 0 0 0 0 0 0 0 0 0 0 0 0 0 0 0 0 0 0]
[2929394809139661753632635550500045204894449829166205156045794076143128774508658654576798443498675898396012222151706891449334724068865939888311074756788393029099576042701706917961658103860760928433650476255294377138588528141876243464912436073955445401864759092934307961074769771744499082127 0 0 0 0 0 0 0 0 0 0 0 0 0 0 0 0 0 0 0 0 0 0 0 0 0 1 0 0 0 0 0 0 0 0 0 0 0 0 0 0 0 0 0 0 0 0 0 0 0 0 0 0 0 0 0 0 0 0 0 0 0 0 0 0 0 0 0 0 0 0 0 0 0 0 0 0 0 0 0 0 0 0 0 0 0 0 0 0 0 0 0 0 0 0 0]
[49180981857127429236867142360601583136291531484356391068772606893435315216408998397755365442710763413939953201172359363202859953475072495326035120679271893245220317137249324407612164061752193021692560016975963849518379836229757266208898599265629376600222388179883349710524934666043379669 0 0 0 0 0 0 0 0 0 0 0 0 0 0 0 0 0 0 0 0 0 0 0 0 0 0 1 0 0 0 0 0 0 0 0 0 0 0 0 0 0 0 0 0 0 0 0 0 0 0 0 0 0 0 0 0 0 0 0 0 0 0 0 0 0 0 0 0 0 0 0 0 0 0 0 0 0 0 0 0 0 0 0 0 0 0 0 0 0 0 0 0 0 0 0]
[3649535905665332323630546261102078437106190040514834426645090603662320910225211383152128188412726163325887610236736564105642751207348843630419556375098057078946029585811095139912128056380687196525383941027791481617290309435570716809445411460620224214635833847340236231933019678071894318443 0 0 0 0 0 0 0 0 0 0 0 0 0 0 0 0 0 0 0 0 0 0 0 0 0 0 0 1 0 0 0 0 0 0 0 0 0 0 0 0 0 0 0 0 0 0 0 0 0 0 0 0 0 0 0 0 0 0 0 0 0 0 0 0 0 0 0 0 0 0 0 0 0 0 0 0 0 0 0 0 0 0 0 0 0 0 0 0 0 0 0 0 0 0 0]
[3237678563325780189772464418960420400169773933207284499467084251826484644432654723794240149139399795193502404297262060771110019586917119948620988912628999232619861844949128064814529830776962521917786215526928981164839272503379621574474010818107138322981012201592125195782687875023019460725 0 0 0 0 0 0 0 0 0 0 0 0 0 0 0 0 0 0 0 0 0 0 0 0 0 0 0 0 1 0 0 0 0 0 0 0 0 0 0 0 0 0 0 0 0 0 0 0 0 0 0 0 0 0 0 0 0 0 0 0 0 0 0 0 0 0 0 0 0 0 0 0 0 0 0 0 0 0 0 0 0 0 0 0 0 0 0 0 0 0 0 0 0 0 0]
[2979291751377275642193339995006973868908316076203062668433774927724211823723683925962121708460564436720135258267091233735058563358995853394323962134690138131873771082461952579796962597442349908852753401961817041202778960051937549648856153732721933506289917254561438473025388442137663552298 0 0 0 0 0 0 0 0 0 0 0 0 0 0 0 0 0 0 0 0 0 0 0 0 0 0 0 0 0 1 0 0 0 0 0 0 0 0 0 0 0 0 0 0 0 0 0 0 0 0 0 0 0 0 0 0 0 0 0 0 0 0 0 0 0 0 0 0 0 0 0 0 0 0 0 0 0 0 0 0 0 0 0 0 0 0 0 0 0 0 0 0 0 0 0]
[1878427420558234872595356755605579737213229521306966541140167554584292416298894867443975758618525433450606752200929575302235335389208989063165788946710859608381589734298752735707914201508058834520986322667732558055912557706912862867449152155163879981218597945826012487813320418238558057885 0 0 0 0 0 0 0 0 0 0 0 0 0 0 0 0 0 0 0 0 0 0 0 0 0 0 0 0 0 0 1 0 0 0 0 0 0 0 0 0 0 0 0 0 0 0 0 0 0 0 0 0 0 0 0 0 0 0 0 0 0 0 0 0 0 0 0 0 0 0 0 0 0 0 0 0 0 0 0 0 0 0 0 0 0 0 0 0 0 0 0 0 0 0 0]
[5065182337519670309010697532045587025480214926102253287962913467192912377884345455251230337593212345323075146043342084192999130792523243425400063708223349473414510556090077372722663424135159146565791887813329359214862179073744271787166731386133505670153433325817702009438257293328888953964 0 0 0 0 0 0 0 0 0 0 0 0 0 0 0 0 0 0 0 0 0 0 0 0 0 0 0 0 0 0 0 1 0 0 0 0 0 0 0 0 0 0 0 0 0 0 0 0 0 0 0 0 0 0 0 0 0 0 0 0 0 0 0 0 0 0 0 0 0 0 0 0 0 0 0 0 0 0 0 0 0 0 0 0 0 0 0 0 0 0 0 0 0 0 0]
[3018573404901361753350529136795135690292149965628579371419450971773125281140555861177300332132482907397671346068010370446865489328912072440446023224277745954090032580107445549950512480436369381690600577491506391942262889281884284906705584947654423523504927411631721836522987938037174563037 0 0 0 0 0 0 0 0 0 0 0 0 0 0 0 0 0 0 0 0 0 0 0 0 0 0 0 0 0 0 0 0 1 0 0 0 0 0 0 0 0 0 0 0 0 0 0 0 0 0 0 0 0 0 0 0 0 0 0 0 0 0 0 0 0 0 0 0 0 0 0 0 0 0 0 0 0 0 0 0 0 0 0 0 0 0 0 0 0 0 0 0 0 0 0]
[641985648404239906613710977328078286534292443468565270319716932286786229348091383848978687716227955421518495019147424517604627792847976105790798691380331094627501063316441375763044185458680703812772334937724990468321527396389608335218353905202528011964070453623220377595703041343301511201 0 0 0 0 0 0 0 0 0 0 0 0 0 0 0 0 0 0 0 0 0 0 0 0 0 0 0 0 0 0 0 0 0 1 0 0 0 0 0 0 0 0 0 0 0 0 0 0 0 0 0 0 0 0 0 0 0 0 0 0 0 0 0 0 0 0 0 0 0 0 0 0 0 0 0 0 0 0 0 0 0 0 0 0 0 0 0 0 0 0 0 0 0 0 0]
[1118048882714418011145536332770033249123833512956378238580125115564680220979856115510833835307026902528689257505374449461193335225666697766861631427910651978058345232300795557273719290095633958748093573028172724923295942699358234482987185755409260243262583612742135787249165540501939161829 0 0 0 0 0 0 0 0 0 0 0 0 0 0 0 0 0 0 0 0 0 0 0 0 0 0 0 0 0 0 0 0 0 0 1 0 0 0 0 0 0 0 0 0 0 0 0 0 0 0 0 0 0 0 0 0 0 0 0 0 0 0 0 0 0 0 0 0 0 0 0 0 0 0 0 0 0 0 0 0 0 0 0 0 0 0 0 0 0 0 0 0 0 0 0]
[708531342714447071092074569906808195843439857365104761144775716006307400730273445219594308626534694310093904025142378580918141350304176163559233954595935704823827142977323362840144635236574330498234891653805671208819866971705244361151982622272360898345925757711644100394590482158768635687 0 0 0 0 0 0 0 0 0 0 0 0 0 0 0 0 0 0 0 0 0 0 0 0 0 0 0 0 0 0 0 0 0 0 0 1 0 0 0 0 0 0 0 0 0 0 0 0 0 0 0 0 0 0 0 0 0 0 0 0 0 0 0 0 0 0 0 0 0 0 0 0 0 0 0 0 0 0 0 0 0 0 0 0 0 0 0 0 0 0 0 0 0 0 0]
[4925857650538884611316428067288070957085554735375523595341494659473162700540546445949376589496380885935312651038484188004811706413768394545455557179201243773020572741676147500661251704808122012392652323248641873762546348178743280365065252731614973672054696795095332724278673127777403084823 0 0 0 0 0 0 0 0 0 0 0 0 0 0 0 0 0 0 0 0 0 0 0 0 0 0 0 0 0 0 0 0 0 0 0 0 1 0 0 0 0 0 0 0 0 0 0 0 0 0 0 0 0 0 0 0 0 0 0 0 0 0 0 0 0 0 0 0 0 0 0 0 0 0 0 0 0 0 0 0 0 0 0 0 0 0 0 0 0 0 0 0 0 0 0]
[527423450373392451462632873315380293280310786511299329383051371372815241617152939607251779638010420281758312488431857031237203014204437861032412046972046613756416912900076944173496982527512941005310272302102650566520934531469545741072460967457199163947967321157290774516106164086180835981 0 0 0 0 0 0 0 0 0 0 0 0 0 0 0 0 0 0 0 0 0 0 0 0 0 0 0 0 0 0 0 0 0 0 0 0 0 1 0 0 0 0 0 0 0 0 0 0 0 0 0 0 0 0 0 0 0 0 0 0 0 0 0 0 0 0 0 0 0 0 0 0 0 0 0 0 0 0 0 0 0 0 0 0 0 0 0 0 0 0 0 0 0 0 0]
[2765795070189024700785758100823860141308226508969176612297310551885207371070284755549652497065673937460259880060755047701279257962800086621218554124355452560814631853872202943055178296372988887110544046104537345564355107734294180176908816499277209991399873717603643965458631989808773778631 0 0 0 0 0 0 0 0 0 0 0 0 0 0 0 0 0 0 0 0 0 0 0 0 0 0 0 0 0 0 0 0 0 0 0 0 0 0 1 0 0 0 0 0 0 0 0 0 0 0 0 0 0 0 0 0 0 0 0 0 0 0 0 0 0 0 0 0 0 0 0 0 0 0 0 0 0 0 0 0 0 0 0 0 0 0 0 0 0 0 0 0 0 0 0]
[4568125383457112942985710441885499513413456389958714923242231174475848463259322742524687132436237896729448858666605959705938825580761781257231380235599801434274932224717392336147428756246679774189660225704909036817649886016256149079539261078941739347674048875112101806106668988710951983536 0 0 0 0 0 0 0 0 0 0 0 0 0 0 0 0 0 0 0 0 0 0 0 0 0 0 0 0 0 0 0 0 0 0 0 0 0 0 0 1 0 0 0 0 0 0 0 0 0 0 0 0 0 0 0 0 0 0 0 0 0 0 0 0 0 0 0 0 0 0 0 0 0 0 0 0 0 0 0 0 0 0 0 0 0 0 0 0 0 0 0 0 0 0 0]
[1699164676365127347334932629736398227623225826746065123278486875762776286886754415238245149399730355083076364660402286692767649027349481824005147271273630295039930527760944632146047941338292752656432035520680225298182999425839224326439926310504569620744961784850767217422328333663274965994 0 0 0 0 0 0 0 0 0 0 0 0 0 0 0 0 0 0 0 0 0 0 0 0 0 0 0 0 0 0 0 0 0 0 0 0 0 0 0 0 1 0 0 0 0 0 0 0 0 0 0 0 0 0 0 0 0 0 0 0 0 0 0 0 0 0 0 0 0 0 0 0 0 0 0 0 0 0 0 0 0 0 0 0 0 0 0 0 0 0 0 0 0 0 0]
[627334026967096265597165019404395094097799846307721326591048773550934775370254586156193585802790577935064720866125509939279068700783208668160748912902895371774835449370628960899597337208755468956536824342657031531544320443997915149241854680046205910773775531469476145664572043819326230560 0 0 0 0 0 0 0 0 0 0 0 0 0 0 0 0 0 0 0 0 0 0 0 0 0 0 0 0 0 0 0 0 0 0 0 0 0 0 0 0 0 1 0 0 0 0 0 0 0 0 0 0 0 0 0 0 0 0 0 0 0 0 0 0 0 0 0 0 0 0 0 0 0 0 0 0 0 0 0 0 0 0 0 0 0 0 0 0 0 0 0 0 0 0 0]
[741204579492811813178465246306267339147847140293137325546037707819718897995598086603273880860270346309848642993524599695629399186239073969029710670205406897357101147231543906372030062803772026944922496814110583701225563106412322600481173593206359319390807188151753218444825923136278431402 0 0 0 0 0 0 0 0 0 0 0 0 0 0 0 0 0 0 0 0 0 0 0 0 0 0 0 0 0 0 0 0 0 0 0 0 0 0 0 0 0 0 1 0 0 0 0 0 0 0 0 0 0 0 0 0 0 0 0 0 0 0 0 0 0 0 0 0 0 0 0 0 0 0 0 0 0 0 0 0 0 0 0 0 0 0 0 0 0 0 0 0 0 0 0]
[23517284012107048565728273475231899950522406012969798202885173110454271458977901466320196292611537038377958362415348072069373008127453161567830679407278668306495703146893774188384772802277342179764026073372352798032515329259660455197765231545280814637945879739312630906237958956402262421 0 0 0 0 0 0 0 0 0 0 0 0 0 0 0 0 0 0 0 0 0 0 0 0 0 0 0 0 0 0 0 0 0 0 0 0 0 0 0 0 0 0 0 1 0 0 0 0 0 0 0 0 0 0 0 0 0 0 0 0 0 0 0 0 0 0 0 0 0 0 0 0 0 0 0 0 0 0 0 0 0 0 0 0 0 0 0 0 0 0 0 0 0 0 0]
[3115815007222339607100195974587120706000565455125907071019866517913494870919294031240593552282187106210548954064862386150149693845114624286440884958136143033093874037594870333633854895411516418071144191889412285648822285422666813511558499431570305980622472978008268915794530970591173484052 0 0 0 0 0 0 0 0 0 0 0 0 0 0 0 0 0 0 0 0 0 0 0 0 0 0 0 0 0 0 0 0 0 0 0 0 0 0 0 0 0 0 0 0 1 0 0 0 0 0 0 0 0 0 0 0 0 0 0 0 0 0 0 0 0 0 0 0 0 0 0 0 0 0 0 0 0 0 0 0 0 0 0 0 0 0 0 0 0 0 0 0 0 0 0]
[1559369149694448248226140688484186455134240014561110818419840820907082377247603784696975388927123139053030035244714424147140309077343440426139109843493701563749008889410708186561624400606142209674903911439091344893921892801049773987053129997544473426110317538358008607813316459668418629422 0 0 0 0 0 0 0 0 0 0 0 0 0 0 0 0 0 0 0 0 0 0 0 0 0 0 0 0 0 0 0 0 0 0 0 0 0 0 0 0 0 0 0 0 0 1 0 0 0 0 0 0 0 0 0 0 0 0 0 0 0 0 0 0 0 0 0 0 0 0 0 0 0 0 0 0 0 0 0 0 0 0 0 0 0 0 0 0 0 0 0 0 0 0 0]
[2932356784540856234419370596467541937458165648711561437226342556335804563654334827832726663874377917189150003120878969895978772138022798541713167156640938600756472542724686062217643354372272576147643799545953389307147416409333929583352269282143594587758982691049993004198489434133056933101 0 0 0 0 0 0 0 0 0 0 0 0 0 0 0 0 0 0 0 0 0 0 0 0 0 0 0 0 0 0 0 0 0 0 0 0 0 0 0 0 0 0 0 0 0 0 1 0 0 0 0 0 0 0 0 0 0 0 0 0 0 0 0 0 0 0 0 0 0 0 0 0 0 0 0 0 0 0 0 0 0 0 0 0 0 0 0 0 0 0 0 0 0 0 0]
[508487372394990683104633217109131685074288712615392833945160186846076959041858318200196035154489873757232059926139999618009194977237409278250760051530631653249388076019239152831920026160927775894872848266043265851851495522313384476115384089245089156016347310319338695938987931392031197223 0 0 0 0 0 0 0 0 0 0 0 0 0 0 0 0 0 0 0 0 0 0 0 0 0 0 0 0 0 0 0 0 0 0 0 0 0 0 0 0 0 0 0 0 0 0 0 1 0 0 0 0 0 0 0 0 0 0 0 0 0 0 0 0 0 0 0 0 0 0 0 0 0 0 0 0 0 0 0 0 0 0 0 0 0 0 0 0 0 0 0 0 0 0 0]
[706510971942593560476387691755869586550615528154548649672620903983960394158768602377829985729810117122342047057697280507846658124391962056664119897452920723666714931972893293598421344898515606214735279917720729363237497963479713723664136950397493443057178282086231861498205130880966917914 0 0 0 0 0 0 0 0 0 0 0 0 0 0 0 0 0 0 0 0 0 0 0 0 0 0 0 0 0 0 0 0 0 0 0 0 0 0 0 0 0 0 0 0 0 0 0 0 1 0 0 0 0 0 0 0 0 0 0 0 0 0 0 0 0 0 0 0 0 0 0 0 0 0 0 0 0 0 0 0 0 0 0 0 0 0 0 0 0 0 0 0 0 0 0]
[1194631708429862137248409309060834400986997635969521869259279917922581780732347321813717051861859350063324811050743570092140393250241931766608844214512233214010007955738972281450864500565583741841543200816242092098196268178383724390123400094843607325937289113408340629418395965803234911100 0 0 0 0 0 0 0 0 0 0 0 0 0 0 0 0 0 0 0 0 0 0 0 0 0 0 0 0 0 0 0 0 0 0 0 0 0 0 0 0 0 0 0 0 0 0 0 0 0 1 0 0 0 0 0 0 0 0 0 0 0 0 0 0 0 0 0 0 0 0 0 0 0 0 0 0 0 0 0 0 0 0 0 0 0 0 0 0 0 0 0 0 0 0 0]
[99741939569153100894711736610917197340697471281261799810614831721984257878122315074680340203238342368137267185820825460558107829245371255385594787687262597947117747865483691459018083758418546078550613292648915251207921517758945987563976612286414290448926452700426898021614874421737121302 0 0 0 0 0 0 0 0 0 0 0 0 0 0 0 0 0 0 0 0 0 0 0 0 0 0 0 0 0 0 0 0 0 0 0 0 0 0 0 0 0 0 0 0 0 0 0 0 0 0 1 0 0 0 0 0 0 0 0 0 0 0 0 0 0 0 0 0 0 0 0 0 0 0 0 0 0 0 0 0 0 0 0 0 0 0 0 0 0 0 0 0 0 0 0]
[906635390932903773618530535533845196284511946332778938110197104525519464057980665829691237093616133332208583601392566795181298487278939963042365425421001062301049911550690178009384022567439571560847638012598287563402280239708675705047539543453391999173703196572172891926568406748374550299 0 0 0 0 0 0 0 0 0 0 0 0 0 0 0 0 0 0 0 0 0 0 0 0 0 0 0 0 0 0 0 0 0 0 0 0 0 0 0 0 0 0 0 0 0 0 0 0 0 0 0 1 0 0 0 0 0 0 0 0 0 0 0 0 0 0 0 0 0 0 0 0 0 0 0 0 0 0 0 0 0 0 0 0 0 0 0 0 0 0 0 0 0 0 0]
[127245699255393197170316244679301856041905354096017372956460118916625767526581040887599339773870039498058508857859157123297011362784326941678801349403602542668579148380889543181675699697447564553995651128543109551024129990145697550276769874782274515158011416348972281562241297495242946852 0 0 0 0 0 0 0 0 0 0 0 0 0 0 0 0 0 0 0 0 0 0 0 0 0 0 0 0 0 0 0 0 0 0 0 0 0 0 0 0 0 0 0 0 0 0 0 0 0 0 0 0 1 0 0 0 0 0 0 0 0 0 0 0 0 0 0 0 0 0 0 0 0 0 0 0 0 0 0 0 0 0 0 0 0 0 0 0 0 0 0 0 0 0 0]
[2998964717712082242594421998572948466823352642899278401769274953426399319186009547291477920761774182917619414813490150612436801562590090607689128607328151546627157387658062596701303873044149791798702006425085535205238558339881264155590114404743049999028628150829478846021020558233586403312 0 0 0 0 0 0 0 0 0 0 0 0 0 0 0 0 0 0 0 0 0 0 0 0 0 0 0 0 0 0 0 0 0 0 0 0 0 0 0 0 0 0 0 0 0 0 0 0 0 0 0 0 0 1 0 0 0 0 0 0 0 0 0 0 0 0 0 0 0 0 0 0 0 0 0 0 0 0 0 0 0 0 0 0 0 0 0 0 0 0 0 0 0 0 0]
[1258117043763152900387681913861190187776229311726302642947061950678194348748155135936496475086365947879159496248718672508445223937680180356106937951128548872327899899835753143854408016455185569452289336821100109567976208222640781286115087200379422769416755780297446989770860564036402725003 0 0 0 0 0 0 0 0 0 0 0 0 0 0 0 0 0 0 0 0 0 0 0 0 0 0 0 0 0 0 0 0 0 0 0 0 0 0 0 0 0 0 0 0 0 0 0 0 0 0 0 0 0 0 1 0 0 0 0 0 0 0 0 0 0 0 0 0 0 0 0 0 0 0 0 0 0 0 0 0 0 0 0 0 0 0 0 0 0 0 0 0 0 0 0]
[1060772376240559375829259969542743499720405367728083547202705541033798986661312161413738727684676479514007061717273460894684636108950147286711696247909923977717047577547355326743559669435371696096165654733171477794117735275064151841248315201263640164313741677570747982065733715823164939747 0 0 0 0 0 0 0 0 0 0 0 0 0 0 0 0 0 0 0 0 0 0 0 0 0 0 0 0 0 0 0 0 0 0 0 0 0 0 0 0 0 0 0 0 0 0 0 0 0 0 0 0 0 0 0 1 0 0 0 0 0 0 0 0 0 0 0 0 0 0 0 0 0 0 0 0 0 0 0 0 0 0 0 0 0 0 0 0 0 0 0 0 0 0 0]
[3408987033689197382838459270878725210242516864751141592624262834111284079810208802087208707200057779785489280351271169062192972831702432241252205419767896818607336334490246166262378958943658293453521679865841031411998871155531780939908916419340245033965670576539374657887512597965751033905 0 0 0 0 0 0 0 0 0 0 0 0 0 0 0 0 0 0 0 0 0 0 0 0 0 0 0 0 0 0 0 0 0 0 0 0 0 0 0 0 0 0 0 0 0 0 0 0 0 0 0 0 0 0 0 0 1 0 0 0 0 0 0 0 0 0 0 0 0 0 0 0 0 0 0 0 0 0 0 0 0 0 0 0 0 0 0 0 0 0 0 0 0 0 0]
[3852269099432627845099243360305667080815705010662724702455113108261102542058576923692355916717308550325002755885886604396864820626198125836760537595087083027496113188524210940736318748695019966699024523619147525431887539788354862282747674785672184662488291353794784596778494035189143886846 0 0 0 0 0 0 0 0 0 0 0 0 0 0 0 0 0 0 0 0 0 0 0 0 0 0 0 0 0 0 0 0 0 0 0 0 0 0 0 0 0 0 0 0 0 0 0 0 0 0 0 0 0 0 0 0 0 1 0 0 0 0 0 0 0 0 0 0 0 0 0 0 0 0 0 0 0 0 0 0 0 0 0 0 0 0 0 0 0 0 0 0 0 0 0]
[62681167732980647925349693068442680626709865786131557333310807787578185823159106405209969726868857584599619805450912230717987434410572466896770699631299242065260612100674065179634161832423887314793305169493394474380577663430115820371696717407748696849249343782661734213808732716874574288 0 0 0 0 0 0 0 0 0 0 0 0 0 0 0 0 0 0 0 0 0 0 0 0 0 0 0 0 0 0 0 0 0 0 0 0 0 0 0 0 0 0 0 0 0 0 0 0 0 0 0 0 0 0 0 0 0 0 1 0 0 0 0 0 0 0 0 0 0 0 0 0 0 0 0 0 0 0 0 0 0 0 0 0 0 0 0 0 0 0 0 0 0 0 0]
[3289633277363557288545028341937746096064029968986118917141997150182857638124944132144816030665775055075002037729419951019046205087140346516614501658031371022683961154514878663136199719644620277632274941276982385088130347137942315355264939797964643466086912763120745249314877028406934134812 0 0 0 0 0 0 0 0 0 0 0 0 0 0 0 0 0 0 0 0 0 0 0 0 0 0 0 0 0 0 0 0 0 0 0 0 0 0 0 0 0 0 0 0 0 0 0 0 0 0 0 0 0 0 0 0 0 0 0 1 0 0 0 0 0 0 0 0 0 0 0 0 0 0 0 0 0 0 0 0 0 0 0 0 0 0 0 0 0 0 0 0 0 0 0]
[2843006229934555577201019594540346915497394442949059926071748685128585063025321234962344653670372104984622936695028570112797947858844732218297185978573685284290824924886044367460477787846890402001505968816362545546400705071052925544991174733679043503818628681738609419165197420581399034735 0 0 0 0 0 0 0 0 0 0 0 0 0 0 0 0 0 0 0 0 0 0 0 0 0 0 0 0 0 0 0 0 0 0 0 0 0 0 0 0 0 0 0 0 0 0 0 0 0 0 0 0 0 0 0 0 0 0 0 0 1 0 0 0 0 0 0 0 0 0 0 0 0 0 0 0 0 0 0 0 0 0 0 0 0 0 0 0 0 0 0 0 0 0 0]
[3269260011773728857696609126512752115320533559243107378294813358423818056637245110512681884618302348716017643479464728404795052619217696876871265373682989417709050213113042339979274199291409398768077057497198528036334261521311955824968007477824205845379633960174336257958451605080008792991 0 0 0 0 0 0 0 0 0 0 0 0 0 0 0 0 0 0 0 0 0 0 0 0 0 0 0 0 0 0 0 0 0 0 0 0 0 0 0 0 0 0 0 0 0 0 0 0 0 0 0 0 0 0 0 0 0 0 0 0 0 1 0 0 0 0 0 0 0 0 0 0 0 0 0 0 0 0 0 0 0 0 0 0 0 0 0 0 0 0 0 0 0 0 0]
[903386942138987097810086143318740773398097106770939560591927908535163740168704148980976801430368106574589042852325086824567621261229789266156085481526395195693650314471535555213109716248301389470203163454893361050157683175009361754504301155455892745241881061987264758084802838745527876621 0 0 0 0 0 0 0 0 0 0 0 0 0 0 0 0 0 0 0 0 0 0 0 0 0 0 0 0 0 0 0 0 0 0 0 0 0 0 0 0 0 0 0 0 0 0 0 0 0 0 0 0 0 0 0 0 0 0 0 0 0 0 1 0 0 0 0 0 0 0 0 0 0 0 0 0 0 0 0 0 0 0 0 0 0 0 0 0 0 0 0 0 0 0 0]
[4901255704427737684102722565040624004343638932775719931090121355172214382902325026937094053049846467540191417412896531707437367295306700715097951433871846241411671267219940672701329292729119874739845650760959090812903534414418688181127963910441940454998586297722609895500296340362142255371 0 0 0 0 0 0 0 0 0 0 0 0 0 0 0 0 0 0 0 0 0 0 0 0 0 0 0 0 0 0 0 0 0 0 0 0 0 0 0 0 0 0 0 0 0 0 0 0 0 0 0 0 0 0 0 0 0 0 0 0 0 0 0 1 0 0 0 0 0 0 0 0 0 0 0 0 0 0 0 0 0 0 0 0 0 0 0 0 0 0 0 0 0 0 0]
[4888722515846600130474540769906041332372792151521632603992402883083215770978872319663532134436851733282541281658924054183892370564434977233991518033612911616002765638602153123790573592044289683420143208873542870290146452581866924430211905838996676488991108070695016863162931993135243111063 0 0 0 0 0 0 0 0 0 0 0 0 0 0 0 0 0 0 0 0 0 0 0 0 0 0 0 0 0 0 0 0 0 0 0 0 0 0 0 0 0 0 0 0 0 0 0 0 0 0 0 0 0 0 0 0 0 0 0 0 0 0 0 0 1 0 0 0 0 0 0 0 0 0 0 0 0 0 0 0 0 0 0 0 0 0 0 0 0 0 0 0 0 0 0]
[3010954129834770036027647953077760719985788554920287108327412830207832848304944580801255422513613343750172216261661987907722724666254355907056831230092196013988503366339379570157605421526705875824011130879250121280764930095637283015075044575670325208306270117142812548704682137957276139395 0 0 0 0 0 0 0 0 0 0 0 0 0 0 0 0 0 0 0 0 0 0 0 0 0 0 0 0 0 0 0 0 0 0 0 0 0 0 0 0 0 0 0 0 0 0 0 0 0 0 0 0 0 0 0 0 0 0 0 0 0 0 0 0 0 1 0 0 0 0 0 0 0 0 0 0 0 0 0 0 0 0 0 0 0 0 0 0 0 0 0 0 0 0 0]
[472762128046530158128594416969818369434708323395079910566743725975095731554773373057916576701873034095888078575572224624759449076339187989549438897641092221826531262813315213097413899751113950303507597475619388055476210633537285310554359500288048868424094573431542471213496828530785573217 0 0 0 0 0 0 0 0 0 0 0 0 0 0 0 0 0 0 0 0 0 0 0 0 0 0 0 0 0 0 0 0 0 0 0 0 0 0 0 0 0 0 0 0 0 0 0 0 0 0 0 0 0 0 0 0 0 0 0 0 0 0 0 0 0 0 1 0 0 0 0 0 0 0 0 0 0 0 0 0 0 0 0 0 0 0 0 0 0 0 0 0 0 0 0]
[865415175120442269294586116834657994636540248710013949956657042947944825788615246283500800407015459060003785667150478920859946763870805216516412185014190920214988528221890522028444728830360765970928473109125523565930906776582110166959093509663059104451413672583959433307889935375959306008 0 0 0 0 0 0 0 0 0 0 0 0 0 0 0 0 0 0 0 0 0 0 0 0 0 0 0 0 0 0 0 0 0 0 0 0 0 0 0 0 0 0 0 0 0 0 0 0 0 0 0 0 0 0 0 0 0 0 0 0 0 0 0 0 0 0 0 1 0 0 0 0 0 0 0 0 0 0 0 0 0 0 0 0 0 0 0 0 0 0 0 0 0 0 0]
[1874253588537609266310563742194226316114644274986079045178460232018608715374488399645699608111679924090993896225091485824480237494276894642764482488105560038380225460900210897215460985637196946740842569890605796958094578644041852993396950958238407137710633064156248911186241971707207165761 0 0 0 0 0 0 0 0 0 0 0 0 0 0 0 0 0 0 0 0 0 0 0 0 0 0 0 0 0 0 0 0 0 0 0 0 0 0 0 0 0 0 0 0 0 0 0 0 0 0 0 0 0 0 0 0 0 0 0 0 0 0 0 0 0 0 0 0 1 0 0 0 0 0 0 0 0 0 0 0 0 0 0 0 0 0 0 0 0 0 0 0 0 0 0]
[47829881302584156865088202593095713153345984010506658681956689039252395987334362545193269642869176791894664750879844090505453729804227488826518386224741586909869142886641967114251598653178323017128025559926768170633837688402721729902692496480987325182291701043921502024227783593925251344 0 0 0 0 0 0 0 0 0 0 0 0 0 0 0 0 0 0 0 0 0 0 0 0 0 0 0 0 0 0 0 0 0 0 0 0 0 0 0 0 0 0 0 0 0 0 0 0 0 0 0 0 0 0 0 0 0 0 0 0 0 0 0 0 0 0 0 0 0 1 0 0 0 0 0 0 0 0 0 0 0 0 0 0 0 0 0 0 0 0 0 0 0 0 0]
[3308605985087147647255661610641685922592826489985897641308334349150651071748848274654008270165017273507489556352190236259403745025930698188132222108616199194697696293054472139295127253609342308626150583509867077995765482522446723888779535593598339263820578966619618885893519287462895093070 0 0 0 0 0 0 0 0 0 0 0 0 0 0 0 0 0 0 0 0 0 0 0 0 0 0 0 0 0 0 0 0 0 0 0 0 0 0 0 0 0 0 0 0 0 0 0 0 0 0 0 0 0 0 0 0 0 0 0 0 0 0 0 0 0 0 0 0 0 0 1 0 0 0 0 0 0 0 0 0 0 0 0 0 0 0 0 0 0 0 0 0 0 0 0]
[3746812096798910905813766389726815099962059310638227022618221849021268533082229852459147987275603512049608687182914086065185665464801952902445201093283396471347615625246556685753978364514550683342386288468260432693830769877644031847017369927078911475126139574551971302568520887991706276422 0 0 0 0 0 0 0 0 0 0 0 0 0 0 0 0 0 0 0 0 0 0 0 0 0 0 0 0 0 0 0 0 0 0 0 0 0 0 0 0 0 0 0 0 0 0 0 0 0 0 0 0 0 0 0 0 0 0 0 0 0 0 0 0 0 0 0 0 0 0 0 1 0 0 0 0 0 0 0 0 0 0 0 0 0 0 0 0 0 0 0 0 0 0 0]
[3431129262214450233139542593822201567654554349290975320282321904524284104518152658435311514176847329109202291658760024683293495435633719164107556863295953902008891630752924673489962500886512353136979442437872289531615758579424823121343428442351276437923270081223410876091196678294977813457 0 0 0 0 0 0 0 0 0 0 0 0 0 0 0 0 0 0 0 0 0 0 0 0 0 0 0 0 0 0 0 0 0 0 0 0 0 0 0 0 0 0 0 0 0 0 0 0 0 0 0 0 0 0 0 0 0 0 0 0 0 0 0 0 0 0 0 0 0 0 0 0 1 0 0 0 0 0 0 0 0 0 0 0 0 0 0 0 0 0 0 0 0 0 0]
[3076521067953955663700722749141561812932187567117666206223300722515119077268139632275862218694196216676732237475225466305088620371954498025376033095342667415056976765855360245944776067500442026010572412822757564148417796012388469663505038276247635150110580029853606282873021849828136378976 0 0 0 0 0 0 0 0 0 0 0 0 0 0 0 0 0 0 0 0 0 0 0 0 0 0 0 0 0 0 0 0 0 0 0 0 0 0 0 0 0 0 0 0 0 0 0 0 0 0 0 0 0 0 0 0 0 0 0 0 0 0 0 0 0 0 0 0 0 0 0 0 0 1 0 0 0 0 0 0 0 0 0 0 0 0 0 0 0 0 0 0 0 0 0]
[2732461045073350760591086175255835894437351861566076986633667722635451964342409114088830915547863232332695958206934644735058164214081266619703215749270041878377068542763527697216126683040501043493670940550884961094712364738814084178074363318118748034171919218926642317677680937481665813279 0 0 0 0 0 0 0 0 0 0 0 0 0 0 0 0 0 0 0 0 0 0 0 0 0 0 0 0 0 0 0 0 0 0 0 0 0 0 0 0 0 0 0 0 0 0 0 0 0 0 0 0 0 0 0 0 0 0 0 0 0 0 0 0 0 0 0 0 0 0 0 0 0 0 1 0 0 0 0 0 0 0 0 0 0 0 0 0 0 0 0 0 0 0 0]
[3882321325773673777614001894293250173297803284014365923488621883768780664212845599455620086252268593582729135780408552444249766957748947461199548939593308189877415059671756392007514827152274388909907283666170507086450049630302604168364867035348152118509378333463676182256636671565267693722 0 0 0 0 0 0 0 0 0 0 0 0 0 0 0 0 0 0 0 0 0 0 0 0 0 0 0 0 0 0 0 0 0 0 0 0 0 0 0 0 0 0 0 0 0 0 0 0 0 0 0 0 0 0 0 0 0 0 0 0 0 0 0 0 0 0 0 0 0 0 0 0 0 0 0 1 0 0 0 0 0 0 0 0 0 0 0 0 0 0 0 0 0 0 0]
[4624465289715584074157939722869749514753581756724332778704125247191701040610278255627180169698126308651445880593232879330249821250433656442834257397348554530331644023946571284484535882725755233762122111886851255400356100789195466040056183899750632153397200444610353811771487599675387546765 0 0 0 0 0 0 0 0 0 0 0 0 0 0 0 0 0 0 0 0 0 0 0 0 0 0 0 0 0 0 0 0 0 0 0 0 0 0 0 0 0 0 0 0 0 0 0 0 0 0 0 0 0 0 0 0 0 0 0 0 0 0 0 0 0 0 0 0 0 0 0 0 0 0 0 0 1 0 0 0 0 0 0 0 0 0 0 0 0 0 0 0 0 0 0]
[401931827667671587826009183867434826096871942974652758577078102301387146232677309926085707124938818533109871275032051070016280797758559016472304931402853154463205770833087826268661841009301543936108217481892177516548848924038774439742702236931079643525894125525937837572737004575410201436 0 0 0 0 0 0 0 0 0 0 0 0 0 0 0 0 0 0 0 0 0 0 0 0 0 0 0 0 0 0 0 0 0 0 0 0 0 0 0 0 0 0 0 0 0 0 0 0 0 0 0 0 0 0 0 0 0 0 0 0 0 0 0 0 0 0 0 0 0 0 0 0 0 0 0 0 0 1 0 0 0 0 0 0 0 0 0 0 0 0 0 0 0 0 0]
[4587306901108310487833324884434350686770013974827435380487674659617523097860160433643310689154448095926493813213837740940709969941160222556769485887150667966737471443553281394068767370165526378620803029706665892402679586583735267552072726264890405484230764472404490242932099648469456047137 0 0 0 0 0 0 0 0 0 0 0 0 0 0 0 0 0 0 0 0 0 0 0 0 0 0 0 0 0 0 0 0 0 0 0 0 0 0 0 0 0 0 0 0 0 0 0 0 0 0 0 0 0 0 0 0 0 0 0 0 0 0 0 0 0 0 0 0 0 0 0 0 0 0 0 0 0 0 1 0 0 0 0 0 0 0 0 0 0 0 0 0 0 0 0]
[353814288256453109248162558426091590376601913595378003648459272232527982262980637018666705737454424266376799758594409355559978336988565581652665994231796243370032135759013799202124504705099306067351714359970022897928905845320295005949943905083390370482029183256332800808476061099556552626 0 0 0 0 0 0 0 0 0 0 0 0 0 0 0 0 0 0 0 0 0 0 0 0 0 0 0 0 0 0 0 0 0 0 0 0 0 0 0 0 0 0 0 0 0 0 0 0 0 0 0 0 0 0 0 0 0 0 0 0 0 0 0 0 0 0 0 0 0 0 0 0 0 0 0 0 0 0 0 1 0 0 0 0 0 0 0 0 0 0 0 0 0 0 0]
[4691407947537762814337330763280641382281734561541043398941379332924663463315477522002356202117741442668883346713158439151242193507501552667049322671321949912208307266131409802362548502914843285706561553564067336134213275849665307855377100005073157033020424257239609061203194136184067484848 0 0 0 0 0 0 0 0 0 0 0 0 0 0 0 0 0 0 0 0 0 0 0 0 0 0 0 0 0 0 0 0 0 0 0 0 0 0 0 0 0 0 0 0 0 0 0 0 0 0 0 0 0 0 0 0 0 0 0 0 0 0 0 0 0 0 0 0 0 0 0 0 0 0 0 0 0 0 0 0 1 0 0 0 0 0 0 0 0 0 0 0 0 0 0]
[55058698452376889412408408538072136860904484152393225469094647246542246522065708630909057863750387938699761549417436007074610296501532486074647107301724152311785385224292838963897354694782639539128885101034812872183162416876035579139707031996724568845313746477048909834296826400799250686 0 0 0 0 0 0 0 0 0 0 0 0 0 0 0 0 0 0 0 0 0 0 0 0 0 0 0 0 0 0 0 0 0 0 0 0 0 0 0 0 0 0 0 0 0 0 0 0 0 0 0 0 0 0 0 0 0 0 0 0 0 0 0 0 0 0 0 0 0 0 0 0 0 0 0 0 0 0 0 0 0 1 0 0 0 0 0 0 0 0 0 0 0 0 0]
[789321768704072454813551929769376497833609551267756611259771800722662501565171611858149779568937029732481330028660770960788004122910916679043819964895221360877887469345897107424915818262633513048749156057059339490311010445407152251835874980818940747502395265432554147930901519313038455638 0 0 0 0 0 0 0 0 0 0 0 0 0 0 0 0 0 0 0 0 0 0 0 0 0 0 0 0 0 0 0 0 0 0 0 0 0 0 0 0 0 0 0 0 0 0 0 0 0 0 0 0 0 0 0 0 0 0 0 0 0 0 0 0 0 0 0 0 0 0 0 0 0 0 0 0 0 0 0 0 0 0 1 0 0 0 0 0 0 0 0 0 0 0 0]
[941284842463938536340700181027974984794249703696295574277230970010938837163666803289123452309161057328169632991667000651979896897187567587906959153932172117374531303140668227854655415477695976063541409808959840637590195638844867569509652824764512967499340864973960868472823032979354208788 0 0 0 0 0 0 0 0 0 0 0 0 0 0 0 0 0 0 0 0 0 0 0 0 0 0 0 0 0 0 0 0 0 0 0 0 0 0 0 0 0 0 0 0 0 0 0 0 0 0 0 0 0 0 0 0 0 0 0 0 0 0 0 0 0 0 0 0 0 0 0 0 0 0 0 0 0 0 0 0 0 0 0 1 0 0 0 0 0 0 0 0 0 0 0]
[1710091244232746093764632094642953718499270998901951025502106467025130651318743913469534821713417908895529670935430764928909055906917321602687215386986207009467057270217641354968602455727750377210106567404430649465063180768658280262464162658047343233913409819500926226975607226720266758185 0 0 0 0 0 0 0 0 0 0 0 0 0 0 0 0 0 0 0 0 0 0 0 0 0 0 0 0 0 0 0 0 0 0 0 0 0 0 0 0 0 0 0 0 0 0 0 0 0 0 0 0 0 0 0 0 0 0 0 0 0 0 0 0 0 0 0 0 0 0 0 0 0 0 0 0 0 0 0 0 0 0 0 0 1 0 0 0 0 0 0 0 0 0 0]
[1140769841631370112980493398064687106344811379669975192831491893564819892335460686999460088808787824139683831103907639384280185692662867515715011919715812656226230302103462607009052694360572176232741603953127735365667580813278234645473596934245356225219845357660969701073690365317048946835 0 0 0 0 0 0 0 0 0 0 0 0 0 0 0 0 0 0 0 0 0 0 0 0 0 0 0 0 0 0 0 0 0 0 0 0 0 0 0 0 0 0 0 0 0 0 0 0 0 0 0 0 0 0 0 0 0 0 0 0 0 0 0 0 0 0 0 0 0 0 0 0 0 0 0 0 0 0 0 0 0 0 0 0 0 1 0 0 0 0 0 0 0 0 0]
[3518086146785176556299012299389480773365279316707479689745342807089255719229929601346435158999548647444836861768419879510838280255818679282486221626655702448872915281663772007250524975078254332968272168353571937859289708325218975775765774060209499546990904456269488122220638459143489881511 0 0 0 0 0 0 0 0 0 0 0 0 0 0 0 0 0 0 0 0 0 0 0 0 0 0 0 0 0 0 0 0 0 0 0 0 0 0 0 0 0 0 0 0 0 0 0 0 0 0 0 0 0 0 0 0 0 0 0 0 0 0 0 0 0 0 0 0 0 0 0 0 0 0 0 0 0 0 0 0 0 0 0 0 0 0 1 0 0 0 0 0 0 0 0]
[3579160415476859286000888656428698659850317136983783006143061955074281049801506349374220526304179944216566919616193578828339069390082338485313706385968342857894729499126168862079565869940174904258924669361684826421542051627538688874076860390981419914697279827561835669503767807679538358165 0 0 0 0 0 0 0 0 0 0 0 0 0 0 0 0 0 0 0 0 0 0 0 0 0 0 0 0 0 0 0 0 0 0 0 0 0 0 0 0 0 0 0 0 0 0 0 0 0 0 0 0 0 0 0 0 0 0 0 0 0 0 0 0 0 0 0 0 0 0 0 0 0 0 0 0 0 0 0 0 0 0 0 0 0 0 0 1 0 0 0 0 0 0 0]
[3350066293152708342470715918335841649245029177450131305185085543594799329607424776903028918220734190309351034836721627927679904529599549294489159649671812399819146425094842941575995988801814442576650088768258951982567370836584540745004875241854006252564994361198670807919802185710131667479 0 0 0 0 0 0 0 0 0 0 0 0 0 0 0 0 0 0 0 0 0 0 0 0 0 0 0 0 0 0 0 0 0 0 0 0 0 0 0 0 0 0 0 0 0 0 0 0 0 0 0 0 0 0 0 0 0 0 0 0 0 0 0 0 0 0 0 0 0 0 0 0 0 0 0 0 0 0 0 0 0 0 0 0 0 0 0 0 1 0 0 0 0 0 0]
[4097864778994492916406261906618736116397042141062284795342479807294288553311314020280988794064678029698950853500671902211525769164964491301170788552715193451568158105971676067718670192812715938798531982762889211978755631443626397672992094614229493063785055837625162812415232958777119998731 0 0 0 0 0 0 0 0 0 0 0 0 0 0 0 0 0 0 0 0 0 0 0 0 0 0 0 0 0 0 0 0 0 0 0 0 0 0 0 0 0 0 0 0 0 0 0 0 0 0 0 0 0 0 0 0 0 0 0 0 0 0 0 0 0 0 0 0 0 0 0 0 0 0 0 0 0 0 0 0 0 0 0 0 0 0 0 0 0 1 0 0 0 0 0]
[682334058270004452195105298933252388235488486233722477300781489653897007877563713551657925224951855834735692220152700097017820940988970815204426847356261764131252615405753695343369690780371542374025715592971217223223127121267207327539941953533772430622177622004417321063984945945124574915 0 0 0 0 0 0 0 0 0 0 0 0 0 0 0 0 0 0 0 0 0 0 0 0 0 0 0 0 0 0 0 0 0 0 0 0 0 0 0 0 0 0 0 0 0 0 0 0 0 0 0 0 0 0 0 0 0 0 0 0 0 0 0 0 0 0 0 0 0 0 0 0 0 0 0 0 0 0 0 0 0 0 0 0 0 0 0 0 0 0 1 0 0 0 0]
[4493663048763129912071409532413958492873277314701103980008299064490973589312301493057747924984379574353106995498307497836356415212964555385765284435473564948242839013567016942293097483407240511065981334644145492546092447463103900241449490248713015609870953430323815885990672290002008522346 0 0 0 0 0 0 0 0 0 0 0 0 0 0 0 0 0 0 0 0 0 0 0 0 0 0 0 0 0 0 0 0 0 0 0 0 0 0 0 0 0 0 0 0 0 0 0 0 0 0 0 0 0 0 0 0 0 0 0 0 0 0 0 0 0 0 0 0 0 0 0 0 0 0 0 0 0 0 0 0 0 0 0 0 0 0 0 0 0 0 0 1 0 0 0]
[3654925713528008223834345827842352201271336695472571433999244603009923143225161176239819034310024059255371426009863992732399830597908062697607055786945704277838065357146283284834822381607366930685879741078776428205260695691932872941298237575451667284825689378793299753287976658259274561088 0 0 0 0 0 0 0 0 0 0 0 0 0 0 0 0 0 0 0 0 0 0 0 0 0 0 0 0 0 0 0 0 0 0 0 0 0 0 0 0 0 0 0 0 0 0 0 0 0 0 0 0 0 0 0 0 0 0 0 0 0 0 0 0 0 0 0 0 0 0 0 0 0 0 0 0 0 0 0 0 0 0 0 0 0 0 0 0 0 0 0 0 1 0 0]
[211999731639699128531071407761636493737591304465336192958101671719258683565537404229913116456063391225111330081583793369542606716060809642413199795563847485061282957277351736938457665493633636141212827605172600661544338797195660505690696391295107749227339672776242619116635194936375346402 0 0 0 0 0 0 0 0 0 0 0 0 0 0 0 0 0 0 0 0 0 0 0 0 0 0 0 0 0 0 0 0 0 0 0 0 0 0 0 0 0 0 0 0 0 0 0 0 0 0 0 0 0 0 0 0 0 0 0 0 0 0 0 0 0 0 0 0 0 0 0 0 0 0 0 0 0 0 0 0 0 0 0 0 0 0 0 0 0 0 0 0 0 1 0]
[4683657905503388084578136757274995050998662207738813447615378780120348804710803580969527634844614516341122738772357206651902083625841270422242156157650566742578993364989746967003937475304183442210130890873872917093328831348333997341812188355667737387232633806826361439778771860444201641033 0 0 0 0 0 0 0 0 0 0 0 0 0 0 0 0 0 0 0 0 0 0 0 0 0 0 0 0 0 0 0 0 0 0 0 0 0 0 0 0 0 0 0 0 0 0 0 0 0 0 0 0 0 0 0 0 0 0 0 0 0 0 0 0 0 0 0 0 0 0 0 0 0 0 0 0 0 0 0 0 0 0 0 0 0 0 0 0 0 0 0 0 0 0 1]
]
