[[7095055259471922946261767774574710653187776417075955403716430873507942244564975875175569016737479037797830335792048377570105082131247149062585700910928501858436021740614822375696381553836399883220636615945616601492295611358609441012093903706206362692695984614542927109711576966214927719349290957460092684903471 0 0 0 0 0 0 0 0 0 0 0 0 0 0 0 0 0 0 0 0 0 0 0 0 0 0 0 0 0 0 0 0 0 0 0 0 0 0 0 0 0 0 0 0 0 0 0 0 0 0 0 0 0 0 0 0 0 0 0 0 0 0 0 0 0 0 0 0 0 0 0 0 0 0 0 0 0 0 0 0 0 0 0 0 0 0 0 0 0 0 0 0 0 0 0 0 0 0 0 0 0 0]
[5862927328786932815723967989654700528267092854872053801236108066524990610347642074688970950146545575682349136583280973609756869651915324162601008513003699557595604816161213814774892782899887356885917708808013930373720459144254238645289915806872460606048684872789585591010161623771762125154448911184840182825124 1 0 0 0 0 0 0 0 0 0 0 0 0 0 0 0 0 0 0 0 0 0 0 0 0 0 0 0 0 0 0 0 0 0 0 0 0 0 0 0 0 0 0 0 0 0 0 0 0 0 0 0 0 0 0 0 0 0 0 0 0 0 0 0 0 0 0 0 0 0 0 0 0 0 0 0 0 0 0 0 0 0 0 0 0 0 0 0 0 0 0 0 0 0 0 0 0 0 0 0 0 0]
[4590260512973697736323903202108063839592420011780042888496783653478465957521135643432367253795273404756252826801168711840128343093091927092182889189289893391512051826754063664647722294035242959280253323419537623670022408734695685094634728915656081680617004950034200689998158960522612153421488783654577997604523 0 1 0 0 0 0 0 0 0 0 0 0 0 0 0 0 0 0 0 0 0 0 0 0 0 0 0 0 0 0 0 0 0 0 0 0 0 0 0 0 0 0 0 0 0 0 0 0 0 0 0 0 0 0 0 0 0 0 0 0 0 0 0 0 0 0 0 0 0 0 0 0 0 0 0 0 0 0 0 0 0 0 0 0 0 0 0 0 0 0 0 0 0 0 0 0 0 0 0 0 0 0]
[4265255432403822534959280190428863676559934303712001504303966788421276250577775131816004421066041438801279778884387596687174323735303456719337785921988985668638137931774370854223091677873027058444577594120989637745736531427875964370627428160267558096601002141566005471759061064352864007885459167939057638618683 0 0 1 0 0 0 0 0 0 0 0 0 0 0 0 0 0 0 0 0 0 0 0 0 0 0 0 0 0 0 0 0 0 0 0 0 0 0 0 0 0 0 0 0 0 0 0 0 0 0 0 0 0 0 0 0 0 0 0 0 0 0 0 0 0 0 0 0 0 0 0 0 0 0 0 0 0 0 0 0 0 0 0 0 0 0 0 0 0 0 0 0 0 0 0 0 0 0 0 0 0 0]
[6740812956464769251455558484121871631748190091333827601961862029479548781355672147591630209757738354013369832812236840440574560641632008819440462101821482352733572103465896106686918631987927942246743182536091202427128335897851800480777601401835289892077039752269324422648330063049143090513147540557193456450837 0 0 0 1 0 0 0 0 0 0 0 0 0 0 0 0 0 0 0 0 0 0 0 0 0 0 0 0 0 0 0 0 0 0 0 0 0 0 0 0 0 0 0 0 0 0 0 0 0 0 0 0 0 0 0 0 0 0 0 0 0 0 0 0 0 0 0 0 0 0 0 0 0 0 0 0 0 0 0 0 0 0 0 0 0 0 0 0 0 0 0 0 0 0 0 0 0 0 0 0 0 0]
[309033491095898546030722069301756633255041838458914976666728999157730843004036559503049289005323894429171865846204342290460149093141865587390318848732037910492034138620794313438098699507506223177416183146183669365408910673621152806498676671438443624852215913992510708046576060172121272246045674259267182851206 0 0 0 0 1 0 0 0 0 0 0 0 0 0 0 0 0 0 0 0 0 0 0 0 0 0 0 0 0 0 0 0 0 0 0 0 0 0 0 0 0 0 0 0 0 0 0 0 0 0 0 0 0 0 0 0 0 0 0 0 0 0 0 0 0 0 0 0 0 0 0 0 0 0 0 0 0 0 0 0 0 0 0 0 0 0 0 0 0 0 0 0 0 0 0 0 0 0 0 0 0 0]
[5686056437015788513899800575271473745252284189338846505440352732443663048149685819356010318038469823015994969723720166836508404059965513498703173225840051648486692350391267740990705342795441097979097209695218396199327765845274727374139995217381106970641610088595742918987194526094676830203913208348541257853630 0 0 0 0 0 1 0 0 0 0 0 0 0 0 0 0 0 0 0 0 0 0 0 0 0 0 0 0 0 0 0 0 0 0 0 0 0 0 0 0 0 0 0 0 0 0 0 0 0 0 0 0 0 0 0 0 0 0 0 0 0 0 0 0 0 0 0 0 0 0 0 0 0 0 0 0 0 0 0 0 0 0 0 0 0 0 0 0 0 0 0 0 0 0 0 0 0 0 0 0 0 0]
[3446029135414729418529004842698944054691470352776710731898954158714267421391105562582519886092344484483065397681647032047530831914450794190060736960166291543143785044739799695546281468713071935218393509864279623625378487170568995237094885879431357410748783523271455728215156673833279863663393952682761223076342 0 0 0 0 0 0 1 0 0 0 0 0 0 0 0 0 0 0 0 0 0 0 0 0 0 0 0 0 0 0 0 0 0 0 0 0 0 0 0 0 0 0 0 0 0 0 0 0 0 0 0 0 0 0 0 0 0 0 0 0 0 0 0 0 0 0 0 0 0 0 0 0 0 0 0 0 0 0 0 0 0 0 0 0 0 0 0 0 0 0 0 0 0 0 0 0 0 0 0 0 0 0]
[2854327786015301900341091936620309517765667730334298762604877684998065439182749610716701888482201856769028314600763930774628337401734596181579802352333097190804476339585450731635767363525204030395416513149217773694589267022776723510001953331391989799415748220316734419271888037360936251691118817074950569886620 0 0 0 0 0 0 0 1 0 0 0 0 0 0 0 0 0 0 0 0 0 0 0 0 0 0 0 0 0 0 0 0 0 0 0 0 0 0 0 0 0 0 0 0 0 0 0 0 0 0 0 0 0 0 0 0 0 0 0 0 0 0 0 0 0 0 0 0 0 0 0 0 0 0 0 0 0 0 0 0 0 0 0 0 0 0 0 0 0 0 0 0 0 0 0 0 0 0 0 0 0 0]
[1379999722802160587801456232293336491271813189976909967780237822898272959338347605191396349362783629462425042043068054326920385663588899831731021333694561192536088533721704108803920402238579919407118755858023221478043279897710905384978684390508532611402552483368910425795484088760476848304836798998320480393249 0 0 0 0 0 0 0 0 1 0 0 0 0 0 0 0 0 0 0 0 0 0 0 0 0 0 0 0 0 0 0 0 0 0 0 0 0 0 0 0 0 0 0 0 0 0 0 0 0 0 0 0 0 0 0 0 0 0 0 0 0 0 0 0 0 0 0 0 0 0 0 0 0 0 0 0 0 0 0 0 0 0 0 0 0 0 0 0 0 0 0 0 0 0 0 0 0 0 0 0 0 0]
[2992012068388007210275390777994067134597368871459357129176359472023160676972347317615690469237441505209778693756618863982070550518923036393096763012282679325927767483391917146960907364530156985182913676635097388624499386558442840538499308771097681810850887687931148268378757546266743802491737301265191274456939 0 0 0 0 0 0 0 0 0 1 0 0 0 0 0 0 0 0 0 0 0 0 0 0 0 0 0 0 0 0 0 0 0 0 0 0 0 0 0 0 0 0 0 0 0 0 0 0 0 0 0 0 0 0 0 0 0 0 0 0 0 0 0 0 0 0 0 0 0 0 0 0 0 0 0 0 0 0 0 0 0 0 0 0 0 0 0 0 0 0 0 0 0 0 0 0 0 0 0 0 0 0]
[1381510036558844393892485900395050515317058647891699861454508208214652785919199198627583136730152317811902060157671939952737751322228391094786621018120969298543882243615984028945495161987138459525814558631914119367625432570327316861024529599302724367562149100443240048536701965519016821496139270077151204900978 0 0 0 0 0 0 0 0 0 0 1 0 0 0 0 0 0 0 0 0 0 0 0 0 0 0 0 0 0 0 0 0 0 0 0 0 0 0 0 0 0 0 0 0 0 0 0 0 0 0 0 0 0 0 0 0 0 0 0 0 0 0 0 0 0 0 0 0 0 0 0 0 0 0 0 0 0 0 0 0 0 0 0 0 0 0 0 0 0 0 0 0 0 0 0 0 0 0 0 0 0 0]
[701318281543098394255625892099274211791988867150027728824504953498788509687027061243690088437800861290416132558530629526006314371844339892217257116343271939644246982093239421930556843589096260689197383741520046225391006055782330965974110242121029269069571122979744759142825075579786076960728292214750475900505 0 0 0 0 0 0 0 0 0 0 0 1 0 0 0 0 0 0 0 0 0 0 0 0 0 0 0 0 0 0 0 0 0 0 0 0 0 0 0 0 0 0 0 0 0 0 0 0 0 0 0 0 0 0 0 0 0 0 0 0 0 0 0 0 0 0 0 0 0 0 0 0 0 0 0 0 0 0 0 0 0 0 0 0 0 0 0 0 0 0 0 0 0 0 0 0 0 0 0 0 0 0]
[2546824930486784496243268899258305609441623381434011034728190627471687803869036949243450893433280089851614826633003526836145618227252789542018907971496431833460044225217988454441088616020729541084549054029086152511862451360939235919212518245035311793624661245411383817517588970707877776259240624778083517518623 0 0 0 0 0 0 0 0 0 0 0 0 1 0 0 0 0 0 0 0 0 0 0 0 0 0 0 0 0 0 0 0 0 0 0 0 0 0 0 0 0 0 0 0 0 0 0 0 0 0 0 0 0 0 0 0 0 0 0 0 0 0 0 0 0 0 0 0 0 0 0 0 0 0 0 0 0 0 0 0 0 0 0 0 0 0 0 0 0 0 0 0 0 0 0 0 0 0 0 0 0 0]
[4931254665050690340342525517035935798975993697834542418516620822031289460719433098544463969373797828655422775328877858698326810074361896897389576264358034252854241264584524000938359513893373991087612029094242211119033755497341717309017828344800465992997664938242383694515524879332981991430236336343401368270521 0 0 0 0 0 0 0 0 0 0 0 0 0 1 0 0 0 0 0 0 0 0 0 0 0 0 0 0 0 0 0 0 0 0 0 0 0 0 0 0 0 0 0 0 0 0 0 0 0 0 0 0 0 0 0 0 0 0 0 0 0 0 0 0 0 0 0 0 0 0 0 0 0 0 0 0 0 0 0 0 0 0 0 0 0 0 0 0 0 0 0 0 0 0 0 0 0 0 0 0 0 0]
[1832071475417145039303803348325281633349209241834504629312410191293697139244789761145001513500997730699247503062058235893628617908344208689050852378451567541744537417855058437224079395097378552899866666872766778217062045648649662870836399573821591912887109877221110390738286419328052228941491328255479259155943 0 0 0 0 0 0 0 0 0 0 0 0 0 0 1 0 0 0 0 0 0 0 0 0 0 0 0 0 0 0 0 0 0 0 0 0 0 0 0 0 0 0 0 0 0 0 0 0 0 0 0 0 0 0 0 0 0 0 0 0 0 0 0 0 0 0 0 0 0 0 0 0 0 0 0 0 0 0 0 0 0 0 0 0 0 0 0 0 0 0 0 0 0 0 0 0 0 0 0 0 0 0]
[167100072416832153448051677671657787558726584896703750591148231758525337280680439853925312600613594845629028414548079947588502760983087932355773118564757636776856973088729535978714453381158185552242062460025815130980241756547592064196061355243473265203743370580466394637805357707928222173046755743727945795922 0 0 0 0 0 0 0 0 0 0 0 0 0 0 0 1 0 0 0 0 0 0 0 0 0 0 0 0 0 0 0 0 0 0 0 0 0 0 0 0 0 0 0 0 0 0 0 0 0 0 0 0 0 0 0 0 0 0 0 0 0 0 0 0 0 0 0 0 0 0 0 0 0 0 0 0 0 0 0 0 0 0 0 0 0 0 0 0 0 0 0 0 0 0 0 0 0 0 0 0 0 0]
[4922208899410843130253252494226551597271068380985398334375710653817289043488125522426927175329000047700041246214288728543422348607889344798774747838214856258791033096801944252798662068522047318665618064724606522306816893123692893317991387172162419407857753769741052816382009214162476984306155238552599542172500 0 0 0 0 0 0 0 0 0 0 0 0 0 0 0 0 1 0 0 0 0 0 0 0 0 0 0 0 0 0 0 0 0 0 0 0 0 0 0 0 0 0 0 0 0 0 0 0 0 0 0 0 0 0 0 0 0 0 0 0 0 0 0 0 0 0 0 0 0 0 0 0 0 0 0 0 0 0 0 0 0 0 0 0 0 0 0 0 0 0 0 0 0 0 0 0 0 0 0 0 0 0]
[464134473462245041269648551855766331482891999546633169522807170889425089194874038191232452712212181011072894701238282433474916843519534130793420341943826166570887473669987243871088688503788088950281710860035899494645999431362776777352503421229810820946583791793441877277505609434917594574340919893150483915192 0 0 0 0 0 0 0 0 0 0 0 0 0 0 0 0 0 1 0 0 0 0 0 0 0 0 0 0 0 0 0 0 0 0 0 0 0 0 0 0 0 0 0 0 0 0 0 0 0 0 0 0 0 0 0 0 0 0 0 0 0 0 0 0 0 0 0 0 0 0 0 0 0 0 0 0 0 0 0 0 0 0 0 0 0 0 0 0 0 0 0 0 0 0 0 0 0 0 0 0 0 0]
[2862589148812313369377885262411519392287411989043181637158999863095160833069375148279415891216764729760442330676516472214418513263606871178175621480576053114504151917010653812771449405695857256550611780354968634013087027523061973967013611249594474054121624479102703320399518267426112670587278212915801087940273 0 0 0 0 0 0 0 0 0 0 0 0 0 0 0 0 0 0 1 0 0 0 0 0 0 0 0 0 0 0 0 0 0 0 0 0 0 0 0 0 0 0 0 0 0 0 0 0 0 0 0 0 0 0 0 0 0 0 0 0 0 0 0 0 0 0 0 0 0 0 0 0 0 0 0 0 0 0 0 0 0 0 0 0 0 0 0 0 0 0 0 0 0 0 0 0 0 0 0 0 0 0]
[1403344286823977158820201522141979937558018374151036130681147078861755746541007505236948529214150738671905770002649775113610345641137295703748851341124916247396011839147080259216449875592101890639605609043340106649222981625516915834034032343045385087047126869175944944237060862740953931012349546788039153366008 0 0 0 0 0 0 0 0 0 0 0 0 0 0 0 0 0 0 0 1 0 0 0 0 0 0 0 0 0 0 0 0 0 0 0 0 0 0 0 0 0 0 0 0 0 0 0 0 0 0 0 0 0 0 0 0 0 0 0 0 0 0 0 0 0 0 0 0 0 0 0 0 0 0 0 0 0 0 0 0 0 0 0 0 0 0 0 0 0 0 0 0 0 0 0 0 0 0 0 0 0 0]
[6670596426689342307311739899331310922864742737097558286472510150780587446814590018602446722763190723628650251587682927789067045808310934920087959104849275867260038097237592835302152729614941683768307251565184522368921957392792270058812575170272954373596803051389878691577812923620463853036637668473780892426691 0 0 0 0 0 0 0 0 0 0 0 0 0 0 0 0 0 0 0 0 1 0 0 0 0 0 0 0 0 0 0 0 0 0 0 0 0 0 0 0 0 0 0 0 0 0 0 0 0 0 0 0 0 0 0 0 0 0 0 0 0 0 0 0 0 0 0 0 0 0 0 0 0 0 0 0 0 0 0 0 0 0 0 0 0 0 0 0 0 0 0 0 0 0 0 0 0 0 0 0 0 0]
[417150499681594232067700556088713466917381489317095232023378130137641999671913267220278910752699541668494850611901532057826173286684142702675994384150737614863234170636330760474452394839648522859091883338218910669592985786939388994817281294833913303584511016565182625803538880348791953269103255229094279688987 0 0 0 0 0 0 0 0 0 0 0 0 0 0 0 0 0 0 0 0 0 1 0 0 0 0 0 0 0 0 0 0 0 0 0 0 0 0 0 0 0 0 0 0 0 0 0 0 0 0 0 0 0 0 0 0 0 0 0 0 0 0 0 0 0 0 0 0 0 0 0 0 0 0 0 0 0 0 0 0 0 0 0 0 0 0 0 0 0 0 0 0 0 0 0 0 0 0 0 0 0 0]
[5481954794989144234908397131750162528643472481532314303508054772080132504195948686147827790826323127519813881602390401044790529813880154581163434573560157901769112989630269796855645355460698110743569611253547674850583275519181180114974259662125743296588682591538663554054758289712591377963652496412319557589300 0 0 0 0 0 0 0 0 0 0 0 0 0 0 0 0 0 0 0 0 0 0 1 0 0 0 0 0 0 0 0 0 0 0 0 0 0 0 0 0 0 0 0 0 0 0 0 0 0 0 0 0 0 0 0 0 0 0 0 0 0 0 0 0 0 0 0 0 0 0 0 0 0 0 0 0 0 0 0 0 0 0 0 0 0 0 0 0 0 0 0 0 0 0 0 0 0 0 0 0 0 0]
[343063104149647711631975603413550786126910980853736986929191337874407653873045012547908122490762570274492899352409194608606091351830364927697971209061054428149734228374666498458677410188751904087237512533391242062088693313513714253850614101062705386411281853751130895074215488668530185241342811979950086639529 0 0 0 0 0 0 0 0 0 0 0 0 0 0 0 0 0 0 0 0 0 0 0 1 0 0 0 0 0 0 0 0 0 0 0 0 0 0 0 0 0 0 0 0 0 0 0 0 0 0 0 0 0 0 0 0 0 0 0 0 0 0 0 0 0 0 0 0 0 0 0 0 0 0 0 0 0 0 0 0 0 0 0 0 0 0 0 0 0 0 0 0 0 0 0 0 0 0 0 0 0 0]
[5526237176552169856467447034162787238399266558297854996152020187736280292437515129733836789819696575534714813508606069531524003598488493786304487270677323774628191486210725844052048706671197165007525768856808115785890351339556187348909860266505899219652060522888298475931872858555794428757247805149262510173447 0 0 0 0 0 0 0 0 0 0 0 0 0 0 0 0 0 0 0 0 0 0 0 0 1 0 0 0 0 0 0 0 0 0 0 0 0 0 0 0 0 0 0 0 0 0 0 0 0 0 0 0 0 0 0 0 0 0 0 0 0 0 0 0 0 0 0 0 0 0 0 0 0 0 0 0 0 0 0 0 0 0 0 0 0 0 0 0 0 0 0 0 0 0 0 0 0 0 0 0 0 0]
[2562781530561745676276740993088238998394355124872717956750170901723900643426178162056594400097252716574224368066434929267177710927411959955819659625817921812267017924998624129168613806565617720018416823678646750032792353251908473917454390735237467528567215133305426339738524362639366122440258293630277936528097 0 0 0 0 0 0 0 0 0 0 0 0 0 0 0 0 0 0 0 0 0 0 0 0 0 1 0 0 0 0 0 0 0 0 0 0 0 0 0 0 0 0 0 0 0 0 0 0 0 0 0 0 0 0 0 0 0 0 0 0 0 0 0 0 0 0 0 0 0 0 0 0 0 0 0 0 0 0 0 0 0 0 0 0 0 0 0 0 0 0 0 0 0 0 0 0 0 0 0 0 0 0]
[823620269552448443293185857532071630312710984993887217019364738447736980175597558293225262327459912758162259042373933727181429360744721352955558281128049387332266465108706951748002981217158847112733181250120770515455496784118500412276724531719649314243792130628737778650578492446421664496540806895978449014161 0 0 0 0 0 0 0 0 0 0 0 0 0 0 0 0 0 0 0 0 0 0 0 0 0 0 1 0 0 0 0 0 0 0 0 0 0 0 0 0 0 0 0 0 0 0 0 0 0 0 0 0 0 0 0 0 0 0 0 0 0 0 0 0 0 0 0 0 0 0 0 0 0 0 0 0 0 0 0 0 0 0 0 0 0 0 0 0 0 0 0 0 0 0 0 0 0 0 0 0 0 0]
[6989054295616607500693261080685767347690956188740148260213530593124158802641069410666056811933006708089917487385989314820892097783883542336589852809393094927726962626385323981827402409373539923914069878209357166148135507504744810839218646227074371502731950295218382538066059254932188491235635132935446292576430 0 0 0 0 0 0 0 0 0 0 0 0 0 0 0 0 0 0 0 0 0 0 0 0 0 0 0 1 0 0 0 0 0 0 0 0 0 0 0 0 0 0 0 0 0 0 0 0 0 0 0 0 0 0 0 0 0 0 0 0 0 0 0 0 0 0 0 0 0 0 0 0 0 0 0 0 0 0 0 0 0 0 0 0 0 0 0 0 0 0 0 0 0 0 0 0 0 0 0 0 0 0]
[2821176164755052060320370100945704610597085356982808873355463721881277548859417574957761611759927774093958025005284565713045017640371800343232831226339641446435844749932908340784490305652578431348001041450882926254718555570970994178923432250810340354948824207107330592442989511758193289061255568820983780506374 0 0 0 0 0 0 0 0 0 0 0 0 0 0 0 0 0 0 0 0 0 0 0 0 0 0 0 0 1 0 0 0 0 0 0 0 0 0 0 0 0 0 0 0 0 0 0 0 0 0 0 0 0 0 0 0 0 0 0 0 0 0 0 0 0 0 0 0 0 0 0 0 0 0 0 0 0 0 0 0 0 0 0 0 0 0 0 0 0 0 0 0 0 0 0 0 0 0 0 0 0 0]
[1199562971990575705637129726392630004966596428413480582563847200366292475089133643394217129069684843118279079706572828557096672311157285399959002527961256285550288059427606039813566811859061718520074735946184475503065394782719795362050119446096696677046508231176101056876231561939626659811107275171405699988055 0 0 0 0 0 0 0 0 0 0 0 0 0 0 0 0 0 0 0 0 0 0 0 0 0 0 0 0 0 1 0 0 0 0 0 0 0 0 0 0 0 0 0 0 0 0 0 0 0 0 0 0 0 0 0 0 0 0 0 0 0 0 0 0 0 0 0 0 0 0 0 0 0 0 0 0 0 0 0 0 0 0 0 0 0 0 0 0 0 0 0 0 0 0 0 0 0 0 0 0 0 0]
[6700991714780286341578653668645117854864086712039797910266077451062590756627001196575165781914485406557452767990731495028479943514450318589562217565797876627455947178306179396624782641657883616611864562041402241760864944590966444463937919758948559461862198221517171669408910222575921120187454366454851118807521 0 0 0 0 0 0 0 0 0 0 0 0 0 0 0 0 0 0 0 0 0 0 0 0 0 0 0 0 0 0 1 0 0 0 0 0 0 0 0 0 0 0 0 0 0 0 0 0 0 0 0 0 0 0 0 0 0 0 0 0 0 0 0 0 0 0 0 0 0 0 0 0 0 0 0 0 0 0 0 0 0 0 0 0 0 0 0 0 0 0 0 0 0 0 0 0 0 0 0 0 0 0]
[2840510599610812766876107149003954569688359779807079213082077708348059789103806993809222516969843094276297936512805030947227482393798433101471651056813887991984635168700022010904335761239895645333431265597331046908183263272768930598872097383944550335568220732753363758476932224941987652129774713083803691933379 0 0 0 0 0 0 0 0 0 0 0 0 0 0 0 0 0 0 0 0 0 0 0 0 0 0 0 0 0 0 0 1 0 0 0 0 0 0 0 0 0 0 0 0 0 0 0 0 0 0 0 0 0 0 0 0 0 0 0 0 0 0 0 0 0 0 0 0 0 0 0 0 0 0 0 0 0 0 0 0 0 0 0 0 0 0 0 0 0 0 0 0 0 0 0 0 0 0 0 0 0 0]
[313641432597440463756342309404750515542993033971558771551053930895691695104205119631076087908220799256293368927657260461082785620559818327821425079667348988006709924442640994354768806788377171333574089348008930056493068358973882947243175353594873823726020704989307874217646367761376256247664484861227797000036 0 0 0 0 0 0 0 0 0 0 0 0 0 0 0 0 0 0 0 0 0 0 0 0 0 0 0 0 0 0 0 0 1 0 0 0 0 0 0 0 0 0 0 0 0 0 0 0 0 0 0 0 0 0 0 0 0 0 0 0 0 0 0 0 0 0 0 0 0 0 0 0 0 0 0 0 0 0 0 0 0 0 0 0 0 0 0 0 0 0 0 0 0 0 0 0 0 0 0 0 0 0]
[2207401817424823624468217037122384171567170598640518431522603862107322224202293549905306462026774097950992332661134191288935829106328428053396857313671964952997997548547746688619651927465248453668411526898800216839491264899865966066650914079844554923202869484992978651897472068942246284492904118324443775092678 0 0 0 0 0 0 0 0 0 0 0 0 0 0 0 0 0 0 0 0 0 0 0 0 0 0 0 0 0 0 0 0 0 1 0 0 0 0 0 0 0 0 0 0 0 0 0 0 0 0 0 0 0 0 0 0 0 0 0 0 0 0 0 0 0 0 0 0 0 0 0 0 0 0 0 0 0 0 0 0 0 0 0 0 0 0 0 0 0 0 0 0 0 0 0 0 0 0 0 0 0 0]
[681021614326303424964973996266855940376093882883916927539551970190658232964688279990347128957361427617011656583495968662841053227112873598070837771649582813987691432491650558777080147310508657139046016795800661307652830905016142215258968840643449587433411817097544311931555902236961114523381616223746925658392 0 0 0 0 0 0 0 0 0 0 0 0 0 0 0 0 0 0 0 0 0 0 0 0 0 0 0 0 0 0 0 0 0 0 1 0 0 0 0 0 0 0 0 0 0 0 0 0 0 0 0 0 0 0 0 0 0 0 0 0 0 0 0 0 0 0 0 0 0 0 0 0 0 0 0 0 0 0 0 0 0 0 0 0 0 0 0 0 0 0 0 0 0 0 0 0 0 0 0 0 0 0]
[107581803454939306817229428604917854668357838861796896105820546145875626647448945063418413750558185759446568611183354249474004122181671048436632065566982751467136464028365175265339409339298202895630257438379077224651884097506152929169550102975997237484124162684806498441822709205239807094023341011447155085426 0 0 0 0 0 0 0 0 0 0 0 0 0 0 0 0 0 0 0 0 0 0 0 0 0 0 0 0 0 0 0 0 0 0 0 1 0 0 0 0 0 0 0 0 0 0 0 0 0 0 0 0 0 0 0 0 0 0 0 0 0 0 0 0 0 0 0 0 0 0 0 0 0 0 0 0 0 0 0 0 0 0 0 0 0 0 0 0 0 0 0 0 0 0 0 0 0 0 0 0 0 0]
[4541168566219766783469495402301008493086696411941209825881855619942054604308416329865743318726661846160615544615006777190729830005797862728126391247466578730947258915821125231613076218207852979433922420223736328168735803818803196654758834358670740163718676295908175493781911562587727866651578701909832833362353 0 0 0 0 0 0 0 0 0 0 0 0 0 0 0 0 0 0 0 0 0 0 0 0 0 0 0 0 0 0 0 0 0 0 0 0 1 0 0 0 0 0 0 0 0 0 0 0 0 0 0 0 0 0 0 0 0 0 0 0 0 0 0 0 0 0 0 0 0 0 0 0 0 0 0 0 0 0 0 0 0 0 0 0 0 0 0 0 0 0 0 0 0 0 0 0 0 0 0 0 0 0]
[3814729805673650313055447423073233899303625339967957521534067807401806741676166702258146651783528473955055406352333144154404117204211982169162860718666415035175125218962720321986215682651267771968236480542386549558948080701466608547559056748812126443600508322531808307646215521364937155631172428023515874429864 0 0 0 0 0 0 0 0 0 0 0 0 0 0 0 0 0 0 0 0 0 0 0 0 0 0 0 0 0 0 0 0 0 0 0 0 0 1 0 0 0 0 0 0 0 0 0 0 0 0 0 0 0 0 0 0 0 0 0 0 0 0 0 0 0 0 0 0 0 0 0 0 0 0 0 0 0 0 0 0 0 0 0 0 0 0 0 0 0 0 0 0 0 0 0 0 0 0 0 0 0 0]
[2582960898948232579758998172651151491270624015021843200946062198667310721079775316152812089003394200636393562780926069579598837672357979759873667153898916046512452482103955897944036778560286729327550630892110327662409702147482672031817336020002177274136403121380533618505303504944999668699187119776350266157237 0 0 0 0 0 0 0 0 0 0 0 0 0 0 0 0 0 0 0 0 0 0 0 0 0 0 0 0 0 0 0 0 0 0 0 0 0 0 1 0 0 0 0 0 0 0 0 0 0 0 0 0 0 0 0 0 0 0 0 0 0 0 0 0 0 0 0 0 0 0 0 0 0 0 0 0 0 0 0 0 0 0 0 0 0 0 0 0 0 0 0 0 0 0 0 0 0 0 0 0 0 0]
[4626248562435132645386672559388088064663862481377408220119503689957059470717577139112533845722408207287999493107269764327951675932060231890647125597059162929525472376169788644502424011455004953625112464123249036740938244315166172797323975217716198661967143144146795869686242972730176976024922178081218447678625 0 0 0 0 0 0 0 0 0 0 0 0 0 0 0 0 0 0 0 0 0 0 0 0 0 0 0 0 0 0 0 0 0 0 0 0 0 0 0 1 0 0 0 0 0 0 0 0 0 0 0 0 0 0 0 0 0 0 0 0 0 0 0 0 0 0 0 0 0 0 0 0 0 0 0 0 0 0 0 0 0 0 0 0 0 0 0 0 0 0 0 0 0 0 0 0 0 0 0 0 0 0]
[413707462190127592077218820090961986153020524251955914640938072857637600880302769158054550369997022181194387971956501826228249432075749357554911125778312229865436739188081944288242292030560711530157484379418332059982105069786398951902960211959720315908640933021137986610008383654053911162809792965191522696292 0 0 0 0 0 0 0 0 0 0 0 0 0 0 0 0 0 0 0 0 0 0 0 0 0 0 0 0 0 0 0 0 0 0 0 0 0 0 0 0 1 0 0 0 0 0 0 0 0 0 0 0 0 0 0 0 0 0 0 0 0 0 0 0 0 0 0 0 0 0 0 0 0 0 0 0 0 0 0 0 0 0 0 0 0 0 0 0 0 0 0 0 0 0 0 0 0 0 0 0 0 0]
[2368308971095506747257527917371264995864758639832803691524864605885170587097341785222798527751913888802247430326863178838718381878536431055579212428793237343421339011105007005023764191902847043655688379075724997262390880353958134294415515680547802918107211511689116591604160531242149210240213944664214969115841 0 0 0 0 0 0 0 0 0 0 0 0 0 0 0 0 0 0 0 0 0 0 0 0 0 0 0 0 0 0 0 0 0 0 0 0 0 0 0 0 0 1 0 0 0 0 0 0 0 0 0 0 0 0 0 0 0 0 0 0 0 0 0 0 0 0 0 0 0 0 0 0 0 0 0 0 0 0 0 0 0 0 0 0 0 0 0 0 0 0 0 0 0 0 0 0 0 0 0 0 0 0]
[2918940265199066797992113009779832187101855094332841604636396380519567681935107319012233139760771588711486423553671396113436926462968033454277235732187822117808966945837841253683735446778132552980306748666994950463824363294099193301188019993788379765997345487553526733029472051746366075601074423989888957533767 0 0 0 0 0 0 0 0 0 0 0 0 0 0 0 0 0 0 0 0 0 0 0 0 0 0 0 0 0 0 0 0 0 0 0 0 0 0 0 0 0 0 1 0 0 0 0 0 0 0 0 0 0 0 0 0 0 0 0 0 0 0 0 0 0 0 0 0 0 0 0 0 0 0 0 0 0 0 0 0 0 0 0 0 0 0 0 0 0 0 0 0 0 0 0 0 0 0 0 0 0 0]
[1629179911914743129666098264556673656109798570308557317247104961448724199373580339079308653637963511556199378459799841807591301346849869184424792719459939996549754836331611967792218086064975603968016612699690770640773520540488167345536359237008770348918336306523608156127849596882955008403058517625555083237032 0 0 0 0 0 0 0 0 0 0 0 0 0 0 0 0 0 0 0 0 0 0 0 0 0 0 0 0 0 0 0 0 0 0 0 0 0 0 0 0 0 0 0 1 0 0 0 0 0 0 0 0 0 0 0 0 0 0 0 0 0 0 0 0 0 0 0 0 0 0 0 0 0 0 0 0 0 0 0 0 0 0 0 0 0 0 0 0 0 0 0 0 0 0 0 0 0 0 0 0 0 0]
[3557046178928375386781080117200856644494781277658140881033813671728866414369610467724456710446112472590136262497401660902277372046960006588533173993865770099661862249237336545531345520199214705419690274948315403417710466541503007334720946527003595172943911859518726066343943937730568734838434419961727297547219 0 0 0 0 0 0 0 0 0 0 0 0 0 0 0 0 0 0 0 0 0 0 0 0 0 0 0 0 0 0 0 0 0 0 0 0 0 0 0 0 0 0 0 0 1 0 0 0 0 0 0 0 0 0 0 0 0 0 0 0 0 0 0 0 0 0 0 0 0 0 0 0 0 0 0 0 0 0 0 0 0 0 0 0 0 0 0 0 0 0 0 0 0 0 0 0 0 0 0 0 0 0]
[4990410268078608988387521977046982395916417330733253267530267443103335630957979726228358426323801386345494642938751665351275457841008604272997442138601495736544993901908256058526799622996886879652257001921697029308898107018167198899819915919771792894343350801862351066803241003779538215233171383491132211587559 0 0 0 0 0 0 0 0 0 0 0 0 0 0 0 0 0 0 0 0 0 0 0 0 0 0 0 0 0 0 0 0 0 0 0 0 0 0 0 0 0 0 0 0 0 1 0 0 0 0 0 0 0 0 0 0 0 0 0 0 0 0 0 0 0 0 0 0 0 0 0 0 0 0 0 0 0 0 0 0 0 0 0 0 0 0 0 0 0 0 0 0 0 0 0 0 0 0 0 0 0 0]
[278586492950323924921097305400429385951380621658586238042428354350089399605956333584130647089491270586464295181984950739504486394073371112031989262515110424899129268022528110178261319602636268214805198295359570255139857702620196835034670617695219780190566029901893851296996701804244680275695240764627109037741 0 0 0 0 0 0 0 0 0 0 0 0 0 0 0 0 0 0 0 0 0 0 0 0 0 0 0 0 0 0 0 0 0 0 0 0 0 0 0 0 0 0 0 0 0 0 1 0 0 0 0 0 0 0 0 0 0 0 0 0 0 0 0 0 0 0 0 0 0 0 0 0 0 0 0 0 0 0 0 0 0 0 0 0 0 0 0 0 0 0 0 0 0 0 0 0 0 0 0 0 0 0]
[5781361191131442079476330548983309799747596460720479849647301713782270393226130919304614383138881068129696535631209134448724751802114129613057804885297535712592926931792846857375503308723660361884396510748062675956738853775891096542747147450257171336219713784057040427052212972491831962319852850563097422840515 0 0 0 0 0 0 0 0 0 0 0 0 0 0 0 0 0 0 0 0 0 0 0 0 0 0 0 0 0 0 0 0 0 0 0 0 0 0 0 0 0 0 0 0 0 0 0 1 0 0 0 0 0 0 0 0 0 0 0 0 0 0 0 0 0 0 0 0 0 0 0 0 0 0 0 0 0 0 0 0 0 0 0 0 0 0 0 0 0 0 0 0 0 0 0 0 0 0 0 0 0 0]
[5765489287886011028914159645129117190361598790270912509598287572848491612305266713601503083143747992051053418233059131690703561463239147932996378316376649218747656208055232594475414294783420228606208364938089510906770126266211971040388594393907178984274766969360497873212869541141740848943171593392263182302830 0 0 0 0 0 0 0 0 0 0 0 0 0 0 0 0 0 0 0 0 0 0 0 0 0 0 0 0 0 0 0 0 0 0 0 0 0 0 0 0 0 0 0 0 0 0 0 0 1 0 0 0 0 0 0 0 0 0 0 0 0 0 0 0 0 0 0 0 0 0 0 0 0 0 0 0 0 0 0 0 0 0 0 0 0 0 0 0 0 0 0 0 0 0 0 0 0 0 0 0 0 0]
[6525215571840086650899562659919433504032808010155165397104559000579109823591385968768496805517301910048767311503399030088398931661434332346422298906648839294676027216662889703656455806190907843764077074303131827391591110769666933822968875867840670425995282453719008299493933710287011135851085572516122177532353 0 0 0 0 0 0 0 0 0 0 0 0 0 0 0 0 0 0 0 0 0 0 0 0 0 0 0 0 0 0 0 0 0 0 0 0 0 0 0 0 0 0 0 0 0 0 0 0 0 1 0 0 0 0 0 0 0 0 0 0 0 0 0 0 0 0 0 0 0 0 0 0 0 0 0 0 0 0 0 0 0 0 0 0 0 0 0 0 0 0 0 0 0 0 0 0 0 0 0 0 0 0]
[1040896159461453797435449068883483666925175736110567714374974476311664203401215553110938593384648123033370779992172281257200904847808943687158972114978403243501984384374365869537773860097069744759831178625743361729265599681121648962981871164718301360898847661266191513555067663165681510693401795744223219609475 0 0 0 0 0 0 0 0 0 0 0 0 0 0 0 0 0 0 0 0 0 0 0 0 0 0 0 0 0 0 0 0 0 0 0 0 0 0 0 0 0 0 0 0 0 0 0 0 0 0 1 0 0 0 0 0 0 0 0 0 0 0 0 0 0 0 0 0 0 0 0 0 0 0 0 0 0 0 0 0 0 0 0 0 0 0 0 0 0 0 0 0 0 0 0 0 0 0 0 0 0 0]
[482125253967452259003213286691443348347996816792643108406629271164590289935259411296441629247163108232160196432260587438692913616090696403574566578559896455434135898185397766464247690596764199425302953190286657647409446922946031829174809419858354574749382224666882394320763830653702309320367202734190071423581 0 0 0 0 0 0 0 0 0 0 0 0 0 0 0 0 0 0 0 0 0 0 0 0 0 0 0 0 0 0 0 0 0 0 0 0 0 0 0 0 0 0 0 0 0 0 0 0 0 0 0 1 0 0 0 0 0 0 0 0 0 0 0 0 0 0 0 0 0 0 0 0 0 0 0 0 0 0 0 0 0 0 0 0 0 0 0 0 0 0 0 0 0 0 0 0 0 0 0 0 0 0]
[3730428384705553512364493676021295213451832788818342521803031613854597334005472908083951948568475411890333274411830041032687605701827376921867949368813723086489884666135136240635505711384969889345816228887644791070382099761497592615818597358950638951002659782203079782752787734181486367408058501725302976785921 0 0 0 0 0 0 0 0 0 0 0 0 0 0 0 0 0 0 0 0 0 0 0 0 0 0 0 0 0 0 0 0 0 0 0 0 0 0 0 0 0 0 0 0 0 0 0 0 0 0 0 0 1 0 0 0 0 0 0 0 0 0 0 0 0 0 0 0 0 0 0 0 0 0 0 0 0 0 0 0 0 0 0 0 0 0 0 0 0 0 0 0 0 0 0 0 0 0 0 0 0 0]
[562996473538402935372608742282777583036484679174313627670603780189629455618708737081759066264732779907992625551767635383094415603826401914900510421637884732510398042155567765592368582298264730987582499477441001686636334908679100946287596176402114298668706546674646159205911319281837392026430971169986992701590 0 0 0 0 0 0 0 0 0 0 0 0 0 0 0 0 0 0 0 0 0 0 0 0 0 0 0 0 0 0 0 0 0 0 0 0 0 0 0 0 0 0 0 0 0 0 0 0 0 0 0 0 0 1 0 0 0 0 0 0 0 0 0 0 0 0 0 0 0 0 0 0 0 0 0 0 0 0 0 0 0 0 0 0 0 0 0 0 0 0 0 0 0 0 0 0 0 0 0 0 0 0]
[2685877272950247732987827710084680387829333658440052749404575062101618906477419493265865510669099809378573471595076697512539562134089308471242856776709394122279333222283533912101062235458587000429653509982853861350011496497613350779344029731201395551600171508341291369441804875934257732567245815925869385181814 0 0 0 0 0 0 0 0 0 0 0 0 0 0 0 0 0 0 0 0 0 0 0 0 0 0 0 0 0 0 0 0 0 0 0 0 0 0 0 0 0 0 0 0 0 0 0 0 0 0 0 0 0 0 1 0 0 0 0 0 0 0 0 0 0 0 0 0 0 0 0 0 0 0 0 0 0 0 0 0 0 0 0 0 0 0 0 0 0 0 0 0 0 0 0 0 0 0 0 0 0 0]
[1572888738861582501448947140480847254936576390192062181593918338289613547714564914743156922626066120282605207518452948978152892929899743754585489298341987934027405404429095526576392997011229272768612001868355732576151780742173479063504207456861888671400774742508245308408140165608187264375954398181355601944490 0 0 0 0 0 0 0 0 0 0 0 0 0 0 0 0 0 0 0 0 0 0 0 0 0 0 0 0 0 0 0 0 0 0 0 0 0 0 0 0 0 0 0 0 0 0 0 0 0 0 0 0 0 0 0 1 0 0 0 0 0 0 0 0 0 0 0 0 0 0 0 0 0 0 0 0 0 0 0 0 0 0 0 0 0 0 0 0 0 0 0 0 0 0 0 0 0 0 0 0 0 0]
[5038300283176296333325439705931769091875300200623388913736486623180760459096372215555954892993653850712132576470992662913990719567880506748415424289302868999303866670727069784994062361772181956021489494899858588968918406863150091192897436068468063487367430025640714837896633028324626028239979272866690777323426 0 0 0 0 0 0 0 0 0 0 0 0 0 0 0 0 0 0 0 0 0 0 0 0 0 0 0 0 0 0 0 0 0 0 0 0 0 0 0 0 0 0 0 0 0 0 0 0 0 0 0 0 0 0 0 0 1 0 0 0 0 0 0 0 0 0 0 0 0 0 0 0 0 0 0 0 0 0 0 0 0 0 0 0 0 0 0 0 0 0 0 0 0 0 0 0 0 0 0 0 0 0]
[1491366021151617131649529375934092883341362400074317929267948553270964327846216069742276515978209365228052902447895869090524859204434373169308114992987220477940932516652033148212718840967636749784439296050871491203277067221812365994760224677615216782647279284533648637786982833605403002404525707779272695819836 0 0 0 0 0 0 0 0 0 0 0 0 0 0 0 0 0 0 0 0 0 0 0 0 0 0 0 0 0 0 0 0 0 0 0 0 0 0 0 0 0 0 0 0 0 0 0 0 0 0 0 0 0 0 0 0 0 1 0 0 0 0 0 0 0 0 0 0 0 0 0 0 0 0 0 0 0 0 0 0 0 0 0 0 0 0 0 0 0 0 0 0 0 0 0 0 0 0 0 0 0 0]
[344272268301225527238385934262533126811737327053692333533916308346674421295538019965586272861283206377962648960694093134663879763377331061855066025482370124444465464519838299444510186184375576142640751974879036139080550182287997164233484016721531614995741962657286242414496682780546878466166909551673222473923 0 0 0 0 0 0 0 0 0 0 0 0 0 0 0 0 0 0 0 0 0 0 0 0 0 0 0 0 0 0 0 0 0 0 0 0 0 0 0 0 0 0 0 0 0 0 0 0 0 0 0 0 0 0 0 0 0 0 1 0 0 0 0 0 0 0 0 0 0 0 0 0 0 0 0 0 0 0 0 0 0 0 0 0 0 0 0 0 0 0 0 0 0 0 0 0 0 0 0 0 0 0]
[2478103143033381566228046091113386150326698567080372782739573935793395748534477050192017616632704540192501262664077409928152091812984099917688919712538051499759442570921432297342159124285912528567302447524800304097912589495666615111469330233031622742103749443695721595600631733012866361938029456159402305966212 0 0 0 0 0 0 0 0 0 0 0 0 0 0 0 0 0 0 0 0 0 0 0 0 0 0 0 0 0 0 0 0 0 0 0 0 0 0 0 0 0 0 0 0 0 0 0 0 0 0 0 0 0 0 0 0 0 0 0 1 0 0 0 0 0 0 0 0 0 0 0 0 0 0 0 0 0 0 0 0 0 0 0 0 0 0 0 0 0 0 0 0 0 0 0 0 0 0 0 0 0 0]
[3069147379886152715761997299902624651261717625438083607073253599922280489373933507304900740150150452272987440263641639328738223994702307776460615842372254930976102902792518737358822073065231556869216455546703700527560142512095436805603283920778331894710552978246244469018935149271437243188930518780329565770597 0 0 0 0 0 0 0 0 0 0 0 0 0 0 0 0 0 0 0 0 0 0 0 0 0 0 0 0 0 0 0 0 0 0 0 0 0 0 0 0 0 0 0 0 0 0 0 0 0 0 0 0 0 0 0 0 0 0 0 0 1 0 0 0 0 0 0 0 0 0 0 0 0 0 0 0 0 0 0 0 0 0 0 0 0 0 0 0 0 0 0 0 0 0 0 0 0 0 0 0 0 0]
[2765736812032097746201036678228573926142693021309728820411484620476920577375293594202437058254971783450016728672857099744056187070093967906638664540131800267347335151030858424274926222350197299909467894241136203251945142927178950569411844533057394273741961771011105883370247311770688728529207317700409285992948 0 0 0 0 0 0 0 0 0 0 0 0 0 0 0 0 0 0 0 0 0 0 0 0 0 0 0 0 0 0 0 0 0 0 0 0 0 0 0 0 0 0 0 0 0 0 0 0 0 0 0 0 0 0 0 0 0 0 0 0 0 1 0 0 0 0 0 0 0 0 0 0 0 0 0 0 0 0 0 0 0 0 0 0 0 0 0 0 0 0 0 0 0 0 0 0 0 0 0 0 0 0]
[2708496025379113474665750169499585874647842827894270284987504028183911106258244198462559454617088775405989455186631184347600844517687584202000235957387416313427612711051173453464867645877988637330670540983046787801927446761932001391473904756466986458824318858610502198389431758379169834577964487669036936832049 0 0 0 0 0 0 0 0 0 0 0 0 0 0 0 0 0 0 0 0 0 0 0 0 0 0 0 0 0 0 0 0 0 0 0 0 0 0 0 0 0 0 0 0 0 0 0 0 0 0 0 0 0 0 0 0 0 0 0 0 0 0 1 0 0 0 0 0 0 0 0 0 0 0 0 0 0 0 0 0 0 0 0 0 0 0 0 0 0 0 0 0 0 0 0 0 0 0 0 0 0 0]
[3588423548823855831261142315753717161969952147142156635268023959545519161848012471550998382970481396798494944825268915001341068755946313238802680635583532000641906079222568849832533388749010508304840794968590785166517659151963610612972213654915626967542810357426207102401204547908831777587660641758931777373518 0 0 0 0 0 0 0 0 0 0 0 0 0 0 0 0 0 0 0 0 0 0 0 0 0 0 0 0 0 0 0 0 0 0 0 0 0 0 0 0 0 0 0 0 0 0 0 0 0 0 0 0 0 0 0 0 0 0 0 0 0 0 0 1 0 0 0 0 0 0 0 0 0 0 0 0 0 0 0 0 0 0 0 0 0 0 0 0 0 0 0 0 0 0 0 0 0 0 0 0 0 0]
[1179871502327259493937037643807774318442845249199505919206415954722193080228971047763934350250237469612772086854977316418283441848056967889035041441242646832638734480268169974844091160076947625759676989471686015462641582017838402994188089650626714680951669040464990324975728074708178469185364690090862524067387 0 0 0 0 0 0 0 0 0 0 0 0 0 0 0 0 0 0 0 0 0 0 0 0 0 0 0 0 0 0 0 0 0 0 0 0 0 0 0 0 0 0 0 0 0 0 0 0 0 0 0 0 0 0 0 0 0 0 0 0 0 0 0 0 1 0 0 0 0 0 0 0 0 0 0 0 0 0 0 0 0 0 0 0 0 0 0 0 0 0 0 0 0 0 0 0 0 0 0 0 0 0]
[3226204371231464140491850846361362602477140714323549358537560450525436011478730632406801746813853031499877509962658712906865644394388444365167634488242354679667433984624906785335531463263934282572567979681800160842886857127617846842729874855413901626383332532268879262998667618411815236258780593553688286673539 0 0 0 0 0 0 0 0 0 0 0 0 0 0 0 0 0 0 0 0 0 0 0 0 0 0 0 0 0 0 0 0 0 0 0 0 0 0 0 0 0 0 0 0 0 0 0 0 0 0 0 0 0 0 0 0 0 0 0 0 0 0 0 0 0 1 0 0 0 0 0 0 0 0 0 0 0 0 0 0 0 0 0 0 0 0 0 0 0 0 0 0 0 0 0 0 0 0 0 0 0 0]
[3557952661527331988461522800731966340497694889670362511043036826792483670184747186082334135011684779623442649392562396276838615696405603318299627125996062744242628751155386327320660850791944821200862680010932866252566225116310475165533557280437462255646439620876490823376011577783934807957061756610269660192174 0 0 0 0 0 0 0 0 0 0 0 0 0 0 0 0 0 0 0 0 0 0 0 0 0 0 0 0 0 0 0 0 0 0 0 0 0 0 0 0 0 0 0 0 0 0 0 0 0 0 0 0 0 0 0 0 0 0 0 0 0 0 0 0 0 0 1 0 0 0 0 0 0 0 0 0 0 0 0 0 0 0 0 0 0 0 0 0 0 0 0 0 0 0 0 0 0 0 0 0 0 0]
[2062297985225043632188249505203269631052809180269438981923999480194402226051662512007559664353866805338548825049962444359399972737886401760361642760750516170314504579059932850036513223795831827147900627664181104786687169392052060527152717075810761744397005318329408045612974122759486009525157907788488483760669 0 0 0 0 0 0 0 0 0 0 0 0 0 0 0 0 0 0 0 0 0 0 0 0 0 0 0 0 0 0 0 0 0 0 0 0 0 0 0 0 0 0 0 0 0 0 0 0 0 0 0 0 0 0 0 0 0 0 0 0 0 0 0 0 0 0 0 1 0 0 0 0 0 0 0 0 0 0 0 0 0 0 0 0 0 0 0 0 0 0 0 0 0 0 0 0 0 0 0 0 0 0]
[5784599159773657512682124525950315228322788963406086933806601010626265965278278094644660305127325130392630135817307865189082823441122419866073194391084440423831912967343292938755529449594268944366480251655338312810297612995301322918859222964408308572138468584342573893063549371853890060030078996650707686198197 0 0 0 0 0 0 0 0 0 0 0 0 0 0 0 0 0 0 0 0 0 0 0 0 0 0 0 0 0 0 0 0 0 0 0 0 0 0 0 0 0 0 0 0 0 0 0 0 0 0 0 0 0 0 0 0 0 0 0 0 0 0 0 0 0 0 0 0 1 0 0 0 0 0 0 0 0 0 0 0 0 0 0 0 0 0 0 0 0 0 0 0 0 0 0 0 0 0 0 0 0 0]
[2488287227123083909027487299071530334624575509163589048862084639699869488171524282494382000834415976777131458208296592888568772068229306121026161011901603945389828840620138571244103940475662737323864036453279280349894568223864877675628084718788829245122873081404803403171604738770359073397118511164161467685156 0 0 0 0 0 0 0 0 0 0 0 0 0 0 0 0 0 0 0 0 0 0 0 0 0 0 0 0 0 0 0 0 0 0 0 0 0 0 0 0 0 0 0 0 0 0 0 0 0 0 0 0 0 0 0 0 0 0 0 0 0 0 0 0 0 0 0 0 0 1 0 0 0 0 0 0 0 0 0 0 0 0 0 0 0 0 0 0 0 0 0 0 0 0 0 0 0 0 0 0 0 0]
[1198222969687815669462435260469144607392511340231809583383632025549993768360959365228190116225610648529838244923542638108415263519059013304057300762008536264848095012656355905026373523841039487943507996873694307617094728469406550955249380781092004025245868927711730688260413062852098263734030841666636019128221 0 0 0 0 0 0 0 0 0 0 0 0 0 0 0 0 0 0 0 0 0 0 0 0 0 0 0 0 0 0 0 0 0 0 0 0 0 0 0 0 0 0 0 0 0 0 0 0 0 0 0 0 0 0 0 0 0 0 0 0 0 0 0 0 0 0 0 0 0 0 1 0 0 0 0 0 0 0 0 0 0 0 0 0 0 0 0 0 0 0 0 0 0 0 0 0 0 0 0 0 0 0]
[1846370611914990652444801479974230859453079019814023521264939031899867008032361209940821257027239345009794209736602812829394726729165268016948266975466448588665186086874321095104119483793759092782138339624121255052950689618524009533569097969871733524599213901952606619864205442638773580626760119615693047522481 0 0 0 0 0 0 0 0 0 0 0 0 0 0 0 0 0 0 0 0 0 0 0 0 0 0 0 0 0 0 0 0 0 0 0 0 0 0 0 0 0 0 0 0 0 0 0 0 0 0 0 0 0 0 0 0 0 0 0 0 0 0 0 0 0 0 0 0 0 0 0 1 0 0 0 0 0 0 0 0 0 0 0 0 0 0 0 0 0 0 0 0 0 0 0 0 0 0 0 0 0 0]
[3250242052694722371576495418048267849617282251244626451760596047793433306748443601476575061046388854580259510251719855449235584127240295135674041790093378702911589642885205683886814439272072421839137218189705142113607206359315327582362794152531188021324508710071125915792384328915554862824855892270301500765508 0 0 0 0 0 0 0 0 0 0 0 0 0 0 0 0 0 0 0 0 0 0 0 0 0 0 0 0 0 0 0 0 0 0 0 0 0 0 0 0 0 0 0 0 0 0 0 0 0 0 0 0 0 0 0 0 0 0 0 0 0 0 0 0 0 0 0 0 0 0 0 0 1 0 0 0 0 0 0 0 0 0 0 0 0 0 0 0 0 0 0 0 0 0 0 0 0 0 0 0 0 0]
[5838454294511914424389028670835066185939165499819139807032728512831449134398730838028156189352172074306792716327578484134432041781240113981435504807954254376871457768057168783787188012078639443753172825362481712597369321723810097314379728813091738156373309730547776307029657799326397013865645669987887395314897 0 0 0 0 0 0 0 0 0 0 0 0 0 0 0 0 0 0 0 0 0 0 0 0 0 0 0 0 0 0 0 0 0 0 0 0 0 0 0 0 0 0 0 0 0 0 0 0 0 0 0 0 0 0 0 0 0 0 0 0 0 0 0 0 0 0 0 0 0 0 0 0 0 1 0 0 0 0 0 0 0 0 0 0 0 0 0 0 0 0 0 0 0 0 0 0 0 0 0 0 0 0]
[2652725282368639910231485372681785941142229685137904801346671973531614837848342794207109529036153019128975461034132866361160215759942315507737341435770892705341811754997965342078387028112178777957851442920663148879257454615023551800889960827588092822741275761295312069002008573460118110072208557280783606448859 0 0 0 0 0 0 0 0 0 0 0 0 0 0 0 0 0 0 0 0 0 0 0 0 0 0 0 0 0 0 0 0 0 0 0 0 0 0 0 0 0 0 0 0 0 0 0 0 0 0 0 0 0 0 0 0 0 0 0 0 0 0 0 0 0 0 0 0 0 0 0 0 0 0 1 0 0 0 0 0 0 0 0 0 0 0 0 0 0 0 0 0 0 0 0 0 0 0 0 0 0 0]
[312342542743593300948310727034469578484000230716872812786510095237107947398161920363875261403350828251236337808762454761949126044407781342796721628888896298744718362995767828718621337740729803242879851651026098645146732485026178064784473044357959520216084990308815761373112026105790707221334111851889068303074 0 0 0 0 0 0 0 0 0 0 0 0 0 0 0 0 0 0 0 0 0 0 0 0 0 0 0 0 0 0 0 0 0 0 0 0 0 0 0 0 0 0 0 0 0 0 0 0 0 0 0 0 0 0 0 0 0 0 0 0 0 0 0 0 0 0 0 0 0 0 0 0 0 0 0 1 0 0 0 0 0 0 0 0 0 0 0 0 0 0 0 0 0 0 0 0 0 0 0 0 0 0]
[3522444647417406682011720455253721098810310875988295759008074220757811764278158808200688393127502499114708632462100254631825333309777099166453702558887490525907614922814704723348806944308054056837970355027626436293361876130740736252078957386862192535555739239075521887579066319011886173779995744991181141605758 0 0 0 0 0 0 0 0 0 0 0 0 0 0 0 0 0 0 0 0 0 0 0 0 0 0 0 0 0 0 0 0 0 0 0 0 0 0 0 0 0 0 0 0 0 0 0 0 0 0 0 0 0 0 0 0 0 0 0 0 0 0 0 0 0 0 0 0 0 0 0 0 0 0 0 0 1 0 0 0 0 0 0 0 0 0 0 0 0 0 0 0 0 0 0 0 0 0 0 0 0 0]
[3062766063689253469292585539336819065581921879601189142315323155020323125160834721363881221809144348000289834695825827088693173860280662252509862604545883832709223377083744159150980505349928848728878072968103143414590958132200408741898299061082096349396497857334005128275465372344892536864312552738036107939159 0 0 0 0 0 0 0 0 0 0 0 0 0 0 0 0 0 0 0 0 0 0 0 0 0 0 0 0 0 0 0 0 0 0 0 0 0 0 0 0 0 0 0 0 0 0 0 0 0 0 0 0 0 0 0 0 0 0 0 0 0 0 0 0 0 0 0 0 0 0 0 0 0 0 0 0 0 1 0 0 0 0 0 0 0 0 0 0 0 0 0 0 0 0 0 0 0 0 0 0 0 0]
[5617701070757672503689212089332948072192598571428583840440961974974506789940158410290834814219822071981257804876586932373320253570052739586713492175319339773292439482383173616356530334061216786622857447119268369008869373773523398898401286210492515805257031772797279245988034293839654436504110387843864817500364 0 0 0 0 0 0 0 0 0 0 0 0 0 0 0 0 0 0 0 0 0 0 0 0 0 0 0 0 0 0 0 0 0 0 0 0 0 0 0 0 0 0 0 0 0 0 0 0 0 0 0 0 0 0 0 0 0 0 0 0 0 0 0 0 0 0 0 0 0 0 0 0 0 0 0 0 0 0 1 0 0 0 0 0 0 0 0 0 0 0 0 0 0 0 0 0 0 0 0 0 0 0]
[548377229547929356289769973465057583254268307436414938425645132842101808797389973397844562695491750034858686210500829411090068308734457374759218144750571633045087446644937557079935999712323851924937640811778600190463544503810070498573328510803822861623642162000200040998541647695356722410471089596849685620818 0 0 0 0 0 0 0 0 0 0 0 0 0 0 0 0 0 0 0 0 0 0 0 0 0 0 0 0 0 0 0 0 0 0 0 0 0 0 0 0 0 0 0 0 0 0 0 0 0 0 0 0 0 0 0 0 0 0 0 0 0 0 0 0 0 0 0 0 0 0 0 0 0 0 0 0 0 0 0 1 0 0 0 0 0 0 0 0 0 0 0 0 0 0 0 0 0 0 0 0 0 0]
[6915458655473413032782262504639050241173839153794927197283720143483786232867485950539915068079294873860320157153347151795742059183427298400746875108539365175513913739283260600251506361893612020604133957823397534707632418809357137844629439228333801464438933633412124822953776541686204968440170406057207390643904 0 0 0 0 0 0 0 0 0 0 0 0 0 0 0 0 0 0 0 0 0 0 0 0 0 0 0 0 0 0 0 0 0 0 0 0 0 0 0 0 0 0 0 0 0 0 0 0 0 0 0 0 0 0 0 0 0 0 0 0 0 0 0 0 0 0 0 0 0 0 0 0 0 0 0 0 0 0 0 0 1 0 0 0 0 0 0 0 0 0 0 0 0 0 0 0 0 0 0 0 0 0]
[7093140185287116711544281676733209455372773864639467981386388471805667389410266607572651067135164969304394021477209303493780348532881395716555818060134350271415944144989843451893705360239540809780324095434030121505168995659327119486809781740186180692718938827790563449915105867175787264324250986542931568333178 0 0 0 0 0 0 0 0 0 0 0 0 0 0 0 0 0 0 0 0 0 0 0 0 0 0 0 0 0 0 0 0 0 0 0 0 0 0 0 0 0 0 0 0 0 0 0 0 0 0 0 0 0 0 0 0 0 0 0 0 0 0 0 0 0 0 0 0 0 0 0 0 0 0 0 0 0 0 0 0 0 1 0 0 0 0 0 0 0 0 0 0 0 0 0 0 0 0 0 0 0 0]
[6982445001170165524708732957730500269775489075747335214717965314011956891027366414044189885161825461162266060217029753733082094802322728339233286018438474491459905832366028375763934852236910256503553063649096540727230985516994442354326201225164731977419387593698734305243472583557927144761361767194666880200048 0 0 0 0 0 0 0 0 0 0 0 0 0 0 0 0 0 0 0 0 0 0 0 0 0 0 0 0 0 0 0 0 0 0 0 0 0 0 0 0 0 0 0 0 0 0 0 0 0 0 0 0 0 0 0 0 0 0 0 0 0 0 0 0 0 0 0 0 0 0 0 0 0 0 0 0 0 0 0 0 0 0 1 0 0 0 0 0 0 0 0 0 0 0 0 0 0 0 0 0 0 0]
[3909914143922761840998549373735759802838363993741232161891784391028221987578456044252395842058001334592547702483737013874263009792668490436217626536758955677242869995256234524247042263864074025293068857080342436824069294800544651723228305727261530470683426534603837293086312180776896732176265145696789749517817 0 0 0 0 0 0 0 0 0 0 0 0 0 0 0 0 0 0 0 0 0 0 0 0 0 0 0 0 0 0 0 0 0 0 0 0 0 0 0 0 0 0 0 0 0 0 0 0 0 0 0 0 0 0 0 0 0 0 0 0 0 0 0 0 0 0 0 0 0 0 0 0 0 0 0 0 0 0 0 0 0 0 0 1 0 0 0 0 0 0 0 0 0 0 0 0 0 0 0 0 0 0]
[4419938184186165803622879585568973377114873640481664352872318775710775463403602439675484853129049176171271536497438020411907683958264824900890945058724008173007344186726094078091565607067489246227925045929336928428510791637256051749339672413005502470730200893894368481039939698942519044041450622665577284951472 0 0 0 0 0 0 0 0 0 0 0 0 0 0 0 0 0 0 0 0 0 0 0 0 0 0 0 0 0 0 0 0 0 0 0 0 0 0 0 0 0 0 0 0 0 0 0 0 0 0 0 0 0 0 0 0 0 0 0 0 0 0 0 0 0 0 0 0 0 0 0 0 0 0 0 0 0 0 0 0 0 0 0 0 1 0 0 0 0 0 0 0 0 0 0 0 0 0 0 0 0 0]
[5623081414680705075858834829028227999703249108409759424156323602687264567110381773894848426162599910025121233636750157941007617019533564400227244866627652799851191110452592091480060211265680661766582671017488523538429558819956308206983783962090580720701638585902096821125521252153374334410742801492573337749383 0 0 0 0 0 0 0 0 0 0 0 0 0 0 0 0 0 0 0 0 0 0 0 0 0 0 0 0 0 0 0 0 0 0 0 0 0 0 0 0 0 0 0 0 0 0 0 0 0 0 0 0 0 0 0 0 0 0 0 0 0 0 0 0 0 0 0 0 0 0 0 0 0 0 0 0 0 0 0 0 0 0 0 0 0 1 0 0 0 0 0 0 0 0 0 0 0 0 0 0 0 0]
[2113344877446250834429854262812599407072682354417202044645234212481048518763482461143755154748960711961634793353170383135440719497450569489158250732793483483957883676548447871345809178115696161609965219890045968504299934243216905836078627108157505923644871317556766442924556416459081890265616319654947741122173 0 0 0 0 0 0 0 0 0 0 0 0 0 0 0 0 0 0 0 0 0 0 0 0 0 0 0 0 0 0 0 0 0 0 0 0 0 0 0 0 0 0 0 0 0 0 0 0 0 0 0 0 0 0 0 0 0 0 0 0 0 0 0 0 0 0 0 0 0 0 0 0 0 0 0 0 0 0 0 0 0 0 0 0 0 0 1 0 0 0 0 0 0 0 0 0 0 0 0 0 0 0]
[2599548040690421630097604476682758670360555713975240861503227071231574023506512401185806439441519113141172462702441185996935079300081069935022891237687492600199574512027921996141370147896709437382664717478564613306176880217779603429498543621955025359184962888740404231404560597334789463177982703234395456971462 0 0 0 0 0 0 0 0 0 0 0 0 0 0 0 0 0 0 0 0 0 0 0 0 0 0 0 0 0 0 0 0 0 0 0 0 0 0 0 0 0 0 0 0 0 0 0 0 0 0 0 0 0 0 0 0 0 0 0 0 0 0 0 0 0 0 0 0 0 0 0 0 0 0 0 0 0 0 0 0 0 0 0 0 0 0 0 1 0 0 0 0 0 0 0 0 0 0 0 0 0 0]
[5683557708870619363799369267630100579030456297693083565449011732321337981850909626216379571268713860204151604730758085355518093095394792818876943327451595444060133822449783890305353793421388660046055201343839164167117856024523297337583069462704965838742974000849757829193430284939434882124190316176485456280434 0 0 0 0 0 0 0 0 0 0 0 0 0 0 0 0 0 0 0 0 0 0 0 0 0 0 0 0 0 0 0 0 0 0 0 0 0 0 0 0 0 0 0 0 0 0 0 0 0 0 0 0 0 0 0 0 0 0 0 0 0 0 0 0 0 0 0 0 0 0 0 0 0 0 0 0 0 0 0 0 0 0 0 0 0 0 0 0 1 0 0 0 0 0 0 0 0 0 0 0 0 0]
[6769410489498383476619930505247886359254951485361827156961833296523336905412052705929093712029777037966735456147811291807035975636670464332602171334193647986778840844217225947053823430676264730922892956334300913676396809936672652815872189887883258332341978848142821182555670919379261153193164350578779125616771 0 0 0 0 0 0 0 0 0 0 0 0 0 0 0 0 0 0 0 0 0 0 0 0 0 0 0 0 0 0 0 0 0 0 0 0 0 0 0 0 0 0 0 0 0 0 0 0 0 0 0 0 0 0 0 0 0 0 0 0 0 0 0 0 0 0 0 0 0 0 0 0 0 0 0 0 0 0 0 0 0 0 0 0 0 0 0 0 0 1 0 0 0 0 0 0 0 0 0 0 0 0]
[5345324261466017277091631658939778305540406019986390957535372125867317829605546482013848872847224881769097625091359116250711893516731140067677398446967581388376387588316504715389986777919069512485410061727363148095637220341714808614328562151847123617262919903847699359947008219691838705607962329275878140620340 0 0 0 0 0 0 0 0 0 0 0 0 0 0 0 0 0 0 0 0 0 0 0 0 0 0 0 0 0 0 0 0 0 0 0 0 0 0 0 0 0 0 0 0 0 0 0 0 0 0 0 0 0 0 0 0 0 0 0 0 0 0 0 0 0 0 0 0 0 0 0 0 0 0 0 0 0 0 0 0 0 0 0 0 0 0 0 0 0 0 1 0 0 0 0 0 0 0 0 0 0 0]
[4645403108485694903642030208912231154420346767364538371881671268316605468194452509306187020003589756384644378115402094865411515425456522828514834469228129594549727451315588333665985637861802846998911204373295919504733855903549239955172895856676358187244432548782772198980034336594396613592913947218561145684509 0 0 0 0 0 0 0 0 0 0 0 0 0 0 0 0 0 0 0 0 0 0 0 0 0 0 0 0 0 0 0 0 0 0 0 0 0 0 0 0 0 0 0 0 0 0 0 0 0 0 0 0 0 0 0 0 0 0 0 0 0 0 0 0 0 0 0 0 0 0 0 0 0 0 0 0 0 0 0 0 0 0 0 0 0 0 0 0 0 0 0 1 0 0 0 0 0 0 0 0 0 0]
[6115795663467161807540239865433880795187088170514235191414603320694710911479169959218171223002579145082513841900158690338132945104977899779525179147643283789481675704503912860414665837725573264226515183309704150341414079689419133781316879797130280811311740366304377411955808636561842028300025299860740315792008 0 0 0 0 0 0 0 0 0 0 0 0 0 0 0 0 0 0 0 0 0 0 0 0 0 0 0 0 0 0 0 0 0 0 0 0 0 0 0 0 0 0 0 0 0 0 0 0 0 0 0 0 0 0 0 0 0 0 0 0 0 0 0 0 0 0 0 0 0 0 0 0 0 0 0 0 0 0 0 0 0 0 0 0 0 0 0 0 0 0 0 0 1 0 0 0 0 0 0 0 0 0]
[1802626314114006470888463654312780501876040163679128136917900761446775896249364370631728985190616987165054311761534206976416028342043418688775113732733395628685697167167670062290528127345627554434123950769968951882971650955579797021335407153894557916867513789542150823220482863405777027053392883423651654897559 0 0 0 0 0 0 0 0 0 0 0 0 0 0 0 0 0 0 0 0 0 0 0 0 0 0 0 0 0 0 0 0 0 0 0 0 0 0 0 0 0 0 0 0 0 0 0 0 0 0 0 0 0 0 0 0 0 0 0 0 0 0 0 0 0 0 0 0 0 0 0 0 0 0 0 0 0 0 0 0 0 0 0 0 0 0 0 0 0 0 0 0 0 1 0 0 0 0 0 0 0 0]
[4991590765707450026565221453282099538568776911240688769106541417777753054805813177149594324897346226230701368259043532451772056045603135074634546613043739375539447802418526916851427507864425424991431551077385204797972531394464732922305993268734161544992660591282638992255511810556579390150518049494475025849680 0 0 0 0 0 0 0 0 0 0 0 0 0 0 0 0 0 0 0 0 0 0 0 0 0 0 0 0 0 0 0 0 0 0 0 0 0 0 0 0 0 0 0 0 0 0 0 0 0 0 0 0 0 0 0 0 0 0 0 0 0 0 0 0 0 0 0 0 0 0 0 0 0 0 0 0 0 0 0 0 0 0 0 0 0 0 0 0 0 0 0 0 0 0 1 0 0 0 0 0 0 0]
[5067219338049614662900463287690412906686608355938170141980030614221317600524328767828926943177108418347670592405563863149180682903361460896830692046083253685779248934262107475394440949281860139187452555469184440639171682823698082955052280966925367387273849238695941362273091649765338741289442458973748292420709 0 0 0 0 0 0 0 0 0 0 0 0 0 0 0 0 0 0 0 0 0 0 0 0 0 0 0 0 0 0 0 0 0 0 0 0 0 0 0 0 0 0 0 0 0 0 0 0 0 0 0 0 0 0 0 0 0 0 0 0 0 0 0 0 0 0 0 0 0 0 0 0 0 0 0 0 0 0 0 0 0 0 0 0 0 0 0 0 0 0 0 0 0 0 0 1 0 0 0 0 0 0]
[477746531489895228863232396464874542762073623147997859866533145968622194752080807756047502707799371446701150855719594805495592412710599041448272428526844792278686693266338174209450910757760192026137080491032674477748823454552149348385272162452578950244280661606255491484547328781275448414795313130292494301494 0 0 0 0 0 0 0 0 0 0 0 0 0 0 0 0 0 0 0 0 0 0 0 0 0 0 0 0 0 0 0 0 0 0 0 0 0 0 0 0 0 0 0 0 0 0 0 0 0 0 0 0 0 0 0 0 0 0 0 0 0 0 0 0 0 0 0 0 0 0 0 0 0 0 0 0 0 0 0 0 0 0 0 0 0 0 0 0 0 0 0 0 0 0 0 0 1 0 0 0 0 0]
[4052419203783824764804709150854226716917724115516393096560405136646831400312019480685568899328193686764762615408889933339614000268263679477586719702314391102168990119511154395968777483623309659393658854544299539052559551152194654993166363493541922113384351938858119769629095805403753795734136409355646022182914 0 0 0 0 0 0 0 0 0 0 0 0 0 0 0 0 0 0 0 0 0 0 0 0 0 0 0 0 0 0 0 0 0 0 0 0 0 0 0 0 0 0 0 0 0 0 0 0 0 0 0 0 0 0 0 0 0 0 0 0 0 0 0 0 0 0 0 0 0 0 0 0 0 0 0 0 0 0 0 0 0 0 0 0 0 0 0 0 0 0 0 0 0 0 0 0 0 1 0 0 0 0]
[4231515533074435942002144719900027774740119402257081974348349377765980222519771645027031698547091350377147550688356658305955245217252828829499851056004015648127528010482884541295257310735982368106156391203307628278952819681626802594449721110339945170107219558181128428444061181510372726827264200186204672344211 0 0 0 0 0 0 0 0 0 0 0 0 0 0 0 0 0 0 0 0 0 0 0 0 0 0 0 0 0 0 0 0 0 0 0 0 0 0 0 0 0 0 0 0 0 0 0 0 0 0 0 0 0 0 0 0 0 0 0 0 0 0 0 0 0 0 0 0 0 0 0 0 0 0 0 0 0 0 0 0 0 0 0 0 0 0 0 0 0 0 0 0 0 0 0 0 0 0 1 0 0 0]
[4589856928751032798905802765965621559426830156639280996651062930304033389175180439026213685768003886346926113605581379600049917218526488821428325492382305986586636559592461624723327581998750067013277817119095693637637404508130576573707754185697572094163963308657861873436179857274707974060246395285090600875785 0 0 0 0 0 0 0 0 0 0 0 0 0 0 0 0 0 0 0 0 0 0 0 0 0 0 0 0 0 0 0 0 0 0 0 0 0 0 0 0 0 0 0 0 0 0 0 0 0 0 0 0 0 0 0 0 0 0 0 0 0 0 0 0 0 0 0 0 0 0 0 0 0 0 0 0 0 0 0 0 0 0 0 0 0 0 0 0 0 0 0 0 0 0 0 0 0 0 0 1 0 0]
[3472016471279989371081815717424146883788924576444275029090455351911847244555788808566065824504120417547239954722164685035284758017755836937524008400625991369011202065509257895332078658755263348449028043155313671341969009196528729552412976284560317691111712485080145028839656707822471751146859962975121141954769 0 0 0 0 0 0 0 0 0 0 0 0 0 0 0 0 0 0 0 0 0 0 0 0 0 0 0 0 0 0 0 0 0 0 0 0 0 0 0 0 0 0 0 0 0 0 0 0 0 0 0 0 0 0 0 0 0 0 0 0 0 0 0 0 0 0 0 0 0 0 0 0 0 0 0 0 0 0 0 0 0 0 0 0 0 0 0 0 0 0 0 0 0 0 0 0 0 0 0 0 1 0]
[1086157569799350260757615832721203735180309185686868369259547686419692706249067439719525450879356544785472855340959600703121935653802771671194845761491623189621923226332813182172591435349149117795844559404417195765609789077900317233057061733619681913343789324397575528151542488523848424694710013192885988478578 0 0 0 0 0 0 0 0 0 0 0 0 0 0 0 0 0 0 0 0 0 0 0 0 0 0 0 0 0 0 0 0 0 0 0 0 0 0 0 0 0 0 0 0 0 0 0 0 0 0 0 0 0 0 0 0 0 0 0 0 0 0 0 0 0 0 0 0 0 0 0 0 0 0 0 0 0 0 0 0 0 0 0 0 0 0 0 0 0 0 0 0 0 0 0 0 0 0 0 0 0 1]
]
