[[8841913772113715433989497956016077735594870818609142485223413435675766463616181079313535586240335210097532164755066469743342228278917084465244671957630063196848309941775424306928719584268117647446183096551747768356463032937257035699887637878713037649450162326150847646264171268629337 0 0 0 0 0 0 0 0 0 0 0 0 0 0 0 0 0 0 0 0 0 0 0 0 0 0 0 0 0 0 0 0 0 0 0 0 0 0 0 0 0 0 0 0 0 0 0 0 0 0 0 0 0 0 0 0 0 0 0 0 0 0 0 0 0 0 0 0 0 0 0 0 0 0 0 0 0 0 0 0 0 0 0 0 0 0 0 0 0 0 0 0 0]
[8666669856980856011759002464463901878819581410557297742432881072366942694492437747633166801635727989180555118479293138780579016425833184331407441767610076297227427158571756269199561404624429633022118005874549634422557362440745856422611794059873129597317437878672044176478207355217045 1 0 0 0 0 0 0 0 0 0 0 0 0 0 0 0 0 0 0 0 0 0 0 0 0 0 0 0 0 0 0 0 0 0 0 0 0 0 0 0 0 0 0 0 0 0 0 0 0 0 0 0 0 0 0 0 0 0 0 0 0 0 0 0 0 0 0 0 0 0 0 0 0 0 0 0 0 0 0 0 0 0 0 0 0 0 0 0 0 0 0 0 0]
[4922519686037800426664171866446080347196916956001535337392702254534452154200606965103710739602073473432558086106838936767769895848615124834668145433753932383339422089271837048872953675845472975348905923296560477403570571103016306391465610589634346645775429925854967704428953600444669 0 1 0 0 0 0 0 0 0 0 0 0 0 0 0 0 0 0 0 0 0 0 0 0 0 0 0 0 0 0 0 0 0 0 0 0 0 0 0 0 0 0 0 0 0 0 0 0 0 0 0 0 0 0 0 0 0 0 0 0 0 0 0 0 0 0 0 0 0 0 0 0 0 0 0 0 0 0 0 0 0 0 0 0 0 0 0 0 0 0 0 0 0]
[5638591361740147875484712319477096974770952900804571113524156222577690162166772531215250974628817425030622405623035684237750688774809363730618748177492726669508361179762231553932413174474028723159175372820609574784343829745658210816174547054808156390761574101968360758614455203346733 0 0 1 0 0 0 0 0 0 0 0 0 0 0 0 0 0 0 0 0 0 0 0 0 0 0 0 0 0 0 0 0 0 0 0 0 0 0 0 0 0 0 0 0 0 0 0 0 0 0 0 0 0 0 0 0 0 0 0 0 0 0 0 0 0 0 0 0 0 0 0 0 0 0 0 0 0 0 0 0 0 0 0 0 0 0 0 0 0 0 0 0 0]
[7028067849554215677326740677041039238449707368408635266669318851351963300199178878108301512513549646774874404736615523981811730527340717237562217150801670762149883003829066431638558684068599994779807189703004427787149856063596565708770862374181433534106171842283795550027639152379215 0 0 0 1 0 0 0 0 0 0 0 0 0 0 0 0 0 0 0 0 0 0 0 0 0 0 0 0 0 0 0 0 0 0 0 0 0 0 0 0 0 0 0 0 0 0 0 0 0 0 0 0 0 0 0 0 0 0 0 0 0 0 0 0 0 0 0 0 0 0 0 0 0 0 0 0 0 0 0 0 0 0 0 0 0 0 0 0 0 0 0 0 0]
[775122949129296718687372263182577669372217125209741495741444083162753035206350294941242262132536056109312880932911151797840534119461465973969169654011177574541756730644428691827637191253024370412129903898288136083238125228789100227559170593102850178110361049840247112780923465901053 0 0 0 0 1 0 0 0 0 0 0 0 0 0 0 0 0 0 0 0 0 0 0 0 0 0 0 0 0 0 0 0 0 0 0 0 0 0 0 0 0 0 0 0 0 0 0 0 0 0 0 0 0 0 0 0 0 0 0 0 0 0 0 0 0 0 0 0 0 0 0 0 0 0 0 0 0 0 0 0 0 0 0 0 0 0 0 0 0 0 0 0 0]
[5422714278274093021413943791231946771698117996551492092052981362627735627412544933207413856782501804888552879057728719720545667754891777200404455951912853648633146237395593611080414685246511521032593389057344807727258932465379704415629285548154217175377813474651768211017825260784590 0 0 0 0 0 1 0 0 0 0 0 0 0 0 0 0 0 0 0 0 0 0 0 0 0 0 0 0 0 0 0 0 0 0 0 0 0 0 0 0 0 0 0 0 0 0 0 0 0 0 0 0 0 0 0 0 0 0 0 0 0 0 0 0 0 0 0 0 0 0 0 0 0 0 0 0 0 0 0 0 0 0 0 0 0 0 0 0 0 0 0 0 0]
[1682909738035365561328173883246617092290054671831315032609122827490415389557670434764730986182671372109603758202756104292536080909210485606398187373459850760116771726371155295196412000233585590135743208065725853807740584010626527522402540544239666758048112231274770758363870519546483 0 0 0 0 0 0 1 0 0 0 0 0 0 0 0 0 0 0 0 0 0 0 0 0 0 0 0 0 0 0 0 0 0 0 0 0 0 0 0 0 0 0 0 0 0 0 0 0 0 0 0 0 0 0 0 0 0 0 0 0 0 0 0 0 0 0 0 0 0 0 0 0 0 0 0 0 0 0 0 0 0 0 0 0 0 0 0 0 0 0 0 0 0]
[4115476272939562817640340314993051451533529474301929379311371462525289023253755777584595250906312135615415652107558584946425925555997325493278976008258799529386515889765329930536137575648080701072056849990259054675893202680954303783410003776469655154826319202863724143353391800282547 0 0 0 0 0 0 0 1 0 0 0 0 0 0 0 0 0 0 0 0 0 0 0 0 0 0 0 0 0 0 0 0 0 0 0 0 0 0 0 0 0 0 0 0 0 0 0 0 0 0 0 0 0 0 0 0 0 0 0 0 0 0 0 0 0 0 0 0 0 0 0 0 0 0 0 0 0 0 0 0 0 0 0 0 0 0 0 0 0 0 0 0 0]
[6479431680829652981929831935068771991857755482901272532495147829352439103454457645929958908651445582002137818295634935851086621405185759996891481932697188109472606273368990822093328818524463681179438731901711495643227813898639489281854165901547828127158807679958621534451580169715512 0 0 0 0 0 0 0 0 1 0 0 0 0 0 0 0 0 0 0 0 0 0 0 0 0 0 0 0 0 0 0 0 0 0 0 0 0 0 0 0 0 0 0 0 0 0 0 0 0 0 0 0 0 0 0 0 0 0 0 0 0 0 0 0 0 0 0 0 0 0 0 0 0 0 0 0 0 0 0 0 0 0 0 0 0 0 0 0 0 0 0 0 0]
[3389019131646799287216939765275942253833330409531096325068795824874964289275002100821361903727395543429342951126176374477758961675594258238146058555510545462060013306588251096665636023713677971195161221811036315899009541935855534828541756529796922513709476963460769995040649001533763 0 0 0 0 0 0 0 0 0 1 0 0 0 0 0 0 0 0 0 0 0 0 0 0 0 0 0 0 0 0 0 0 0 0 0 0 0 0 0 0 0 0 0 0 0 0 0 0 0 0 0 0 0 0 0 0 0 0 0 0 0 0 0 0 0 0 0 0 0 0 0 0 0 0 0 0 0 0 0 0 0 0 0 0 0 0 0 0 0 0 0 0 0]
[2068208013821373884979448231643851928987333412526187667492954295609237609348938547847240266550104968439455759843531015337170381279526778482316357720731471743129812693435909343823996410645755107430183799191189295637644942715426646011726389302315022522359369067402045598108972695152639 0 0 0 0 0 0 0 0 0 0 1 0 0 0 0 0 0 0 0 0 0 0 0 0 0 0 0 0 0 0 0 0 0 0 0 0 0 0 0 0 0 0 0 0 0 0 0 0 0 0 0 0 0 0 0 0 0 0 0 0 0 0 0 0 0 0 0 0 0 0 0 0 0 0 0 0 0 0 0 0 0 0 0 0 0 0 0 0 0 0 0 0 0]
[841687632813858744163279138521006101474112426250174034609784272910433125098181806776731270708980078159190947431546851291434694296743221056341811113987770661848496967768660599089319343739050518841675721902720464845499569050183996158657968338803021118626977354828725326048714411485208 0 0 0 0 0 0 0 0 0 0 0 1 0 0 0 0 0 0 0 0 0 0 0 0 0 0 0 0 0 0 0 0 0 0 0 0 0 0 0 0 0 0 0 0 0 0 0 0 0 0 0 0 0 0 0 0 0 0 0 0 0 0 0 0 0 0 0 0 0 0 0 0 0 0 0 0 0 0 0 0 0 0 0 0 0 0 0 0 0 0 0 0 0]
[3732973810294695622228711164724421493446786780644486703873571103802159249485600397189479971569988367892539816344060038682740337544565750885694775259866716223161736992665107690221481063346814483612720928085112691255427064235087619125091138160306569812643756173410957024906802490715844 0 0 0 0 0 0 0 0 0 0 0 0 1 0 0 0 0 0 0 0 0 0 0 0 0 0 0 0 0 0 0 0 0 0 0 0 0 0 0 0 0 0 0 0 0 0 0 0 0 0 0 0 0 0 0 0 0 0 0 0 0 0 0 0 0 0 0 0 0 0 0 0 0 0 0 0 0 0 0 0 0 0 0 0 0 0 0 0 0 0 0 0 0]
[8614442312069664299002261830158455248986364524050581817356591141525930100510456209679022303504498043656363395429293637469799637450812875491791452386202027284790145701928159995554305826410162912219090285673222234291453028405918391562944883062570203170143945615119441771662550685204702 0 0 0 0 0 0 0 0 0 0 0 0 0 1 0 0 0 0 0 0 0 0 0 0 0 0 0 0 0 0 0 0 0 0 0 0 0 0 0 0 0 0 0 0 0 0 0 0 0 0 0 0 0 0 0 0 0 0 0 0 0 0 0 0 0 0 0 0 0 0 0 0 0 0 0 0 0 0 0 0 0 0 0 0 0 0 0 0 0 0 0 0 0]
[2890518138913775376596290256835161393691606942993950117103604797793294610426220462006658635609142126653510471867873376707528706933958735388241569172385338301322662954818709272594049687450800994914444652049860981558941231099479253049331245635836744133633568743962314520413232186687016 0 0 0 0 0 0 0 0 0 0 0 0 0 0 1 0 0 0 0 0 0 0 0 0 0 0 0 0 0 0 0 0 0 0 0 0 0 0 0 0 0 0 0 0 0 0 0 0 0 0 0 0 0 0 0 0 0 0 0 0 0 0 0 0 0 0 0 0 0 0 0 0 0 0 0 0 0 0 0 0 0 0 0 0 0 0 0 0 0 0 0 0 0]
[363911337274858048685879418039490508528901136516194040877195467496869664470224816303518447873577017332401511818140390532989869290139609735853878723250778254432764384213992166507506759607363329283729195341746948560829122584717190221350735329441909302372020508651396657857094721736939 0 0 0 0 0 0 0 0 0 0 0 0 0 0 0 1 0 0 0 0 0 0 0 0 0 0 0 0 0 0 0 0 0 0 0 0 0 0 0 0 0 0 0 0 0 0 0 0 0 0 0 0 0 0 0 0 0 0 0 0 0 0 0 0 0 0 0 0 0 0 0 0 0 0 0 0 0 0 0 0 0 0 0 0 0 0 0 0 0 0 0 0 0]
[7455707557673025270497743597671208259816451487395216273737843392536955977820337906719108505420047288962374989880219205657187765771774237531265196045160886353934320497176636084050125215727483598730857954492021539659415574521522235660516693475592983172494146379258431163467332612407649 0 0 0 0 0 0 0 0 0 0 0 0 0 0 0 0 1 0 0 0 0 0 0 0 0 0 0 0 0 0 0 0 0 0 0 0 0 0 0 0 0 0 0 0 0 0 0 0 0 0 0 0 0 0 0 0 0 0 0 0 0 0 0 0 0 0 0 0 0 0 0 0 0 0 0 0 0 0 0 0 0 0 0 0 0 0 0 0 0 0 0 0 0]
[884023672587042264855444487775502199872774696744215236131906971271960675576221928587886540914062765415937443475973955436586014656822284483686786755184812938839308653053381042496317564744950560999240251808689492200361473029057142438318315696742769006446877405948289941661901776921199 0 0 0 0 0 0 0 0 0 0 0 0 0 0 0 0 0 1 0 0 0 0 0 0 0 0 0 0 0 0 0 0 0 0 0 0 0 0 0 0 0 0 0 0 0 0 0 0 0 0 0 0 0 0 0 0 0 0 0 0 0 0 0 0 0 0 0 0 0 0 0 0 0 0 0 0 0 0 0 0 0 0 0 0 0 0 0 0 0 0 0 0 0]
[8119716550446487298920553969408131941244734855998311990600306532902281053619086329022124695850279759816111117139676759548320314503687601288843907866816741086094822613971668627210099498971472747661505024726687447336435844430629979632085326084189671873527136594761031276756257795686295 0 0 0 0 0 0 0 0 0 0 0 0 0 0 0 0 0 0 1 0 0 0 0 0 0 0 0 0 0 0 0 0 0 0 0 0 0 0 0 0 0 0 0 0 0 0 0 0 0 0 0 0 0 0 0 0 0 0 0 0 0 0 0 0 0 0 0 0 0 0 0 0 0 0 0 0 0 0 0 0 0 0 0 0 0 0 0 0 0 0 0 0 0]
[4717113054873981962150480829117679458003043054996269039608024856977825302538650221125442104740549355831229233744362080717580266115486701040577843201724473008929816974504362749627892818103951833224820292754311604818215234362463735613428430152812930375733957016840293000844786896199331 0 0 0 0 0 0 0 0 0 0 0 0 0 0 0 0 0 0 0 1 0 0 0 0 0 0 0 0 0 0 0 0 0 0 0 0 0 0 0 0 0 0 0 0 0 0 0 0 0 0 0 0 0 0 0 0 0 0 0 0 0 0 0 0 0 0 0 0 0 0 0 0 0 0 0 0 0 0 0 0 0 0 0 0 0 0 0 0 0 0 0 0 0]
[1127077471323308523068020489427236084845917649851328495244634188457918697684016479010639622574170411941677011774899675086867431819173296125683086476973511247543726119978346495825767199948646387654289390797316926487008432179365188901493210769805582219105878994913270897216553752006688 0 0 0 0 0 0 0 0 0 0 0 0 0 0 0 0 0 0 0 0 1 0 0 0 0 0 0 0 0 0 0 0 0 0 0 0 0 0 0 0 0 0 0 0 0 0 0 0 0 0 0 0 0 0 0 0 0 0 0 0 0 0 0 0 0 0 0 0 0 0 0 0 0 0 0 0 0 0 0 0 0 0 0 0 0 0 0 0 0 0 0 0 0]
[5450269350267255152904568530803989974624557372908632262150938875812959715757485507326731109603306938016414753786265296203175032332843710267717079409347712478104187753438041618221961163845510688475414579214777254940155751319665464299331693437715428589171849473384037083396642553078754 0 0 0 0 0 0 0 0 0 0 0 0 0 0 0 0 0 0 0 0 0 1 0 0 0 0 0 0 0 0 0 0 0 0 0 0 0 0 0 0 0 0 0 0 0 0 0 0 0 0 0 0 0 0 0 0 0 0 0 0 0 0 0 0 0 0 0 0 0 0 0 0 0 0 0 0 0 0 0 0 0 0 0 0 0 0 0 0 0 0 0 0 0]
[32138388241188760055159633926834246433504424739884331748697696106855700848151034852540682854104465349855007427983780588228144641609028402862875881018568956459113444859328379555312891640662942046027885198073753849067712200674259064004671911243311047360561950312569968967539330878966 0 0 0 0 0 0 0 0 0 0 0 0 0 0 0 0 0 0 0 0 0 0 1 0 0 0 0 0 0 0 0 0 0 0 0 0 0 0 0 0 0 0 0 0 0 0 0 0 0 0 0 0 0 0 0 0 0 0 0 0 0 0 0 0 0 0 0 0 0 0 0 0 0 0 0 0 0 0 0 0 0 0 0 0 0 0 0 0 0 0 0 0 0]
[804369597796402655517957248166760685811774895652717493723564772626842262213821240430586866100023560380216604681916683197605629547721190724649775462605786729520085921040162678841610765008657942401176844957364156874570972148923378863722438036846222365793406172823899492670949724232283 0 0 0 0 0 0 0 0 0 0 0 0 0 0 0 0 0 0 0 0 0 0 0 1 0 0 0 0 0 0 0 0 0 0 0 0 0 0 0 0 0 0 0 0 0 0 0 0 0 0 0 0 0 0 0 0 0 0 0 0 0 0 0 0 0 0 0 0 0 0 0 0 0 0 0 0 0 0 0 0 0 0 0 0 0 0 0 0 0 0 0 0 0]
[4762158413247965398514083093504561800220633644332727927985544408064626604357690942052020060194620861592890061248202479981650830222732340373962382920158856003973192993278969933874345979337729394558937147989173525431863295344660966840945255589360242330829931456674641080627226187979792 0 0 0 0 0 0 0 0 0 0 0 0 0 0 0 0 0 0 0 0 0 0 0 0 1 0 0 0 0 0 0 0 0 0 0 0 0 0 0 0 0 0 0 0 0 0 0 0 0 0 0 0 0 0 0 0 0 0 0 0 0 0 0 0 0 0 0 0 0 0 0 0 0 0 0 0 0 0 0 0 0 0 0 0 0 0 0 0 0 0 0 0 0]
[3602487613298559225176335537627959352237277805379571423725043790511192731590058190605093677857080076169473227568753299844818313182559365394025242526044502131627396958975803715030650060496455265860386959822805851384196008899840284499155670275699302679111512125267345459747205271336018 0 0 0 0 0 0 0 0 0 0 0 0 0 0 0 0 0 0 0 0 0 0 0 0 0 1 0 0 0 0 0 0 0 0 0 0 0 0 0 0 0 0 0 0 0 0 0 0 0 0 0 0 0 0 0 0 0 0 0 0 0 0 0 0 0 0 0 0 0 0 0 0 0 0 0 0 0 0 0 0 0 0 0 0 0 0 0 0 0 0 0 0 0]
[2535764820330302188937020368416740951653464345516222266189908609937981383575104606371926543660204455514548034946870825668466934708110283872722029358756943704745927407042430287315428878868027580110453203929535076185285075305032774526759072707592068153313872946633305374315653836812474 0 0 0 0 0 0 0 0 0 0 0 0 0 0 0 0 0 0 0 0 0 0 0 0 0 0 1 0 0 0 0 0 0 0 0 0 0 0 0 0 0 0 0 0 0 0 0 0 0 0 0 0 0 0 0 0 0 0 0 0 0 0 0 0 0 0 0 0 0 0 0 0 0 0 0 0 0 0 0 0 0 0 0 0 0 0 0 0 0 0 0 0 0]
[7030052338038918952088064274504602400087235934820932484707053847030114131238451133149556413800483665044349895792449347007743070954588688058520694064974772448762967955600499701657636371546315113494881789224531009287042775868719178873149477895284236432794158250733239079791810671487850 0 0 0 0 0 0 0 0 0 0 0 0 0 0 0 0 0 0 0 0 0 0 0 0 0 0 0 1 0 0 0 0 0 0 0 0 0 0 0 0 0 0 0 0 0 0 0 0 0 0 0 0 0 0 0 0 0 0 0 0 0 0 0 0 0 0 0 0 0 0 0 0 0 0 0 0 0 0 0 0 0 0 0 0 0 0 0 0 0 0 0 0 0]
[7042907968318627722682704008179391417003524334968320685540052487075710998218251059852369248995618834736389632640228110711641238734667149880743760396581177055604615569549880592713913916162655030472659792630335958266172898567348700089895986167821238349411152601680370232315541848420764 0 0 0 0 0 0 0 0 0 0 0 0 0 0 0 0 0 0 0 0 0 0 0 0 0 0 0 0 1 0 0 0 0 0 0 0 0 0 0 0 0 0 0 0 0 0 0 0 0 0 0 0 0 0 0 0 0 0 0 0 0 0 0 0 0 0 0 0 0 0 0 0 0 0 0 0 0 0 0 0 0 0 0 0 0 0 0 0 0 0 0 0 0]
[4572776654552490089830023907028069599580058965922071827903741797852068283853933006532542884153130114737633990681700437244397055591713597980250723176487502046493374364073842843958199610237712858563899624304977229333035010880567144505476353731263075771789400770280751454446523163633823 0 0 0 0 0 0 0 0 0 0 0 0 0 0 0 0 0 0 0 0 0 0 0 0 0 0 0 0 0 1 0 0 0 0 0 0 0 0 0 0 0 0 0 0 0 0 0 0 0 0 0 0 0 0 0 0 0 0 0 0 0 0 0 0 0 0 0 0 0 0 0 0 0 0 0 0 0 0 0 0 0 0 0 0 0 0 0 0 0 0 0 0 0]
[2212576993781201245894603696279975523832482291171405308611294383238141528645614933848154066390546527414697644596278170585044505152134854506546863271621586943246143611969676606016550970755285167996185659607433975920580449842977951704204817782110570307183835513034392694144758144141757 0 0 0 0 0 0 0 0 0 0 0 0 0 0 0 0 0 0 0 0 0 0 0 0 0 0 0 0 0 0 1 0 0 0 0 0 0 0 0 0 0 0 0 0 0 0 0 0 0 0 0 0 0 0 0 0 0 0 0 0 0 0 0 0 0 0 0 0 0 0 0 0 0 0 0 0 0 0 0 0 0 0 0 0 0 0 0 0 0 0 0 0 0]
[2774148676444505469417033921072155954381139543252291540555432686944083021830035691108248116349541000808005970104284090691595211406796656565654541213535686885731992683969387615663807613971358432631695031924311542667511095781973544618152320071159443511950689040442950934067677201426944 0 0 0 0 0 0 0 0 0 0 0 0 0 0 0 0 0 0 0 0 0 0 0 0 0 0 0 0 0 0 0 1 0 0 0 0 0 0 0 0 0 0 0 0 0 0 0 0 0 0 0 0 0 0 0 0 0 0 0 0 0 0 0 0 0 0 0 0 0 0 0 0 0 0 0 0 0 0 0 0 0 0 0 0 0 0 0 0 0 0 0 0 0]
[8775365268765845217473065620297466558007206671482237742022227473107497683349285963050052494731977876477699754960901809572023389153459334544094173362236699890772278211231662422682373007826283559269650142551999651771010743096843646139393617052485897923141761923383365289525142583815251 0 0 0 0 0 0 0 0 0 0 0 0 0 0 0 0 0 0 0 0 0 0 0 0 0 0 0 0 0 0 0 0 1 0 0 0 0 0 0 0 0 0 0 0 0 0 0 0 0 0 0 0 0 0 0 0 0 0 0 0 0 0 0 0 0 0 0 0 0 0 0 0 0 0 0 0 0 0 0 0 0 0 0 0 0 0 0 0 0 0 0 0 0]
[624537221661779997392428504805647448916660275275771869925685806953958763510032602757966236977165405258756654652064246120350132849081764736137871670001731870430285426311699616695814654049914648659675819267506698180974376005608181706352093586173359455454754184098600371489325830663235 0 0 0 0 0 0 0 0 0 0 0 0 0 0 0 0 0 0 0 0 0 0 0 0 0 0 0 0 0 0 0 0 0 1 0 0 0 0 0 0 0 0 0 0 0 0 0 0 0 0 0 0 0 0 0 0 0 0 0 0 0 0 0 0 0 0 0 0 0 0 0 0 0 0 0 0 0 0 0 0 0 0 0 0 0 0 0 0 0 0 0 0 0]
[3431992537059275189168556521541156728335509015220600637456597878321903996771327324223697168282980130615367170838070218891431805229171257238588397029836440480915448080581702043023857108817194170962873847541898227187982657047166856979491685196849476969501706138197094093109363850145849 0 0 0 0 0 0 0 0 0 0 0 0 0 0 0 0 0 0 0 0 0 0 0 0 0 0 0 0 0 0 0 0 0 0 1 0 0 0 0 0 0 0 0 0 0 0 0 0 0 0 0 0 0 0 0 0 0 0 0 0 0 0 0 0 0 0 0 0 0 0 0 0 0 0 0 0 0 0 0 0 0 0 0 0 0 0 0 0 0 0 0 0 0]
[2498735422927609082100981775789914726529913757827808198602281574339446741536684702564170390255940237813337573888784899196285932973632730154744406842390177408915478555178809778579843562164729353214714711339173823658600375649404788248711042659831794253164470394274840589883310706293572 0 0 0 0 0 0 0 0 0 0 0 0 0 0 0 0 0 0 0 0 0 0 0 0 0 0 0 0 0 0 0 0 0 0 0 1 0 0 0 0 0 0 0 0 0 0 0 0 0 0 0 0 0 0 0 0 0 0 0 0 0 0 0 0 0 0 0 0 0 0 0 0 0 0 0 0 0 0 0 0 0 0 0 0 0 0 0 0 0 0 0 0 0]
[4672904911478070616800095236535243225000991124976988404595326721812342554838927550542978955494196883073392701969423506823588173557151794425755199650466580224416259245770776069085005558702016901345990751573638426874054387341878572597458388529989783596018632518481221423750831367277841 0 0 0 0 0 0 0 0 0 0 0 0 0 0 0 0 0 0 0 0 0 0 0 0 0 0 0 0 0 0 0 0 0 0 0 0 1 0 0 0 0 0 0 0 0 0 0 0 0 0 0 0 0 0 0 0 0 0 0 0 0 0 0 0 0 0 0 0 0 0 0 0 0 0 0 0 0 0 0 0 0 0 0 0 0 0 0 0 0 0 0 0 0]
[2158357505434571157661396148686766398784455084673516790857405783525017743755236878901212146252286708661650113877373243520384123696891977921258459152076321495709275809906955022311562069906027710634443618155087261477208142266306444671756344730531805864209938961364581682059793255242294 0 0 0 0 0 0 0 0 0 0 0 0 0 0 0 0 0 0 0 0 0 0 0 0 0 0 0 0 0 0 0 0 0 0 0 0 0 1 0 0 0 0 0 0 0 0 0 0 0 0 0 0 0 0 0 0 0 0 0 0 0 0 0 0 0 0 0 0 0 0 0 0 0 0 0 0 0 0 0 0 0 0 0 0 0 0 0 0 0 0 0 0 0]
[5878258338626291567858789266232112578307626122686580935411715595581247335663316282717079177549993711904559881451362852799451381751947661864420083895048436942466686563181790061168658293234215168601130329673305808268978228046219673881864435905592445209724402495621828553654913692201423 0 0 0 0 0 0 0 0 0 0 0 0 0 0 0 0 0 0 0 0 0 0 0 0 0 0 0 0 0 0 0 0 0 0 0 0 0 0 1 0 0 0 0 0 0 0 0 0 0 0 0 0 0 0 0 0 0 0 0 0 0 0 0 0 0 0 0 0 0 0 0 0 0 0 0 0 0 0 0 0 0 0 0 0 0 0 0 0 0 0 0 0 0]
[6949090280770324714642097219582712051550106994293553223803781859333771928692254404944127635116861957120312503657249163374583083316547880559265919655470235130758755317316972453318385683237984406986892355084160781026287549581417112422784175768172071742467724606067752072994316013860796 0 0 0 0 0 0 0 0 0 0 0 0 0 0 0 0 0 0 0 0 0 0 0 0 0 0 0 0 0 0 0 0 0 0 0 0 0 0 0 1 0 0 0 0 0 0 0 0 0 0 0 0 0 0 0 0 0 0 0 0 0 0 0 0 0 0 0 0 0 0 0 0 0 0 0 0 0 0 0 0 0 0 0 0 0 0 0 0 0 0 0 0 0]
[6256454179700791848997538614263969428831950258263830209301545511661806397643057939617817642265080023841681417454110375714987341010179809944460472710542136385204357578790558066480142977826888340001932928737385874010365802030356310112817370706492806100151398274874455612568768068559632 0 0 0 0 0 0 0 0 0 0 0 0 0 0 0 0 0 0 0 0 0 0 0 0 0 0 0 0 0 0 0 0 0 0 0 0 0 0 0 0 1 0 0 0 0 0 0 0 0 0 0 0 0 0 0 0 0 0 0 0 0 0 0 0 0 0 0 0 0 0 0 0 0 0 0 0 0 0 0 0 0 0 0 0 0 0 0 0 0 0 0 0 0]
[5712572188927285594846941431109530964299401356820231911718002850111133230403203690893250254400731154024263594017082895534754880934124862489828307128782849479385161141807206511856890272726409903253443307742070933055197628486902595280633040741845568282228220984871001029711655023507372 0 0 0 0 0 0 0 0 0 0 0 0 0 0 0 0 0 0 0 0 0 0 0 0 0 0 0 0 0 0 0 0 0 0 0 0 0 0 0 0 0 1 0 0 0 0 0 0 0 0 0 0 0 0 0 0 0 0 0 0 0 0 0 0 0 0 0 0 0 0 0 0 0 0 0 0 0 0 0 0 0 0 0 0 0 0 0 0 0 0 0 0 0]
[8331215416433152853185735054572531480627870405328871450293641942086574344595275915633469029783473404291845912088395192154324676761834420971023910434824939672170021355556893246091883386045018220578143958216038523621651924560145942445181080726704815623774126426642525047121292285436317 0 0 0 0 0 0 0 0 0 0 0 0 0 0 0 0 0 0 0 0 0 0 0 0 0 0 0 0 0 0 0 0 0 0 0 0 0 0 0 0 0 0 1 0 0 0 0 0 0 0 0 0 0 0 0 0 0 0 0 0 0 0 0 0 0 0 0 0 0 0 0 0 0 0 0 0 0 0 0 0 0 0 0 0 0 0 0 0 0 0 0 0 0]
[1541773624133832057326179539189395295562345133653786290046969028209645862847926721362061955499534714171545906889285813954691927551147539633092764885324500847514092726122417473894805997735057262310626187462492726367270393975821200850763752293184996918069626272634485393070630795615008 0 0 0 0 0 0 0 0 0 0 0 0 0 0 0 0 0 0 0 0 0 0 0 0 0 0 0 0 0 0 0 0 0 0 0 0 0 0 0 0 0 0 0 1 0 0 0 0 0 0 0 0 0 0 0 0 0 0 0 0 0 0 0 0 0 0 0 0 0 0 0 0 0 0 0 0 0 0 0 0 0 0 0 0 0 0 0 0 0 0 0 0 0]
[1576500449348159530030672819339524981287627664860696824007420090314796814511661463691683232367793432896169991134349263855608322616761062519698038805737402718760193175470109961494301942705734236132545455581216834395318406906576257961052747001184895407913668523808120640252888383838353 0 0 0 0 0 0 0 0 0 0 0 0 0 0 0 0 0 0 0 0 0 0 0 0 0 0 0 0 0 0 0 0 0 0 0 0 0 0 0 0 0 0 0 0 1 0 0 0 0 0 0 0 0 0 0 0 0 0 0 0 0 0 0 0 0 0 0 0 0 0 0 0 0 0 0 0 0 0 0 0 0 0 0 0 0 0 0 0 0 0 0 0 0]
[5379750660451973423598725279207036559083414542603883017371270262660848414672995515737398425359363189589582392998152871879589484793596584349993843080803492901577388020831505069760285340673817058384742018828292845324103583722555513432965162520435997721205469173850272963382634974865257 0 0 0 0 0 0 0 0 0 0 0 0 0 0 0 0 0 0 0 0 0 0 0 0 0 0 0 0 0 0 0 0 0 0 0 0 0 0 0 0 0 0 0 0 0 1 0 0 0 0 0 0 0 0 0 0 0 0 0 0 0 0 0 0 0 0 0 0 0 0 0 0 0 0 0 0 0 0 0 0 0 0 0 0 0 0 0 0 0 0 0 0 0]
[563528752339666407129989012279936771156371699159369855238980993877219999681237668521467429188860908386989670478132300249121120316292447699479939130256502077351531276837177133554669700268399409497534999553656239835995371722139830188562205507157909458745202841272321391467467697547586 0 0 0 0 0 0 0 0 0 0 0 0 0 0 0 0 0 0 0 0 0 0 0 0 0 0 0 0 0 0 0 0 0 0 0 0 0 0 0 0 0 0 0 0 0 0 1 0 0 0 0 0 0 0 0 0 0 0 0 0 0 0 0 0 0 0 0 0 0 0 0 0 0 0 0 0 0 0 0 0 0 0 0 0 0 0 0 0 0 0 0 0 0]
[4456306139425077519557375461761817005270269600543489538231232739869614166905456650174211450466843662223623920231109827887394280956974863575826597999110523540374881991923756761810306366340643674307256155020785248966369008623624204306657943728119627661584101392256658082058872724640580 0 0 0 0 0 0 0 0 0 0 0 0 0 0 0 0 0 0 0 0 0 0 0 0 0 0 0 0 0 0 0 0 0 0 0 0 0 0 0 0 0 0 0 0 0 0 0 1 0 0 0 0 0 0 0 0 0 0 0 0 0 0 0 0 0 0 0 0 0 0 0 0 0 0 0 0 0 0 0 0 0 0 0 0 0 0 0 0 0 0 0 0 0]
[7259277138725703952757684333118931253692835289059016187465599062338472043590054493428608302027156366621837133924708281204096316106802232884888748862559066825659260645371218543948888946594454397176494203996695384376458298933881880060937725926470990477205570714735925416023300520700702 0 0 0 0 0 0 0 0 0 0 0 0 0 0 0 0 0 0 0 0 0 0 0 0 0 0 0 0 0 0 0 0 0 0 0 0 0 0 0 0 0 0 0 0 0 0 0 0 1 0 0 0 0 0 0 0 0 0 0 0 0 0 0 0 0 0 0 0 0 0 0 0 0 0 0 0 0 0 0 0 0 0 0 0 0 0 0 0 0 0 0 0 0]
[2136411276202193205952236561130955246702071446716163728553552742497963763469239824343273891369633492788979306367047614968805377221259214455176932698902690028336394334126084487579857096134190565265378160789872598837732372655439515130453152236293098993763313594197369373840121951736409 0 0 0 0 0 0 0 0 0 0 0 0 0 0 0 0 0 0 0 0 0 0 0 0 0 0 0 0 0 0 0 0 0 0 0 0 0 0 0 0 0 0 0 0 0 0 0 0 0 1 0 0 0 0 0 0 0 0 0 0 0 0 0 0 0 0 0 0 0 0 0 0 0 0 0 0 0 0 0 0 0 0 0 0 0 0 0 0 0 0 0 0 0]
[3875125032053142669234186440838621216788813526453841761961936350861769120474354207912250627271133785764566192020896787205329747512759163940993549898588846653061875923906189287722508622108777692845027905438065844138222643919390614953688710089251189432984158735524155249584740013250567 0 0 0 0 0 0 0 0 0 0 0 0 0 0 0 0 0 0 0 0 0 0 0 0 0 0 0 0 0 0 0 0 0 0 0 0 0 0 0 0 0 0 0 0 0 0 0 0 0 0 1 0 0 0 0 0 0 0 0 0 0 0 0 0 0 0 0 0 0 0 0 0 0 0 0 0 0 0 0 0 0 0 0 0 0 0 0 0 0 0 0 0 0]
[7007862746068962902165669448965164652905719611350414075884290507007154807709821814711952658755568289671749538435257136622126914310249247423103867519600571074592111965153874213513065105452096923176557957630624678165553783428735648768823144914511892066354550229413306174034768799473406 0 0 0 0 0 0 0 0 0 0 0 0 0 0 0 0 0 0 0 0 0 0 0 0 0 0 0 0 0 0 0 0 0 0 0 0 0 0 0 0 0 0 0 0 0 0 0 0 0 0 0 1 0 0 0 0 0 0 0 0 0 0 0 0 0 0 0 0 0 0 0 0 0 0 0 0 0 0 0 0 0 0 0 0 0 0 0 0 0 0 0 0 0]
[393706227453358179792979400824647515614948851648314366013456539176916081185995080555485022198573249880898482100963638766630475815479646408426015632142741680674407189125966545894567120674809141253434165267390093866327822573466189582598079699347538679676912281303975779210205161546616 0 0 0 0 0 0 0 0 0 0 0 0 0 0 0 0 0 0 0 0 0 0 0 0 0 0 0 0 0 0 0 0 0 0 0 0 0 0 0 0 0 0 0 0 0 0 0 0 0 0 0 0 1 0 0 0 0 0 0 0 0 0 0 0 0 0 0 0 0 0 0 0 0 0 0 0 0 0 0 0 0 0 0 0 0 0 0 0 0 0 0 0 0]
[8480033412659897450441725914890808936269473985697719707356615862325233934360628816167462866070301551211322970483248422781313081621145643041842935061097927201429481662503525879586798872621353770412696926001452456825092638578288663800045986813585871475504446170408567503288071126314656 0 0 0 0 0 0 0 0 0 0 0 0 0 0 0 0 0 0 0 0 0 0 0 0 0 0 0 0 0 0 0 0 0 0 0 0 0 0 0 0 0 0 0 0 0 0 0 0 0 0 0 0 0 1 0 0 0 0 0 0 0 0 0 0 0 0 0 0 0 0 0 0 0 0 0 0 0 0 0 0 0 0 0 0 0 0 0 0 0 0 0 0 0]
[5831720445601969369730309350163645978268385487445312897017070000034589430247620582372879901097508641570208421408119635397783999389676127171539228505182608213800679757819436829642304608835831645286019655663385648763817474841031118869113989147267362015492197716244194063135886360960638 0 0 0 0 0 0 0 0 0 0 0 0 0 0 0 0 0 0 0 0 0 0 0 0 0 0 0 0 0 0 0 0 0 0 0 0 0 0 0 0 0 0 0 0 0 0 0 0 0 0 0 0 0 0 1 0 0 0 0 0 0 0 0 0 0 0 0 0 0 0 0 0 0 0 0 0 0 0 0 0 0 0 0 0 0 0 0 0 0 0 0 0 0]
[10190347683900533340105218261760276660938866027114824649001961879883423092358395114141567410079616017481433058576759763550968338223563370799435648585213438016279744861438365041045699839431779079341102643802158908948988364500994579575790976577063744925770197218483373055250406175658 0 0 0 0 0 0 0 0 0 0 0 0 0 0 0 0 0 0 0 0 0 0 0 0 0 0 0 0 0 0 0 0 0 0 0 0 0 0 0 0 0 0 0 0 0 0 0 0 0 0 0 0 0 0 0 1 0 0 0 0 0 0 0 0 0 0 0 0 0 0 0 0 0 0 0 0 0 0 0 0 0 0 0 0 0 0 0 0 0 0 0 0 0]
[3708182773179752059157316666990087256309150480476193092591331874657450822194819131643243412114551084339528883236863756127702851500774357542366250903389413943507333342375209985830596484573795388563928381517255398182482131542770398728850358956762504082507336305037829342939214194207580 0 0 0 0 0 0 0 0 0 0 0 0 0 0 0 0 0 0 0 0 0 0 0 0 0 0 0 0 0 0 0 0 0 0 0 0 0 0 0 0 0 0 0 0 0 0 0 0 0 0 0 0 0 0 0 0 1 0 0 0 0 0 0 0 0 0 0 0 0 0 0 0 0 0 0 0 0 0 0 0 0 0 0 0 0 0 0 0 0 0 0 0 0]
[6289872158764927173264021812894408320292455188698820734742546884574616916504316650933601925857023786256351139057360531905820429636132369420621230096830938516672138558748348484107744990713013257244143833034857058128777095618076528263983678198145547608614506803637401235907645563940954 0 0 0 0 0 0 0 0 0 0 0 0 0 0 0 0 0 0 0 0 0 0 0 0 0 0 0 0 0 0 0 0 0 0 0 0 0 0 0 0 0 0 0 0 0 0 0 0 0 0 0 0 0 0 0 0 0 1 0 0 0 0 0 0 0 0 0 0 0 0 0 0 0 0 0 0 0 0 0 0 0 0 0 0 0 0 0 0 0 0 0 0 0]
[6939939684862853972222291969730004568847878368971075249509334905122680258647334329181434451545877588718542948585376981278553915758591214174138004872378628696129550013545359286346907447005370844459863341192254447974155441420894095156051071007974791354275638579093512348147704541279318 0 0 0 0 0 0 0 0 0 0 0 0 0 0 0 0 0 0 0 0 0 0 0 0 0 0 0 0 0 0 0 0 0 0 0 0 0 0 0 0 0 0 0 0 0 0 0 0 0 0 0 0 0 0 0 0 0 0 1 0 0 0 0 0 0 0 0 0 0 0 0 0 0 0 0 0 0 0 0 0 0 0 0 0 0 0 0 0 0 0 0 0 0]
[5525507337115557767804907504044455403208748144543978082299743698768052517805652051177938214051048428291640194426103887321886998938613893396766485078751874950342592907456668376916720229662148148979861970063836440501471292561615506930365766997538685775598883283831869029834011839974455 0 0 0 0 0 0 0 0 0 0 0 0 0 0 0 0 0 0 0 0 0 0 0 0 0 0 0 0 0 0 0 0 0 0 0 0 0 0 0 0 0 0 0 0 0 0 0 0 0 0 0 0 0 0 0 0 0 0 0 1 0 0 0 0 0 0 0 0 0 0 0 0 0 0 0 0 0 0 0 0 0 0 0 0 0 0 0 0 0 0 0 0 0]
[3889661929395818982985888146187629579327483710686011699817942625863291400097965139306327920259799604353109723984148045705750360604917512585795067175546602630158071905807015038659513542521445189820227328073932742113687025446768556573760655984367704531119854274505431357827194973261261 0 0 0 0 0 0 0 0 0 0 0 0 0 0 0 0 0 0 0 0 0 0 0 0 0 0 0 0 0 0 0 0 0 0 0 0 0 0 0 0 0 0 0 0 0 0 0 0 0 0 0 0 0 0 0 0 0 0 0 0 1 0 0 0 0 0 0 0 0 0 0 0 0 0 0 0 0 0 0 0 0 0 0 0 0 0 0 0 0 0 0 0 0]
[4711113766626744574541190167295321879242024073208807537848891863898999573367993787753155929490380625181623457358249882254828610390665570672960589649103356613717065472701186043072936671088061001067935144224397648010245488586523050059460743955165931463838431783032582636281905094846280 0 0 0 0 0 0 0 0 0 0 0 0 0 0 0 0 0 0 0 0 0 0 0 0 0 0 0 0 0 0 0 0 0 0 0 0 0 0 0 0 0 0 0 0 0 0 0 0 0 0 0 0 0 0 0 0 0 0 0 0 0 1 0 0 0 0 0 0 0 0 0 0 0 0 0 0 0 0 0 0 0 0 0 0 0 0 0 0 0 0 0 0 0]
[6814288083999517741725400668099597658508519076605387027216795562930008641952240396468336151228336467057206774580960875932233392461657286720230018765754576081162297883925286092406789845039368616859528455299416632982719889044597698414776299000315675272477589314221749540345846886374545 0 0 0 0 0 0 0 0 0 0 0 0 0 0 0 0 0 0 0 0 0 0 0 0 0 0 0 0 0 0 0 0 0 0 0 0 0 0 0 0 0 0 0 0 0 0 0 0 0 0 0 0 0 0 0 0 0 0 0 0 0 0 1 0 0 0 0 0 0 0 0 0 0 0 0 0 0 0 0 0 0 0 0 0 0 0 0 0 0 0 0 0 0]
[3620431930204154176072808595544279896735122949522037160144783868526115713713435969971919981760090709680749528842394366616318826965767568382297787741159041473474348098096389136943005127021240082487637789389219006817546638822684246247403051986878325842093928254767857670369148288757700 0 0 0 0 0 0 0 0 0 0 0 0 0 0 0 0 0 0 0 0 0 0 0 0 0 0 0 0 0 0 0 0 0 0 0 0 0 0 0 0 0 0 0 0 0 0 0 0 0 0 0 0 0 0 0 0 0 0 0 0 0 0 0 1 0 0 0 0 0 0 0 0 0 0 0 0 0 0 0 0 0 0 0 0 0 0 0 0 0 0 0 0 0]
[3092897092744435992294154615140863638978361460385220263816875734384093114008577817917922075474107664357805483041505666490840097182590291373500883813594677372572429441759481064829780050753157881070333763163692179800024322298243973539888991852638035222758205392560415358939092302331590 0 0 0 0 0 0 0 0 0 0 0 0 0 0 0 0 0 0 0 0 0 0 0 0 0 0 0 0 0 0 0 0 0 0 0 0 0 0 0 0 0 0 0 0 0 0 0 0 0 0 0 0 0 0 0 0 0 0 0 0 0 0 0 0 1 0 0 0 0 0 0 0 0 0 0 0 0 0 0 0 0 0 0 0 0 0 0 0 0 0 0 0 0]
[1499845190260829462093041574671126968397912997775438847190201415581252144780425816916353236567970595037587866126497505159318570094160952171977116862657897944771107923002197424458190744281577114069742316865003284388828687525825849594763974894082160556741823306258862110488857732871460 0 0 0 0 0 0 0 0 0 0 0 0 0 0 0 0 0 0 0 0 0 0 0 0 0 0 0 0 0 0 0 0 0 0 0 0 0 0 0 0 0 0 0 0 0 0 0 0 0 0 0 0 0 0 0 0 0 0 0 0 0 0 0 0 0 1 0 0 0 0 0 0 0 0 0 0 0 0 0 0 0 0 0 0 0 0 0 0 0 0 0 0 0]
[1792123866259885381226479287509530493322475522946915943667166785082291684657831812934808118350128344011731396489700168374228706838197521925040547447944504862216434162013623400578453059524900443393132742870255373578991478796774862441246807587791944933771586966386872819753742291430921 0 0 0 0 0 0 0 0 0 0 0 0 0 0 0 0 0 0 0 0 0 0 0 0 0 0 0 0 0 0 0 0 0 0 0 0 0 0 0 0 0 0 0 0 0 0 0 0 0 0 0 0 0 0 0 0 0 0 0 0 0 0 0 0 0 0 1 0 0 0 0 0 0 0 0 0 0 0 0 0 0 0 0 0 0 0 0 0 0 0 0 0 0]
[8183644853193626059155670840826266739719539615281452924531670659063968697722411422216783516470008864114672714889856576096913325914985519464850592472985631505267096818662827665036562465883852907943268941735708915044056428960347321092099448811934362842110558575994100996925509327029217 0 0 0 0 0 0 0 0 0 0 0 0 0 0 0 0 0 0 0 0 0 0 0 0 0 0 0 0 0 0 0 0 0 0 0 0 0 0 0 0 0 0 0 0 0 0 0 0 0 0 0 0 0 0 0 0 0 0 0 0 0 0 0 0 0 0 0 1 0 0 0 0 0 0 0 0 0 0 0 0 0 0 0 0 0 0 0 0 0 0 0 0 0]
[5830132564385384247071559193228913498615479205060824993837741542295329511858242407411669545970194009160412083110443811309194905986009257752242989799280482745802442812188372234430456781755286445816490201926850355744353310594497259146100365815318456211599260202915573700380307858703387 0 0 0 0 0 0 0 0 0 0 0 0 0 0 0 0 0 0 0 0 0 0 0 0 0 0 0 0 0 0 0 0 0 0 0 0 0 0 0 0 0 0 0 0 0 0 0 0 0 0 0 0 0 0 0 0 0 0 0 0 0 0 0 0 0 0 0 0 1 0 0 0 0 0 0 0 0 0 0 0 0 0 0 0 0 0 0 0 0 0 0 0 0]
[2256300067191710806331254484513624602296486422271953448354426391229246680832168396031522170868019315097273419909730274743108917514136682078770051910339716406810325771451270396279048838899727862405813500824758904590836256294589998647964179507444434990195435412650548696573751727302467 0 0 0 0 0 0 0 0 0 0 0 0 0 0 0 0 0 0 0 0 0 0 0 0 0 0 0 0 0 0 0 0 0 0 0 0 0 0 0 0 0 0 0 0 0 0 0 0 0 0 0 0 0 0 0 0 0 0 0 0 0 0 0 0 0 0 0 0 0 1 0 0 0 0 0 0 0 0 0 0 0 0 0 0 0 0 0 0 0 0 0 0 0]
[6475247736956151900584879173996394756673037018304484552285482403600959593532944762433195590246655673649841175650251591490554946462188233213733816708886634392210418057838818398085256589660348822988083155253120080703198574664517456199812914241428532783558109158432220561171991703807798 0 0 0 0 0 0 0 0 0 0 0 0 0 0 0 0 0 0 0 0 0 0 0 0 0 0 0 0 0 0 0 0 0 0 0 0 0 0 0 0 0 0 0 0 0 0 0 0 0 0 0 0 0 0 0 0 0 0 0 0 0 0 0 0 0 0 0 0 0 0 1 0 0 0 0 0 0 0 0 0 0 0 0 0 0 0 0 0 0 0 0 0 0]
[1278937783250615846798501060283587323821494024753348345489394735268316323342288376541076134556882054567024501414528235894979100005822605055530578029273357303596569452076900766905604642285992586546754580579412174327022467338272076238649205968722178689152075994032778834623070283401135 0 0 0 0 0 0 0 0 0 0 0 0 0 0 0 0 0 0 0 0 0 0 0 0 0 0 0 0 0 0 0 0 0 0 0 0 0 0 0 0 0 0 0 0 0 0 0 0 0 0 0 0 0 0 0 0 0 0 0 0 0 0 0 0 0 0 0 0 0 0 0 1 0 0 0 0 0 0 0 0 0 0 0 0 0 0 0 0 0 0 0 0 0]
[2371306452229300335804750774498082302049746612959587591994351218869865450387548219918232344909947684812228085916352588503033940302298662546807847914270311917736822886473994809446385083008014793891684069364383465890066576869166535010088661614277115129007518099867622796111400744680371 0 0 0 0 0 0 0 0 0 0 0 0 0 0 0 0 0 0 0 0 0 0 0 0 0 0 0 0 0 0 0 0 0 0 0 0 0 0 0 0 0 0 0 0 0 0 0 0 0 0 0 0 0 0 0 0 0 0 0 0 0 0 0 0 0 0 0 0 0 0 0 0 1 0 0 0 0 0 0 0 0 0 0 0 0 0 0 0 0 0 0 0 0]
[6561351542644808620879483898354831022786918111225073433154734749153057922651554980485957504738377795744074248443523721988348268855914540942930533308164201290108193805827007643018207941142881724050606114834153670541659601255699185908249707854331067805929278175892977669632983615701913 0 0 0 0 0 0 0 0 0 0 0 0 0 0 0 0 0 0 0 0 0 0 0 0 0 0 0 0 0 0 0 0 0 0 0 0 0 0 0 0 0 0 0 0 0 0 0 0 0 0 0 0 0 0 0 0 0 0 0 0 0 0 0 0 0 0 0 0 0 0 0 0 0 1 0 0 0 0 0 0 0 0 0 0 0 0 0 0 0 0 0 0 0]
[2290313387015590887354563115623561794215677719675025950323642764986517590870699985420690733687608755898406215809932759015006685404247737181561400759433405554904806983217951680647540006641254593231842153202797879204465507842185470848534718877296545889404104376641981990124772119560000 0 0 0 0 0 0 0 0 0 0 0 0 0 0 0 0 0 0 0 0 0 0 0 0 0 0 0 0 0 0 0 0 0 0 0 0 0 0 0 0 0 0 0 0 0 0 0 0 0 0 0 0 0 0 0 0 0 0 0 0 0 0 0 0 0 0 0 0 0 0 0 0 0 0 1 0 0 0 0 0 0 0 0 0 0 0 0 0 0 0 0 0 0]
[5361300272685900816961293640747518948337682295185229999342332504839644845723541456321369333358368946506632655274720899751617317792100748550183186444222169461528539003013291053097393438633813138919766635651514569597748334441651497680031827491220860092905788198942759112575623854086313 0 0 0 0 0 0 0 0 0 0 0 0 0 0 0 0 0 0 0 0 0 0 0 0 0 0 0 0 0 0 0 0 0 0 0 0 0 0 0 0 0 0 0 0 0 0 0 0 0 0 0 0 0 0 0 0 0 0 0 0 0 0 0 0 0 0 0 0 0 0 0 0 0 0 0 1 0 0 0 0 0 0 0 0 0 0 0 0 0 0 0 0 0]
[7586110028921771235974754972273529957478174869345216713872155197070975101378668886617135123221163528901157143351339422551687968022583067674944552479502174812477028342435954134007737805152105669472422565506285457347992424216979338715921792017961380654048166011246926729594540642999439 0 0 0 0 0 0 0 0 0 0 0 0 0 0 0 0 0 0 0 0 0 0 0 0 0 0 0 0 0 0 0 0 0 0 0 0 0 0 0 0 0 0 0 0 0 0 0 0 0 0 0 0 0 0 0 0 0 0 0 0 0 0 0 0 0 0 0 0 0 0 0 0 0 0 0 0 1 0 0 0 0 0 0 0 0 0 0 0 0 0 0 0 0]
[7147492908987458226617160406256654405021989449157100582267291044903282647896080257449147382294805241836194087321405684127915881643822561895344677914650486317507367636570494352360917966720560431976112874521295218428176008721537374656244564557988853594004384162322156437590750673861103 0 0 0 0 0 0 0 0 0 0 0 0 0 0 0 0 0 0 0 0 0 0 0 0 0 0 0 0 0 0 0 0 0 0 0 0 0 0 0 0 0 0 0 0 0 0 0 0 0 0 0 0 0 0 0 0 0 0 0 0 0 0 0 0 0 0 0 0 0 0 0 0 0 0 0 0 0 1 0 0 0 0 0 0 0 0 0 0 0 0 0 0 0]
[1519730513817840066123963724659475474705045741130401490347771296845299758513951467169975749732735922402686925803529936563409229592685502079056027541321028076354002706714275729452060505748514478099604136386749653938692283845496462506069259843601751414547717955686319757678227145144603 0 0 0 0 0 0 0 0 0 0 0 0 0 0 0 0 0 0 0 0 0 0 0 0 0 0 0 0 0 0 0 0 0 0 0 0 0 0 0 0 0 0 0 0 0 0 0 0 0 0 0 0 0 0 0 0 0 0 0 0 0 0 0 0 0 0 0 0 0 0 0 0 0 0 0 0 0 0 1 0 0 0 0 0 0 0 0 0 0 0 0 0 0]
[4722350085111366141231443609512704168929388661559063248677346836367285896263701017341616744840460352275031549341850464079796643108909199655312427325204613227859639471033807845498794614740429581040985174685235258842393332708874233563959147588261254898309091734542060697558004067899235 0 0 0 0 0 0 0 0 0 0 0 0 0 0 0 0 0 0 0 0 0 0 0 0 0 0 0 0 0 0 0 0 0 0 0 0 0 0 0 0 0 0 0 0 0 0 0 0 0 0 0 0 0 0 0 0 0 0 0 0 0 0 0 0 0 0 0 0 0 0 0 0 0 0 0 0 0 0 0 1 0 0 0 0 0 0 0 0 0 0 0 0 0]
[1326782447744304149944595703259076414288754844870961391793225655662436869110018911147129012646787479645104346311170055413822944805655240405329600065015515233446065889844854839697250367688642915405162924614204804208923404744640674924535731029219151125510126784340729407622572923140476 0 0 0 0 0 0 0 0 0 0 0 0 0 0 0 0 0 0 0 0 0 0 0 0 0 0 0 0 0 0 0 0 0 0 0 0 0 0 0 0 0 0 0 0 0 0 0 0 0 0 0 0 0 0 0 0 0 0 0 0 0 0 0 0 0 0 0 0 0 0 0 0 0 0 0 0 0 0 0 0 1 0 0 0 0 0 0 0 0 0 0 0 0]
[1621850384928005600784171600949816349512538546144002956990641102975266526180718266685815546422377644027325750242172278855927045675189246890765114405988437167196668905075637061718298636731277723590255199644365263508622389712260403544380181332982290838631467693108474553101364767055166 0 0 0 0 0 0 0 0 0 0 0 0 0 0 0 0 0 0 0 0 0 0 0 0 0 0 0 0 0 0 0 0 0 0 0 0 0 0 0 0 0 0 0 0 0 0 0 0 0 0 0 0 0 0 0 0 0 0 0 0 0 0 0 0 0 0 0 0 0 0 0 0 0 0 0 0 0 0 0 0 0 1 0 0 0 0 0 0 0 0 0 0 0]
[4884407194726674466152588759520849405602338002216322959607035405315769700141262169036102028665992008730764548971819750454241719170850708131368213279703042162278594169565911146151216760498975803792468761947673761702665862542376338693973931959283093888563410142067593602206453022302848 0 0 0 0 0 0 0 0 0 0 0 0 0 0 0 0 0 0 0 0 0 0 0 0 0 0 0 0 0 0 0 0 0 0 0 0 0 0 0 0 0 0 0 0 0 0 0 0 0 0 0 0 0 0 0 0 0 0 0 0 0 0 0 0 0 0 0 0 0 0 0 0 0 0 0 0 0 0 0 0 0 0 1 0 0 0 0 0 0 0 0 0 0]
[1832983356782863404196073470619903756887820236112397517712055289170165684311200885569938961534324948785162234408244335853807496618178741940523730132149900469047754462973229788029059856463765274984462891291517294901418063411688771382373531053559667123542188384682226449067779477060912 0 0 0 0 0 0 0 0 0 0 0 0 0 0 0 0 0 0 0 0 0 0 0 0 0 0 0 0 0 0 0 0 0 0 0 0 0 0 0 0 0 0 0 0 0 0 0 0 0 0 0 0 0 0 0 0 0 0 0 0 0 0 0 0 0 0 0 0 0 0 0 0 0 0 0 0 0 0 0 0 0 0 0 1 0 0 0 0 0 0 0 0 0]
[3693718344775841825183412080136604586778949900083460286055019624813429580324398750358113140896387071589974312548837470106001415011944040822370970121185286151764937461571121607298117340630263593763809062140010048021969469933358798269372770427126159343380891350337260726732064092434161 0 0 0 0 0 0 0 0 0 0 0 0 0 0 0 0 0 0 0 0 0 0 0 0 0 0 0 0 0 0 0 0 0 0 0 0 0 0 0 0 0 0 0 0 0 0 0 0 0 0 0 0 0 0 0 0 0 0 0 0 0 0 0 0 0 0 0 0 0 0 0 0 0 0 0 0 0 0 0 0 0 0 0 0 1 0 0 0 0 0 0 0 0]
[7119006038965641463287805105238583453452254404513426707169594922127791952230491608717575756705433327327727869672009782018625212723322816694664504682077453194634516821929046589121873198911102741766612377546467495019561537478680964656537542197998933355906333517582303946130358125420106 0 0 0 0 0 0 0 0 0 0 0 0 0 0 0 0 0 0 0 0 0 0 0 0 0 0 0 0 0 0 0 0 0 0 0 0 0 0 0 0 0 0 0 0 0 0 0 0 0 0 0 0 0 0 0 0 0 0 0 0 0 0 0 0 0 0 0 0 0 0 0 0 0 0 0 0 0 0 0 0 0 0 0 0 0 1 0 0 0 0 0 0 0]
[6130457401554809354498804971489592930477854525970232484240474338464779600917249438255072615289843458787779008751888859955067529608960074166163066999524731878321977650470768215330535261412402322219030062367351973504153429328379054737828709053177625643059338901182882207777925394942133 0 0 0 0 0 0 0 0 0 0 0 0 0 0 0 0 0 0 0 0 0 0 0 0 0 0 0 0 0 0 0 0 0 0 0 0 0 0 0 0 0 0 0 0 0 0 0 0 0 0 0 0 0 0 0 0 0 0 0 0 0 0 0 0 0 0 0 0 0 0 0 0 0 0 0 0 0 0 0 0 0 0 0 0 0 0 1 0 0 0 0 0 0]
[1814189079640495754968702032960868508809343811292863937311378510848505405560740317226662187112988755622841521563325168301496973054952635771438537688745314046819115396781323420318101536271493422916989240598498548229297923566281553863404128469354993355909663498523742220394501744055431 0 0 0 0 0 0 0 0 0 0 0 0 0 0 0 0 0 0 0 0 0 0 0 0 0 0 0 0 0 0 0 0 0 0 0 0 0 0 0 0 0 0 0 0 0 0 0 0 0 0 0 0 0 0 0 0 0 0 0 0 0 0 0 0 0 0 0 0 0 0 0 0 0 0 0 0 0 0 0 0 0 0 0 0 0 0 0 1 0 0 0 0 0]
[5272042400853827237346667744278102781986964783261547403413083971549431172462204170181049460696984256107783569804683972056987735215603183797166356335887347269169182764228991437069964159530291525997795509219095187386343804754299222752111795104966982225169548840883205820302471707589671 0 0 0 0 0 0 0 0 0 0 0 0 0 0 0 0 0 0 0 0 0 0 0 0 0 0 0 0 0 0 0 0 0 0 0 0 0 0 0 0 0 0 0 0 0 0 0 0 0 0 0 0 0 0 0 0 0 0 0 0 0 0 0 0 0 0 0 0 0 0 0 0 0 0 0 0 0 0 0 0 0 0 0 0 0 0 0 0 1 0 0 0 0]
[2706805643676193000776222159190168061848150535985475420232326062465428738307905230818381914581653393340846428663319251782404137754414332952259865853331313677133733666926224022198085337794201942077434331224218164268256744843369538458797124272941204625044341553136530380677359409278946 0 0 0 0 0 0 0 0 0 0 0 0 0 0 0 0 0 0 0 0 0 0 0 0 0 0 0 0 0 0 0 0 0 0 0 0 0 0 0 0 0 0 0 0 0 0 0 0 0 0 0 0 0 0 0 0 0 0 0 0 0 0 0 0 0 0 0 0 0 0 0 0 0 0 0 0 0 0 0 0 0 0 0 0 0 0 0 0 0 1 0 0 0]
[7868492555552571214967570665103375154583928889305237074633205020774239369415452487317677159106092783718509522460965320517773140930715138164159547174051463895482230984425910692870175653004639489297646116498691849560386748248640110755428545500783179866466649440965102767923285177728980 0 0 0 0 0 0 0 0 0 0 0 0 0 0 0 0 0 0 0 0 0 0 0 0 0 0 0 0 0 0 0 0 0 0 0 0 0 0 0 0 0 0 0 0 0 0 0 0 0 0 0 0 0 0 0 0 0 0 0 0 0 0 0 0 0 0 0 0 0 0 0 0 0 0 0 0 0 0 0 0 0 0 0 0 0 0 0 0 0 0 1 0 0]
[7708269439340780819107873215795890365369797171126558152959995708507409591335110711071056656314974668636917818678224579001067728118633767727341877994965385730438343666676035047273995102272687477006178307219307046332296476302860977667478956145985931567340083757595168342693765174874918 0 0 0 0 0 0 0 0 0 0 0 0 0 0 0 0 0 0 0 0 0 0 0 0 0 0 0 0 0 0 0 0 0 0 0 0 0 0 0 0 0 0 0 0 0 0 0 0 0 0 0 0 0 0 0 0 0 0 0 0 0 0 0 0 0 0 0 0 0 0 0 0 0 0 0 0 0 0 0 0 0 0 0 0 0 0 0 0 0 0 0 1 0]
[1443870724217046951029362270439319314462304235478397073140437811356335651551010874110880867581385428741238265503448232813458242138894571591205531284046205857890676633208226799882223328800334691473494549173513082982261301939340734421261012573905069285043631158936438285779129195715001 0 0 0 0 0 0 0 0 0 0 0 0 0 0 0 0 0 0 0 0 0 0 0 0 0 0 0 0 0 0 0 0 0 0 0 0 0 0 0 0 0 0 0 0 0 0 0 0 0 0 0 0 0 0 0 0 0 0 0 0 0 0 0 0 0 0 0 0 0 0 0 0 0 0 0 0 0 0 0 0 0 0 0 0 0 0 0 0 0 0 0 0 1]
]
