[[5482898543362563751701053154728516903714042537985329840913049654400671720755950269788258770853847759685393933649868063922728529263774148961520388734651681108539551646627818368737368576845462320328769365300294947066795626484939576879127881733531025044109 0 0 0 0 0 0 0 0 0 0 0 0 0 0 0 0 0 0 0 0 0 0 0 0 0 0 0 0 0 0 0 0 0 0 0 0 0 0 0 0 0 0 0 0 0 0 0 0 0 0 0 0 0 0 0 0 0 0 0 0 0 0 0 0 0 0 0 0 0 0 0 0 0 0 0 0 0 0 0 0 0 0 0]
[3184058746744400519572375162704717518208859345547425542762746739072573510667393465868907627986907240137800092490432902041267952072046594996099558197390584286994883180563166650390871708085688706237855305057629467422151943401115324542039010786185919069858 1 0 0 0 0 0 0 0 0 0 0 0 0 0 0 0 0 0 0 0 0 0 0 0 0 0 0 0 0 0 0 0 0 0 0 0 0 0 0 0 0 0 0 0 0 0 0 0 0 0 0 0 0 0 0 0 0 0 0 0 0 0 0 0 0 0 0 0 0 0 0 0 0 0 0 0 0 0 0 0 0 0 0]
[4493993262735192389473636726567133019701655787195633780466639302774844215146344249589329221392185995916884045301325954789191301535858244207368110658742240709101192157437665549134707604415078627113018679704960099733926145802578206263257633311066679966293 0 1 0 0 0 0 0 0 0 0 0 0 0 0 0 0 0 0 0 0 0 0 0 0 0 0 0 0 0 0 0 0 0 0 0 0 0 0 0 0 0 0 0 0 0 0 0 0 0 0 0 0 0 0 0 0 0 0 0 0 0 0 0 0 0 0 0 0 0 0 0 0 0 0 0 0 0 0 0 0 0 0 0]
[2319173281571604709545370009567118756634989589542818777302816023798801170104225537020567109944667155331157641534034427025807815783716774492497473589288950123353283457098056392686446937559803581778891141826286157996291365217718983242792927057434039520895 0 0 1 0 0 0 0 0 0 0 0 0 0 0 0 0 0 0 0 0 0 0 0 0 0 0 0 0 0 0 0 0 0 0 0 0 0 0 0 0 0 0 0 0 0 0 0 0 0 0 0 0 0 0 0 0 0 0 0 0 0 0 0 0 0 0 0 0 0 0 0 0 0 0 0 0 0 0 0 0 0 0 0]
[3231587731904907483151008377596379708884441523944020133112096778413535978077545057819639280335309234903402787375327765696639469271322898891072926206704512300258345530812014062186189107318981841283961462942959235183906979460983158571345721064175021586065 0 0 0 1 0 0 0 0 0 0 0 0 0 0 0 0 0 0 0 0 0 0 0 0 0 0 0 0 0 0 0 0 0 0 0 0 0 0 0 0 0 0 0 0 0 0 0 0 0 0 0 0 0 0 0 0 0 0 0 0 0 0 0 0 0 0 0 0 0 0 0 0 0 0 0 0 0 0 0 0 0 0 0]
[4280164161012800510773773043621114353693370984445624590138170548661100285629965686960453357357952431927537716495250319634818831145166785580566122284256580602539964407225459528010225781864548921827842554882382864965682461005057630885681587499123691169345 0 0 0 0 1 0 0 0 0 0 0 0 0 0 0 0 0 0 0 0 0 0 0 0 0 0 0 0 0 0 0 0 0 0 0 0 0 0 0 0 0 0 0 0 0 0 0 0 0 0 0 0 0 0 0 0 0 0 0 0 0 0 0 0 0 0 0 0 0 0 0 0 0 0 0 0 0 0 0 0 0 0 0]
[1960223975303003401936660879783881663448867477418453268577500663531703138863946907610149774611324719018844353549566806413903989865046286310890503800022566864339885789724940332039445592138113360357488248430943834482195652178966934539452927730191723584592 0 0 0 0 0 1 0 0 0 0 0 0 0 0 0 0 0 0 0 0 0 0 0 0 0 0 0 0 0 0 0 0 0 0 0 0 0 0 0 0 0 0 0 0 0 0 0 0 0 0 0 0 0 0 0 0 0 0 0 0 0 0 0 0 0 0 0 0 0 0 0 0 0 0 0 0 0 0 0 0 0 0 0]
[1371344195569582972628613973411433952980020367020090013839398687469281698220414308407846087807145394464268557317581777870730288264508888652812103778080047227137697796291464559712290612589983426521314048436131241890022237698475852318846147626782065650882 0 0 0 0 0 0 1 0 0 0 0 0 0 0 0 0 0 0 0 0 0 0 0 0 0 0 0 0 0 0 0 0 0 0 0 0 0 0 0 0 0 0 0 0 0 0 0 0 0 0 0 0 0 0 0 0 0 0 0 0 0 0 0 0 0 0 0 0 0 0 0 0 0 0 0 0 0 0 0 0 0 0 0]
[1803605363552258099437502981334270873229599145317636580701716192754999739191074007840181591581367390005465126759155989295190651501595592324945529509839940575897764893424051275558294801434136782098816415910753933227852974849873934522022014541447487922485 0 0 0 0 0 0 0 1 0 0 0 0 0 0 0 0 0 0 0 0 0 0 0 0 0 0 0 0 0 0 0 0 0 0 0 0 0 0 0 0 0 0 0 0 0 0 0 0 0 0 0 0 0 0 0 0 0 0 0 0 0 0 0 0 0 0 0 0 0 0 0 0 0 0 0 0 0 0 0 0 0 0 0]
[947094205871837211016123466710016244685089328614180688168012412268152794574301516558430275297128831021144828602487461249028073452617044512764512309430949778151916060459648963775976183187227476000960000550329879803261160075452516469696098705463396338008 0 0 0 0 0 0 0 0 1 0 0 0 0 0 0 0 0 0 0 0 0 0 0 0 0 0 0 0 0 0 0 0 0 0 0 0 0 0 0 0 0 0 0 0 0 0 0 0 0 0 0 0 0 0 0 0 0 0 0 0 0 0 0 0 0 0 0 0 0 0 0 0 0 0 0 0 0 0 0 0 0 0 0]
[2369927766456880426372883698307655512744910829182998908249416992150535572767384146299315894799926985374431557055326349083860796216009613354911843439842314417834927954723167143481093823162207951849198851854530014179131525548729632091944522967650051397067 0 0 0 0 0 0 0 0 0 1 0 0 0 0 0 0 0 0 0 0 0 0 0 0 0 0 0 0 0 0 0 0 0 0 0 0 0 0 0 0 0 0 0 0 0 0 0 0 0 0 0 0 0 0 0 0 0 0 0 0 0 0 0 0 0 0 0 0 0 0 0 0 0 0 0 0 0 0 0 0 0 0 0]
[3870609995822046755261820335001487531769847903448175242075123951981797053098369749973304312546594830087324575432778755486184374401844132593005021043366512526209236189950553458015597671400906455879828353488088412183810569717844823089951256532955444329179 0 0 0 0 0 0 0 0 0 0 1 0 0 0 0 0 0 0 0 0 0 0 0 0 0 0 0 0 0 0 0 0 0 0 0 0 0 0 0 0 0 0 0 0 0 0 0 0 0 0 0 0 0 0 0 0 0 0 0 0 0 0 0 0 0 0 0 0 0 0 0 0 0 0 0 0 0 0 0 0 0 0 0]
[1858694230818115377333761562785123904223251019041325806848937257091750333378919311273946316107929511922342991705990915478812815942120511206473081442497948946661076219652432327603644874109001437904892898740269815315550290357067261355212956803675150910344 0 0 0 0 0 0 0 0 0 0 0 1 0 0 0 0 0 0 0 0 0 0 0 0 0 0 0 0 0 0 0 0 0 0 0 0 0 0 0 0 0 0 0 0 0 0 0 0 0 0 0 0 0 0 0 0 0 0 0 0 0 0 0 0 0 0 0 0 0 0 0 0 0 0 0 0 0 0 0 0 0 0 0]
[2394328604077396647405884563226101538623729235993485093357315398671417821916373941084007383825354092098004882280477146334306082155113764182472983671877061836304486875837212451394053957248297259797312053571947095108414375833808947481518585230517813270608 0 0 0 0 0 0 0 0 0 0 0 0 1 0 0 0 0 0 0 0 0 0 0 0 0 0 0 0 0 0 0 0 0 0 0 0 0 0 0 0 0 0 0 0 0 0 0 0 0 0 0 0 0 0 0 0 0 0 0 0 0 0 0 0 0 0 0 0 0 0 0 0 0 0 0 0 0 0 0 0 0 0 0]
[3598721678660704659103845566461890153446000579391988126229064362758195844000982001800303988676266501737895301081298213772169529522318528975852743511071428346115807997756905812603280829212252431875204097673053094605065073391580963707830860047117120910316 0 0 0 0 0 0 0 0 0 0 0 0 0 1 0 0 0 0 0 0 0 0 0 0 0 0 0 0 0 0 0 0 0 0 0 0 0 0 0 0 0 0 0 0 0 0 0 0 0 0 0 0 0 0 0 0 0 0 0 0 0 0 0 0 0 0 0 0 0 0 0 0 0 0 0 0 0 0 0 0 0 0 0]
[5457733449616439769472472164032707027020013102208585983785408167896558137678832100937255779040520231324216679156502869216885403009090038142110580741052821492730661233001704672050714961195555916063593912796936632555807791631728354361641169807485730983431 0 0 0 0 0 0 0 0 0 0 0 0 0 0 1 0 0 0 0 0 0 0 0 0 0 0 0 0 0 0 0 0 0 0 0 0 0 0 0 0 0 0 0 0 0 0 0 0 0 0 0 0 0 0 0 0 0 0 0 0 0 0 0 0 0 0 0 0 0 0 0 0 0 0 0 0 0 0 0 0 0 0 0]
[1810129365326513631606834998497690306928748213341705664002758869524948083820674984247970314549935041751052519243561584423715294221598948076310150980633504847627362071923013327851276518942730597168794190514511271858253481980308318296702454295098936352820 0 0 0 0 0 0 0 0 0 0 0 0 0 0 0 1 0 0 0 0 0 0 0 0 0 0 0 0 0 0 0 0 0 0 0 0 0 0 0 0 0 0 0 0 0 0 0 0 0 0 0 0 0 0 0 0 0 0 0 0 0 0 0 0 0 0 0 0 0 0 0 0 0 0 0 0 0 0 0 0 0 0 0]
[1129071457025940964002389893896725103451640700248225030369453731710284073479589681050776963154424342602177408821481102612620739863658680702324183868384235887739709108360165889931834097365259740779541433562557459902756314402914886358766083344982245575671 0 0 0 0 0 0 0 0 0 0 0 0 0 0 0 0 1 0 0 0 0 0 0 0 0 0 0 0 0 0 0 0 0 0 0 0 0 0 0 0 0 0 0 0 0 0 0 0 0 0 0 0 0 0 0 0 0 0 0 0 0 0 0 0 0 0 0 0 0 0 0 0 0 0 0 0 0 0 0 0 0 0 0]
[5469948048977943735455198558982003912971160705377680177525604647844102981565946547913410322984980466957796092198758973164630111414941263994199409418193449720709509799650714484557394191317078582293464277876486345381115535475376542822649243350694928979969 0 0 0 0 0 0 0 0 0 0 0 0 0 0 0 0 0 1 0 0 0 0 0 0 0 0 0 0 0 0 0 0 0 0 0 0 0 0 0 0 0 0 0 0 0 0 0 0 0 0 0 0 0 0 0 0 0 0 0 0 0 0 0 0 0 0 0 0 0 0 0 0 0 0 0 0 0 0 0 0 0 0 0]
[1938762591680404625241269636230996080955337331344926698721027808669379623404884005289491681361966643272722616554344497395597449257499252340347403252879132636548828996156767783344868005177731833896436332043306387767151168453257018268942654106894685224597 0 0 0 0 0 0 0 0 0 0 0 0 0 0 0 0 0 0 1 0 0 0 0 0 0 0 0 0 0 0 0 0 0 0 0 0 0 0 0 0 0 0 0 0 0 0 0 0 0 0 0 0 0 0 0 0 0 0 0 0 0 0 0 0 0 0 0 0 0 0 0 0 0 0 0 0 0 0 0 0 0 0 0]
[2781438498106314263198530218168034275987200992783843227967914640357473962274641924651942452235964187963302906159890671174704096639034355272514813708211572328273664151651416414495759631301120064892220275631389946102441930773364313968697475551159825680014 0 0 0 0 0 0 0 0 0 0 0 0 0 0 0 0 0 0 0 1 0 0 0 0 0 0 0 0 0 0 0 0 0 0 0 0 0 0 0 0 0 0 0 0 0 0 0 0 0 0 0 0 0 0 0 0 0 0 0 0 0 0 0 0 0 0 0 0 0 0 0 0 0 0 0 0 0 0 0 0 0 0 0]
[5418345338820970601056389527944883886941068353639390780993733411245257020295396306454428024971298780712309634749941903775152531678748830266523612847446111757330248326336877221935915874043136309391826529096265419685093025602245429405021749353599083525163 0 0 0 0 0 0 0 0 0 0 0 0 0 0 0 0 0 0 0 0 1 0 0 0 0 0 0 0 0 0 0 0 0 0 0 0 0 0 0 0 0 0 0 0 0 0 0 0 0 0 0 0 0 0 0 0 0 0 0 0 0 0 0 0 0 0 0 0 0 0 0 0 0 0 0 0 0 0 0 0 0 0 0]
[900666918788135735631515863336649778708886166600640697547007940160406530446699729755518638910961904187549364695044389390355361953677477714515136710963854463698776274509215460287279640681756877692687150952575536704456651367487146047829770948136204512692 0 0 0 0 0 0 0 0 0 0 0 0 0 0 0 0 0 0 0 0 0 1 0 0 0 0 0 0 0 0 0 0 0 0 0 0 0 0 0 0 0 0 0 0 0 0 0 0 0 0 0 0 0 0 0 0 0 0 0 0 0 0 0 0 0 0 0 0 0 0 0 0 0 0 0 0 0 0 0 0 0 0 0]
[167554849941915306359757691771086812552159286061466040287794660213756121512560781683643593157888917885774189236172260956110308511296620885483547150008888796853556604720298059266597033832444117604835837119084544176945207805062920729556971628642772870685 0 0 0 0 0 0 0 0 0 0 0 0 0 0 0 0 0 0 0 0 0 0 1 0 0 0 0 0 0 0 0 0 0 0 0 0 0 0 0 0 0 0 0 0 0 0 0 0 0 0 0 0 0 0 0 0 0 0 0 0 0 0 0 0 0 0 0 0 0 0 0 0 0 0 0 0 0 0 0 0 0 0 0]
[4426958250431957679872829567510504597128425620067878799985167719508275775706650715342241765818160494631771382596318164102736410263743924120243938798768894133543101431245299983740683030067991563810560579637031328096465905079137600166746209094866421985928 0 0 0 0 0 0 0 0 0 0 0 0 0 0 0 0 0 0 0 0 0 0 0 1 0 0 0 0 0 0 0 0 0 0 0 0 0 0 0 0 0 0 0 0 0 0 0 0 0 0 0 0 0 0 0 0 0 0 0 0 0 0 0 0 0 0 0 0 0 0 0 0 0 0 0 0 0 0 0 0 0 0 0]
[4073580659686893530720847214436301475039624437617776120798750687330370587989597284414876391925932937945725024415829483656037921345496441214677822591956431717506919019635068520349587820480790208069360264270889717853373126938266856360456036281428763093378 0 0 0 0 0 0 0 0 0 0 0 0 0 0 0 0 0 0 0 0 0 0 0 0 1 0 0 0 0 0 0 0 0 0 0 0 0 0 0 0 0 0 0 0 0 0 0 0 0 0 0 0 0 0 0 0 0 0 0 0 0 0 0 0 0 0 0 0 0 0 0 0 0 0 0 0 0 0 0 0 0 0 0]
[1649629333484493702212923499155091001416373229477708423328267585732967047035319374515653097974909271776717153018408808767785592896176079471763397014593796676044325254087466357237075884790671628504574320792333466495393969003837111738859166216069143271111 0 0 0 0 0 0 0 0 0 0 0 0 0 0 0 0 0 0 0 0 0 0 0 0 0 1 0 0 0 0 0 0 0 0 0 0 0 0 0 0 0 0 0 0 0 0 0 0 0 0 0 0 0 0 0 0 0 0 0 0 0 0 0 0 0 0 0 0 0 0 0 0 0 0 0 0 0 0 0 0 0 0 0]
[314040710578773213486933748269178667585485683161638867169142088431043748495482784925547593663747167012512169164309742024149011962171890801734744928700859439524445249042130239562352031121155603148306604995729931344148700056598879492944801895588587798261 0 0 0 0 0 0 0 0 0 0 0 0 0 0 0 0 0 0 0 0 0 0 0 0 0 0 1 0 0 0 0 0 0 0 0 0 0 0 0 0 0 0 0 0 0 0 0 0 0 0 0 0 0 0 0 0 0 0 0 0 0 0 0 0 0 0 0 0 0 0 0 0 0 0 0 0 0 0 0 0 0 0 0]
[3529147616794866014433102374298225211739582347106515701168020179424676595496346842968085690044722027514781840784993486437597554109086911139609224366755220248658439703134809638640752041655564393119159738876926365828665006198903920783401317662895521385382 0 0 0 0 0 0 0 0 0 0 0 0 0 0 0 0 0 0 0 0 0 0 0 0 0 0 0 1 0 0 0 0 0 0 0 0 0 0 0 0 0 0 0 0 0 0 0 0 0 0 0 0 0 0 0 0 0 0 0 0 0 0 0 0 0 0 0 0 0 0 0 0 0 0 0 0 0 0 0 0 0 0 0]
[1665639833894117313869014084737209436660563510888540689685125925473598398904493924461068635560656058479656425313262551259512161024218154741967674908061378410935422243803907260273572483476381402038969945739248881495686132011079978277321283239896293905822 0 0 0 0 0 0 0 0 0 0 0 0 0 0 0 0 0 0 0 0 0 0 0 0 0 0 0 0 1 0 0 0 0 0 0 0 0 0 0 0 0 0 0 0 0 0 0 0 0 0 0 0 0 0 0 0 0 0 0 0 0 0 0 0 0 0 0 0 0 0 0 0 0 0 0 0 0 0 0 0 0 0 0]
[2131960983368670818042720997055683278574925785924223117854359235232851732053584950140029042625745076410601828591278607559015431474308072542415273559790438283169091633262326809648617784015601325026856327094555651247668921867494508869012753132456636733476 0 0 0 0 0 0 0 0 0 0 0 0 0 0 0 0 0 0 0 0 0 0 0 0 0 0 0 0 0 1 0 0 0 0 0 0 0 0 0 0 0 0 0 0 0 0 0 0 0 0 0 0 0 0 0 0 0 0 0 0 0 0 0 0 0 0 0 0 0 0 0 0 0 0 0 0 0 0 0 0 0 0 0]
[4700321736624549871123540967151703525516007560922089170115445963395775708174356725711951820534702744142276428026377068295490317346293649969643005480798565685321692575529609249455873401995242483254192106306855797113336217213277944800344356072916353420593 0 0 0 0 0 0 0 0 0 0 0 0 0 0 0 0 0 0 0 0 0 0 0 0 0 0 0 0 0 0 1 0 0 0 0 0 0 0 0 0 0 0 0 0 0 0 0 0 0 0 0 0 0 0 0 0 0 0 0 0 0 0 0 0 0 0 0 0 0 0 0 0 0 0 0 0 0 0 0 0 0 0 0]
[4107902020935424493832516936251647378533860515712200918923260289360122711191089929575608489537452616150183193330308703836231938941434509434242060381396536375599672375201357108651685708402117209508381446462663310304045595316018423396290150249696397089934 0 0 0 0 0 0 0 0 0 0 0 0 0 0 0 0 0 0 0 0 0 0 0 0 0 0 0 0 0 0 0 1 0 0 0 0 0 0 0 0 0 0 0 0 0 0 0 0 0 0 0 0 0 0 0 0 0 0 0 0 0 0 0 0 0 0 0 0 0 0 0 0 0 0 0 0 0 0 0 0 0 0 0]
[2111558543324419499946558082113473870544760208313222621613917597410893962132140692097703509669379499537338885164377329962213150014801043984289590697056841909821394568480042916646355017228326361304930892087490895378007652943539681615424772568685036574547 0 0 0 0 0 0 0 0 0 0 0 0 0 0 0 0 0 0 0 0 0 0 0 0 0 0 0 0 0 0 0 0 1 0 0 0 0 0 0 0 0 0 0 0 0 0 0 0 0 0 0 0 0 0 0 0 0 0 0 0 0 0 0 0 0 0 0 0 0 0 0 0 0 0 0 0 0 0 0 0 0 0 0]
[150866908496190346096786445519426625646840221990497658439497654737711169424976737609970184533442891192888002102016907273042692596525981415107064520420193770439438243301776606010209528805425999600417586716409534336922410029600391290420538543995123179695 0 0 0 0 0 0 0 0 0 0 0 0 0 0 0 0 0 0 0 0 0 0 0 0 0 0 0 0 0 0 0 0 0 1 0 0 0 0 0 0 0 0 0 0 0 0 0 0 0 0 0 0 0 0 0 0 0 0 0 0 0 0 0 0 0 0 0 0 0 0 0 0 0 0 0 0 0 0 0 0 0 0 0]
[2767379451044978246018266283240667112293317980723760030173816505679690425855728677100660805458750724417020412143881020847549554579346445013434003134358394951862582564676208235900677061050472944501230238257296228115531177564993563876320368254972531228549 0 0 0 0 0 0 0 0 0 0 0 0 0 0 0 0 0 0 0 0 0 0 0 0 0 0 0 0 0 0 0 0 0 0 1 0 0 0 0 0 0 0 0 0 0 0 0 0 0 0 0 0 0 0 0 0 0 0 0 0 0 0 0 0 0 0 0 0 0 0 0 0 0 0 0 0 0 0 0 0 0 0 0]
[3048248061701431596836422421888499715648747884038772997326854511135757279373439502407983626291576681807977297546095906729738702515481804876263916585126820940240392600083628360634005258893092104461508422880357518165415680030609111565720610973854272690129 0 0 0 0 0 0 0 0 0 0 0 0 0 0 0 0 0 0 0 0 0 0 0 0 0 0 0 0 0 0 0 0 0 0 0 1 0 0 0 0 0 0 0 0 0 0 0 0 0 0 0 0 0 0 0 0 0 0 0 0 0 0 0 0 0 0 0 0 0 0 0 0 0 0 0 0 0 0 0 0 0 0 0]
[4577251447052432151877706758790606187278614609699350546024553787347156981034529115670743105232899447362699442362765675191584776532690854522141101729196233387327917090650250899893438461127000605660407387786407598185647442778525509397826984704972686756707 0 0 0 0 0 0 0 0 0 0 0 0 0 0 0 0 0 0 0 0 0 0 0 0 0 0 0 0 0 0 0 0 0 0 0 0 1 0 0 0 0 0 0 0 0 0 0 0 0 0 0 0 0 0 0 0 0 0 0 0 0 0 0 0 0 0 0 0 0 0 0 0 0 0 0 0 0 0 0 0 0 0 0]
[1638122475761824074884317474472318025043777130953460471953203863221522507663498229626612429262150645155321386863044273070869723257547217647288629120733631556601242767887053145718471185995368710848357251625172598578614245532588352104244850221168299987170 0 0 0 0 0 0 0 0 0 0 0 0 0 0 0 0 0 0 0 0 0 0 0 0 0 0 0 0 0 0 0 0 0 0 0 0 0 1 0 0 0 0 0 0 0 0 0 0 0 0 0 0 0 0 0 0 0 0 0 0 0 0 0 0 0 0 0 0 0 0 0 0 0 0 0 0 0 0 0 0 0 0 0]
[1177459206994278088881789352379041209912224350827881447065807302723696815242956298065947201926427349579391286000496208824644958028000462031694626675235602168756769308560112458492225781612900458113567790078571073640802180455669660087427498846434288310351 0 0 0 0 0 0 0 0 0 0 0 0 0 0 0 0 0 0 0 0 0 0 0 0 0 0 0 0 0 0 0 0 0 0 0 0 0 0 1 0 0 0 0 0 0 0 0 0 0 0 0 0 0 0 0 0 0 0 0 0 0 0 0 0 0 0 0 0 0 0 0 0 0 0 0 0 0 0 0 0 0 0 0]
[174836287955926538396564566468025714109684425825348814816296423399427695391031348975953982876906333123962652417376388460211146576750065035803719238909359672901217689193620293567303092123228727124130200086130926560194746556884392585874556188387241299012 0 0 0 0 0 0 0 0 0 0 0 0 0 0 0 0 0 0 0 0 0 0 0 0 0 0 0 0 0 0 0 0 0 0 0 0 0 0 0 1 0 0 0 0 0 0 0 0 0 0 0 0 0 0 0 0 0 0 0 0 0 0 0 0 0 0 0 0 0 0 0 0 0 0 0 0 0 0 0 0 0 0 0]
[1355693058058887806906262373858776291012742841011128888965998363263303595600015255861762705242711453956033094604047119648178266247964963034636416543724138353745820822216714047305481341923424852261730415090517845557875664319310355830650379006790551491403 0 0 0 0 0 0 0 0 0 0 0 0 0 0 0 0 0 0 0 0 0 0 0 0 0 0 0 0 0 0 0 0 0 0 0 0 0 0 0 0 1 0 0 0 0 0 0 0 0 0 0 0 0 0 0 0 0 0 0 0 0 0 0 0 0 0 0 0 0 0 0 0 0 0 0 0 0 0 0 0 0 0 0]
[903546862873409464792792647735578823923419012051101986394733999994298266722736829531689020093279173753755744345643579713703906618098770018198016716812920689965593361429818751858501544258956564078834250333387634839760829217532242272890252511421495430990 0 0 0 0 0 0 0 0 0 0 0 0 0 0 0 0 0 0 0 0 0 0 0 0 0 0 0 0 0 0 0 0 0 0 0 0 0 0 0 0 0 1 0 0 0 0 0 0 0 0 0 0 0 0 0 0 0 0 0 0 0 0 0 0 0 0 0 0 0 0 0 0 0 0 0 0 0 0 0 0 0 0 0]
[3008158038901209457954945068504010255035521638975931302330643809602130453398351013992175587708620723646064581025554141676962209531411203075874399495589636864283593437444399743765525655015357082067242906472168612386653709544304421799206909284101760768411 0 0 0 0 0 0 0 0 0 0 0 0 0 0 0 0 0 0 0 0 0 0 0 0 0 0 0 0 0 0 0 0 0 0 0 0 0 0 0 0 0 0 1 0 0 0 0 0 0 0 0 0 0 0 0 0 0 0 0 0 0 0 0 0 0 0 0 0 0 0 0 0 0 0 0 0 0 0 0 0 0 0 0]
[2839200504984794390520770514668056292672229983597241621032823416498792647102164042299510676672699710639483351745228261178964635436824041238585814329218515372262071051326306524909536053705128742564557826469832004352979114204014011483033090789486133012135 0 0 0 0 0 0 0 0 0 0 0 0 0 0 0 0 0 0 0 0 0 0 0 0 0 0 0 0 0 0 0 0 0 0 0 0 0 0 0 0 0 0 0 1 0 0 0 0 0 0 0 0 0 0 0 0 0 0 0 0 0 0 0 0 0 0 0 0 0 0 0 0 0 0 0 0 0 0 0 0 0 0 0]
[3414863690848429905637088570900308944984559857828239822445538356593330888568279547195976609179712091895535032835578578840635268192165053800140091759369430596376446649658626214199238789305808864454989523976389792903475659465860459974207516378580734277266 0 0 0 0 0 0 0 0 0 0 0 0 0 0 0 0 0 0 0 0 0 0 0 0 0 0 0 0 0 0 0 0 0 0 0 0 0 0 0 0 0 0 0 0 1 0 0 0 0 0 0 0 0 0 0 0 0 0 0 0 0 0 0 0 0 0 0 0 0 0 0 0 0 0 0 0 0 0 0 0 0 0 0]
[3256027870603275779683038860274207358843739145185959607497934741241689993556970376781186479328796252638767486032584116683666597686768723077897276768182107925782490129054297372497817880390396480544875655061443360013772362874965648509317281739008379423141 0 0 0 0 0 0 0 0 0 0 0 0 0 0 0 0 0 0 0 0 0 0 0 0 0 0 0 0 0 0 0 0 0 0 0 0 0 0 0 0 0 0 0 0 0 1 0 0 0 0 0 0 0 0 0 0 0 0 0 0 0 0 0 0 0 0 0 0 0 0 0 0 0 0 0 0 0 0 0 0 0 0 0]
[1298070847356566678691952827235824884867755044022155886121168484222981962545106683069286493987520455797352485692937266610427829306702468441275546133019209869952431291229234776471130257002415692202626154760008163266965245447040485634105970300959012407333 0 0 0 0 0 0 0 0 0 0 0 0 0 0 0 0 0 0 0 0 0 0 0 0 0 0 0 0 0 0 0 0 0 0 0 0 0 0 0 0 0 0 0 0 0 0 1 0 0 0 0 0 0 0 0 0 0 0 0 0 0 0 0 0 0 0 0 0 0 0 0 0 0 0 0 0 0 0 0 0 0 0 0]
[934299380428213141153262298933972969338966800904918483597355982134201220510042312960236134445499254371537882061333257588960751981243446045121565180554855058548946562886112061878785168788949253195449228256166663747774469954945447928451079005713861063807 0 0 0 0 0 0 0 0 0 0 0 0 0 0 0 0 0 0 0 0 0 0 0 0 0 0 0 0 0 0 0 0 0 0 0 0 0 0 0 0 0 0 0 0 0 0 0 1 0 0 0 0 0 0 0 0 0 0 0 0 0 0 0 0 0 0 0 0 0 0 0 0 0 0 0 0 0 0 0 0 0 0 0]
[4793840287362443007581838144831350696678289215228282061187025232162803153485791910037781494993126271285345115464988025057645849638776451376098233973536811109105560710701752378569892320803072231350561782797253335023289805251338125903222179182091003217709 0 0 0 0 0 0 0 0 0 0 0 0 0 0 0 0 0 0 0 0 0 0 0 0 0 0 0 0 0 0 0 0 0 0 0 0 0 0 0 0 0 0 0 0 0 0 0 0 1 0 0 0 0 0 0 0 0 0 0 0 0 0 0 0 0 0 0 0 0 0 0 0 0 0 0 0 0 0 0 0 0 0 0]
[3417240219366466724484987752584478352092130223907462021845791499339684839622169045152092274748052502497724014713819917062701505430738807012395567416591734338975479675596205832423084575286774006878727291001987458569746326895443774082533753068705993781745 0 0 0 0 0 0 0 0 0 0 0 0 0 0 0 0 0 0 0 0 0 0 0 0 0 0 0 0 0 0 0 0 0 0 0 0 0 0 0 0 0 0 0 0 0 0 0 0 0 1 0 0 0 0 0 0 0 0 0 0 0 0 0 0 0 0 0 0 0 0 0 0 0 0 0 0 0 0 0 0 0 0 0]
[3611204300175748980958412009365004300516096246027227450031658842300689840804360022247845831917959557241831863967022400462017773265791557549528402297577945930803881544638509977391132428465370492142607059614690308922655732271383170233537487051478724878716 0 0 0 0 0 0 0 0 0 0 0 0 0 0 0 0 0 0 0 0 0 0 0 0 0 0 0 0 0 0 0 0 0 0 0 0 0 0 0 0 0 0 0 0 0 0 0 0 0 0 1 0 0 0 0 0 0 0 0 0 0 0 0 0 0 0 0 0 0 0 0 0 0 0 0 0 0 0 0 0 0 0 0]
[3193391322013911167026576713518020783532696773475046674815214423534944505380905819392897041436206839117184483834536265312715902821068588543060177875853050003716432687719451319935390404080474821966375396435353731055054383275612579881614053009271840191147 0 0 0 0 0 0 0 0 0 0 0 0 0 0 0 0 0 0 0 0 0 0 0 0 0 0 0 0 0 0 0 0 0 0 0 0 0 0 0 0 0 0 0 0 0 0 0 0 0 0 0 1 0 0 0 0 0 0 0 0 0 0 0 0 0 0 0 0 0 0 0 0 0 0 0 0 0 0 0 0 0 0 0]
[1551732296844890448578331666594673167721630683220579497457535511532218123702365228459481066822215458681488665386175546387529362634315713142819451625669959091076963225740977417307192304637440276911373003884790791443186548518201581018284353851511353936940 0 0 0 0 0 0 0 0 0 0 0 0 0 0 0 0 0 0 0 0 0 0 0 0 0 0 0 0 0 0 0 0 0 0 0 0 0 0 0 0 0 0 0 0 0 0 0 0 0 0 0 0 1 0 0 0 0 0 0 0 0 0 0 0 0 0 0 0 0 0 0 0 0 0 0 0 0 0 0 0 0 0 0]
[1262933653346564295571055937649934071127045073035816319580593332942964662099460168862588992801525768306501277386791217917571621078706540370300361636392960656558317392017814522083957121037179745677208936057652187192236656886122818261210977062501897669589 0 0 0 0 0 0 0 0 0 0 0 0 0 0 0 0 0 0 0 0 0 0 0 0 0 0 0 0 0 0 0 0 0 0 0 0 0 0 0 0 0 0 0 0 0 0 0 0 0 0 0 0 0 1 0 0 0 0 0 0 0 0 0 0 0 0 0 0 0 0 0 0 0 0 0 0 0 0 0 0 0 0 0]
[4362599061696173379245886069144686434191435182974466452457009807680791964270692352295082991123279839651464461279831899509572954324555259735848882589803141434822979685269490968104354549884518940156535453264467514722793905975155071411596258241163316255500 0 0 0 0 0 0 0 0 0 0 0 0 0 0 0 0 0 0 0 0 0 0 0 0 0 0 0 0 0 0 0 0 0 0 0 0 0 0 0 0 0 0 0 0 0 0 0 0 0 0 0 0 0 0 1 0 0 0 0 0 0 0 0 0 0 0 0 0 0 0 0 0 0 0 0 0 0 0 0 0 0 0 0]
[860112659917689163948480783227043342912871312004621039728427409843815669109004492547711344736546977926696301127055438465968372906054641794909801831060593797170763016447274500275174757442678794559085181500026261372194533403187215774001314558260061547794 0 0 0 0 0 0 0 0 0 0 0 0 0 0 0 0 0 0 0 0 0 0 0 0 0 0 0 0 0 0 0 0 0 0 0 0 0 0 0 0 0 0 0 0 0 0 0 0 0 0 0 0 0 0 0 1 0 0 0 0 0 0 0 0 0 0 0 0 0 0 0 0 0 0 0 0 0 0 0 0 0 0 0]
[2548853295359232908730831449984890218419176073476270885511863284987159936941658734185947528875778168252388010746928940491837077994119350767315674780788028316120153707003701025292717522405108387397303699116701019177857260815641762256169750753573363395729 0 0 0 0 0 0 0 0 0 0 0 0 0 0 0 0 0 0 0 0 0 0 0 0 0 0 0 0 0 0 0 0 0 0 0 0 0 0 0 0 0 0 0 0 0 0 0 0 0 0 0 0 0 0 0 0 1 0 0 0 0 0 0 0 0 0 0 0 0 0 0 0 0 0 0 0 0 0 0 0 0 0 0]
[330682486821184035006267003728321451728205028185172102426397887809614072312740026535165492790196140799166502308597615451316839042659816836369865444116437318031996671774389229981488796804928817239819887296999508927018398704963490743114568802787967971947 0 0 0 0 0 0 0 0 0 0 0 0 0 0 0 0 0 0 0 0 0 0 0 0 0 0 0 0 0 0 0 0 0 0 0 0 0 0 0 0 0 0 0 0 0 0 0 0 0 0 0 0 0 0 0 0 0 1 0 0 0 0 0 0 0 0 0 0 0 0 0 0 0 0 0 0 0 0 0 0 0 0 0]
[3585894114300417826438204264915128858925806974049858761584003860313750867288008050419963324196868891918663510844889059928242521137675504453650962799088605153876042741691694673248037997179362448921921564904417477637400158620143629735877068529186367168917 0 0 0 0 0 0 0 0 0 0 0 0 0 0 0 0 0 0 0 0 0 0 0 0 0 0 0 0 0 0 0 0 0 0 0 0 0 0 0 0 0 0 0 0 0 0 0 0 0 0 0 0 0 0 0 0 0 0 1 0 0 0 0 0 0 0 0 0 0 0 0 0 0 0 0 0 0 0 0 0 0 0 0]
[1117009838733108599374701351107627482259540068470936535733561940102161210852680394923406754022441931592995190172176581641762483689906525567971376733857132258308519047882526213645698219960409401676554549309064388554488618028685239982715443510921055078565 0 0 0 0 0 0 0 0 0 0 0 0 0 0 0 0 0 0 0 0 0 0 0 0 0 0 0 0 0 0 0 0 0 0 0 0 0 0 0 0 0 0 0 0 0 0 0 0 0 0 0 0 0 0 0 0 0 0 0 1 0 0 0 0 0 0 0 0 0 0 0 0 0 0 0 0 0 0 0 0 0 0 0]
[3154489797168527092518782567598576326501640970705085701253435869646403881515963064538676990307825473263398920768461105406344796948108601120104823326291302160176833880497825777701936089604770630891097776054648626295442114437601272728081283715411811543979 0 0 0 0 0 0 0 0 0 0 0 0 0 0 0 0 0 0 0 0 0 0 0 0 0 0 0 0 0 0 0 0 0 0 0 0 0 0 0 0 0 0 0 0 0 0 0 0 0 0 0 0 0 0 0 0 0 0 0 0 1 0 0 0 0 0 0 0 0 0 0 0 0 0 0 0 0 0 0 0 0 0 0]
[1891640243676221838284936220267639438469441596120240529177269675755703920260852092353776412293637020088569859047794028105397331388200323532421859472616911888912390848765797852740659784794154305060655855752047219285864829641471757958262444366921321627406 0 0 0 0 0 0 0 0 0 0 0 0 0 0 0 0 0 0 0 0 0 0 0 0 0 0 0 0 0 0 0 0 0 0 0 0 0 0 0 0 0 0 0 0 0 0 0 0 0 0 0 0 0 0 0 0 0 0 0 0 0 1 0 0 0 0 0 0 0 0 0 0 0 0 0 0 0 0 0 0 0 0 0]
[1713196363574682137737239594953629219209434171976506956597653373253116728644665073192681470301168593400106665144087300464757198352871316694121782818942417157556573573810329405533848639295481161118224357035260693520580445257186714151665849237812414086166 0 0 0 0 0 0 0 0 0 0 0 0 0 0 0 0 0 0 0 0 0 0 0 0 0 0 0 0 0 0 0 0 0 0 0 0 0 0 0 0 0 0 0 0 0 0 0 0 0 0 0 0 0 0 0 0 0 0 0 0 0 0 1 0 0 0 0 0 0 0 0 0 0 0 0 0 0 0 0 0 0 0 0]
[810093028174025941749548059200726842046045430162488540832146819620985674272243317298410491844963517939294558938045335905424274610367678856506053541979225274535780520043914104593342782331654739259839724396070009443821782078495888597895359399018224030312 0 0 0 0 0 0 0 0 0 0 0 0 0 0 0 0 0 0 0 0 0 0 0 0 0 0 0 0 0 0 0 0 0 0 0 0 0 0 0 0 0 0 0 0 0 0 0 0 0 0 0 0 0 0 0 0 0 0 0 0 0 0 0 1 0 0 0 0 0 0 0 0 0 0 0 0 0 0 0 0 0 0 0]
[3335852199799882674247214413735325891551663388568474622337215223032794199887715516421168622818282116257008520981352652680061588092287937176488875714338785254008341604660168574099751116486645311399483770009023937641022748411378860196861706740641094444599 0 0 0 0 0 0 0 0 0 0 0 0 0 0 0 0 0 0 0 0 0 0 0 0 0 0 0 0 0 0 0 0 0 0 0 0 0 0 0 0 0 0 0 0 0 0 0 0 0 0 0 0 0 0 0 0 0 0 0 0 0 0 0 0 1 0 0 0 0 0 0 0 0 0 0 0 0 0 0 0 0 0 0]
[739951065108931642236878254925137872604813183353106807751085984223960607608753996144898701551751757527268018711002592101067992113117169201209592484335251352240084424140969879213550319049781031422224594998074690309522369613036567881324560361475105524476 0 0 0 0 0 0 0 0 0 0 0 0 0 0 0 0 0 0 0 0 0 0 0 0 0 0 0 0 0 0 0 0 0 0 0 0 0 0 0 0 0 0 0 0 0 0 0 0 0 0 0 0 0 0 0 0 0 0 0 0 0 0 0 0 0 1 0 0 0 0 0 0 0 0 0 0 0 0 0 0 0 0 0]
[3317868666726494511978152931852451806414885207789153448104773810153736945209466112335124454645161995495764493223083022161509022591185182978641830681334826533907756050165768490956226213804383392922426130543106661452294781040718883868845151277873430941639 0 0 0 0 0 0 0 0 0 0 0 0 0 0 0 0 0 0 0 0 0 0 0 0 0 0 0 0 0 0 0 0 0 0 0 0 0 0 0 0 0 0 0 0 0 0 0 0 0 0 0 0 0 0 0 0 0 0 0 0 0 0 0 0 0 0 1 0 0 0 0 0 0 0 0 0 0 0 0 0 0 0 0]
[2860831373588636320352411143598572737025297161919501607443168865347880534760923985774376427801056139877347613604171156370322185203228853915873650296965006858209511212751079954808394673133854788023122636089408709324312362237006969173716383172238578824743 0 0 0 0 0 0 0 0 0 0 0 0 0 0 0 0 0 0 0 0 0 0 0 0 0 0 0 0 0 0 0 0 0 0 0 0 0 0 0 0 0 0 0 0 0 0 0 0 0 0 0 0 0 0 0 0 0 0 0 0 0 0 0 0 0 0 0 1 0 0 0 0 0 0 0 0 0 0 0 0 0 0 0]
[2248711956078033824299632268369483043288348844571101969941549695750865148042270198782394392010805926246548447811450339470778757001368337318917921004344373417523014902363587236892544908532922347887664980179730665264886056004455424627007920112265151039986 0 0 0 0 0 0 0 0 0 0 0 0 0 0 0 0 0 0 0 0 0 0 0 0 0 0 0 0 0 0 0 0 0 0 0 0 0 0 0 0 0 0 0 0 0 0 0 0 0 0 0 0 0 0 0 0 0 0 0 0 0 0 0 0 0 0 0 0 1 0 0 0 0 0 0 0 0 0 0 0 0 0 0]
[4646900359719215653643128433398365443825912366536510334455931941419121422964871901401779030335146141562352031031439628429029135084455377994159832192433956951607329834602997066366046090957710959039625098861954775469791456046011572408686529414181740407169 0 0 0 0 0 0 0 0 0 0 0 0 0 0 0 0 0 0 0 0 0 0 0 0 0 0 0 0 0 0 0 0 0 0 0 0 0 0 0 0 0 0 0 0 0 0 0 0 0 0 0 0 0 0 0 0 0 0 0 0 0 0 0 0 0 0 0 0 0 1 0 0 0 0 0 0 0 0 0 0 0 0 0]
[4447620082121040665856797467943943403167170761579329063184560020666481400431124178460785243052312246724622235323228944445592730185863122645961175481751839685377363923896756641860572233392532548725548246310047528081277821993458895652747418900750643835448 0 0 0 0 0 0 0 0 0 0 0 0 0 0 0 0 0 0 0 0 0 0 0 0 0 0 0 0 0 0 0 0 0 0 0 0 0 0 0 0 0 0 0 0 0 0 0 0 0 0 0 0 0 0 0 0 0 0 0 0 0 0 0 0 0 0 0 0 0 0 1 0 0 0 0 0 0 0 0 0 0 0 0]
[1787355826546275180774200989583029645373099044027396023807289244003761703614441885241448042019474899962873072322881531687303656901805778355079502363061068048345125490918204404771209928917493416585395206121881961217351703375589989269222849643956021657564 0 0 0 0 0 0 0 0 0 0 0 0 0 0 0 0 0 0 0 0 0 0 0 0 0 0 0 0 0 0 0 0 0 0 0 0 0 0 0 0 0 0 0 0 0 0 0 0 0 0 0 0 0 0 0 0 0 0 0 0 0 0 0 0 0 0 0 0 0 0 0 1 0 0 0 0 0 0 0 0 0 0 0]
[2559087333254878271934732308632449437944534908485518430231433136529265693110475334814187530391926094248134286021963949343120037767978837700364925748481431388146625270330871686874941497304684690782052724112132489343968635954529496661935576743939487921425 0 0 0 0 0 0 0 0 0 0 0 0 0 0 0 0 0 0 0 0 0 0 0 0 0 0 0 0 0 0 0 0 0 0 0 0 0 0 0 0 0 0 0 0 0 0 0 0 0 0 0 0 0 0 0 0 0 0 0 0 0 0 0 0 0 0 0 0 0 0 0 0 1 0 0 0 0 0 0 0 0 0 0]
[2320979531618557472810213137349571673905931566559853709142045156003001542308743828768872728973667121069609943237133716771378828383413193368754866741058657420288737648445235037778690767671822139474133435645939232520834391582889633895054530305595151240897 0 0 0 0 0 0 0 0 0 0 0 0 0 0 0 0 0 0 0 0 0 0 0 0 0 0 0 0 0 0 0 0 0 0 0 0 0 0 0 0 0 0 0 0 0 0 0 0 0 0 0 0 0 0 0 0 0 0 0 0 0 0 0 0 0 0 0 0 0 0 0 0 0 1 0 0 0 0 0 0 0 0 0]
[1341533911447152346465697536166324882700657799138992407081539161662456121930932830652613254358995694518004438679957540125201043546920853522879144793418416901358138076969658721267093604079796906169613413187557308631036309108702111949098051991576106448669 0 0 0 0 0 0 0 0 0 0 0 0 0 0 0 0 0 0 0 0 0 0 0 0 0 0 0 0 0 0 0 0 0 0 0 0 0 0 0 0 0 0 0 0 0 0 0 0 0 0 0 0 0 0 0 0 0 0 0 0 0 0 0 0 0 0 0 0 0 0 0 0 0 0 1 0 0 0 0 0 0 0 0]
[4040906143645956409842825298828958986243770340686792602085884885105192301948207432357278790777253583961927483463011353338186666885296120752474366245411571702907598018853099244136015288103042556178042638387735346297405725348625347766262852006354101153330 0 0 0 0 0 0 0 0 0 0 0 0 0 0 0 0 0 0 0 0 0 0 0 0 0 0 0 0 0 0 0 0 0 0 0 0 0 0 0 0 0 0 0 0 0 0 0 0 0 0 0 0 0 0 0 0 0 0 0 0 0 0 0 0 0 0 0 0 0 0 0 0 0 0 0 1 0 0 0 0 0 0 0]
[5154755550247352276701784392994051389851641413863489695180034980160203057173621170755328765910524304994434479846502051883973810403197507443326629499667074404189805490569232495017131952770106276745815082860755987790562000998470046686496159362136175550234 0 0 0 0 0 0 0 0 0 0 0 0 0 0 0 0 0 0 0 0 0 0 0 0 0 0 0 0 0 0 0 0 0 0 0 0 0 0 0 0 0 0 0 0 0 0 0 0 0 0 0 0 0 0 0 0 0 0 0 0 0 0 0 0 0 0 0 0 0 0 0 0 0 0 0 0 1 0 0 0 0 0 0]
[5049384669259884845613481217163954584328574617514907928999814116407285945922539568958933677135573518940407811388713104180610701308034929648923677776310878742115747629799074676236029107765560908138236217308169527866694521007066439733154657160170107030865 0 0 0 0 0 0 0 0 0 0 0 0 0 0 0 0 0 0 0 0 0 0 0 0 0 0 0 0 0 0 0 0 0 0 0 0 0 0 0 0 0 0 0 0 0 0 0 0 0 0 0 0 0 0 0 0 0 0 0 0 0 0 0 0 0 0 0 0 0 0 0 0 0 0 0 0 0 1 0 0 0 0 0]
[1042201847949544241224541642895794577539364066312138277955841664953514007656409727585400722161994339363640388469283129773056873389792303260555665462986036176035354403489885079372981190217380144403842437512705431523440137564850991576960662910173237304391 0 0 0 0 0 0 0 0 0 0 0 0 0 0 0 0 0 0 0 0 0 0 0 0 0 0 0 0 0 0 0 0 0 0 0 0 0 0 0 0 0 0 0 0 0 0 0 0 0 0 0 0 0 0 0 0 0 0 0 0 0 0 0 0 0 0 0 0 0 0 0 0 0 0 0 0 0 0 1 0 0 0 0]
[3917072709906742454807376914838191290558086080115480388433466868167835991360671423062318368913735768766664340675711300204382109859678887103611230388111026741062103225028932745550969984852433897492977554551471994002663655258080084775604383830134332997247 0 0 0 0 0 0 0 0 0 0 0 0 0 0 0 0 0 0 0 0 0 0 0 0 0 0 0 0 0 0 0 0 0 0 0 0 0 0 0 0 0 0 0 0 0 0 0 0 0 0 0 0 0 0 0 0 0 0 0 0 0 0 0 0 0 0 0 0 0 0 0 0 0 0 0 0 0 0 0 1 0 0 0]
[5272192727339436502260331051023866207032670042672286113417917642956158372163439816988075427057751369050937726580172123517477821820434468209263833055919388299961920726575053842969402102036365969422904796939041778435482518311778237150671871541912416019606 0 0 0 0 0 0 0 0 0 0 0 0 0 0 0 0 0 0 0 0 0 0 0 0 0 0 0 0 0 0 0 0 0 0 0 0 0 0 0 0 0 0 0 0 0 0 0 0 0 0 0 0 0 0 0 0 0 0 0 0 0 0 0 0 0 0 0 0 0 0 0 0 0 0 0 0 0 0 0 0 1 0 0]
[4256530043304214036091333318699296805966300005663882658942441914572847650749748561328661604091891528784689447678006514064506001498140399983520835513622386446600213821792699741119033767325164457797338774625899047428686849699227048655117812937708879952153 0 0 0 0 0 0 0 0 0 0 0 0 0 0 0 0 0 0 0 0 0 0 0 0 0 0 0 0 0 0 0 0 0 0 0 0 0 0 0 0 0 0 0 0 0 0 0 0 0 0 0 0 0 0 0 0 0 0 0 0 0 0 0 0 0 0 0 0 0 0 0 0 0 0 0 0 0 0 0 0 0 1 0]
[5299455039690149511593826193051721959541891623834528876164292114172218266688727793823698203867752901618581548549205485447231401631552561047961300249945260723576516759297749366356798689336338669388633335775175032943079029671619435451190898133583082632801 0 0 0 0 0 0 0 0 0 0 0 0 0 0 0 0 0 0 0 0 0 0 0 0 0 0 0 0 0 0 0 0 0 0 0 0 0 0 0 0 0 0 0 0 0 0 0 0 0 0 0 0 0 0 0 0 0 0 0 0 0 0 0 0 0 0 0 0 0 0 0 0 0 0 0 0 0 0 0 0 0 0 1]
]
