[[7331236613318479839552911287756912465649456325045126369341230065954699397051919241489999634577893569165330248002453238873281407701227988123437792213901082155912632087060275409355014110660384827753569809783624732354079200876382305591422353353352521056310063151132615798358127150376275260228397652701022372139 0 0 0 0 0 0 0 0 0 0 0 0 0 0 0 0 0 0 0 0 0 0 0 0 0 0 0 0 0 0 0 0 0 0 0 0 0 0 0 0 0 0 0 0 0 0 0 0 0 0 0 0 0 0 0 0 0 0 0 0 0 0 0 0 0 0 0 0 0 0 0 0 0 0 0 0 0 0 0 0 0 0 0 0 0 0 0 0 0 0 0 0 0 0 0 0 0 0 0 0 0]
[3430598836638172372998483564494733193748008976410000062571088913875856953537227473639929473102411363070263452979231637461282188257025351066674222441263708874946409700369290741234043426634250479159272999737759771580786901233994167111384556955993252961740448196760977814162787406972492639423426845116577168904 1 0 0 0 0 0 0 0 0 0 0 0 0 0 0 0 0 0 0 0 0 0 0 0 0 0 0 0 0 0 0 0 0 0 0 0 0 0 0 0 0 0 0 0 0 0 0 0 0 0 0 0 0 0 0 0 0 0 0 0 0 0 0 0 0 0 0 0 0 0 0 0 0 0 0 0 0 0 0 0 0 0 0 0 0 0 0 0 0 0 0 0 0 0 0 0 0 0 0 0 0]
[395618623855498363964021428293386737860951376740309764689974527532928487076828856636578570711947181697305073306124078476322185806025895085869898069433091019412957370877199777179691845940012101609886715952078679455008941993877534402826769048904925289878060311337318674291308542376534012572328115346912575643 0 1 0 0 0 0 0 0 0 0 0 0 0 0 0 0 0 0 0 0 0 0 0 0 0 0 0 0 0 0 0 0 0 0 0 0 0 0 0 0 0 0 0 0 0 0 0 0 0 0 0 0 0 0 0 0 0 0 0 0 0 0 0 0 0 0 0 0 0 0 0 0 0 0 0 0 0 0 0 0 0 0 0 0 0 0 0 0 0 0 0 0 0 0 0 0 0 0 0 0 0]
[6104462842238830932412720144498818765077285078421647418892457468778700465827231769428256016111602508368044544439379670767459114990740151506382834894629898127805339462057805732137712580686881979618195356451309671360247756426663238711850159343715116845215808345488771253773267370309465682866020426863822004454 0 0 1 0 0 0 0 0 0 0 0 0 0 0 0 0 0 0 0 0 0 0 0 0 0 0 0 0 0 0 0 0 0 0 0 0 0 0 0 0 0 0 0 0 0 0 0 0 0 0 0 0 0 0 0 0 0 0 0 0 0 0 0 0 0 0 0 0 0 0 0 0 0 0 0 0 0 0 0 0 0 0 0 0 0 0 0 0 0 0 0 0 0 0 0 0 0 0 0 0 0]
[4408268028731597553684418076942256945565456929186837510319090726675382980122922137876261644276242804000650513751353156714967294731675725658460656099271951368594801206410962346306140064381103640067413710072421317330681830369442397907038721704681179138804272223227378845984805983658256078737501434661281685534 0 0 0 1 0 0 0 0 0 0 0 0 0 0 0 0 0 0 0 0 0 0 0 0 0 0 0 0 0 0 0 0 0 0 0 0 0 0 0 0 0 0 0 0 0 0 0 0 0 0 0 0 0 0 0 0 0 0 0 0 0 0 0 0 0 0 0 0 0 0 0 0 0 0 0 0 0 0 0 0 0 0 0 0 0 0 0 0 0 0 0 0 0 0 0 0 0 0 0 0 0]
[4207907486973485797704985916360688292187723172218066988276832843048079428940685808242572467881977479469479069174970700748035504129262436557875802834800446460904361064045024470991438381318471462330334495298120593097204027805887615949498407269455364224907333864544307979762141682398562597118450067240255227333 0 0 0 0 1 0 0 0 0 0 0 0 0 0 0 0 0 0 0 0 0 0 0 0 0 0 0 0 0 0 0 0 0 0 0 0 0 0 0 0 0 0 0 0 0 0 0 0 0 0 0 0 0 0 0 0 0 0 0 0 0 0 0 0 0 0 0 0 0 0 0 0 0 0 0 0 0 0 0 0 0 0 0 0 0 0 0 0 0 0 0 0 0 0 0 0 0 0 0 0 0]
[4800264213442187435582062293514702754048471906721574800128726949316726870412050752719142812425871213707365095984709156308023838430196108814396098797892975642805298159227044784384656930278433790000896372677153805648688243803619586822016277424560765529968768094192953875150770909344588025209897593137419537150 0 0 0 0 0 1 0 0 0 0 0 0 0 0 0 0 0 0 0 0 0 0 0 0 0 0 0 0 0 0 0 0 0 0 0 0 0 0 0 0 0 0 0 0 0 0 0 0 0 0 0 0 0 0 0 0 0 0 0 0 0 0 0 0 0 0 0 0 0 0 0 0 0 0 0 0 0 0 0 0 0 0 0 0 0 0 0 0 0 0 0 0 0 0 0 0 0 0 0 0 0]
[106857393737278120996595474929657740233649997655276290522301978725620696956118632253809668654798016980183911931515109190205802980994637223571662552907245730847139424895180135851267822005441017606842481106046666443291394871415844718938412211283236827981162756589024297906669129713087896505565739479443102216 0 0 0 0 0 0 1 0 0 0 0 0 0 0 0 0 0 0 0 0 0 0 0 0 0 0 0 0 0 0 0 0 0 0 0 0 0 0 0 0 0 0 0 0 0 0 0 0 0 0 0 0 0 0 0 0 0 0 0 0 0 0 0 0 0 0 0 0 0 0 0 0 0 0 0 0 0 0 0 0 0 0 0 0 0 0 0 0 0 0 0 0 0 0 0 0 0 0 0 0 0]
[570808527687554619964271359767392816829180547484622480941391778880557607692015255886045812071513253513117046080196528465716011126643254062592299251181292337115699925162888858616610723184935829956881966558477377438676573022711310326395268548926966137712350610366046506645998404013278629038541555732800267687 0 0 0 0 0 0 0 1 0 0 0 0 0 0 0 0 0 0 0 0 0 0 0 0 0 0 0 0 0 0 0 0 0 0 0 0 0 0 0 0 0 0 0 0 0 0 0 0 0 0 0 0 0 0 0 0 0 0 0 0 0 0 0 0 0 0 0 0 0 0 0 0 0 0 0 0 0 0 0 0 0 0 0 0 0 0 0 0 0 0 0 0 0 0 0 0 0 0 0 0 0]
[3673768071156770645786301566522789018149768005607657579845964008537856342318064684092801630081896573570462690218539283722119997602122286953937325299930324548046005465769994905636550437518020678905873220793525090335039561784903108437924884676288846905265490480407321184760685982316432168897368449498444965250 0 0 0 0 0 0 0 0 1 0 0 0 0 0 0 0 0 0 0 0 0 0 0 0 0 0 0 0 0 0 0 0 0 0 0 0 0 0 0 0 0 0 0 0 0 0 0 0 0 0 0 0 0 0 0 0 0 0 0 0 0 0 0 0 0 0 0 0 0 0 0 0 0 0 0 0 0 0 0 0 0 0 0 0 0 0 0 0 0 0 0 0 0 0 0 0 0 0 0 0 0]
[6692787759839328457458016387029655784767600756298992905990295536455825363750420002802896366087948598680834076049933156613545155866794803216751261283196608023866229514226933057820914587355830446663803522908122042888761160056262997112179772468284993457589449303766320885028535981231933985363698777725688181177 0 0 0 0 0 0 0 0 0 1 0 0 0 0 0 0 0 0 0 0 0 0 0 0 0 0 0 0 0 0 0 0 0 0 0 0 0 0 0 0 0 0 0 0 0 0 0 0 0 0 0 0 0 0 0 0 0 0 0 0 0 0 0 0 0 0 0 0 0 0 0 0 0 0 0 0 0 0 0 0 0 0 0 0 0 0 0 0 0 0 0 0 0 0 0 0 0 0 0 0 0]
[788600086593400642502705524746114141841372523618982453424707674471357921862116351863299262390086430870698464589953872064606349448812525483723309663214552128957074333325307635837758759465473682550438126397488083441705757540398923745028543449810766491410819853928849705343149877545179443708562437644394139328 0 0 0 0 0 0 0 0 0 0 1 0 0 0 0 0 0 0 0 0 0 0 0 0 0 0 0 0 0 0 0 0 0 0 0 0 0 0 0 0 0 0 0 0 0 0 0 0 0 0 0 0 0 0 0 0 0 0 0 0 0 0 0 0 0 0 0 0 0 0 0 0 0 0 0 0 0 0 0 0 0 0 0 0 0 0 0 0 0 0 0 0 0 0 0 0 0 0 0 0 0]
[4560080167389014586238429709622520447303305932774592515094384457752485362878527854994927522625160804545016139316505143699773334827616407355952423990657603005021242498978040463109434509519985436731152037576047941080653026439323335785282698771776337805078562983758668876561277641620421453408719158690558487281 0 0 0 0 0 0 0 0 0 0 0 1 0 0 0 0 0 0 0 0 0 0 0 0 0 0 0 0 0 0 0 0 0 0 0 0 0 0 0 0 0 0 0 0 0 0 0 0 0 0 0 0 0 0 0 0 0 0 0 0 0 0 0 0 0 0 0 0 0 0 0 0 0 0 0 0 0 0 0 0 0 0 0 0 0 0 0 0 0 0 0 0 0 0 0 0 0 0 0 0 0]
[936899460653223244763992119348251994512987942505610837707642052926181085958878634121964059074158814895592776176234248642175522489394778121281274088040713810790905396764582092909633098939773605414324130149081738991966338155017754557171612231312445404906405577711739919357537649337835396545435899213521777134 0 0 0 0 0 0 0 0 0 0 0 0 1 0 0 0 0 0 0 0 0 0 0 0 0 0 0 0 0 0 0 0 0 0 0 0 0 0 0 0 0 0 0 0 0 0 0 0 0 0 0 0 0 0 0 0 0 0 0 0 0 0 0 0 0 0 0 0 0 0 0 0 0 0 0 0 0 0 0 0 0 0 0 0 0 0 0 0 0 0 0 0 0 0 0 0 0 0 0 0 0]
[4010240742196982205067745173817983996820624531868627719155435556483774275345266289187921219243058118968663051713097952755285459046553697359224089495121384039594293640334036861771210159483175333469514167335315271712173254885438105675512213579027863302296523008286994727694382997332227396501155525337939858127 0 0 0 0 0 0 0 0 0 0 0 0 0 1 0 0 0 0 0 0 0 0 0 0 0 0 0 0 0 0 0 0 0 0 0 0 0 0 0 0 0 0 0 0 0 0 0 0 0 0 0 0 0 0 0 0 0 0 0 0 0 0 0 0 0 0 0 0 0 0 0 0 0 0 0 0 0 0 0 0 0 0 0 0 0 0 0 0 0 0 0 0 0 0 0 0 0 0 0 0 0]
[6970031794056010727656792784096674794194658334035111279456440128054593189681268005811880081684493846710344324800014331578114634995410219107565958443625352094173578440360883742561983596836917205551385082643665206360541565198784262408637939518139061354312138498855261620486652609442688105044198779731036472665 0 0 0 0 0 0 0 0 0 0 0 0 0 0 1 0 0 0 0 0 0 0 0 0 0 0 0 0 0 0 0 0 0 0 0 0 0 0 0 0 0 0 0 0 0 0 0 0 0 0 0 0 0 0 0 0 0 0 0 0 0 0 0 0 0 0 0 0 0 0 0 0 0 0 0 0 0 0 0 0 0 0 0 0 0 0 0 0 0 0 0 0 0 0 0 0 0 0 0 0 0]
[6856022460343298149913466189459377260316835298655820115461174120622019506925221421945632949974346032702784690407699818113273215297042973363231409710484044139997052082008386993531505928012406062745115317918873177127228823976816768631583327561049021765975645573932797098667420655531404184342516722119865179220 0 0 0 0 0 0 0 0 0 0 0 0 0 0 0 1 0 0 0 0 0 0 0 0 0 0 0 0 0 0 0 0 0 0 0 0 0 0 0 0 0 0 0 0 0 0 0 0 0 0 0 0 0 0 0 0 0 0 0 0 0 0 0 0 0 0 0 0 0 0 0 0 0 0 0 0 0 0 0 0 0 0 0 0 0 0 0 0 0 0 0 0 0 0 0 0 0 0 0 0 0]
[707531607716288321402510233449561518933270934564081120981273908383116427218171060014566344103109790864722657851941717640550574127059915912112767039055112264421312074056912786144090319352346152064982721369183225581267133094997992189811486650662854737609030074107011522540957708706624719521738613919650365177 0 0 0 0 0 0 0 0 0 0 0 0 0 0 0 0 1 0 0 0 0 0 0 0 0 0 0 0 0 0 0 0 0 0 0 0 0 0 0 0 0 0 0 0 0 0 0 0 0 0 0 0 0 0 0 0 0 0 0 0 0 0 0 0 0 0 0 0 0 0 0 0 0 0 0 0 0 0 0 0 0 0 0 0 0 0 0 0 0 0 0 0 0 0 0 0 0 0 0 0 0]
[882899691405786549473330499293645053560200137698510602913831032240479071392182370020294450261599750473771422958817055185414476624420326575661735896857543203000763213626040985171418806411617604537440202670668001094702446945739751587209734434067421023148864041981588632001054648384302089747712679114204896681 0 0 0 0 0 0 0 0 0 0 0 0 0 0 0 0 0 1 0 0 0 0 0 0 0 0 0 0 0 0 0 0 0 0 0 0 0 0 0 0 0 0 0 0 0 0 0 0 0 0 0 0 0 0 0 0 0 0 0 0 0 0 0 0 0 0 0 0 0 0 0 0 0 0 0 0 0 0 0 0 0 0 0 0 0 0 0 0 0 0 0 0 0 0 0 0 0 0 0 0 0]
[3707356631528888611784520407092770093232022816011987830923490179595044376534729349008389611385695284243492501652578023206126746113287831583477433558008785177984550727944633056033315792122198623693223744387340875109918460904485540837189849906471086059522163138322513200363564028365719672332125107726390848502 0 0 0 0 0 0 0 0 0 0 0 0 0 0 0 0 0 0 1 0 0 0 0 0 0 0 0 0 0 0 0 0 0 0 0 0 0 0 0 0 0 0 0 0 0 0 0 0 0 0 0 0 0 0 0 0 0 0 0 0 0 0 0 0 0 0 0 0 0 0 0 0 0 0 0 0 0 0 0 0 0 0 0 0 0 0 0 0 0 0 0 0 0 0 0 0 0 0 0 0 0]
[3947741580337980724611485959015624027699429698954729963599338074482121334491310105679521647073289410616203439804065777046707770374088046607343405896864711933713413589856760728987094235613474129070480167958853194074810527662397368045068210038459816089474267267802012548396615033835466122043989737564591993384 0 0 0 0 0 0 0 0 0 0 0 0 0 0 0 0 0 0 0 1 0 0 0 0 0 0 0 0 0 0 0 0 0 0 0 0 0 0 0 0 0 0 0 0 0 0 0 0 0 0 0 0 0 0 0 0 0 0 0 0 0 0 0 0 0 0 0 0 0 0 0 0 0 0 0 0 0 0 0 0 0 0 0 0 0 0 0 0 0 0 0 0 0 0 0 0 0 0 0 0 0]
[1168624959381129361896517978670219141127850254226761597028964857845083132253816078397049952541965090894611245075905930188972509671573864384156004075350906936763458846161837962727139016640017153625207779530199151510091062241524911231061449520041616327116499609341634842212971915845890003996977546831298374400 0 0 0 0 0 0 0 0 0 0 0 0 0 0 0 0 0 0 0 0 1 0 0 0 0 0 0 0 0 0 0 0 0 0 0 0 0 0 0 0 0 0 0 0 0 0 0 0 0 0 0 0 0 0 0 0 0 0 0 0 0 0 0 0 0 0 0 0 0 0 0 0 0 0 0 0 0 0 0 0 0 0 0 0 0 0 0 0 0 0 0 0 0 0 0 0 0 0 0 0 0]
[3749546538697556633555630148639392104594310152356816041629033920742389027337042071799198445051940032328715432283264103315949788613119694429533903477594813986158290819069761847487588973147547468766341495024933378071201978027149870358057185141968177449811088899585119314570370497921224749480840424908307619070 0 0 0 0 0 0 0 0 0 0 0 0 0 0 0 0 0 0 0 0 0 1 0 0 0 0 0 0 0 0 0 0 0 0 0 0 0 0 0 0 0 0 0 0 0 0 0 0 0 0 0 0 0 0 0 0 0 0 0 0 0 0 0 0 0 0 0 0 0 0 0 0 0 0 0 0 0 0 0 0 0 0 0 0 0 0 0 0 0 0 0 0 0 0 0 0 0 0 0 0 0]
[4822129345227056523811171584050826522465169692320340198811511305189831105249112298994612670937491832167841053461429285952691639287260300731781224757988997007459472795244685335236935561657992228228575114767075645902136632444427965201673658894824822134572879660744727779046217907513816149261318958426864706086 0 0 0 0 0 0 0 0 0 0 0 0 0 0 0 0 0 0 0 0 0 0 1 0 0 0 0 0 0 0 0 0 0 0 0 0 0 0 0 0 0 0 0 0 0 0 0 0 0 0 0 0 0 0 0 0 0 0 0 0 0 0 0 0 0 0 0 0 0 0 0 0 0 0 0 0 0 0 0 0 0 0 0 0 0 0 0 0 0 0 0 0 0 0 0 0 0 0 0 0 0]
[2247734500484306572986308237699488296498901693223684845498104139657375018043778773276408808856148497014668936862294122750562746471763623286054156194198444813603337177633251778531837576910469671674359034935186777606162904432493267148898170439088937398142777023282422174137304208994417038505376751429425449747 0 0 0 0 0 0 0 0 0 0 0 0 0 0 0 0 0 0 0 0 0 0 0 1 0 0 0 0 0 0 0 0 0 0 0 0 0 0 0 0 0 0 0 0 0 0 0 0 0 0 0 0 0 0 0 0 0 0 0 0 0 0 0 0 0 0 0 0 0 0 0 0 0 0 0 0 0 0 0 0 0 0 0 0 0 0 0 0 0 0 0 0 0 0 0 0 0 0 0 0 0]
[1434886165530106766177256676292414714662928499653195167064402700026073210517530720845476639394930671110847780642026936543722159935488245522344252320125928710610465900392540551540636335306020644771165899844223006534123106621386616108336128739369822485235704729407031250087935895175015445027187483727940055997 0 0 0 0 0 0 0 0 0 0 0 0 0 0 0 0 0 0 0 0 0 0 0 0 1 0 0 0 0 0 0 0 0 0 0 0 0 0 0 0 0 0 0 0 0 0 0 0 0 0 0 0 0 0 0 0 0 0 0 0 0 0 0 0 0 0 0 0 0 0 0 0 0 0 0 0 0 0 0 0 0 0 0 0 0 0 0 0 0 0 0 0 0 0 0 0 0 0 0 0 0]
[6299335180738758174551316614041844291695405832439725100527403065573798220535606019889496184021848016009687135152802356139844932641789165979260612872542114079569487198971012866986230582009630774626584197904725912666761302516817810106262143074929048828602998600738185919621816767050522890442450184767770793028 0 0 0 0 0 0 0 0 0 0 0 0 0 0 0 0 0 0 0 0 0 0 0 0 0 1 0 0 0 0 0 0 0 0 0 0 0 0 0 0 0 0 0 0 0 0 0 0 0 0 0 0 0 0 0 0 0 0 0 0 0 0 0 0 0 0 0 0 0 0 0 0 0 0 0 0 0 0 0 0 0 0 0 0 0 0 0 0 0 0 0 0 0 0 0 0 0 0 0 0 0]
[7121393071174752113373244294971923274736597776904893814323175748190006688093619917104302365980944863927997593261338765456550963745787452849397178032757030586800416931992308071142573079591142720850247386174177125268063488377020153040229518317281666059461220674461074188487556802472188313856605128798022776662 0 0 0 0 0 0 0 0 0 0 0 0 0 0 0 0 0 0 0 0 0 0 0 0 0 0 1 0 0 0 0 0 0 0 0 0 0 0 0 0 0 0 0 0 0 0 0 0 0 0 0 0 0 0 0 0 0 0 0 0 0 0 0 0 0 0 0 0 0 0 0 0 0 0 0 0 0 0 0 0 0 0 0 0 0 0 0 0 0 0 0 0 0 0 0 0 0 0 0 0 0]
[278219734299424013007913250345793211319949440669863748079161301229074891836479740202103228089095719523510270867460203661159706520266610942804710864096477519386039765870566529965490493401232910973028843090592065952523742154073756404138981649736523284133868964389075530925612632283291476082207202832515611482 0 0 0 0 0 0 0 0 0 0 0 0 0 0 0 0 0 0 0 0 0 0 0 0 0 0 0 1 0 0 0 0 0 0 0 0 0 0 0 0 0 0 0 0 0 0 0 0 0 0 0 0 0 0 0 0 0 0 0 0 0 0 0 0 0 0 0 0 0 0 0 0 0 0 0 0 0 0 0 0 0 0 0 0 0 0 0 0 0 0 0 0 0 0 0 0 0 0 0 0 0]
[4549027890012102377878249277260607020272684078629208265175158010645314954233646788760073836745598006472741569059899031907972107594496104746036416253073922732729441055726689503398291885849028869709133155439579236880466853283199765134579412134070181418850530248334028028673944209057242693213783639250063934685 0 0 0 0 0 0 0 0 0 0 0 0 0 0 0 0 0 0 0 0 0 0 0 0 0 0 0 0 1 0 0 0 0 0 0 0 0 0 0 0 0 0 0 0 0 0 0 0 0 0 0 0 0 0 0 0 0 0 0 0 0 0 0 0 0 0 0 0 0 0 0 0 0 0 0 0 0 0 0 0 0 0 0 0 0 0 0 0 0 0 0 0 0 0 0 0 0 0 0 0 0]
[6323074195841932053230053210727800788645860753391310389252942236100505153569564793460298087679091613138486654848858128154959556325314929768533901924065268197504968675824552117217061941203795861690055306472217498151866399008792072694075763448272605045250449589674665759834119161501444646070018038566187082371 0 0 0 0 0 0 0 0 0 0 0 0 0 0 0 0 0 0 0 0 0 0 0 0 0 0 0 0 0 1 0 0 0 0 0 0 0 0 0 0 0 0 0 0 0 0 0 0 0 0 0 0 0 0 0 0 0 0 0 0 0 0 0 0 0 0 0 0 0 0 0 0 0 0 0 0 0 0 0 0 0 0 0 0 0 0 0 0 0 0 0 0 0 0 0 0 0 0 0 0 0]
[1328895984740278648365291216660613019220086406529544260012487291210475517631465400852658059293123740318703528909747200872922565206158247367954494771816335840816186511953072615743588331647521829219731925669416668705522633491245033333217306312911528917386411014361456056026651647377668801421966933713258670374 0 0 0 0 0 0 0 0 0 0 0 0 0 0 0 0 0 0 0 0 0 0 0 0 0 0 0 0 0 0 1 0 0 0 0 0 0 0 0 0 0 0 0 0 0 0 0 0 0 0 0 0 0 0 0 0 0 0 0 0 0 0 0 0 0 0 0 0 0 0 0 0 0 0 0 0 0 0 0 0 0 0 0 0 0 0 0 0 0 0 0 0 0 0 0 0 0 0 0 0 0]
[2784631650375672161936853907264753871968093687380670769950481075020775753140226539179738972581405161110266227783442981154869581699876209601755056943056690354756178549939261100344777093554943504913185201624077216046682472924953966633887062692202338060176726836408536877971349776268057579465517063255998248026 0 0 0 0 0 0 0 0 0 0 0 0 0 0 0 0 0 0 0 0 0 0 0 0 0 0 0 0 0 0 0 1 0 0 0 0 0 0 0 0 0 0 0 0 0 0 0 0 0 0 0 0 0 0 0 0 0 0 0 0 0 0 0 0 0 0 0 0 0 0 0 0 0 0 0 0 0 0 0 0 0 0 0 0 0 0 0 0 0 0 0 0 0 0 0 0 0 0 0 0 0]
[4414792462420289443420031631593946756074949392293836637061187704574771162918701927111532313838527075207153465196338189994687403707119925109348936734396935420222177817753710345705728267462035391313769593134796681807700669490616995217781776317902798595104302251862646082378377861988942587805649455990341373009 0 0 0 0 0 0 0 0 0 0 0 0 0 0 0 0 0 0 0 0 0 0 0 0 0 0 0 0 0 0 0 0 1 0 0 0 0 0 0 0 0 0 0 0 0 0 0 0 0 0 0 0 0 0 0 0 0 0 0 0 0 0 0 0 0 0 0 0 0 0 0 0 0 0 0 0 0 0 0 0 0 0 0 0 0 0 0 0 0 0 0 0 0 0 0 0 0 0 0 0 0]
[448369957720276564727785413269366440120701773458724691535248984365887439205785960122343578203802179051888663514631056717110527253772667451096052468829495932712895683489598834155907546471352854082588138149780536657016986067479933850224297144703332859280476066236513597542794552492174711416449215174895205006 0 0 0 0 0 0 0 0 0 0 0 0 0 0 0 0 0 0 0 0 0 0 0 0 0 0 0 0 0 0 0 0 0 1 0 0 0 0 0 0 0 0 0 0 0 0 0 0 0 0 0 0 0 0 0 0 0 0 0 0 0 0 0 0 0 0 0 0 0 0 0 0 0 0 0 0 0 0 0 0 0 0 0 0 0 0 0 0 0 0 0 0 0 0 0 0 0 0 0 0 0]
[4979431919239907319455535990930207108797159337553342564043501913497302888090313963949963001313454672385914811634086069169101645677238700274691889941366409502245662076101701166840549187857344317839886772224881345058765177100954887695211547002604782181436445208541025184393085347967825615821848550598334468205 0 0 0 0 0 0 0 0 0 0 0 0 0 0 0 0 0 0 0 0 0 0 0 0 0 0 0 0 0 0 0 0 0 0 1 0 0 0 0 0 0 0 0 0 0 0 0 0 0 0 0 0 0 0 0 0 0 0 0 0 0 0 0 0 0 0 0 0 0 0 0 0 0 0 0 0 0 0 0 0 0 0 0 0 0 0 0 0 0 0 0 0 0 0 0 0 0 0 0 0 0]
[6598809344947270483227310668315267375359549721034026577146825202746024025780905932235435430903166843486073002366351953268711920483273353306911698607536915743637752232848963033171235675900001508920622797857122571907849404768574417535419305597948943449405983926740132656037433024627592345631102871132668474789 0 0 0 0 0 0 0 0 0 0 0 0 0 0 0 0 0 0 0 0 0 0 0 0 0 0 0 0 0 0 0 0 0 0 0 1 0 0 0 0 0 0 0 0 0 0 0 0 0 0 0 0 0 0 0 0 0 0 0 0 0 0 0 0 0 0 0 0 0 0 0 0 0 0 0 0 0 0 0 0 0 0 0 0 0 0 0 0 0 0 0 0 0 0 0 0 0 0 0 0 0]
[4343527029012789675795681616899284578578984341673551405078664932851300854425832386599275496616024162562806697466903733623093543438677920266464083412285345673183722724308374355510892759402228867408612419466695284593938742796691255453588930037241246003123480234881820615241385635473147660224297803721313739818 0 0 0 0 0 0 0 0 0 0 0 0 0 0 0 0 0 0 0 0 0 0 0 0 0 0 0 0 0 0 0 0 0 0 0 0 1 0 0 0 0 0 0 0 0 0 0 0 0 0 0 0 0 0 0 0 0 0 0 0 0 0 0 0 0 0 0 0 0 0 0 0 0 0 0 0 0 0 0 0 0 0 0 0 0 0 0 0 0 0 0 0 0 0 0 0 0 0 0 0 0]
[3162152988994462015204695946661131689871831884206831568819737033866917049314215378995565393389622759622488112558914675398748255019991291490622319892174335302881075405059805440373515723972604925742112073546750126259835656478446876155575838048900784624480427250196304274237493146469996772168715411546119206686 0 0 0 0 0 0 0 0 0 0 0 0 0 0 0 0 0 0 0 0 0 0 0 0 0 0 0 0 0 0 0 0 0 0 0 0 0 1 0 0 0 0 0 0 0 0 0 0 0 0 0 0 0 0 0 0 0 0 0 0 0 0 0 0 0 0 0 0 0 0 0 0 0 0 0 0 0 0 0 0 0 0 0 0 0 0 0 0 0 0 0 0 0 0 0 0 0 0 0 0 0]
[638547932426177396481129348538072954884129690631258275015503417113636596579177920136806259881515401653883966722416243362339852748180684092826786712255822275411919243214966201563985751602115361293997445939934548898084801308667695466340891449793400973361590509785105422529252639782901041332159244018484615176 0 0 0 0 0 0 0 0 0 0 0 0 0 0 0 0 0 0 0 0 0 0 0 0 0 0 0 0 0 0 0 0 0 0 0 0 0 0 1 0 0 0 0 0 0 0 0 0 0 0 0 0 0 0 0 0 0 0 0 0 0 0 0 0 0 0 0 0 0 0 0 0 0 0 0 0 0 0 0 0 0 0 0 0 0 0 0 0 0 0 0 0 0 0 0 0 0 0 0 0 0]
[2040933129473265473440629254925958776307151524711443097715312180687902042885934658044769379249068865632372773997151910545091874541821097009833920289327700894905228802261460395249535495360826787293297832205715806820192364131863740209784248430526894613383183311744406117359483729521305830279192521461896792970 0 0 0 0 0 0 0 0 0 0 0 0 0 0 0 0 0 0 0 0 0 0 0 0 0 0 0 0 0 0 0 0 0 0 0 0 0 0 0 1 0 0 0 0 0 0 0 0 0 0 0 0 0 0 0 0 0 0 0 0 0 0 0 0 0 0 0 0 0 0 0 0 0 0 0 0 0 0 0 0 0 0 0 0 0 0 0 0 0 0 0 0 0 0 0 0 0 0 0 0 0]
[5223754657392815139492025923757198502156971492138862913501909406975771199470642440511985206639393924069228506030136609921536998497934097922797032396527207939982008359397390539303346963842050129112367312658220851303470639938463264881389051290263557893413242242136270658150298058006813198041080135855326992844 0 0 0 0 0 0 0 0 0 0 0 0 0 0 0 0 0 0 0 0 0 0 0 0 0 0 0 0 0 0 0 0 0 0 0 0 0 0 0 0 1 0 0 0 0 0 0 0 0 0 0 0 0 0 0 0 0 0 0 0 0 0 0 0 0 0 0 0 0 0 0 0 0 0 0 0 0 0 0 0 0 0 0 0 0 0 0 0 0 0 0 0 0 0 0 0 0 0 0 0 0]
[1024279747795776433441411140888807299875843556158946843099791242858708580721932394089565706893930143493488201349151572931381223155398701839868377429480178219488942323128793560611731411179274409299903474213944765517553402570614464625048559865867904053501529279114157271524808243784870552941715987385382805993 0 0 0 0 0 0 0 0 0 0 0 0 0 0 0 0 0 0 0 0 0 0 0 0 0 0 0 0 0 0 0 0 0 0 0 0 0 0 0 0 0 1 0 0 0 0 0 0 0 0 0 0 0 0 0 0 0 0 0 0 0 0 0 0 0 0 0 0 0 0 0 0 0 0 0 0 0 0 0 0 0 0 0 0 0 0 0 0 0 0 0 0 0 0 0 0 0 0 0 0 0]
[1027920316220926313030312185763931727268433653685922199978705070052074441322043158952161553103075885731847102312879828849083144307193568626665157410237918801345066506877752158813341784147827827865054924923515741185496566630429078486625330458975547987962614036043203837459036160391185214033892832474792324276 0 0 0 0 0 0 0 0 0 0 0 0 0 0 0 0 0 0 0 0 0 0 0 0 0 0 0 0 0 0 0 0 0 0 0 0 0 0 0 0 0 0 1 0 0 0 0 0 0 0 0 0 0 0 0 0 0 0 0 0 0 0 0 0 0 0 0 0 0 0 0 0 0 0 0 0 0 0 0 0 0 0 0 0 0 0 0 0 0 0 0 0 0 0 0 0 0 0 0 0 0]
[1766311823617042026596479300291320704524026415162303436742812535750468146514401489626637311666890913692963223430272541001218013675210475568966190141523775275861732696675529874917678037432147189478727994598512814027010259907537951931910740718128459813582115258965533363962017098310777163712950649822391823069 0 0 0 0 0 0 0 0 0 0 0 0 0 0 0 0 0 0 0 0 0 0 0 0 0 0 0 0 0 0 0 0 0 0 0 0 0 0 0 0 0 0 0 1 0 0 0 0 0 0 0 0 0 0 0 0 0 0 0 0 0 0 0 0 0 0 0 0 0 0 0 0 0 0 0 0 0 0 0 0 0 0 0 0 0 0 0 0 0 0 0 0 0 0 0 0 0 0 0 0 0]
[2118211899259172431962520878929805458668122702354127637739578532557152329060722571938722253645392007050434699320869418440069060133309447863767648165282659216679957238902139975119173605536986475799592000026990278767111796849118859275710400337417197804071601418776565652516809339303180221642290949563534037761 0 0 0 0 0 0 0 0 0 0 0 0 0 0 0 0 0 0 0 0 0 0 0 0 0 0 0 0 0 0 0 0 0 0 0 0 0 0 0 0 0 0 0 0 1 0 0 0 0 0 0 0 0 0 0 0 0 0 0 0 0 0 0 0 0 0 0 0 0 0 0 0 0 0 0 0 0 0 0 0 0 0 0 0 0 0 0 0 0 0 0 0 0 0 0 0 0 0 0 0 0]
[3539160954616444740266646539004352797836194253969618997648236731795011785626018112393673426969466379934250969982416435269888370485519710391106440674299786546859273209421099144231873483577148962644009867440956924062857267941323985010918597035195818114284188736098085551817535852731437600962387738389079344192 0 0 0 0 0 0 0 0 0 0 0 0 0 0 0 0 0 0 0 0 0 0 0 0 0 0 0 0 0 0 0 0 0 0 0 0 0 0 0 0 0 0 0 0 0 1 0 0 0 0 0 0 0 0 0 0 0 0 0 0 0 0 0 0 0 0 0 0 0 0 0 0 0 0 0 0 0 0 0 0 0 0 0 0 0 0 0 0 0 0 0 0 0 0 0 0 0 0 0 0 0]
[1852336087074896260114991162319553661376077771518057646637148159183887594504031866368203158188968243878732678905409490999499576007877046143206527719181409990273241222645990701979960417288098741516188618791356575157743457301268191293814889147330438586614894032753981368115266513627726364961740814536670082848 0 0 0 0 0 0 0 0 0 0 0 0 0 0 0 0 0 0 0 0 0 0 0 0 0 0 0 0 0 0 0 0 0 0 0 0 0 0 0 0 0 0 0 0 0 0 1 0 0 0 0 0 0 0 0 0 0 0 0 0 0 0 0 0 0 0 0 0 0 0 0 0 0 0 0 0 0 0 0 0 0 0 0 0 0 0 0 0 0 0 0 0 0 0 0 0 0 0 0 0 0]
[6265440774548040442108628444778793035629412472359240486764161006073161771924113447152379007983953818770186623668429954820532960092999289551336361722562053515943646695247926634860411521202108630911855437172825664418058903705116052853480256352652629735314424454298019243186107385786386565973975537938874837026 0 0 0 0 0 0 0 0 0 0 0 0 0 0 0 0 0 0 0 0 0 0 0 0 0 0 0 0 0 0 0 0 0 0 0 0 0 0 0 0 0 0 0 0 0 0 0 1 0 0 0 0 0 0 0 0 0 0 0 0 0 0 0 0 0 0 0 0 0 0 0 0 0 0 0 0 0 0 0 0 0 0 0 0 0 0 0 0 0 0 0 0 0 0 0 0 0 0 0 0 0]
[5397681930484784401878535349380527061970199026767470998729209880423130735074022487974251194532907101617488473512845683370494282835383642160614997314134720928107330587283178308158945982043274093851456419416932133048574741326032252751868457944436175908756333815315350969115868959807969489227523831338790676564 0 0 0 0 0 0 0 0 0 0 0 0 0 0 0 0 0 0 0 0 0 0 0 0 0 0 0 0 0 0 0 0 0 0 0 0 0 0 0 0 0 0 0 0 0 0 0 0 1 0 0 0 0 0 0 0 0 0 0 0 0 0 0 0 0 0 0 0 0 0 0 0 0 0 0 0 0 0 0 0 0 0 0 0 0 0 0 0 0 0 0 0 0 0 0 0 0 0 0 0 0]
[4603165798958810204877363967104337991466230972074879428680757945189403967976675215890730953252182462991749351974822691470992598826250243341049514971695354565007204938146230428001361695989329050261625204947971362560966657235702351354185314712821073986535959146896697576078873831942382133059470406923289512659 0 0 0 0 0 0 0 0 0 0 0 0 0 0 0 0 0 0 0 0 0 0 0 0 0 0 0 0 0 0 0 0 0 0 0 0 0 0 0 0 0 0 0 0 0 0 0 0 0 1 0 0 0 0 0 0 0 0 0 0 0 0 0 0 0 0 0 0 0 0 0 0 0 0 0 0 0 0 0 0 0 0 0 0 0 0 0 0 0 0 0 0 0 0 0 0 0 0 0 0 0]
[2648000632695045005631236247739057360656678809956137588952851264561558689230675148872165105452215681484799193862243494755916875611030069875905408708029830001873432498545679587712966906078437510076952018136930964681382213588985531000751177375113359214822026385917863560918248900675929042367179080579212964526 0 0 0 0 0 0 0 0 0 0 0 0 0 0 0 0 0 0 0 0 0 0 0 0 0 0 0 0 0 0 0 0 0 0 0 0 0 0 0 0 0 0 0 0 0 0 0 0 0 0 1 0 0 0 0 0 0 0 0 0 0 0 0 0 0 0 0 0 0 0 0 0 0 0 0 0 0 0 0 0 0 0 0 0 0 0 0 0 0 0 0 0 0 0 0 0 0 0 0 0 0]
[2213077348017073968620705539201135166843328793590003059171660866609193685709739825977727766368074217331449103167396660432167058378438392909311983656248643800976009379305157519033182922964485418399440085985890119881121036377163913380570001863028382076199328182316780495246713638201457782583200441184491202935 0 0 0 0 0 0 0 0 0 0 0 0 0 0 0 0 0 0 0 0 0 0 0 0 0 0 0 0 0 0 0 0 0 0 0 0 0 0 0 0 0 0 0 0 0 0 0 0 0 0 0 1 0 0 0 0 0 0 0 0 0 0 0 0 0 0 0 0 0 0 0 0 0 0 0 0 0 0 0 0 0 0 0 0 0 0 0 0 0 0 0 0 0 0 0 0 0 0 0 0 0]
[4229301836264056024661609822696125010087006844489038848207317259367000205896595374941247032501980799973039757873358504241246899129782035645854785980849207110231612281743958676940912864565188961921812361049287050164222078957144051834360137804389532435717319725580874510005070658388942075513994448774553554900 0 0 0 0 0 0 0 0 0 0 0 0 0 0 0 0 0 0 0 0 0 0 0 0 0 0 0 0 0 0 0 0 0 0 0 0 0 0 0 0 0 0 0 0 0 0 0 0 0 0 0 0 1 0 0 0 0 0 0 0 0 0 0 0 0 0 0 0 0 0 0 0 0 0 0 0 0 0 0 0 0 0 0 0 0 0 0 0 0 0 0 0 0 0 0 0 0 0 0 0 0]
[2064380506442335126683431286839080954675391778124501223041368002489107424712695140456034512814558220064681302291427580935656611497444331244559717427249737191136764609957486916282708122863730532458537078331128882827038706752673128965352322846113318886712275216247833198863215116832919498378355028651068522922 0 0 0 0 0 0 0 0 0 0 0 0 0 0 0 0 0 0 0 0 0 0 0 0 0 0 0 0 0 0 0 0 0 0 0 0 0 0 0 0 0 0 0 0 0 0 0 0 0 0 0 0 0 1 0 0 0 0 0 0 0 0 0 0 0 0 0 0 0 0 0 0 0 0 0 0 0 0 0 0 0 0 0 0 0 0 0 0 0 0 0 0 0 0 0 0 0 0 0 0 0]
[4350416572044676229171164526941753110451579753531308157202704670610920291955767972878839859289827220157139639409007354460221706851436156071897622301009781236302567752190119778102765447061019734509286175257216295768852578285145692251038205339606331525469205209463039099059586770478093447979756091652271593786 0 0 0 0 0 0 0 0 0 0 0 0 0 0 0 0 0 0 0 0 0 0 0 0 0 0 0 0 0 0 0 0 0 0 0 0 0 0 0 0 0 0 0 0 0 0 0 0 0 0 0 0 0 0 1 0 0 0 0 0 0 0 0 0 0 0 0 0 0 0 0 0 0 0 0 0 0 0 0 0 0 0 0 0 0 0 0 0 0 0 0 0 0 0 0 0 0 0 0 0 0]
[2841437366352796996002190301655499139997865701589013201021161318608593038344103007398697899706532034984108424946907069947370640767166617177845433732362385184229467212998677703976337442923027107221968610402906401340830072066546400222211031258862298672286498673808716600387065073373675198716215423880726628341 0 0 0 0 0 0 0 0 0 0 0 0 0 0 0 0 0 0 0 0 0 0 0 0 0 0 0 0 0 0 0 0 0 0 0 0 0 0 0 0 0 0 0 0 0 0 0 0 0 0 0 0 0 0 0 1 0 0 0 0 0 0 0 0 0 0 0 0 0 0 0 0 0 0 0 0 0 0 0 0 0 0 0 0 0 0 0 0 0 0 0 0 0 0 0 0 0 0 0 0 0]
[5308931355021889606810418568897113951463885200762460123794270353939610935480356581239895561973093326089510606574005228568928329259975646785057120825815758304363033859696038865076382847186254363629264113277600780589618610220961674270163333986255259004653001517891346050413945885843707465299834678286364214650 0 0 0 0 0 0 0 0 0 0 0 0 0 0 0 0 0 0 0 0 0 0 0 0 0 0 0 0 0 0 0 0 0 0 0 0 0 0 0 0 0 0 0 0 0 0 0 0 0 0 0 0 0 0 0 0 1 0 0 0 0 0 0 0 0 0 0 0 0 0 0 0 0 0 0 0 0 0 0 0 0 0 0 0 0 0 0 0 0 0 0 0 0 0 0 0 0 0 0 0 0]
[917414742114182950955443278192219858213036263854705975502876065105607574268583638031860964441867076559058322063407422897726802959040164899113193002632069562235479000495351968111564067271339392305202990372084044852664671854534991323821057131906746204002642899639355489129001547415575066861779976434412875822 0 0 0 0 0 0 0 0 0 0 0 0 0 0 0 0 0 0 0 0 0 0 0 0 0 0 0 0 0 0 0 0 0 0 0 0 0 0 0 0 0 0 0 0 0 0 0 0 0 0 0 0 0 0 0 0 0 1 0 0 0 0 0 0 0 0 0 0 0 0 0 0 0 0 0 0 0 0 0 0 0 0 0 0 0 0 0 0 0 0 0 0 0 0 0 0 0 0 0 0 0]
[5168698874016350103871593062128283102137601791281689768669164518691796806267046668022353161674135271723282748031659585281336196559561199994062153340103534164099460475000625654591670903071778095339970606196959671220497585648799371168327206866421929332422431982750897533591226800276617399769879090119202102783 0 0 0 0 0 0 0 0 0 0 0 0 0 0 0 0 0 0 0 0 0 0 0 0 0 0 0 0 0 0 0 0 0 0 0 0 0 0 0 0 0 0 0 0 0 0 0 0 0 0 0 0 0 0 0 0 0 0 1 0 0 0 0 0 0 0 0 0 0 0 0 0 0 0 0 0 0 0 0 0 0 0 0 0 0 0 0 0 0 0 0 0 0 0 0 0 0 0 0 0 0]
[800100706712329165886150130744206701594808199945638302710174226721948101535867674397387095440471938160252964440491382210590670366684091360443992967384115140981047358885446507207332126425050285690983241756378114779109261614884718374986516235307594056708718663282948096533941678361938397403118074249168952712 0 0 0 0 0 0 0 0 0 0 0 0 0 0 0 0 0 0 0 0 0 0 0 0 0 0 0 0 0 0 0 0 0 0 0 0 0 0 0 0 0 0 0 0 0 0 0 0 0 0 0 0 0 0 0 0 0 0 0 1 0 0 0 0 0 0 0 0 0 0 0 0 0 0 0 0 0 0 0 0 0 0 0 0 0 0 0 0 0 0 0 0 0 0 0 0 0 0 0 0 0]
[2009436441227156134879897158651858292484616095468153915043850662744169183254300190269852744617633586994615041944096637028912073810606217107853124284098060469694156159687719764045330655397963492306849154296237801466011921072951594163722254317038073805894818590358509153554652316421978196192841312944057157519 0 0 0 0 0 0 0 0 0 0 0 0 0 0 0 0 0 0 0 0 0 0 0 0 0 0 0 0 0 0 0 0 0 0 0 0 0 0 0 0 0 0 0 0 0 0 0 0 0 0 0 0 0 0 0 0 0 0 0 0 1 0 0 0 0 0 0 0 0 0 0 0 0 0 0 0 0 0 0 0 0 0 0 0 0 0 0 0 0 0 0 0 0 0 0 0 0 0 0 0 0]
[101198314999037534166296105245299842896039472709009917652558361641853202392322822055987100510874039921489261022632138787087716245134098441926847415752793791380604065464526768289744393798190718927310485566280814798542946237682287473306529170935159022569614373391282407746515956341140115843673065080427633538 0 0 0 0 0 0 0 0 0 0 0 0 0 0 0 0 0 0 0 0 0 0 0 0 0 0 0 0 0 0 0 0 0 0 0 0 0 0 0 0 0 0 0 0 0 0 0 0 0 0 0 0 0 0 0 0 0 0 0 0 0 1 0 0 0 0 0 0 0 0 0 0 0 0 0 0 0 0 0 0 0 0 0 0 0 0 0 0 0 0 0 0 0 0 0 0 0 0 0 0 0]
[6555403598770880810433637314653961566748710523464654073987193872765335410185557861472371731113932160786290688395236920821845227245227494440249374163716673446170599750889664903564831297017293084523111849421443224106209694401938280485900567145933425665883991358938140133989336997606786318745615281921667072301 0 0 0 0 0 0 0 0 0 0 0 0 0 0 0 0 0 0 0 0 0 0 0 0 0 0 0 0 0 0 0 0 0 0 0 0 0 0 0 0 0 0 0 0 0 0 0 0 0 0 0 0 0 0 0 0 0 0 0 0 0 0 1 0 0 0 0 0 0 0 0 0 0 0 0 0 0 0 0 0 0 0 0 0 0 0 0 0 0 0 0 0 0 0 0 0 0 0 0 0 0]
[1925855309031699060168591125262363884561640034898732588675300783057158419642932009426939999005787675106625650718635475964997048101099099475086360335634154574939989870228706991175569413167681302389286738771423154195587277267927961491684885845519799331548109724588115139125202857139013409906038599684117008268 0 0 0 0 0 0 0 0 0 0 0 0 0 0 0 0 0 0 0 0 0 0 0 0 0 0 0 0 0 0 0 0 0 0 0 0 0 0 0 0 0 0 0 0 0 0 0 0 0 0 0 0 0 0 0 0 0 0 0 0 0 0 0 1 0 0 0 0 0 0 0 0 0 0 0 0 0 0 0 0 0 0 0 0 0 0 0 0 0 0 0 0 0 0 0 0 0 0 0 0 0]
[1431759455337909293082621807428498097227317463741644508200022125798718501863022539762703383929410099062699807952957230657260691802696401921310976174069324446261980956853422047826021234478371253062312233727682175712011648442289033413017321682669659365478761930211635520917859299791507974755630254482168441963 0 0 0 0 0 0 0 0 0 0 0 0 0 0 0 0 0 0 0 0 0 0 0 0 0 0 0 0 0 0 0 0 0 0 0 0 0 0 0 0 0 0 0 0 0 0 0 0 0 0 0 0 0 0 0 0 0 0 0 0 0 0 0 0 1 0 0 0 0 0 0 0 0 0 0 0 0 0 0 0 0 0 0 0 0 0 0 0 0 0 0 0 0 0 0 0 0 0 0 0 0]
[2216717692506250829743946576787073606191549379031467615244661627235697022423602231084066856173246565192489439567952627925177028445626678715239671839827946397559908973186616783538402649214865339755705647156698101273371066897057207568273233862540679950244741581250387791729029313259342729004411012529503589398 0 0 0 0 0 0 0 0 0 0 0 0 0 0 0 0 0 0 0 0 0 0 0 0 0 0 0 0 0 0 0 0 0 0 0 0 0 0 0 0 0 0 0 0 0 0 0 0 0 0 0 0 0 0 0 0 0 0 0 0 0 0 0 0 0 1 0 0 0 0 0 0 0 0 0 0 0 0 0 0 0 0 0 0 0 0 0 0 0 0 0 0 0 0 0 0 0 0 0 0 0]
[7252877740870338235913016811704323478336751869273927650952880238474868495416663544871460972685917252963775841561221791707696846825199566426762992584803211950320871967496850025364164835783808326503043551378190342583838906782270107418608724993541310308529646965877068494810997986247822092117906775526237424028 0 0 0 0 0 0 0 0 0 0 0 0 0 0 0 0 0 0 0 0 0 0 0 0 0 0 0 0 0 0 0 0 0 0 0 0 0 0 0 0 0 0 0 0 0 0 0 0 0 0 0 0 0 0 0 0 0 0 0 0 0 0 0 0 0 0 1 0 0 0 0 0 0 0 0 0 0 0 0 0 0 0 0 0 0 0 0 0 0 0 0 0 0 0 0 0 0 0 0 0 0]
[107246435606474521706025818168454752914216330457643929998737284231097077072690498581696483302737791463215852756677569136131702236460646224911077919601778703766808509924877606105141062970676019205046396337543687287380332544730124813126326087716312386423205386774897866570091369104946534005003868959431343024 0 0 0 0 0 0 0 0 0 0 0 0 0 0 0 0 0 0 0 0 0 0 0 0 0 0 0 0 0 0 0 0 0 0 0 0 0 0 0 0 0 0 0 0 0 0 0 0 0 0 0 0 0 0 0 0 0 0 0 0 0 0 0 0 0 0 0 1 0 0 0 0 0 0 0 0 0 0 0 0 0 0 0 0 0 0 0 0 0 0 0 0 0 0 0 0 0 0 0 0 0]
[4596201698715561325570972943816795284197900366312449549686276269132973094441175211370774882769002382813012045751580177300835622102977564076484155062378510827227040263782279602022686869396225188235872970240755587931692686435756577568682886234326591317438331369375870896243738088960383469056231700441502383506 0 0 0 0 0 0 0 0 0 0 0 0 0 0 0 0 0 0 0 0 0 0 0 0 0 0 0 0 0 0 0 0 0 0 0 0 0 0 0 0 0 0 0 0 0 0 0 0 0 0 0 0 0 0 0 0 0 0 0 0 0 0 0 0 0 0 0 0 1 0 0 0 0 0 0 0 0 0 0 0 0 0 0 0 0 0 0 0 0 0 0 0 0 0 0 0 0 0 0 0 0]
[2300881578691962206699970305251304984620689531689481613227010925262442261531382303864221239960646909222491901897720920553649319732875945441690181288631331875425897603869244719139669015059738429513245678169332138171025307190715466278164303675101189833570014506809002900075241510588798138839471415598920275153 0 0 0 0 0 0 0 0 0 0 0 0 0 0 0 0 0 0 0 0 0 0 0 0 0 0 0 0 0 0 0 0 0 0 0 0 0 0 0 0 0 0 0 0 0 0 0 0 0 0 0 0 0 0 0 0 0 0 0 0 0 0 0 0 0 0 0 0 0 1 0 0 0 0 0 0 0 0 0 0 0 0 0 0 0 0 0 0 0 0 0 0 0 0 0 0 0 0 0 0 0]
[3130381844407684696775037154397131799852879360043905542798606485334257198279426316650389224188223339353026874013479373102262338879105712407369051030475430547175378723851422159622375151662099336407740201269075172158314671288867005967468077977674267436989243627725419928066750862000449118529457573069023342939 0 0 0 0 0 0 0 0 0 0 0 0 0 0 0 0 0 0 0 0 0 0 0 0 0 0 0 0 0 0 0 0 0 0 0 0 0 0 0 0 0 0 0 0 0 0 0 0 0 0 0 0 0 0 0 0 0 0 0 0 0 0 0 0 0 0 0 0 0 0 1 0 0 0 0 0 0 0 0 0 0 0 0 0 0 0 0 0 0 0 0 0 0 0 0 0 0 0 0 0 0]
[3592732034694627487818725311108466913819161598548696510430988184289722375745723719508377483294529216891720688882168391719840489952655695731024582298399688738937323086019553543396584525955858521731129875910294301893695082156648354984234600144210415583124010009650686869504472992552437400719036158993135379328 0 0 0 0 0 0 0 0 0 0 0 0 0 0 0 0 0 0 0 0 0 0 0 0 0 0 0 0 0 0 0 0 0 0 0 0 0 0 0 0 0 0 0 0 0 0 0 0 0 0 0 0 0 0 0 0 0 0 0 0 0 0 0 0 0 0 0 0 0 0 0 1 0 0 0 0 0 0 0 0 0 0 0 0 0 0 0 0 0 0 0 0 0 0 0 0 0 0 0 0 0]
[2968261714402962699097954557838223226271951232644837335276984163595574298954948109147111926898784255734905860050876538679761534108341998892081841703659767537489644986226505645157105186053281588131495281081248019417855675707024438920328142024186516349148163362591326045836710049368677251156529846109006597443 0 0 0 0 0 0 0 0 0 0 0 0 0 0 0 0 0 0 0 0 0 0 0 0 0 0 0 0 0 0 0 0 0 0 0 0 0 0 0 0 0 0 0 0 0 0 0 0 0 0 0 0 0 0 0 0 0 0 0 0 0 0 0 0 0 0 0 0 0 0 0 0 1 0 0 0 0 0 0 0 0 0 0 0 0 0 0 0 0 0 0 0 0 0 0 0 0 0 0 0 0]
[3197313730854410536209705777508451331282122940271096715695372037754608144370142593220149542639657174331882846429608598720968095744862754366485675005753850867132322562739650188826776812162623944053558151263627689410506635462258581267033893532242432182841543378516880114204995554829779452533241637414202113262 0 0 0 0 0 0 0 0 0 0 0 0 0 0 0 0 0 0 0 0 0 0 0 0 0 0 0 0 0 0 0 0 0 0 0 0 0 0 0 0 0 0 0 0 0 0 0 0 0 0 0 0 0 0 0 0 0 0 0 0 0 0 0 0 0 0 0 0 0 0 0 0 0 1 0 0 0 0 0 0 0 0 0 0 0 0 0 0 0 0 0 0 0 0 0 0 0 0 0 0 0]
[1055068079449784352771777259558351146322135061443026576160073470587268556978725744672054683779514332125902991800300834062961198957675713273788239400395041591764939920073777424115968079154224754782295827693814876272511658666000038604683547445858672879822774878154477005921291740667735929096104877309995896117 0 0 0 0 0 0 0 0 0 0 0 0 0 0 0 0 0 0 0 0 0 0 0 0 0 0 0 0 0 0 0 0 0 0 0 0 0 0 0 0 0 0 0 0 0 0 0 0 0 0 0 0 0 0 0 0 0 0 0 0 0 0 0 0 0 0 0 0 0 0 0 0 0 0 1 0 0 0 0 0 0 0 0 0 0 0 0 0 0 0 0 0 0 0 0 0 0 0 0 0 0]
[1618409500634662583154197077872707390330025914033427811488932776967564579784283954325868966634165902014259450376312477933932896650617650800016151309361488578803242661480441008718799799573520648177653334850805627618969262343026214954703712755574451777034647488595505818038994882587117683992713130741197637929 0 0 0 0 0 0 0 0 0 0 0 0 0 0 0 0 0 0 0 0 0 0 0 0 0 0 0 0 0 0 0 0 0 0 0 0 0 0 0 0 0 0 0 0 0 0 0 0 0 0 0 0 0 0 0 0 0 0 0 0 0 0 0 0 0 0 0 0 0 0 0 0 0 0 0 1 0 0 0 0 0 0 0 0 0 0 0 0 0 0 0 0 0 0 0 0 0 0 0 0 0]
[609184475222294900312871174555904031773500460850613844418076622665215993662350153628648305724191439549940536786518147019936925661469615791961559728006852749190974292251076005546840649020267700455036260683431152960560507678973418507496572787449098456426154646089941690917528599712897796091247883259438556417 0 0 0 0 0 0 0 0 0 0 0 0 0 0 0 0 0 0 0 0 0 0 0 0 0 0 0 0 0 0 0 0 0 0 0 0 0 0 0 0 0 0 0 0 0 0 0 0 0 0 0 0 0 0 0 0 0 0 0 0 0 0 0 0 0 0 0 0 0 0 0 0 0 0 0 0 1 0 0 0 0 0 0 0 0 0 0 0 0 0 0 0 0 0 0 0 0 0 0 0 0]
[1213365443806953100685818395733215946330359701637196538191196877516136416882356989308053537174582186751271856471685591524408029842758823113095778016323967779614524244154880117636150795004984489058827360067143229475365958231955819559901569265758375207427838049192149204207490681627956622491135401183210166479 0 0 0 0 0 0 0 0 0 0 0 0 0 0 0 0 0 0 0 0 0 0 0 0 0 0 0 0 0 0 0 0 0 0 0 0 0 0 0 0 0 0 0 0 0 0 0 0 0 0 0 0 0 0 0 0 0 0 0 0 0 0 0 0 0 0 0 0 0 0 0 0 0 0 0 0 0 1 0 0 0 0 0 0 0 0 0 0 0 0 0 0 0 0 0 0 0 0 0 0 0]
[4431825257557391298081866278787012428366177140413204605301566553018392707561078310825229611409087092255537242970219672924634850954251549856704630296945633214983137013837738595171185471921525929957101936008627006005075740622854932079225410464684327158487480113188169585929103760922250271950520766788079316981 0 0 0 0 0 0 0 0 0 0 0 0 0 0 0 0 0 0 0 0 0 0 0 0 0 0 0 0 0 0 0 0 0 0 0 0 0 0 0 0 0 0 0 0 0 0 0 0 0 0 0 0 0 0 0 0 0 0 0 0 0 0 0 0 0 0 0 0 0 0 0 0 0 0 0 0 0 0 1 0 0 0 0 0 0 0 0 0 0 0 0 0 0 0 0 0 0 0 0 0 0]
[4841134322302097501123456575923707248662986184792370278385520809282313523193403994827809054093031355235678478364224439623310225935657162415866941443208995717744059373068240634314184294516290296215093065812752478395563471321274489698866728181327331291364791453356643246902712567234392527685878862187872081497 0 0 0 0 0 0 0 0 0 0 0 0 0 0 0 0 0 0 0 0 0 0 0 0 0 0 0 0 0 0 0 0 0 0 0 0 0 0 0 0 0 0 0 0 0 0 0 0 0 0 0 0 0 0 0 0 0 0 0 0 0 0 0 0 0 0 0 0 0 0 0 0 0 0 0 0 0 0 0 1 0 0 0 0 0 0 0 0 0 0 0 0 0 0 0 0 0 0 0 0 0]
[2766725243769943529852596280611648733037732997936768883071650203464036474343071857185552279519095433319986114518764144045574682194941608504265537267119717078340656913165857520964941300356187452166342731370403305786913665806416801042559632616675497574041854648377433939664146293625187562098465189389326140500 0 0 0 0 0 0 0 0 0 0 0 0 0 0 0 0 0 0 0 0 0 0 0 0 0 0 0 0 0 0 0 0 0 0 0 0 0 0 0 0 0 0 0 0 0 0 0 0 0 0 0 0 0 0 0 0 0 0 0 0 0 0 0 0 0 0 0 0 0 0 0 0 0 0 0 0 0 0 0 0 1 0 0 0 0 0 0 0 0 0 0 0 0 0 0 0 0 0 0 0 0]
[6415686562201898129894862507857170601989645669569771116840210335760075723470198149095854359874244348216164379687066468795390003605182344027748669354922797287791860903587027846805752537109464814200221200397214860694603919723116412551356684725794213758807343985389082550871468874794974648251027064232061848019 0 0 0 0 0 0 0 0 0 0 0 0 0 0 0 0 0 0 0 0 0 0 0 0 0 0 0 0 0 0 0 0 0 0 0 0 0 0 0 0 0 0 0 0 0 0 0 0 0 0 0 0 0 0 0 0 0 0 0 0 0 0 0 0 0 0 0 0 0 0 0 0 0 0 0 0 0 0 0 0 0 1 0 0 0 0 0 0 0 0 0 0 0 0 0 0 0 0 0 0 0]
[5566156496200936302576806070313678666545498364658420936112916706839519871396067277344950677727182815581707780889972673674216185541732344881616650054186411222746307677992509829264622938272686081203549364059774253710451619572137985322792359882255619199142392507356511933033277413514089486021353773543857660627 0 0 0 0 0 0 0 0 0 0 0 0 0 0 0 0 0 0 0 0 0 0 0 0 0 0 0 0 0 0 0 0 0 0 0 0 0 0 0 0 0 0 0 0 0 0 0 0 0 0 0 0 0 0 0 0 0 0 0 0 0 0 0 0 0 0 0 0 0 0 0 0 0 0 0 0 0 0 0 0 0 0 1 0 0 0 0 0 0 0 0 0 0 0 0 0 0 0 0 0 0]
[5680010930180462175040687089630196336793218846198351507911852894992644700746834324481094843334680469168685122995494827897868685306853056356432035372974301774397688910112204530474023927387222949069213206136060291991975314911831662381433909396676666875195715466171850761450321196394135998199215464912548286298 0 0 0 0 0 0 0 0 0 0 0 0 0 0 0 0 0 0 0 0 0 0 0 0 0 0 0 0 0 0 0 0 0 0 0 0 0 0 0 0 0 0 0 0 0 0 0 0 0 0 0 0 0 0 0 0 0 0 0 0 0 0 0 0 0 0 0 0 0 0 0 0 0 0 0 0 0 0 0 0 0 0 0 1 0 0 0 0 0 0 0 0 0 0 0 0 0 0 0 0 0]
[1069210130754770171209674554899737696905267325823946137626281885104620327338734381990123865827935435986516917106634488769474913715003974833094778112158811561493081481274740220050317412473732424065956560085903196422225181918513073049314299256948802539240537142539350840529070464686900159746266195909880828516 0 0 0 0 0 0 0 0 0 0 0 0 0 0 0 0 0 0 0 0 0 0 0 0 0 0 0 0 0 0 0 0 0 0 0 0 0 0 0 0 0 0 0 0 0 0 0 0 0 0 0 0 0 0 0 0 0 0 0 0 0 0 0 0 0 0 0 0 0 0 0 0 0 0 0 0 0 0 0 0 0 0 0 0 1 0 0 0 0 0 0 0 0 0 0 0 0 0 0 0 0]
[2965297987441649564770003761305093935939375832800587661503938340201857801720670902847515983250257185458668606657171947108854233423020736445478188977387290228555877382694512308265413526502963909580232792836229270165419137373904232067333994226269832617096965202904132550942699463363379364198429641681995863742 0 0 0 0 0 0 0 0 0 0 0 0 0 0 0 0 0 0 0 0 0 0 0 0 0 0 0 0 0 0 0 0 0 0 0 0 0 0 0 0 0 0 0 0 0 0 0 0 0 0 0 0 0 0 0 0 0 0 0 0 0 0 0 0 0 0 0 0 0 0 0 0 0 0 0 0 0 0 0 0 0 0 0 0 0 1 0 0 0 0 0 0 0 0 0 0 0 0 0 0 0]
[6157753449860844880532234846043014443246580470327293879471378550267101183134451458376562061388026612433323104331154363045245913401064719853128932337619317304185715345097503441311815488878746924830784884808094024879124358055818272497446938497473391643809836596368699204302611974059684756932268603984459940713 0 0 0 0 0 0 0 0 0 0 0 0 0 0 0 0 0 0 0 0 0 0 0 0 0 0 0 0 0 0 0 0 0 0 0 0 0 0 0 0 0 0 0 0 0 0 0 0 0 0 0 0 0 0 0 0 0 0 0 0 0 0 0 0 0 0 0 0 0 0 0 0 0 0 0 0 0 0 0 0 0 0 0 0 0 0 1 0 0 0 0 0 0 0 0 0 0 0 0 0 0]
[5108159390872402800894717001078416179897364824723854979863585458005144592506254221584920269211534896073501231987672543123643398877598714686431214493921112425948944118403485257836973790750749175041074880793893853408946329792359838396666092160591329934319395326517869450430030109994605448425258560903448058116 0 0 0 0 0 0 0 0 0 0 0 0 0 0 0 0 0 0 0 0 0 0 0 0 0 0 0 0 0 0 0 0 0 0 0 0 0 0 0 0 0 0 0 0 0 0 0 0 0 0 0 0 0 0 0 0 0 0 0 0 0 0 0 0 0 0 0 0 0 0 0 0 0 0 0 0 0 0 0 0 0 0 0 0 0 0 0 1 0 0 0 0 0 0 0 0 0 0 0 0 0]
[6145259582062582955897512965319013289974650932296692112267213431633972299024077080535535927919391101260137224058505314879024952734418843783925956296164683176497606411839040667873754548161502962981540447727618281751843390664023065344436138444533547451601971684361388822783381930980090340512284523562241582205 0 0 0 0 0 0 0 0 0 0 0 0 0 0 0 0 0 0 0 0 0 0 0 0 0 0 0 0 0 0 0 0 0 0 0 0 0 0 0 0 0 0 0 0 0 0 0 0 0 0 0 0 0 0 0 0 0 0 0 0 0 0 0 0 0 0 0 0 0 0 0 0 0 0 0 0 0 0 0 0 0 0 0 0 0 0 0 0 1 0 0 0 0 0 0 0 0 0 0 0 0]
[3193506928148608349015957729058902681040473750925673688646930335499249437980973001144294042048853102776920276652941805754365416573421554334879330625003686393856777477514482419323079313589793681135586478936306946155893712023181826561978065818881619287179952776162793637943033524730089700596522588072284572158 0 0 0 0 0 0 0 0 0 0 0 0 0 0 0 0 0 0 0 0 0 0 0 0 0 0 0 0 0 0 0 0 0 0 0 0 0 0 0 0 0 0 0 0 0 0 0 0 0 0 0 0 0 0 0 0 0 0 0 0 0 0 0 0 0 0 0 0 0 0 0 0 0 0 0 0 0 0 0 0 0 0 0 0 0 0 0 0 0 1 0 0 0 0 0 0 0 0 0 0 0]
[3350234659955607350555926084530094047224019314393832717065300629216978682934703791542406797532123148402617314049349564916603487263656475724465013134528362879060471311200185363534277623985167127880814353718674156589320838099340018485636967531226851845584350517273620160742028913825191738335094715655100857782 0 0 0 0 0 0 0 0 0 0 0 0 0 0 0 0 0 0 0 0 0 0 0 0 0 0 0 0 0 0 0 0 0 0 0 0 0 0 0 0 0 0 0 0 0 0 0 0 0 0 0 0 0 0 0 0 0 0 0 0 0 0 0 0 0 0 0 0 0 0 0 0 0 0 0 0 0 0 0 0 0 0 0 0 0 0 0 0 0 0 1 0 0 0 0 0 0 0 0 0 0]
[1208232103261479663129853134757099963922835760654095517514571391892442530201382476089788622067450303588504332921753728289636045560196043301343460890106494517141425107500294030398895264284864742991213540233341445429763189299858579235328934249553961762598596048977989018372256982902610816264249443981449940786 0 0 0 0 0 0 0 0 0 0 0 0 0 0 0 0 0 0 0 0 0 0 0 0 0 0 0 0 0 0 0 0 0 0 0 0 0 0 0 0 0 0 0 0 0 0 0 0 0 0 0 0 0 0 0 0 0 0 0 0 0 0 0 0 0 0 0 0 0 0 0 0 0 0 0 0 0 0 0 0 0 0 0 0 0 0 0 0 0 0 0 1 0 0 0 0 0 0 0 0 0]
[5141787584772654919710712632071175468616521115066126376853848568931078305058106596780741689669810580502050643852233922818203943991018649168103715310943759700156572819997375199509079106490909855673466029826557951513154958442534116082347995607961815554893715654166500004202398352267745358133713009007126230325 0 0 0 0 0 0 0 0 0 0 0 0 0 0 0 0 0 0 0 0 0 0 0 0 0 0 0 0 0 0 0 0 0 0 0 0 0 0 0 0 0 0 0 0 0 0 0 0 0 0 0 0 0 0 0 0 0 0 0 0 0 0 0 0 0 0 0 0 0 0 0 0 0 0 0 0 0 0 0 0 0 0 0 0 0 0 0 0 0 0 0 0 1 0 0 0 0 0 0 0 0]
[2588680550757995266425782697438043759246548400931788932196881666656508934684210522971941259351396793314272278793548093082326209093532147574442548733359765918964500635910624238057399289031669454224887948443153653894616562743334123525802646047746745287646251957571426666843833910206006536848883511102396595676 0 0 0 0 0 0 0 0 0 0 0 0 0 0 0 0 0 0 0 0 0 0 0 0 0 0 0 0 0 0 0 0 0 0 0 0 0 0 0 0 0 0 0 0 0 0 0 0 0 0 0 0 0 0 0 0 0 0 0 0 0 0 0 0 0 0 0 0 0 0 0 0 0 0 0 0 0 0 0 0 0 0 0 0 0 0 0 0 0 0 0 0 0 1 0 0 0 0 0 0 0]
[1079229370115918424008977882628387742703297472187637509425717087244859609293930501118331988723070757865020570750401628939523008184390336749603970534391972344768283867154796358374094340761368226939091277483353931284756657656870931233068156120030009496261009332937217167386412712878799787707279520345889730230 0 0 0 0 0 0 0 0 0 0 0 0 0 0 0 0 0 0 0 0 0 0 0 0 0 0 0 0 0 0 0 0 0 0 0 0 0 0 0 0 0 0 0 0 0 0 0 0 0 0 0 0 0 0 0 0 0 0 0 0 0 0 0 0 0 0 0 0 0 0 0 0 0 0 0 0 0 0 0 0 0 0 0 0 0 0 0 0 0 0 0 0 0 0 1 0 0 0 0 0 0]
[1339388944176732003279397540724608979588228215388306694503149694167949344230622125636111430893472364301110575511200546648960738673986179766766668494338218652173993928285498703380838494516913004399006654024962230867634631613559098533305433791808492397384363650327722490473337986124397171991075977890023545397 0 0 0 0 0 0 0 0 0 0 0 0 0 0 0 0 0 0 0 0 0 0 0 0 0 0 0 0 0 0 0 0 0 0 0 0 0 0 0 0 0 0 0 0 0 0 0 0 0 0 0 0 0 0 0 0 0 0 0 0 0 0 0 0 0 0 0 0 0 0 0 0 0 0 0 0 0 0 0 0 0 0 0 0 0 0 0 0 0 0 0 0 0 0 0 1 0 0 0 0 0]
[3795508700668218816649009974548407857642061713717058168326017227978780496083749594397733298162815411562728230676851549560848640156942674977855415289168860138679149310394708176951413295196490050941708926011922681633232966363577472874671133395699112591416811947273656743833893826648850158774574455582867158517 0 0 0 0 0 0 0 0 0 0 0 0 0 0 0 0 0 0 0 0 0 0 0 0 0 0 0 0 0 0 0 0 0 0 0 0 0 0 0 0 0 0 0 0 0 0 0 0 0 0 0 0 0 0 0 0 0 0 0 0 0 0 0 0 0 0 0 0 0 0 0 0 0 0 0 0 0 0 0 0 0 0 0 0 0 0 0 0 0 0 0 0 0 0 0 0 1 0 0 0 0]
[2543229355262764266666035670540720482903764211403316429342312285873571060457893102111679655296069307577896890560831007214101191671329049583686415714790238974240485647246910441490031782651457268848139963144549160521936027311830131923369368963121679349269959722813535056017731882674213446582079684213585131309 0 0 0 0 0 0 0 0 0 0 0 0 0 0 0 0 0 0 0 0 0 0 0 0 0 0 0 0 0 0 0 0 0 0 0 0 0 0 0 0 0 0 0 0 0 0 0 0 0 0 0 0 0 0 0 0 0 0 0 0 0 0 0 0 0 0 0 0 0 0 0 0 0 0 0 0 0 0 0 0 0 0 0 0 0 0 0 0 0 0 0 0 0 0 0 0 0 1 0 0 0]
[3035943267843080193925633901883257907022900805677888884352370312817502051353300102486094906485284131145257946048309027170710777569483843252554976709934441293449027518906955668821988375448947701631439388822906861485759820759527723397787774882951050673849535368266713475334572451129151863945165081790558359968 0 0 0 0 0 0 0 0 0 0 0 0 0 0 0 0 0 0 0 0 0 0 0 0 0 0 0 0 0 0 0 0 0 0 0 0 0 0 0 0 0 0 0 0 0 0 0 0 0 0 0 0 0 0 0 0 0 0 0 0 0 0 0 0 0 0 0 0 0 0 0 0 0 0 0 0 0 0 0 0 0 0 0 0 0 0 0 0 0 0 0 0 0 0 0 0 0 0 1 0 0]
[1109557389270007930226529949792400587619952394258806747988827417016428392679197475071081910240899569748055312190026616313904000094980984596393588298784024320904741373199594810597915196685357634542132659811541713999663679470608063771680283324141845890039560971116868247338667150730390679775422775680964014265 0 0 0 0 0 0 0 0 0 0 0 0 0 0 0 0 0 0 0 0 0 0 0 0 0 0 0 0 0 0 0 0 0 0 0 0 0 0 0 0 0 0 0 0 0 0 0 0 0 0 0 0 0 0 0 0 0 0 0 0 0 0 0 0 0 0 0 0 0 0 0 0 0 0 0 0 0 0 0 0 0 0 0 0 0 0 0 0 0 0 0 0 0 0 0 0 0 0 0 1 0]
[5337469510493888780385491476038671482853311714673527530822035722559885016220297178092066377012239551791342491685274837122520706674852471800629210491724857189928931806792203770191103880056241567039010013254154143882210686011017024462594302759127222293352681534667859930048679310622961687413269823207970694219 0 0 0 0 0 0 0 0 0 0 0 0 0 0 0 0 0 0 0 0 0 0 0 0 0 0 0 0 0 0 0 0 0 0 0 0 0 0 0 0 0 0 0 0 0 0 0 0 0 0 0 0 0 0 0 0 0 0 0 0 0 0 0 0 0 0 0 0 0 0 0 0 0 0 0 0 0 0 0 0 0 0 0 0 0 0 0 0 0 0 0 0 0 0 0 0 0 0 0 0 1]
]
