[[2434860229837234990099186944228235050700261817956357846619056229958711184921966727216882597772663853987839368973170780758532423350909647196669 0 0 0 0 0 0 0 0 0 0 0 0 0 0 0 0 0 0 0 0 0 0 0 0 0 0 0 0 0 0 0 0 0 0 0 0 0 0 0 0 0 0 0 0 0 0]
[1826933037823457997660328086070037141978378831072560673303791660827172019369287674087188753773553715877104263572604083984249147578245083019641 1 0 0 0 0 0 0 0 0 0 0 0 0 0 0 0 0 0 0 0 0 0 0 0 0 0 0 0 0 0 0 0 0 0 0 0 0 0 0 0 0 0 0 0 0 0]
[654871349020823275695460257736547889533635313825255998441421886593526093587475907165255914324967192023149496337590210547498620939779341216680 0 1 0 0 0 0 0 0 0 0 0 0 0 0 0 0 0 0 0 0 0 0 0 0 0 0 0 0 0 0 0 0 0 0 0 0 0 0 0 0 0 0 0 0 0 0]
[571734367976820369126357879372840663069155396666586704051113754064457114829753674526019615089984641137660697145949345514833128225915642373820 0 0 1 0 0 0 0 0 0 0 0 0 0 0 0 0 0 0 0 0 0 0 0 0 0 0 0 0 0 0 0 0 0 0 0 0 0 0 0 0 0 0 0 0 0 0]
[2057927858721568341267959078492434827323750673646373692240732197765633227493677350653888155958596366683090467641678012599132743696803606784448 0 0 0 1 0 0 0 0 0 0 0 0 0 0 0 0 0 0 0 0 0 0 0 0 0 0 0 0 0 0 0 0 0 0 0 0 0 0 0 0 0 0 0 0 0 0]
[2344033676657666764907806068654203794236046890660286815893484801544395032527654741038282465399890831399278878028648870853918748083333580157468 0 0 0 0 1 0 0 0 0 0 0 0 0 0 0 0 0 0 0 0 0 0 0 0 0 0 0 0 0 0 0 0 0 0 0 0 0 0 0 0 0 0 0 0 0 0]
[1175355052162252966824985907778049151353800262162107592031937069082551362454837824230610028787271945788195617936207708599800939375497304552628 0 0 0 0 0 1 0 0 0 0 0 0 0 0 0 0 0 0 0 0 0 0 0 0 0 0 0 0 0 0 0 0 0 0 0 0 0 0 0 0 0 0 0 0 0 0]
[2045661920289896663410694574996000684780194390544391316796333485235239524252549143400033484512775688688576208457027510047580422258708415185042 0 0 0 0 0 0 1 0 0 0 0 0 0 0 0 0 0 0 0 0 0 0 0 0 0 0 0 0 0 0 0 0 0 0 0 0 0 0 0 0 0 0 0 0 0 0]
[1427653079982366017994866143464054517541018535021742814891666777566271788275069422180823266110425238228031486868996844182180528076223275386305 0 0 0 0 0 0 0 1 0 0 0 0 0 0 0 0 0 0 0 0 0 0 0 0 0 0 0 0 0 0 0 0 0 0 0 0 0 0 0 0 0 0 0 0 0 0]
[2184465276010646303870830230010517372297144833273201384775493417060554852543581517300865616104968633785305694303478661535624905784396515334046 0 0 0 0 0 0 0 0 1 0 0 0 0 0 0 0 0 0 0 0 0 0 0 0 0 0 0 0 0 0 0 0 0 0 0 0 0 0 0 0 0 0 0 0 0 0]
[2415275399536850705378983601554823544892799444196819050858021810922992263642521684251950154629145263532834084091110969919375097248083070139727 0 0 0 0 0 0 0 0 0 1 0 0 0 0 0 0 0 0 0 0 0 0 0 0 0 0 0 0 0 0 0 0 0 0 0 0 0 0 0 0 0 0 0 0 0 0]
[32565587751853484959241254960633128756286384862668343758025024640497954184240773961017689976433302249222676364606604115658542674208532012367 0 0 0 0 0 0 0 0 0 0 1 0 0 0 0 0 0 0 0 0 0 0 0 0 0 0 0 0 0 0 0 0 0 0 0 0 0 0 0 0 0 0 0 0 0 0]
[1679280977327657240384753326462877986102713962308340631384749876948112215651558155094408761639376214160005379858240749688970856424009633322945 0 0 0 0 0 0 0 0 0 0 0 1 0 0 0 0 0 0 0 0 0 0 0 0 0 0 0 0 0 0 0 0 0 0 0 0 0 0 0 0 0 0 0 0 0 0]
[2399240390322924818913018442607663717548862855861489149501842933363123419835857870580510647324756952418854040121994646421764805739757522600669 0 0 0 0 0 0 0 0 0 0 0 0 1 0 0 0 0 0 0 0 0 0 0 0 0 0 0 0 0 0 0 0 0 0 0 0 0 0 0 0 0 0 0 0 0 0]
[224062533778451016483937345531288694293308900059411801007003437985580925535031806255018634312912252248590030142237242447662792930201402294302 0 0 0 0 0 0 0 0 0 0 0 0 0 1 0 0 0 0 0 0 0 0 0 0 0 0 0 0 0 0 0 0 0 0 0 0 0 0 0 0 0 0 0 0 0 0]
[491118282977946559144152032984369926473165938321488899726241507472170265369742032421582122368749741751960092924704467337610542176394878772631 0 0 0 0 0 0 0 0 0 0 0 0 0 0 1 0 0 0 0 0 0 0 0 0 0 0 0 0 0 0 0 0 0 0 0 0 0 0 0 0 0 0 0 0 0 0]
[931337857326609266231505602613550747267712028764767829286424880238112400246005078798677342531802039852345077495737267172994301847839017736853 0 0 0 0 0 0 0 0 0 0 0 0 0 0 0 1 0 0 0 0 0 0 0 0 0 0 0 0 0 0 0 0 0 0 0 0 0 0 0 0 0 0 0 0 0 0]
[685984329451067891928245421739813025219929864116925787804366591464726164213477012773889356284426026461478669039531698595079183765841546679888 0 0 0 0 0 0 0 0 0 0 0 0 0 0 0 0 1 0 0 0 0 0 0 0 0 0 0 0 0 0 0 0 0 0 0 0 0 0 0 0 0 0 0 0 0 0]
[190964768180961802562141995680253853965657053149552824114298757098645891701593219305065097221204511730448487151864728230939579736599540127490 0 0 0 0 0 0 0 0 0 0 0 0 0 0 0 0 0 1 0 0 0 0 0 0 0 0 0 0 0 0 0 0 0 0 0 0 0 0 0 0 0 0 0 0 0 0]
[2212958407679387471496744141839940334266479712600456529953258307850884997131211895123732387793962926646514182169463633794543090335449697333471 0 0 0 0 0 0 0 0 0 0 0 0 0 0 0 0 0 0 1 0 0 0 0 0 0 0 0 0 0 0 0 0 0 0 0 0 0 0 0 0 0 0 0 0 0 0]
[1025737660173331743356246706826490198694945940972324100012204169799488810673399046144522874944309311276652737962733766310238754548740231405355 0 0 0 0 0 0 0 0 0 0 0 0 0 0 0 0 0 0 0 1 0 0 0 0 0 0 0 0 0 0 0 0 0 0 0 0 0 0 0 0 0 0 0 0 0 0]
[558212268735412884962009930427764374689512770871524079754766374025552578301900851984149141915738328534979685802510310691288496649433536420912 0 0 0 0 0 0 0 0 0 0 0 0 0 0 0 0 0 0 0 0 1 0 0 0 0 0 0 0 0 0 0 0 0 0 0 0 0 0 0 0 0 0 0 0 0 0]
[642023812751540311159512398144097321246558869979052853540324777252827992361852209870045513742681130816848835985757369426228938728688627909009 0 0 0 0 0 0 0 0 0 0 0 0 0 0 0 0 0 0 0 0 0 1 0 0 0 0 0 0 0 0 0 0 0 0 0 0 0 0 0 0 0 0 0 0 0 0]
[878408278334405541946766394435296580015572262185438177950307093671639425547467079168765182108936639298348754265663453975898147586848143806237 0 0 0 0 0 0 0 0 0 0 0 0 0 0 0 0 0 0 0 0 0 0 1 0 0 0 0 0 0 0 0 0 0 0 0 0 0 0 0 0 0 0 0 0 0 0]
[1615156426063202294836833567353250937920356604223819503437806827575368607237592627605519840892637722632918934062190713409697071253028524294871 0 0 0 0 0 0 0 0 0 0 0 0 0 0 0 0 0 0 0 0 0 0 0 1 0 0 0 0 0 0 0 0 0 0 0 0 0 0 0 0 0 0 0 0 0 0]
[1316179909135537949575354703378338340634444527013315976232294299469649104085232923528579234861595913672246067252775593877608679849225166419485 0 0 0 0 0 0 0 0 0 0 0 0 0 0 0 0 0 0 0 0 0 0 0 0 1 0 0 0 0 0 0 0 0 0 0 0 0 0 0 0 0 0 0 0 0 0]
[499375083842680458112105928603619837431162595036743682557987546850691531274299581315235291191632652897703003246085495147528700839301058088879 0 0 0 0 0 0 0 0 0 0 0 0 0 0 0 0 0 0 0 0 0 0 0 0 0 1 0 0 0 0 0 0 0 0 0 0 0 0 0 0 0 0 0 0 0 0]
[1288683366484158022798712305503467507084707823706602509608873697738556909002192718237510755302123290089813415524431928552776243677975821079334 0 0 0 0 0 0 0 0 0 0 0 0 0 0 0 0 0 0 0 0 0 0 0 0 0 0 1 0 0 0 0 0 0 0 0 0 0 0 0 0 0 0 0 0 0 0]
[1488043748773736647067056220543201130737743906118740575937602552974419174049417299895406904648352809673768422840625949546240083096886210098795 0 0 0 0 0 0 0 0 0 0 0 0 0 0 0 0 0 0 0 0 0 0 0 0 0 0 0 1 0 0 0 0 0 0 0 0 0 0 0 0 0 0 0 0 0 0]
[1577546696383485910887525180572163889343401246368940840106405143851144914301611464358311291376053652844676632048983289718986806210371747490828 0 0 0 0 0 0 0 0 0 0 0 0 0 0 0 0 0 0 0 0 0 0 0 0 0 0 0 0 1 0 0 0 0 0 0 0 0 0 0 0 0 0 0 0 0 0]
[85969455011432497778091434415772768876302859752659852112372401240928872994415558248293446695131729234351590647767391031475221800166715482424 0 0 0 0 0 0 0 0 0 0 0 0 0 0 0 0 0 0 0 0 0 0 0 0 0 0 0 0 0 1 0 0 0 0 0 0 0 0 0 0 0 0 0 0 0 0]
[1126645290163571593203900911357126664817875690424480603874163490241914110375680554398511725409378665152073036527273099901709014340031729225798 0 0 0 0 0 0 0 0 0 0 0 0 0 0 0 0 0 0 0 0 0 0 0 0 0 0 0 0 0 0 1 0 0 0 0 0 0 0 0 0 0 0 0 0 0 0]
[193535008076859989625905271409668550528507418906185277926766623040473143936398638318189249907116940067048637158714905340636001313097478542956 0 0 0 0 0 0 0 0 0 0 0 0 0 0 0 0 0 0 0 0 0 0 0 0 0 0 0 0 0 0 0 1 0 0 0 0 0 0 0 0 0 0 0 0 0 0]
[195353343592666701501867712701578278322940993498261147140534368393242099383522254658507367918437547931111085542410128254494619865132513721603 0 0 0 0 0 0 0 0 0 0 0 0 0 0 0 0 0 0 0 0 0 0 0 0 0 0 0 0 0 0 0 0 1 0 0 0 0 0 0 0 0 0 0 0 0 0]
[1152969570480196044570901303104030437699632828485142815762075394825625802399527153371343508477790652291287573101154165446391483902482035593400 0 0 0 0 0 0 0 0 0 0 0 0 0 0 0 0 0 0 0 0 0 0 0 0 0 0 0 0 0 0 0 0 0 1 0 0 0 0 0 0 0 0 0 0 0 0]
[2260784358638220279093763923761495864446636021848388637009115110596468664228049003744733244808813080997949560111516122332183097146063184726364 0 0 0 0 0 0 0 0 0 0 0 0 0 0 0 0 0 0 0 0 0 0 0 0 0 0 0 0 0 0 0 0 0 0 1 0 0 0 0 0 0 0 0 0 0 0]
[772517782038433864814418448784153054685905155252862395898658565137800854771657604891420760987531105046781617633085718966028814821761451030020 0 0 0 0 0 0 0 0 0 0 0 0 0 0 0 0 0 0 0 0 0 0 0 0 0 0 0 0 0 0 0 0 0 0 0 1 0 0 0 0 0 0 0 0 0 0]
[1286916702251938304330360864440155553159647723736399952023607031748970633925646340028354853661654364611742360977387044934634386153805176006126 0 0 0 0 0 0 0 0 0 0 0 0 0 0 0 0 0 0 0 0 0 0 0 0 0 0 0 0 0 0 0 0 0 0 0 0 1 0 0 0 0 0 0 0 0 0]
[2093586128360664092776971634192472477050412244118317862756819640393457112306097296286171651506612507064102240594341485402977029080041210492895 0 0 0 0 0 0 0 0 0 0 0 0 0 0 0 0 0 0 0 0 0 0 0 0 0 0 0 0 0 0 0 0 0 0 0 0 0 1 0 0 0 0 0 0 0 0]
[1604365727155612878913000331018912230120980091434163525987026155793637836254809546354076185085362047715803315144617329369355178126736523418256 0 0 0 0 0 0 0 0 0 0 0 0 0 0 0 0 0 0 0 0 0 0 0 0 0 0 0 0 0 0 0 0 0 0 0 0 0 0 1 0 0 0 0 0 0 0]
[2178773003884975461461120642847510318604844325474083653118631763250107453789425749765741875252195805413910583313835624558746230795528494695249 0 0 0 0 0 0 0 0 0 0 0 0 0 0 0 0 0 0 0 0 0 0 0 0 0 0 0 0 0 0 0 0 0 0 0 0 0 0 0 1 0 0 0 0 0 0]
[2353497382610406526742483102820525975923521742877773838227661955938111492331594920776935261998121594222215043490248069685218593375199631406508 0 0 0 0 0 0 0 0 0 0 0 0 0 0 0 0 0 0 0 0 0 0 0 0 0 0 0 0 0 0 0 0 0 0 0 0 0 0 0 0 1 0 0 0 0 0]
[1403995686274726792945211896128751892903032253608061517548759576709840297646987895991719974108538775982086240108838644303078808287626963112426 0 0 0 0 0 0 0 0 0 0 0 0 0 0 0 0 0 0 0 0 0 0 0 0 0 0 0 0 0 0 0 0 0 0 0 0 0 0 0 0 0 1 0 0 0 0]
[1201089320347277319267422821430418846696025452496596260603559487236742205411596466742388891626728130621242221690052957372478172232321687125789 0 0 0 0 0 0 0 0 0 0 0 0 0 0 0 0 0 0 0 0 0 0 0 0 0 0 0 0 0 0 0 0 0 0 0 0 0 0 0 0 0 0 1 0 0 0]
[1551522879900608054557231913981036011400177752713779833967869793549177867577623288984479494194163671111400514548023649697883544703977301597971 0 0 0 0 0 0 0 0 0 0 0 0 0 0 0 0 0 0 0 0 0 0 0 0 0 0 0 0 0 0 0 0 0 0 0 0 0 0 0 0 0 0 0 1 0 0]
[1186852472077718742489998106603359299031755297483350533944659238537349699915946002769493702893815058289102092551247728392553326638271284410544 0 0 0 0 0 0 0 0 0 0 0 0 0 0 0 0 0 0 0 0 0 0 0 0 0 0 0 0 0 0 0 0 0 0 0 0 0 0 0 0 0 0 0 0 1 0]
[1203600956622503116415584696280907742225913870305875022776140640780067783950114835310973573093258857935933014163057003793290015970256071804280 0 0 0 0 0 0 0 0 0 0 0 0 0 0 0 0 0 0 0 0 0 0 0 0 0 0 0 0 0 0 0 0 0 0 0 0 0 0 0 0 0 0 0 0 0 1]
]
