[[4602416386106898494337048102550093390843256526888187972224605467297639378723459986105579214821954019393284366156520630742904435818640899776119000196019008243834172776890814854024663795847492708372528821118393257906289 0 0 0 0 0 0 0 0 0 0 0 0 0 0 0 0 0 0 0 0 0 0 0 0 0 0 0 0 0 0 0 0 0 0 0 0 0 0 0 0 0 0 0 0 0 0 0 0 0 0 0 0 0 0 0 0 0 0 0 0 0 0 0 0 0 0 0 0 0 0 0]
[2515065180787846660889020192261823597743879836267630260364796339184426971679822582790583896237943906382063347776995683904749292878507008639454010528204166368651687785589318280353015363812979156736874593692658826257905 1 0 0 0 0 0 0 0 0 0 0 0 0 0 0 0 0 0 0 0 0 0 0 0 0 0 0 0 0 0 0 0 0 0 0 0 0 0 0 0 0 0 0 0 0 0 0 0 0 0 0 0 0 0 0 0 0 0 0 0 0 0 0 0 0 0 0 0 0 0 0]
[4295892100073299560058362848986769388605790664501115380675242431184154225175789472244608733318795047835512424030913923064820794240519410952436115789761106121205031181676008288143415963599602731509920648330436426649181 0 1 0 0 0 0 0 0 0 0 0 0 0 0 0 0 0 0 0 0 0 0 0 0 0 0 0 0 0 0 0 0 0 0 0 0 0 0 0 0 0 0 0 0 0 0 0 0 0 0 0 0 0 0 0 0 0 0 0 0 0 0 0 0 0 0 0 0 0 0 0]
[3051023593966352799760924486026798176118536341699367477292564565874288692861450727957009921340617475271372656538779767471052910879019036126047097540459663413399414384989073451842466711679808503195946854854720823166680 0 0 1 0 0 0 0 0 0 0 0 0 0 0 0 0 0 0 0 0 0 0 0 0 0 0 0 0 0 0 0 0 0 0 0 0 0 0 0 0 0 0 0 0 0 0 0 0 0 0 0 0 0 0 0 0 0 0 0 0 0 0 0 0 0 0 0 0 0 0 0]
[314603263947632333585667179366510598088405579673346317349389497016576624198499924864809424613617770959451682952826433328225488644226489558601031259523417951090093214138545961562431409228761377788440905724225866934771 0 0 0 1 0 0 0 0 0 0 0 0 0 0 0 0 0 0 0 0 0 0 0 0 0 0 0 0 0 0 0 0 0 0 0 0 0 0 0 0 0 0 0 0 0 0 0 0 0 0 0 0 0 0 0 0 0 0 0 0 0 0 0 0 0 0 0 0 0 0 0]
[192521252618748889948697809762279052288380691342836383640058330189487285944435901745744740258590923533266366296476009371000519961444490484874667003744806103600247210639725686567104539087521473392445121306171078598089 0 0 0 0 1 0 0 0 0 0 0 0 0 0 0 0 0 0 0 0 0 0 0 0 0 0 0 0 0 0 0 0 0 0 0 0 0 0 0 0 0 0 0 0 0 0 0 0 0 0 0 0 0 0 0 0 0 0 0 0 0 0 0 0 0 0 0 0 0 0 0]
[1515949627398152075358341696813598280255202124766258799942424770238340137713006741652865787144174346330628716970844973473073600409251204755058860721852511617917022243189695867514934144995734855756384182227466857857977 0 0 0 0 0 1 0 0 0 0 0 0 0 0 0 0 0 0 0 0 0 0 0 0 0 0 0 0 0 0 0 0 0 0 0 0 0 0 0 0 0 0 0 0 0 0 0 0 0 0 0 0 0 0 0 0 0 0 0 0 0 0 0 0 0 0 0 0 0 0 0]
[1924543420553319921743643437516980764282273740721750704986852865418736322775565178856359817949145538294095149915236133945651639880729492684266336461565894063833782997440264967649114754711325478890078862780068234784571 0 0 0 0 0 0 1 0 0 0 0 0 0 0 0 0 0 0 0 0 0 0 0 0 0 0 0 0 0 0 0 0 0 0 0 0 0 0 0 0 0 0 0 0 0 0 0 0 0 0 0 0 0 0 0 0 0 0 0 0 0 0 0 0 0 0 0 0 0 0 0]
[4073836741962829883488727130004420393882316538782096209749871961285651894625729852984576645433001232835905982037496051539389946474304823004802897838314453185905495029365557188988035126078601481206005294908930438616854 0 0 0 0 0 0 0 1 0 0 0 0 0 0 0 0 0 0 0 0 0 0 0 0 0 0 0 0 0 0 0 0 0 0 0 0 0 0 0 0 0 0 0 0 0 0 0 0 0 0 0 0 0 0 0 0 0 0 0 0 0 0 0 0 0 0 0 0 0 0 0]
[3878633197364287735430578718701643866792862448026395312442627280987627669502284204974542915538267058501077377902779141836495676557472058350216559029103199417137703678592701026765415736257047695698124076456052659847574 0 0 0 0 0 0 0 0 1 0 0 0 0 0 0 0 0 0 0 0 0 0 0 0 0 0 0 0 0 0 0 0 0 0 0 0 0 0 0 0 0 0 0 0 0 0 0 0 0 0 0 0 0 0 0 0 0 0 0 0 0 0 0 0 0 0 0 0 0 0 0]
[2130164896008828245281257185227548775473980886089148526549317340449326262170831143879944234094070697958427453945600159931774873559364458300590589812238244861363703009627858326089553221588721112287106321831352418733960 0 0 0 0 0 0 0 0 0 1 0 0 0 0 0 0 0 0 0 0 0 0 0 0 0 0 0 0 0 0 0 0 0 0 0 0 0 0 0 0 0 0 0 0 0 0 0 0 0 0 0 0 0 0 0 0 0 0 0 0 0 0 0 0 0 0 0 0 0 0 0]
[2880865773093715127467651124651574248546445379453449569091250211912661977296816654447739365595080448519177018394894995928403292898211884722491727170327039214045050787983104158774919935941536690481977436645831716734973 0 0 0 0 0 0 0 0 0 0 1 0 0 0 0 0 0 0 0 0 0 0 0 0 0 0 0 0 0 0 0 0 0 0 0 0 0 0 0 0 0 0 0 0 0 0 0 0 0 0 0 0 0 0 0 0 0 0 0 0 0 0 0 0 0 0 0 0 0 0 0]
[246960074711407089901316476291114162938579769182026520599335047671568415694930903397871389122749525461261913006671154043640270192478756064145228843811098427664922949141808586210501066699936927621784000710357057568873 0 0 0 0 0 0 0 0 0 0 0 1 0 0 0 0 0 0 0 0 0 0 0 0 0 0 0 0 0 0 0 0 0 0 0 0 0 0 0 0 0 0 0 0 0 0 0 0 0 0 0 0 0 0 0 0 0 0 0 0 0 0 0 0 0 0 0 0 0 0 0]
[4107645271630878899860046430839516929562421035675707295602388299498752935107713311986516784197032056080280640243317062880577469078494793259190674729930170832908208572224020874050980117906586925984278523961412546753974 0 0 0 0 0 0 0 0 0 0 0 0 1 0 0 0 0 0 0 0 0 0 0 0 0 0 0 0 0 0 0 0 0 0 0 0 0 0 0 0 0 0 0 0 0 0 0 0 0 0 0 0 0 0 0 0 0 0 0 0 0 0 0 0 0 0 0 0 0 0 0]
[3710961566089943594128659930478627055842382169097873407506383964798547844327418158389613892126239305524428775523669068829927062360458137266495068395158128603648489345783714605685343497725523913500583754746967716786013 0 0 0 0 0 0 0 0 0 0 0 0 0 1 0 0 0 0 0 0 0 0 0 0 0 0 0 0 0 0 0 0 0 0 0 0 0 0 0 0 0 0 0 0 0 0 0 0 0 0 0 0 0 0 0 0 0 0 0 0 0 0 0 0 0 0 0 0 0 0 0]
[4520546932564272920495820235554711317461603008515685425329033889685260737455181267826489447666580217264938873539516104239238316940413141639771322456668056851269481587125243227118371499438384878607782906336288787866484 0 0 0 0 0 0 0 0 0 0 0 0 0 0 1 0 0 0 0 0 0 0 0 0 0 0 0 0 0 0 0 0 0 0 0 0 0 0 0 0 0 0 0 0 0 0 0 0 0 0 0 0 0 0 0 0 0 0 0 0 0 0 0 0 0 0 0 0 0 0 0]
[29048536368324697737091803050397477557167695246562927709463547871406273641087871167407530954122977805088758667292307921100390405445165796583159926431932708905662240139961769072175208596439794130097584709446205833631 0 0 0 0 0 0 0 0 0 0 0 0 0 0 0 1 0 0 0 0 0 0 0 0 0 0 0 0 0 0 0 0 0 0 0 0 0 0 0 0 0 0 0 0 0 0 0 0 0 0 0 0 0 0 0 0 0 0 0 0 0 0 0 0 0 0 0 0 0 0 0]
[2037009267366265002863254326029135598807382580204319964372159736828937905415725639252998252151268753569311756007825503362012479738111079917206892862286720553334838176963318208291802612293218103239131420144332511419767 0 0 0 0 0 0 0 0 0 0 0 0 0 0 0 0 1 0 0 0 0 0 0 0 0 0 0 0 0 0 0 0 0 0 0 0 0 0 0 0 0 0 0 0 0 0 0 0 0 0 0 0 0 0 0 0 0 0 0 0 0 0 0 0 0 0 0 0 0 0 0]
[1009746321733489594285154096014835985759714889849361623256334917313219351390357247254107904137841544208202432826378250816242478205166998217396794008118527785050391443743484775161408098781916764545482840447841442114727 0 0 0 0 0 0 0 0 0 0 0 0 0 0 0 0 0 1 0 0 0 0 0 0 0 0 0 0 0 0 0 0 0 0 0 0 0 0 0 0 0 0 0 0 0 0 0 0 0 0 0 0 0 0 0 0 0 0 0 0 0 0 0 0 0 0 0 0 0 0 0]
[4370208528408248973536008870690395766952411826928664273342656930500933428836401326973101130447404084607937668873294903810948614563652471512681507343774960887983298915399856856218823225223722758026295656918262868919996 0 0 0 0 0 0 0 0 0 0 0 0 0 0 0 0 0 0 1 0 0 0 0 0 0 0 0 0 0 0 0 0 0 0 0 0 0 0 0 0 0 0 0 0 0 0 0 0 0 0 0 0 0 0 0 0 0 0 0 0 0 0 0 0 0 0 0 0 0 0 0]
[846027894170778094133957028506100919733862968364708393178421665206325166874065206111992827460030406655451898759986874733419129099031568661478573150357404171396230554970722296006340877137267612180474921232625810081843 0 0 0 0 0 0 0 0 0 0 0 0 0 0 0 0 0 0 0 1 0 0 0 0 0 0 0 0 0 0 0 0 0 0 0 0 0 0 0 0 0 0 0 0 0 0 0 0 0 0 0 0 0 0 0 0 0 0 0 0 0 0 0 0 0 0 0 0 0 0 0]
[600524955697915297883649267469736988951416002665251043424006554999160546630583422312340367701805336407671413628536995731801360359334420146044014380442810845193089427297525640677495632609661985008258234594571356378431 0 0 0 0 0 0 0 0 0 0 0 0 0 0 0 0 0 0 0 0 1 0 0 0 0 0 0 0 0 0 0 0 0 0 0 0 0 0 0 0 0 0 0 0 0 0 0 0 0 0 0 0 0 0 0 0 0 0 0 0 0 0 0 0 0 0 0 0 0 0 0]
[3552846136168625874539705429967366088830911784679716524254387299147010841981206598271917997655572407258747102183946970707912350050011389509809001164599081651351981461302339858006704443064728497731109785236468845413913 0 0 0 0 0 0 0 0 0 0 0 0 0 0 0 0 0 0 0 0 0 1 0 0 0 0 0 0 0 0 0 0 0 0 0 0 0 0 0 0 0 0 0 0 0 0 0 0 0 0 0 0 0 0 0 0 0 0 0 0 0 0 0 0 0 0 0 0 0 0 0]
[2790837009163816572755433127291719784635743054047604039909554460991887088316849522118901460990490087662769457161851465898585173779646023792799432744994674234648125636506869476948959044800307488382475696585979392908149 0 0 0 0 0 0 0 0 0 0 0 0 0 0 0 0 0 0 0 0 0 0 1 0 0 0 0 0 0 0 0 0 0 0 0 0 0 0 0 0 0 0 0 0 0 0 0 0 0 0 0 0 0 0 0 0 0 0 0 0 0 0 0 0 0 0 0 0 0 0 0]
[2381605738951804100876033644249513996839343516095504811470798027066772891585631648943393661256030068538508679167537014774287390955803951292609301930652871974693627688661553244523182359816855397126526612087322964393335 0 0 0 0 0 0 0 0 0 0 0 0 0 0 0 0 0 0 0 0 0 0 0 1 0 0 0 0 0 0 0 0 0 0 0 0 0 0 0 0 0 0 0 0 0 0 0 0 0 0 0 0 0 0 0 0 0 0 0 0 0 0 0 0 0 0 0 0 0 0 0]
[3091509535866134841338935006117085414720303633336787316189932425789423952404731693960953937693521845458501655306867609572853633222903056518835312944712126361204124689144350604152996340609831166543132251188962171434052 0 0 0 0 0 0 0 0 0 0 0 0 0 0 0 0 0 0 0 0 0 0 0 0 1 0 0 0 0 0 0 0 0 0 0 0 0 0 0 0 0 0 0 0 0 0 0 0 0 0 0 0 0 0 0 0 0 0 0 0 0 0 0 0 0 0 0 0 0 0 0]
[1081856745606332059713825380635254851880953119114535401176445323808554399587474723705572164133461485679020795173122254977732357836161668711197872332659798193810341146828759698003344358569377933092088837952718995422718 0 0 0 0 0 0 0 0 0 0 0 0 0 0 0 0 0 0 0 0 0 0 0 0 0 1 0 0 0 0 0 0 0 0 0 0 0 0 0 0 0 0 0 0 0 0 0 0 0 0 0 0 0 0 0 0 0 0 0 0 0 0 0 0 0 0 0 0 0 0 0]
[3626992572877457811857419722708669240011920523174758875499094999751248456363989151390782672662092489041085383324630625701448924289643196509966058808311522821109960157350690929144738244534901740011951370514324183222626 0 0 0 0 0 0 0 0 0 0 0 0 0 0 0 0 0 0 0 0 0 0 0 0 0 0 1 0 0 0 0 0 0 0 0 0 0 0 0 0 0 0 0 0 0 0 0 0 0 0 0 0 0 0 0 0 0 0 0 0 0 0 0 0 0 0 0 0 0 0 0]
[2361126351873699983905008811301966867573583293333835688073993250026875696968876650340149136098115285304929958860150189775396145571337692544719896779648111575688525077878924607175364539950005736239306191513153536614491 0 0 0 0 0 0 0 0 0 0 0 0 0 0 0 0 0 0 0 0 0 0 0 0 0 0 0 1 0 0 0 0 0 0 0 0 0 0 0 0 0 0 0 0 0 0 0 0 0 0 0 0 0 0 0 0 0 0 0 0 0 0 0 0 0 0 0 0 0 0 0]
[1942769083654919416596738411796107017785768878856247424269574960179375041473143612779567951300237151554534801677167938454707061442883770758003623570614915133767285629120112943477061627229900871137673961543537905564554 0 0 0 0 0 0 0 0 0 0 0 0 0 0 0 0 0 0 0 0 0 0 0 0 0 0 0 0 1 0 0 0 0 0 0 0 0 0 0 0 0 0 0 0 0 0 0 0 0 0 0 0 0 0 0 0 0 0 0 0 0 0 0 0 0 0 0 0 0 0 0]
[774839856010747297365575259518865274593365748174305151729058801071012297602338147947405251290517431268976390887590670462187806529360779915589841805557138032203927531296225104196008075639709031432376012226781702209547 0 0 0 0 0 0 0 0 0 0 0 0 0 0 0 0 0 0 0 0 0 0 0 0 0 0 0 0 0 1 0 0 0 0 0 0 0 0 0 0 0 0 0 0 0 0 0 0 0 0 0 0 0 0 0 0 0 0 0 0 0 0 0 0 0 0 0 0 0 0 0]
[4152189028979470073501068679064950080320870276175385930339975966308649777997487680578547190706226540265815607099208432382283923395915373874147571979996423956425242983344581410808875581169029874973196857551385331978247 0 0 0 0 0 0 0 0 0 0 0 0 0 0 0 0 0 0 0 0 0 0 0 0 0 0 0 0 0 0 1 0 0 0 0 0 0 0 0 0 0 0 0 0 0 0 0 0 0 0 0 0 0 0 0 0 0 0 0 0 0 0 0 0 0 0 0 0 0 0 0]
[1952183287616888490888459334483679202155264500840822694000864754164548570891155463744687514538901205230167277183649884856743110542808077205544885702899436309343713558904021035213115597374091945285154280050024043207188 0 0 0 0 0 0 0 0 0 0 0 0 0 0 0 0 0 0 0 0 0 0 0 0 0 0 0 0 0 0 0 1 0 0 0 0 0 0 0 0 0 0 0 0 0 0 0 0 0 0 0 0 0 0 0 0 0 0 0 0 0 0 0 0 0 0 0 0 0 0 0]
[1128313811332671488794686722412048509577657403860605591592418018934638074854049511366638909784810260353844531583530420844131144509951652383884190750073662636117287065693529204635147758038381787089148224464242616101785 0 0 0 0 0 0 0 0 0 0 0 0 0 0 0 0 0 0 0 0 0 0 0 0 0 0 0 0 0 0 0 0 1 0 0 0 0 0 0 0 0 0 0 0 0 0 0 0 0 0 0 0 0 0 0 0 0 0 0 0 0 0 0 0 0 0 0 0 0 0 0]
[182674236897095734206808468279499709017038718754871688965353277033879539067557746688228233414418716042311353914499804864813239175170132063996510334389532629143896730933647065478162194933319618109517714040790085251244 0 0 0 0 0 0 0 0 0 0 0 0 0 0 0 0 0 0 0 0 0 0 0 0 0 0 0 0 0 0 0 0 0 1 0 0 0 0 0 0 0 0 0 0 0 0 0 0 0 0 0 0 0 0 0 0 0 0 0 0 0 0 0 0 0 0 0 0 0 0 0]
[1432250130814852806223792024460759672623878185711122881346986855440794261051874280616554226494578061035523939322589432350918988320093496069665615155328541542789532528749747091470283990235194780442948212412731054220457 0 0 0 0 0 0 0 0 0 0 0 0 0 0 0 0 0 0 0 0 0 0 0 0 0 0 0 0 0 0 0 0 0 0 1 0 0 0 0 0 0 0 0 0 0 0 0 0 0 0 0 0 0 0 0 0 0 0 0 0 0 0 0 0 0 0 0 0 0 0 0]
[1210139584589959276885328951809376575877819943966108348833229493109962280727557463009971261137996265813143620742918012225724338033387657585917810447736714810688118005791111437480079516054210463205484689407559684791579 0 0 0 0 0 0 0 0 0 0 0 0 0 0 0 0 0 0 0 0 0 0 0 0 0 0 0 0 0 0 0 0 0 0 0 1 0 0 0 0 0 0 0 0 0 0 0 0 0 0 0 0 0 0 0 0 0 0 0 0 0 0 0 0 0 0 0 0 0 0 0]
[426404406408336661798479494798212611147068137182559728283026806921483278346139967004272337726045030539241403605800319984164407741186013380155398600867018176219220145910811146005861811503279907263875149172464472664995 0 0 0 0 0 0 0 0 0 0 0 0 0 0 0 0 0 0 0 0 0 0 0 0 0 0 0 0 0 0 0 0 0 0 0 0 1 0 0 0 0 0 0 0 0 0 0 0 0 0 0 0 0 0 0 0 0 0 0 0 0 0 0 0 0 0 0 0 0 0 0]
[281064402441222953415780297575544049908211718824747852752282896050489585933472537264994027060752925199383980588383666799988696212514400469491635801341404510535889528136299427115257252957062174757522754183641017548336 0 0 0 0 0 0 0 0 0 0 0 0 0 0 0 0 0 0 0 0 0 0 0 0 0 0 0 0 0 0 0 0 0 0 0 0 0 1 0 0 0 0 0 0 0 0 0 0 0 0 0 0 0 0 0 0 0 0 0 0 0 0 0 0 0 0 0 0 0 0 0]
[2310117212530017968481838082229418791916497267344327400567650760074855511980869490704477456782896142927823754810245812850332118297206032913239893035140946736907761458117950020055565594197325642904775752355910793707654 0 0 0 0 0 0 0 0 0 0 0 0 0 0 0 0 0 0 0 0 0 0 0 0 0 0 0 0 0 0 0 0 0 0 0 0 0 0 1 0 0 0 0 0 0 0 0 0 0 0 0 0 0 0 0 0 0 0 0 0 0 0 0 0 0 0 0 0 0 0 0]
[1981115719615358226239348465943395453965163551661583721853035713909888617668658095280733738540577771889784098849183923046628146771107673045171815694323832885085146730251797854860403475983211129382951270871993347240043 0 0 0 0 0 0 0 0 0 0 0 0 0 0 0 0 0 0 0 0 0 0 0 0 0 0 0 0 0 0 0 0 0 0 0 0 0 0 0 1 0 0 0 0 0 0 0 0 0 0 0 0 0 0 0 0 0 0 0 0 0 0 0 0 0 0 0 0 0 0 0]
[3078825091624836679650979315971009609086913294697643140958727562802427134274167861114193885357655129209054621060801257948365036677259293204353312499072240005543694950705078150845478055661003682129594258861571198010267 0 0 0 0 0 0 0 0 0 0 0 0 0 0 0 0 0 0 0 0 0 0 0 0 0 0 0 0 0 0 0 0 0 0 0 0 0 0 0 0 1 0 0 0 0 0 0 0 0 0 0 0 0 0 0 0 0 0 0 0 0 0 0 0 0 0 0 0 0 0 0]
[2208288221712549213950656845719590208745117754747630015440172370058383072341653492073719541653241874681819736057656197885203368916533777533010526558493283315708347180637585455703602619288945028309880641940982337757743 0 0 0 0 0 0 0 0 0 0 0 0 0 0 0 0 0 0 0 0 0 0 0 0 0 0 0 0 0 0 0 0 0 0 0 0 0 0 0 0 0 1 0 0 0 0 0 0 0 0 0 0 0 0 0 0 0 0 0 0 0 0 0 0 0 0 0 0 0 0 0]
[1522717987794953501830562455804419396757531279781860709245306943112036014677390907777966622053095366973308031170902537358452341285960767570791034441138355739425136209162220910592238765682351424928138823842148693293655 0 0 0 0 0 0 0 0 0 0 0 0 0 0 0 0 0 0 0 0 0 0 0 0 0 0 0 0 0 0 0 0 0 0 0 0 0 0 0 0 0 0 1 0 0 0 0 0 0 0 0 0 0 0 0 0 0 0 0 0 0 0 0 0 0 0 0 0 0 0 0]
[2721681965646514640367553971951545117560541489411771101267249848850847508605304265336100235054975937976960618567663317947814748882961826646621653153926265101834841555831173339641935729313139965054846950541678212304436 0 0 0 0 0 0 0 0 0 0 0 0 0 0 0 0 0 0 0 0 0 0 0 0 0 0 0 0 0 0 0 0 0 0 0 0 0 0 0 0 0 0 0 1 0 0 0 0 0 0 0 0 0 0 0 0 0 0 0 0 0 0 0 0 0 0 0 0 0 0 0]
[3736950379781378290678390490819684180419395574617804513987742788975198912662594509452970513544304070185972132864803576846062400900988472688697148463719606086984750291213335876134523440424871364168085587678274264522444 0 0 0 0 0 0 0 0 0 0 0 0 0 0 0 0 0 0 0 0 0 0 0 0 0 0 0 0 0 0 0 0 0 0 0 0 0 0 0 0 0 0 0 0 1 0 0 0 0 0 0 0 0 0 0 0 0 0 0 0 0 0 0 0 0 0 0 0 0 0 0]
[2023462971299578516064957119943240385461316232110258740947680167316266468639453529015712068531255347088523435515099276384311521485802754107617921422119926159177858209674818782294943268847979803259250452337125650211809 0 0 0 0 0 0 0 0 0 0 0 0 0 0 0 0 0 0 0 0 0 0 0 0 0 0 0 0 0 0 0 0 0 0 0 0 0 0 0 0 0 0 0 0 0 1 0 0 0 0 0 0 0 0 0 0 0 0 0 0 0 0 0 0 0 0 0 0 0 0 0]
[2163099383917379111742145206779853039045470976768141649740794282113180377387480091257189773911713618448080130496781140599157254323032352620987703234528690925209805959878340162690659926964086980408045462880602814575199 0 0 0 0 0 0 0 0 0 0 0 0 0 0 0 0 0 0 0 0 0 0 0 0 0 0 0 0 0 0 0 0 0 0 0 0 0 0 0 0 0 0 0 0 0 0 1 0 0 0 0 0 0 0 0 0 0 0 0 0 0 0 0 0 0 0 0 0 0 0 0]
[1181961177027882881460975998665560793511088258453308323163340832439813096415444358797087206965234908603450039031231086686458602291889681808078227297957264678598833816464448413022239005664437426045111820342268034277066 0 0 0 0 0 0 0 0 0 0 0 0 0 0 0 0 0 0 0 0 0 0 0 0 0 0 0 0 0 0 0 0 0 0 0 0 0 0 0 0 0 0 0 0 0 0 0 1 0 0 0 0 0 0 0 0 0 0 0 0 0 0 0 0 0 0 0 0 0 0 0]
[1126043266617827179702911819078575252108392632316133438678101895161209321579964271927093666329293729529564861796059735311349426652271164316330441482461495944395988959371759369752945469647881225522579288184133840196940 0 0 0 0 0 0 0 0 0 0 0 0 0 0 0 0 0 0 0 0 0 0 0 0 0 0 0 0 0 0 0 0 0 0 0 0 0 0 0 0 0 0 0 0 0 0 0 0 1 0 0 0 0 0 0 0 0 0 0 0 0 0 0 0 0 0 0 0 0 0 0]
[1304034855466246336709633002133581535105057415911214097924376506013674599149623655229472355916628532489212605425252936472000912030656765443310972023363816347510739248045340974150947345438677428931861086112040452769084 0 0 0 0 0 0 0 0 0 0 0 0 0 0 0 0 0 0 0 0 0 0 0 0 0 0 0 0 0 0 0 0 0 0 0 0 0 0 0 0 0 0 0 0 0 0 0 0 0 1 0 0 0 0 0 0 0 0 0 0 0 0 0 0 0 0 0 0 0 0 0]
[3584719774480705948667951452169846789036989720747568949057105361239950001601085763474970336210904293351599941217440525342102012683780439531306109254522664688340482630845353357586220107900185904779619838121916852950064 0 0 0 0 0 0 0 0 0 0 0 0 0 0 0 0 0 0 0 0 0 0 0 0 0 0 0 0 0 0 0 0 0 0 0 0 0 0 0 0 0 0 0 0 0 0 0 0 0 0 1 0 0 0 0 0 0 0 0 0 0 0 0 0 0 0 0 0 0 0 0]
[3354035214042717181266319287088272169928078011655173356187397319429745530778371597065837756697483878105921129716394022409966191027134580968514054759682252818764608622584339184554385827347204434240974607454869090320466 0 0 0 0 0 0 0 0 0 0 0 0 0 0 0 0 0 0 0 0 0 0 0 0 0 0 0 0 0 0 0 0 0 0 0 0 0 0 0 0 0 0 0 0 0 0 0 0 0 0 0 1 0 0 0 0 0 0 0 0 0 0 0 0 0 0 0 0 0 0 0]
[3369861626842458370996947990341198433322574455617548889826335117366240979646765001592265323501708177011077362812393077862652649225092207998051542988550026372791008224922757787362569740044604282646455030431738770435690 0 0 0 0 0 0 0 0 0 0 0 0 0 0 0 0 0 0 0 0 0 0 0 0 0 0 0 0 0 0 0 0 0 0 0 0 0 0 0 0 0 0 0 0 0 0 0 0 0 0 0 0 1 0 0 0 0 0 0 0 0 0 0 0 0 0 0 0 0 0 0]
[701720484384566321274849875578543435944676327570372705851105967975830453960086329458147513188606606931744392659852254452986041343474925061533059834636408304828017455677882000906386485338754266536451913588233331245146 0 0 0 0 0 0 0 0 0 0 0 0 0 0 0 0 0 0 0 0 0 0 0 0 0 0 0 0 0 0 0 0 0 0 0 0 0 0 0 0 0 0 0 0 0 0 0 0 0 0 0 0 0 1 0 0 0 0 0 0 0 0 0 0 0 0 0 0 0 0 0]
[1001343028704253102996697176090441898315052527471976772254376414062329750415984376439091138211780377918994687028774375203656530633396019225630530555854378787840151927723352698688809472543551260321593225807938026377230 0 0 0 0 0 0 0 0 0 0 0 0 0 0 0 0 0 0 0 0 0 0 0 0 0 0 0 0 0 0 0 0 0 0 0 0 0 0 0 0 0 0 0 0 0 0 0 0 0 0 0 0 0 0 1 0 0 0 0 0 0 0 0 0 0 0 0 0 0 0 0]
[2946061136202782868483507462003360383559903081326591067074500550106809927867762022923258094186225326032623884083162970845830298268207511664152567167208352165798029918618388495425648334453991564941932536170436918926962 0 0 0 0 0 0 0 0 0 0 0 0 0 0 0 0 0 0 0 0 0 0 0 0 0 0 0 0 0 0 0 0 0 0 0 0 0 0 0 0 0 0 0 0 0 0 0 0 0 0 0 0 0 0 0 1 0 0 0 0 0 0 0 0 0 0 0 0 0 0 0]
[4493324813162195128283691257475268614309479280208547357367780181617401038388856682314867118611872874134424401090673111795073775557186680599962388660364155025677529041435122689621951367834265001538649471963954442807269 0 0 0 0 0 0 0 0 0 0 0 0 0 0 0 0 0 0 0 0 0 0 0 0 0 0 0 0 0 0 0 0 0 0 0 0 0 0 0 0 0 0 0 0 0 0 0 0 0 0 0 0 0 0 0 0 1 0 0 0 0 0 0 0 0 0 0 0 0 0 0]
[3769705476087438750578128672688508743486914968518544127005448142999933475102451544478992517014259267904717447705415744835404058905752705523273098858261806875311060674211032633694411176638704936717496957372378236431598 0 0 0 0 0 0 0 0 0 0 0 0 0 0 0 0 0 0 0 0 0 0 0 0 0 0 0 0 0 0 0 0 0 0 0 0 0 0 0 0 0 0 0 0 0 0 0 0 0 0 0 0 0 0 0 0 0 1 0 0 0 0 0 0 0 0 0 0 0 0 0]
[1663522418382514127021220213727509412082261064284131769835588360303029854969547554080159457886951999544999433946841405384829506141733539874405059939094766662895798978069442814823923723245937177018743455306768734512130 0 0 0 0 0 0 0 0 0 0 0 0 0 0 0 0 0 0 0 0 0 0 0 0 0 0 0 0 0 0 0 0 0 0 0 0 0 0 0 0 0 0 0 0 0 0 0 0 0 0 0 0 0 0 0 0 0 0 1 0 0 0 0 0 0 0 0 0 0 0 0]
[3582428573369075556339675274784277363071286913477241340601421224229817515627375114926401741059385192699247628989916715670221925693767422913094191944155376697638017932809018301747201151286616420560770534619303788140315 0 0 0 0 0 0 0 0 0 0 0 0 0 0 0 0 0 0 0 0 0 0 0 0 0 0 0 0 0 0 0 0 0 0 0 0 0 0 0 0 0 0 0 0 0 0 0 0 0 0 0 0 0 0 0 0 0 0 0 1 0 0 0 0 0 0 0 0 0 0 0]
[179644865296854137162714566898452987545944354610983457326940857778948457327821248069506840642256289222392073577878125641809081255049631981994773911616746091138351756241439082832602591231355265459103459185949230224222 0 0 0 0 0 0 0 0 0 0 0 0 0 0 0 0 0 0 0 0 0 0 0 0 0 0 0 0 0 0 0 0 0 0 0 0 0 0 0 0 0 0 0 0 0 0 0 0 0 0 0 0 0 0 0 0 0 0 0 0 1 0 0 0 0 0 0 0 0 0 0]
[3254615636751756469166835667899342919970517264131247748669222224514969993801012499418482112066072811251270057915026980228451940957192990754100808410891681866613946138654137816350986652897128648712293502305275450384108 0 0 0 0 0 0 0 0 0 0 0 0 0 0 0 0 0 0 0 0 0 0 0 0 0 0 0 0 0 0 0 0 0 0 0 0 0 0 0 0 0 0 0 0 0 0 0 0 0 0 0 0 0 0 0 0 0 0 0 0 0 1 0 0 0 0 0 0 0 0 0]
[184480429222830487568182213383899958356383082742809228777481143342516340547735771034893848973059710606188300692129301945353052552402256930621277640368543568946377387572552340696135536331241584436538290287398200814140 0 0 0 0 0 0 0 0 0 0 0 0 0 0 0 0 0 0 0 0 0 0 0 0 0 0 0 0 0 0 0 0 0 0 0 0 0 0 0 0 0 0 0 0 0 0 0 0 0 0 0 0 0 0 0 0 0 0 0 0 0 0 1 0 0 0 0 0 0 0 0]
[1729084638541464908203892095315605932390399554646246019784619491314346710552893541741315857054340925302385669953030060486017954324212081490046268746126276672887325857569161900604053051702212282172216180272850853096087 0 0 0 0 0 0 0 0 0 0 0 0 0 0 0 0 0 0 0 0 0 0 0 0 0 0 0 0 0 0 0 0 0 0 0 0 0 0 0 0 0 0 0 0 0 0 0 0 0 0 0 0 0 0 0 0 0 0 0 0 0 0 0 1 0 0 0 0 0 0 0]
[1320945745788747617383927425681883870998818604886950756162032593455206635383648054802632646750206763503266463810715932095700339749268825052622024715879391520595008308348199952893606413343114038725386800677166903228702 0 0 0 0 0 0 0 0 0 0 0 0 0 0 0 0 0 0 0 0 0 0 0 0 0 0 0 0 0 0 0 0 0 0 0 0 0 0 0 0 0 0 0 0 0 0 0 0 0 0 0 0 0 0 0 0 0 0 0 0 0 0 0 0 1 0 0 0 0 0 0]
[956090088496595549105050151415187411723118498302892618332522736721055727175738087661009032058003818584586929383135101565699890716434631455137022356072228921339777237739394051446520081066238553714904958162769075799893 0 0 0 0 0 0 0 0 0 0 0 0 0 0 0 0 0 0 0 0 0 0 0 0 0 0 0 0 0 0 0 0 0 0 0 0 0 0 0 0 0 0 0 0 0 0 0 0 0 0 0 0 0 0 0 0 0 0 0 0 0 0 0 0 0 1 0 0 0 0 0]
[3547870585036151943700730671913885815099309135380658519142753245415708769947331751182336953852981292013605341639038026666513451053664001296579725105366596908238701886264094641718818990284705434205971458317221476685580 0 0 0 0 0 0 0 0 0 0 0 0 0 0 0 0 0 0 0 0 0 0 0 0 0 0 0 0 0 0 0 0 0 0 0 0 0 0 0 0 0 0 0 0 0 0 0 0 0 0 0 0 0 0 0 0 0 0 0 0 0 0 0 0 0 0 1 0 0 0 0]
[978341438983864272529003487104268169453377704039645190855212799497241341640217401223476462946927865566264282275415937083959841555331595386285810261783443644945134463188955632016089093213874577129999973664039537705950 0 0 0 0 0 0 0 0 0 0 0 0 0 0 0 0 0 0 0 0 0 0 0 0 0 0 0 0 0 0 0 0 0 0 0 0 0 0 0 0 0 0 0 0 0 0 0 0 0 0 0 0 0 0 0 0 0 0 0 0 0 0 0 0 0 0 0 1 0 0 0]
[3973087402318393111396422891041385164407523662833787074496619379284135346732639971797442348174796934851588692986545997364180111442948623876755723886404527255889425112265989619587107323617566794158603339333230785716264 0 0 0 0 0 0 0 0 0 0 0 0 0 0 0 0 0 0 0 0 0 0 0 0 0 0 0 0 0 0 0 0 0 0 0 0 0 0 0 0 0 0 0 0 0 0 0 0 0 0 0 0 0 0 0 0 0 0 0 0 0 0 0 0 0 0 0 0 1 0 0]
[3626374643928177148940906549690420060718123911364984592711971001850113661195626423981079971361632555564373697525234634659859667693765438626240589254189717368032754569604456122789953276675000482685602948322425651288903 0 0 0 0 0 0 0 0 0 0 0 0 0 0 0 0 0 0 0 0 0 0 0 0 0 0 0 0 0 0 0 0 0 0 0 0 0 0 0 0 0 0 0 0 0 0 0 0 0 0 0 0 0 0 0 0 0 0 0 0 0 0 0 0 0 0 0 0 0 1 0]
[370539715406691389438292460928452232013992167439781253769359459027024601989965682767618964402178573283544185847698022809759152906779216383208451188028022494830384827428992868008633751000776934828851258631743631345005 0 0 0 0 0 0 0 0 0 0 0 0 0 0 0 0 0 0 0 0 0 0 0 0 0 0 0 0 0 0 0 0 0 0 0 0 0 0 0 0 0 0 0 0 0 0 0 0 0 0 0 0 0 0 0 0 0 0 0 0 0 0 0 0 0 0 0 0 0 0 1]
]
