[[5566003254684682668679541142000151922022443607040025657012030922660776302966897434848483322609566996175426894741997334962904213688666587957572027178908237816427429026512158803831746793062255992408574162363655063598566911254411883039987337417689631149097 0 0 0 0 0 0 0 0 0 0 0 0 0 0 0 0 0 0 0 0 0 0 0 0 0 0 0 0 0 0 0 0 0 0 0 0 0 0 0 0 0 0 0 0 0 0 0 0 0 0 0 0 0 0 0 0 0 0 0 0 0 0 0 0 0 0 0 0 0 0 0 0 0 0 0 0 0 0 0 0 0 0 0]
[466330959852710686462012132075526328802016860649834847994280566457140347989267304334563174820239718250594938077755126854931770100424990928250828915966626665447499654206394757231661157153221198998553031944618794071928071892284118574142399108402222153338 1 0 0 0 0 0 0 0 0 0 0 0 0 0 0 0 0 0 0 0 0 0 0 0 0 0 0 0 0 0 0 0 0 0 0 0 0 0 0 0 0 0 0 0 0 0 0 0 0 0 0 0 0 0 0 0 0 0 0 0 0 0 0 0 0 0 0 0 0 0 0 0 0 0 0 0 0 0 0 0 0 0 0]
[981912298789464298367396048066350901916747477211687593144462931136597054690811143563100655551885995441967035448680523140504417333630928548372133834038760042504622039075542479385615574901600518345137379492326626478866421442328899161544566873489189488085 0 1 0 0 0 0 0 0 0 0 0 0 0 0 0 0 0 0 0 0 0 0 0 0 0 0 0 0 0 0 0 0 0 0 0 0 0 0 0 0 0 0 0 0 0 0 0 0 0 0 0 0 0 0 0 0 0 0 0 0 0 0 0 0 0 0 0 0 0 0 0 0 0 0 0 0 0 0 0 0 0 0 0]
[1740507295474182155965840469580222846194623784562633305980496032647349782267662919968059020784965401586404419989326147281892330815318824952575047704575217651261643035017988176264514365660665330320974249768705060309779763217066785667309978824209118198696 0 0 1 0 0 0 0 0 0 0 0 0 0 0 0 0 0 0 0 0 0 0 0 0 0 0 0 0 0 0 0 0 0 0 0 0 0 0 0 0 0 0 0 0 0 0 0 0 0 0 0 0 0 0 0 0 0 0 0 0 0 0 0 0 0 0 0 0 0 0 0 0 0 0 0 0 0 0 0 0 0 0 0]
[3753959756819624498112671103059110270344754093533669543213608677229022866830800317399293933993097252891648217848956811509369167081280143207273160772920392812601716179660384835947864060175321331617807403845588340785032639639837436899626693728311932719780 0 0 0 1 0 0 0 0 0 0 0 0 0 0 0 0 0 0 0 0 0 0 0 0 0 0 0 0 0 0 0 0 0 0 0 0 0 0 0 0 0 0 0 0 0 0 0 0 0 0 0 0 0 0 0 0 0 0 0 0 0 0 0 0 0 0 0 0 0 0 0 0 0 0 0 0 0 0 0 0 0 0 0]
[3363551844718350045650571085430881703507369774273487396475974647783628447209909838207488156869700240354940046537476606114857528559414457518085261157915535047720712723900872544765677899976177872866572355265268934478883332126257695257624115179401805136776 0 0 0 0 1 0 0 0 0 0 0 0 0 0 0 0 0 0 0 0 0 0 0 0 0 0 0 0 0 0 0 0 0 0 0 0 0 0 0 0 0 0 0 0 0 0 0 0 0 0 0 0 0 0 0 0 0 0 0 0 0 0 0 0 0 0 0 0 0 0 0 0 0 0 0 0 0 0 0 0 0 0 0]
[3169453591676892896319834107776534831589482110527616336420463590034748073363195812329198647316103370782225293784956289367055487764992756225416617978153484878850125915782619875188485691660997169680856538559410683303880380067096141694469672413153113102832 0 0 0 0 0 1 0 0 0 0 0 0 0 0 0 0 0 0 0 0 0 0 0 0 0 0 0 0 0 0 0 0 0 0 0 0 0 0 0 0 0 0 0 0 0 0 0 0 0 0 0 0 0 0 0 0 0 0 0 0 0 0 0 0 0 0 0 0 0 0 0 0 0 0 0 0 0 0 0 0 0 0 0]
[5170592188356010570264659510744189951420068735709060537286061937232094288256280740146058446533508921998490115145981092619997095869411037813601138997410257983890277597177113997725878911832778896639609324498077779341323697037345159512372356708759860927983 0 0 0 0 0 0 1 0 0 0 0 0 0 0 0 0 0 0 0 0 0 0 0 0 0 0 0 0 0 0 0 0 0 0 0 0 0 0 0 0 0 0 0 0 0 0 0 0 0 0 0 0 0 0 0 0 0 0 0 0 0 0 0 0 0 0 0 0 0 0 0 0 0 0 0 0 0 0 0 0 0 0 0]
[3975786308508389106696772581806210298110967484821094645417978481732406733816220272841944875295748611757388985012581485783625361280738632621840120985791952477854882130760885648138959225555904438314310198879734494324683157503907147391995514415486304204432 0 0 0 0 0 0 0 1 0 0 0 0 0 0 0 0 0 0 0 0 0 0 0 0 0 0 0 0 0 0 0 0 0 0 0 0 0 0 0 0 0 0 0 0 0 0 0 0 0 0 0 0 0 0 0 0 0 0 0 0 0 0 0 0 0 0 0 0 0 0 0 0 0 0 0 0 0 0 0 0 0 0 0]
[1274515992017114072925807990352875162673133327991038236335370974440678029856058563207424671716116587095447890933533681072736830277230562659257419276486227025106560186328957934614144550121174229769696687118250196430614913300214208198669344083872788318017 0 0 0 0 0 0 0 0 1 0 0 0 0 0 0 0 0 0 0 0 0 0 0 0 0 0 0 0 0 0 0 0 0 0 0 0 0 0 0 0 0 0 0 0 0 0 0 0 0 0 0 0 0 0 0 0 0 0 0 0 0 0 0 0 0 0 0 0 0 0 0 0 0 0 0 0 0 0 0 0 0 0 0]
[3207661478289489657385811976991285662977125602167091849559116993203797948609691260196363687118459797333442729433605903947926377717575419111369146578236353250686956615680789734608123421978411812795509349448417029766244768846957244815847061839402878216404 0 0 0 0 0 0 0 0 0 1 0 0 0 0 0 0 0 0 0 0 0 0 0 0 0 0 0 0 0 0 0 0 0 0 0 0 0 0 0 0 0 0 0 0 0 0 0 0 0 0 0 0 0 0 0 0 0 0 0 0 0 0 0 0 0 0 0 0 0 0 0 0 0 0 0 0 0 0 0 0 0 0 0]
[2926042879532557530502124559050150837761030238524062793963137631295635409921533759465275770827726170895859577410100179771745768709875907867202165318463744081887905193948533433368525323257632716961124682959107913066095157325965175950495760917650953199033 0 0 0 0 0 0 0 0 0 0 1 0 0 0 0 0 0 0 0 0 0 0 0 0 0 0 0 0 0 0 0 0 0 0 0 0 0 0 0 0 0 0 0 0 0 0 0 0 0 0 0 0 0 0 0 0 0 0 0 0 0 0 0 0 0 0 0 0 0 0 0 0 0 0 0 0 0 0 0 0 0 0 0]
[4584227317078454893434996364979394957813280284559050405371141704033576975549740424081188616309851126026176215059493891829937906196237530406490879339720355188677559813510756248813012813544369190779160751996900094992564414961713580580508331396133377764852 0 0 0 0 0 0 0 0 0 0 0 1 0 0 0 0 0 0 0 0 0 0 0 0 0 0 0 0 0 0 0 0 0 0 0 0 0 0 0 0 0 0 0 0 0 0 0 0 0 0 0 0 0 0 0 0 0 0 0 0 0 0 0 0 0 0 0 0 0 0 0 0 0 0 0 0 0 0 0 0 0 0 0]
[3348650885182832800467643048852875310972565293517668221624853251979576891881886372638262007384008906656956217266932174750400077066145125637859679437436316642176499620482068062146528080007764545573283819394379297881444438532410384625335083940518966870260 0 0 0 0 0 0 0 0 0 0 0 0 1 0 0 0 0 0 0 0 0 0 0 0 0 0 0 0 0 0 0 0 0 0 0 0 0 0 0 0 0 0 0 0 0 0 0 0 0 0 0 0 0 0 0 0 0 0 0 0 0 0 0 0 0 0 0 0 0 0 0 0 0 0 0 0 0 0 0 0 0 0 0]
[531406393052461705287152790910996571193002417039733987662650329873294216326898847246145381892382991723668552519058509985430533501300400846710166096196315745740651956089085472197616672958898908807179782816682205953295602756771468304761755033388948140481 0 0 0 0 0 0 0 0 0 0 0 0 0 1 0 0 0 0 0 0 0 0 0 0 0 0 0 0 0 0 0 0 0 0 0 0 0 0 0 0 0 0 0 0 0 0 0 0 0 0 0 0 0 0 0 0 0 0 0 0 0 0 0 0 0 0 0 0 0 0 0 0 0 0 0 0 0 0 0 0 0 0 0]
[4944649793828064817444927765845761569433263241336662584537202076985578675535358475878674171012265950900545469480920334448885888917724985793549140657526743405953911057801145612222669283034913615097476835374560488831379889444745742860158255656792556034638 0 0 0 0 0 0 0 0 0 0 0 0 0 0 1 0 0 0 0 0 0 0 0 0 0 0 0 0 0 0 0 0 0 0 0 0 0 0 0 0 0 0 0 0 0 0 0 0 0 0 0 0 0 0 0 0 0 0 0 0 0 0 0 0 0 0 0 0 0 0 0 0 0 0 0 0 0 0 0 0 0 0 0]
[3685913534490653253423605287808832793098644092361166466236143948718605822499325566708817001070080620528866443385397615273367101033208056040076648568466869258802494870266995720657970944628408780778143501580415777769924003832294330876425689630067659109537 0 0 0 0 0 0 0 0 0 0 0 0 0 0 0 1 0 0 0 0 0 0 0 0 0 0 0 0 0 0 0 0 0 0 0 0 0 0 0 0 0 0 0 0 0 0 0 0 0 0 0 0 0 0 0 0 0 0 0 0 0 0 0 0 0 0 0 0 0 0 0 0 0 0 0 0 0 0 0 0 0 0 0]
[3610687825322217594176728769934815758630368951941798147759824405985077275526119576935870718598926590798008690282155197308000337123717645625746429376476310668135102789399577905768186882291831790722898618021303738162717709063471442684816521312090860870004 0 0 0 0 0 0 0 0 0 0 0 0 0 0 0 0 1 0 0 0 0 0 0 0 0 0 0 0 0 0 0 0 0 0 0 0 0 0 0 0 0 0 0 0 0 0 0 0 0 0 0 0 0 0 0 0 0 0 0 0 0 0 0 0 0 0 0 0 0 0 0 0 0 0 0 0 0 0 0 0 0 0 0]
[2231128576647704778179374464484864240046730855503053049268735369898564795015354562858620301408838688757574363959001465685162907408970680870426243300657261789962021411846790605113168637574414046376442424351116200861682982058743111686286002333145192884157 0 0 0 0 0 0 0 0 0 0 0 0 0 0 0 0 0 1 0 0 0 0 0 0 0 0 0 0 0 0 0 0 0 0 0 0 0 0 0 0 0 0 0 0 0 0 0 0 0 0 0 0 0 0 0 0 0 0 0 0 0 0 0 0 0 0 0 0 0 0 0 0 0 0 0 0 0 0 0 0 0 0 0]
[3450878860581919807290315724645741604012957542509617035820598617547025489042545247785420199121355745415349601981137993164488904832207921898796049724119275978928851202111030130741707525810948590897297449791500866407308384290103995858433703022710855807371 0 0 0 0 0 0 0 0 0 0 0 0 0 0 0 0 0 0 1 0 0 0 0 0 0 0 0 0 0 0 0 0 0 0 0 0 0 0 0 0 0 0 0 0 0 0 0 0 0 0 0 0 0 0 0 0 0 0 0 0 0 0 0 0 0 0 0 0 0 0 0 0 0 0 0 0 0 0 0 0 0 0 0]
[2511112849261167686424859232277746090965042068228107031134638266052562639510039522882487113096321335019431096479335927379605998843161997080366415451296971698308048782357598357193471538795803363450912290156775365720059164624698706531899973013567269325882 0 0 0 0 0 0 0 0 0 0 0 0 0 0 0 0 0 0 0 1 0 0 0 0 0 0 0 0 0 0 0 0 0 0 0 0 0 0 0 0 0 0 0 0 0 0 0 0 0 0 0 0 0 0 0 0 0 0 0 0 0 0 0 0 0 0 0 0 0 0 0 0 0 0 0 0 0 0 0 0 0 0 0]
[1496886957130057483318190956303419967233951865296332596309183605943196398975980756698415242993742161380343546586027061525045477152032236436600600693525467339993584165133994180582815802750777324074702096262438885744831939839370257778081301646268773367978 0 0 0 0 0 0 0 0 0 0 0 0 0 0 0 0 0 0 0 0 1 0 0 0 0 0 0 0 0 0 0 0 0 0 0 0 0 0 0 0 0 0 0 0 0 0 0 0 0 0 0 0 0 0 0 0 0 0 0 0 0 0 0 0 0 0 0 0 0 0 0 0 0 0 0 0 0 0 0 0 0 0 0]
[894001775235769812761216896797323453154474204477030384604027566069697271448447791075028698230889734246441435468288849827875123590228064766660182598913707414359657137042885241943585164703163978589421928814808381393097991560976132057349166338830613892407 0 0 0 0 0 0 0 0 0 0 0 0 0 0 0 0 0 0 0 0 0 1 0 0 0 0 0 0 0 0 0 0 0 0 0 0 0 0 0 0 0 0 0 0 0 0 0 0 0 0 0 0 0 0 0 0 0 0 0 0 0 0 0 0 0 0 0 0 0 0 0 0 0 0 0 0 0 0 0 0 0 0 0]
[1994001615666001855745412310729223771229035551106313349369189761855360423455982912614796951487063702280555049165140518087697599329657652782641636268562118000278429982876656492821834023651331138298517299389966646323195117223044275739362761801532678767777 0 0 0 0 0 0 0 0 0 0 0 0 0 0 0 0 0 0 0 0 0 0 1 0 0 0 0 0 0 0 0 0 0 0 0 0 0 0 0 0 0 0 0 0 0 0 0 0 0 0 0 0 0 0 0 0 0 0 0 0 0 0 0 0 0 0 0 0 0 0 0 0 0 0 0 0 0 0 0 0 0 0 0]
[2032028631065512912919313012136596478886745007791277073137220084650724887101682917685857915614054367864204885745953154013963345214579987482258263839552128046674751056899699403525802359815282632124123450338478674498594978435672191177669739336935502088880 0 0 0 0 0 0 0 0 0 0 0 0 0 0 0 0 0 0 0 0 0 0 0 1 0 0 0 0 0 0 0 0 0 0 0 0 0 0 0 0 0 0 0 0 0 0 0 0 0 0 0 0 0 0 0 0 0 0 0 0 0 0 0 0 0 0 0 0 0 0 0 0 0 0 0 0 0 0 0 0 0 0 0]
[4894689314377254213423133715603606992682177247317278372677232682137791119962206895758998023752325934777750854171903315334529186701855563423591087184419625294863612592543437281955396903923253900179360847430302649365321138518031379015668905703474164603381 0 0 0 0 0 0 0 0 0 0 0 0 0 0 0 0 0 0 0 0 0 0 0 0 1 0 0 0 0 0 0 0 0 0 0 0 0 0 0 0 0 0 0 0 0 0 0 0 0 0 0 0 0 0 0 0 0 0 0 0 0 0 0 0 0 0 0 0 0 0 0 0 0 0 0 0 0 0 0 0 0 0 0]
[3916098505986488407561136598443685354036947728051643664700950522822129842473184900957631821686239781638265588624177875608000572048625196765387178383255165637255390232031228501676097545156123552730398802509049816232324548109210891845757450483260815971103 0 0 0 0 0 0 0 0 0 0 0 0 0 0 0 0 0 0 0 0 0 0 0 0 0 1 0 0 0 0 0 0 0 0 0 0 0 0 0 0 0 0 0 0 0 0 0 0 0 0 0 0 0 0 0 0 0 0 0 0 0 0 0 0 0 0 0 0 0 0 0 0 0 0 0 0 0 0 0 0 0 0 0]
[2594918399583027298842392878545843244145670472603638186295297593839701630153517297411641308780187090883762113341115046929546335251511742076413224925006669297138817234614943839153348178177575223046165599976619876659540536595869386780727632902732016736788 0 0 0 0 0 0 0 0 0 0 0 0 0 0 0 0 0 0 0 0 0 0 0 0 0 0 1 0 0 0 0 0 0 0 0 0 0 0 0 0 0 0 0 0 0 0 0 0 0 0 0 0 0 0 0 0 0 0 0 0 0 0 0 0 0 0 0 0 0 0 0 0 0 0 0 0 0 0 0 0 0 0 0]
[4644645528524800585074776429595227008080501226546422668551273901988885304345040775041761086314242199739830495975380297032617172400809963409177637065662052202628348466320095440832559814870010721693540145147704009618883431591052960384280265098721421078518 0 0 0 0 0 0 0 0 0 0 0 0 0 0 0 0 0 0 0 0 0 0 0 0 0 0 0 1 0 0 0 0 0 0 0 0 0 0 0 0 0 0 0 0 0 0 0 0 0 0 0 0 0 0 0 0 0 0 0 0 0 0 0 0 0 0 0 0 0 0 0 0 0 0 0 0 0 0 0 0 0 0 0]
[3577692403305656409909413821333882041771854034773121410007835764987572774845769360180782380003885885828339386433403439723777709550570962083758465228908155341852000680295517968917596430138798134477842738962723536905140623164498273792947572268077726937028 0 0 0 0 0 0 0 0 0 0 0 0 0 0 0 0 0 0 0 0 0 0 0 0 0 0 0 0 1 0 0 0 0 0 0 0 0 0 0 0 0 0 0 0 0 0 0 0 0 0 0 0 0 0 0 0 0 0 0 0 0 0 0 0 0 0 0 0 0 0 0 0 0 0 0 0 0 0 0 0 0 0 0]
[5199991068166870818658123629605656996944934667810936788795752837713570635880218401879524233085009487054140003950113884412360523876017515429145128043923939400100147562752647666091931928072613175880402207569930112387519380900321026219921204565477860184837 0 0 0 0 0 0 0 0 0 0 0 0 0 0 0 0 0 0 0 0 0 0 0 0 0 0 0 0 0 1 0 0 0 0 0 0 0 0 0 0 0 0 0 0 0 0 0 0 0 0 0 0 0 0 0 0 0 0 0 0 0 0 0 0 0 0 0 0 0 0 0 0 0 0 0 0 0 0 0 0 0 0 0]
[773732254554838485731862518733867340849457739741054673567865475856541341890211027958897480493219823110215238808087374214550202566515168300009317307354632611858189953876065956764333306178081110221116265445092094630404443927072723417364704029383699709603 0 0 0 0 0 0 0 0 0 0 0 0 0 0 0 0 0 0 0 0 0 0 0 0 0 0 0 0 0 0 1 0 0 0 0 0 0 0 0 0 0 0 0 0 0 0 0 0 0 0 0 0 0 0 0 0 0 0 0 0 0 0 0 0 0 0 0 0 0 0 0 0 0 0 0 0 0 0 0 0 0 0 0]
[1117411590702535325623696947042439570133558262632535883505260726370428078359190456915873754165516259325644284418677992431822759212467880555857758755627285274546158694483370070043411965003437277777973694431173759886454766584777487085698219681212725758596 0 0 0 0 0 0 0 0 0 0 0 0 0 0 0 0 0 0 0 0 0 0 0 0 0 0 0 0 0 0 0 1 0 0 0 0 0 0 0 0 0 0 0 0 0 0 0 0 0 0 0 0 0 0 0 0 0 0 0 0 0 0 0 0 0 0 0 0 0 0 0 0 0 0 0 0 0 0 0 0 0 0 0]
[1847956849044563917455215042456966965506769785926554236262014773849363871911671850942150317472540481099496848416190841457468016521282571545762954849591276104799454492099349721963988759384442868747289875026399401286296745490004562151114793197302409881154 0 0 0 0 0 0 0 0 0 0 0 0 0 0 0 0 0 0 0 0 0 0 0 0 0 0 0 0 0 0 0 0 1 0 0 0 0 0 0 0 0 0 0 0 0 0 0 0 0 0 0 0 0 0 0 0 0 0 0 0 0 0 0 0 0 0 0 0 0 0 0 0 0 0 0 0 0 0 0 0 0 0 0]
[1824871829125264104351518082020271748246673476587080223284607766782817609600105639469651179582211392604789548523353119126586705555446691858445343810830280567279145763564184003213282229619792168583512753105321229451845446236100158485282445817664787924035 0 0 0 0 0 0 0 0 0 0 0 0 0 0 0 0 0 0 0 0 0 0 0 0 0 0 0 0 0 0 0 0 0 1 0 0 0 0 0 0 0 0 0 0 0 0 0 0 0 0 0 0 0 0 0 0 0 0 0 0 0 0 0 0 0 0 0 0 0 0 0 0 0 0 0 0 0 0 0 0 0 0 0]
[781874917373381435288472669662894203303690126613823515251999407984038944445122492919932319941241411464176289187521413596396959565150003356353470514936966827337894106208494934980857888654404897009285449472949470608297414937647513344254897522982771225309 0 0 0 0 0 0 0 0 0 0 0 0 0 0 0 0 0 0 0 0 0 0 0 0 0 0 0 0 0 0 0 0 0 0 1 0 0 0 0 0 0 0 0 0 0 0 0 0 0 0 0 0 0 0 0 0 0 0 0 0 0 0 0 0 0 0 0 0 0 0 0 0 0 0 0 0 0 0 0 0 0 0 0]
[3763225813087310431434556107733346378414028022553766894284260085143099719756350697984204150023483501042440433189349222961806366940366123410956884772333991317955217615698762422256442902594943872742480688202132818627755449930653210297640422161226063820130 0 0 0 0 0 0 0 0 0 0 0 0 0 0 0 0 0 0 0 0 0 0 0 0 0 0 0 0 0 0 0 0 0 0 0 1 0 0 0 0 0 0 0 0 0 0 0 0 0 0 0 0 0 0 0 0 0 0 0 0 0 0 0 0 0 0 0 0 0 0 0 0 0 0 0 0 0 0 0 0 0 0 0]
[4594925540669586848756663648851872470943123068864561005200085177372858258000975109995900635159536418167282202892753229925088340931692853917507550933493059390841172514445539478994580218691217208454857754870037152489230000521704128057007820691534496159856 0 0 0 0 0 0 0 0 0 0 0 0 0 0 0 0 0 0 0 0 0 0 0 0 0 0 0 0 0 0 0 0 0 0 0 0 1 0 0 0 0 0 0 0 0 0 0 0 0 0 0 0 0 0 0 0 0 0 0 0 0 0 0 0 0 0 0 0 0 0 0 0 0 0 0 0 0 0 0 0 0 0 0]
[4829322467838389379385807870937186701154590075075413715429211526718076911789824545820125894177447764248096518528917312465579839336050529298996249924892768315234905704583212107692712726356599799307810210696673861450961605609982779822607215326498816316925 0 0 0 0 0 0 0 0 0 0 0 0 0 0 0 0 0 0 0 0 0 0 0 0 0 0 0 0 0 0 0 0 0 0 0 0 0 1 0 0 0 0 0 0 0 0 0 0 0 0 0 0 0 0 0 0 0 0 0 0 0 0 0 0 0 0 0 0 0 0 0 0 0 0 0 0 0 0 0 0 0 0 0]
[2689663071331058444308865186153666234666202543673417611278333730612099799138705815699733552517116965270130118639996519922819098303043956609699893627212619851857157143480928493373742775626868962265158032924152998840439425335310919052288025112740815315937 0 0 0 0 0 0 0 0 0 0 0 0 0 0 0 0 0 0 0 0 0 0 0 0 0 0 0 0 0 0 0 0 0 0 0 0 0 0 1 0 0 0 0 0 0 0 0 0 0 0 0 0 0 0 0 0 0 0 0 0 0 0 0 0 0 0 0 0 0 0 0 0 0 0 0 0 0 0 0 0 0 0 0]
[1784470426261774704638642560393365822924193607125631420051945139138399832072633494487203726335672976830625346501614317251376820052996707845434912133319111857313358797216876754926889115629092309966163839442633641294650872590745849626916982751776382546910 0 0 0 0 0 0 0 0 0 0 0 0 0 0 0 0 0 0 0 0 0 0 0 0 0 0 0 0 0 0 0 0 0 0 0 0 0 0 0 1 0 0 0 0 0 0 0 0 0 0 0 0 0 0 0 0 0 0 0 0 0 0 0 0 0 0 0 0 0 0 0 0 0 0 0 0 0 0 0 0 0 0 0]
[5250396096350551963536105277234583285408694720857993596617944789833270167423881945592388712782588855106521996871668760621988118101273489702040632347645006063473832523440331575691021709307348353021328141501501971616334857693591276882385987033021484393679 0 0 0 0 0 0 0 0 0 0 0 0 0 0 0 0 0 0 0 0 0 0 0 0 0 0 0 0 0 0 0 0 0 0 0 0 0 0 0 0 1 0 0 0 0 0 0 0 0 0 0 0 0 0 0 0 0 0 0 0 0 0 0 0 0 0 0 0 0 0 0 0 0 0 0 0 0 0 0 0 0 0 0]
[5532523125525407683912058319506049721559944123956330628036564635789415926874516309090451273777923561831876718334552697782648849001072120068182527133596059562950059671640624421991062789174742223697119437672721760910595164913515050637981462262936154710984 0 0 0 0 0 0 0 0 0 0 0 0 0 0 0 0 0 0 0 0 0 0 0 0 0 0 0 0 0 0 0 0 0 0 0 0 0 0 0 0 0 1 0 0 0 0 0 0 0 0 0 0 0 0 0 0 0 0 0 0 0 0 0 0 0 0 0 0 0 0 0 0 0 0 0 0 0 0 0 0 0 0 0]
[3360596384985891482114042709884939317196318266425726852004742786257346005168673753068840721689686785062662955572291271973004274093796033748746272517915313601254464941629369536268740169642573494750295353128019775742715709040068168191590015352488279660407 0 0 0 0 0 0 0 0 0 0 0 0 0 0 0 0 0 0 0 0 0 0 0 0 0 0 0 0 0 0 0 0 0 0 0 0 0 0 0 0 0 0 1 0 0 0 0 0 0 0 0 0 0 0 0 0 0 0 0 0 0 0 0 0 0 0 0 0 0 0 0 0 0 0 0 0 0 0 0 0 0 0 0]
[1543695151898915460728412964939548005648635312897338231179129092841741742063913030531703308733181592338406015893251950229589169597068873091863715228554006255006077088842681013590383267052433388508246649477521483367591496228813043645408597598113503148967 0 0 0 0 0 0 0 0 0 0 0 0 0 0 0 0 0 0 0 0 0 0 0 0 0 0 0 0 0 0 0 0 0 0 0 0 0 0 0 0 0 0 0 1 0 0 0 0 0 0 0 0 0 0 0 0 0 0 0 0 0 0 0 0 0 0 0 0 0 0 0 0 0 0 0 0 0 0 0 0 0 0 0]
[4479411170710714508019940956097389689327842699400387187630793078205125227803731575088854382486023488396660917085671471137573266173050270703656620924359340129463436098486406376557880925161556437794026348471629096130978839336858897190424155187047608036970 0 0 0 0 0 0 0 0 0 0 0 0 0 0 0 0 0 0 0 0 0 0 0 0 0 0 0 0 0 0 0 0 0 0 0 0 0 0 0 0 0 0 0 0 1 0 0 0 0 0 0 0 0 0 0 0 0 0 0 0 0 0 0 0 0 0 0 0 0 0 0 0 0 0 0 0 0 0 0 0 0 0 0]
[5493566284240813488763533024883641520819872381135843174407922749516244181277618187831512922856017296567190091897274036022714397568097978641808114082764689876546734757611154307118755169087479653779854012905960948054121896205809076786528799991407991035545 0 0 0 0 0 0 0 0 0 0 0 0 0 0 0 0 0 0 0 0 0 0 0 0 0 0 0 0 0 0 0 0 0 0 0 0 0 0 0 0 0 0 0 0 0 1 0 0 0 0 0 0 0 0 0 0 0 0 0 0 0 0 0 0 0 0 0 0 0 0 0 0 0 0 0 0 0 0 0 0 0 0 0]
[1930200268048949001280542519362565474876392914037135362926455862158220091539983543781175419191727466213725964705531008454157273440030816764664579428645927745380915244742080130752708341752492595798577466577460557174932351969603659863046380550493518365173 0 0 0 0 0 0 0 0 0 0 0 0 0 0 0 0 0 0 0 0 0 0 0 0 0 0 0 0 0 0 0 0 0 0 0 0 0 0 0 0 0 0 0 0 0 0 1 0 0 0 0 0 0 0 0 0 0 0 0 0 0 0 0 0 0 0 0 0 0 0 0 0 0 0 0 0 0 0 0 0 0 0 0]
[3111953811806979568932871003213228940606359035671371795016899751130580129359722502681429372609333263020379775611262067887445845281138358295027493955475790945761117493474045530172789719847219266474835930101850279409169993843701748491586367651170252780023 0 0 0 0 0 0 0 0 0 0 0 0 0 0 0 0 0 0 0 0 0 0 0 0 0 0 0 0 0 0 0 0 0 0 0 0 0 0 0 0 0 0 0 0 0 0 0 1 0 0 0 0 0 0 0 0 0 0 0 0 0 0 0 0 0 0 0 0 0 0 0 0 0 0 0 0 0 0 0 0 0 0 0]
[808866689164741743691985434042215574150580384059060774215180251661469798730505659726533878135820393504224481375119867671764767422697023554601771106743886197306143422142096661758419727506682572460002024304647388442908775301666009187687866185877791327896 0 0 0 0 0 0 0 0 0 0 0 0 0 0 0 0 0 0 0 0 0 0 0 0 0 0 0 0 0 0 0 0 0 0 0 0 0 0 0 0 0 0 0 0 0 0 0 0 1 0 0 0 0 0 0 0 0 0 0 0 0 0 0 0 0 0 0 0 0 0 0 0 0 0 0 0 0 0 0 0 0 0 0]
[5165929985343774435251499303035526901737075131506917949851019864529285302419627966875921858348722293064234892545945030846695905179330772320040538233061501231528252753125423216995174973282343377820308289822181833930816134167189678373347669902470571905418 0 0 0 0 0 0 0 0 0 0 0 0 0 0 0 0 0 0 0 0 0 0 0 0 0 0 0 0 0 0 0 0 0 0 0 0 0 0 0 0 0 0 0 0 0 0 0 0 0 1 0 0 0 0 0 0 0 0 0 0 0 0 0 0 0 0 0 0 0 0 0 0 0 0 0 0 0 0 0 0 0 0 0]
[4761826785503815075533502914586391329953404492711960846220910541804656612418433184706955577527662336410433737365038459815064109993655991466219534290093961177587821574959279631071127091103457217813128858724714226997157400509047870574591297312184902866715 0 0 0 0 0 0 0 0 0 0 0 0 0 0 0 0 0 0 0 0 0 0 0 0 0 0 0 0 0 0 0 0 0 0 0 0 0 0 0 0 0 0 0 0 0 0 0 0 0 0 1 0 0 0 0 0 0 0 0 0 0 0 0 0 0 0 0 0 0 0 0 0 0 0 0 0 0 0 0 0 0 0 0]
[1849907966836651742464539889051877834806210363536185543140054265045219072504922456893542902617290680655640288806995967700804282952308493798697155896205350796128565229186814136071446463107823102422740408840938061749043328622314902673374432307219819853723 0 0 0 0 0 0 0 0 0 0 0 0 0 0 0 0 0 0 0 0 0 0 0 0 0 0 0 0 0 0 0 0 0 0 0 0 0 0 0 0 0 0 0 0 0 0 0 0 0 0 0 1 0 0 0 0 0 0 0 0 0 0 0 0 0 0 0 0 0 0 0 0 0 0 0 0 0 0 0 0 0 0 0]
[4028840115799273950487655356376221057342533774686466431479724630871285065893544960115296907886001945988412262556336340801764315633382679787114007813445313497196648588117732583084473850764836319082692833629752468804998795092846836026507263439629340971512 0 0 0 0 0 0 0 0 0 0 0 0 0 0 0 0 0 0 0 0 0 0 0 0 0 0 0 0 0 0 0 0 0 0 0 0 0 0 0 0 0 0 0 0 0 0 0 0 0 0 0 0 1 0 0 0 0 0 0 0 0 0 0 0 0 0 0 0 0 0 0 0 0 0 0 0 0 0 0 0 0 0 0]
[2086554073517749087453600238083729862292557986246987326931229938160570923955798967198223776645646393956619534049927320972625509841151902576851511720453305117973085789912653487006744119280038145325685086157520194191738615709926928051975710333611857902495 0 0 0 0 0 0 0 0 0 0 0 0 0 0 0 0 0 0 0 0 0 0 0 0 0 0 0 0 0 0 0 0 0 0 0 0 0 0 0 0 0 0 0 0 0 0 0 0 0 0 0 0 0 1 0 0 0 0 0 0 0 0 0 0 0 0 0 0 0 0 0 0 0 0 0 0 0 0 0 0 0 0 0]
[813933798237735608534357046767436232198957769996794222437986522529442678763703210027016950423648149920054808448349535572355748292395281218049256185069352781473598416482657529423474646455379752869631385234307176725778800203124934480846785818366164253356 0 0 0 0 0 0 0 0 0 0 0 0 0 0 0 0 0 0 0 0 0 0 0 0 0 0 0 0 0 0 0 0 0 0 0 0 0 0 0 0 0 0 0 0 0 0 0 0 0 0 0 0 0 0 1 0 0 0 0 0 0 0 0 0 0 0 0 0 0 0 0 0 0 0 0 0 0 0 0 0 0 0 0]
[784195016300056164492453775970722959430743877879315320663924195722281322974018641432382387789991288340381564100854349513508074919985101599469291016796724227598751326185016398028576772662456163520785026759462581654157148493432105998274005111528615600190 0 0 0 0 0 0 0 0 0 0 0 0 0 0 0 0 0 0 0 0 0 0 0 0 0 0 0 0 0 0 0 0 0 0 0 0 0 0 0 0 0 0 0 0 0 0 0 0 0 0 0 0 0 0 0 1 0 0 0 0 0 0 0 0 0 0 0 0 0 0 0 0 0 0 0 0 0 0 0 0 0 0 0]
[4935848201682936342114196961141825049682766801375566156789348203534705459815460301942403762002102580242760246859231050060917813620935731347185503417465970269440222907155237202178243404712922794992041760033869173624853334079612822163479140710726426990313 0 0 0 0 0 0 0 0 0 0 0 0 0 0 0 0 0 0 0 0 0 0 0 0 0 0 0 0 0 0 0 0 0 0 0 0 0 0 0 0 0 0 0 0 0 0 0 0 0 0 0 0 0 0 0 0 1 0 0 0 0 0 0 0 0 0 0 0 0 0 0 0 0 0 0 0 0 0 0 0 0 0 0]
[3751578389637042635982802009956567630558096082731826843005823961548737068899194549925272485740921455302495987916400910897968649489862571176682132514858928024750171892891663643076490761644832294808602327669809825660129395385382795884306103758655046968984 0 0 0 0 0 0 0 0 0 0 0 0 0 0 0 0 0 0 0 0 0 0 0 0 0 0 0 0 0 0 0 0 0 0 0 0 0 0 0 0 0 0 0 0 0 0 0 0 0 0 0 0 0 0 0 0 0 1 0 0 0 0 0 0 0 0 0 0 0 0 0 0 0 0 0 0 0 0 0 0 0 0 0]
[5175746585309104993776579534020078155710993207860069021628523966604946684358494920650718319768341450710791126298307212884434354536191086471720752017163482988022771610317906426321207233279662799361954408518417780963488925412821550677785669965484039336317 0 0 0 0 0 0 0 0 0 0 0 0 0 0 0 0 0 0 0 0 0 0 0 0 0 0 0 0 0 0 0 0 0 0 0 0 0 0 0 0 0 0 0 0 0 0 0 0 0 0 0 0 0 0 0 0 0 0 1 0 0 0 0 0 0 0 0 0 0 0 0 0 0 0 0 0 0 0 0 0 0 0 0]
[4519366916191326862492282289662092528808693898238002873442863355368167756829796795547304197303228749560034278421990562930677856394512823796950927173717605816714246253052135677301800038941045410745333465947780914210725006877448252252259143012061052480157 0 0 0 0 0 0 0 0 0 0 0 0 0 0 0 0 0 0 0 0 0 0 0 0 0 0 0 0 0 0 0 0 0 0 0 0 0 0 0 0 0 0 0 0 0 0 0 0 0 0 0 0 0 0 0 0 0 0 0 1 0 0 0 0 0 0 0 0 0 0 0 0 0 0 0 0 0 0 0 0 0 0 0]
[3905535953403662908204895939032466565708953118074167156271040340450324405473990049224397699383763451266626410029180865636395350621681756306068455874219004052628905208291441133092029480184771062132987787326596796551945887988327076719445172320538355942329 0 0 0 0 0 0 0 0 0 0 0 0 0 0 0 0 0 0 0 0 0 0 0 0 0 0 0 0 0 0 0 0 0 0 0 0 0 0 0 0 0 0 0 0 0 0 0 0 0 0 0 0 0 0 0 0 0 0 0 0 1 0 0 0 0 0 0 0 0 0 0 0 0 0 0 0 0 0 0 0 0 0 0]
[3788116123240769654519127581994954125816814898939344880468966513438011437455094509676643907331615365809512839796056468903649756584732101488223579912670952354829922455751313051806822813952673847030367646248857221926942874998426484561125199408065996265891 0 0 0 0 0 0 0 0 0 0 0 0 0 0 0 0 0 0 0 0 0 0 0 0 0 0 0 0 0 0 0 0 0 0 0 0 0 0 0 0 0 0 0 0 0 0 0 0 0 0 0 0 0 0 0 0 0 0 0 0 0 1 0 0 0 0 0 0 0 0 0 0 0 0 0 0 0 0 0 0 0 0 0]
[1234878131980368336046614822114826472098571447334991412770838424608455573523394416383311701138159573902537076337097853231049128624952401515683451931454538412517503970573678349774120008147126394836371923887532672347905568982963008914969293196745812955251 0 0 0 0 0 0 0 0 0 0 0 0 0 0 0 0 0 0 0 0 0 0 0 0 0 0 0 0 0 0 0 0 0 0 0 0 0 0 0 0 0 0 0 0 0 0 0 0 0 0 0 0 0 0 0 0 0 0 0 0 0 0 1 0 0 0 0 0 0 0 0 0 0 0 0 0 0 0 0 0 0 0 0]
[4245388988669061500800078975981441609521404244668364047034788977289640486294146764068146170018321464180824205399501646380253992263307540667412870119126036490889428704163537344940069437247625992635447009600634779388229738854818798368087869953246707992006 0 0 0 0 0 0 0 0 0 0 0 0 0 0 0 0 0 0 0 0 0 0 0 0 0 0 0 0 0 0 0 0 0 0 0 0 0 0 0 0 0 0 0 0 0 0 0 0 0 0 0 0 0 0 0 0 0 0 0 0 0 0 0 1 0 0 0 0 0 0 0 0 0 0 0 0 0 0 0 0 0 0 0]
[4049286591830462328049792469456551483298858867743179695426447605581087610501670649067319560010428301915313532408782367477109153031617559237524836082442471086022749287661650497392858800879675651158295895935478756660152601031889519371416657090731995527879 0 0 0 0 0 0 0 0 0 0 0 0 0 0 0 0 0 0 0 0 0 0 0 0 0 0 0 0 0 0 0 0 0 0 0 0 0 0 0 0 0 0 0 0 0 0 0 0 0 0 0 0 0 0 0 0 0 0 0 0 0 0 0 0 1 0 0 0 0 0 0 0 0 0 0 0 0 0 0 0 0 0 0]
[4593860511485982271292608946651511740471778133918142951070559193516657271785776324006688161646466002560408065993734687192534996588082428309231030904824004105910048892401782071111539164442508785266121837817225073257596930414894646118404923689091710322411 0 0 0 0 0 0 0 0 0 0 0 0 0 0 0 0 0 0 0 0 0 0 0 0 0 0 0 0 0 0 0 0 0 0 0 0 0 0 0 0 0 0 0 0 0 0 0 0 0 0 0 0 0 0 0 0 0 0 0 0 0 0 0 0 0 1 0 0 0 0 0 0 0 0 0 0 0 0 0 0 0 0 0]
[5144146057787989450840335072890807940230372079926027923277296949950354089554880302880124745423144689020860103517832873830228744821195843842368453579350902114546261739858904533308475979320890545212825961587154482091727738657808699241080847995622169484689 0 0 0 0 0 0 0 0 0 0 0 0 0 0 0 0 0 0 0 0 0 0 0 0 0 0 0 0 0 0 0 0 0 0 0 0 0 0 0 0 0 0 0 0 0 0 0 0 0 0 0 0 0 0 0 0 0 0 0 0 0 0 0 0 0 0 1 0 0 0 0 0 0 0 0 0 0 0 0 0 0 0 0]
[302813945672591376438426453078370357920803587096604881681781550248414302568157311460834191213839561279118645755391050641294919513535110936300138010219132623894681224981585534032017200098256689541264035035489202630594316892768772007866495385075248224784 0 0 0 0 0 0 0 0 0 0 0 0 0 0 0 0 0 0 0 0 0 0 0 0 0 0 0 0 0 0 0 0 0 0 0 0 0 0 0 0 0 0 0 0 0 0 0 0 0 0 0 0 0 0 0 0 0 0 0 0 0 0 0 0 0 0 0 1 0 0 0 0 0 0 0 0 0 0 0 0 0 0 0]
[5187828697887309492458127004432525736890814552205719708626710632977931932539196162953574355625868296425555523120596400456517300735604724631852656543098264480769384920408805635683693644335589824671730826079331729192434884866942529335836548910828578450479 0 0 0 0 0 0 0 0 0 0 0 0 0 0 0 0 0 0 0 0 0 0 0 0 0 0 0 0 0 0 0 0 0 0 0 0 0 0 0 0 0 0 0 0 0 0 0 0 0 0 0 0 0 0 0 0 0 0 0 0 0 0 0 0 0 0 0 0 1 0 0 0 0 0 0 0 0 0 0 0 0 0 0]
[282242699326879172959292923301737564116795457791614343660025523607509554650867168954740152190755185663768053741040593745509159678987203935861683256225475919551387532043074984370717112269308829455344123605386188160241028471089128705997565075734540289255 0 0 0 0 0 0 0 0 0 0 0 0 0 0 0 0 0 0 0 0 0 0 0 0 0 0 0 0 0 0 0 0 0 0 0 0 0 0 0 0 0 0 0 0 0 0 0 0 0 0 0 0 0 0 0 0 0 0 0 0 0 0 0 0 0 0 0 0 0 1 0 0 0 0 0 0 0 0 0 0 0 0 0]
[4623966323116044201318257155772785717361550761051338019458636535600094532783184710509734680750144824654314467483530323308713154900371436955584734784180980086873516133960447460887119035660268272892286994164598905825020873750529243693541056106163718467808 0 0 0 0 0 0 0 0 0 0 0 0 0 0 0 0 0 0 0 0 0 0 0 0 0 0 0 0 0 0 0 0 0 0 0 0 0 0 0 0 0 0 0 0 0 0 0 0 0 0 0 0 0 0 0 0 0 0 0 0 0 0 0 0 0 0 0 0 0 0 1 0 0 0 0 0 0 0 0 0 0 0 0]
[5035087879715068327362739911770651796713097544409185338426993549546795620531850601546856124864220512967529978258678065034056751626126234287052352313754560523567600093504460721603808529592041948330864980866827238012125231644218253020448413067980882218914 0 0 0 0 0 0 0 0 0 0 0 0 0 0 0 0 0 0 0 0 0 0 0 0 0 0 0 0 0 0 0 0 0 0 0 0 0 0 0 0 0 0 0 0 0 0 0 0 0 0 0 0 0 0 0 0 0 0 0 0 0 0 0 0 0 0 0 0 0 0 0 1 0 0 0 0 0 0 0 0 0 0 0]
[4763415025783598533334718165361082258806419730709035810291178004181135503621621005013869253684793491550254325564833473951901006930874105189015063745362598711722947024322728815554851540304028462059663976305960103159253876497397771448785462785804291741844 0 0 0 0 0 0 0 0 0 0 0 0 0 0 0 0 0 0 0 0 0 0 0 0 0 0 0 0 0 0 0 0 0 0 0 0 0 0 0 0 0 0 0 0 0 0 0 0 0 0 0 0 0 0 0 0 0 0 0 0 0 0 0 0 0 0 0 0 0 0 0 0 1 0 0 0 0 0 0 0 0 0 0]
[227988348774478241693031601460107533543276091352955267300986615696106518581909187299339374439501081339372149623744030467211276164275744266370432088640243472050815135778010218617232150532803393827305763376257878704208393838789513433925944593725248932056 0 0 0 0 0 0 0 0 0 0 0 0 0 0 0 0 0 0 0 0 0 0 0 0 0 0 0 0 0 0 0 0 0 0 0 0 0 0 0 0 0 0 0 0 0 0 0 0 0 0 0 0 0 0 0 0 0 0 0 0 0 0 0 0 0 0 0 0 0 0 0 0 0 1 0 0 0 0 0 0 0 0 0]
[760987752389438784627598117828595789200814477784574316242240601197054902388028068451679651582667232462437092189842286325332606661360221221232980246547394552959864198553335392478419538804141290150307568338928711665656618083011377244254483845241894788965 0 0 0 0 0 0 0 0 0 0 0 0 0 0 0 0 0 0 0 0 0 0 0 0 0 0 0 0 0 0 0 0 0 0 0 0 0 0 0 0 0 0 0 0 0 0 0 0 0 0 0 0 0 0 0 0 0 0 0 0 0 0 0 0 0 0 0 0 0 0 0 0 0 0 1 0 0 0 0 0 0 0 0]
[4353389288179192877292414133557592023727533320022778820172459818994672742630059000268702856192657463312225611250366814144097106423601208896356390914472961970382363702758505928562127829450420896105132471237839216477764831916616089704639912052164481242792 0 0 0 0 0 0 0 0 0 0 0 0 0 0 0 0 0 0 0 0 0 0 0 0 0 0 0 0 0 0 0 0 0 0 0 0 0 0 0 0 0 0 0 0 0 0 0 0 0 0 0 0 0 0 0 0 0 0 0 0 0 0 0 0 0 0 0 0 0 0 0 0 0 0 0 1 0 0 0 0 0 0 0]
[4138468880746141149981966188910366878401887349407832274866421654973492356712851392600169443218162794279856759535344269032118491091841736900588710957933372982417907770254628693628397725218533193639376044037806149744750444212073906557534401392503583781347 0 0 0 0 0 0 0 0 0 0 0 0 0 0 0 0 0 0 0 0 0 0 0 0 0 0 0 0 0 0 0 0 0 0 0 0 0 0 0 0 0 0 0 0 0 0 0 0 0 0 0 0 0 0 0 0 0 0 0 0 0 0 0 0 0 0 0 0 0 0 0 0 0 0 0 0 1 0 0 0 0 0 0]
[4207808332629941033258220869076716933180863427177003582792740992366155628200673543744030074867258463999804028812141619910926462441776128786394016676949205101229352415650432459017102099038726797837166652427035454282534752122715196195862187132880937984982 0 0 0 0 0 0 0 0 0 0 0 0 0 0 0 0 0 0 0 0 0 0 0 0 0 0 0 0 0 0 0 0 0 0 0 0 0 0 0 0 0 0 0 0 0 0 0 0 0 0 0 0 0 0 0 0 0 0 0 0 0 0 0 0 0 0 0 0 0 0 0 0 0 0 0 0 0 1 0 0 0 0 0]
[3443212870833106478709217396342625254890145668826036368662763408208534749489342083379991682085675350508181220487362154707848942931829825948795256042755842499862940876742785879233962649164531128687001719552796950642669170166674521903813817731576349405263 0 0 0 0 0 0 0 0 0 0 0 0 0 0 0 0 0 0 0 0 0 0 0 0 0 0 0 0 0 0 0 0 0 0 0 0 0 0 0 0 0 0 0 0 0 0 0 0 0 0 0 0 0 0 0 0 0 0 0 0 0 0 0 0 0 0 0 0 0 0 0 0 0 0 0 0 0 0 1 0 0 0 0]
[5208007841441897549823059053822667325608240064066226091931019284919750544350530546254436299338965238733596129588010649417679191196683918100321151098828309855531954167426796669398382205347153785703121090296510570516953225732737617290014210975705181586129 0 0 0 0 0 0 0 0 0 0 0 0 0 0 0 0 0 0 0 0 0 0 0 0 0 0 0 0 0 0 0 0 0 0 0 0 0 0 0 0 0 0 0 0 0 0 0 0 0 0 0 0 0 0 0 0 0 0 0 0 0 0 0 0 0 0 0 0 0 0 0 0 0 0 0 0 0 0 0 1 0 0 0]
[1838263998433596557645564745586097405296023474784678023101016443274246947739867609189915289671275982040851330173554215674473902005512760176301963957990430150146064001392620627437064283196359557775726022053014052816459471004718166255035661201570465628918 0 0 0 0 0 0 0 0 0 0 0 0 0 0 0 0 0 0 0 0 0 0 0 0 0 0 0 0 0 0 0 0 0 0 0 0 0 0 0 0 0 0 0 0 0 0 0 0 0 0 0 0 0 0 0 0 0 0 0 0 0 0 0 0 0 0 0 0 0 0 0 0 0 0 0 0 0 0 0 0 1 0 0]
[1803283621709945294768389294499838905424144782592662766522173077189720354986509447895905133690301634689540955270331648955491044150009282089506728026397145601305399683478092633552220926111882990520648658366999704846270182447624684250789240835827604466636 0 0 0 0 0 0 0 0 0 0 0 0 0 0 0 0 0 0 0 0 0 0 0 0 0 0 0 0 0 0 0 0 0 0 0 0 0 0 0 0 0 0 0 0 0 0 0 0 0 0 0 0 0 0 0 0 0 0 0 0 0 0 0 0 0 0 0 0 0 0 0 0 0 0 0 0 0 0 0 0 0 1 0]
[5447633376737959203462563960734647277595835168885748437509564538568064908206945291954932391094661354651147971142499830295939810571155281983143295596086566843103736107617103991493391692393326735727262650845653247777781080610903286537075995649504737243534 0 0 0 0 0 0 0 0 0 0 0 0 0 0 0 0 0 0 0 0 0 0 0 0 0 0 0 0 0 0 0 0 0 0 0 0 0 0 0 0 0 0 0 0 0 0 0 0 0 0 0 0 0 0 0 0 0 0 0 0 0 0 0 0 0 0 0 0 0 0 0 0 0 0 0 0 0 0 0 0 0 0 1]
]
