[[7064797582307318499982051209133174672208653317539692732002870199243259671802750383123754687506786536802527166287516977219092777188682621829893882733045380275258704323974145443640246292752949463844223931351440528108837335298171576210148411954067939391221838380849792860765019155112744392156656933 0 0 0 0 0 0 0 0 0 0 0 0 0 0 0 0 0 0 0 0 0 0 0 0 0 0 0 0 0 0 0 0 0 0 0 0 0 0 0 0 0 0 0 0 0 0 0 0 0 0 0 0 0 0 0 0 0 0 0 0 0 0 0 0 0 0 0 0 0 0 0 0 0 0 0 0 0 0 0 0 0 0 0 0 0 0 0 0 0 0 0 0 0 0 0 0 0]
[6970038981270675795048957612290366188445484496599205359262355235491268495339470195581954487964331885458505870373351823460784746096057988618774902989389641138573912467588458338471244399906947338001882850787465352325533821286332238498838264470983429805255612062423500693847126057111313979454269927 1 0 0 0 0 0 0 0 0 0 0 0 0 0 0 0 0 0 0 0 0 0 0 0 0 0 0 0 0 0 0 0 0 0 0 0 0 0 0 0 0 0 0 0 0 0 0 0 0 0 0 0 0 0 0 0 0 0 0 0 0 0 0 0 0 0 0 0 0 0 0 0 0 0 0 0 0 0 0 0 0 0 0 0 0 0 0 0 0 0 0 0 0 0 0 0 0]
[5556609918043512542520295291714680794061728990870765677098918908033716458581571491500643874000060898776944303415041670525857189444520092045658032955628825544060282923395423605703090793232892476697150869314421678687337150731389760265279237872117293094168503236651931820726096693406249021849025457 0 1 0 0 0 0 0 0 0 0 0 0 0 0 0 0 0 0 0 0 0 0 0 0 0 0 0 0 0 0 0 0 0 0 0 0 0 0 0 0 0 0 0 0 0 0 0 0 0 0 0 0 0 0 0 0 0 0 0 0 0 0 0 0 0 0 0 0 0 0 0 0 0 0 0 0 0 0 0 0 0 0 0 0 0 0 0 0 0 0 0 0 0 0 0 0 0]
[4913799295089266790426678699166002497700902253695186314498715861845736966586405120691515446734761623628943840177816967611414573402149783346493892517627925723889496435122039762365682197064154656890432365792281698301409653792002270627576646075100372232759196347916990490530894976848281293291330099 0 0 1 0 0 0 0 0 0 0 0 0 0 0 0 0 0 0 0 0 0 0 0 0 0 0 0 0 0 0 0 0 0 0 0 0 0 0 0 0 0 0 0 0 0 0 0 0 0 0 0 0 0 0 0 0 0 0 0 0 0 0 0 0 0 0 0 0 0 0 0 0 0 0 0 0 0 0 0 0 0 0 0 0 0 0 0 0 0 0 0 0 0 0 0 0 0]
[3257428052672116135763820216829274642233008514723116141092749624190414685865060902519467945045692806477097153634031927414237655586875110592752535360361203322991876035714713952843449725274920576829175858364201498525252367958691633916134754412671371891478041100155051227314606280101435411678688408 0 0 0 1 0 0 0 0 0 0 0 0 0 0 0 0 0 0 0 0 0 0 0 0 0 0 0 0 0 0 0 0 0 0 0 0 0 0 0 0 0 0 0 0 0 0 0 0 0 0 0 0 0 0 0 0 0 0 0 0 0 0 0 0 0 0 0 0 0 0 0 0 0 0 0 0 0 0 0 0 0 0 0 0 0 0 0 0 0 0 0 0 0 0 0 0 0]
[106232950874663933528438521138295774202774358749304510506382715590246882991107383945464776089834888846519103852887195356477005643298308820628297389426463056120019490546296434354810103562707262094363215213821564872072205978222653820128834165163240056409054643674101392732586209046373918708567577 0 0 0 0 1 0 0 0 0 0 0 0 0 0 0 0 0 0 0 0 0 0 0 0 0 0 0 0 0 0 0 0 0 0 0 0 0 0 0 0 0 0 0 0 0 0 0 0 0 0 0 0 0 0 0 0 0 0 0 0 0 0 0 0 0 0 0 0 0 0 0 0 0 0 0 0 0 0 0 0 0 0 0 0 0 0 0 0 0 0 0 0 0 0 0 0 0]
[185806930580783992738766409892445863662614853396550965084339498227413870517599800141857605769970636357424266580821935357537479795738762616118594475983547716184363279801894262707470651345476719918157200730496382530023939273484913813081032538387135117181069751651497660882564213478643731951463338 0 0 0 0 0 1 0 0 0 0 0 0 0 0 0 0 0 0 0 0 0 0 0 0 0 0 0 0 0 0 0 0 0 0 0 0 0 0 0 0 0 0 0 0 0 0 0 0 0 0 0 0 0 0 0 0 0 0 0 0 0 0 0 0 0 0 0 0 0 0 0 0 0 0 0 0 0 0 0 0 0 0 0 0 0 0 0 0 0 0 0 0 0 0 0 0 0]
[6890449733156755682576217412648261007756955527383797713700394246826064944652639620900589084175195989752698349624122870459739311366468320333533166060038394649068423214298494872037614586047917385009577768681882257044571055546888989785174314673392542573819082577448976018664969132923672058930156046 0 0 0 0 0 0 1 0 0 0 0 0 0 0 0 0 0 0 0 0 0 0 0 0 0 0 0 0 0 0 0 0 0 0 0 0 0 0 0 0 0 0 0 0 0 0 0 0 0 0 0 0 0 0 0 0 0 0 0 0 0 0 0 0 0 0 0 0 0 0 0 0 0 0 0 0 0 0 0 0 0 0 0 0 0 0 0 0 0 0 0 0 0 0 0 0 0]
[6098749516466704424293646015601967585564108360000396490488980467059037910152553091222570133847479794539043508184006632186307072120497253107964743399331832499616636437286157642265691958115802743075761038791181531704611931012942098018881742425885896399873369409556462888487582423663226393777950216 0 0 0 0 0 0 0 1 0 0 0 0 0 0 0 0 0 0 0 0 0 0 0 0 0 0 0 0 0 0 0 0 0 0 0 0 0 0 0 0 0 0 0 0 0 0 0 0 0 0 0 0 0 0 0 0 0 0 0 0 0 0 0 0 0 0 0 0 0 0 0 0 0 0 0 0 0 0 0 0 0 0 0 0 0 0 0 0 0 0 0 0 0 0 0 0 0]
[4680098305198332952602982323150873286177251047802843574040430177719414436959764872635923663191566514803285887539074466636999132712418671454995858921523170228337510434343739804818393015517129173588066118377555905068430229316493407098218211945428916578570319012101433257303882084684301517538088059 0 0 0 0 0 0 0 0 1 0 0 0 0 0 0 0 0 0 0 0 0 0 0 0 0 0 0 0 0 0 0 0 0 0 0 0 0 0 0 0 0 0 0 0 0 0 0 0 0 0 0 0 0 0 0 0 0 0 0 0 0 0 0 0 0 0 0 0 0 0 0 0 0 0 0 0 0 0 0 0 0 0 0 0 0 0 0 0 0 0 0 0 0 0 0 0 0]
[2966598697799984434184860407849244933005748534231280206908640324046850505398239317905201350590985611740664992589195374033167763656787939327429034228393431150892639453451581549402773520465630155961188317159152676595992356357563469242201582308001636718810736449484784031677395605438229203631991599 0 0 0 0 0 0 0 0 0 1 0 0 0 0 0 0 0 0 0 0 0 0 0 0 0 0 0 0 0 0 0 0 0 0 0 0 0 0 0 0 0 0 0 0 0 0 0 0 0 0 0 0 0 0 0 0 0 0 0 0 0 0 0 0 0 0 0 0 0 0 0 0 0 0 0 0 0 0 0 0 0 0 0 0 0 0 0 0 0 0 0 0 0 0 0 0 0]
[2659446358512192294057844687451531142998861478379007589627505891893104711200223580340381494931879138067032604707368266549368598185600464717111787531797911267762331111356235340116985044889543477415209011518317134802230476700190089376990367904738928065119715751530765720612286746609244687505624276 0 0 0 0 0 0 0 0 0 0 1 0 0 0 0 0 0 0 0 0 0 0 0 0 0 0 0 0 0 0 0 0 0 0 0 0 0 0 0 0 0 0 0 0 0 0 0 0 0 0 0 0 0 0 0 0 0 0 0 0 0 0 0 0 0 0 0 0 0 0 0 0 0 0 0 0 0 0 0 0 0 0 0 0 0 0 0 0 0 0 0 0 0 0 0 0 0]
[2027571539471904240624821446069881379077681397021908120650169332636006871519283519033604980133010267904134629204139547841174845625054779115853985660046558480090752140827973304383525772911959108290680957113928734283467655352141960052306603380123883413536965255645956269348776856941626877979286943 0 0 0 0 0 0 0 0 0 0 0 1 0 0 0 0 0 0 0 0 0 0 0 0 0 0 0 0 0 0 0 0 0 0 0 0 0 0 0 0 0 0 0 0 0 0 0 0 0 0 0 0 0 0 0 0 0 0 0 0 0 0 0 0 0 0 0 0 0 0 0 0 0 0 0 0 0 0 0 0 0 0 0 0 0 0 0 0 0 0 0 0 0 0 0 0 0]
[5670830235733394524201919047071963487219686537131330331344474768591182870872730161347775562011735853180509757409904673009546336385339156708244937701870808696250738950098655750633940897074005812850013874253469471082041120761408098799015255535691776126515178114358790160035800770045111162666300766 0 0 0 0 0 0 0 0 0 0 0 0 1 0 0 0 0 0 0 0 0 0 0 0 0 0 0 0 0 0 0 0 0 0 0 0 0 0 0 0 0 0 0 0 0 0 0 0 0 0 0 0 0 0 0 0 0 0 0 0 0 0 0 0 0 0 0 0 0 0 0 0 0 0 0 0 0 0 0 0 0 0 0 0 0 0 0 0 0 0 0 0 0 0 0 0 0]
[2967563043503209331566427649289813855680173973397919438749611729404613113653327285291068660441752692499857683811865786969845240679311196564675697228728246963078306945493265605292204358046970071677022028055303370325047129272997391909242786351345068757588427305022235606572628118780622705362460443 0 0 0 0 0 0 0 0 0 0 0 0 0 1 0 0 0 0 0 0 0 0 0 0 0 0 0 0 0 0 0 0 0 0 0 0 0 0 0 0 0 0 0 0 0 0 0 0 0 0 0 0 0 0 0 0 0 0 0 0 0 0 0 0 0 0 0 0 0 0 0 0 0 0 0 0 0 0 0 0 0 0 0 0 0 0 0 0 0 0 0 0 0 0 0 0 0]
[3109150290631743937476802024429466080779258800552722016617369031414819943810481959513757320289450562787182394307641236489726398608417465063297255165764260353517099702275949373750673630509698205743778740109049925857818116861757510454017050166597914989878359333515842454151795063614592580938550554 0 0 0 0 0 0 0 0 0 0 0 0 0 0 1 0 0 0 0 0 0 0 0 0 0 0 0 0 0 0 0 0 0 0 0 0 0 0 0 0 0 0 0 0 0 0 0 0 0 0 0 0 0 0 0 0 0 0 0 0 0 0 0 0 0 0 0 0 0 0 0 0 0 0 0 0 0 0 0 0 0 0 0 0 0 0 0 0 0 0 0 0 0 0 0 0 0]
[6151524965198562861218186426378406583936630186080698615828811639482260408212571956215707148391444444212958221518229781747283903012597501326254158175351657476307060115876916320992285539982987679507855489306549004152248593640164088052206850650938651413780429975372802910152447863372763486179655840 0 0 0 0 0 0 0 0 0 0 0 0 0 0 0 1 0 0 0 0 0 0 0 0 0 0 0 0 0 0 0 0 0 0 0 0 0 0 0 0 0 0 0 0 0 0 0 0 0 0 0 0 0 0 0 0 0 0 0 0 0 0 0 0 0 0 0 0 0 0 0 0 0 0 0 0 0 0 0 0 0 0 0 0 0 0 0 0 0 0 0 0 0 0 0 0 0]
[256091935111126917446089495268156400852131273643993171357100150977617180220541026294183338395951502473401401350528830350174430173387464389781848403280638975975177220986534385070015587521961493316032139420639523529573588596834351599844873947758063558117179295819966027247952352637304659930311629 0 0 0 0 0 0 0 0 0 0 0 0 0 0 0 0 1 0 0 0 0 0 0 0 0 0 0 0 0 0 0 0 0 0 0 0 0 0 0 0 0 0 0 0 0 0 0 0 0 0 0 0 0 0 0 0 0 0 0 0 0 0 0 0 0 0 0 0 0 0 0 0 0 0 0 0 0 0 0 0 0 0 0 0 0 0 0 0 0 0 0 0 0 0 0 0 0]
[2564639313436515214066244212997287682253636515658251708109330985129570225772995002660725991072555081335752544607399970878492415698460268108043423778720492402169409241227563254261620169787356661960796795109722662823652927524492319978621199736694383066082978783894666164700884056894595072389422796 0 0 0 0 0 0 0 0 0 0 0 0 0 0 0 0 0 1 0 0 0 0 0 0 0 0 0 0 0 0 0 0 0 0 0 0 0 0 0 0 0 0 0 0 0 0 0 0 0 0 0 0 0 0 0 0 0 0 0 0 0 0 0 0 0 0 0 0 0 0 0 0 0 0 0 0 0 0 0 0 0 0 0 0 0 0 0 0 0 0 0 0 0 0 0 0 0]
[6326134839325148526711881515811208923469593319601991917366074315760935051551098510054540505636616874894428270791830093223647318292156663618013886623313787918212304581550958816531542032152643998913502464056908855519572982308887113353821934900857762206509259520086287994784622012946365927181501386 0 0 0 0 0 0 0 0 0 0 0 0 0 0 0 0 0 0 1 0 0 0 0 0 0 0 0 0 0 0 0 0 0 0 0 0 0 0 0 0 0 0 0 0 0 0 0 0 0 0 0 0 0 0 0 0 0 0 0 0 0 0 0 0 0 0 0 0 0 0 0 0 0 0 0 0 0 0 0 0 0 0 0 0 0 0 0 0 0 0 0 0 0 0 0 0 0]
[2260446853821923904358148080551281478799236634404267314898053445344497737429135224179163015343918054311257979475658054292818923311159681169253354772548633612199372606119504407626086228812187537736541055274876767698695309728689518283287619248594270169582180856539991231176568053135191972951176975 0 0 0 0 0 0 0 0 0 0 0 0 0 0 0 0 0 0 0 1 0 0 0 0 0 0 0 0 0 0 0 0 0 0 0 0 0 0 0 0 0 0 0 0 0 0 0 0 0 0 0 0 0 0 0 0 0 0 0 0 0 0 0 0 0 0 0 0 0 0 0 0 0 0 0 0 0 0 0 0 0 0 0 0 0 0 0 0 0 0 0 0 0 0 0 0 0]
[997094633686759301210801872192225393421389485778560457536439814579001722388510650614458816887722550970866207051853243047013263614171733075510884354540752856858218364141294723504384772871255252605895995685679117041569630444633898883381449228824071833856098173575645827491341832173515388176669005 0 0 0 0 0 0 0 0 0 0 0 0 0 0 0 0 0 0 0 0 1 0 0 0 0 0 0 0 0 0 0 0 0 0 0 0 0 0 0 0 0 0 0 0 0 0 0 0 0 0 0 0 0 0 0 0 0 0 0 0 0 0 0 0 0 0 0 0 0 0 0 0 0 0 0 0 0 0 0 0 0 0 0 0 0 0 0 0 0 0 0 0 0 0 0 0 0]
[3049305209124148775184706798114438728217433202414915741135286855508619490513024236630407269486474576694107723657321654468394558972923511841894753644342270403955396904893157013334073650087450353947603191514811670682696084095508881716882260014290915175690266910581129230768032202451193672968516814 0 0 0 0 0 0 0 0 0 0 0 0 0 0 0 0 0 0 0 0 0 1 0 0 0 0 0 0 0 0 0 0 0 0 0 0 0 0 0 0 0 0 0 0 0 0 0 0 0 0 0 0 0 0 0 0 0 0 0 0 0 0 0 0 0 0 0 0 0 0 0 0 0 0 0 0 0 0 0 0 0 0 0 0 0 0 0 0 0 0 0 0 0 0 0 0 0]
[6256402772825140579488476694928165245716849845021639541789173405824117347693909337030126058941583939332629052502256756205014197223484513302606842951373267145435639412634987742252277418736887624319995029682774226485930792863223499687349658658799066980072450798477497636216309511687346195659104142 0 0 0 0 0 0 0 0 0 0 0 0 0 0 0 0 0 0 0 0 0 0 1 0 0 0 0 0 0 0 0 0 0 0 0 0 0 0 0 0 0 0 0 0 0 0 0 0 0 0 0 0 0 0 0 0 0 0 0 0 0 0 0 0 0 0 0 0 0 0 0 0 0 0 0 0 0 0 0 0 0 0 0 0 0 0 0 0 0 0 0 0 0 0 0 0 0]
[4098544948773606969483015269749934312064572395795792176942688428645155422601036888788874019128830209442705788542559680704707585792314248639583920392143302754607484661421819301410996580888659469360885406872265629975167505222374322180826523327101074894596332694860531417258345832512848880490521052 0 0 0 0 0 0 0 0 0 0 0 0 0 0 0 0 0 0 0 0 0 0 0 1 0 0 0 0 0 0 0 0 0 0 0 0 0 0 0 0 0 0 0 0 0 0 0 0 0 0 0 0 0 0 0 0 0 0 0 0 0 0 0 0 0 0 0 0 0 0 0 0 0 0 0 0 0 0 0 0 0 0 0 0 0 0 0 0 0 0 0 0 0 0 0 0 0]
[3500881838087355551588388567029160879954270598743740601962623534391674041898125803236219066305132492002631004726336595581111715075152887474915985950097765238373064756517948293534543618863303094447740015301885534286626292669732124248353667587478955000507421762460163287918231012694959654874835049 0 0 0 0 0 0 0 0 0 0 0 0 0 0 0 0 0 0 0 0 0 0 0 0 1 0 0 0 0 0 0 0 0 0 0 0 0 0 0 0 0 0 0 0 0 0 0 0 0 0 0 0 0 0 0 0 0 0 0 0 0 0 0 0 0 0 0 0 0 0 0 0 0 0 0 0 0 0 0 0 0 0 0 0 0 0 0 0 0 0 0 0 0 0 0 0 0]
[839860896796879199871041281438028261470688084463135514989348130896496202923988928035001700254700050645052200144709557273109899903028632914363895770355886945617335241372942000319957846286201820880853677676891325426226614589334903794707605377872740800558732179133325931565592114926437912088167427 0 0 0 0 0 0 0 0 0 0 0 0 0 0 0 0 0 0 0 0 0 0 0 0 0 1 0 0 0 0 0 0 0 0 0 0 0 0 0 0 0 0 0 0 0 0 0 0 0 0 0 0 0 0 0 0 0 0 0 0 0 0 0 0 0 0 0 0 0 0 0 0 0 0 0 0 0 0 0 0 0 0 0 0 0 0 0 0 0 0 0 0 0 0 0 0 0]
[770877479750456229794497716791389438289639845506170492003223203244557081750407724502435968082143118404124857001777074698737740767376924842557236754439129356376908026091778044127331574274702105109599567798723169447347457130269809248047140042877558893324481436655389300354698071891672965443025609 0 0 0 0 0 0 0 0 0 0 0 0 0 0 0 0 0 0 0 0 0 0 0 0 0 0 1 0 0 0 0 0 0 0 0 0 0 0 0 0 0 0 0 0 0 0 0 0 0 0 0 0 0 0 0 0 0 0 0 0 0 0 0 0 0 0 0 0 0 0 0 0 0 0 0 0 0 0 0 0 0 0 0 0 0 0 0 0 0 0 0 0 0 0 0 0 0]
[5815264641403061899287421496611130817594136807339369168045500176409496635615545620834318938479850918872290917991317088265601183199235829035584898275577385149611514149013295417916168157355609532194251509908565124192472508138714967000690456276664340487088890248970730148266546278089041755366293829 0 0 0 0 0 0 0 0 0 0 0 0 0 0 0 0 0 0 0 0 0 0 0 0 0 0 0 1 0 0 0 0 0 0 0 0 0 0 0 0 0 0 0 0 0 0 0 0 0 0 0 0 0 0 0 0 0 0 0 0 0 0 0 0 0 0 0 0 0 0 0 0 0 0 0 0 0 0 0 0 0 0 0 0 0 0 0 0 0 0 0 0 0 0 0 0 0]
[834485001687275908382374775459811737255904692293621460218301833428098856290084870564573885080709205063881744995492112625874172600708098010108224019683817573064982893877361389362159439312933180774447281297820816810762354359457383199794559412260621630794242651148508193363660363330734595376901397 0 0 0 0 0 0 0 0 0 0 0 0 0 0 0 0 0 0 0 0 0 0 0 0 0 0 0 0 1 0 0 0 0 0 0 0 0 0 0 0 0 0 0 0 0 0 0 0 0 0 0 0 0 0 0 0 0 0 0 0 0 0 0 0 0 0 0 0 0 0 0 0 0 0 0 0 0 0 0 0 0 0 0 0 0 0 0 0 0 0 0 0 0 0 0 0 0]
[3775381104217431850961157783549274903554215654551693672473801886881085911294704797937724548963137070247985501056391310074957018153063657967291626769952033314714798849005043469697228215641926783432365769812330777899853290670300517034006961664970284464994578698759251051023886962307393790996997355 0 0 0 0 0 0 0 0 0 0 0 0 0 0 0 0 0 0 0 0 0 0 0 0 0 0 0 0 0 1 0 0 0 0 0 0 0 0 0 0 0 0 0 0 0 0 0 0 0 0 0 0 0 0 0 0 0 0 0 0 0 0 0 0 0 0 0 0 0 0 0 0 0 0 0 0 0 0 0 0 0 0 0 0 0 0 0 0 0 0 0 0 0 0 0 0 0]
[6380857279926829021464040241052926002985768414892990651875953542753507802536665530585889706627252323044358291501220461808850715495605523991196434655269271759684120597061410841582944802108127156796583570526701299359477345274195325521475848442587824369188512996227146939892542060747356634402226327 0 0 0 0 0 0 0 0 0 0 0 0 0 0 0 0 0 0 0 0 0 0 0 0 0 0 0 0 0 0 1 0 0 0 0 0 0 0 0 0 0 0 0 0 0 0 0 0 0 0 0 0 0 0 0 0 0 0 0 0 0 0 0 0 0 0 0 0 0 0 0 0 0 0 0 0 0 0 0 0 0 0 0 0 0 0 0 0 0 0 0 0 0 0 0 0 0]
[3950726632316432551784813699388980553784092212592097020779436880043509012729549341472977569676005200222646152817736071247024972693542576397410187595919019132490993618991394880105406517306731971080568172182884119551413464337572189483871902347125073775469884779274105203979804244085939072520886045 0 0 0 0 0 0 0 0 0 0 0 0 0 0 0 0 0 0 0 0 0 0 0 0 0 0 0 0 0 0 0 1 0 0 0 0 0 0 0 0 0 0 0 0 0 0 0 0 0 0 0 0 0 0 0 0 0 0 0 0 0 0 0 0 0 0 0 0 0 0 0 0 0 0 0 0 0 0 0 0 0 0 0 0 0 0 0 0 0 0 0 0 0 0 0 0 0]
[7007248552096371844298130512918892035260258302296349622386864029671942600594269969949694118290810095071658654378509757311728558843297840101665994920272088978558197622131367643957886892523407625714975023899922029633840245564285419606886621369693920848746915060928256837957453473827958640594800664 0 0 0 0 0 0 0 0 0 0 0 0 0 0 0 0 0 0 0 0 0 0 0 0 0 0 0 0 0 0 0 0 1 0 0 0 0 0 0 0 0 0 0 0 0 0 0 0 0 0 0 0 0 0 0 0 0 0 0 0 0 0 0 0 0 0 0 0 0 0 0 0 0 0 0 0 0 0 0 0 0 0 0 0 0 0 0 0 0 0 0 0 0 0 0 0 0]
[5400259629590148050120912715248887669348344307253456372159488718006313173760129320471071393618099926330268999105135189958083439543150419683291576139775315081915435281366924719944019678174569243231670350902137920315975413749450156448430928874142131404884382825583867074224216441573953992595754636 0 0 0 0 0 0 0 0 0 0 0 0 0 0 0 0 0 0 0 0 0 0 0 0 0 0 0 0 0 0 0 0 0 1 0 0 0 0 0 0 0 0 0 0 0 0 0 0 0 0 0 0 0 0 0 0 0 0 0 0 0 0 0 0 0 0 0 0 0 0 0 0 0 0 0 0 0 0 0 0 0 0 0 0 0 0 0 0 0 0 0 0 0 0 0 0 0]
[5887295886988856493431326823500927675656415796024215857976268178371436706272536311785068548483515298980304869418416661120355054623777868567215789887361615970794880957087825685341852596303409312998673014086171982627496509897417999678680684039664707303318941841829114228067584718396846517996788726 0 0 0 0 0 0 0 0 0 0 0 0 0 0 0 0 0 0 0 0 0 0 0 0 0 0 0 0 0 0 0 0 0 0 1 0 0 0 0 0 0 0 0 0 0 0 0 0 0 0 0 0 0 0 0 0 0 0 0 0 0 0 0 0 0 0 0 0 0 0 0 0 0 0 0 0 0 0 0 0 0 0 0 0 0 0 0 0 0 0 0 0 0 0 0 0 0]
[6658916500489279940169833516858810639464992848376661313241007184125216843282592021951765569528869722546468150794167695697699386110498303151676436045606843824685329829268760509539466977137148124832843327384518395320440480109041848930002152653468687636277082901906291683636782544562655757981861210 0 0 0 0 0 0 0 0 0 0 0 0 0 0 0 0 0 0 0 0 0 0 0 0 0 0 0 0 0 0 0 0 0 0 0 1 0 0 0 0 0 0 0 0 0 0 0 0 0 0 0 0 0 0 0 0 0 0 0 0 0 0 0 0 0 0 0 0 0 0 0 0 0 0 0 0 0 0 0 0 0 0 0 0 0 0 0 0 0 0 0 0 0 0 0 0 0]
[3921011800120989897429495805792753607689886222449878043077634585183903923627542963906990934038024177532197082743663368838133974342140016429539245383645885227343431777815751679492836416178116492722554380499257160358354492546192921135277459250136273848567476237177159168304755774593526200404798791 0 0 0 0 0 0 0 0 0 0 0 0 0 0 0 0 0 0 0 0 0 0 0 0 0 0 0 0 0 0 0 0 0 0 0 0 1 0 0 0 0 0 0 0 0 0 0 0 0 0 0 0 0 0 0 0 0 0 0 0 0 0 0 0 0 0 0 0 0 0 0 0 0 0 0 0 0 0 0 0 0 0 0 0 0 0 0 0 0 0 0 0 0 0 0 0 0]
[4940639106055182103450675758913653774611267439300585032695455402557588157880071057631230825598697415794767630902188466091781108720359618098667270089536506300783961392534171373480085152815782556369823053624641218454729324575091456324174013481991696051061485368669028887945847353444305902274907200 0 0 0 0 0 0 0 0 0 0 0 0 0 0 0 0 0 0 0 0 0 0 0 0 0 0 0 0 0 0 0 0 0 0 0 0 0 1 0 0 0 0 0 0 0 0 0 0 0 0 0 0 0 0 0 0 0 0 0 0 0 0 0 0 0 0 0 0 0 0 0 0 0 0 0 0 0 0 0 0 0 0 0 0 0 0 0 0 0 0 0 0 0 0 0 0 0]
[6995149201629301094367948716850620080732520628374203328203894928689114119820322642989478654893540220981786810183129859286901459144402485138801991755317860981826641815192493529107732447923683560066254312407419117877090888480104442453886492270976705559167042156268761324133490329053347050984852908 0 0 0 0 0 0 0 0 0 0 0 0 0 0 0 0 0 0 0 0 0 0 0 0 0 0 0 0 0 0 0 0 0 0 0 0 0 0 1 0 0 0 0 0 0 0 0 0 0 0 0 0 0 0 0 0 0 0 0 0 0 0 0 0 0 0 0 0 0 0 0 0 0 0 0 0 0 0 0 0 0 0 0 0 0 0 0 0 0 0 0 0 0 0 0 0 0]
[2763965945675932346967775600006278820257631475679187696322630668033312706399602170405059987817629434886969473379940118103913123891059582819310998581419127231465830037080145616931074684224710577190465813037589055256816941325076789075590697204019872111654817266150199096538752126589761191024443844 0 0 0 0 0 0 0 0 0 0 0 0 0 0 0 0 0 0 0 0 0 0 0 0 0 0 0 0 0 0 0 0 0 0 0 0 0 0 0 1 0 0 0 0 0 0 0 0 0 0 0 0 0 0 0 0 0 0 0 0 0 0 0 0 0 0 0 0 0 0 0 0 0 0 0 0 0 0 0 0 0 0 0 0 0 0 0 0 0 0 0 0 0 0 0 0 0]
[1624545500566740008104323591925369944846566062548088867104960933513863431149883011388139518779678193797807123526517887792890186193399229324760531706649532447714713294015741780501088185457611142652555460948621192210059670211162268285187298652340730392192969981987853310565676382590629670854382919 0 0 0 0 0 0 0 0 0 0 0 0 0 0 0 0 0 0 0 0 0 0 0 0 0 0 0 0 0 0 0 0 0 0 0 0 0 0 0 0 1 0 0 0 0 0 0 0 0 0 0 0 0 0 0 0 0 0 0 0 0 0 0 0 0 0 0 0 0 0 0 0 0 0 0 0 0 0 0 0 0 0 0 0 0 0 0 0 0 0 0 0 0 0 0 0 0]
[460361248005148896831962014992505026422201474236315192432299693473535539188018366424199506177431320623815107231065915826428792418039055333972794391967764139524368304167165397612037133657845597923917542705901859204737265382277992845941777895492684817734834433604923320321986429201843236487599601 0 0 0 0 0 0 0 0 0 0 0 0 0 0 0 0 0 0 0 0 0 0 0 0 0 0 0 0 0 0 0 0 0 0 0 0 0 0 0 0 0 1 0 0 0 0 0 0 0 0 0 0 0 0 0 0 0 0 0 0 0 0 0 0 0 0 0 0 0 0 0 0 0 0 0 0 0 0 0 0 0 0 0 0 0 0 0 0 0 0 0 0 0 0 0 0 0]
[3415603568384263118494425746833441402615104841004309319583513649182788736906051423685348029821699438670235313051529659810539243363401176005677063831549292123934500450188839466103817013904739264494469107824183613198497330948590595948672444950034572287260565005580805373314479021919247706805403946 0 0 0 0 0 0 0 0 0 0 0 0 0 0 0 0 0 0 0 0 0 0 0 0 0 0 0 0 0 0 0 0 0 0 0 0 0 0 0 0 0 0 1 0 0 0 0 0 0 0 0 0 0 0 0 0 0 0 0 0 0 0 0 0 0 0 0 0 0 0 0 0 0 0 0 0 0 0 0 0 0 0 0 0 0 0 0 0 0 0 0 0 0 0 0 0 0]
[329171050360051542741906388909707203265583998758161825320117466969768111298410861634892354062535163239340344042983131880939400096548630143785735632539126238028821539612377560549172246568482607225305376824342428363480584780721318489419119021009496820804760316113240168117355163143614611858773560 0 0 0 0 0 0 0 0 0 0 0 0 0 0 0 0 0 0 0 0 0 0 0 0 0 0 0 0 0 0 0 0 0 0 0 0 0 0 0 0 0 0 0 1 0 0 0 0 0 0 0 0 0 0 0 0 0 0 0 0 0 0 0 0 0 0 0 0 0 0 0 0 0 0 0 0 0 0 0 0 0 0 0 0 0 0 0 0 0 0 0 0 0 0 0 0 0]
[1842296531268436133995817378718930243487430485299808112288623142719059782852413044058863831655752416783917788359010691120775367573469949626559342306410764844062550633875081200707395716188578163955496260534886029939995830967367636968501751664610422795533930760050350848839051863132979147597765368 0 0 0 0 0 0 0 0 0 0 0 0 0 0 0 0 0 0 0 0 0 0 0 0 0 0 0 0 0 0 0 0 0 0 0 0 0 0 0 0 0 0 0 0 1 0 0 0 0 0 0 0 0 0 0 0 0 0 0 0 0 0 0 0 0 0 0 0 0 0 0 0 0 0 0 0 0 0 0 0 0 0 0 0 0 0 0 0 0 0 0 0 0 0 0 0 0]
[4302602979220936005736188176135245289744510187453950004648858131961429070234102302646718867464906347316753969744900061220438407916843355277437776476153015808397026928336870916020696020373974910223623370788106839302816092326521070785733742896045992519782094634142446246187038408400983791777878982 0 0 0 0 0 0 0 0 0 0 0 0 0 0 0 0 0 0 0 0 0 0 0 0 0 0 0 0 0 0 0 0 0 0 0 0 0 0 0 0 0 0 0 0 0 1 0 0 0 0 0 0 0 0 0 0 0 0 0 0 0 0 0 0 0 0 0 0 0 0 0 0 0 0 0 0 0 0 0 0 0 0 0 0 0 0 0 0 0 0 0 0 0 0 0 0 0]
[6370427034274691266150902151190888686786285780337299821088544204775162005784179874452890911535856987732758184274953998842813625725736792695293234764334162156220853684798325558179650861497759185119549222312859746962542366727244604519936692492179954124675750905782432473222302324553916179843025780 0 0 0 0 0 0 0 0 0 0 0 0 0 0 0 0 0 0 0 0 0 0 0 0 0 0 0 0 0 0 0 0 0 0 0 0 0 0 0 0 0 0 0 0 0 0 1 0 0 0 0 0 0 0 0 0 0 0 0 0 0 0 0 0 0 0 0 0 0 0 0 0 0 0 0 0 0 0 0 0 0 0 0 0 0 0 0 0 0 0 0 0 0 0 0 0 0]
[163711412368853194519180203211142982226505327818099812111850758891080789479464711013529280820631457683912602412000274008984472633043173254895183450660568061263935893957709293859248012868873055709397607165487446564578229308670018318602657198356466270244776081323766746213180788947625869381799231 0 0 0 0 0 0 0 0 0 0 0 0 0 0 0 0 0 0 0 0 0 0 0 0 0 0 0 0 0 0 0 0 0 0 0 0 0 0 0 0 0 0 0 0 0 0 0 1 0 0 0 0 0 0 0 0 0 0 0 0 0 0 0 0 0 0 0 0 0 0 0 0 0 0 0 0 0 0 0 0 0 0 0 0 0 0 0 0 0 0 0 0 0 0 0 0 0]
[4885771640546257139920581498240917938537455494753391288049532538698819870807701817467210167391663318756485758301951108144630962914246703223034880949452320135832874034202134092180307884392269092867691866608052782066091091753738312447866540979349080517012619716302387686324874036255558508787832977 0 0 0 0 0 0 0 0 0 0 0 0 0 0 0 0 0 0 0 0 0 0 0 0 0 0 0 0 0 0 0 0 0 0 0 0 0 0 0 0 0 0 0 0 0 0 0 0 1 0 0 0 0 0 0 0 0 0 0 0 0 0 0 0 0 0 0 0 0 0 0 0 0 0 0 0 0 0 0 0 0 0 0 0 0 0 0 0 0 0 0 0 0 0 0 0 0]
[6183939615776794452611783102537408960312435788664250041597056420522783583862224293312666451177469882620196770173352441030102501578872338575294628062733290069079189586900924235122010738961760000678373826935955629939507489531458329724607495874526450854364361951048663412834852269213104300720295131 0 0 0 0 0 0 0 0 0 0 0 0 0 0 0 0 0 0 0 0 0 0 0 0 0 0 0 0 0 0 0 0 0 0 0 0 0 0 0 0 0 0 0 0 0 0 0 0 0 1 0 0 0 0 0 0 0 0 0 0 0 0 0 0 0 0 0 0 0 0 0 0 0 0 0 0 0 0 0 0 0 0 0 0 0 0 0 0 0 0 0 0 0 0 0 0 0]
[6887501937780516743068340977464496751446333578870113249005105512484777535846886089428195077705928174339258858358507973758260482599522614911044781760060772887289559249792123762150892143216574789023001538408096697738001068060424921783084643292250083239464259816703008429814973201421631741268634742 0 0 0 0 0 0 0 0 0 0 0 0 0 0 0 0 0 0 0 0 0 0 0 0 0 0 0 0 0 0 0 0 0 0 0 0 0 0 0 0 0 0 0 0 0 0 0 0 0 0 1 0 0 0 0 0 0 0 0 0 0 0 0 0 0 0 0 0 0 0 0 0 0 0 0 0 0 0 0 0 0 0 0 0 0 0 0 0 0 0 0 0 0 0 0 0 0]
[4107267233189354108449763101405825416384076643917958666853067388050078155336465784980087586933679912057949557805846120904418804886054387684405543569010538230104612098696082450169868340986960190450206505907942608030166610740289554818716661306765700222514254640714487452420451710389085023731535959 0 0 0 0 0 0 0 0 0 0 0 0 0 0 0 0 0 0 0 0 0 0 0 0 0 0 0 0 0 0 0 0 0 0 0 0 0 0 0 0 0 0 0 0 0 0 0 0 0 0 0 1 0 0 0 0 0 0 0 0 0 0 0 0 0 0 0 0 0 0 0 0 0 0 0 0 0 0 0 0 0 0 0 0 0 0 0 0 0 0 0 0 0 0 0 0 0]
[724971988901159109225875116986060351965814875981674514456806179721894619479511628829556765211545285466819446424930947859404159771645681205776152094290708669847667582790417429472020858176509370626287586849514091997551622451345468546935695701230139731149111626784059015676968728493919653648928391 0 0 0 0 0 0 0 0 0 0 0 0 0 0 0 0 0 0 0 0 0 0 0 0 0 0 0 0 0 0 0 0 0 0 0 0 0 0 0 0 0 0 0 0 0 0 0 0 0 0 0 0 1 0 0 0 0 0 0 0 0 0 0 0 0 0 0 0 0 0 0 0 0 0 0 0 0 0 0 0 0 0 0 0 0 0 0 0 0 0 0 0 0 0 0 0 0]
[1335394515971781728045492676926082619912492139739076945578762699498113825189323649626528399747371025226490530110757737942161864221280545909865966635402177593531622366813317262285370559440091469332405081223175371489277101313354719332947753016481008202501472482729532752648388261017086956336509892 0 0 0 0 0 0 0 0 0 0 0 0 0 0 0 0 0 0 0 0 0 0 0 0 0 0 0 0 0 0 0 0 0 0 0 0 0 0 0 0 0 0 0 0 0 0 0 0 0 0 0 0 0 1 0 0 0 0 0 0 0 0 0 0 0 0 0 0 0 0 0 0 0 0 0 0 0 0 0 0 0 0 0 0 0 0 0 0 0 0 0 0 0 0 0 0 0]
[4768934661131598387078603609073698822563502046270135695780247796359702000983822501414860748542764381373765676253611858222202710902252629697510942004632199759281454789736636510582732747600029561946152090792582151453743092858560988730937187060142140318966040030485036141919428370137754782685578940 0 0 0 0 0 0 0 0 0 0 0 0 0 0 0 0 0 0 0 0 0 0 0 0 0 0 0 0 0 0 0 0 0 0 0 0 0 0 0 0 0 0 0 0 0 0 0 0 0 0 0 0 0 0 1 0 0 0 0 0 0 0 0 0 0 0 0 0 0 0 0 0 0 0 0 0 0 0 0 0 0 0 0 0 0 0 0 0 0 0 0 0 0 0 0 0 0]
[5497299048140486929641315337355882569783706445440703793748610463335557520336208176185331970182618126333616376231884809886270252557463808052539589427908454091779980489515663495050503318860276177626079946456251517030973042138489395694936223098114872936932626163630910001699987953261353469252350706 0 0 0 0 0 0 0 0 0 0 0 0 0 0 0 0 0 0 0 0 0 0 0 0 0 0 0 0 0 0 0 0 0 0 0 0 0 0 0 0 0 0 0 0 0 0 0 0 0 0 0 0 0 0 0 1 0 0 0 0 0 0 0 0 0 0 0 0 0 0 0 0 0 0 0 0 0 0 0 0 0 0 0 0 0 0 0 0 0 0 0 0 0 0 0 0 0]
[4679955320915666825305379921018955708958231556808471127344055366736735121426890591321588649086016244927969567559525699280662566046653131182313235909257441830988840192022590960566164424571755784774762682006654553737250703787737963964291397002132804339745522783348674330602801136271317861197710799 0 0 0 0 0 0 0 0 0 0 0 0 0 0 0 0 0 0 0 0 0 0 0 0 0 0 0 0 0 0 0 0 0 0 0 0 0 0 0 0 0 0 0 0 0 0 0 0 0 0 0 0 0 0 0 0 1 0 0 0 0 0 0 0 0 0 0 0 0 0 0 0 0 0 0 0 0 0 0 0 0 0 0 0 0 0 0 0 0 0 0 0 0 0 0 0 0]
[310312605034984359805786684439701063337025621884793922153976987599443546777150705807975459444079971271639815857748304129002612258621219593739684888174169518242463703619196453208491420582505519182740303266857876982657063577461826295846934183053483970664177757205572200917199195255702165523017440 0 0 0 0 0 0 0 0 0 0 0 0 0 0 0 0 0 0 0 0 0 0 0 0 0 0 0 0 0 0 0 0 0 0 0 0 0 0 0 0 0 0 0 0 0 0 0 0 0 0 0 0 0 0 0 0 0 1 0 0 0 0 0 0 0 0 0 0 0 0 0 0 0 0 0 0 0 0 0 0 0 0 0 0 0 0 0 0 0 0 0 0 0 0 0 0 0]
[5530399658374573579404154692711018711008867439268949696958388220661539191340431575682327487094304590669562092010992638386728303813635177941904979124455046840540588978342047584731863213040987509844909234243785868552404530228231688692000922866246326157550143945945240409452106349077421109734442983 0 0 0 0 0 0 0 0 0 0 0 0 0 0 0 0 0 0 0 0 0 0 0 0 0 0 0 0 0 0 0 0 0 0 0 0 0 0 0 0 0 0 0 0 0 0 0 0 0 0 0 0 0 0 0 0 0 0 1 0 0 0 0 0 0 0 0 0 0 0 0 0 0 0 0 0 0 0 0 0 0 0 0 0 0 0 0 0 0 0 0 0 0 0 0 0 0]
[4798534398572591332553721081272469316217365765775006411571267026930997605036093177076699256612319234500276714488183084606542162375178559963116608015756880696845116237985392959138922523276100583828612986000685221228258563714116318039183984801834544931923865087798441853484985800847647217171912446 0 0 0 0 0 0 0 0 0 0 0 0 0 0 0 0 0 0 0 0 0 0 0 0 0 0 0 0 0 0 0 0 0 0 0 0 0 0 0 0 0 0 0 0 0 0 0 0 0 0 0 0 0 0 0 0 0 0 0 1 0 0 0 0 0 0 0 0 0 0 0 0 0 0 0 0 0 0 0 0 0 0 0 0 0 0 0 0 0 0 0 0 0 0 0 0 0]
[1418877968609798527750390525609168091926054132143755099758662733813941679139020954857585491143477448494981336596758902573952627195403420476555423915171188021208391605174905396458232989654999710853363676862633224126805580145050131101456092780905272156308879690314386996195438301202353212090902757 0 0 0 0 0 0 0 0 0 0 0 0 0 0 0 0 0 0 0 0 0 0 0 0 0 0 0 0 0 0 0 0 0 0 0 0 0 0 0 0 0 0 0 0 0 0 0 0 0 0 0 0 0 0 0 0 0 0 0 0 1 0 0 0 0 0 0 0 0 0 0 0 0 0 0 0 0 0 0 0 0 0 0 0 0 0 0 0 0 0 0 0 0 0 0 0 0]
[45202280656653099615755442689628184491937665083951541278916414628777460342120024141309506128040657682454244874889821171219907708626160058184881024820749502704517888954855106074154104875577131812012214275619594217610496215886659002434153666954558288651493446346724504863203821223576734629349907 0 0 0 0 0 0 0 0 0 0 0 0 0 0 0 0 0 0 0 0 0 0 0 0 0 0 0 0 0 0 0 0 0 0 0 0 0 0 0 0 0 0 0 0 0 0 0 0 0 0 0 0 0 0 0 0 0 0 0 0 0 1 0 0 0 0 0 0 0 0 0 0 0 0 0 0 0 0 0 0 0 0 0 0 0 0 0 0 0 0 0 0 0 0 0 0 0]
[3128511482523235229627329356774157139989437447919267853828113989610908834191341392769484564177243509442567917605928101606864097014605361510236713865851591247826006814273663591612344380824838886753048647344647001158208267585220792073535463148542110878050617270819734342641933621638601486302364626 0 0 0 0 0 0 0 0 0 0 0 0 0 0 0 0 0 0 0 0 0 0 0 0 0 0 0 0 0 0 0 0 0 0 0 0 0 0 0 0 0 0 0 0 0 0 0 0 0 0 0 0 0 0 0 0 0 0 0 0 0 0 1 0 0 0 0 0 0 0 0 0 0 0 0 0 0 0 0 0 0 0 0 0 0 0 0 0 0 0 0 0 0 0 0 0 0]
[3670454409609679622799312861477212745055421784769616261416856690948845127997900473653010539184655697584740504665259348821160849667143517847636011293775463053401859088974229923297926694488654009670129189050167347951060850308428616900481430131141857792716928591054852693059800113291955385433894915 0 0 0 0 0 0 0 0 0 0 0 0 0 0 0 0 0 0 0 0 0 0 0 0 0 0 0 0 0 0 0 0 0 0 0 0 0 0 0 0 0 0 0 0 0 0 0 0 0 0 0 0 0 0 0 0 0 0 0 0 0 0 0 1 0 0 0 0 0 0 0 0 0 0 0 0 0 0 0 0 0 0 0 0 0 0 0 0 0 0 0 0 0 0 0 0 0]
[2849331960738483734519582661007618106550504983998119603174384303808511759107644641386942531298598543391117744395523889406780915663607707082228030709436884442936178641387435930925194267000238731100079960542635589614166696012481084826118435072839706822480024307913631590026928538134569532904856433 0 0 0 0 0 0 0 0 0 0 0 0 0 0 0 0 0 0 0 0 0 0 0 0 0 0 0 0 0 0 0 0 0 0 0 0 0 0 0 0 0 0 0 0 0 0 0 0 0 0 0 0 0 0 0 0 0 0 0 0 0 0 0 0 1 0 0 0 0 0 0 0 0 0 0 0 0 0 0 0 0 0 0 0 0 0 0 0 0 0 0 0 0 0 0 0 0]
[5622164232987853567001714665234935846914282749682533143901156200028653472489923427744956618155678828190623663930840842508026160097431853669418049372613063675326847402089398767618708999998501357823193438576417598664554258947429926502516304706345973730749485679209700485108111235538413054892069121 0 0 0 0 0 0 0 0 0 0 0 0 0 0 0 0 0 0 0 0 0 0 0 0 0 0 0 0 0 0 0 0 0 0 0 0 0 0 0 0 0 0 0 0 0 0 0 0 0 0 0 0 0 0 0 0 0 0 0 0 0 0 0 0 0 1 0 0 0 0 0 0 0 0 0 0 0 0 0 0 0 0 0 0 0 0 0 0 0 0 0 0 0 0 0 0 0]
[5984704666495131420091324921190133223441659223528836310559704698306313070539730172474830378614088013355365493341137625704816450508596712442939419762511919143618014393298631977609873078405612531465835363867542997738852090249171258351246563958131505363883007924705720212557257604403533164455746104 0 0 0 0 0 0 0 0 0 0 0 0 0 0 0 0 0 0 0 0 0 0 0 0 0 0 0 0 0 0 0 0 0 0 0 0 0 0 0 0 0 0 0 0 0 0 0 0 0 0 0 0 0 0 0 0 0 0 0 0 0 0 0 0 0 0 1 0 0 0 0 0 0 0 0 0 0 0 0 0 0 0 0 0 0 0 0 0 0 0 0 0 0 0 0 0 0]
[3793713410686347185801687361569478257346614178298935249065624091953096744542885912034193534494937393042207279443082320117870879503553914740057758720734151226356809216623359610264206827854925849175992593683327874312918476188654024494393411721355404432639573754525820988312487106239367098035329756 0 0 0 0 0 0 0 0 0 0 0 0 0 0 0 0 0 0 0 0 0 0 0 0 0 0 0 0 0 0 0 0 0 0 0 0 0 0 0 0 0 0 0 0 0 0 0 0 0 0 0 0 0 0 0 0 0 0 0 0 0 0 0 0 0 0 0 1 0 0 0 0 0 0 0 0 0 0 0 0 0 0 0 0 0 0 0 0 0 0 0 0 0 0 0 0 0]
[2099456593311002081581622555662928308973775846858720854439757000366404241214104470687778765686250711415554881634686534912942577265261672287441265541993584400039125601140932237650747599664116866073787394976964561874259603240727911120235166544208181305046847299970561373056106113228271842486106093 0 0 0 0 0 0 0 0 0 0 0 0 0 0 0 0 0 0 0 0 0 0 0 0 0 0 0 0 0 0 0 0 0 0 0 0 0 0 0 0 0 0 0 0 0 0 0 0 0 0 0 0 0 0 0 0 0 0 0 0 0 0 0 0 0 0 0 0 1 0 0 0 0 0 0 0 0 0 0 0 0 0 0 0 0 0 0 0 0 0 0 0 0 0 0 0 0]
[2211375281670222266752495323373423784306343485850848748777848297112428315164090494155804642541222121501321854644620794839857486499720389533939931145027580239530675675622981930717506822771520841392805312992364385992279288828745399069860727059669274022264729860174804949587448549749258107424964369 0 0 0 0 0 0 0 0 0 0 0 0 0 0 0 0 0 0 0 0 0 0 0 0 0 0 0 0 0 0 0 0 0 0 0 0 0 0 0 0 0 0 0 0 0 0 0 0 0 0 0 0 0 0 0 0 0 0 0 0 0 0 0 0 0 0 0 0 0 1 0 0 0 0 0 0 0 0 0 0 0 0 0 0 0 0 0 0 0 0 0 0 0 0 0 0 0]
[555279791068638942959715870637115931848662960029760947906643050145801014467653326308673444438642695120162689138544963161705035886692630731556499754241327511501994426159040629353721504099480175144953133082292677869721863427370171085792065720009406113565832327454793073905690043474004663270088772 0 0 0 0 0 0 0 0 0 0 0 0 0 0 0 0 0 0 0 0 0 0 0 0 0 0 0 0 0 0 0 0 0 0 0 0 0 0 0 0 0 0 0 0 0 0 0 0 0 0 0 0 0 0 0 0 0 0 0 0 0 0 0 0 0 0 0 0 0 0 1 0 0 0 0 0 0 0 0 0 0 0 0 0 0 0 0 0 0 0 0 0 0 0 0 0 0]
[7052393574930495362150989213841939463135470540018460238157958283032075666828916023970210260253199471731460345237263489938441905820680024007867935040338454643272692465316423464470015337981915520102001082528430068416929315086570574912267044649674824637670329590401825955500978726398318050104609699 0 0 0 0 0 0 0 0 0 0 0 0 0 0 0 0 0 0 0 0 0 0 0 0 0 0 0 0 0 0 0 0 0 0 0 0 0 0 0 0 0 0 0 0 0 0 0 0 0 0 0 0 0 0 0 0 0 0 0 0 0 0 0 0 0 0 0 0 0 0 0 1 0 0 0 0 0 0 0 0 0 0 0 0 0 0 0 0 0 0 0 0 0 0 0 0 0]
[4911472266024510701368297877476837447100295592035531733254815243621259973579327292723716034031382030303624867885863953936468629261600882728942778291345011684283158285717143551846884193147147199323773090722920640401005721839314095305336815260261458815488857101669882866496427636967931248462015239 0 0 0 0 0 0 0 0 0 0 0 0 0 0 0 0 0 0 0 0 0 0 0 0 0 0 0 0 0 0 0 0 0 0 0 0 0 0 0 0 0 0 0 0 0 0 0 0 0 0 0 0 0 0 0 0 0 0 0 0 0 0 0 0 0 0 0 0 0 0 0 0 1 0 0 0 0 0 0 0 0 0 0 0 0 0 0 0 0 0 0 0 0 0 0 0 0]
[5591411691233655842870225315943041027093980442311341386447707116304406352713730471300770177816720479153438431331207763112672849017344863979844155399195798677680218992513725242805927646084468344118005881464366047770925376777684279751569508919618237474286388706484436495213560480412173014572843319 0 0 0 0 0 0 0 0 0 0 0 0 0 0 0 0 0 0 0 0 0 0 0 0 0 0 0 0 0 0 0 0 0 0 0 0 0 0 0 0 0 0 0 0 0 0 0 0 0 0 0 0 0 0 0 0 0 0 0 0 0 0 0 0 0 0 0 0 0 0 0 0 0 1 0 0 0 0 0 0 0 0 0 0 0 0 0 0 0 0 0 0 0 0 0 0 0]
[4532396577154540345987449803833233662250049721419642665706592319547034980313349116752816241078137836392535712276549481913724552818454066497538254900343004381888699397170127831473840383867051320739461442209386479422429386365257225251207926318018449922072469326894870576221900432030090874879615458 0 0 0 0 0 0 0 0 0 0 0 0 0 0 0 0 0 0 0 0 0 0 0 0 0 0 0 0 0 0 0 0 0 0 0 0 0 0 0 0 0 0 0 0 0 0 0 0 0 0 0 0 0 0 0 0 0 0 0 0 0 0 0 0 0 0 0 0 0 0 0 0 0 0 1 0 0 0 0 0 0 0 0 0 0 0 0 0 0 0 0 0 0 0 0 0 0]
[4817604793286034234823331139850042540744818590401769651630704180889051907081758820828122437036283278878784727043754045884324888817049999655591275431383197850236272114945808225978596532370214152741127461570362186897211299823574780564872035080436531580984043645148904964437434159321750129019499325 0 0 0 0 0 0 0 0 0 0 0 0 0 0 0 0 0 0 0 0 0 0 0 0 0 0 0 0 0 0 0 0 0 0 0 0 0 0 0 0 0 0 0 0 0 0 0 0 0 0 0 0 0 0 0 0 0 0 0 0 0 0 0 0 0 0 0 0 0 0 0 0 0 0 0 1 0 0 0 0 0 0 0 0 0 0 0 0 0 0 0 0 0 0 0 0 0]
[4984508385870120812452774612682670849376048676305124926404538829466090080814591219682116652807903727216554873153249525327583526288189157722011751566935554949782779781963370354865064941999612469512521590102040053603686728149165351772461731443568004905935645265827427091840457623479586099927077639 0 0 0 0 0 0 0 0 0 0 0 0 0 0 0 0 0 0 0 0 0 0 0 0 0 0 0 0 0 0 0 0 0 0 0 0 0 0 0 0 0 0 0 0 0 0 0 0 0 0 0 0 0 0 0 0 0 0 0 0 0 0 0 0 0 0 0 0 0 0 0 0 0 0 0 0 1 0 0 0 0 0 0 0 0 0 0 0 0 0 0 0 0 0 0 0 0]
[2109066205200594915033531101347349846112189657584842459213726199606294690039447132851303734033110364288987165720669991228006512526595881905096264425997539847129734144909897498303627346979302748048673420188806019598370528924320472057434074085836502167520000332791463748604868252965008496636128328 0 0 0 0 0 0 0 0 0 0 0 0 0 0 0 0 0 0 0 0 0 0 0 0 0 0 0 0 0 0 0 0 0 0 0 0 0 0 0 0 0 0 0 0 0 0 0 0 0 0 0 0 0 0 0 0 0 0 0 0 0 0 0 0 0 0 0 0 0 0 0 0 0 0 0 0 0 1 0 0 0 0 0 0 0 0 0 0 0 0 0 0 0 0 0 0 0]
[87779044135291123871928701607991997126083934320825166458414950688553543460760621922067978329899712133057327584108216507123251927175838618876499015291342301016365792121718414119445395719047277588506294598555453268063891150022386778080879929693827927956564466861028082622072829849508435662737464 0 0 0 0 0 0 0 0 0 0 0 0 0 0 0 0 0 0 0 0 0 0 0 0 0 0 0 0 0 0 0 0 0 0 0 0 0 0 0 0 0 0 0 0 0 0 0 0 0 0 0 0 0 0 0 0 0 0 0 0 0 0 0 0 0 0 0 0 0 0 0 0 0 0 0 0 0 0 1 0 0 0 0 0 0 0 0 0 0 0 0 0 0 0 0 0 0]
[6084679515031098341100418480007030175702570586183403980731062401063982365779772948161950329696305846848279416169063117276063940676348478032732686136713192928361625428419643478647464521073663283530360878722095307246463647912168914433578409158113298427116159485008073621776287963930858326959645479 0 0 0 0 0 0 0 0 0 0 0 0 0 0 0 0 0 0 0 0 0 0 0 0 0 0 0 0 0 0 0 0 0 0 0 0 0 0 0 0 0 0 0 0 0 0 0 0 0 0 0 0 0 0 0 0 0 0 0 0 0 0 0 0 0 0 0 0 0 0 0 0 0 0 0 0 0 0 0 1 0 0 0 0 0 0 0 0 0 0 0 0 0 0 0 0 0]
[577779212979521666230786244138246706952321800678698185287071487662937623970355911634970781514182069836207695623049651698060071067445620096447425977256509763678748798505255407432959854112662707147489337722216084158040447739050132901881552881247326520680912968952612500840676187485897182604296891 0 0 0 0 0 0 0 0 0 0 0 0 0 0 0 0 0 0 0 0 0 0 0 0 0 0 0 0 0 0 0 0 0 0 0 0 0 0 0 0 0 0 0 0 0 0 0 0 0 0 0 0 0 0 0 0 0 0 0 0 0 0 0 0 0 0 0 0 0 0 0 0 0 0 0 0 0 0 0 0 1 0 0 0 0 0 0 0 0 0 0 0 0 0 0 0 0]
[4734525169861723556790593928612135110378600154675928266940597942331986124970394742894014746533947198135699224896621413182503819719987531278188234991711091557516972200203889595075309929897436942898671352146796853172137199972641480878040349389522498285585374966749910582708818670787362620999223010 0 0 0 0 0 0 0 0 0 0 0 0 0 0 0 0 0 0 0 0 0 0 0 0 0 0 0 0 0 0 0 0 0 0 0 0 0 0 0 0 0 0 0 0 0 0 0 0 0 0 0 0 0 0 0 0 0 0 0 0 0 0 0 0 0 0 0 0 0 0 0 0 0 0 0 0 0 0 0 0 0 1 0 0 0 0 0 0 0 0 0 0 0 0 0 0 0]
[4456204701510460340789850657698301329662706123472304114470551885895327849427166744208913116394850097312251495054874288530511231254792816623279557317595400782926557737956528750517877121340627656744361694925068825835506189439919327906805320812386889243250682601195783258763953400095730671791550560 0 0 0 0 0 0 0 0 0 0 0 0 0 0 0 0 0 0 0 0 0 0 0 0 0 0 0 0 0 0 0 0 0 0 0 0 0 0 0 0 0 0 0 0 0 0 0 0 0 0 0 0 0 0 0 0 0 0 0 0 0 0 0 0 0 0 0 0 0 0 0 0 0 0 0 0 0 0 0 0 0 0 1 0 0 0 0 0 0 0 0 0 0 0 0 0 0]
[1639249107672144700199757467149488193589243368091802525502029113117361962944353449525355710673727838127622514139971334307024223173842139269922957064028952071272107324250776097226644674059855239276444629327151375142109542881228355477349836050299233067610305174852136747214833359739703598908404856 0 0 0 0 0 0 0 0 0 0 0 0 0 0 0 0 0 0 0 0 0 0 0 0 0 0 0 0 0 0 0 0 0 0 0 0 0 0 0 0 0 0 0 0 0 0 0 0 0 0 0 0 0 0 0 0 0 0 0 0 0 0 0 0 0 0 0 0 0 0 0 0 0 0 0 0 0 0 0 0 0 0 0 1 0 0 0 0 0 0 0 0 0 0 0 0 0]
[1881789856888682913764684179436585466867787238442139470817423073669035143752931582059463884538330983625347657006049310298948864949455649425251255551143748408975888321237051575329352399327489227319000931732575367510494999203863520413467711532965190912765504906366615609329906637594013589422397765 0 0 0 0 0 0 0 0 0 0 0 0 0 0 0 0 0 0 0 0 0 0 0 0 0 0 0 0 0 0 0 0 0 0 0 0 0 0 0 0 0 0 0 0 0 0 0 0 0 0 0 0 0 0 0 0 0 0 0 0 0 0 0 0 0 0 0 0 0 0 0 0 0 0 0 0 0 0 0 0 0 0 0 0 1 0 0 0 0 0 0 0 0 0 0 0 0]
[158851504134667035104526969647752252076444589391052233881682478527474274005163540803700330728062626107893272600591066351082814570989059757681326294649626164278989176547958996751423500836517536245527810835100429672033648295460632204631065105940085259048203801747917189577059886747301122728699741 0 0 0 0 0 0 0 0 0 0 0 0 0 0 0 0 0 0 0 0 0 0 0 0 0 0 0 0 0 0 0 0 0 0 0 0 0 0 0 0 0 0 0 0 0 0 0 0 0 0 0 0 0 0 0 0 0 0 0 0 0 0 0 0 0 0 0 0 0 0 0 0 0 0 0 0 0 0 0 0 0 0 0 0 0 1 0 0 0 0 0 0 0 0 0 0 0]
[4177924728046303161557555845067360631004814914654980625995111866632304704505582771447348609096064658074732193448272543712678433174576590498120204783389529972015418970479326416220331024380939281519796691077489121278478564388820813199997507264932672402142718434060566073579712380994123868635991727 0 0 0 0 0 0 0 0 0 0 0 0 0 0 0 0 0 0 0 0 0 0 0 0 0 0 0 0 0 0 0 0 0 0 0 0 0 0 0 0 0 0 0 0 0 0 0 0 0 0 0 0 0 0 0 0 0 0 0 0 0 0 0 0 0 0 0 0 0 0 0 0 0 0 0 0 0 0 0 0 0 0 0 0 0 0 1 0 0 0 0 0 0 0 0 0 0]
[4562656922924434375558257496350300179114581624603593334738403785917043057653476356011049896469791572323647104178784538227562781063461543159928898522480325923270211919821219210417518861514266671257990958348607955604225060182807962564902710142867060112969532422666796213338464152924111577055324362 0 0 0 0 0 0 0 0 0 0 0 0 0 0 0 0 0 0 0 0 0 0 0 0 0 0 0 0 0 0 0 0 0 0 0 0 0 0 0 0 0 0 0 0 0 0 0 0 0 0 0 0 0 0 0 0 0 0 0 0 0 0 0 0 0 0 0 0 0 0 0 0 0 0 0 0 0 0 0 0 0 0 0 0 0 0 0 1 0 0 0 0 0 0 0 0 0]
[6891849267784213450718879494698980966216185667338389068780194721604549689809653533841967155915977121045931474694590399911929228641794498767343519512691314109069633599317373884178767538404789575681555644075665145774898649587707797008361587453131172845116104578405110155398774920997420585070456639 0 0 0 0 0 0 0 0 0 0 0 0 0 0 0 0 0 0 0 0 0 0 0 0 0 0 0 0 0 0 0 0 0 0 0 0 0 0 0 0 0 0 0 0 0 0 0 0 0 0 0 0 0 0 0 0 0 0 0 0 0 0 0 0 0 0 0 0 0 0 0 0 0 0 0 0 0 0 0 0 0 0 0 0 0 0 0 0 1 0 0 0 0 0 0 0 0]
[4722898869055876736139607577558680077140246785448847429841143163584297365157251524112742819011722215982321575766347015322506928217858831706936040433372878107490714082548157985939955953566379544540811744471769760199710096762651644468740385765082116588059028800241325985060499903154377406754888136 0 0 0 0 0 0 0 0 0 0 0 0 0 0 0 0 0 0 0 0 0 0 0 0 0 0 0 0 0 0 0 0 0 0 0 0 0 0 0 0 0 0 0 0 0 0 0 0 0 0 0 0 0 0 0 0 0 0 0 0 0 0 0 0 0 0 0 0 0 0 0 0 0 0 0 0 0 0 0 0 0 0 0 0 0 0 0 0 0 1 0 0 0 0 0 0 0]
[5523292623808504605300592979628742480288323679068700706928031683423928911087319581525102133960249915276566238528413148020818187591036818230322393893370060341644219626426777647968377420680766168800325624570557382399331200919661144509693448729305702161783977691333184430780251151358792358982397699 0 0 0 0 0 0 0 0 0 0 0 0 0 0 0 0 0 0 0 0 0 0 0 0 0 0 0 0 0 0 0 0 0 0 0 0 0 0 0 0 0 0 0 0 0 0 0 0 0 0 0 0 0 0 0 0 0 0 0 0 0 0 0 0 0 0 0 0 0 0 0 0 0 0 0 0 0 0 0 0 0 0 0 0 0 0 0 0 0 0 1 0 0 0 0 0 0]
[5240522932672571500187605433279068061902210012576778452275420803495254110561150290271965396721814825431797183865651528523002401371869862863461779805166387766230603258988848130262549007202635093602136714950193651481133652877956135297863426248122655002654858246232904027819748448964078976377903889 0 0 0 0 0 0 0 0 0 0 0 0 0 0 0 0 0 0 0 0 0 0 0 0 0 0 0 0 0 0 0 0 0 0 0 0 0 0 0 0 0 0 0 0 0 0 0 0 0 0 0 0 0 0 0 0 0 0 0 0 0 0 0 0 0 0 0 0 0 0 0 0 0 0 0 0 0 0 0 0 0 0 0 0 0 0 0 0 0 0 0 1 0 0 0 0 0]
[1591283259235797653492645430211901993990446499034624887725512672416030049747439250031994019943499150054693539919926716343764063681229655477907362895549415732655357862731647241215199081934967037949387486997456001027637505086577866866836365742068913356548018001757691953803374735671205987770009706 0 0 0 0 0 0 0 0 0 0 0 0 0 0 0 0 0 0 0 0 0 0 0 0 0 0 0 0 0 0 0 0 0 0 0 0 0 0 0 0 0 0 0 0 0 0 0 0 0 0 0 0 0 0 0 0 0 0 0 0 0 0 0 0 0 0 0 0 0 0 0 0 0 0 0 0 0 0 0 0 0 0 0 0 0 0 0 0 0 0 0 0 1 0 0 0 0]
[1039567977411538909354746370155719710301007851798630810268735347395752588614497013202892823920738415447219813287686998749779496643097647101578804326478099869990340275520326245335175005738663838316117987520799706895511798160135219629791447240016878816885589706617524716325864397259831965010689838 0 0 0 0 0 0 0 0 0 0 0 0 0 0 0 0 0 0 0 0 0 0 0 0 0 0 0 0 0 0 0 0 0 0 0 0 0 0 0 0 0 0 0 0 0 0 0 0 0 0 0 0 0 0 0 0 0 0 0 0 0 0 0 0 0 0 0 0 0 0 0 0 0 0 0 0 0 0 0 0 0 0 0 0 0 0 0 0 0 0 0 0 0 1 0 0 0]
[1298110467777575702876962119674468442010302653750594075731342810718727234920202408045440076474926064516751349614899676542143140858099857692249570806350560906299860142940513631353338651007888271674155686565370924148538581539807397598107017923367755120311741554112497300204452377599216658474785666 0 0 0 0 0 0 0 0 0 0 0 0 0 0 0 0 0 0 0 0 0 0 0 0 0 0 0 0 0 0 0 0 0 0 0 0 0 0 0 0 0 0 0 0 0 0 0 0 0 0 0 0 0 0 0 0 0 0 0 0 0 0 0 0 0 0 0 0 0 0 0 0 0 0 0 0 0 0 0 0 0 0 0 0 0 0 0 0 0 0 0 0 0 0 1 0 0]
[415144524985731747726763087614353947776911720483865241770114360753836700940062308890791702952588244987273353992762988286066670973276208803131340532788670628905928897174515592571458932254728410027463860027144061080826107069283966608763009871819520039429953169880933388785372963223950327528613642 0 0 0 0 0 0 0 0 0 0 0 0 0 0 0 0 0 0 0 0 0 0 0 0 0 0 0 0 0 0 0 0 0 0 0 0 0 0 0 0 0 0 0 0 0 0 0 0 0 0 0 0 0 0 0 0 0 0 0 0 0 0 0 0 0 0 0 0 0 0 0 0 0 0 0 0 0 0 0 0 0 0 0 0 0 0 0 0 0 0 0 0 0 0 0 1 0]
[1936993575905803771726730976468449491523038551231876051671800828837331475510067835737638191422813558789111194614810978646695634003750448142401196815435943541225518251082767925706191605341779163316808485499767967970366125996416294385260035368657737158215863747315593317161275620541099890220411507 0 0 0 0 0 0 0 0 0 0 0 0 0 0 0 0 0 0 0 0 0 0 0 0 0 0 0 0 0 0 0 0 0 0 0 0 0 0 0 0 0 0 0 0 0 0 0 0 0 0 0 0 0 0 0 0 0 0 0 0 0 0 0 0 0 0 0 0 0 0 0 0 0 0 0 0 0 0 0 0 0 0 0 0 0 0 0 0 0 0 0 0 0 0 0 0 1]
]
