[[8141029295316290070649431759290551162453859242124414477511637200127942786537843824594866777740266132300281460409787716835539451006829309084627149836886842347537812137439881449138922746799653839110749055707797627389340637689242661285931250692365414717379200670780239559796796966004090031753 0 0 0 0 0 0 0 0 0 0 0 0 0 0 0 0 0 0 0 0 0 0 0 0 0 0 0 0 0 0 0 0 0 0 0 0 0 0 0 0 0 0 0 0 0 0 0 0 0 0 0 0 0 0 0 0 0 0 0 0 0 0 0 0 0 0 0 0 0 0 0 0 0 0 0 0 0 0 0 0 0 0 0 0 0 0 0 0 0 0 0 0 0 0 0]
[4315083463230917932553195269689903571468652672058733272910946516869328816373467589965816388699652077673041489244197452464257566774809417008525441167631348772798327460869532298181334030391818819223024104850525723585949363769978234342598525316187604145382096177541717137920360048285573595295 1 0 0 0 0 0 0 0 0 0 0 0 0 0 0 0 0 0 0 0 0 0 0 0 0 0 0 0 0 0 0 0 0 0 0 0 0 0 0 0 0 0 0 0 0 0 0 0 0 0 0 0 0 0 0 0 0 0 0 0 0 0 0 0 0 0 0 0 0 0 0 0 0 0 0 0 0 0 0 0 0 0 0 0 0 0 0 0 0 0 0 0 0 0 0]
[3819418550428022042555140430989656448984637190555168880942827682319817545067914461534221986388940145135807353265354786703189361057342856735229774362061316670082436563259824600120514141263953430538890181187401030896205372110021571012170587751743668430933191655503032525185078214950460998591 0 1 0 0 0 0 0 0 0 0 0 0 0 0 0 0 0 0 0 0 0 0 0 0 0 0 0 0 0 0 0 0 0 0 0 0 0 0 0 0 0 0 0 0 0 0 0 0 0 0 0 0 0 0 0 0 0 0 0 0 0 0 0 0 0 0 0 0 0 0 0 0 0 0 0 0 0 0 0 0 0 0 0 0 0 0 0 0 0 0 0 0 0 0 0]
[6344909256616850068931395950765788287862469623116117561989003773789198808386235265841920042623086096331716712955609297534747079223209463851047765827389138839785880955878482132091740678700601906860142068147273221204319359132864583735997208378537688296070070737852181035319177808681726660013 0 0 1 0 0 0 0 0 0 0 0 0 0 0 0 0 0 0 0 0 0 0 0 0 0 0 0 0 0 0 0 0 0 0 0 0 0 0 0 0 0 0 0 0 0 0 0 0 0 0 0 0 0 0 0 0 0 0 0 0 0 0 0 0 0 0 0 0 0 0 0 0 0 0 0 0 0 0 0 0 0 0 0 0 0 0 0 0 0 0 0 0 0 0 0]
[2105608747508919612082305297321613070384260797904801555760091420455690973938261524950201403738788701577840851719232120191143641798907331137456300645187418951081268128178930901957056413775555564878509539903258993734800849118015610854238036390073831110497039137518955676725638029277564205585 0 0 0 1 0 0 0 0 0 0 0 0 0 0 0 0 0 0 0 0 0 0 0 0 0 0 0 0 0 0 0 0 0 0 0 0 0 0 0 0 0 0 0 0 0 0 0 0 0 0 0 0 0 0 0 0 0 0 0 0 0 0 0 0 0 0 0 0 0 0 0 0 0 0 0 0 0 0 0 0 0 0 0 0 0 0 0 0 0 0 0 0 0 0 0]
[2468038525713353667564091761002186815033564584047458044399606322374739911539800666504969449706388030041527993181243458758816094528005384603664924226693696452518909336663635266136751456033460942634294260289637675691019276360615665146246874696375000737422980168783356128111666957449687305824 0 0 0 0 1 0 0 0 0 0 0 0 0 0 0 0 0 0 0 0 0 0 0 0 0 0 0 0 0 0 0 0 0 0 0 0 0 0 0 0 0 0 0 0 0 0 0 0 0 0 0 0 0 0 0 0 0 0 0 0 0 0 0 0 0 0 0 0 0 0 0 0 0 0 0 0 0 0 0 0 0 0 0 0 0 0 0 0 0 0 0 0 0 0 0]
[7448069312111519177036258621646767902071219562425307534438777909875064860149922813832037110936178229741184435833820522544581496503126574206845519177821961557723143231205974069928578650329941947179141182990174569246426645774985297239827554983847767425928509736091519271410773232105032426294 0 0 0 0 0 1 0 0 0 0 0 0 0 0 0 0 0 0 0 0 0 0 0 0 0 0 0 0 0 0 0 0 0 0 0 0 0 0 0 0 0 0 0 0 0 0 0 0 0 0 0 0 0 0 0 0 0 0 0 0 0 0 0 0 0 0 0 0 0 0 0 0 0 0 0 0 0 0 0 0 0 0 0 0 0 0 0 0 0 0 0 0 0 0 0]
[7786112429071699359664340306202282236561664462335462167472872158996871682594189234679784025581638696442085944122829564401136907562450026272263364768202651495839940429035681370877181545438682807388009257304513654164194266504813246713649271890996843879343949395201973311868557813653968343508 0 0 0 0 0 0 1 0 0 0 0 0 0 0 0 0 0 0 0 0 0 0 0 0 0 0 0 0 0 0 0 0 0 0 0 0 0 0 0 0 0 0 0 0 0 0 0 0 0 0 0 0 0 0 0 0 0 0 0 0 0 0 0 0 0 0 0 0 0 0 0 0 0 0 0 0 0 0 0 0 0 0 0 0 0 0 0 0 0 0 0 0 0 0 0]
[2359325476351653751509825386193327243944419678151717059699052472699004447636993014052865007304424654514512275733676160635144409532197418267258734555347657025373779755426220537768697018559263594762248654825117508245960847480548147365138619685957980168677032496639526677124366044869660723607 0 0 0 0 0 0 0 1 0 0 0 0 0 0 0 0 0 0 0 0 0 0 0 0 0 0 0 0 0 0 0 0 0 0 0 0 0 0 0 0 0 0 0 0 0 0 0 0 0 0 0 0 0 0 0 0 0 0 0 0 0 0 0 0 0 0 0 0 0 0 0 0 0 0 0 0 0 0 0 0 0 0 0 0 0 0 0 0 0 0 0 0 0 0 0]
[1445565885796152228898908818810567133433801369990432964273911143264219671622896958145170783551925196653912219448930693245575058832190943470618754451499695250732634738305199246292071669537363894915963475340252954029610982365976795119653370474576588846628490416497602871167221069394226117669 0 0 0 0 0 0 0 0 1 0 0 0 0 0 0 0 0 0 0 0 0 0 0 0 0 0 0 0 0 0 0 0 0 0 0 0 0 0 0 0 0 0 0 0 0 0 0 0 0 0 0 0 0 0 0 0 0 0 0 0 0 0 0 0 0 0 0 0 0 0 0 0 0 0 0 0 0 0 0 0 0 0 0 0 0 0 0 0 0 0 0 0 0 0 0]
[910344852980455508635219717018543892419453902444264080167346437501552655935544365485179257343910433904520052605599235071199607871470966339377503127917136567271641431820233591517214946605322790843004359314362874597506512779981896362688097601669310904646830737241386752015004204116075213375 0 0 0 0 0 0 0 0 0 1 0 0 0 0 0 0 0 0 0 0 0 0 0 0 0 0 0 0 0 0 0 0 0 0 0 0 0 0 0 0 0 0 0 0 0 0 0 0 0 0 0 0 0 0 0 0 0 0 0 0 0 0 0 0 0 0 0 0 0 0 0 0 0 0 0 0 0 0 0 0 0 0 0 0 0 0 0 0 0 0 0 0 0 0 0]
[7538451041850729810678632323260504869999481755467356248120182213127757162324952503464107235687981285833835027143816626939479799630222094085038483319742600362302179563951664504183914340342430634811313786458854355065386510162716028896569409325602154962192837348475506880083230266492510381355 0 0 0 0 0 0 0 0 0 0 1 0 0 0 0 0 0 0 0 0 0 0 0 0 0 0 0 0 0 0 0 0 0 0 0 0 0 0 0 0 0 0 0 0 0 0 0 0 0 0 0 0 0 0 0 0 0 0 0 0 0 0 0 0 0 0 0 0 0 0 0 0 0 0 0 0 0 0 0 0 0 0 0 0 0 0 0 0 0 0 0 0 0 0 0]
[1093639310790455763951831531961344117549697891075871728256554380809561541594556051425491043324617162389291389061318267558501805510224780477848233967769173645805451936709767408433768516952367039792703992470897759338045781276607118871739521513801127487015009265309589909031233004667649226797 0 0 0 0 0 0 0 0 0 0 0 1 0 0 0 0 0 0 0 0 0 0 0 0 0 0 0 0 0 0 0 0 0 0 0 0 0 0 0 0 0 0 0 0 0 0 0 0 0 0 0 0 0 0 0 0 0 0 0 0 0 0 0 0 0 0 0 0 0 0 0 0 0 0 0 0 0 0 0 0 0 0 0 0 0 0 0 0 0 0 0 0 0 0 0]
[1942665165332467112095972755778652911386821186248919696116848178949614353540299334641845479129049132179695645088107563089709795781291244413668763471840952999937963003784358989392383546660897655131263908510423399874253316409036304892458832148079319012853076084126140946755750731600994584136 0 0 0 0 0 0 0 0 0 0 0 0 1 0 0 0 0 0 0 0 0 0 0 0 0 0 0 0 0 0 0 0 0 0 0 0 0 0 0 0 0 0 0 0 0 0 0 0 0 0 0 0 0 0 0 0 0 0 0 0 0 0 0 0 0 0 0 0 0 0 0 0 0 0 0 0 0 0 0 0 0 0 0 0 0 0 0 0 0 0 0 0 0 0 0]
[2551481057955678079512219366070802740747062179111402148259822850720001489449535911000225819358323730052425317717782729311510569643157384758246730980651972480282046344124730670661315266902209221612898759550551055189707563905262065204912852147076004988964436745885140296217424967875702893301 0 0 0 0 0 0 0 0 0 0 0 0 0 1 0 0 0 0 0 0 0 0 0 0 0 0 0 0 0 0 0 0 0 0 0 0 0 0 0 0 0 0 0 0 0 0 0 0 0 0 0 0 0 0 0 0 0 0 0 0 0 0 0 0 0 0 0 0 0 0 0 0 0 0 0 0 0 0 0 0 0 0 0 0 0 0 0 0 0 0 0 0 0 0 0]
[7844103366011100451627287304976058678282523482236058528915714784603528584534025811358506096216448357801591585879871420291428112710414350346013312244717731544079501189791020343006204283225501821457236375430945682229380741168809739856161980620903878335619491873470099129676260661574360538891 0 0 0 0 0 0 0 0 0 0 0 0 0 0 1 0 0 0 0 0 0 0 0 0 0 0 0 0 0 0 0 0 0 0 0 0 0 0 0 0 0 0 0 0 0 0 0 0 0 0 0 0 0 0 0 0 0 0 0 0 0 0 0 0 0 0 0 0 0 0 0 0 0 0 0 0 0 0 0 0 0 0 0 0 0 0 0 0 0 0 0 0 0 0 0]
[1898782213346830562845116319879339244077264458401862236186429250251501566579677801433572846622203381467948567615910612305314571349576193660556551562285314160903950227239234799581819951134534511237557658704498932009057020587593119776472783924238370354241763358613735373576529035204046508325 0 0 0 0 0 0 0 0 0 0 0 0 0 0 0 1 0 0 0 0 0 0 0 0 0 0 0 0 0 0 0 0 0 0 0 0 0 0 0 0 0 0 0 0 0 0 0 0 0 0 0 0 0 0 0 0 0 0 0 0 0 0 0 0 0 0 0 0 0 0 0 0 0 0 0 0 0 0 0 0 0 0 0 0 0 0 0 0 0 0 0 0 0 0 0]
[4239971614040334719095822483778190943725400372434918317174437205435501349001998489747460773266342930652004713755391523343783329106578661231496626397821309424683181175439214555167748596758277743735326234672378841138672572814251154676771332224383997594548097221804077146012384304480517307579 0 0 0 0 0 0 0 0 0 0 0 0 0 0 0 0 1 0 0 0 0 0 0 0 0 0 0 0 0 0 0 0 0 0 0 0 0 0 0 0 0 0 0 0 0 0 0 0 0 0 0 0 0 0 0 0 0 0 0 0 0 0 0 0 0 0 0 0 0 0 0 0 0 0 0 0 0 0 0 0 0 0 0 0 0 0 0 0 0 0 0 0 0 0 0]
[4538133757619106912292124431391370407241556140471660788994186876324939057318311225245853234109498503853420895469635113454892992548408044297517516504129510599665007027067381534301805922673321703580990987704702870582364122910009130978054337539355787425563247634497912275675699437041625939366 0 0 0 0 0 0 0 0 0 0 0 0 0 0 0 0 0 1 0 0 0 0 0 0 0 0 0 0 0 0 0 0 0 0 0 0 0 0 0 0 0 0 0 0 0 0 0 0 0 0 0 0 0 0 0 0 0 0 0 0 0 0 0 0 0 0 0 0 0 0 0 0 0 0 0 0 0 0 0 0 0 0 0 0 0 0 0 0 0 0 0 0 0 0 0]
[4511838054791309798135555930240912981107367008195426320773974585464835804161305336529486681204402078883264191257737240796632425739557422941104345005029078793779993548482600211068193281188616192095420351428516940269086699690377271819778710483293837070089713107003940475557236984910396330672 0 0 0 0 0 0 0 0 0 0 0 0 0 0 0 0 0 0 1 0 0 0 0 0 0 0 0 0 0 0 0 0 0 0 0 0 0 0 0 0 0 0 0 0 0 0 0 0 0 0 0 0 0 0 0 0 0 0 0 0 0 0 0 0 0 0 0 0 0 0 0 0 0 0 0 0 0 0 0 0 0 0 0 0 0 0 0 0 0 0 0 0 0 0 0]
[1100528541481455431405103491706322028511198170949005325375236658097492730602836935803567194670065684975334343497374108216890213607067476644457474506263801239944153219662400768828016656504832976660849207455732637464119704035197790496818754866272291825199992495766611429716660970890267440810 0 0 0 0 0 0 0 0 0 0 0 0 0 0 0 0 0 0 0 1 0 0 0 0 0 0 0 0 0 0 0 0 0 0 0 0 0 0 0 0 0 0 0 0 0 0 0 0 0 0 0 0 0 0 0 0 0 0 0 0 0 0 0 0 0 0 0 0 0 0 0 0 0 0 0 0 0 0 0 0 0 0 0 0 0 0 0 0 0 0 0 0 0 0 0]
[1972751550902359602209964361137632055272682700053455078556338120637207438171408966872233545730208225323643172107643559227242267569708445306638649087215447322994996277905626101176343571051216921031163024885628773510223924803521404249407181238790796921192838066854527792132347408012471505482 0 0 0 0 0 0 0 0 0 0 0 0 0 0 0 0 0 0 0 0 1 0 0 0 0 0 0 0 0 0 0 0 0 0 0 0 0 0 0 0 0 0 0 0 0 0 0 0 0 0 0 0 0 0 0 0 0 0 0 0 0 0 0 0 0 0 0 0 0 0 0 0 0 0 0 0 0 0 0 0 0 0 0 0 0 0 0 0 0 0 0 0 0 0 0]
[967854422234571364182257515619739874424686662215131524244590524364948290028142440838949151230962047408687911501288770661811629180971983034205257150738806758292589607213340721961229987624092730005916576637081044427739629160893217739719915017170783270828276136538270730668979411308592910081 0 0 0 0 0 0 0 0 0 0 0 0 0 0 0 0 0 0 0 0 0 1 0 0 0 0 0 0 0 0 0 0 0 0 0 0 0 0 0 0 0 0 0 0 0 0 0 0 0 0 0 0 0 0 0 0 0 0 0 0 0 0 0 0 0 0 0 0 0 0 0 0 0 0 0 0 0 0 0 0 0 0 0 0 0 0 0 0 0 0 0 0 0 0 0]
[6417412133713226660067831926897950038969520494631087786988555348472701636673168251549675789564636243299286426564219002281617711771579065102621388149422509214977499865301062221370075680631519946178956486480141234457462325214880760656535964684995968389394940843765122209249762649716419542432 0 0 0 0 0 0 0 0 0 0 0 0 0 0 0 0 0 0 0 0 0 0 1 0 0 0 0 0 0 0 0 0 0 0 0 0 0 0 0 0 0 0 0 0 0 0 0 0 0 0 0 0 0 0 0 0 0 0 0 0 0 0 0 0 0 0 0 0 0 0 0 0 0 0 0 0 0 0 0 0 0 0 0 0 0 0 0 0 0 0 0 0 0 0 0]
[5126417432786788937640301801907598042618276442534753769363156344283612438760953115736153745863189689810360162311174781143594718820263468894419669634317576763579151147259650215524290647708163487603049932953584544388626588069597563133501137360218551820021251778086701810657307347856527714148 0 0 0 0 0 0 0 0 0 0 0 0 0 0 0 0 0 0 0 0 0 0 0 1 0 0 0 0 0 0 0 0 0 0 0 0 0 0 0 0 0 0 0 0 0 0 0 0 0 0 0 0 0 0 0 0 0 0 0 0 0 0 0 0 0 0 0 0 0 0 0 0 0 0 0 0 0 0 0 0 0 0 0 0 0 0 0 0 0 0 0 0 0 0 0]
[5676291294238393206097111918509062504089327569704783329848788851436241481713599247496679628305859543162149982816821135360555986195630533147568434764938359126612439696198234349236938300773787563179792076793001205054913014250528277614022507341769572045748855033859411142348047209455971295651 0 0 0 0 0 0 0 0 0 0 0 0 0 0 0 0 0 0 0 0 0 0 0 0 1 0 0 0 0 0 0 0 0 0 0 0 0 0 0 0 0 0 0 0 0 0 0 0 0 0 0 0 0 0 0 0 0 0 0 0 0 0 0 0 0 0 0 0 0 0 0 0 0 0 0 0 0 0 0 0 0 0 0 0 0 0 0 0 0 0 0 0 0 0 0]
[2957887723950175038229833761083878405698902029911767127456393528850341833819848658844939129685331793549758874942472477602726463822820398611375248116282800393083697230080039325093101452760096340592945324818534490266224504505489834021847642544864658954139264949975206065913261579298970606993 0 0 0 0 0 0 0 0 0 0 0 0 0 0 0 0 0 0 0 0 0 0 0 0 0 1 0 0 0 0 0 0 0 0 0 0 0 0 0 0 0 0 0 0 0 0 0 0 0 0 0 0 0 0 0 0 0 0 0 0 0 0 0 0 0 0 0 0 0 0 0 0 0 0 0 0 0 0 0 0 0 0 0 0 0 0 0 0 0 0 0 0 0 0 0]
[5472390403519438658888852646780588451667150184027291582467644095462191881286464208139967516098830505091048272366608353629725375409683578384237355912972308636908950556859277058019887022720786866227788322534106766172102383519339975774700822409276678279973168655992705731094110087636460237086 0 0 0 0 0 0 0 0 0 0 0 0 0 0 0 0 0 0 0 0 0 0 0 0 0 0 1 0 0 0 0 0 0 0 0 0 0 0 0 0 0 0 0 0 0 0 0 0 0 0 0 0 0 0 0 0 0 0 0 0 0 0 0 0 0 0 0 0 0 0 0 0 0 0 0 0 0 0 0 0 0 0 0 0 0 0 0 0 0 0 0 0 0 0 0]
[4388219460558620677974391941604481705315777668501389438168037145727618537880339252301892025687080106395677958975966276851364641829287013295255547569554985132316586009948434690311911663019290329718283603163444214815644291952771948647734830601946761599739327938345265332898004638126394363605 0 0 0 0 0 0 0 0 0 0 0 0 0 0 0 0 0 0 0 0 0 0 0 0 0 0 0 1 0 0 0 0 0 0 0 0 0 0 0 0 0 0 0 0 0 0 0 0 0 0 0 0 0 0 0 0 0 0 0 0 0 0 0 0 0 0 0 0 0 0 0 0 0 0 0 0 0 0 0 0 0 0 0 0 0 0 0 0 0 0 0 0 0 0 0]
[8066830216094042734732849314937818305111961092666770253434538406230302380543207829592840215641346496077161194627737739344190889141620716176119152157891072306143681787743579760040590216426583740446824587244981670114110681511682238065560972759791833485160178282391671231114924542590941872573 0 0 0 0 0 0 0 0 0 0 0 0 0 0 0 0 0 0 0 0 0 0 0 0 0 0 0 0 1 0 0 0 0 0 0 0 0 0 0 0 0 0 0 0 0 0 0 0 0 0 0 0 0 0 0 0 0 0 0 0 0 0 0 0 0 0 0 0 0 0 0 0 0 0 0 0 0 0 0 0 0 0 0 0 0 0 0 0 0 0 0 0 0 0 0]
[6789672679320256054005897042145185410062061577054292799988902624392806094627705660330462691863434076057081248221845958039417889349237921137062105578002922852648682672432974606401177754661904986861855531092142753944244541292407850533856417727360698927735314926137075662882576822762663478559 0 0 0 0 0 0 0 0 0 0 0 0 0 0 0 0 0 0 0 0 0 0 0 0 0 0 0 0 0 1 0 0 0 0 0 0 0 0 0 0 0 0 0 0 0 0 0 0 0 0 0 0 0 0 0 0 0 0 0 0 0 0 0 0 0 0 0 0 0 0 0 0 0 0 0 0 0 0 0 0 0 0 0 0 0 0 0 0 0 0 0 0 0 0 0]
[4083955261680232758583713836083500390447743762917933012809613511180003618528669173539398906030654539242364940788583305745833424655555326129117680816072731514767275157446780752470796856930922323467622336321648229999861450617178571353845304059114490225505196985562800201433733949399440099840 0 0 0 0 0 0 0 0 0 0 0 0 0 0 0 0 0 0 0 0 0 0 0 0 0 0 0 0 0 0 1 0 0 0 0 0 0 0 0 0 0 0 0 0 0 0 0 0 0 0 0 0 0 0 0 0 0 0 0 0 0 0 0 0 0 0 0 0 0 0 0 0 0 0 0 0 0 0 0 0 0 0 0 0 0 0 0 0 0 0 0 0 0 0 0]
[463287380888160653991709111040104893122491212766905880701669381892595638285191494243663695251209540807853089332742905625310192914144096217015929688023838197999844792635646954332724144766448745971670013804714755858975151082554521088774740648338199342854682828338313955223448220022648733474 0 0 0 0 0 0 0 0 0 0 0 0 0 0 0 0 0 0 0 0 0 0 0 0 0 0 0 0 0 0 0 1 0 0 0 0 0 0 0 0 0 0 0 0 0 0 0 0 0 0 0 0 0 0 0 0 0 0 0 0 0 0 0 0 0 0 0 0 0 0 0 0 0 0 0 0 0 0 0 0 0 0 0 0 0 0 0 0 0 0 0 0 0 0 0]
[6145858795259596137522779905509535839620324888015793286340723618556902808431596950202001249170333669305906474837539819525981561787951349844758712756051363710212017210065097951785652081463200250513500912911943349021141009532748937304834405355481328451898037754642920769909889173239727323627 0 0 0 0 0 0 0 0 0 0 0 0 0 0 0 0 0 0 0 0 0 0 0 0 0 0 0 0 0 0 0 0 1 0 0 0 0 0 0 0 0 0 0 0 0 0 0 0 0 0 0 0 0 0 0 0 0 0 0 0 0 0 0 0 0 0 0 0 0 0 0 0 0 0 0 0 0 0 0 0 0 0 0 0 0 0 0 0 0 0 0 0 0 0 0]
[1640327257957071069906431399250193979307482760665793846267854930724723592885208674244900489266697355861193726770622157954303830287436947555298656435933123397808741465141569271000297677693240580312609505673387532171804598848501671665311184474890729017459198057409013121592839894705628375303 0 0 0 0 0 0 0 0 0 0 0 0 0 0 0 0 0 0 0 0 0 0 0 0 0 0 0 0 0 0 0 0 0 1 0 0 0 0 0 0 0 0 0 0 0 0 0 0 0 0 0 0 0 0 0 0 0 0 0 0 0 0 0 0 0 0 0 0 0 0 0 0 0 0 0 0 0 0 0 0 0 0 0 0 0 0 0 0 0 0 0 0 0 0 0]
[2669829902982076747781591099277649686626095348264578993003619671429176217597028333587816672092469870859525247976970276758270633360681889101351492088519212394433213564939545348523575642823648957725811408510863255450230820033202195041987390736974693579294967411155640924245102091619592702923 0 0 0 0 0 0 0 0 0 0 0 0 0 0 0 0 0 0 0 0 0 0 0 0 0 0 0 0 0 0 0 0 0 0 1 0 0 0 0 0 0 0 0 0 0 0 0 0 0 0 0 0 0 0 0 0 0 0 0 0 0 0 0 0 0 0 0 0 0 0 0 0 0 0 0 0 0 0 0 0 0 0 0 0 0 0 0 0 0 0 0 0 0 0 0]
[808812865557932042296458745390698709742271013099365613847001367818184569544706421557170322628493615233806928070485488253969778923517003829547009628921566271894613140488957646400325186324476552851768179461182858511837911376662161342768185850108048714846526591639783486116509001880448531988 0 0 0 0 0 0 0 0 0 0 0 0 0 0 0 0 0 0 0 0 0 0 0 0 0 0 0 0 0 0 0 0 0 0 0 1 0 0 0 0 0 0 0 0 0 0 0 0 0 0 0 0 0 0 0 0 0 0 0 0 0 0 0 0 0 0 0 0 0 0 0 0 0 0 0 0 0 0 0 0 0 0 0 0 0 0 0 0 0 0 0 0 0 0 0]
[699458286627076339036364770780293150528992301898552862890119907415561482996701049305033369521339010966469767927031223635730027132654226200936467943486034735968101779646514477727733877582838401050993350579894291973357836553527950860440484729045148490870107182624681500759980569715912768844 0 0 0 0 0 0 0 0 0 0 0 0 0 0 0 0 0 0 0 0 0 0 0 0 0 0 0 0 0 0 0 0 0 0 0 0 1 0 0 0 0 0 0 0 0 0 0 0 0 0 0 0 0 0 0 0 0 0 0 0 0 0 0 0 0 0 0 0 0 0 0 0 0 0 0 0 0 0 0 0 0 0 0 0 0 0 0 0 0 0 0 0 0 0 0]
[4730546069479902443157817913715875951581043800837451111670606989384697782600418520857299460840624720018662048787260589968787297183621005319464850735091232390878101632755230837134686589879000861662319675420586886180423155236536550679159100824022474326791545157662036158190961779515466095595 0 0 0 0 0 0 0 0 0 0 0 0 0 0 0 0 0 0 0 0 0 0 0 0 0 0 0 0 0 0 0 0 0 0 0 0 0 1 0 0 0 0 0 0 0 0 0 0 0 0 0 0 0 0 0 0 0 0 0 0 0 0 0 0 0 0 0 0 0 0 0 0 0 0 0 0 0 0 0 0 0 0 0 0 0 0 0 0 0 0 0 0 0 0 0]
[6545895724990855567239666890893946251699223085881124983348861781065091555334011362464328522453222004807347704395206179922182270071203435110017330632865227347150977497219054010548663951740542164172308681955458540220699082516178946447686645168564967385408877250791967905327227524519875920428 0 0 0 0 0 0 0 0 0 0 0 0 0 0 0 0 0 0 0 0 0 0 0 0 0 0 0 0 0 0 0 0 0 0 0 0 0 0 1 0 0 0 0 0 0 0 0 0 0 0 0 0 0 0 0 0 0 0 0 0 0 0 0 0 0 0 0 0 0 0 0 0 0 0 0 0 0 0 0 0 0 0 0 0 0 0 0 0 0 0 0 0 0 0 0]
[3761875344629542514119330212895854066142961897638340301515870688385408436482920974318927636492113113048572629065259288845244183609839227514831888535681796594173721680416957128637468964325918869378232380584678613446733978954315032661814199324933113397517234310169869006056171825164518136248 0 0 0 0 0 0 0 0 0 0 0 0 0 0 0 0 0 0 0 0 0 0 0 0 0 0 0 0 0 0 0 0 0 0 0 0 0 0 0 1 0 0 0 0 0 0 0 0 0 0 0 0 0 0 0 0 0 0 0 0 0 0 0 0 0 0 0 0 0 0 0 0 0 0 0 0 0 0 0 0 0 0 0 0 0 0 0 0 0 0 0 0 0 0 0]
[6729035084905438092863703059465915868929110006124580670483189651702285589184269250511776721270551144986793733288150893432120355011258884291021219854064226774171888637029028399292371449677058220145015219586716759060332266317985296550224042805956154500072773147803662576738903276782196620125 0 0 0 0 0 0 0 0 0 0 0 0 0 0 0 0 0 0 0 0 0 0 0 0 0 0 0 0 0 0 0 0 0 0 0 0 0 0 0 0 1 0 0 0 0 0 0 0 0 0 0 0 0 0 0 0 0 0 0 0 0 0 0 0 0 0 0 0 0 0 0 0 0 0 0 0 0 0 0 0 0 0 0 0 0 0 0 0 0 0 0 0 0 0 0]
[3539830957397115052927655652786621918070837145704285349976814022149905550236412579615769098495365126223602763725687626950723134756530410353403374763124021717045767529061279096953177744911388741120499879732721079534855711406589729953816075927327059952090550640206035297658529282056386731458 0 0 0 0 0 0 0 0 0 0 0 0 0 0 0 0 0 0 0 0 0 0 0 0 0 0 0 0 0 0 0 0 0 0 0 0 0 0 0 0 0 1 0 0 0 0 0 0 0 0 0 0 0 0 0 0 0 0 0 0 0 0 0 0 0 0 0 0 0 0 0 0 0 0 0 0 0 0 0 0 0 0 0 0 0 0 0 0 0 0 0 0 0 0 0]
[7074055905051527713357237212571442940822716873011457368917961559539477119716769322441847050368978825149865108032644459753270346566795516595532850339893582327883852320888922040820691797989715115643789480295840289450466467803383564835144736788423288094130302208813967239067778346136242403784 0 0 0 0 0 0 0 0 0 0 0 0 0 0 0 0 0 0 0 0 0 0 0 0 0 0 0 0 0 0 0 0 0 0 0 0 0 0 0 0 0 0 1 0 0 0 0 0 0 0 0 0 0 0 0 0 0 0 0 0 0 0 0 0 0 0 0 0 0 0 0 0 0 0 0 0 0 0 0 0 0 0 0 0 0 0 0 0 0 0 0 0 0 0 0]
[5125852498669494289489491141550806254923125011817445564993295763834927686329888581024296900372677927303711191406430625045791453446998437625161858683241183881512201327974649438727298893419156973237404272407408499707580091513387102828444219378297394912125315326683152821524364209704977243943 0 0 0 0 0 0 0 0 0 0 0 0 0 0 0 0 0 0 0 0 0 0 0 0 0 0 0 0 0 0 0 0 0 0 0 0 0 0 0 0 0 0 0 1 0 0 0 0 0 0 0 0 0 0 0 0 0 0 0 0 0 0 0 0 0 0 0 0 0 0 0 0 0 0 0 0 0 0 0 0 0 0 0 0 0 0 0 0 0 0 0 0 0 0 0]
[2585402668303692246175304008786958659392181273769888039678978118841836364617860614036651756252537928073617549398790748854558380910335474884175926257535118272693782494317478463670964865790825989575923204859359446389995717482424068868397769103201362520241028339912243225298710337468902376890 0 0 0 0 0 0 0 0 0 0 0 0 0 0 0 0 0 0 0 0 0 0 0 0 0 0 0 0 0 0 0 0 0 0 0 0 0 0 0 0 0 0 0 0 1 0 0 0 0 0 0 0 0 0 0 0 0 0 0 0 0 0 0 0 0 0 0 0 0 0 0 0 0 0 0 0 0 0 0 0 0 0 0 0 0 0 0 0 0 0 0 0 0 0 0]
[6718145095074459406725931655751898074108831995728349337743057435517379790256100930673765213046073133726343875057379507697043267058824883440930959896600080925844618672079088536526716521950513964011506291260492318751582118461368403739590170236162169571509147959939910605621332192079041304276 0 0 0 0 0 0 0 0 0 0 0 0 0 0 0 0 0 0 0 0 0 0 0 0 0 0 0 0 0 0 0 0 0 0 0 0 0 0 0 0 0 0 0 0 0 1 0 0 0 0 0 0 0 0 0 0 0 0 0 0 0 0 0 0 0 0 0 0 0 0 0 0 0 0 0 0 0 0 0 0 0 0 0 0 0 0 0 0 0 0 0 0 0 0 0]
[5118363927843491032853927234372329857068836788761141706183010559586628480488941738021313953995972999088249662399903635153847302953840116144524055630806578274926887719598474217357672452095936936382519152617149025704789278080144935938065856875295101809077466439801216590684813528472892085741 0 0 0 0 0 0 0 0 0 0 0 0 0 0 0 0 0 0 0 0 0 0 0 0 0 0 0 0 0 0 0 0 0 0 0 0 0 0 0 0 0 0 0 0 0 0 1 0 0 0 0 0 0 0 0 0 0 0 0 0 0 0 0 0 0 0 0 0 0 0 0 0 0 0 0 0 0 0 0 0 0 0 0 0 0 0 0 0 0 0 0 0 0 0 0]
[718798647705451403474152979199878505678194094540560824597009929294958183847102668653429448958954505285586140362510689529136814236053918128221006670567231997443625361542186905696604664759932053415289681619336801576346903789421545604245523471087127916302486838825310694070360550351547611079 0 0 0 0 0 0 0 0 0 0 0 0 0 0 0 0 0 0 0 0 0 0 0 0 0 0 0 0 0 0 0 0 0 0 0 0 0 0 0 0 0 0 0 0 0 0 0 1 0 0 0 0 0 0 0 0 0 0 0 0 0 0 0 0 0 0 0 0 0 0 0 0 0 0 0 0 0 0 0 0 0 0 0 0 0 0 0 0 0 0 0 0 0 0 0]
[6716847692279979372917829547597154607425911455976120596842769002089374237456685692738489231566173234690038284611067171442606437040455482577671746473257961193023335145581365268508127325231795695878613155618959090807380976762411550686141579052128683974846351129964273126167403010008499966398 0 0 0 0 0 0 0 0 0 0 0 0 0 0 0 0 0 0 0 0 0 0 0 0 0 0 0 0 0 0 0 0 0 0 0 0 0 0 0 0 0 0 0 0 0 0 0 0 1 0 0 0 0 0 0 0 0 0 0 0 0 0 0 0 0 0 0 0 0 0 0 0 0 0 0 0 0 0 0 0 0 0 0 0 0 0 0 0 0 0 0 0 0 0 0]
[507951553793526420282226022002600839201930229978542626909242209996699237466397716638655042321862264338882709755579281258789692010826670105166184436597691214704466725491804368796655070907310046462130268743724143361032408612953960353431587672066971078118568214213331747039282574462387262282 0 0 0 0 0 0 0 0 0 0 0 0 0 0 0 0 0 0 0 0 0 0 0 0 0 0 0 0 0 0 0 0 0 0 0 0 0 0 0 0 0 0 0 0 0 0 0 0 0 1 0 0 0 0 0 0 0 0 0 0 0 0 0 0 0 0 0 0 0 0 0 0 0 0 0 0 0 0 0 0 0 0 0 0 0 0 0 0 0 0 0 0 0 0 0]
[398620611584953270571297525906871931732493427733564964760219009767118294821529327831688820570831230866602081224634705091280872984228366797747061153600139888864196072123342921306119754818458402895770553690276264290091188781556647105752197946296734246781018792219397464594884636607404140991 0 0 0 0 0 0 0 0 0 0 0 0 0 0 0 0 0 0 0 0 0 0 0 0 0 0 0 0 0 0 0 0 0 0 0 0 0 0 0 0 0 0 0 0 0 0 0 0 0 0 1 0 0 0 0 0 0 0 0 0 0 0 0 0 0 0 0 0 0 0 0 0 0 0 0 0 0 0 0 0 0 0 0 0 0 0 0 0 0 0 0 0 0 0 0]
[900648949208879237232582414327677623060456778839562641522846250644945219096197973583522069147012937066221549007494902430930423210426033159127635454563278111598045965990377158830407177896772975991773459468312758032935683658062687134962695835849351150666735434518390457136637917867725653991 0 0 0 0 0 0 0 0 0 0 0 0 0 0 0 0 0 0 0 0 0 0 0 0 0 0 0 0 0 0 0 0 0 0 0 0 0 0 0 0 0 0 0 0 0 0 0 0 0 0 0 1 0 0 0 0 0 0 0 0 0 0 0 0 0 0 0 0 0 0 0 0 0 0 0 0 0 0 0 0 0 0 0 0 0 0 0 0 0 0 0 0 0 0 0]
[3851249259268315141016864026609340965600461024838798380458054587758749163672201982062400587364778002427204043208515498786891227432945760937409225887762314779558447431407176660365582970380015879444087081583448720936397563571318544554008485935539339778629022636734386962392087323361326971399 0 0 0 0 0 0 0 0 0 0 0 0 0 0 0 0 0 0 0 0 0 0 0 0 0 0 0 0 0 0 0 0 0 0 0 0 0 0 0 0 0 0 0 0 0 0 0 0 0 0 0 0 1 0 0 0 0 0 0 0 0 0 0 0 0 0 0 0 0 0 0 0 0 0 0 0 0 0 0 0 0 0 0 0 0 0 0 0 0 0 0 0 0 0 0]
[1075475457399747785564906802169395728893086253721638567508949133452826323616378955072114062669235952875660003849928543814375334904720381588379073301972102986118881753772817791407035816780434122118128506035434514508250787422683931381185001744168053260836430343391686314543755386252182751332 0 0 0 0 0 0 0 0 0 0 0 0 0 0 0 0 0 0 0 0 0 0 0 0 0 0 0 0 0 0 0 0 0 0 0 0 0 0 0 0 0 0 0 0 0 0 0 0 0 0 0 0 0 1 0 0 0 0 0 0 0 0 0 0 0 0 0 0 0 0 0 0 0 0 0 0 0 0 0 0 0 0 0 0 0 0 0 0 0 0 0 0 0 0 0]
[2197901683188425699910064666342369052371130462629042897242950716371406172620031919690753498280482914877141309360555532281289810789439352013446479933195926740691791721247878474402204086900157092628044519558636648361206927975000771313423654108190156441108430990896900793834561790815002643095 0 0 0 0 0 0 0 0 0 0 0 0 0 0 0 0 0 0 0 0 0 0 0 0 0 0 0 0 0 0 0 0 0 0 0 0 0 0 0 0 0 0 0 0 0 0 0 0 0 0 0 0 0 0 1 0 0 0 0 0 0 0 0 0 0 0 0 0 0 0 0 0 0 0 0 0 0 0 0 0 0 0 0 0 0 0 0 0 0 0 0 0 0 0 0]
[4363186168743885272043519415106315590344502106739633327965115516244654250480520975490562910925518666206740013519019013192960010549873634465097813491806451745083538479288947138778735730737921930738711692131919530090195783871917960319758577384962119149356348265633363289061584565319462216691 0 0 0 0 0 0 0 0 0 0 0 0 0 0 0 0 0 0 0 0 0 0 0 0 0 0 0 0 0 0 0 0 0 0 0 0 0 0 0 0 0 0 0 0 0 0 0 0 0 0 0 0 0 0 0 1 0 0 0 0 0 0 0 0 0 0 0 0 0 0 0 0 0 0 0 0 0 0 0 0 0 0 0 0 0 0 0 0 0 0 0 0 0 0 0]
[5179566029820629210081185266599251267097364709405747125559799397582013915174727823006522561480389215209635251947817577808217255457061103729549443592781113658989137022126798141981034231922160672916432625248570458426558480128381643342670942315656383013537607427243981741786962754177713813655 0 0 0 0 0 0 0 0 0 0 0 0 0 0 0 0 0 0 0 0 0 0 0 0 0 0 0 0 0 0 0 0 0 0 0 0 0 0 0 0 0 0 0 0 0 0 0 0 0 0 0 0 0 0 0 0 1 0 0 0 0 0 0 0 0 0 0 0 0 0 0 0 0 0 0 0 0 0 0 0 0 0 0 0 0 0 0 0 0 0 0 0 0 0 0]
[4020073621851307540740882312802528288705579339952833475734135342351822483857074572949760381078425305598100951350949124004555310169289568014985055695672082308569430665212635463645311027475495593336931535764302503481362278327259281480332387591159634627163047641498198416126614476817507089499 0 0 0 0 0 0 0 0 0 0 0 0 0 0 0 0 0 0 0 0 0 0 0 0 0 0 0 0 0 0 0 0 0 0 0 0 0 0 0 0 0 0 0 0 0 0 0 0 0 0 0 0 0 0 0 0 0 1 0 0 0 0 0 0 0 0 0 0 0 0 0 0 0 0 0 0 0 0 0 0 0 0 0 0 0 0 0 0 0 0 0 0 0 0 0]
[2200806701518379515000347798529226951833154996685178781254190832798104805954271998442361897969969527396457991409190816324695847214851985319910268928506091418300986549807900902045817685788528484322594321665108809650927116012107795234811827525346381927800854361589489561153398001076522148454 0 0 0 0 0 0 0 0 0 0 0 0 0 0 0 0 0 0 0 0 0 0 0 0 0 0 0 0 0 0 0 0 0 0 0 0 0 0 0 0 0 0 0 0 0 0 0 0 0 0 0 0 0 0 0 0 0 0 1 0 0 0 0 0 0 0 0 0 0 0 0 0 0 0 0 0 0 0 0 0 0 0 0 0 0 0 0 0 0 0 0 0 0 0 0]
[2392059158378371178277855877565230054303788820039619650165187357470983370614237858873479884967366970541728908309572144387125911935461566864416724750017677292970955077768475352218474019505886912056293960891690653612595197497154480923520701389684610480213986195660478498488875590182446489700 0 0 0 0 0 0 0 0 0 0 0 0 0 0 0 0 0 0 0 0 0 0 0 0 0 0 0 0 0 0 0 0 0 0 0 0 0 0 0 0 0 0 0 0 0 0 0 0 0 0 0 0 0 0 0 0 0 0 0 1 0 0 0 0 0 0 0 0 0 0 0 0 0 0 0 0 0 0 0 0 0 0 0 0 0 0 0 0 0 0 0 0 0 0 0]
[2155668558840586707908382650819749852066156425806391820129030298564918952521252674056894275892948794848927772594578591843738078076200652693931574292849636391079932897887925664709691737893631300402742413748036326452663316569403004245370771452138395728021984584930993343013395801389645590246 0 0 0 0 0 0 0 0 0 0 0 0 0 0 0 0 0 0 0 0 0 0 0 0 0 0 0 0 0 0 0 0 0 0 0 0 0 0 0 0 0 0 0 0 0 0 0 0 0 0 0 0 0 0 0 0 0 0 0 0 1 0 0 0 0 0 0 0 0 0 0 0 0 0 0 0 0 0 0 0 0 0 0 0 0 0 0 0 0 0 0 0 0 0 0]
[4133154446457106638985284011871368658666617327823756818820436300644510937774773421658756395475198907647671534642410737279981820411103488870981950611755352163921028888046410666061454102273262101657651904542407977118360200936341483320435134074315560587237337530882731527183993056978225915872 0 0 0 0 0 0 0 0 0 0 0 0 0 0 0 0 0 0 0 0 0 0 0 0 0 0 0 0 0 0 0 0 0 0 0 0 0 0 0 0 0 0 0 0 0 0 0 0 0 0 0 0 0 0 0 0 0 0 0 0 0 1 0 0 0 0 0 0 0 0 0 0 0 0 0 0 0 0 0 0 0 0 0 0 0 0 0 0 0 0 0 0 0 0 0]
[7030011860472758960973036928967504031984354115506257615152996294211098334192738966727553797567537376750945537633324222987700970281168359540421492040678353773985083092745647277927555766345708148109123149754815788776963065844385364976378923272350762388942821513979098495293849911198536336891 0 0 0 0 0 0 0 0 0 0 0 0 0 0 0 0 0 0 0 0 0 0 0 0 0 0 0 0 0 0 0 0 0 0 0 0 0 0 0 0 0 0 0 0 0 0 0 0 0 0 0 0 0 0 0 0 0 0 0 0 0 0 1 0 0 0 0 0 0 0 0 0 0 0 0 0 0 0 0 0 0 0 0 0 0 0 0 0 0 0 0 0 0 0 0]
[7220626917581783940902820072832430367480066610288822117680859324194281610470819543368358298832522257319128689839278812146348625732858697549177390583919055383014514365532740100024780952717788220751888271029669466842013548661373332316820611505565381340531824314438513463805473582612504178956 0 0 0 0 0 0 0 0 0 0 0 0 0 0 0 0 0 0 0 0 0 0 0 0 0 0 0 0 0 0 0 0 0 0 0 0 0 0 0 0 0 0 0 0 0 0 0 0 0 0 0 0 0 0 0 0 0 0 0 0 0 0 0 1 0 0 0 0 0 0 0 0 0 0 0 0 0 0 0 0 0 0 0 0 0 0 0 0 0 0 0 0 0 0 0]
[5077671979485387082000732609341026878202253556486676515821627901364987491472894850911469311776592257908696727877632069447199319497263803938243231247767252651756813548279121588103829764127120107307475895454883785910755542730623760135942527238281840263326931747460743803541899146460819716642 0 0 0 0 0 0 0 0 0 0 0 0 0 0 0 0 0 0 0 0 0 0 0 0 0 0 0 0 0 0 0 0 0 0 0 0 0 0 0 0 0 0 0 0 0 0 0 0 0 0 0 0 0 0 0 0 0 0 0 0 0 0 0 0 1 0 0 0 0 0 0 0 0 0 0 0 0 0 0 0 0 0 0 0 0 0 0 0 0 0 0 0 0 0 0]
[5489327298910051555058831285024853409495219062838941738269244354812926988030334135261826365097961975120216114034373900618126020175675134284571476290011597203691299349325309612810056665502223628525512937905426832839553732482922463227237038207709998283274298480889592323819313376223771447770 0 0 0 0 0 0 0 0 0 0 0 0 0 0 0 0 0 0 0 0 0 0 0 0 0 0 0 0 0 0 0 0 0 0 0 0 0 0 0 0 0 0 0 0 0 0 0 0 0 0 0 0 0 0 0 0 0 0 0 0 0 0 0 0 0 1 0 0 0 0 0 0 0 0 0 0 0 0 0 0 0 0 0 0 0 0 0 0 0 0 0 0 0 0 0]
[3230130292385564776230065913179004937740560834916808026348613859788324508167681369972983608616199937334600550063741508135755788209544821851218041803791579861835298332412963160734165934413742054242787313563084670044502711762362084084673085284631137916373444631431313395988155567981868690622 0 0 0 0 0 0 0 0 0 0 0 0 0 0 0 0 0 0 0 0 0 0 0 0 0 0 0 0 0 0 0 0 0 0 0 0 0 0 0 0 0 0 0 0 0 0 0 0 0 0 0 0 0 0 0 0 0 0 0 0 0 0 0 0 0 0 1 0 0 0 0 0 0 0 0 0 0 0 0 0 0 0 0 0 0 0 0 0 0 0 0 0 0 0 0]
[3586289170229613601980933997131135497006253435458373110250220966843378853554571484046542346035523719676410437726230431835596547552743440878763704473822297921050308469665539913654752827018053392571430564157994269178755044791054700574350123636568801097144447989595002005531891764841357542026 0 0 0 0 0 0 0 0 0 0 0 0 0 0 0 0 0 0 0 0 0 0 0 0 0 0 0 0 0 0 0 0 0 0 0 0 0 0 0 0 0 0 0 0 0 0 0 0 0 0 0 0 0 0 0 0 0 0 0 0 0 0 0 0 0 0 0 1 0 0 0 0 0 0 0 0 0 0 0 0 0 0 0 0 0 0 0 0 0 0 0 0 0 0 0]
[4622469181379932337587614364625694101825996740831353088871286976744233062170737691624317145095661445221180134592250672382105842079897752843993790376806801733360150590874448633726757190733836768564081158047134435246509349313420217193955850974141988823526306902362902392582729947753921207054 0 0 0 0 0 0 0 0 0 0 0 0 0 0 0 0 0 0 0 0 0 0 0 0 0 0 0 0 0 0 0 0 0 0 0 0 0 0 0 0 0 0 0 0 0 0 0 0 0 0 0 0 0 0 0 0 0 0 0 0 0 0 0 0 0 0 0 0 1 0 0 0 0 0 0 0 0 0 0 0 0 0 0 0 0 0 0 0 0 0 0 0 0 0 0]
[6896344824079706257179829790721383388168754933904511753247257528507968580920925856880779440885061310986576753572177729549220811007324746152017538656966125049302299468721777294307592477998065774268284561766205736546799829254570154935822777857884043283811881753902024194862799816233222414076 0 0 0 0 0 0 0 0 0 0 0 0 0 0 0 0 0 0 0 0 0 0 0 0 0 0 0 0 0 0 0 0 0 0 0 0 0 0 0 0 0 0 0 0 0 0 0 0 0 0 0 0 0 0 0 0 0 0 0 0 0 0 0 0 0 0 0 0 0 1 0 0 0 0 0 0 0 0 0 0 0 0 0 0 0 0 0 0 0 0 0 0 0 0 0]
[5193567909255844582844707157139583917211257188078878711805022934409984509931824506646074107631219927640941288623359317938457194276371160542432711642742716560387335468189294129379615034382915831061812254359006781260162653433457294496267191875644095391126293160604640186806573364328117282407 0 0 0 0 0 0 0 0 0 0 0 0 0 0 0 0 0 0 0 0 0 0 0 0 0 0 0 0 0 0 0 0 0 0 0 0 0 0 0 0 0 0 0 0 0 0 0 0 0 0 0 0 0 0 0 0 0 0 0 0 0 0 0 0 0 0 0 0 0 0 1 0 0 0 0 0 0 0 0 0 0 0 0 0 0 0 0 0 0 0 0 0 0 0 0]
[1993853171105912741157194087073801397967048368686125311308692470975773452265540001652324938555090779126480745462305064834710648547758572988912008416482304292537265826554563144971758964438704851565561332353261669857630399791159531493479783012409169978428590704116808501732655684912587805199 0 0 0 0 0 0 0 0 0 0 0 0 0 0 0 0 0 0 0 0 0 0 0 0 0 0 0 0 0 0 0 0 0 0 0 0 0 0 0 0 0 0 0 0 0 0 0 0 0 0 0 0 0 0 0 0 0 0 0 0 0 0 0 0 0 0 0 0 0 0 0 1 0 0 0 0 0 0 0 0 0 0 0 0 0 0 0 0 0 0 0 0 0 0 0]
[4970752313804693852220856675276750379677031165745279276069442924930503535146458413013773712488676613178607315058425946563262582413955050677160412283849891669896022892968110075046121826230372070361447516834047396778434325501102512774294978303209011923023742426841159285382401140239382518226 0 0 0 0 0 0 0 0 0 0 0 0 0 0 0 0 0 0 0 0 0 0 0 0 0 0 0 0 0 0 0 0 0 0 0 0 0 0 0 0 0 0 0 0 0 0 0 0 0 0 0 0 0 0 0 0 0 0 0 0 0 0 0 0 0 0 0 0 0 0 0 0 1 0 0 0 0 0 0 0 0 0 0 0 0 0 0 0 0 0 0 0 0 0 0]
[5145474640827795730837717518684647405715077102114992672795617111833320416105146061469207152793417051056343710798893612787421951819010381185096019709055572031547644327907508080414691171593027853748540031820478265374017796769568825721161693356703670438356031907083150626413980924112999935534 0 0 0 0 0 0 0 0 0 0 0 0 0 0 0 0 0 0 0 0 0 0 0 0 0 0 0 0 0 0 0 0 0 0 0 0 0 0 0 0 0 0 0 0 0 0 0 0 0 0 0 0 0 0 0 0 0 0 0 0 0 0 0 0 0 0 0 0 0 0 0 0 0 1 0 0 0 0 0 0 0 0 0 0 0 0 0 0 0 0 0 0 0 0 0]
[179217540743762918738925390710520024898272290316831573352184316799490692535149434174387005117142346449582388070549522519612495103004353101564913143041535424147419652784111174563149898193965628957392697525021231767673858919626183519387063511244078942107550357935959143408821694510073578804 0 0 0 0 0 0 0 0 0 0 0 0 0 0 0 0 0 0 0 0 0 0 0 0 0 0 0 0 0 0 0 0 0 0 0 0 0 0 0 0 0 0 0 0 0 0 0 0 0 0 0 0 0 0 0 0 0 0 0 0 0 0 0 0 0 0 0 0 0 0 0 0 0 0 1 0 0 0 0 0 0 0 0 0 0 0 0 0 0 0 0 0 0 0 0]
[5865831419889072826416521920018200539743935701531620899877170106038062674760177354586744257483590280064150456211223377524374321629182560176742252047500847134696476490690784670409502404164528812221284574391744507641052573644995810020007332744562779243091413246647666989811411855736617103970 0 0 0 0 0 0 0 0 0 0 0 0 0 0 0 0 0 0 0 0 0 0 0 0 0 0 0 0 0 0 0 0 0 0 0 0 0 0 0 0 0 0 0 0 0 0 0 0 0 0 0 0 0 0 0 0 0 0 0 0 0 0 0 0 0 0 0 0 0 0 0 0 0 0 0 1 0 0 0 0 0 0 0 0 0 0 0 0 0 0 0 0 0 0 0]
[1596215578501818678269449805410729611156209654045174188062113359748415050502878372287686657737280926184384620586612392767117056972112986351645838201591872396280773888415397036986309223311989073510909216775283788049501119679120152564435286508566221765045345273773837180065887755328843788680 0 0 0 0 0 0 0 0 0 0 0 0 0 0 0 0 0 0 0 0 0 0 0 0 0 0 0 0 0 0 0 0 0 0 0 0 0 0 0 0 0 0 0 0 0 0 0 0 0 0 0 0 0 0 0 0 0 0 0 0 0 0 0 0 0 0 0 0 0 0 0 0 0 0 0 0 1 0 0 0 0 0 0 0 0 0 0 0 0 0 0 0 0 0 0]
[1477398979767342461076958616354079367783879519528389614015928074982269944005660064611311263305534998638939457098717294973975634641467799203747830548322712266392623343743217231416878133689078287018964586438148930156347351231503084672788583476468731533241146248151465764504530765165964278297 0 0 0 0 0 0 0 0 0 0 0 0 0 0 0 0 0 0 0 0 0 0 0 0 0 0 0 0 0 0 0 0 0 0 0 0 0 0 0 0 0 0 0 0 0 0 0 0 0 0 0 0 0 0 0 0 0 0 0 0 0 0 0 0 0 0 0 0 0 0 0 0 0 0 0 0 0 1 0 0 0 0 0 0 0 0 0 0 0 0 0 0 0 0 0]
[1943987057038079737789003754403158011192828721667618920098885295949073802029687948904001407810533789599016547777500722890576580649481918532746363468488762466008745548057651867227294459869130355182762537191588488945990599684637398388989925850338033942691942958105013684199621764887056370291 0 0 0 0 0 0 0 0 0 0 0 0 0 0 0 0 0 0 0 0 0 0 0 0 0 0 0 0 0 0 0 0 0 0 0 0 0 0 0 0 0 0 0 0 0 0 0 0 0 0 0 0 0 0 0 0 0 0 0 0 0 0 0 0 0 0 0 0 0 0 0 0 0 0 0 0 0 0 1 0 0 0 0 0 0 0 0 0 0 0 0 0 0 0 0]
[4785652334221826977886118997351418167064613357929859600119609831523290901083516037998780842052878190737258577780329478079156176530232436007524981474534789505348422165035485501690426524645593616956990964763164116057604144478773604413341657680941485260108608769740936612652077880712315771353 0 0 0 0 0 0 0 0 0 0 0 0 0 0 0 0 0 0 0 0 0 0 0 0 0 0 0 0 0 0 0 0 0 0 0 0 0 0 0 0 0 0 0 0 0 0 0 0 0 0 0 0 0 0 0 0 0 0 0 0 0 0 0 0 0 0 0 0 0 0 0 0 0 0 0 0 0 0 0 1 0 0 0 0 0 0 0 0 0 0 0 0 0 0 0]
[1682518152525109723885682744197923023479024750672637004829563008616218263637885988672451198164574672450332204158664043345840322482966893413179630187298460892382610212729188549482268929925699807147700992581491761485550063536683019198039747078156766029662236328989660584390736453907055282013 0 0 0 0 0 0 0 0 0 0 0 0 0 0 0 0 0 0 0 0 0 0 0 0 0 0 0 0 0 0 0 0 0 0 0 0 0 0 0 0 0 0 0 0 0 0 0 0 0 0 0 0 0 0 0 0 0 0 0 0 0 0 0 0 0 0 0 0 0 0 0 0 0 0 0 0 0 0 0 0 1 0 0 0 0 0 0 0 0 0 0 0 0 0 0]
[7785142737720219730369145729057877718194888407758063233181620204826192259720518344933334585922036768247628308243779700918560628772319202751741518973566445580268238905154422100067152599581201411566282283658068261387338838538079277958113371729091951094395925961847788579557496902473741947160 0 0 0 0 0 0 0 0 0 0 0 0 0 0 0 0 0 0 0 0 0 0 0 0 0 0 0 0 0 0 0 0 0 0 0 0 0 0 0 0 0 0 0 0 0 0 0 0 0 0 0 0 0 0 0 0 0 0 0 0 0 0 0 0 0 0 0 0 0 0 0 0 0 0 0 0 0 0 0 0 0 1 0 0 0 0 0 0 0 0 0 0 0 0 0]
[5411259709312309232491448199701561909063775549058976472335904757094434996125501290067749170013145347515780715771645969806213013904314116110564736915395364334480113906700540584471392095487548784652652933747704870666617742119795766542952904962617438424608632864185799557113529006410558772858 0 0 0 0 0 0 0 0 0 0 0 0 0 0 0 0 0 0 0 0 0 0 0 0 0 0 0 0 0 0 0 0 0 0 0 0 0 0 0 0 0 0 0 0 0 0 0 0 0 0 0 0 0 0 0 0 0 0 0 0 0 0 0 0 0 0 0 0 0 0 0 0 0 0 0 0 0 0 0 0 0 0 1 0 0 0 0 0 0 0 0 0 0 0 0]
[5118944619163852113463429654014509483654838543484344851231116626308399728562414053131434675516683112071941524856702556861081758256546286380965298686135520212812205261426587713623630731659440709645783257639030880337978449409697240243503755363842887361685541184780330761677520681544154980158 0 0 0 0 0 0 0 0 0 0 0 0 0 0 0 0 0 0 0 0 0 0 0 0 0 0 0 0 0 0 0 0 0 0 0 0 0 0 0 0 0 0 0 0 0 0 0 0 0 0 0 0 0 0 0 0 0 0 0 0 0 0 0 0 0 0 0 0 0 0 0 0 0 0 0 0 0 0 0 0 0 0 0 1 0 0 0 0 0 0 0 0 0 0 0]
[6782302707357141795999325266746902991480685293701374247155672775304573706153347775980927815608325510349048313606972316549511120157952199776176645418602380057862323766141280815280371493637238695848943279115293682952979273581441593178593449865489040780558914627741844409543061084277865135692 0 0 0 0 0 0 0 0 0 0 0 0 0 0 0 0 0 0 0 0 0 0 0 0 0 0 0 0 0 0 0 0 0 0 0 0 0 0 0 0 0 0 0 0 0 0 0 0 0 0 0 0 0 0 0 0 0 0 0 0 0 0 0 0 0 0 0 0 0 0 0 0 0 0 0 0 0 0 0 0 0 0 0 0 1 0 0 0 0 0 0 0 0 0 0]
[6755147029975083632889160430026505944816246826855079694465903718903329389647284063220377590710797659381256284925029030805803398983467902373917201623531583899068579489632217731015571194962678321928750372200230805807383485916677735673849364073110133774645018958039321907264324170777952132769 0 0 0 0 0 0 0 0 0 0 0 0 0 0 0 0 0 0 0 0 0 0 0 0 0 0 0 0 0 0 0 0 0 0 0 0 0 0 0 0 0 0 0 0 0 0 0 0 0 0 0 0 0 0 0 0 0 0 0 0 0 0 0 0 0 0 0 0 0 0 0 0 0 0 0 0 0 0 0 0 0 0 0 0 0 1 0 0 0 0 0 0 0 0 0]
[1378392601773254300101274234165823713283662983841065025423051664423752281728700793856683815730685828526429631986235115812219645022939895614780305355082611717723189010776840544212475386195738613101308048624588987403280624902432646340525048902233613788645778543566188779648864119659751618066 0 0 0 0 0 0 0 0 0 0 0 0 0 0 0 0 0 0 0 0 0 0 0 0 0 0 0 0 0 0 0 0 0 0 0 0 0 0 0 0 0 0 0 0 0 0 0 0 0 0 0 0 0 0 0 0 0 0 0 0 0 0 0 0 0 0 0 0 0 0 0 0 0 0 0 0 0 0 0 0 0 0 0 0 0 0 1 0 0 0 0 0 0 0 0]
[2882883920847719717561127539704167016152074703327481215498825334951867444386313400213381556552884031229199953100209395078062986495155366830288305081196024678734810207170913403250381055107402016368080471376119156194029305047628018572844979809098255411507050980129897136103410691133900683439 0 0 0 0 0 0 0 0 0 0 0 0 0 0 0 0 0 0 0 0 0 0 0 0 0 0 0 0 0 0 0 0 0 0 0 0 0 0 0 0 0 0 0 0 0 0 0 0 0 0 0 0 0 0 0 0 0 0 0 0 0 0 0 0 0 0 0 0 0 0 0 0 0 0 0 0 0 0 0 0 0 0 0 0 0 0 0 1 0 0 0 0 0 0 0]
[5654329919913020692325380578998632863478885861611779668902270793112355223808759026094997194132483283025202867609732976135172666705136834149993449210116694188565582285493589825782822634431740665958904622239244933986466586912345239425218702717108543943137725439451926438547724596037551195479 0 0 0 0 0 0 0 0 0 0 0 0 0 0 0 0 0 0 0 0 0 0 0 0 0 0 0 0 0 0 0 0 0 0 0 0 0 0 0 0 0 0 0 0 0 0 0 0 0 0 0 0 0 0 0 0 0 0 0 0 0 0 0 0 0 0 0 0 0 0 0 0 0 0 0 0 0 0 0 0 0 0 0 0 0 0 0 0 1 0 0 0 0 0 0]
[7804822400258049550042709200292468950871931686622165150786084933519288721181702472305836536891614835063923091275403540414571220876075151141538109040221994686078626802229430931866709020563294690978689581660914162384866724810287680273248858708206558121248063991407766129549515490544272992695 0 0 0 0 0 0 0 0 0 0 0 0 0 0 0 0 0 0 0 0 0 0 0 0 0 0 0 0 0 0 0 0 0 0 0 0 0 0 0 0 0 0 0 0 0 0 0 0 0 0 0 0 0 0 0 0 0 0 0 0 0 0 0 0 0 0 0 0 0 0 0 0 0 0 0 0 0 0 0 0 0 0 0 0 0 0 0 0 0 1 0 0 0 0 0]
[1406587476509897745573799496920793995236059860382152988248110414077200265871845802614817024176120627941363854640338142233947948868802701479129525030268355417547309441050994240857878730437178320269828293447959582745214192115365469514293482925225589461191502070242548976417069200147475784301 0 0 0 0 0 0 0 0 0 0 0 0 0 0 0 0 0 0 0 0 0 0 0 0 0 0 0 0 0 0 0 0 0 0 0 0 0 0 0 0 0 0 0 0 0 0 0 0 0 0 0 0 0 0 0 0 0 0 0 0 0 0 0 0 0 0 0 0 0 0 0 0 0 0 0 0 0 0 0 0 0 0 0 0 0 0 0 0 0 0 1 0 0 0 0]
[2523836634288541989769351070593181910128017077066935160335386525599299736214593057473162505198372632487677123045085482472545670000768555383807855892311794745092246112395090963002700401464044035189241400035944215343612905649021791225041120505334942310957668981512542862029881502732103065707 0 0 0 0 0 0 0 0 0 0 0 0 0 0 0 0 0 0 0 0 0 0 0 0 0 0 0 0 0 0 0 0 0 0 0 0 0 0 0 0 0 0 0 0 0 0 0 0 0 0 0 0 0 0 0 0 0 0 0 0 0 0 0 0 0 0 0 0 0 0 0 0 0 0 0 0 0 0 0 0 0 0 0 0 0 0 0 0 0 0 0 1 0 0 0]
[4545814542468369818600954880670763639131491091189477104323521569614037094796194288697373796423536284438099876169442388733048061839610145673117316293163343274336946848035909929693840317525052375497874131446047360770397891259684564424373701353148835664209447021841717447709534711955825066142 0 0 0 0 0 0 0 0 0 0 0 0 0 0 0 0 0 0 0 0 0 0 0 0 0 0 0 0 0 0 0 0 0 0 0 0 0 0 0 0 0 0 0 0 0 0 0 0 0 0 0 0 0 0 0 0 0 0 0 0 0 0 0 0 0 0 0 0 0 0 0 0 0 0 0 0 0 0 0 0 0 0 0 0 0 0 0 0 0 0 0 0 1 0 0]
[2348306900926799572287788667325834460585150502286395959729287515824924357084114592558738011142474650871384768273353077636036106214078917898762203084836202080009892179644763423743087090588061974810389100121471604519217120318939362317981583044904059658611269413560373620865239705681898660619 0 0 0 0 0 0 0 0 0 0 0 0 0 0 0 0 0 0 0 0 0 0 0 0 0 0 0 0 0 0 0 0 0 0 0 0 0 0 0 0 0 0 0 0 0 0 0 0 0 0 0 0 0 0 0 0 0 0 0 0 0 0 0 0 0 0 0 0 0 0 0 0 0 0 0 0 0 0 0 0 0 0 0 0 0 0 0 0 0 0 0 0 0 1 0]
[7620282917430990348225099400232151112714885578924376651322443994066478376930751142440159604702163334455148207854759263158062299029699495498268022020426996612256663696159346341981332855314046392363023443668545584816048611641081386455982060754707140558693450611728331503983314151436115066233 0 0 0 0 0 0 0 0 0 0 0 0 0 0 0 0 0 0 0 0 0 0 0 0 0 0 0 0 0 0 0 0 0 0 0 0 0 0 0 0 0 0 0 0 0 0 0 0 0 0 0 0 0 0 0 0 0 0 0 0 0 0 0 0 0 0 0 0 0 0 0 0 0 0 0 0 0 0 0 0 0 0 0 0 0 0 0 0 0 0 0 0 0 0 1]
]
