[[7273044419505752889227557070025597786343633726643562273219049372150372529584662233870332396950066225854872113693386568291878551842260500008285747290946143434114499388809757943430325057274572088120691863153201908005924380666734663794373888727373877500843094528652183 0 0 0 0 0 0 0 0 0 0 0 0 0 0 0 0 0 0 0 0 0 0 0 0 0 0 0 0 0 0 0 0 0 0 0 0 0 0 0 0 0 0 0 0 0 0 0 0 0 0 0 0 0 0 0 0 0 0 0 0 0 0 0 0 0 0 0 0 0 0 0 0 0 0 0 0 0 0 0 0 0 0 0 0 0 0 0]
[1787628879147444996534961349773708063806409766949153577604885662250583337643106664135911343622640347248085695394976652243444584281035969029040259995688070970249258961986112858849063182615229536930230746164814122022788180772825170099484724611675008295511776257857602 1 0 0 0 0 0 0 0 0 0 0 0 0 0 0 0 0 0 0 0 0 0 0 0 0 0 0 0 0 0 0 0 0 0 0 0 0 0 0 0 0 0 0 0 0 0 0 0 0 0 0 0 0 0 0 0 0 0 0 0 0 0 0 0 0 0 0 0 0 0 0 0 0 0 0 0 0 0 0 0 0 0 0 0 0 0 0]
[708732305972752364362550912405730935640800099563215908263578294890269170778439901945861326493346364266100326044465461062229201781165051662096037405018418200119520408307321576628467245091748178754406160330004129201936498959231622055342956242122092702953123172317871 0 1 0 0 0 0 0 0 0 0 0 0 0 0 0 0 0 0 0 0 0 0 0 0 0 0 0 0 0 0 0 0 0 0 0 0 0 0 0 0 0 0 0 0 0 0 0 0 0 0 0 0 0 0 0 0 0 0 0 0 0 0 0 0 0 0 0 0 0 0 0 0 0 0 0 0 0 0 0 0 0 0 0 0 0 0 0]
[4427979647661031541243991157420439586502663236554112090943076821416429558408125336433850898893720935091894976416351161473886924276031507567283368469768833712591790015598602097920237619150662229573794155421419968012529962942723051059644004338506909021433425233172419 0 0 1 0 0 0 0 0 0 0 0 0 0 0 0 0 0 0 0 0 0 0 0 0 0 0 0 0 0 0 0 0 0 0 0 0 0 0 0 0 0 0 0 0 0 0 0 0 0 0 0 0 0 0 0 0 0 0 0 0 0 0 0 0 0 0 0 0 0 0 0 0 0 0 0 0 0 0 0 0 0 0 0 0 0 0 0]
[5847752514576384056476963284475877382838655988775819026396610710842570792300389573211925253511746285538510562836593755265899502277898994990851512283849633852230549074823129729616091808675762180239379536912498590917747552838056150267483024002740194293298797644588304 0 0 0 1 0 0 0 0 0 0 0 0 0 0 0 0 0 0 0 0 0 0 0 0 0 0 0 0 0 0 0 0 0 0 0 0 0 0 0 0 0 0 0 0 0 0 0 0 0 0 0 0 0 0 0 0 0 0 0 0 0 0 0 0 0 0 0 0 0 0 0 0 0 0 0 0 0 0 0 0 0 0 0 0 0 0 0]
[6203784107790627002595759441321716839440009463308111146144730103097321289190787291689284656840972772628809886507755082772271996666652378154218163084735222904800648463082954930899893874119416688115331403938880486689623593149135392518147280962126619147852068387244008 0 0 0 0 1 0 0 0 0 0 0 0 0 0 0 0 0 0 0 0 0 0 0 0 0 0 0 0 0 0 0 0 0 0 0 0 0 0 0 0 0 0 0 0 0 0 0 0 0 0 0 0 0 0 0 0 0 0 0 0 0 0 0 0 0 0 0 0 0 0 0 0 0 0 0 0 0 0 0 0 0 0 0 0 0 0 0]
[6026616340827000683074316930983562141634778705139615087611690035652060333297356053683585243666103031576917205539031894825579769873924302005546409579781131791061738208901483733174279030862355213154113047278031683276203843063725691094456222257411492728029577971661849 0 0 0 0 0 1 0 0 0 0 0 0 0 0 0 0 0 0 0 0 0 0 0 0 0 0 0 0 0 0 0 0 0 0 0 0 0 0 0 0 0 0 0 0 0 0 0 0 0 0 0 0 0 0 0 0 0 0 0 0 0 0 0 0 0 0 0 0 0 0 0 0 0 0 0 0 0 0 0 0 0 0 0 0 0 0 0]
[100485821919201638541993004753043371085375473503587807830437420529407060975242849692450638839917828137748278852577986879875967235336509504253084442630817072283119633292466841827813596936118574688420345501587306210731460280587050292818988419461313796943439682950622 0 0 0 0 0 0 1 0 0 0 0 0 0 0 0 0 0 0 0 0 0 0 0 0 0 0 0 0 0 0 0 0 0 0 0 0 0 0 0 0 0 0 0 0 0 0 0 0 0 0 0 0 0 0 0 0 0 0 0 0 0 0 0 0 0 0 0 0 0 0 0 0 0 0 0 0 0 0 0 0 0 0 0 0 0 0 0]
[2148011027827938042838544988869479895993540831908128700330006009551256174018164912161192419574475470423098041269993344441321440693240455806745287617674576974248219804048450755341321389081667000108375665363433798462961575817738188453756787397920850413339899789862436 0 0 0 0 0 0 0 1 0 0 0 0 0 0 0 0 0 0 0 0 0 0 0 0 0 0 0 0 0 0 0 0 0 0 0 0 0 0 0 0 0 0 0 0 0 0 0 0 0 0 0 0 0 0 0 0 0 0 0 0 0 0 0 0 0 0 0 0 0 0 0 0 0 0 0 0 0 0 0 0 0 0 0 0 0 0 0]
[3401555197004276825829070447861158851402778900616632471918947884109244842755106372140248762101468083820993255255968184475552194677502926812801857176806115930384300290591329910151733868656241441120050545061660304079692527407118770561666273926195331991459738135568677 0 0 0 0 0 0 0 0 1 0 0 0 0 0 0 0 0 0 0 0 0 0 0 0 0 0 0 0 0 0 0 0 0 0 0 0 0 0 0 0 0 0 0 0 0 0 0 0 0 0 0 0 0 0 0 0 0 0 0 0 0 0 0 0 0 0 0 0 0 0 0 0 0 0 0 0 0 0 0 0 0 0 0 0 0 0 0]
[4857311451558902957919116541417583875453362067160460617281774128797120094068800551826527941844083108568431743624326125353928967353205529427853565843400373907301271487042094191999532793658424275664548762382105619164968195478077663863260147701700368348873753437131834 0 0 0 0 0 0 0 0 0 1 0 0 0 0 0 0 0 0 0 0 0 0 0 0 0 0 0 0 0 0 0 0 0 0 0 0 0 0 0 0 0 0 0 0 0 0 0 0 0 0 0 0 0 0 0 0 0 0 0 0 0 0 0 0 0 0 0 0 0 0 0 0 0 0 0 0 0 0 0 0 0 0 0 0 0 0 0]
[1451138949979622549009779857140306208407042604529850160580763553678202759905632647900427446962377173301828690757340664159739163859105352281167565187694940988260875860460127722175352144293343069154184095406252266949846724822429167881373220108228439908311086948767367 0 0 0 0 0 0 0 0 0 0 1 0 0 0 0 0 0 0 0 0 0 0 0 0 0 0 0 0 0 0 0 0 0 0 0 0 0 0 0 0 0 0 0 0 0 0 0 0 0 0 0 0 0 0 0 0 0 0 0 0 0 0 0 0 0 0 0 0 0 0 0 0 0 0 0 0 0 0 0 0 0 0 0 0 0 0 0]
[5436642703924723706044825991800961462132409165756667282889680910078073325538814959972639783869075351597933852415980311148189333370181166415317338081469118788197396589824100165318427876142142739504158143470845219226998480670921429768032692625841648629769164628226417 0 0 0 0 0 0 0 0 0 0 0 1 0 0 0 0 0 0 0 0 0 0 0 0 0 0 0 0 0 0 0 0 0 0 0 0 0 0 0 0 0 0 0 0 0 0 0 0 0 0 0 0 0 0 0 0 0 0 0 0 0 0 0 0 0 0 0 0 0 0 0 0 0 0 0 0 0 0 0 0 0 0 0 0 0 0 0]
[915682501935423185213031041103488172274471077936238220978772852160866692802465616161802025475807852715966057849956248752669411823284012385771443042455186663111245436455191290426855330727264003808734056247222832769600548867740589543295597669101115785637477756156630 0 0 0 0 0 0 0 0 0 0 0 0 1 0 0 0 0 0 0 0 0 0 0 0 0 0 0 0 0 0 0 0 0 0 0 0 0 0 0 0 0 0 0 0 0 0 0 0 0 0 0 0 0 0 0 0 0 0 0 0 0 0 0 0 0 0 0 0 0 0 0 0 0 0 0 0 0 0 0 0 0 0 0 0 0 0 0]
[1604005576147244028869873664399191129836272233624266756085850740611853158999293908387443233845903391861595352002126450116305384995346206583032531844681127730311855487344831186627871366250284820916423091843390460182075359341449666943126133379900547557635638801507815 0 0 0 0 0 0 0 0 0 0 0 0 0 1 0 0 0 0 0 0 0 0 0 0 0 0 0 0 0 0 0 0 0 0 0 0 0 0 0 0 0 0 0 0 0 0 0 0 0 0 0 0 0 0 0 0 0 0 0 0 0 0 0 0 0 0 0 0 0 0 0 0 0 0 0 0 0 0 0 0 0 0 0 0 0 0 0]
[5621694314015629682759404068611081227352099164023954084120111217185129180565000799581468943942812796316444023085865897940429437177304332557700193824607201252952946747268494829568000435671922560687995635148179599969087230720253372294662304825270957208527984360249537 0 0 0 0 0 0 0 0 0 0 0 0 0 0 1 0 0 0 0 0 0 0 0 0 0 0 0 0 0 0 0 0 0 0 0 0 0 0 0 0 0 0 0 0 0 0 0 0 0 0 0 0 0 0 0 0 0 0 0 0 0 0 0 0 0 0 0 0 0 0 0 0 0 0 0 0 0 0 0 0 0 0 0 0 0 0 0]
[4222185693681780641140231190392266442538215860721632123377038423037202997553677415790654650025567879040910996296598042436958356649897324205508807564190587047885297026339106881981039480237497750596261630999085068139110823155069233724893053111771836154994535268374795 0 0 0 0 0 0 0 0 0 0 0 0 0 0 0 1 0 0 0 0 0 0 0 0 0 0 0 0 0 0 0 0 0 0 0 0 0 0 0 0 0 0 0 0 0 0 0 0 0 0 0 0 0 0 0 0 0 0 0 0 0 0 0 0 0 0 0 0 0 0 0 0 0 0 0 0 0 0 0 0 0 0 0 0 0 0 0]
[3839846938846172623604060472312697509689079261403458974403107685506245595343396734195637472904663574575127467269095147885172000716458648703676992610168508830421888389175968550676072030401730868025172979433999419082988533722585614624085373721433598504448691448149110 0 0 0 0 0 0 0 0 0 0 0 0 0 0 0 0 1 0 0 0 0 0 0 0 0 0 0 0 0 0 0 0 0 0 0 0 0 0 0 0 0 0 0 0 0 0 0 0 0 0 0 0 0 0 0 0 0 0 0 0 0 0 0 0 0 0 0 0 0 0 0 0 0 0 0 0 0 0 0 0 0 0 0 0 0 0 0]
[235350476612963513974780037018994417979098796202905040764688369892006511225065678332575556911231487397855758821202836477801169249996364142679713216175329503769092177966191212310991448614304569626839395877933016840251576162319936185201254797795048997744283119520136 0 0 0 0 0 0 0 0 0 0 0 0 0 0 0 0 0 1 0 0 0 0 0 0 0 0 0 0 0 0 0 0 0 0 0 0 0 0 0 0 0 0 0 0 0 0 0 0 0 0 0 0 0 0 0 0 0 0 0 0 0 0 0 0 0 0 0 0 0 0 0 0 0 0 0 0 0 0 0 0 0 0 0 0 0 0 0]
[3543009462937581207240319494962309183698301918268141256838690238929201708974318467812970662335082773936146545683245199784263362392791046150834999352876623569645323476306653394878615551214001658061543739096514223306527671551936409851712087125482869195054856277593539 0 0 0 0 0 0 0 0 0 0 0 0 0 0 0 0 0 0 1 0 0 0 0 0 0 0 0 0 0 0 0 0 0 0 0 0 0 0 0 0 0 0 0 0 0 0 0 0 0 0 0 0 0 0 0 0 0 0 0 0 0 0 0 0 0 0 0 0 0 0 0 0 0 0 0 0 0 0 0 0 0 0 0 0 0 0 0]
[6345867472630070400979923051412770119545337755484077997549500938677608087549129185649865659447310952049299915760895237173136762076036061243773437599527294657006920735294225087755298882199074756957766734322541115418824078257551787949942949867827730144488219071438640 0 0 0 0 0 0 0 0 0 0 0 0 0 0 0 0 0 0 0 1 0 0 0 0 0 0 0 0 0 0 0 0 0 0 0 0 0 0 0 0 0 0 0 0 0 0 0 0 0 0 0 0 0 0 0 0 0 0 0 0 0 0 0 0 0 0 0 0 0 0 0 0 0 0 0 0 0 0 0 0 0 0 0 0 0 0 0]
[235406985363470202747116515344483700489201810482840031835443614536305280030694311234672101509016847406360577069651082650170030480204477645687758354317901883203827270483321407097286243675637414061047019638261398293598588801021133363847993595100645596515752318851754 0 0 0 0 0 0 0 0 0 0 0 0 0 0 0 0 0 0 0 0 1 0 0 0 0 0 0 0 0 0 0 0 0 0 0 0 0 0 0 0 0 0 0 0 0 0 0 0 0 0 0 0 0 0 0 0 0 0 0 0 0 0 0 0 0 0 0 0 0 0 0 0 0 0 0 0 0 0 0 0 0 0 0 0 0 0 0]
[4961459503971248017609444771207463569379014855966278540347079042132265423809065133160953765574752412089184361176078846053525672197140315176737083554330992135525582283823412174717544677850266238333417748828666871397102218563973185707329910523123932289342437885220949 0 0 0 0 0 0 0 0 0 0 0 0 0 0 0 0 0 0 0 0 0 1 0 0 0 0 0 0 0 0 0 0 0 0 0 0 0 0 0 0 0 0 0 0 0 0 0 0 0 0 0 0 0 0 0 0 0 0 0 0 0 0 0 0 0 0 0 0 0 0 0 0 0 0 0 0 0 0 0 0 0 0 0 0 0 0 0]
[2050664693517781818822550418299631284577185773397657187782512657389112902921378076875706869104391451982155709203168715231322411789690660701339481360136787375081900280688476730037652550904673061200776476358714047509907943284179241659974787998806745485484952404347575 0 0 0 0 0 0 0 0 0 0 0 0 0 0 0 0 0 0 0 0 0 0 1 0 0 0 0 0 0 0 0 0 0 0 0 0 0 0 0 0 0 0 0 0 0 0 0 0 0 0 0 0 0 0 0 0 0 0 0 0 0 0 0 0 0 0 0 0 0 0 0 0 0 0 0 0 0 0 0 0 0 0 0 0 0 0 0]
[4321358952987057604044646607537858973822607384038916269441787875082969789451879993378528016696462131597899854283791582216231153855798165627453752038918645047909983646511946839159079179125817201679274023063816324144370772317015706022734912719042622213046724206194663 0 0 0 0 0 0 0 0 0 0 0 0 0 0 0 0 0 0 0 0 0 0 0 1 0 0 0 0 0 0 0 0 0 0 0 0 0 0 0 0 0 0 0 0 0 0 0 0 0 0 0 0 0 0 0 0 0 0 0 0 0 0 0 0 0 0 0 0 0 0 0 0 0 0 0 0 0 0 0 0 0 0 0 0 0 0 0]
[7215739893614695373717365287183861768106401546890057033982696631585373445902322078663489702034893801251637378134690805972796309161647208296046470924601331408854922199525238188767638769310124287480668116994406119667130953776598339082882056786045613825044430457682272 0 0 0 0 0 0 0 0 0 0 0 0 0 0 0 0 0 0 0 0 0 0 0 0 1 0 0 0 0 0 0 0 0 0 0 0 0 0 0 0 0 0 0 0 0 0 0 0 0 0 0 0 0 0 0 0 0 0 0 0 0 0 0 0 0 0 0 0 0 0 0 0 0 0 0 0 0 0 0 0 0 0 0 0 0 0 0]
[4630640511067879521724787636291809440607379774309017522714432485239401865223278949396718224306252369735883370282624105555913158629958321907851520588989450650896678541514303466113678806913058381537226364427565053339370150980246223886942289415970089732045040768953518 0 0 0 0 0 0 0 0 0 0 0 0 0 0 0 0 0 0 0 0 0 0 0 0 0 1 0 0 0 0 0 0 0 0 0 0 0 0 0 0 0 0 0 0 0 0 0 0 0 0 0 0 0 0 0 0 0 0 0 0 0 0 0 0 0 0 0 0 0 0 0 0 0 0 0 0 0 0 0 0 0 0 0 0 0 0 0]
[6666292841557882546569328663282270218441825155966018962009170586976921830396882706264964097859250150407321769500435459840414576866925428798407477923311615766468826228888799668385586900279141367780320709075816182875111526052918186998265973605480770423572243995018905 0 0 0 0 0 0 0 0 0 0 0 0 0 0 0 0 0 0 0 0 0 0 0 0 0 0 1 0 0 0 0 0 0 0 0 0 0 0 0 0 0 0 0 0 0 0 0 0 0 0 0 0 0 0 0 0 0 0 0 0 0 0 0 0 0 0 0 0 0 0 0 0 0 0 0 0 0 0 0 0 0 0 0 0 0 0 0]
[5057009354848083396940774524243074484854294038984159455557735935702960417353750189979646477809099213849806197344499391065394312289063421510132460364813874736815327608916072831394971059356098673572629252965334821989289236756847293505110474638264353067810103024692670 0 0 0 0 0 0 0 0 0 0 0 0 0 0 0 0 0 0 0 0 0 0 0 0 0 0 0 1 0 0 0 0 0 0 0 0 0 0 0 0 0 0 0 0 0 0 0 0 0 0 0 0 0 0 0 0 0 0 0 0 0 0 0 0 0 0 0 0 0 0 0 0 0 0 0 0 0 0 0 0 0 0 0 0 0 0 0]
[6346408122928224765395908914973587483291409825726658761954410308576128401539371408460066628480451436511450828586496454872831765781062006168347611914884610305653900815843237884842986033805836291122152737592380639519652704087741584485599117659121682334976919832734598 0 0 0 0 0 0 0 0 0 0 0 0 0 0 0 0 0 0 0 0 0 0 0 0 0 0 0 0 1 0 0 0 0 0 0 0 0 0 0 0 0 0 0 0 0 0 0 0 0 0 0 0 0 0 0 0 0 0 0 0 0 0 0 0 0 0 0 0 0 0 0 0 0 0 0 0 0 0 0 0 0 0 0 0 0 0 0]
[1821286327944648359407319484389381897948541611313241044437613901115981991649808850135640105791858521832988623594007435476286060798094431450742019447236353228623988562511788903273739894919608349116206194882655268063016406400364738256686924185896472374623022869803032 0 0 0 0 0 0 0 0 0 0 0 0 0 0 0 0 0 0 0 0 0 0 0 0 0 0 0 0 0 1 0 0 0 0 0 0 0 0 0 0 0 0 0 0 0 0 0 0 0 0 0 0 0 0 0 0 0 0 0 0 0 0 0 0 0 0 0 0 0 0 0 0 0 0 0 0 0 0 0 0 0 0 0 0 0 0 0]
[5854587316193045392359182510443636970662161489772426259154027913687144277849281405013632045469144278726539434605145937980491456236249890603698970944556429067548049548029867461605257563938837476689892959244112419649171772800357252317624068617392167751242604187291183 0 0 0 0 0 0 0 0 0 0 0 0 0 0 0 0 0 0 0 0 0 0 0 0 0 0 0 0 0 0 1 0 0 0 0 0 0 0 0 0 0 0 0 0 0 0 0 0 0 0 0 0 0 0 0 0 0 0 0 0 0 0 0 0 0 0 0 0 0 0 0 0 0 0 0 0 0 0 0 0 0 0 0 0 0 0 0]
[1965464204167447327530631834794219181988506636312648103130846225792110064285373500826675141936336385646898336547666005657462393727740422534442764808065436843226747558919849399377305493074069805948807559111417728211787796284611305159621770459397277149924780712677172 0 0 0 0 0 0 0 0 0 0 0 0 0 0 0 0 0 0 0 0 0 0 0 0 0 0 0 0 0 0 0 1 0 0 0 0 0 0 0 0 0 0 0 0 0 0 0 0 0 0 0 0 0 0 0 0 0 0 0 0 0 0 0 0 0 0 0 0 0 0 0 0 0 0 0 0 0 0 0 0 0 0 0 0 0 0 0]
[6030541921255703280156971420317365111699262292872367367586828544358661247685081760627130428817826256791928335986850829930634241031437940470991859368352386588818565503826172069022376621842022081139250988479274133433008616053082513767156709662856010353744011780935075 0 0 0 0 0 0 0 0 0 0 0 0 0 0 0 0 0 0 0 0 0 0 0 0 0 0 0 0 0 0 0 0 1 0 0 0 0 0 0 0 0 0 0 0 0 0 0 0 0 0 0 0 0 0 0 0 0 0 0 0 0 0 0 0 0 0 0 0 0 0 0 0 0 0 0 0 0 0 0 0 0 0 0 0 0 0 0]
[1348174727040001577940019982024615647442250079770639563094293324786042759503222780495503387148585695634946729404129694176740459949471095818237610079158645766935131591098067256244037613397042128420058802471588796748526794567364048607902404021417643656419659873961194 0 0 0 0 0 0 0 0 0 0 0 0 0 0 0 0 0 0 0 0 0 0 0 0 0 0 0 0 0 0 0 0 0 1 0 0 0 0 0 0 0 0 0 0 0 0 0 0 0 0 0 0 0 0 0 0 0 0 0 0 0 0 0 0 0 0 0 0 0 0 0 0 0 0 0 0 0 0 0 0 0 0 0 0 0 0 0]
[547209299436866908882390042302518267654048114881431653187570461800447748703399633265538347125629517373523845488627269774870251711488767259632520140769045534099860725577471455566355398954479321276485236583159850500320187943888035847432565454141605637994069213122566 0 0 0 0 0 0 0 0 0 0 0 0 0 0 0 0 0 0 0 0 0 0 0 0 0 0 0 0 0 0 0 0 0 0 1 0 0 0 0 0 0 0 0 0 0 0 0 0 0 0 0 0 0 0 0 0 0 0 0 0 0 0 0 0 0 0 0 0 0 0 0 0 0 0 0 0 0 0 0 0 0 0 0 0 0 0 0]
[6567856192756446957860646410654115705142694846245426017666219303336581624912080212877935138250073254238293820742579991366714504210438391350596337323116205915072901802388528674229847666799943010419709741434928118475013828515367242573657372606080400629560893391122509 0 0 0 0 0 0 0 0 0 0 0 0 0 0 0 0 0 0 0 0 0 0 0 0 0 0 0 0 0 0 0 0 0 0 0 1 0 0 0 0 0 0 0 0 0 0 0 0 0 0 0 0 0 0 0 0 0 0 0 0 0 0 0 0 0 0 0 0 0 0 0 0 0 0 0 0 0 0 0 0 0 0 0 0 0 0 0]
[815887905569940619148111273479296602547418753915124524909812510237048106726430234514342773575003250062193493438951830914025161288756924946786144171373516092195812200885996041261337835864990452604522646709627961325299958337591892910244451119077295190222472084887266 0 0 0 0 0 0 0 0 0 0 0 0 0 0 0 0 0 0 0 0 0 0 0 0 0 0 0 0 0 0 0 0 0 0 0 0 1 0 0 0 0 0 0 0 0 0 0 0 0 0 0 0 0 0 0 0 0 0 0 0 0 0 0 0 0 0 0 0 0 0 0 0 0 0 0 0 0 0 0 0 0 0 0 0 0 0 0]
[2980441860395922797152551280760996965086334137709792051816841510727222930996625874072283569159652423541224693360180985508641877300407329778316839206486143046986223822317196899673924238281393068778747571061658175841599541050255132402159861760827920985948486209669548 0 0 0 0 0 0 0 0 0 0 0 0 0 0 0 0 0 0 0 0 0 0 0 0 0 0 0 0 0 0 0 0 0 0 0 0 0 1 0 0 0 0 0 0 0 0 0 0 0 0 0 0 0 0 0 0 0 0 0 0 0 0 0 0 0 0 0 0 0 0 0 0 0 0 0 0 0 0 0 0 0 0 0 0 0 0 0]
[1526547526522194864639389351488707187416507832123894342379516359315733496162489372218489998042976992965731043925483224007285858792711807624547215446745864256100748610872929510940137294536839500227597024977415459423697119124309972469966270714883742403298129605832496 0 0 0 0 0 0 0 0 0 0 0 0 0 0 0 0 0 0 0 0 0 0 0 0 0 0 0 0 0 0 0 0 0 0 0 0 0 0 1 0 0 0 0 0 0 0 0 0 0 0 0 0 0 0 0 0 0 0 0 0 0 0 0 0 0 0 0 0 0 0 0 0 0 0 0 0 0 0 0 0 0 0 0 0 0 0 0]
[4066805204016524355731479995972631188449046680680309450702127218810722894800439241346709336506051637846689083976403459186781950614328451276197476034287102560236360406834988238009189077185297147775620030895382932145528059824936085885461866795059579737829597396179629 0 0 0 0 0 0 0 0 0 0 0 0 0 0 0 0 0 0 0 0 0 0 0 0 0 0 0 0 0 0 0 0 0 0 0 0 0 0 0 1 0 0 0 0 0 0 0 0 0 0 0 0 0 0 0 0 0 0 0 0 0 0 0 0 0 0 0 0 0 0 0 0 0 0 0 0 0 0 0 0 0 0 0 0 0 0 0]
[3660790177176855386285178319780986891190848220741681828992956928723685046394728905527835502195571194247059450193997730940961601735684499327967535298957653129784000437636063871095669972593059437712477493487654165684985273063499625981399760550826976893996107701919731 0 0 0 0 0 0 0 0 0 0 0 0 0 0 0 0 0 0 0 0 0 0 0 0 0 0 0 0 0 0 0 0 0 0 0 0 0 0 0 0 1 0 0 0 0 0 0 0 0 0 0 0 0 0 0 0 0 0 0 0 0 0 0 0 0 0 0 0 0 0 0 0 0 0 0 0 0 0 0 0 0 0 0 0 0 0 0]
[4772576969734881393234639187395836907893765007531628294921880819116582299158511098905580595854246762241387305134712308626201164743631851953044822678542562330334657218664569728085657130080626279577576716705521463174798503436293240912860897615115138568955066221848469 0 0 0 0 0 0 0 0 0 0 0 0 0 0 0 0 0 0 0 0 0 0 0 0 0 0 0 0 0 0 0 0 0 0 0 0 0 0 0 0 0 1 0 0 0 0 0 0 0 0 0 0 0 0 0 0 0 0 0 0 0 0 0 0 0 0 0 0 0 0 0 0 0 0 0 0 0 0 0 0 0 0 0 0 0 0 0]
[3275380929123514088516877631515879772297079321160107982081712996193529246086570867560274890245910063514003712648732944650066188188954816473587556728934271410687044208927155925940077297615039594984009641949928714146297099911537998026811620285364384366578799822034070 0 0 0 0 0 0 0 0 0 0 0 0 0 0 0 0 0 0 0 0 0 0 0 0 0 0 0 0 0 0 0 0 0 0 0 0 0 0 0 0 0 0 1 0 0 0 0 0 0 0 0 0 0 0 0 0 0 0 0 0 0 0 0 0 0 0 0 0 0 0 0 0 0 0 0 0 0 0 0 0 0 0 0 0 0 0 0]
[6163911232118484500079504184536128458233746511900474405330667116135454502349655066837486513154940617084926046255812004816529456424092971476874050410851003302444589648116803623603200458495743508113707721408874075563887097362653251537511220820630957170265179343765085 0 0 0 0 0 0 0 0 0 0 0 0 0 0 0 0 0 0 0 0 0 0 0 0 0 0 0 0 0 0 0 0 0 0 0 0 0 0 0 0 0 0 0 1 0 0 0 0 0 0 0 0 0 0 0 0 0 0 0 0 0 0 0 0 0 0 0 0 0 0 0 0 0 0 0 0 0 0 0 0 0 0 0 0 0 0 0]
[5550566489727161707150292179157923099614696997985551312546758942390313399877569305472938012656407899147169387372259087703517442197692351042637929798011047473589295701853899084196429588738839083435245393683291456426170530038826960582149432117363446958127101012159771 0 0 0 0 0 0 0 0 0 0 0 0 0 0 0 0 0 0 0 0 0 0 0 0 0 0 0 0 0 0 0 0 0 0 0 0 0 0 0 0 0 0 0 0 1 0 0 0 0 0 0 0 0 0 0 0 0 0 0 0 0 0 0 0 0 0 0 0 0 0 0 0 0 0 0 0 0 0 0 0 0 0 0 0 0 0 0]
[5053247400799521363059027652719624960132996751207076764207844998039383381084831925291496132020175946179793748525722710490192440767473521445360087980767054447584967484212798232621962429925307496723135056542025854734086791352861670094209486355585015447463322758275863 0 0 0 0 0 0 0 0 0 0 0 0 0 0 0 0 0 0 0 0 0 0 0 0 0 0 0 0 0 0 0 0 0 0 0 0 0 0 0 0 0 0 0 0 0 1 0 0 0 0 0 0 0 0 0 0 0 0 0 0 0 0 0 0 0 0 0 0 0 0 0 0 0 0 0 0 0 0 0 0 0 0 0 0 0 0 0]
[6310420112680513400049198894738167607016458905239539135918989180763062242566334394637158732169760715541989017131079289904156586270665773346485251963774941237619957694223396274133907840433276407609168922107540621129161941383298033722028417260256758159939976145786074 0 0 0 0 0 0 0 0 0 0 0 0 0 0 0 0 0 0 0 0 0 0 0 0 0 0 0 0 0 0 0 0 0 0 0 0 0 0 0 0 0 0 0 0 0 0 1 0 0 0 0 0 0 0 0 0 0 0 0 0 0 0 0 0 0 0 0 0 0 0 0 0 0 0 0 0 0 0 0 0 0 0 0 0 0 0 0]
[2872769899231187653679469439600282071674640609309206731671174623882901233127998297257962965356151530179477958763088917140036397755922798770336508261310571854602923395141780445688942692604898934541556763762658773602189499776210616002516189119631001791997499710341496 0 0 0 0 0 0 0 0 0 0 0 0 0 0 0 0 0 0 0 0 0 0 0 0 0 0 0 0 0 0 0 0 0 0 0 0 0 0 0 0 0 0 0 0 0 0 0 1 0 0 0 0 0 0 0 0 0 0 0 0 0 0 0 0 0 0 0 0 0 0 0 0 0 0 0 0 0 0 0 0 0 0 0 0 0 0 0]
[6964082531183306135960081143607242913545015573108272196751723682534970811897902686823665611110135257095541701726462147072040053470086891577345217828456827391121133343770575743152511789528922966631462387984380388962210677489514987886485930181283127438110000225213984 0 0 0 0 0 0 0 0 0 0 0 0 0 0 0 0 0 0 0 0 0 0 0 0 0 0 0 0 0 0 0 0 0 0 0 0 0 0 0 0 0 0 0 0 0 0 0 0 1 0 0 0 0 0 0 0 0 0 0 0 0 0 0 0 0 0 0 0 0 0 0 0 0 0 0 0 0 0 0 0 0 0 0 0 0 0 0]
[1198428574045024642062232059920830945799879694029227366296139662241223825851334302076272249114600845365378667431499897899690347031389103745398134635462918735548029523755637736287998569942338283456558914904383939503346732384928298050053113202244272166965629929215199 0 0 0 0 0 0 0 0 0 0 0 0 0 0 0 0 0 0 0 0 0 0 0 0 0 0 0 0 0 0 0 0 0 0 0 0 0 0 0 0 0 0 0 0 0 0 0 0 0 1 0 0 0 0 0 0 0 0 0 0 0 0 0 0 0 0 0 0 0 0 0 0 0 0 0 0 0 0 0 0 0 0 0 0 0 0 0]
[2471105425281780246202055840460784970748642003889792598395991040723800500184735702368445810775199490049386084296317033659669172760823653405178442931897608664934722313031912015240893906104422336667792099377605834908156741073653810155477582753796450312614249608341675 0 0 0 0 0 0 0 0 0 0 0 0 0 0 0 0 0 0 0 0 0 0 0 0 0 0 0 0 0 0 0 0 0 0 0 0 0 0 0 0 0 0 0 0 0 0 0 0 0 0 1 0 0 0 0 0 0 0 0 0 0 0 0 0 0 0 0 0 0 0 0 0 0 0 0 0 0 0 0 0 0 0 0 0 0 0 0]
[648963886624220443831606626104311611014505166982960205859969693116066117167105306498942401441815681253565327394223186647415374286647570379266209815280184395749319425245690028968430157048098755332520575409624820343051319361319022683436754148404113143772053310985540 0 0 0 0 0 0 0 0 0 0 0 0 0 0 0 0 0 0 0 0 0 0 0 0 0 0 0 0 0 0 0 0 0 0 0 0 0 0 0 0 0 0 0 0 0 0 0 0 0 0 0 1 0 0 0 0 0 0 0 0 0 0 0 0 0 0 0 0 0 0 0 0 0 0 0 0 0 0 0 0 0 0 0 0 0 0 0]
[5680973879865226972216706261915449788449518837980092978859786286952459596896157715997867990630726922720756304321597649546446521030267688396082776937195932172439613049687884717309268900864086370681667305308062853576379829354774952778452840795707816810701408157985869 0 0 0 0 0 0 0 0 0 0 0 0 0 0 0 0 0 0 0 0 0 0 0 0 0 0 0 0 0 0 0 0 0 0 0 0 0 0 0 0 0 0 0 0 0 0 0 0 0 0 0 0 1 0 0 0 0 0 0 0 0 0 0 0 0 0 0 0 0 0 0 0 0 0 0 0 0 0 0 0 0 0 0 0 0 0 0]
[5650408600434962415450983030861187566810202587683245139797509217768794198145711706721735022017307758261894652313891373970417842379934734629042687887430888049330517998824281063560863648517946507237871128816759078270639167320623203097830794733329808933132425377970065 0 0 0 0 0 0 0 0 0 0 0 0 0 0 0 0 0 0 0 0 0 0 0 0 0 0 0 0 0 0 0 0 0 0 0 0 0 0 0 0 0 0 0 0 0 0 0 0 0 0 0 0 0 1 0 0 0 0 0 0 0 0 0 0 0 0 0 0 0 0 0 0 0 0 0 0 0 0 0 0 0 0 0 0 0 0 0]
[5690731485664033961996771851457667680769620958094103045837628024930433087989166167107969123107952756868648471976176770447151601991575453213967760604323459035365288281866813668038036875058779979948608263588659939789274085535403381982543206877099551541212376532539890 0 0 0 0 0 0 0 0 0 0 0 0 0 0 0 0 0 0 0 0 0 0 0 0 0 0 0 0 0 0 0 0 0 0 0 0 0 0 0 0 0 0 0 0 0 0 0 0 0 0 0 0 0 0 1 0 0 0 0 0 0 0 0 0 0 0 0 0 0 0 0 0 0 0 0 0 0 0 0 0 0 0 0 0 0 0 0]
[4340080275989162327367411606288514499801990882157964653967473881716042554021667419125280699316720110997907009934104986324067558089390042040621753021389827141508855283172973756917118701575743286620194365313333761122632425660929890798895584105840825441078356569711526 0 0 0 0 0 0 0 0 0 0 0 0 0 0 0 0 0 0 0 0 0 0 0 0 0 0 0 0 0 0 0 0 0 0 0 0 0 0 0 0 0 0 0 0 0 0 0 0 0 0 0 0 0 0 0 1 0 0 0 0 0 0 0 0 0 0 0 0 0 0 0 0 0 0 0 0 0 0 0 0 0 0 0 0 0 0 0]
[4270572319765677756403832280362429495754978583465921839068179093432410962956841464631200572900776147200023934804658557659252070251516929346697474548218613046993328236601323526215216471140496546761444452198301153751563026424748658079927986736899486377276113644248481 0 0 0 0 0 0 0 0 0 0 0 0 0 0 0 0 0 0 0 0 0 0 0 0 0 0 0 0 0 0 0 0 0 0 0 0 0 0 0 0 0 0 0 0 0 0 0 0 0 0 0 0 0 0 0 0 1 0 0 0 0 0 0 0 0 0 0 0 0 0 0 0 0 0 0 0 0 0 0 0 0 0 0 0 0 0 0]
[6654229168545560806784792242187217599218387985645004604277621109856940678564466023541016789225115286522804430484412283629575768264241677095312379263493773547488927694608497010674791624260804381189867336175353233725199166089910798571810712771484556138035085259552086 0 0 0 0 0 0 0 0 0 0 0 0 0 0 0 0 0 0 0 0 0 0 0 0 0 0 0 0 0 0 0 0 0 0 0 0 0 0 0 0 0 0 0 0 0 0 0 0 0 0 0 0 0 0 0 0 0 1 0 0 0 0 0 0 0 0 0 0 0 0 0 0 0 0 0 0 0 0 0 0 0 0 0 0 0 0 0]
[4339337600017250702745249667620181320489655749378948394694480827435539014462800921414642451392816175162247136303531832573427653211440328253906495921145344054732087605689832972007498886532063702210818064926863927945782076706418164432613116196977282115550716507998062 0 0 0 0 0 0 0 0 0 0 0 0 0 0 0 0 0 0 0 0 0 0 0 0 0 0 0 0 0 0 0 0 0 0 0 0 0 0 0 0 0 0 0 0 0 0 0 0 0 0 0 0 0 0 0 0 0 0 1 0 0 0 0 0 0 0 0 0 0 0 0 0 0 0 0 0 0 0 0 0 0 0 0 0 0 0 0]
[4477322502430223383983716131868972841640097957268836404134198525359232694710538645376747842036348236278205621273836531392691424799287011928874355141483381447563240363237100422725049875823103175518332580931996734567786557061892435916825152044104882177008429637616207 0 0 0 0 0 0 0 0 0 0 0 0 0 0 0 0 0 0 0 0 0 0 0 0 0 0 0 0 0 0 0 0 0 0 0 0 0 0 0 0 0 0 0 0 0 0 0 0 0 0 0 0 0 0 0 0 0 0 0 1 0 0 0 0 0 0 0 0 0 0 0 0 0 0 0 0 0 0 0 0 0 0 0 0 0 0 0]
[4255535396965433677363871611787614726051881937996975908800045282282476631568431229235290003271488033879289469833728579977135991480247752476539147514053359603053116413945843629528434645832288504018296114172056003855392197036741892887376977509156783947733772797500026 0 0 0 0 0 0 0 0 0 0 0 0 0 0 0 0 0 0 0 0 0 0 0 0 0 0 0 0 0 0 0 0 0 0 0 0 0 0 0 0 0 0 0 0 0 0 0 0 0 0 0 0 0 0 0 0 0 0 0 0 1 0 0 0 0 0 0 0 0 0 0 0 0 0 0 0 0 0 0 0 0 0 0 0 0 0 0]
[1726102113459690828989765715592255497181987053307354167521796569795085673398318571954924234752634213158128277768398455920685170372001156891827626094895190836404510787401549802685143685656998227230227331904147685082108275521770364695008963502477968276222226922386282 0 0 0 0 0 0 0 0 0 0 0 0 0 0 0 0 0 0 0 0 0 0 0 0 0 0 0 0 0 0 0 0 0 0 0 0 0 0 0 0 0 0 0 0 0 0 0 0 0 0 0 0 0 0 0 0 0 0 0 0 0 1 0 0 0 0 0 0 0 0 0 0 0 0 0 0 0 0 0 0 0 0 0 0 0 0 0]
[1719617591425702319877278738730463015390512540423497160260218651786188861362453926090597954219111150516064749341418866784513218561924416675709930973674569927292135802045669728022743088178258964877231059338043427955008794528193321903994170891174292082729960947065870 0 0 0 0 0 0 0 0 0 0 0 0 0 0 0 0 0 0 0 0 0 0 0 0 0 0 0 0 0 0 0 0 0 0 0 0 0 0 0 0 0 0 0 0 0 0 0 0 0 0 0 0 0 0 0 0 0 0 0 0 0 0 1 0 0 0 0 0 0 0 0 0 0 0 0 0 0 0 0 0 0 0 0 0 0 0 0]
[4538919145627270907775149717451435896316543351861423691980658506518981133310121357437741437890666127094705681375880704474145627168904862046963125577296446910117898044588996256920700324730141728806605221958294708628081859585161147538979760401129638763131746122571702 0 0 0 0 0 0 0 0 0 0 0 0 0 0 0 0 0 0 0 0 0 0 0 0 0 0 0 0 0 0 0 0 0 0 0 0 0 0 0 0 0 0 0 0 0 0 0 0 0 0 0 0 0 0 0 0 0 0 0 0 0 0 0 1 0 0 0 0 0 0 0 0 0 0 0 0 0 0 0 0 0 0 0 0 0 0 0]
[51364335520351633179876812530331017132293785324432717360181285781263961035282567727070082125896247302887465321776218364896802195476403130114033202269803433307625810409732816829791727779580671160831828717735888297254413953291452557896022186752656594508763311748134 0 0 0 0 0 0 0 0 0 0 0 0 0 0 0 0 0 0 0 0 0 0 0 0 0 0 0 0 0 0 0 0 0 0 0 0 0 0 0 0 0 0 0 0 0 0 0 0 0 0 0 0 0 0 0 0 0 0 0 0 0 0 0 0 1 0 0 0 0 0 0 0 0 0 0 0 0 0 0 0 0 0 0 0 0 0 0]
[236390512853949956890398482732173854760568567829220359051037413276824494415029176024366707924213805210919137379598653002210892776144720704432233119511472676216755350348274198438506620915172527404135917594889865355713010128165611637043806790883835031529071879036055 0 0 0 0 0 0 0 0 0 0 0 0 0 0 0 0 0 0 0 0 0 0 0 0 0 0 0 0 0 0 0 0 0 0 0 0 0 0 0 0 0 0 0 0 0 0 0 0 0 0 0 0 0 0 0 0 0 0 0 0 0 0 0 0 0 1 0 0 0 0 0 0 0 0 0 0 0 0 0 0 0 0 0 0 0 0 0]
[4471605717748975997991802065922433310574769520860434463994913699341076242543050991650246964885759723636781259276720713355199936087989243560430176794973418720662325159269900944003255206844660134526647097340487105286370671343220451935755724463535070071903482692979737 0 0 0 0 0 0 0 0 0 0 0 0 0 0 0 0 0 0 0 0 0 0 0 0 0 0 0 0 0 0 0 0 0 0 0 0 0 0 0 0 0 0 0 0 0 0 0 0 0 0 0 0 0 0 0 0 0 0 0 0 0 0 0 0 0 0 1 0 0 0 0 0 0 0 0 0 0 0 0 0 0 0 0 0 0 0 0]
[7232057676270343038181810614416918249513650782585444479342792397069169498053801467905031971915216751537942967316212617556624314955906180431933609177656378902524805827644676428377743999376572190216395470665959502874084033283963858424517830810076527399281288928057633 0 0 0 0 0 0 0 0 0 0 0 0 0 0 0 0 0 0 0 0 0 0 0 0 0 0 0 0 0 0 0 0 0 0 0 0 0 0 0 0 0 0 0 0 0 0 0 0 0 0 0 0 0 0 0 0 0 0 0 0 0 0 0 0 0 0 0 1 0 0 0 0 0 0 0 0 0 0 0 0 0 0 0 0 0 0 0]
[4731167515507730712936601111082987471239180545484636573810938604767259483989756509238613977883930194365559158776935979809533376038886476251164668032522553918255312181443598289555442207588375434529209895042408277626041443097385077245981474730000766423683766255930292 0 0 0 0 0 0 0 0 0 0 0 0 0 0 0 0 0 0 0 0 0 0 0 0 0 0 0 0 0 0 0 0 0 0 0 0 0 0 0 0 0 0 0 0 0 0 0 0 0 0 0 0 0 0 0 0 0 0 0 0 0 0 0 0 0 0 0 0 1 0 0 0 0 0 0 0 0 0 0 0 0 0 0 0 0 0 0]
[6321921497365798409414854181834548756694138422668036171166080875274983154932933776017598363779983715324073154569836722690318976846497725255152301356602233214373928678681273510427278907883848532531265787346643468349772293750734764461517209055087037304419346300578115 0 0 0 0 0 0 0 0 0 0 0 0 0 0 0 0 0 0 0 0 0 0 0 0 0 0 0 0 0 0 0 0 0 0 0 0 0 0 0 0 0 0 0 0 0 0 0 0 0 0 0 0 0 0 0 0 0 0 0 0 0 0 0 0 0 0 0 0 0 1 0 0 0 0 0 0 0 0 0 0 0 0 0 0 0 0 0]
[5268529056237728107183999863187383915817793711317054010837859369160153297788579110128715870378354000502059872082277432808744395834017278283580440163476147992338906958141155285720319811988764801209701461852879965929621077320452034367919892980732385382460914770158501 0 0 0 0 0 0 0 0 0 0 0 0 0 0 0 0 0 0 0 0 0 0 0 0 0 0 0 0 0 0 0 0 0 0 0 0 0 0 0 0 0 0 0 0 0 0 0 0 0 0 0 0 0 0 0 0 0 0 0 0 0 0 0 0 0 0 0 0 0 0 1 0 0 0 0 0 0 0 0 0 0 0 0 0 0 0 0]
[3470077574089429018956685587763342797189387735871582412825452399827977175638469230631882335980609271492170311388179388850590849907699581925337317542035402690369980366088460854084604407405941525531132507792980850968646001102515691222200410115725141438456660697527209 0 0 0 0 0 0 0 0 0 0 0 0 0 0 0 0 0 0 0 0 0 0 0 0 0 0 0 0 0 0 0 0 0 0 0 0 0 0 0 0 0 0 0 0 0 0 0 0 0 0 0 0 0 0 0 0 0 0 0 0 0 0 0 0 0 0 0 0 0 0 0 1 0 0 0 0 0 0 0 0 0 0 0 0 0 0 0]
[3202253235855121360566407906621286299992920388887264763317856512876047146613497335068591357002848343345268411365660040983095994907527439644220938246401290477828774929346486857608433054013990427533398819785743191571371464737657780575230546526151617012600547321899711 0 0 0 0 0 0 0 0 0 0 0 0 0 0 0 0 0 0 0 0 0 0 0 0 0 0 0 0 0 0 0 0 0 0 0 0 0 0 0 0 0 0 0 0 0 0 0 0 0 0 0 0 0 0 0 0 0 0 0 0 0 0 0 0 0 0 0 0 0 0 0 0 1 0 0 0 0 0 0 0 0 0 0 0 0 0 0]
[1924614296695122500558710799942416956945000727008313991082812973036231547062194597757995675056825123937815951415503848466271075499115849136985482305972504776800499571184840308287146339915737761799949166268514324431590051276806898439509089936198287918009658511548642 0 0 0 0 0 0 0 0 0 0 0 0 0 0 0 0 0 0 0 0 0 0 0 0 0 0 0 0 0 0 0 0 0 0 0 0 0 0 0 0 0 0 0 0 0 0 0 0 0 0 0 0 0 0 0 0 0 0 0 0 0 0 0 0 0 0 0 0 0 0 0 0 0 1 0 0 0 0 0 0 0 0 0 0 0 0 0]
[5862812018242872480785998960373188319071974785995413908869442162290945491313569850789545118948171948133689602067560002054345360959857422898038696210661972606785203157946167541136367034670258188017295488714903567223103938551693683165786024732103226607480687897304294 0 0 0 0 0 0 0 0 0 0 0 0 0 0 0 0 0 0 0 0 0 0 0 0 0 0 0 0 0 0 0 0 0 0 0 0 0 0 0 0 0 0 0 0 0 0 0 0 0 0 0 0 0 0 0 0 0 0 0 0 0 0 0 0 0 0 0 0 0 0 0 0 0 0 1 0 0 0 0 0 0 0 0 0 0 0 0]
[2618596813908397254108423795606245548541550340039014614123956280477297171235418575579996174297140378765342256204632584533031969813095180074841044488885130861199650622223878592729255292335642914803873164743990214498089011046090816718203102209354165785614152025862595 0 0 0 0 0 0 0 0 0 0 0 0 0 0 0 0 0 0 0 0 0 0 0 0 0 0 0 0 0 0 0 0 0 0 0 0 0 0 0 0 0 0 0 0 0 0 0 0 0 0 0 0 0 0 0 0 0 0 0 0 0 0 0 0 0 0 0 0 0 0 0 0 0 0 0 1 0 0 0 0 0 0 0 0 0 0 0]
[5367904873255032520097865587601789859895685191141477270818002919804199215249363398707013020867672217239162811696487997405997426113708654388317470876235030065419754774171809801000059699494831350727423039780692367195255747743115182297599813763987427720049942980512083 0 0 0 0 0 0 0 0 0 0 0 0 0 0 0 0 0 0 0 0 0 0 0 0 0 0 0 0 0 0 0 0 0 0 0 0 0 0 0 0 0 0 0 0 0 0 0 0 0 0 0 0 0 0 0 0 0 0 0 0 0 0 0 0 0 0 0 0 0 0 0 0 0 0 0 0 1 0 0 0 0 0 0 0 0 0 0]
[1212879201762662713591310392464351664781253590718007879698901938796321236286976807882597124074930703482010306832719640246674774552062126020274121754478620930080020926882467844692444686031007459030607103531132214915241500078753667138558500157768130733648959565426490 0 0 0 0 0 0 0 0 0 0 0 0 0 0 0 0 0 0 0 0 0 0 0 0 0 0 0 0 0 0 0 0 0 0 0 0 0 0 0 0 0 0 0 0 0 0 0 0 0 0 0 0 0 0 0 0 0 0 0 0 0 0 0 0 0 0 0 0 0 0 0 0 0 0 0 0 0 1 0 0 0 0 0 0 0 0 0]
[7228386574769779247107593517777349075824082732361011894922078984066900059674295679560369370803300224333473120627499039924526848641987419391390226571888676390148261645041361161047965983000918920020424268308977406598551308089632386670928258056059096507793861342531853 0 0 0 0 0 0 0 0 0 0 0 0 0 0 0 0 0 0 0 0 0 0 0 0 0 0 0 0 0 0 0 0 0 0 0 0 0 0 0 0 0 0 0 0 0 0 0 0 0 0 0 0 0 0 0 0 0 0 0 0 0 0 0 0 0 0 0 0 0 0 0 0 0 0 0 0 0 0 1 0 0 0 0 0 0 0 0]
[5233547765207729509917666014485132175974673299696371361098277786578155052518101193036178993950244488045682044587832868292516145413266505119581076672328359759557162835302348368252046668178091656277526317964793675937267269343954394724486339892324584661327823101934962 0 0 0 0 0 0 0 0 0 0 0 0 0 0 0 0 0 0 0 0 0 0 0 0 0 0 0 0 0 0 0 0 0 0 0 0 0 0 0 0 0 0 0 0 0 0 0 0 0 0 0 0 0 0 0 0 0 0 0 0 0 0 0 0 0 0 0 0 0 0 0 0 0 0 0 0 0 0 0 1 0 0 0 0 0 0 0]
[5433061309757935129432096040526657413261582466680199930158478944092100507565540168917270097168382733784914125155190907591331593697441730108488151963546042785302689220040500763366095282809046623935800561489445807395638810193137212506637589390093704601401361989066234 0 0 0 0 0 0 0 0 0 0 0 0 0 0 0 0 0 0 0 0 0 0 0 0 0 0 0 0 0 0 0 0 0 0 0 0 0 0 0 0 0 0 0 0 0 0 0 0 0 0 0 0 0 0 0 0 0 0 0 0 0 0 0 0 0 0 0 0 0 0 0 0 0 0 0 0 0 0 0 0 1 0 0 0 0 0 0]
[6537461036166599526686646864479717884726494724417789103785428301524599669496359676137191521830797248674042945145795704430148686362081570186174361403969813472389566431513263380275411899756245322290496493422296670362405468500355216299564003464937644931436873183623242 0 0 0 0 0 0 0 0 0 0 0 0 0 0 0 0 0 0 0 0 0 0 0 0 0 0 0 0 0 0 0 0 0 0 0 0 0 0 0 0 0 0 0 0 0 0 0 0 0 0 0 0 0 0 0 0 0 0 0 0 0 0 0 0 0 0 0 0 0 0 0 0 0 0 0 0 0 0 0 0 0 1 0 0 0 0 0]
[1817486228966446342608548974663976234829547930464249020934112567395104583197063245352202369673691601593969128817849204566099509611257592566401616776651375023360738952242543413605673431811737450530402436808567388517423242360740017287629311706667516576049001006788471 0 0 0 0 0 0 0 0 0 0 0 0 0 0 0 0 0 0 0 0 0 0 0 0 0 0 0 0 0 0 0 0 0 0 0 0 0 0 0 0 0 0 0 0 0 0 0 0 0 0 0 0 0 0 0 0 0 0 0 0 0 0 0 0 0 0 0 0 0 0 0 0 0 0 0 0 0 0 0 0 0 0 1 0 0 0 0]
[7139502738423702259049069044579712951137128442167737145792550074210897541056814897518571198619072067046955747269924623746772500036822177703439574355301512289558187171682200590357264477596442804867274204688086005955744881619157955165671428174184884626327910522289336 0 0 0 0 0 0 0 0 0 0 0 0 0 0 0 0 0 0 0 0 0 0 0 0 0 0 0 0 0 0 0 0 0 0 0 0 0 0 0 0 0 0 0 0 0 0 0 0 0 0 0 0 0 0 0 0 0 0 0 0 0 0 0 0 0 0 0 0 0 0 0 0 0 0 0 0 0 0 0 0 0 0 0 1 0 0 0]
[5754129545970315675065691776700140682852203141264616497167181510835480560622204483997835455233162174454535786476039620502205662400053714946606452760131149749928817876647751034654784744079202938875861686650552129160212356066281563522988845438800657940593763217610951 0 0 0 0 0 0 0 0 0 0 0 0 0 0 0 0 0 0 0 0 0 0 0 0 0 0 0 0 0 0 0 0 0 0 0 0 0 0 0 0 0 0 0 0 0 0 0 0 0 0 0 0 0 0 0 0 0 0 0 0 0 0 0 0 0 0 0 0 0 0 0 0 0 0 0 0 0 0 0 0 0 0 0 0 1 0 0]
[587924134370883681414856020374184267483087592375131422685039240850669950089568906653559972946561889836650716121632518453871009649421956653082901433952548163272619135354896688237455417082664028731573513076397085475202864149523335878972236046101257037678996765315207 0 0 0 0 0 0 0 0 0 0 0 0 0 0 0 0 0 0 0 0 0 0 0 0 0 0 0 0 0 0 0 0 0 0 0 0 0 0 0 0 0 0 0 0 0 0 0 0 0 0 0 0 0 0 0 0 0 0 0 0 0 0 0 0 0 0 0 0 0 0 0 0 0 0 0 0 0 0 0 0 0 0 0 0 0 1 0]
[924145853021595572687037075480715291594272224811963417522089586018628234553194371767587179577679025435224737899047199113940920318733071920497283541719729815302123998052989140450587849181767082226413029533169680777738211398024926717023124642969958627938910990192490 0 0 0 0 0 0 0 0 0 0 0 0 0 0 0 0 0 0 0 0 0 0 0 0 0 0 0 0 0 0 0 0 0 0 0 0 0 0 0 0 0 0 0 0 0 0 0 0 0 0 0 0 0 0 0 0 0 0 0 0 0 0 0 0 0 0 0 0 0 0 0 0 0 0 0 0 0 0 0 0 0 0 0 0 0 0 1]
]
