[[7542355101742553976079781292305284255710929747422054161356157304932363201620898425294463623592623226541994670673985920633064351662650155590498350050108938424174696411972186113777580497036246242947683543677809018143938406129463469057832524438342901576121113352180117302741369346638681335107339827043214912526003 0 0 0 0 0 0 0 0 0 0 0 0 0 0 0 0 0 0 0 0 0 0 0 0 0 0 0 0 0 0 0 0 0 0 0 0 0 0 0 0 0 0 0 0 0 0 0 0 0 0 0 0 0 0 0 0 0 0 0 0 0 0 0 0 0 0 0 0 0 0 0 0 0 0 0 0 0 0 0 0 0 0 0 0 0 0 0 0 0 0 0 0 0 0 0 0 0 0 0 0 0 0]
[6996607596457380271504540638209329058587364596487333076078275631746961641422797498847762053448212321606946058944195266391877382797116303265315955543312644749876383112134512716378863221736003919067305963202802286769707418187964732150198761274384147491383371882282038215849402681230059138731623336312615708180024 1 0 0 0 0 0 0 0 0 0 0 0 0 0 0 0 0 0 0 0 0 0 0 0 0 0 0 0 0 0 0 0 0 0 0 0 0 0 0 0 0 0 0 0 0 0 0 0 0 0 0 0 0 0 0 0 0 0 0 0 0 0 0 0 0 0 0 0 0 0 0 0 0 0 0 0 0 0 0 0 0 0 0 0 0 0 0 0 0 0 0 0 0 0 0 0 0 0 0 0 0 0]
[2432241581018882074892757846288715737371868064932178847820221204990685865601041707707303166435035633163997654677605692567290860586186435232342689379674621721598278420882316524473207994351606192157477273311077220289806238909276586749369479411003527892283125006476900713711741612268890878972557096268796913357603 0 1 0 0 0 0 0 0 0 0 0 0 0 0 0 0 0 0 0 0 0 0 0 0 0 0 0 0 0 0 0 0 0 0 0 0 0 0 0 0 0 0 0 0 0 0 0 0 0 0 0 0 0 0 0 0 0 0 0 0 0 0 0 0 0 0 0 0 0 0 0 0 0 0 0 0 0 0 0 0 0 0 0 0 0 0 0 0 0 0 0 0 0 0 0 0 0 0 0 0 0 0]
[5897229313008181947322893821543508127565300358431514460451917140671461017632335541409118540007252888393347239928648057111671457822922582134797391388785453372491500010810768849891944722266217994273984194557881037476012499944559332642000344725663879117145317751591557505824061740540441406637713728824251592349421 0 0 1 0 0 0 0 0 0 0 0 0 0 0 0 0 0 0 0 0 0 0 0 0 0 0 0 0 0 0 0 0 0 0 0 0 0 0 0 0 0 0 0 0 0 0 0 0 0 0 0 0 0 0 0 0 0 0 0 0 0 0 0 0 0 0 0 0 0 0 0 0 0 0 0 0 0 0 0 0 0 0 0 0 0 0 0 0 0 0 0 0 0 0 0 0 0 0 0 0 0 0]
[3056424293744021594406950834288548616785268926274045468616141527179549076482637607508683394782861666734310180557286815274297473175286027383852606204065402822062971946678947635678795501851623985169705704413145543249394336316117077401972089013209123030380891306028936885606848467285467196706394472801966295531415 0 0 0 1 0 0 0 0 0 0 0 0 0 0 0 0 0 0 0 0 0 0 0 0 0 0 0 0 0 0 0 0 0 0 0 0 0 0 0 0 0 0 0 0 0 0 0 0 0 0 0 0 0 0 0 0 0 0 0 0 0 0 0 0 0 0 0 0 0 0 0 0 0 0 0 0 0 0 0 0 0 0 0 0 0 0 0 0 0 0 0 0 0 0 0 0 0 0 0 0 0 0]
[5272599774217615330538347211937684973290677069328912336030526161998179379496984089750301827471786562453543802603120152482113619844787912429212508582782547051392115967263313548517370958423775448110035596848964488960634905302811766641048974204436457538746035869556384552332917653689418685187691119895230595417420 0 0 0 0 1 0 0 0 0 0 0 0 0 0 0 0 0 0 0 0 0 0 0 0 0 0 0 0 0 0 0 0 0 0 0 0 0 0 0 0 0 0 0 0 0 0 0 0 0 0 0 0 0 0 0 0 0 0 0 0 0 0 0 0 0 0 0 0 0 0 0 0 0 0 0 0 0 0 0 0 0 0 0 0 0 0 0 0 0 0 0 0 0 0 0 0 0 0 0 0 0 0]
[3259789756725339303680633090027618817316687231266560660303231808312394624968120275392282743397383317203098939021154251878910144871215375921624491870144050955537021292327630686758966159614542802069087961369310418505860209846593058790803947098909559127060610862680987673426154622500397684125648838246299073848269 0 0 0 0 0 1 0 0 0 0 0 0 0 0 0 0 0 0 0 0 0 0 0 0 0 0 0 0 0 0 0 0 0 0 0 0 0 0 0 0 0 0 0 0 0 0 0 0 0 0 0 0 0 0 0 0 0 0 0 0 0 0 0 0 0 0 0 0 0 0 0 0 0 0 0 0 0 0 0 0 0 0 0 0 0 0 0 0 0 0 0 0 0 0 0 0 0 0 0 0 0 0]
[6313012414235951090443371822165794095942674106480255072147730817652651496698388245072094319769758277134734501430318745129409762551954369445044526603522757320131834997772578576221889022543813318926289416314961272658168572743374508854642203606918315735489169542883619742792674345794877159972629149593724552008719 0 0 0 0 0 0 1 0 0 0 0 0 0 0 0 0 0 0 0 0 0 0 0 0 0 0 0 0 0 0 0 0 0 0 0 0 0 0 0 0 0 0 0 0 0 0 0 0 0 0 0 0 0 0 0 0 0 0 0 0 0 0 0 0 0 0 0 0 0 0 0 0 0 0 0 0 0 0 0 0 0 0 0 0 0 0 0 0 0 0 0 0 0 0 0 0 0 0 0 0 0 0]
[2949977577777028080977032506547605079107818755912593976597953836683437759309342995617487534489961167545708133926217144752079867799685124594012920421651024567662950424604518066894215223049852931122564335432110098506142817102557010692573224285009477936753327899536453297111195875406398631318830832290393758371641 0 0 0 0 0 0 0 1 0 0 0 0 0 0 0 0 0 0 0 0 0 0 0 0 0 0 0 0 0 0 0 0 0 0 0 0 0 0 0 0 0 0 0 0 0 0 0 0 0 0 0 0 0 0 0 0 0 0 0 0 0 0 0 0 0 0 0 0 0 0 0 0 0 0 0 0 0 0 0 0 0 0 0 0 0 0 0 0 0 0 0 0 0 0 0 0 0 0 0 0 0 0]
[7305850122852370707816670162886505833504441547464015336305603657699363684463642216719091895320269540331122633527685916601168653903754616158104156066389535485948758595853375801296591689939268566870806598695316930799075644022794749729667777919162487781738840144671105595039208401839815427724049970316401485893220 0 0 0 0 0 0 0 0 1 0 0 0 0 0 0 0 0 0 0 0 0 0 0 0 0 0 0 0 0 0 0 0 0 0 0 0 0 0 0 0 0 0 0 0 0 0 0 0 0 0 0 0 0 0 0 0 0 0 0 0 0 0 0 0 0 0 0 0 0 0 0 0 0 0 0 0 0 0 0 0 0 0 0 0 0 0 0 0 0 0 0 0 0 0 0 0 0 0 0 0 0 0]
[5293048648497484329936564218481397034910453722052674266685486892656414394438039577612807543260760796753038689061927481040185120531647443973155071870507424260998845186985480801431671258406183436953208007352696989880629801147923219618547021050428178507166253997010820117575363418785945733696089554027154052873502 0 0 0 0 0 0 0 0 0 1 0 0 0 0 0 0 0 0 0 0 0 0 0 0 0 0 0 0 0 0 0 0 0 0 0 0 0 0 0 0 0 0 0 0 0 0 0 0 0 0 0 0 0 0 0 0 0 0 0 0 0 0 0 0 0 0 0 0 0 0 0 0 0 0 0 0 0 0 0 0 0 0 0 0 0 0 0 0 0 0 0 0 0 0 0 0 0 0 0 0 0 0]
[3034003202226367276418108395181639752849676008839696325176760101120751944805833134028441187542657648798005358190523754875171769503644840497864124864280147875901210361930252140702955745866969254131743454886440649533693069975850109018654048969128671933131520263298394556182240120914168797038363426197840299609923 0 0 0 0 0 0 0 0 0 0 1 0 0 0 0 0 0 0 0 0 0 0 0 0 0 0 0 0 0 0 0 0 0 0 0 0 0 0 0 0 0 0 0 0 0 0 0 0 0 0 0 0 0 0 0 0 0 0 0 0 0 0 0 0 0 0 0 0 0 0 0 0 0 0 0 0 0 0 0 0 0 0 0 0 0 0 0 0 0 0 0 0 0 0 0 0 0 0 0 0 0 0]
[6351090711421926988384785032314910152065801972075387844416254092701286368181558099841615681063538070684273813868886634529547169217607419954611777933047170044767910821045869303433530346344647967763776808532160134734895169681181844081835619618222487782932633654269156147026030055660726842432860057832111256630525 0 0 0 0 0 0 0 0 0 0 0 1 0 0 0 0 0 0 0 0 0 0 0 0 0 0 0 0 0 0 0 0 0 0 0 0 0 0 0 0 0 0 0 0 0 0 0 0 0 0 0 0 0 0 0 0 0 0 0 0 0 0 0 0 0 0 0 0 0 0 0 0 0 0 0 0 0 0 0 0 0 0 0 0 0 0 0 0 0 0 0 0 0 0 0 0 0 0 0 0 0 0]
[3954155867005061355322676305028487074926915124391542146264203541524507091537521260923522796943701282546863336176109651554588976632586376358271048185699418843205031939741583070906692741982986344006808882172722218807900139901856201736688804669159614235914614999352831081403146562914029193952263769647998159679663 0 0 0 0 0 0 0 0 0 0 0 0 1 0 0 0 0 0 0 0 0 0 0 0 0 0 0 0 0 0 0 0 0 0 0 0 0 0 0 0 0 0 0 0 0 0 0 0 0 0 0 0 0 0 0 0 0 0 0 0 0 0 0 0 0 0 0 0 0 0 0 0 0 0 0 0 0 0 0 0 0 0 0 0 0 0 0 0 0 0 0 0 0 0 0 0 0 0 0 0 0 0]
[3584743219560686149463187089983186513644235357501192644005083332699802999570649959693655141061388842919869954118094212950131818038014454182403787500557702544997232517365667651380746839674802766001406835394664953863904729194200058525376810987671301884918268398746917177405566314266341958799894470414867981009260 0 0 0 0 0 0 0 0 0 0 0 0 0 1 0 0 0 0 0 0 0 0 0 0 0 0 0 0 0 0 0 0 0 0 0 0 0 0 0 0 0 0 0 0 0 0 0 0 0 0 0 0 0 0 0 0 0 0 0 0 0 0 0 0 0 0 0 0 0 0 0 0 0 0 0 0 0 0 0 0 0 0 0 0 0 0 0 0 0 0 0 0 0 0 0 0 0 0 0 0 0 0]
[2765390313994005824481376635353561647592316494568843231143264564485575075543290594266488765400378099863980740733050793918415025050034443527674651489053624310719808046468342285264677694909084738573159724068336188054374590092810986731846423435655275315763226409725151770161990335230682630732671928146306609448882 0 0 0 0 0 0 0 0 0 0 0 0 0 0 1 0 0 0 0 0 0 0 0 0 0 0 0 0 0 0 0 0 0 0 0 0 0 0 0 0 0 0 0 0 0 0 0 0 0 0 0 0 0 0 0 0 0 0 0 0 0 0 0 0 0 0 0 0 0 0 0 0 0 0 0 0 0 0 0 0 0 0 0 0 0 0 0 0 0 0 0 0 0 0 0 0 0 0 0 0 0 0]
[684103126147152847629523433293269423704472082631046355977845646907010435271449192338949020402893023461719366183448270233248184178136154104451920833659119309504522518762340723305551158449420731472708132216113048072527775383973536033073454997027123469140477189523616270946559083922604192891324576814939959760943 0 0 0 0 0 0 0 0 0 0 0 0 0 0 0 1 0 0 0 0 0 0 0 0 0 0 0 0 0 0 0 0 0 0 0 0 0 0 0 0 0 0 0 0 0 0 0 0 0 0 0 0 0 0 0 0 0 0 0 0 0 0 0 0 0 0 0 0 0 0 0 0 0 0 0 0 0 0 0 0 0 0 0 0 0 0 0 0 0 0 0 0 0 0 0 0 0 0 0 0 0 0]
[7462518988361192570571113971230910559733867544037750951034321888824756792796337585577330424049852282720657192917549787758104527357901401815959780817715574291427476668368061899613694156992885164334312738252709657859924318026850993243269128888474214384477533422818520678532471296316960208393274529134758257493564 0 0 0 0 0 0 0 0 0 0 0 0 0 0 0 0 1 0 0 0 0 0 0 0 0 0 0 0 0 0 0 0 0 0 0 0 0 0 0 0 0 0 0 0 0 0 0 0 0 0 0 0 0 0 0 0 0 0 0 0 0 0 0 0 0 0 0 0 0 0 0 0 0 0 0 0 0 0 0 0 0 0 0 0 0 0 0 0 0 0 0 0 0 0 0 0 0 0 0 0 0 0]
[5948902370070298997023411570066314622626518582584400921937609820246859859874760000419128357570449844072154735387162592295690631368907195910240469809418561111353944384559774667135439258574689731371253693700791655294126880205199891779915522461417912896348342681639454019708332464073444175413672445123800216730072 0 0 0 0 0 0 0 0 0 0 0 0 0 0 0 0 0 1 0 0 0 0 0 0 0 0 0 0 0 0 0 0 0 0 0 0 0 0 0 0 0 0 0 0 0 0 0 0 0 0 0 0 0 0 0 0 0 0 0 0 0 0 0 0 0 0 0 0 0 0 0 0 0 0 0 0 0 0 0 0 0 0 0 0 0 0 0 0 0 0 0 0 0 0 0 0 0 0 0 0 0 0]
[2782294458404682200354586551804716171302410433317363962527266249755986236377300666385811614282014776362925428298278094367337330740494524263258692692946109652144219403906770809074698563309297357941159676562255994868821085388825134307238085789233785123554706417616447381326266088622292362074018825768403936911382 0 0 0 0 0 0 0 0 0 0 0 0 0 0 0 0 0 0 1 0 0 0 0 0 0 0 0 0 0 0 0 0 0 0 0 0 0 0 0 0 0 0 0 0 0 0 0 0 0 0 0 0 0 0 0 0 0 0 0 0 0 0 0 0 0 0 0 0 0 0 0 0 0 0 0 0 0 0 0 0 0 0 0 0 0 0 0 0 0 0 0 0 0 0 0 0 0 0 0 0 0 0]
[6998716948115095711059044834835099074327600782528300853582109488486084324513697325175363352916085865032911138630095097286757714195038415989071710019782637637612446114798050871770979640904965916741667297963709874239773410109862183686269627604916819428253484553868356491509742180504289074891613504402803642772764 0 0 0 0 0 0 0 0 0 0 0 0 0 0 0 0 0 0 0 1 0 0 0 0 0 0 0 0 0 0 0 0 0 0 0 0 0 0 0 0 0 0 0 0 0 0 0 0 0 0 0 0 0 0 0 0 0 0 0 0 0 0 0 0 0 0 0 0 0 0 0 0 0 0 0 0 0 0 0 0 0 0 0 0 0 0 0 0 0 0 0 0 0 0 0 0 0 0 0 0 0 0]
[2177344388153422493116494660011746657895059328970408094847069181176789953604118451075643136116089324536497320121775623694779523579457147761709369887826498092146755780972853490342201521544249971477950434023128640136683931150391104107807343218329133857962725331484652130938808407062663200045834541762621984390448 0 0 0 0 0 0 0 0 0 0 0 0 0 0 0 0 0 0 0 0 1 0 0 0 0 0 0 0 0 0 0 0 0 0 0 0 0 0 0 0 0 0 0 0 0 0 0 0 0 0 0 0 0 0 0 0 0 0 0 0 0 0 0 0 0 0 0 0 0 0 0 0 0 0 0 0 0 0 0 0 0 0 0 0 0 0 0 0 0 0 0 0 0 0 0 0 0 0 0 0 0 0]
[6805981963218011642162695281215701622339239089818275832238662096322836159514798047919943147903077235320874887669854936732189397734807165097602785117013077155540389645833178649680543910041341518002377143199888935350639137397579893126753310650392127199909145433666436236727228036261205859350207407558764870622836 0 0 0 0 0 0 0 0 0 0 0 0 0 0 0 0 0 0 0 0 0 1 0 0 0 0 0 0 0 0 0 0 0 0 0 0 0 0 0 0 0 0 0 0 0 0 0 0 0 0 0 0 0 0 0 0 0 0 0 0 0 0 0 0 0 0 0 0 0 0 0 0 0 0 0 0 0 0 0 0 0 0 0 0 0 0 0 0 0 0 0 0 0 0 0 0 0 0 0 0 0 0]
[1700394179889278803203692113033091568820993917977836994644828431156737963113202680811876154686021652955123426750642778624575454866549069054593292060933360381989131579945112930174480818915239815516000622396007596928808598102344154179661408291790003949432935055299403762175453295565768764498244116763579359190187 0 0 0 0 0 0 0 0 0 0 0 0 0 0 0 0 0 0 0 0 0 0 1 0 0 0 0 0 0 0 0 0 0 0 0 0 0 0 0 0 0 0 0 0 0 0 0 0 0 0 0 0 0 0 0 0 0 0 0 0 0 0 0 0 0 0 0 0 0 0 0 0 0 0 0 0 0 0 0 0 0 0 0 0 0 0 0 0 0 0 0 0 0 0 0 0 0 0 0 0 0 0]
[2805108902150435408327324236463224245116845729087514849631681597814660774568027079500972925515820850778590094427531641854026902436106831552340128591228248627606375930258629464986875733382192793887007603455043489504976794635070146652634753527836293530050356070848183601501950970227330738029957014134477800521710 0 0 0 0 0 0 0 0 0 0 0 0 0 0 0 0 0 0 0 0 0 0 0 1 0 0 0 0 0 0 0 0 0 0 0 0 0 0 0 0 0 0 0 0 0 0 0 0 0 0 0 0 0 0 0 0 0 0 0 0 0 0 0 0 0 0 0 0 0 0 0 0 0 0 0 0 0 0 0 0 0 0 0 0 0 0 0 0 0 0 0 0 0 0 0 0 0 0 0 0 0 0]
[7353901268450185649950193707483728545905431173951971094721779054814462742299525013342951508868958186419000816167833464778625777479317779441418362570707594501784878905995404052971399057910182220815162422215448102003458983390244599409976000013871314925155402658065856074338411042933196177488046309090060813791730 0 0 0 0 0 0 0 0 0 0 0 0 0 0 0 0 0 0 0 0 0 0 0 0 1 0 0 0 0 0 0 0 0 0 0 0 0 0 0 0 0 0 0 0 0 0 0 0 0 0 0 0 0 0 0 0 0 0 0 0 0 0 0 0 0 0 0 0 0 0 0 0 0 0 0 0 0 0 0 0 0 0 0 0 0 0 0 0 0 0 0 0 0 0 0 0 0 0 0 0 0 0]
[3969521232715953948989831859430197146573898494845283618882180245427082386772284686598091041319833398773989211106540874555226429124028469257698200705439137819122393251803822449358036650005274838770767159214521355680836550697724127155707825471339668185922013202896438642006992378071015495857474963442100315022736 0 0 0 0 0 0 0 0 0 0 0 0 0 0 0 0 0 0 0 0 0 0 0 0 0 1 0 0 0 0 0 0 0 0 0 0 0 0 0 0 0 0 0 0 0 0 0 0 0 0 0 0 0 0 0 0 0 0 0 0 0 0 0 0 0 0 0 0 0 0 0 0 0 0 0 0 0 0 0 0 0 0 0 0 0 0 0 0 0 0 0 0 0 0 0 0 0 0 0 0 0 0]
[2276824505004504935251641467184706932252951056652620448150699007526430275783997958005121445625694425091013526870393851893039196761725559688089105016862224252311286292002984737363940651787664848642658136715490867789012339921558518892316083491165574439676156669421766509665145531113369087617937572528811424642389 0 0 0 0 0 0 0 0 0 0 0 0 0 0 0 0 0 0 0 0 0 0 0 0 0 0 1 0 0 0 0 0 0 0 0 0 0 0 0 0 0 0 0 0 0 0 0 0 0 0 0 0 0 0 0 0 0 0 0 0 0 0 0 0 0 0 0 0 0 0 0 0 0 0 0 0 0 0 0 0 0 0 0 0 0 0 0 0 0 0 0 0 0 0 0 0 0 0 0 0 0 0]
[4951850683929612639018500877301079286215372869455599813723406760685895976124154347533986904965044502586972065872506736333393687066428500066535458617661401597563731074450282839700502387370774162535324383293848683733968958968221619638734645512591992768491393218943827567607151608340301092124250192745065923041826 0 0 0 0 0 0 0 0 0 0 0 0 0 0 0 0 0 0 0 0 0 0 0 0 0 0 0 1 0 0 0 0 0 0 0 0 0 0 0 0 0 0 0 0 0 0 0 0 0 0 0 0 0 0 0 0 0 0 0 0 0 0 0 0 0 0 0 0 0 0 0 0 0 0 0 0 0 0 0 0 0 0 0 0 0 0 0 0 0 0 0 0 0 0 0 0 0 0 0 0 0 0]
[207317355736451804716367799614754882376675718403002143847739201515402795695480320050323627971034128739886999278768987234771420554102550812462307147546103754457031981646754693602757426710659864993081733037510791255040382828986681837366432577287980522518638739954604724932235550773047858050545615515986843231318 0 0 0 0 0 0 0 0 0 0 0 0 0 0 0 0 0 0 0 0 0 0 0 0 0 0 0 0 1 0 0 0 0 0 0 0 0 0 0 0 0 0 0 0 0 0 0 0 0 0 0 0 0 0 0 0 0 0 0 0 0 0 0 0 0 0 0 0 0 0 0 0 0 0 0 0 0 0 0 0 0 0 0 0 0 0 0 0 0 0 0 0 0 0 0 0 0 0 0 0 0 0]
[4507240953617337514691794445270293641635902222102015967622099408209993379010580437149945209199674859216715737973942633138631504367112825384692802782217600576736580658502377985910767160489787347389688839262763018071697264131056920805628451931018078772075660813385951895982736655745883073038459035848151742462384 0 0 0 0 0 0 0 0 0 0 0 0 0 0 0 0 0 0 0 0 0 0 0 0 0 0 0 0 0 1 0 0 0 0 0 0 0 0 0 0 0 0 0 0 0 0 0 0 0 0 0 0 0 0 0 0 0 0 0 0 0 0 0 0 0 0 0 0 0 0 0 0 0 0 0 0 0 0 0 0 0 0 0 0 0 0 0 0 0 0 0 0 0 0 0 0 0 0 0 0 0 0]
[1869420257972752690410604588550361564918554510653883689058085765725479011720512061737185192826010609298269445668661355100992944792377716997374905050747638587640355471334083938671185204893555941602318639539196971521477938010300194906485338090398600977791725609639868295345034132011656046002200161578989772627045 0 0 0 0 0 0 0 0 0 0 0 0 0 0 0 0 0 0 0 0 0 0 0 0 0 0 0 0 0 0 1 0 0 0 0 0 0 0 0 0 0 0 0 0 0 0 0 0 0 0 0 0 0 0 0 0 0 0 0 0 0 0 0 0 0 0 0 0 0 0 0 0 0 0 0 0 0 0 0 0 0 0 0 0 0 0 0 0 0 0 0 0 0 0 0 0 0 0 0 0 0 0]
[2058629225803796534062112987913420185889970568620959696453828216037089993301560420958042603437725674542869737086226358155380173726591600009578525410581494171793439003868107135747723908547581314852501061321521459517196080386256477468952661873920131360972603619011636013201069771009960017868364062035998468546958 0 0 0 0 0 0 0 0 0 0 0 0 0 0 0 0 0 0 0 0 0 0 0 0 0 0 0 0 0 0 0 1 0 0 0 0 0 0 0 0 0 0 0 0 0 0 0 0 0 0 0 0 0 0 0 0 0 0 0 0 0 0 0 0 0 0 0 0 0 0 0 0 0 0 0 0 0 0 0 0 0 0 0 0 0 0 0 0 0 0 0 0 0 0 0 0 0 0 0 0 0 0]
[6011317548550454490549477041077564892006800243325368028100187909819236225871840293478804209302524019214658729465033737397665431675852148990648122043278296812358807913207639096292201459847147127457107064702061345862386918745836991604123914082168328802977758794584977290984225718176576389502916091880927118764890 0 0 0 0 0 0 0 0 0 0 0 0 0 0 0 0 0 0 0 0 0 0 0 0 0 0 0 0 0 0 0 0 1 0 0 0 0 0 0 0 0 0 0 0 0 0 0 0 0 0 0 0 0 0 0 0 0 0 0 0 0 0 0 0 0 0 0 0 0 0 0 0 0 0 0 0 0 0 0 0 0 0 0 0 0 0 0 0 0 0 0 0 0 0 0 0 0 0 0 0 0 0]
[635506706405966438216962186637360051365963472419586658534789102998406478623599724665952354840758553820624067039918285437478199806931930136124524800050491014623980604317704481237081098534743722387263386763037875896961196014984082776100022225973932137939547403430176392576643631864680999526044223878506301312919 0 0 0 0 0 0 0 0 0 0 0 0 0 0 0 0 0 0 0 0 0 0 0 0 0 0 0 0 0 0 0 0 0 1 0 0 0 0 0 0 0 0 0 0 0 0 0 0 0 0 0 0 0 0 0 0 0 0 0 0 0 0 0 0 0 0 0 0 0 0 0 0 0 0 0 0 0 0 0 0 0 0 0 0 0 0 0 0 0 0 0 0 0 0 0 0 0 0 0 0 0 0]
[3727247799198177963501833885736180220862762709147935097475342293747327632339829190774714861421275653553531152924088714098077084323061871595607894561917081519361309124032393798622818110140105939510619842811610707403911550376911333093755864605154963103499970786119038061742168334846437265684277877833895605772453 0 0 0 0 0 0 0 0 0 0 0 0 0 0 0 0 0 0 0 0 0 0 0 0 0 0 0 0 0 0 0 0 0 0 1 0 0 0 0 0 0 0 0 0 0 0 0 0 0 0 0 0 0 0 0 0 0 0 0 0 0 0 0 0 0 0 0 0 0 0 0 0 0 0 0 0 0 0 0 0 0 0 0 0 0 0 0 0 0 0 0 0 0 0 0 0 0 0 0 0 0 0]
[6712731488684721826645984070953628747885144831722930254101499030916071077391294049200748944831518290360017931609725419399696679748672850453206471678754720061159343570486348272553361125346180382854790828530364944194341942230513655490975820622663717893785265716765597036884308160468210345156820525537881939449012 0 0 0 0 0 0 0 0 0 0 0 0 0 0 0 0 0 0 0 0 0 0 0 0 0 0 0 0 0 0 0 0 0 0 0 1 0 0 0 0 0 0 0 0 0 0 0 0 0 0 0 0 0 0 0 0 0 0 0 0 0 0 0 0 0 0 0 0 0 0 0 0 0 0 0 0 0 0 0 0 0 0 0 0 0 0 0 0 0 0 0 0 0 0 0 0 0 0 0 0 0 0]
[5786086473278947205992360157545684367807594244175727794047225053748069160594364652034375158182980815276705435924742279565914625410462743313632526164534058091749714194676345183824258058371407573212576346024383620913543009042952514990206422436050514148205909150037046989103671809851426529979999985066257084750847 0 0 0 0 0 0 0 0 0 0 0 0 0 0 0 0 0 0 0 0 0 0 0 0 0 0 0 0 0 0 0 0 0 0 0 0 1 0 0 0 0 0 0 0 0 0 0 0 0 0 0 0 0 0 0 0 0 0 0 0 0 0 0 0 0 0 0 0 0 0 0 0 0 0 0 0 0 0 0 0 0 0 0 0 0 0 0 0 0 0 0 0 0 0 0 0 0 0 0 0 0 0]
[6094263052475184240854594285492040287396728574078897376963795840401638069721457205544961130866172712423986002722978848085399341617728277697077086324663984131048338349933180529831938485896361608924665368885899582237166826518839703791677532639785596402645340897047820139255865824903056061788821537268932258943854 0 0 0 0 0 0 0 0 0 0 0 0 0 0 0 0 0 0 0 0 0 0 0 0 0 0 0 0 0 0 0 0 0 0 0 0 0 1 0 0 0 0 0 0 0 0 0 0 0 0 0 0 0 0 0 0 0 0 0 0 0 0 0 0 0 0 0 0 0 0 0 0 0 0 0 0 0 0 0 0 0 0 0 0 0 0 0 0 0 0 0 0 0 0 0 0 0 0 0 0 0 0]
[1312536507292195636799858274949074862429840775280037548299892045959969889400418105932983902960685671692965913783570837774817625122881092750210415934352665772070974386442322539271236241445506477731665647856812738424249654416567078531771693411210751363422514753433822560791667238982637014382365706835815058066744 0 0 0 0 0 0 0 0 0 0 0 0 0 0 0 0 0 0 0 0 0 0 0 0 0 0 0 0 0 0 0 0 0 0 0 0 0 0 1 0 0 0 0 0 0 0 0 0 0 0 0 0 0 0 0 0 0 0 0 0 0 0 0 0 0 0 0 0 0 0 0 0 0 0 0 0 0 0 0 0 0 0 0 0 0 0 0 0 0 0 0 0 0 0 0 0 0 0 0 0 0 0]
[4197989697813227417197623022767825375366892443439643124837350437457837603349248883283013972930337360288971344946462779249229914083327573560198927957582580548673378279373612431996015773326840704629938692475611310944821423190079904972253009778030094255294569061592300345620176162288656158376797304563772111240673 0 0 0 0 0 0 0 0 0 0 0 0 0 0 0 0 0 0 0 0 0 0 0 0 0 0 0 0 0 0 0 0 0 0 0 0 0 0 0 1 0 0 0 0 0 0 0 0 0 0 0 0 0 0 0 0 0 0 0 0 0 0 0 0 0 0 0 0 0 0 0 0 0 0 0 0 0 0 0 0 0 0 0 0 0 0 0 0 0 0 0 0 0 0 0 0 0 0 0 0 0 0]
[6281561165703532344928597928701569341335401902700271622044531777841643842948897202424909101577686187241004816334528578957551200527416128488466548245641805012912203785239534968286293845808671495621539411303932430150235862969437908709241922662645720472268263391516994468518491511702001920502854170777518071917153 0 0 0 0 0 0 0 0 0 0 0 0 0 0 0 0 0 0 0 0 0 0 0 0 0 0 0 0 0 0 0 0 0 0 0 0 0 0 0 0 1 0 0 0 0 0 0 0 0 0 0 0 0 0 0 0 0 0 0 0 0 0 0 0 0 0 0 0 0 0 0 0 0 0 0 0 0 0 0 0 0 0 0 0 0 0 0 0 0 0 0 0 0 0 0 0 0 0 0 0 0 0]
[2175573849149124991421664734781626565946746985777285780215135463352546140729881340783996404368499306183204464688932327810196458511023930654751428194344825765327058804751358786703626148613471659397564312509764210474736232739483372300670962179298537167388602868143357691336420418453086234978207050744630789651658 0 0 0 0 0 0 0 0 0 0 0 0 0 0 0 0 0 0 0 0 0 0 0 0 0 0 0 0 0 0 0 0 0 0 0 0 0 0 0 0 0 1 0 0 0 0 0 0 0 0 0 0 0 0 0 0 0 0 0 0 0 0 0 0 0 0 0 0 0 0 0 0 0 0 0 0 0 0 0 0 0 0 0 0 0 0 0 0 0 0 0 0 0 0 0 0 0 0 0 0 0 0]
[3839793011269067448721681131283568745139377069894245731655177485570613824723867706762273639969883330497625485502899324736004200653791399724472959409841439819317772563439687570016523791824245709052952908193387755999795917286058733948518566631451656844837954375392195867185854524759997329718145787804239699286495 0 0 0 0 0 0 0 0 0 0 0 0 0 0 0 0 0 0 0 0 0 0 0 0 0 0 0 0 0 0 0 0 0 0 0 0 0 0 0 0 0 0 1 0 0 0 0 0 0 0 0 0 0 0 0 0 0 0 0 0 0 0 0 0 0 0 0 0 0 0 0 0 0 0 0 0 0 0 0 0 0 0 0 0 0 0 0 0 0 0 0 0 0 0 0 0 0 0 0 0 0 0]
[5635994419781494696400010168617416523661883469173902665574442012119971305308004709111613194771719188057207146542503377442010932762619470629632290155553997089317949550008844385205841259424416771069251577799071813506233355839200625192242205496441224560614810804891507036610047829463138442711336687809802122988071 0 0 0 0 0 0 0 0 0 0 0 0 0 0 0 0 0 0 0 0 0 0 0 0 0 0 0 0 0 0 0 0 0 0 0 0 0 0 0 0 0 0 0 1 0 0 0 0 0 0 0 0 0 0 0 0 0 0 0 0 0 0 0 0 0 0 0 0 0 0 0 0 0 0 0 0 0 0 0 0 0 0 0 0 0 0 0 0 0 0 0 0 0 0 0 0 0 0 0 0 0 0]
[4901500904401289565168519686325166658892216204718378187582089121193698849627490230959949084444980529222161909718451133874327966104982219307295179939055538381360048618102807040819086968470343375109862535467682867008134891903125567326291924287946857735370103305932625984139144438944753726366705794403122156653821 0 0 0 0 0 0 0 0 0 0 0 0 0 0 0 0 0 0 0 0 0 0 0 0 0 0 0 0 0 0 0 0 0 0 0 0 0 0 0 0 0 0 0 0 1 0 0 0 0 0 0 0 0 0 0 0 0 0 0 0 0 0 0 0 0 0 0 0 0 0 0 0 0 0 0 0 0 0 0 0 0 0 0 0 0 0 0 0 0 0 0 0 0 0 0 0 0 0 0 0 0 0]
[666168462681132579243564881730404557595124199536637735548975168947246822094292038778374152239573414087219380853430091002832203459401165950285067010336828344250580208802631609994243361159430943249370763273744318211872345544336600603188602394562558373029110330044514888691134001338985429151959697931473071411068 0 0 0 0 0 0 0 0 0 0 0 0 0 0 0 0 0 0 0 0 0 0 0 0 0 0 0 0 0 0 0 0 0 0 0 0 0 0 0 0 0 0 0 0 0 1 0 0 0 0 0 0 0 0 0 0 0 0 0 0 0 0 0 0 0 0 0 0 0 0 0 0 0 0 0 0 0 0 0 0 0 0 0 0 0 0 0 0 0 0 0 0 0 0 0 0 0 0 0 0 0 0]
[7515138480993358533278765215585240606528687423352357051270368378761340453286274605307223572065259391532772245537829254786353681454378760661878198107931527184411800672921616623321729991407958057523342317243690898357964763814819040532819375842928036671975535894938618307406749412615538066991169021930136459564060 0 0 0 0 0 0 0 0 0 0 0 0 0 0 0 0 0 0 0 0 0 0 0 0 0 0 0 0 0 0 0 0 0 0 0 0 0 0 0 0 0 0 0 0 0 0 1 0 0 0 0 0 0 0 0 0 0 0 0 0 0 0 0 0 0 0 0 0 0 0 0 0 0 0 0 0 0 0 0 0 0 0 0 0 0 0 0 0 0 0 0 0 0 0 0 0 0 0 0 0 0 0]
[3118063657909316298164720113359512666524600848318408019555235250942499203863790596391348053355884327081798089818839729013869507117976639771235378485219743291023545712116728513822418658299559495744444861108116854261970498847492523691224948736720065846694872964927238792120071580712842356333183600781073012364352 0 0 0 0 0 0 0 0 0 0 0 0 0 0 0 0 0 0 0 0 0 0 0 0 0 0 0 0 0 0 0 0 0 0 0 0 0 0 0 0 0 0 0 0 0 0 0 1 0 0 0 0 0 0 0 0 0 0 0 0 0 0 0 0 0 0 0 0 0 0 0 0 0 0 0 0 0 0 0 0 0 0 0 0 0 0 0 0 0 0 0 0 0 0 0 0 0 0 0 0 0 0]
[958906546780730275881114235046602836660116999425560766820747905004939980535375264801461565505202274377229262864839346581583872100943492735720903933029452158357368721915497636741650256183720599221389377473847458896901798106401559981194814498085782753435839892651723479295048458165085524633588573634740667656099 0 0 0 0 0 0 0 0 0 0 0 0 0 0 0 0 0 0 0 0 0 0 0 0 0 0 0 0 0 0 0 0 0 0 0 0 0 0 0 0 0 0 0 0 0 0 0 0 1 0 0 0 0 0 0 0 0 0 0 0 0 0 0 0 0 0 0 0 0 0 0 0 0 0 0 0 0 0 0 0 0 0 0 0 0 0 0 0 0 0 0 0 0 0 0 0 0 0 0 0 0 0]
[204164075296722635275680024373718662081882341487416049833754356167121371833498055351794704091417965878834371285822370883851255567058366020761404483139924468796063911328597700601790950425379282241029660515296543268063523847347413625801044059258294173291499296666937121048323384994055132027495866635840069534483 0 0 0 0 0 0 0 0 0 0 0 0 0 0 0 0 0 0 0 0 0 0 0 0 0 0 0 0 0 0 0 0 0 0 0 0 0 0 0 0 0 0 0 0 0 0 0 0 0 1 0 0 0 0 0 0 0 0 0 0 0 0 0 0 0 0 0 0 0 0 0 0 0 0 0 0 0 0 0 0 0 0 0 0 0 0 0 0 0 0 0 0 0 0 0 0 0 0 0 0 0 0]
[4134718957683020590936758719499448121752990775024939088266222204289259866069657964237831070065054666753287633149619377731451018052994003172663053683420331355010528533374136201538109619352342656965901308480377188626945343093330516827696551091105640610630103011949115870164168478013371425956017301936796893684442 0 0 0 0 0 0 0 0 0 0 0 0 0 0 0 0 0 0 0 0 0 0 0 0 0 0 0 0 0 0 0 0 0 0 0 0 0 0 0 0 0 0 0 0 0 0 0 0 0 0 1 0 0 0 0 0 0 0 0 0 0 0 0 0 0 0 0 0 0 0 0 0 0 0 0 0 0 0 0 0 0 0 0 0 0 0 0 0 0 0 0 0 0 0 0 0 0 0 0 0 0 0]
[6244265252107836499842064860479363076413360887342106705230263410056324598595076959240334487792289411636817166847043759095764144201711602972598238886479018542343764164583408135029357531075946374387030149963730261423097542951794128503950340174710426661696384631663959824158141300351316898854336236274537075871627 0 0 0 0 0 0 0 0 0 0 0 0 0 0 0 0 0 0 0 0 0 0 0 0 0 0 0 0 0 0 0 0 0 0 0 0 0 0 0 0 0 0 0 0 0 0 0 0 0 0 0 1 0 0 0 0 0 0 0 0 0 0 0 0 0 0 0 0 0 0 0 0 0 0 0 0 0 0 0 0 0 0 0 0 0 0 0 0 0 0 0 0 0 0 0 0 0 0 0 0 0 0]
[2550814269421970358820971068798811687256217350554326817474171140230942560682504824882952542604280359144875248481043327732902857189512483540269231680950759530766496471384841092048244718451749666415235776486526625904283672474675242686746092229347765718071926625871917114012059736335347254814797545213284645547455 0 0 0 0 0 0 0 0 0 0 0 0 0 0 0 0 0 0 0 0 0 0 0 0 0 0 0 0 0 0 0 0 0 0 0 0 0 0 0 0 0 0 0 0 0 0 0 0 0 0 0 0 1 0 0 0 0 0 0 0 0 0 0 0 0 0 0 0 0 0 0 0 0 0 0 0 0 0 0 0 0 0 0 0 0 0 0 0 0 0 0 0 0 0 0 0 0 0 0 0 0 0]
[7313920905646020551046091000432826201633068757465886791849892472287981338715001674957911101389082812778437166787220736113393060352831276770368978022473282905360671422195664845977581883687434537748499145531829565400142185368700076571485661286019935416852321630398192908388685424162333658428605218893958332141500 0 0 0 0 0 0 0 0 0 0 0 0 0 0 0 0 0 0 0 0 0 0 0 0 0 0 0 0 0 0 0 0 0 0 0 0 0 0 0 0 0 0 0 0 0 0 0 0 0 0 0 0 0 1 0 0 0 0 0 0 0 0 0 0 0 0 0 0 0 0 0 0 0 0 0 0 0 0 0 0 0 0 0 0 0 0 0 0 0 0 0 0 0 0 0 0 0 0 0 0 0 0]
[5161886837889036586865760473367893668006895698824458545379065169289297777031717447300674797494880099802363145865633310689503948765977597815653926489648544937227341588374893416336616011144039459488015044308264329173983956396681550805880142548281322637511989530258925648946360752522296219018734890343490664494375 0 0 0 0 0 0 0 0 0 0 0 0 0 0 0 0 0 0 0 0 0 0 0 0 0 0 0 0 0 0 0 0 0 0 0 0 0 0 0 0 0 0 0 0 0 0 0 0 0 0 0 0 0 0 1 0 0 0 0 0 0 0 0 0 0 0 0 0 0 0 0 0 0 0 0 0 0 0 0 0 0 0 0 0 0 0 0 0 0 0 0 0 0 0 0 0 0 0 0 0 0 0]
[6710177250079529478818279505453611166341389331489805278410247868808607422823305935267995726664571846991251740874087214495045130472232576601468204201707915222181515424208923387696840545540883843422997940507109060691492531951304778215522947157975863010521986700035937015692551006534339509270255591388970159627862 0 0 0 0 0 0 0 0 0 0 0 0 0 0 0 0 0 0 0 0 0 0 0 0 0 0 0 0 0 0 0 0 0 0 0 0 0 0 0 0 0 0 0 0 0 0 0 0 0 0 0 0 0 0 0 1 0 0 0 0 0 0 0 0 0 0 0 0 0 0 0 0 0 0 0 0 0 0 0 0 0 0 0 0 0 0 0 0 0 0 0 0 0 0 0 0 0 0 0 0 0 0]
[1611965802126060266828483675946382167253836755545854523741372719638126605602469866430945880036693618803017377939101663108616484933673915864765942277049056966464412032436091274586006935309132585033188352943726026886863166875572786450293779892646324496432893482253397351403306527089610455774996354480616731313719 0 0 0 0 0 0 0 0 0 0 0 0 0 0 0 0 0 0 0 0 0 0 0 0 0 0 0 0 0 0 0 0 0 0 0 0 0 0 0 0 0 0 0 0 0 0 0 0 0 0 0 0 0 0 0 0 1 0 0 0 0 0 0 0 0 0 0 0 0 0 0 0 0 0 0 0 0 0 0 0 0 0 0 0 0 0 0 0 0 0 0 0 0 0 0 0 0 0 0 0 0 0]
[4882622237033480676886640210791448259973000986161200610230965804661884055069873187267357191969286375755940729989901504404458050868203602432007371016490819497426488174870604382597356251548109796942561317376736919547003550603982915789302513218296286974752045853191868054067281481995085187353637722901999005947361 0 0 0 0 0 0 0 0 0 0 0 0 0 0 0 0 0 0 0 0 0 0 0 0 0 0 0 0 0 0 0 0 0 0 0 0 0 0 0 0 0 0 0 0 0 0 0 0 0 0 0 0 0 0 0 0 0 1 0 0 0 0 0 0 0 0 0 0 0 0 0 0 0 0 0 0 0 0 0 0 0 0 0 0 0 0 0 0 0 0 0 0 0 0 0 0 0 0 0 0 0 0]
[2439740332378478142682512753435901168918358918667029051029130312049162339300000130092180410583950448426722782057110990044061378951853129414843176600790644450702178671246325436010142639516439973547938308263637281552315573129394264180314519861674880669672909324725885972478268280341257189492444248726303260821300 0 0 0 0 0 0 0 0 0 0 0 0 0 0 0 0 0 0 0 0 0 0 0 0 0 0 0 0 0 0 0 0 0 0 0 0 0 0 0 0 0 0 0 0 0 0 0 0 0 0 0 0 0 0 0 0 0 0 1 0 0 0 0 0 0 0 0 0 0 0 0 0 0 0 0 0 0 0 0 0 0 0 0 0 0 0 0 0 0 0 0 0 0 0 0 0 0 0 0 0 0 0]
[4008531047940270412425996775133535842942111548196984113018834209857267330474367248866494993166538361819199081480372527366707475389169859718766016939585480864317394913291541604051671535329117470302709996329964118999012144050639918256558651661998302780920945182770550600047011021207552347531084763881456516562002 0 0 0 0 0 0 0 0 0 0 0 0 0 0 0 0 0 0 0 0 0 0 0 0 0 0 0 0 0 0 0 0 0 0 0 0 0 0 0 0 0 0 0 0 0 0 0 0 0 0 0 0 0 0 0 0 0 0 0 1 0 0 0 0 0 0 0 0 0 0 0 0 0 0 0 0 0 0 0 0 0 0 0 0 0 0 0 0 0 0 0 0 0 0 0 0 0 0 0 0 0 0]
[3527500561158673853424198027797783719818298971335611761263412569007389602631782335740419557360505840418124160526531010361185070873604479897213738619836831397304089088998941305998847245636074042454529435573902155082137998601130512322714735279685076698952931129752468477635121240173591188479087151765463201594479 0 0 0 0 0 0 0 0 0 0 0 0 0 0 0 0 0 0 0 0 0 0 0 0 0 0 0 0 0 0 0 0 0 0 0 0 0 0 0 0 0 0 0 0 0 0 0 0 0 0 0 0 0 0 0 0 0 0 0 0 1 0 0 0 0 0 0 0 0 0 0 0 0 0 0 0 0 0 0 0 0 0 0 0 0 0 0 0 0 0 0 0 0 0 0 0 0 0 0 0 0 0]
[2967009220827930495401142373802168548340376239562797415196609943546072911969786623135892627049204680568929786569940893884624511437411052086162560260475696309369331987198874545314495054750070262315394274644955533042637816000598350075201345516419542618183695846914008168093046649432720997470408134454364807834118 0 0 0 0 0 0 0 0 0 0 0 0 0 0 0 0 0 0 0 0 0 0 0 0 0 0 0 0 0 0 0 0 0 0 0 0 0 0 0 0 0 0 0 0 0 0 0 0 0 0 0 0 0 0 0 0 0 0 0 0 0 1 0 0 0 0 0 0 0 0 0 0 0 0 0 0 0 0 0 0 0 0 0 0 0 0 0 0 0 0 0 0 0 0 0 0 0 0 0 0 0 0]
[6771872219959008128044904632541376292913896561134387492797326488334037864948776432725497156639961903328508606839739909534482991495131666358516901341447553613288446116831330876071176942953398859808213665650790428147695310723011436124366855495265383309028128894752110577635609844429660331036910004874927331672251 0 0 0 0 0 0 0 0 0 0 0 0 0 0 0 0 0 0 0 0 0 0 0 0 0 0 0 0 0 0 0 0 0 0 0 0 0 0 0 0 0 0 0 0 0 0 0 0 0 0 0 0 0 0 0 0 0 0 0 0 0 0 1 0 0 0 0 0 0 0 0 0 0 0 0 0 0 0 0 0 0 0 0 0 0 0 0 0 0 0 0 0 0 0 0 0 0 0 0 0 0 0]
[424699998718316247080492937658187871551029395685367177835582271875537369978330045365250760686170892847081899626440047480267574104980451878513146777137924203344952327053558473381361436537889649248602847597081572631127163162576881718879861306435637127055936620609350234539850645218850403764072204954206216792089 0 0 0 0 0 0 0 0 0 0 0 0 0 0 0 0 0 0 0 0 0 0 0 0 0 0 0 0 0 0 0 0 0 0 0 0 0 0 0 0 0 0 0 0 0 0 0 0 0 0 0 0 0 0 0 0 0 0 0 0 0 0 0 1 0 0 0 0 0 0 0 0 0 0 0 0 0 0 0 0 0 0 0 0 0 0 0 0 0 0 0 0 0 0 0 0 0 0 0 0 0 0]
[3023652502326089358010135329540783709883463224972521701504735653609753603905256022814348520068056253076948808506539405062694460246329193379126311261253846193884472102598592537408522250891811652869732511134388872529612117829108987568897441038393177923006570860073658461765901471784064499604855716544868914566669 0 0 0 0 0 0 0 0 0 0 0 0 0 0 0 0 0 0 0 0 0 0 0 0 0 0 0 0 0 0 0 0 0 0 0 0 0 0 0 0 0 0 0 0 0 0 0 0 0 0 0 0 0 0 0 0 0 0 0 0 0 0 0 0 1 0 0 0 0 0 0 0 0 0 0 0 0 0 0 0 0 0 0 0 0 0 0 0 0 0 0 0 0 0 0 0 0 0 0 0 0 0]
[7267677965694311147378509819438631910461026850443418859042370759471841526541769455065673439790468465452643223273798162640352895942123808776884237957554570854508616689576476933399081589973558755646647066560602390845002165845677669255888811426904281975911881859027594558556406096791563990030333361506477454825133 0 0 0 0 0 0 0 0 0 0 0 0 0 0 0 0 0 0 0 0 0 0 0 0 0 0 0 0 0 0 0 0 0 0 0 0 0 0 0 0 0 0 0 0 0 0 0 0 0 0 0 0 0 0 0 0 0 0 0 0 0 0 0 0 0 1 0 0 0 0 0 0 0 0 0 0 0 0 0 0 0 0 0 0 0 0 0 0 0 0 0 0 0 0 0 0 0 0 0 0 0 0]
[519840962263706343043753820302396323601669177047591693380251504618148876072354588903773430024333474668144734402578831838131907687102579798933293102656430171446984782163070556206569618039756410458365673164431410893773382059377411344225528457828121462135440013063254324237165319050650980825331443205581831526299 0 0 0 0 0 0 0 0 0 0 0 0 0 0 0 0 0 0 0 0 0 0 0 0 0 0 0 0 0 0 0 0 0 0 0 0 0 0 0 0 0 0 0 0 0 0 0 0 0 0 0 0 0 0 0 0 0 0 0 0 0 0 0 0 0 0 1 0 0 0 0 0 0 0 0 0 0 0 0 0 0 0 0 0 0 0 0 0 0 0 0 0 0 0 0 0 0 0 0 0 0 0]
[5073416027459350356287881155517742274632124582949345524663720692452152463679230689944863422898880310072017984222651499730292261606793037043909279019250948117977203758565986495368002250640301380504229222096251319784325938324615261749810044538919536090756217931257540143227415498313802701351232129766717260026283 0 0 0 0 0 0 0 0 0 0 0 0 0 0 0 0 0 0 0 0 0 0 0 0 0 0 0 0 0 0 0 0 0 0 0 0 0 0 0 0 0 0 0 0 0 0 0 0 0 0 0 0 0 0 0 0 0 0 0 0 0 0 0 0 0 0 0 1 0 0 0 0 0 0 0 0 0 0 0 0 0 0 0 0 0 0 0 0 0 0 0 0 0 0 0 0 0 0 0 0 0 0]
[7529562941802814258290067842388001057389572871429654030595245522764041086576670710772997303545921106377941725759688008787132856619979960691177025494023733892910204496775215400865613139791693038345189913043648197577175433003976000395408542773978878497653991162156406518898102816616040877147090465950687886270280 0 0 0 0 0 0 0 0 0 0 0 0 0 0 0 0 0 0 0 0 0 0 0 0 0 0 0 0 0 0 0 0 0 0 0 0 0 0 0 0 0 0 0 0 0 0 0 0 0 0 0 0 0 0 0 0 0 0 0 0 0 0 0 0 0 0 0 0 1 0 0 0 0 0 0 0 0 0 0 0 0 0 0 0 0 0 0 0 0 0 0 0 0 0 0 0 0 0 0 0 0 0]
[760498735372125739016262986455035902622664885330071810904093049876256940804884955467899787332755917982464228794758283079699983834786932849459298025546493885667158017112577281878085399129915058144691151966502901923345208890071647586990471339562786264175909083673766133105445080182898491197015913142802861669675 0 0 0 0 0 0 0 0 0 0 0 0 0 0 0 0 0 0 0 0 0 0 0 0 0 0 0 0 0 0 0 0 0 0 0 0 0 0 0 0 0 0 0 0 0 0 0 0 0 0 0 0 0 0 0 0 0 0 0 0 0 0 0 0 0 0 0 0 0 1 0 0 0 0 0 0 0 0 0 0 0 0 0 0 0 0 0 0 0 0 0 0 0 0 0 0 0 0 0 0 0 0]
[4745267224273634168986702667014133694317839530664905757198289696583569296372160590282052483855466485332717138558245551046732774117301851921094839287611435542625720240063793843672651904032445715941031551796542365096830863262356911022940543037023074021402077347540628309259072013846765782406188314700977238974320 0 0 0 0 0 0 0 0 0 0 0 0 0 0 0 0 0 0 0 0 0 0 0 0 0 0 0 0 0 0 0 0 0 0 0 0 0 0 0 0 0 0 0 0 0 0 0 0 0 0 0 0 0 0 0 0 0 0 0 0 0 0 0 0 0 0 0 0 0 0 1 0 0 0 0 0 0 0 0 0 0 0 0 0 0 0 0 0 0 0 0 0 0 0 0 0 0 0 0 0 0 0]
[3341820229143231156791009036222028835002524440242575084841453445863259382910247467667792282548136538837932466189058521247355907223837521956204751780824130735935263882502552222822118897434777454233400385305584677040716550799318762075692260311030656183348345544687667032477818098074266430782059362588812728841435 0 0 0 0 0 0 0 0 0 0 0 0 0 0 0 0 0 0 0 0 0 0 0 0 0 0 0 0 0 0 0 0 0 0 0 0 0 0 0 0 0 0 0 0 0 0 0 0 0 0 0 0 0 0 0 0 0 0 0 0 0 0 0 0 0 0 0 0 0 0 0 1 0 0 0 0 0 0 0 0 0 0 0 0 0 0 0 0 0 0 0 0 0 0 0 0 0 0 0 0 0 0]
[2820798745304970268639387889098963300051451089502301520689401569013286350780376005937033147623961826612466867730230577459705997961145262664864712290367157142419593423281079973487016699259942213301985609602384575524797880339030216551379969501292052347366071729363596280617735503315658419652725370645897981464303 0 0 0 0 0 0 0 0 0 0 0 0 0 0 0 0 0 0 0 0 0 0 0 0 0 0 0 0 0 0 0 0 0 0 0 0 0 0 0 0 0 0 0 0 0 0 0 0 0 0 0 0 0 0 0 0 0 0 0 0 0 0 0 0 0 0 0 0 0 0 0 0 1 0 0 0 0 0 0 0 0 0 0 0 0 0 0 0 0 0 0 0 0 0 0 0 0 0 0 0 0 0]
[1394974589475385050602455184382270255884333613023591697322226840265465823875615471087471957823441879066811571520013440357076709628712875479795129676994227905220981570685409743940971971410115819571411268059315913928232447757462727183594021984061147943675187604606735142279830551294415512962812252671578186561051 0 0 0 0 0 0 0 0 0 0 0 0 0 0 0 0 0 0 0 0 0 0 0 0 0 0 0 0 0 0 0 0 0 0 0 0 0 0 0 0 0 0 0 0 0 0 0 0 0 0 0 0 0 0 0 0 0 0 0 0 0 0 0 0 0 0 0 0 0 0 0 0 0 1 0 0 0 0 0 0 0 0 0 0 0 0 0 0 0 0 0 0 0 0 0 0 0 0 0 0 0 0]
[1497408351629357928788978354661353419502575777958055088745917037214074253353803378472734089650504001192139929239130034507095558700448554664567621739316460426331695500255763746008313563280066944868731836148251580711154866270666893041351294465899968921251859036000968805171942657361436578951029415152076559461984 0 0 0 0 0 0 0 0 0 0 0 0 0 0 0 0 0 0 0 0 0 0 0 0 0 0 0 0 0 0 0 0 0 0 0 0 0 0 0 0 0 0 0 0 0 0 0 0 0 0 0 0 0 0 0 0 0 0 0 0 0 0 0 0 0 0 0 0 0 0 0 0 0 0 1 0 0 0 0 0 0 0 0 0 0 0 0 0 0 0 0 0 0 0 0 0 0 0 0 0 0 0]
[6240504363323463576927450423390962661563630911843327692925535721284934126000266851004539037459642408201838138763953425332574615318196336419154628167592042457168231428786759453877687230778498127579602137602151183611850162477329010351308520850133082248150851514949847038611678481937934687047774151319864390821985 0 0 0 0 0 0 0 0 0 0 0 0 0 0 0 0 0 0 0 0 0 0 0 0 0 0 0 0 0 0 0 0 0 0 0 0 0 0 0 0 0 0 0 0 0 0 0 0 0 0 0 0 0 0 0 0 0 0 0 0 0 0 0 0 0 0 0 0 0 0 0 0 0 0 0 1 0 0 0 0 0 0 0 0 0 0 0 0 0 0 0 0 0 0 0 0 0 0 0 0 0 0]
[2372624706475067305023716169819752567276667331890613385046678313410822298601311225358454983770943182967809470652017672991075472839823488229053530193616830586672955166889701370266675105655829781727393425052710830231865298881506314324825072439655641569981094235237437111668430381190758162007764136323870311458951 0 0 0 0 0 0 0 0 0 0 0 0 0 0 0 0 0 0 0 0 0 0 0 0 0 0 0 0 0 0 0 0 0 0 0 0 0 0 0 0 0 0 0 0 0 0 0 0 0 0 0 0 0 0 0 0 0 0 0 0 0 0 0 0 0 0 0 0 0 0 0 0 0 0 0 0 1 0 0 0 0 0 0 0 0 0 0 0 0 0 0 0 0 0 0 0 0 0 0 0 0 0]
[6202356421110899703447504575701151077469527495118270630670771055894380947430101264990528779585138570177493055751530817054938845616180724754745034204321752441429509431466166637977268067380626069680639056811429392303270636544640426363715835042617734562009224474698457613068265398064236668285534052961132893790257 0 0 0 0 0 0 0 0 0 0 0 0 0 0 0 0 0 0 0 0 0 0 0 0 0 0 0 0 0 0 0 0 0 0 0 0 0 0 0 0 0 0 0 0 0 0 0 0 0 0 0 0 0 0 0 0 0 0 0 0 0 0 0 0 0 0 0 0 0 0 0 0 0 0 0 0 0 1 0 0 0 0 0 0 0 0 0 0 0 0 0 0 0 0 0 0 0 0 0 0 0 0]
[363907732576860669598994737535953316268577730552138309872565265498053183331773193775207813097858645211440716719939229882591352929671198431040121936979188845821419981973432054071076257532813798565956630050594989332488492231723905726778040435793452898744668968465855023451906665903729426233074658531479332891338 0 0 0 0 0 0 0 0 0 0 0 0 0 0 0 0 0 0 0 0 0 0 0 0 0 0 0 0 0 0 0 0 0 0 0 0 0 0 0 0 0 0 0 0 0 0 0 0 0 0 0 0 0 0 0 0 0 0 0 0 0 0 0 0 0 0 0 0 0 0 0 0 0 0 0 0 0 0 1 0 0 0 0 0 0 0 0 0 0 0 0 0 0 0 0 0 0 0 0 0 0 0]
[4828642144685881952845563776887201693529231541385856145007710788522341724737546768927711219137304295219212684228512041429654266975015313374519206099496868025765139840119827307560526931313373778341040792827591349599996143709331599146414879570573866276798784540732813529838558496463992094418626354295587282929927 0 0 0 0 0 0 0 0 0 0 0 0 0 0 0 0 0 0 0 0 0 0 0 0 0 0 0 0 0 0 0 0 0 0 0 0 0 0 0 0 0 0 0 0 0 0 0 0 0 0 0 0 0 0 0 0 0 0 0 0 0 0 0 0 0 0 0 0 0 0 0 0 0 0 0 0 0 0 0 1 0 0 0 0 0 0 0 0 0 0 0 0 0 0 0 0 0 0 0 0 0 0]
[3340443098816146401697850801789103679296261228922013926433815258073786457503884989854207736342295014773945304952629568760694548166833022577041455163605089672794101349522721035852121019271105882997665909868613654598274883913802378864623117286423139787594081679233818926181229766836641227374163659329161376661325 0 0 0 0 0 0 0 0 0 0 0 0 0 0 0 0 0 0 0 0 0 0 0 0 0 0 0 0 0 0 0 0 0 0 0 0 0 0 0 0 0 0 0 0 0 0 0 0 0 0 0 0 0 0 0 0 0 0 0 0 0 0 0 0 0 0 0 0 0 0 0 0 0 0 0 0 0 0 0 0 1 0 0 0 0 0 0 0 0 0 0 0 0 0 0 0 0 0 0 0 0 0]
[5369450007032259387106279060662841936218741070357816334600803283448321743390155490290293978980005594878449336846912209054484309433439234896467056522177412573292628395075594882011172672700126382152111181899246995832571563481137192128090072122975967363734899288993864174883413065640424169240871762352047833612324 0 0 0 0 0 0 0 0 0 0 0 0 0 0 0 0 0 0 0 0 0 0 0 0 0 0 0 0 0 0 0 0 0 0 0 0 0 0 0 0 0 0 0 0 0 0 0 0 0 0 0 0 0 0 0 0 0 0 0 0 0 0 0 0 0 0 0 0 0 0 0 0 0 0 0 0 0 0 0 0 0 1 0 0 0 0 0 0 0 0 0 0 0 0 0 0 0 0 0 0 0 0]
[5801537575669085282076426896583487847697953799073430903526554791001468700668525215375283069265657615201913004278961268716538672606483157310905152415476019890344053767812018781022779086633343790669464227969922284647334805439001221922047583408343875471469438275949690859439289632681268246260769376260067911042859 0 0 0 0 0 0 0 0 0 0 0 0 0 0 0 0 0 0 0 0 0 0 0 0 0 0 0 0 0 0 0 0 0 0 0 0 0 0 0 0 0 0 0 0 0 0 0 0 0 0 0 0 0 0 0 0 0 0 0 0 0 0 0 0 0 0 0 0 0 0 0 0 0 0 0 0 0 0 0 0 0 0 1 0 0 0 0 0 0 0 0 0 0 0 0 0 0 0 0 0 0 0]
[4205541013344491559883391075769473010491952738410737932384603002539587430718623778318457433432165197799169122833090375709717938536836002770864860843750239396231130443651121248030575365527275271978992550877897026082075861794209116625063186280628895126267765121524091943555979223885470299283024992445729153446964 0 0 0 0 0 0 0 0 0 0 0 0 0 0 0 0 0 0 0 0 0 0 0 0 0 0 0 0 0 0 0 0 0 0 0 0 0 0 0 0 0 0 0 0 0 0 0 0 0 0 0 0 0 0 0 0 0 0 0 0 0 0 0 0 0 0 0 0 0 0 0 0 0 0 0 0 0 0 0 0 0 0 0 1 0 0 0 0 0 0 0 0 0 0 0 0 0 0 0 0 0 0]
[5090624728326046487666239536526395671940415397920780547700654382746436326663773800944437282639525304208303767838492088067336001510234716691689020355351674048421878167869036310354279920327462431512018246403713985687540192721287488795430162857868182474159447503058732922409942879326492162369620596406988283927440 0 0 0 0 0 0 0 0 0 0 0 0 0 0 0 0 0 0 0 0 0 0 0 0 0 0 0 0 0 0 0 0 0 0 0 0 0 0 0 0 0 0 0 0 0 0 0 0 0 0 0 0 0 0 0 0 0 0 0 0 0 0 0 0 0 0 0 0 0 0 0 0 0 0 0 0 0 0 0 0 0 0 0 0 1 0 0 0 0 0 0 0 0 0 0 0 0 0 0 0 0 0]
[4269729323463353508914057682756403241557502236057397661475354927787412229115218510430606555638367605346720819206935950821473726312424599805761164439102252607420989664610175619427661571982034962232846914038130039756637625164929096065260340475123674360443872514830153632879139317272373051457752804633398037856871 0 0 0 0 0 0 0 0 0 0 0 0 0 0 0 0 0 0 0 0 0 0 0 0 0 0 0 0 0 0 0 0 0 0 0 0 0 0 0 0 0 0 0 0 0 0 0 0 0 0 0 0 0 0 0 0 0 0 0 0 0 0 0 0 0 0 0 0 0 0 0 0 0 0 0 0 0 0 0 0 0 0 0 0 0 1 0 0 0 0 0 0 0 0 0 0 0 0 0 0 0 0]
[3053909578245959433669486681422724320979571337521602138051696358012339849425958298113804943718946483584073130396664010029512460380157195157441395358024312792588518194596154437940479527528029183093639799511052885347491153822685167318128459993054769102572918482912121546716395726406492486085462783805836660271952 0 0 0 0 0 0 0 0 0 0 0 0 0 0 0 0 0 0 0 0 0 0 0 0 0 0 0 0 0 0 0 0 0 0 0 0 0 0 0 0 0 0 0 0 0 0 0 0 0 0 0 0 0 0 0 0 0 0 0 0 0 0 0 0 0 0 0 0 0 0 0 0 0 0 0 0 0 0 0 0 0 0 0 0 0 0 1 0 0 0 0 0 0 0 0 0 0 0 0 0 0 0]
[1000766709893536088791100748376910644492252429752226590902348837628321060905165699440577071354221166230448557905056652793571034052382295993855378695204861787188289434551066232512286921835941117982526096257657774715819032504425386758905254746231461731356281802886789959868853809205250535718202422259815894451426 0 0 0 0 0 0 0 0 0 0 0 0 0 0 0 0 0 0 0 0 0 0 0 0 0 0 0 0 0 0 0 0 0 0 0 0 0 0 0 0 0 0 0 0 0 0 0 0 0 0 0 0 0 0 0 0 0 0 0 0 0 0 0 0 0 0 0 0 0 0 0 0 0 0 0 0 0 0 0 0 0 0 0 0 0 0 0 1 0 0 0 0 0 0 0 0 0 0 0 0 0 0]
[3511335585267201238722242904739860988226378030626998571319719710578300265069349250211271783724994301417134219376333024415996340983944504982197389005587514210772228031737620241242229153030102053562991042439500255873147102613027930988884785994406746647748914451797089155650419930993815422101771497340098848052410 0 0 0 0 0 0 0 0 0 0 0 0 0 0 0 0 0 0 0 0 0 0 0 0 0 0 0 0 0 0 0 0 0 0 0 0 0 0 0 0 0 0 0 0 0 0 0 0 0 0 0 0 0 0 0 0 0 0 0 0 0 0 0 0 0 0 0 0 0 0 0 0 0 0 0 0 0 0 0 0 0 0 0 0 0 0 0 0 1 0 0 0 0 0 0 0 0 0 0 0 0 0]
[4843626215523119455071026133577334502202065484257526251816485017188312473905075194058059255273959567306644005529945844359247032235496402978393844945075694549346112368479052397623859504784938184886696289160491955095411007923376961649453317467395324468572205872231481376694541672440883426697827637437692752395953 0 0 0 0 0 0 0 0 0 0 0 0 0 0 0 0 0 0 0 0 0 0 0 0 0 0 0 0 0 0 0 0 0 0 0 0 0 0 0 0 0 0 0 0 0 0 0 0 0 0 0 0 0 0 0 0 0 0 0 0 0 0 0 0 0 0 0 0 0 0 0 0 0 0 0 0 0 0 0 0 0 0 0 0 0 0 0 0 0 1 0 0 0 0 0 0 0 0 0 0 0 0]
[4502540336610750733359533407314128372888349570289498694176791771915598120577530603196137061084293865503960591584367597624557080730799487672648665552028480574916892534982441362057160796866356875443334770805487537173593222701325465928975559479592859682615065889345314632384743252317792982434992141028194825377803 0 0 0 0 0 0 0 0 0 0 0 0 0 0 0 0 0 0 0 0 0 0 0 0 0 0 0 0 0 0 0 0 0 0 0 0 0 0 0 0 0 0 0 0 0 0 0 0 0 0 0 0 0 0 0 0 0 0 0 0 0 0 0 0 0 0 0 0 0 0 0 0 0 0 0 0 0 0 0 0 0 0 0 0 0 0 0 0 0 0 1 0 0 0 0 0 0 0 0 0 0 0]
[6663371834537213259626147686742266722495528949661121660528976362547777436875743757153890322591983854030436733887451407261779321372454834997493221457248426376700183736522200529022045923992769274530771773825767271363197590132761827618606407103958617716856104656300226894672852022020355884785312929824818478568210 0 0 0 0 0 0 0 0 0 0 0 0 0 0 0 0 0 0 0 0 0 0 0 0 0 0 0 0 0 0 0 0 0 0 0 0 0 0 0 0 0 0 0 0 0 0 0 0 0 0 0 0 0 0 0 0 0 0 0 0 0 0 0 0 0 0 0 0 0 0 0 0 0 0 0 0 0 0 0 0 0 0 0 0 0 0 0 0 0 0 0 1 0 0 0 0 0 0 0 0 0 0]
[6187319400662069638842815114237136096708730198453320618993041645566037342825697635827574369958027375580189333969069619644062942487082675661066132826659488461878971183941918207750680410917352328127313959390342345560683154326138118059411953588995591898822596829857971491509375402390497872221563703569441888778291 0 0 0 0 0 0 0 0 0 0 0 0 0 0 0 0 0 0 0 0 0 0 0 0 0 0 0 0 0 0 0 0 0 0 0 0 0 0 0 0 0 0 0 0 0 0 0 0 0 0 0 0 0 0 0 0 0 0 0 0 0 0 0 0 0 0 0 0 0 0 0 0 0 0 0 0 0 0 0 0 0 0 0 0 0 0 0 0 0 0 0 0 1 0 0 0 0 0 0 0 0 0]
[7199398469949145510876059408693522643376207862179881863892400631516121082483585849292881783129109954056592205929455004447930983543932842472975186065959155358563471957037963089608992251235366177136487677620592981722538052789177286096216532072333461784707167852866545869774263021471067757265224099921743237561546 0 0 0 0 0 0 0 0 0 0 0 0 0 0 0 0 0 0 0 0 0 0 0 0 0 0 0 0 0 0 0 0 0 0 0 0 0 0 0 0 0 0 0 0 0 0 0 0 0 0 0 0 0 0 0 0 0 0 0 0 0 0 0 0 0 0 0 0 0 0 0 0 0 0 0 0 0 0 0 0 0 0 0 0 0 0 0 0 0 0 0 0 0 1 0 0 0 0 0 0 0 0]
[3342716207593509668481870514308441459327389368518717847768309763873341534700461892097474518788168381922141147460193786498856138225719021315223753218805941063466430246055182055316324886914472855277115881031445729898304216921070666241661166933172350571201901874681385621703978142025165688821460323562182483962704 0 0 0 0 0 0 0 0 0 0 0 0 0 0 0 0 0 0 0 0 0 0 0 0 0 0 0 0 0 0 0 0 0 0 0 0 0 0 0 0 0 0 0 0 0 0 0 0 0 0 0 0 0 0 0 0 0 0 0 0 0 0 0 0 0 0 0 0 0 0 0 0 0 0 0 0 0 0 0 0 0 0 0 0 0 0 0 0 0 0 0 0 0 0 1 0 0 0 0 0 0 0]
[3083960088984855799463326733539648647201144756315059369824007689134946145323689077227226073004327521798326875535281057336880406666881340853963848186150313551004284455406816365614809668074057633971926968122068565351839031655951662585581079900100156846180268924712570973613074088329749048364422412501141072478973 0 0 0 0 0 0 0 0 0 0 0 0 0 0 0 0 0 0 0 0 0 0 0 0 0 0 0 0 0 0 0 0 0 0 0 0 0 0 0 0 0 0 0 0 0 0 0 0 0 0 0 0 0 0 0 0 0 0 0 0 0 0 0 0 0 0 0 0 0 0 0 0 0 0 0 0 0 0 0 0 0 0 0 0 0 0 0 0 0 0 0 0 0 0 0 1 0 0 0 0 0 0]
[573074902183329079702347381022393245630549297277003048020461284190173708894592947104086274579702741255418323177497597916847574676731188065466305514821532207854085530251169283733433346222503592503258907670114897836929777043859328695980799920572449816235822415665835422133199181878767544455048032436798551369436 0 0 0 0 0 0 0 0 0 0 0 0 0 0 0 0 0 0 0 0 0 0 0 0 0 0 0 0 0 0 0 0 0 0 0 0 0 0 0 0 0 0 0 0 0 0 0 0 0 0 0 0 0 0 0 0 0 0 0 0 0 0 0 0 0 0 0 0 0 0 0 0 0 0 0 0 0 0 0 0 0 0 0 0 0 0 0 0 0 0 0 0 0 0 0 0 1 0 0 0 0 0]
[3503084608171978799732003735225837445107184434673232819121991339535576617766182458907585832873515336695061182724424450071093445254871995047228553691868685853970075799456600406417625980135903893996759268652606869568281490965341486897901711323439029148935089893327297043882404896373987341153322361445863688663903 0 0 0 0 0 0 0 0 0 0 0 0 0 0 0 0 0 0 0 0 0 0 0 0 0 0 0 0 0 0 0 0 0 0 0 0 0 0 0 0 0 0 0 0 0 0 0 0 0 0 0 0 0 0 0 0 0 0 0 0 0 0 0 0 0 0 0 0 0 0 0 0 0 0 0 0 0 0 0 0 0 0 0 0 0 0 0 0 0 0 0 0 0 0 0 0 0 1 0 0 0 0]
[5622670014666161016554912950741838510818315483904919402037205052643371401382673520758218587325287938036030446661446898241127905254342385933381738806854555844035109238146461361875926740918012500051549148939426884448863057373899045462052400520690356386044807873775630715065796510916433263287870506741836099458624 0 0 0 0 0 0 0 0 0 0 0 0 0 0 0 0 0 0 0 0 0 0 0 0 0 0 0 0 0 0 0 0 0 0 0 0 0 0 0 0 0 0 0 0 0 0 0 0 0 0 0 0 0 0 0 0 0 0 0 0 0 0 0 0 0 0 0 0 0 0 0 0 0 0 0 0 0 0 0 0 0 0 0 0 0 0 0 0 0 0 0 0 0 0 0 0 0 0 1 0 0 0]
[967457353122711796188306027706837909471969314020126185666781517469104195355858545782209715199027088028439304663130448117874196958576048498866332083387262049479690321805067124992697195022107022221902258081618768588693513001666059497493218863633273798645087442181893097602288548979702404385098508044009768528149 0 0 0 0 0 0 0 0 0 0 0 0 0 0 0 0 0 0 0 0 0 0 0 0 0 0 0 0 0 0 0 0 0 0 0 0 0 0 0 0 0 0 0 0 0 0 0 0 0 0 0 0 0 0 0 0 0 0 0 0 0 0 0 0 0 0 0 0 0 0 0 0 0 0 0 0 0 0 0 0 0 0 0 0 0 0 0 0 0 0 0 0 0 0 0 0 0 0 0 1 0 0]
[6564017625597359042453813724062685771333449930010538676106682444779167205212624425589973351729620547741050291890458189553505646005178142294584162126153615173129015445112625315376047425488673223449833613179728624069567425722922907524776720748480653203497790505832646202010217725119424007777702946860134993353216 0 0 0 0 0 0 0 0 0 0 0 0 0 0 0 0 0 0 0 0 0 0 0 0 0 0 0 0 0 0 0 0 0 0 0 0 0 0 0 0 0 0 0 0 0 0 0 0 0 0 0 0 0 0 0 0 0 0 0 0 0 0 0 0 0 0 0 0 0 0 0 0 0 0 0 0 0 0 0 0 0 0 0 0 0 0 0 0 0 0 0 0 0 0 0 0 0 0 0 0 1 0]
[4774630114560737505381198069448063913183436757684554986230472273893836289893018152652625022166128932212778213382151720072915919159416509345202254021051510232185499870726021020413748465041426161068123512746135417943107234468695512763414597491689909632846509223522530968924862593121771144013433365581317936613380 0 0 0 0 0 0 0 0 0 0 0 0 0 0 0 0 0 0 0 0 0 0 0 0 0 0 0 0 0 0 0 0 0 0 0 0 0 0 0 0 0 0 0 0 0 0 0 0 0 0 0 0 0 0 0 0 0 0 0 0 0 0 0 0 0 0 0 0 0 0 0 0 0 0 0 0 0 0 0 0 0 0 0 0 0 0 0 0 0 0 0 0 0 0 0 0 0 0 0 0 0 1]
]
