[[7340004838800043294917692641328798505292979534565045635190747972174585554666973100410835437958962719265584703291797242770292073411719130786156463569085257543495502855151586364073603649242723407206410371886159024808427813908004659036642790568104745202716404548945941099339583416566583005410987566353772798391921597 0 0 0 0 0 0 0 0 0 0 0 0 0 0 0 0 0 0 0 0 0 0 0 0 0 0 0 0 0 0 0 0 0 0 0 0 0 0 0 0 0 0 0 0 0 0 0 0 0 0 0 0 0 0 0 0 0 0 0 0 0 0 0 0 0 0 0 0 0 0 0 0 0 0 0 0 0 0 0 0 0 0 0 0 0 0 0 0 0 0 0 0 0 0 0 0 0 0 0 0 0 0 0]
[2343838132186514622412174492243145594587760866211882095717066526883070561369825760655863612578326612348051720867469966430610499629132518143151571796193917851217779674835887470917456037590149322318846210920510488456790092016594957065382352233605032532657402599023421562051160999495980724513520366379786256658679803 1 0 0 0 0 0 0 0 0 0 0 0 0 0 0 0 0 0 0 0 0 0 0 0 0 0 0 0 0 0 0 0 0 0 0 0 0 0 0 0 0 0 0 0 0 0 0 0 0 0 0 0 0 0 0 0 0 0 0 0 0 0 0 0 0 0 0 0 0 0 0 0 0 0 0 0 0 0 0 0 0 0 0 0 0 0 0 0 0 0 0 0 0 0 0 0 0 0 0 0 0 0 0]
[7083580449163046988892286591339714288174314852712571409435337870727329008324257081521479506148276031306957007681275234134413903890984574333499855679762727406942469944555247909164262360037875950957554271275946162243970543454424126324261962163575608660093747708982643678811462461631862865593483213225103414593828396 0 1 0 0 0 0 0 0 0 0 0 0 0 0 0 0 0 0 0 0 0 0 0 0 0 0 0 0 0 0 0 0 0 0 0 0 0 0 0 0 0 0 0 0 0 0 0 0 0 0 0 0 0 0 0 0 0 0 0 0 0 0 0 0 0 0 0 0 0 0 0 0 0 0 0 0 0 0 0 0 0 0 0 0 0 0 0 0 0 0 0 0 0 0 0 0 0 0 0 0 0 0 0]
[6059301700210632914606466010947981083904832947060024373734436218532445934623025889938857779434377935286405885685692984606495105899831208798364259675424513590916014378000657401796679439540410286057132801790233541890737036724874390216962246281590069131530641696505775128295999931160896250781809277082553926679235497 0 0 1 0 0 0 0 0 0 0 0 0 0 0 0 0 0 0 0 0 0 0 0 0 0 0 0 0 0 0 0 0 0 0 0 0 0 0 0 0 0 0 0 0 0 0 0 0 0 0 0 0 0 0 0 0 0 0 0 0 0 0 0 0 0 0 0 0 0 0 0 0 0 0 0 0 0 0 0 0 0 0 0 0 0 0 0 0 0 0 0 0 0 0 0 0 0 0 0 0 0 0 0]
[1280196738470650207117690799245139829922638666060761892438705342771294202997122808368474525413595871187855360825090030171775801064772972806809308236616839209319041574361112260195281193129933464292453058121828145739272476456331454463618358720073598556721568555597808881344484381271560022074660522386988019160164989 0 0 0 1 0 0 0 0 0 0 0 0 0 0 0 0 0 0 0 0 0 0 0 0 0 0 0 0 0 0 0 0 0 0 0 0 0 0 0 0 0 0 0 0 0 0 0 0 0 0 0 0 0 0 0 0 0 0 0 0 0 0 0 0 0 0 0 0 0 0 0 0 0 0 0 0 0 0 0 0 0 0 0 0 0 0 0 0 0 0 0 0 0 0 0 0 0 0 0 0 0 0 0]
[1022508799903855583546404287893949779621023304679962038145410371388214413328320485162483180573301163221033603749309855238195372190939293364426046883019901202303304066601126872639253328574105540826802682913220752878591613931802604065613904699870516540274868675446255452304821675733680004282734472075934563278008315 0 0 0 0 1 0 0 0 0 0 0 0 0 0 0 0 0 0 0 0 0 0 0 0 0 0 0 0 0 0 0 0 0 0 0 0 0 0 0 0 0 0 0 0 0 0 0 0 0 0 0 0 0 0 0 0 0 0 0 0 0 0 0 0 0 0 0 0 0 0 0 0 0 0 0 0 0 0 0 0 0 0 0 0 0 0 0 0 0 0 0 0 0 0 0 0 0 0 0 0 0 0 0]
[4964772333149044495311504638168100578571256998014111889332052346234282258706918874498191982008275951756515194446887436053316744664065205228058390627557191061551858654358939366364449612676670698851792506993481424215761923576114794552757918519515849354855319077832593360067932262084461358661396234165391905851666269 0 0 0 0 0 1 0 0 0 0 0 0 0 0 0 0 0 0 0 0 0 0 0 0 0 0 0 0 0 0 0 0 0 0 0 0 0 0 0 0 0 0 0 0 0 0 0 0 0 0 0 0 0 0 0 0 0 0 0 0 0 0 0 0 0 0 0 0 0 0 0 0 0 0 0 0 0 0 0 0 0 0 0 0 0 0 0 0 0 0 0 0 0 0 0 0 0 0 0 0 0 0 0]
[4528140874829702587012997325029088896106076245691243522841408388291009378342346839727926691624462937306776878917186624391242953127486797966320154839296260630648532667104182761268722525107414199766225021858290076438727467895909807635939859777828302786718058124138818157731475156349658330242544364387190132917928071 0 0 0 0 0 0 1 0 0 0 0 0 0 0 0 0 0 0 0 0 0 0 0 0 0 0 0 0 0 0 0 0 0 0 0 0 0 0 0 0 0 0 0 0 0 0 0 0 0 0 0 0 0 0 0 0 0 0 0 0 0 0 0 0 0 0 0 0 0 0 0 0 0 0 0 0 0 0 0 0 0 0 0 0 0 0 0 0 0 0 0 0 0 0 0 0 0 0 0 0 0 0 0]
[309940059210450025443936254715173716289089084644738679155936690651349048527495599777534287035324001246558727484562711836758963252400541069695942911638456870317591813058788628644900295085834736665939157405920347281420659385223012179497258206039460450371026854470997089489376235666761306529238402816893975551330841 0 0 0 0 0 0 0 1 0 0 0 0 0 0 0 0 0 0 0 0 0 0 0 0 0 0 0 0 0 0 0 0 0 0 0 0 0 0 0 0 0 0 0 0 0 0 0 0 0 0 0 0 0 0 0 0 0 0 0 0 0 0 0 0 0 0 0 0 0 0 0 0 0 0 0 0 0 0 0 0 0 0 0 0 0 0 0 0 0 0 0 0 0 0 0 0 0 0 0 0 0 0 0]
[3517512133688953793108352971857610870608194875474236118001927375539995234475037757502239121330252797860393340338971907708960627442764936022777352257579341312013901951421170087155759972757105254547892343274844014412084447110635955919820903846637536324697201160451309858983071916402220305138461000571019887952052673 0 0 0 0 0 0 0 0 1 0 0 0 0 0 0 0 0 0 0 0 0 0 0 0 0 0 0 0 0 0 0 0 0 0 0 0 0 0 0 0 0 0 0 0 0 0 0 0 0 0 0 0 0 0 0 0 0 0 0 0 0 0 0 0 0 0 0 0 0 0 0 0 0 0 0 0 0 0 0 0 0 0 0 0 0 0 0 0 0 0 0 0 0 0 0 0 0 0 0 0 0 0 0]
[5578062673761476315474105959418892179227749133188273165647554994496493311341848776851332426864265508668639752764208347130625677070464424745636932539052636566000838903709625952518397031701149792621799232239159110876328916645800050256907666715777036672671476224888597732816874016435932760189585414608508977602220698 0 0 0 0 0 0 0 0 0 1 0 0 0 0 0 0 0 0 0 0 0 0 0 0 0 0 0 0 0 0 0 0 0 0 0 0 0 0 0 0 0 0 0 0 0 0 0 0 0 0 0 0 0 0 0 0 0 0 0 0 0 0 0 0 0 0 0 0 0 0 0 0 0 0 0 0 0 0 0 0 0 0 0 0 0 0 0 0 0 0 0 0 0 0 0 0 0 0 0 0 0 0 0]
[7071175851821954126092151261348788958770972195830898070946723322498295285270950614941608314642134378375422754462176987002833412737508817674117120898816776256107580886746562884882853493328796135625124839109992225697646766624886569490418614655200529601961005943952072977339652558127035137661090879096894953787548272 0 0 0 0 0 0 0 0 0 0 1 0 0 0 0 0 0 0 0 0 0 0 0 0 0 0 0 0 0 0 0 0 0 0 0 0 0 0 0 0 0 0 0 0 0 0 0 0 0 0 0 0 0 0 0 0 0 0 0 0 0 0 0 0 0 0 0 0 0 0 0 0 0 0 0 0 0 0 0 0 0 0 0 0 0 0 0 0 0 0 0 0 0 0 0 0 0 0 0 0 0 0 0]
[5884699747695913297827664253336993413149788224022185357082912597380057611979904883368519632787772099086386984201310464477352945746590924180487532701988998675775283208612632825809837591699179484343179670652531592811835666358025054154512832855936054226531096893399197535216971532293332708855602420897285894925465722 0 0 0 0 0 0 0 0 0 0 0 1 0 0 0 0 0 0 0 0 0 0 0 0 0 0 0 0 0 0 0 0 0 0 0 0 0 0 0 0 0 0 0 0 0 0 0 0 0 0 0 0 0 0 0 0 0 0 0 0 0 0 0 0 0 0 0 0 0 0 0 0 0 0 0 0 0 0 0 0 0 0 0 0 0 0 0 0 0 0 0 0 0 0 0 0 0 0 0 0 0 0 0]
[5300531454094449342682134880307005918348132140498822143417396863758939377814775342269085840839000778207236562759960949862532377575512857210100428726364798242734587409242064569247529876638327163701206117425950374620876352505469929022296403596332882693710175855745688856362265084371041104705746202128308451305845378 0 0 0 0 0 0 0 0 0 0 0 0 1 0 0 0 0 0 0 0 0 0 0 0 0 0 0 0 0 0 0 0 0 0 0 0 0 0 0 0 0 0 0 0 0 0 0 0 0 0 0 0 0 0 0 0 0 0 0 0 0 0 0 0 0 0 0 0 0 0 0 0 0 0 0 0 0 0 0 0 0 0 0 0 0 0 0 0 0 0 0 0 0 0 0 0 0 0 0 0 0 0 0]
[1537254580911290768304882737377487253637291977163156284595433520947221149181842621463988335879959295200614545639996704844377176107044994982543956251584990679314478240172821023530664197888146621425888235607234304356248851875622639556750780644202172714927345868445923531703901947841623049886645355317653907478453855 0 0 0 0 0 0 0 0 0 0 0 0 0 1 0 0 0 0 0 0 0 0 0 0 0 0 0 0 0 0 0 0 0 0 0 0 0 0 0 0 0 0 0 0 0 0 0 0 0 0 0 0 0 0 0 0 0 0 0 0 0 0 0 0 0 0 0 0 0 0 0 0 0 0 0 0 0 0 0 0 0 0 0 0 0 0 0 0 0 0 0 0 0 0 0 0 0 0 0 0 0 0 0]
[4795490411829684328240281568101016033234512495995402022407056623472629004024626028352252861195101040259735081397088750539896331487602913253452194891477760482818276739355268688357851508803404107385437990558462599950561503557091302176644542896481068407479905183245225420448098212912434170741250603891818781716842822 0 0 0 0 0 0 0 0 0 0 0 0 0 0 1 0 0 0 0 0 0 0 0 0 0 0 0 0 0 0 0 0 0 0 0 0 0 0 0 0 0 0 0 0 0 0 0 0 0 0 0 0 0 0 0 0 0 0 0 0 0 0 0 0 0 0 0 0 0 0 0 0 0 0 0 0 0 0 0 0 0 0 0 0 0 0 0 0 0 0 0 0 0 0 0 0 0 0 0 0 0 0 0]
[340412429275536046257495887487451265067308806187733763963566016655341816787112791255847869969045745991124093911575709205106369421865002155373827033142442922842900840723539120861920520748242367127825405005003928106627189533219348551306267491289983146205332761341630105398776694117401089822392370838767393631119538 0 0 0 0 0 0 0 0 0 0 0 0 0 0 0 1 0 0 0 0 0 0 0 0 0 0 0 0 0 0 0 0 0 0 0 0 0 0 0 0 0 0 0 0 0 0 0 0 0 0 0 0 0 0 0 0 0 0 0 0 0 0 0 0 0 0 0 0 0 0 0 0 0 0 0 0 0 0 0 0 0 0 0 0 0 0 0 0 0 0 0 0 0 0 0 0 0 0 0 0 0 0 0]
[1266945978466738045884710560536799838759041695903215856618603581333258690110072772526548499701088013687936456572477863792234973419357060160536573467243813384493355981070725503336619139918981338025770047025874219643525321223600042644736541793710709614000192703081086500812322294114649064408567864858426168886484163 0 0 0 0 0 0 0 0 0 0 0 0 0 0 0 0 1 0 0 0 0 0 0 0 0 0 0 0 0 0 0 0 0 0 0 0 0 0 0 0 0 0 0 0 0 0 0 0 0 0 0 0 0 0 0 0 0 0 0 0 0 0 0 0 0 0 0 0 0 0 0 0 0 0 0 0 0 0 0 0 0 0 0 0 0 0 0 0 0 0 0 0 0 0 0 0 0 0 0 0 0 0 0]
[2862276852225512201721748267032001398974368872188598986611772177384036236408934611666098296893771554897430147242467608649768421721708837551351575318073485328172078882998408891001109516903776135548957854954947765443245472800605498903913614130216959249260483999942749946473913034344845009337712936712299594388698219 0 0 0 0 0 0 0 0 0 0 0 0 0 0 0 0 0 1 0 0 0 0 0 0 0 0 0 0 0 0 0 0 0 0 0 0 0 0 0 0 0 0 0 0 0 0 0 0 0 0 0 0 0 0 0 0 0 0 0 0 0 0 0 0 0 0 0 0 0 0 0 0 0 0 0 0 0 0 0 0 0 0 0 0 0 0 0 0 0 0 0 0 0 0 0 0 0 0 0 0 0 0 0]
[1828715440529580115761621246289145491273518955421446048093934748731182601150711456804336934670272569659435708102932645157096861651776826072907689891513382509415216615446380829619966966765391822995332487562957313842590768219824776478885295048805192252635725522187481926104652503138652296298920159226197207213766660 0 0 0 0 0 0 0 0 0 0 0 0 0 0 0 0 0 0 1 0 0 0 0 0 0 0 0 0 0 0 0 0 0 0 0 0 0 0 0 0 0 0 0 0 0 0 0 0 0 0 0 0 0 0 0 0 0 0 0 0 0 0 0 0 0 0 0 0 0 0 0 0 0 0 0 0 0 0 0 0 0 0 0 0 0 0 0 0 0 0 0 0 0 0 0 0 0 0 0 0 0 0 0]
[6193362141333117567416251494324955589572682281629743205485499363278021674363475745474741104410967640835447995015475784253109560303667220359332113540948154916813700631451244034900236677412537941924294985119139192182297118352705438762651988496308268063425940461147884066603745288614274983068362550222540423805244204 0 0 0 0 0 0 0 0 0 0 0 0 0 0 0 0 0 0 0 1 0 0 0 0 0 0 0 0 0 0 0 0 0 0 0 0 0 0 0 0 0 0 0 0 0 0 0 0 0 0 0 0 0 0 0 0 0 0 0 0 0 0 0 0 0 0 0 0 0 0 0 0 0 0 0 0 0 0 0 0 0 0 0 0 0 0 0 0 0 0 0 0 0 0 0 0 0 0 0 0 0 0 0]
[5772013711829231239473142923944800342430032258670462990693850776325760214296553401303133406081215396246837016287211452096970049514702604894106501300751360406692443207607714395137784192943467916921547017785316309869874308988054886902617552274204523560292784437248284464949853535507530843148590807297095549523049461 0 0 0 0 0 0 0 0 0 0 0 0 0 0 0 0 0 0 0 0 1 0 0 0 0 0 0 0 0 0 0 0 0 0 0 0 0 0 0 0 0 0 0 0 0 0 0 0 0 0 0 0 0 0 0 0 0 0 0 0 0 0 0 0 0 0 0 0 0 0 0 0 0 0 0 0 0 0 0 0 0 0 0 0 0 0 0 0 0 0 0 0 0 0 0 0 0 0 0 0 0 0 0]
[718731141291132054082295416991799770263497638308714131636941593805515815107332317561819640107461278276867221910038211705752751157894342260368154986789319642876181552589617865566240281666706971935527887351059082457601744870389012638976805145690220941105463012654463736059681097362669552567720262590334406097082959 0 0 0 0 0 0 0 0 0 0 0 0 0 0 0 0 0 0 0 0 0 1 0 0 0 0 0 0 0 0 0 0 0 0 0 0 0 0 0 0 0 0 0 0 0 0 0 0 0 0 0 0 0 0 0 0 0 0 0 0 0 0 0 0 0 0 0 0 0 0 0 0 0 0 0 0 0 0 0 0 0 0 0 0 0 0 0 0 0 0 0 0 0 0 0 0 0 0 0 0 0 0 0]
[1701417508647881202014958242871377901787044360791581440268490169938461538299305611318053205994696600548958843395017838214769798030572595564406032423057882645406406866861722301247240299633572514421559386447558253514692667372300401864063022333276537003422075168404253877127176050925105392085187595936009664915957043 0 0 0 0 0 0 0 0 0 0 0 0 0 0 0 0 0 0 0 0 0 0 1 0 0 0 0 0 0 0 0 0 0 0 0 0 0 0 0 0 0 0 0 0 0 0 0 0 0 0 0 0 0 0 0 0 0 0 0 0 0 0 0 0 0 0 0 0 0 0 0 0 0 0 0 0 0 0 0 0 0 0 0 0 0 0 0 0 0 0 0 0 0 0 0 0 0 0 0 0 0 0 0]
[1782701060512760193024823025412822672867417391164197912849254274507848470310087895494344950714909101534691374966310712327873203967795694188231807190355338919398108955303115739316409200929333057101753286149567036302919990892864096643878252752725963001637108179686750070046475564525383337225460919931819628579635076 0 0 0 0 0 0 0 0 0 0 0 0 0 0 0 0 0 0 0 0 0 0 0 1 0 0 0 0 0 0 0 0 0 0 0 0 0 0 0 0 0 0 0 0 0 0 0 0 0 0 0 0 0 0 0 0 0 0 0 0 0 0 0 0 0 0 0 0 0 0 0 0 0 0 0 0 0 0 0 0 0 0 0 0 0 0 0 0 0 0 0 0 0 0 0 0 0 0 0 0 0 0 0]
[5696600770531309394609737820147442129487357505923579091393405060818347447226439437540807916849195337442035000850376777562946033915783477817938887651403180867547971862034288405384527264941792466606359310563306280701312720618645730295951168748105528015861973192794510197158985963742901131445529712984739730440721883 0 0 0 0 0 0 0 0 0 0 0 0 0 0 0 0 0 0 0 0 0 0 0 0 1 0 0 0 0 0 0 0 0 0 0 0 0 0 0 0 0 0 0 0 0 0 0 0 0 0 0 0 0 0 0 0 0 0 0 0 0 0 0 0 0 0 0 0 0 0 0 0 0 0 0 0 0 0 0 0 0 0 0 0 0 0 0 0 0 0 0 0 0 0 0 0 0 0 0 0 0 0 0]
[6565058787082569034162231571472728543545274535599391982396489268314958882150031375114916022262655697201930365997566231035139580069186025329680428093918713444470893515375004411631624121922922979488728162296767160746096833245830283350959658550152824897019457669303781758994081828912147648838300321450367754099163861 0 0 0 0 0 0 0 0 0 0 0 0 0 0 0 0 0 0 0 0 0 0 0 0 0 1 0 0 0 0 0 0 0 0 0 0 0 0 0 0 0 0 0 0 0 0 0 0 0 0 0 0 0 0 0 0 0 0 0 0 0 0 0 0 0 0 0 0 0 0 0 0 0 0 0 0 0 0 0 0 0 0 0 0 0 0 0 0 0 0 0 0 0 0 0 0 0 0 0 0 0 0 0]
[2781201978890113993375055805906540790677019286616179314759509237398407368149462427505714545550665425004468529671432986765421565347241354241791346583956599748508125713849874906013355173056032612974435439302859410204959544038569094289100773654468151507234409882688971092734999028631592261458969740432939329348695143 0 0 0 0 0 0 0 0 0 0 0 0 0 0 0 0 0 0 0 0 0 0 0 0 0 0 1 0 0 0 0 0 0 0 0 0 0 0 0 0 0 0 0 0 0 0 0 0 0 0 0 0 0 0 0 0 0 0 0 0 0 0 0 0 0 0 0 0 0 0 0 0 0 0 0 0 0 0 0 0 0 0 0 0 0 0 0 0 0 0 0 0 0 0 0 0 0 0 0 0 0 0 0]
[5036424562328899162890850724412987183525878328268658993927991720881878064790743198024744779424396686506828226205340848303744041096574318631910325816412914605807515328870735401341704841340651451062843761681981085945716621100093574991626010765054243822839507798941250034034601621559208085296338054621498247035629618 0 0 0 0 0 0 0 0 0 0 0 0 0 0 0 0 0 0 0 0 0 0 0 0 0 0 0 1 0 0 0 0 0 0 0 0 0 0 0 0 0 0 0 0 0 0 0 0 0 0 0 0 0 0 0 0 0 0 0 0 0 0 0 0 0 0 0 0 0 0 0 0 0 0 0 0 0 0 0 0 0 0 0 0 0 0 0 0 0 0 0 0 0 0 0 0 0 0 0 0 0 0 0]
[3555670571218728976589158799071192974576592558534093676503426641548595129619654163868820696788551012991885369023137392695350888386573499000015373939510595234350313727068731840263184857377904672829582139852493519176510656951913531520796832196521436561055211476135294363224197548544782449011172202043005567748159707 0 0 0 0 0 0 0 0 0 0 0 0 0 0 0 0 0 0 0 0 0 0 0 0 0 0 0 0 1 0 0 0 0 0 0 0 0 0 0 0 0 0 0 0 0 0 0 0 0 0 0 0 0 0 0 0 0 0 0 0 0 0 0 0 0 0 0 0 0 0 0 0 0 0 0 0 0 0 0 0 0 0 0 0 0 0 0 0 0 0 0 0 0 0 0 0 0 0 0 0 0 0 0]
[6873987955531074942756744981368909163588784391293627238821678877759838076273719299235979419227375194374579788402098026909927231359781178452200482919483062579637709322902163072690735216353469528227509392175920017770745963208182405488298085635942103469845484143953434251706892348731819373849498756512015421582724005 0 0 0 0 0 0 0 0 0 0 0 0 0 0 0 0 0 0 0 0 0 0 0 0 0 0 0 0 0 1 0 0 0 0 0 0 0 0 0 0 0 0 0 0 0 0 0 0 0 0 0 0 0 0 0 0 0 0 0 0 0 0 0 0 0 0 0 0 0 0 0 0 0 0 0 0 0 0 0 0 0 0 0 0 0 0 0 0 0 0 0 0 0 0 0 0 0 0 0 0 0 0 0]
[3766724996486684199677102711030213255651166141880579308900718164519151701586482676016583552921536614789994630565809426172230200650939479782839115881066672720820662339540753469734408545278443099839980704941758230575605892378353821348645430178348183029534747079241017383679436441100556013771575913452920102841757588 0 0 0 0 0 0 0 0 0 0 0 0 0 0 0 0 0 0 0 0 0 0 0 0 0 0 0 0 0 0 1 0 0 0 0 0 0 0 0 0 0 0 0 0 0 0 0 0 0 0 0 0 0 0 0 0 0 0 0 0 0 0 0 0 0 0 0 0 0 0 0 0 0 0 0 0 0 0 0 0 0 0 0 0 0 0 0 0 0 0 0 0 0 0 0 0 0 0 0 0 0 0 0]
[1769424104895101319345283471728337016365276108478159806845635596607301224406076491019147067549549543082887074099066082739282040073052744023141167891838310781052970106106974641722912580935101876402283033252639178736112379305081323216372858067120674926458909122012141613113558274714675016370846385195243248038092878 0 0 0 0 0 0 0 0 0 0 0 0 0 0 0 0 0 0 0 0 0 0 0 0 0 0 0 0 0 0 0 1 0 0 0 0 0 0 0 0 0 0 0 0 0 0 0 0 0 0 0 0 0 0 0 0 0 0 0 0 0 0 0 0 0 0 0 0 0 0 0 0 0 0 0 0 0 0 0 0 0 0 0 0 0 0 0 0 0 0 0 0 0 0 0 0 0 0 0 0 0 0 0]
[3982448676152556296029676851754249853222868295634551165883061728882906036037605504321048708091396481405822361799386816218912254867837765716189438636840838092180978348875751464088654738826393194146750933149339594246270809792157019888802994416351828210224308728631273781915136274747228997515071210388308166464583098 0 0 0 0 0 0 0 0 0 0 0 0 0 0 0 0 0 0 0 0 0 0 0 0 0 0 0 0 0 0 0 0 1 0 0 0 0 0 0 0 0 0 0 0 0 0 0 0 0 0 0 0 0 0 0 0 0 0 0 0 0 0 0 0 0 0 0 0 0 0 0 0 0 0 0 0 0 0 0 0 0 0 0 0 0 0 0 0 0 0 0 0 0 0 0 0 0 0 0 0 0 0 0]
[6423255491489932410694708746065434309372484868585135290006226727539290042796987885774145031998918272125184555969549452936017023340414820211691105607394109458792811272004869644986569373154312920818971059391311013402458183988117452094682070973747511823874533848896369967125746904210604530965894471781524787660982441 0 0 0 0 0 0 0 0 0 0 0 0 0 0 0 0 0 0 0 0 0 0 0 0 0 0 0 0 0 0 0 0 0 1 0 0 0 0 0 0 0 0 0 0 0 0 0 0 0 0 0 0 0 0 0 0 0 0 0 0 0 0 0 0 0 0 0 0 0 0 0 0 0 0 0 0 0 0 0 0 0 0 0 0 0 0 0 0 0 0 0 0 0 0 0 0 0 0 0 0 0 0 0]
[5670592911533480215148667106451521851675557194785318984683319210377177187065861177619700850131986158647869423056421405726285405761187122596296326866482313679158723934135740429127573004714990847883998214643910483814515552535218933836831550904327476982518732280103289461690929196250792092436885100309569375835088233 0 0 0 0 0 0 0 0 0 0 0 0 0 0 0 0 0 0 0 0 0 0 0 0 0 0 0 0 0 0 0 0 0 0 1 0 0 0 0 0 0 0 0 0 0 0 0 0 0 0 0 0 0 0 0 0 0 0 0 0 0 0 0 0 0 0 0 0 0 0 0 0 0 0 0 0 0 0 0 0 0 0 0 0 0 0 0 0 0 0 0 0 0 0 0 0 0 0 0 0 0 0 0]
[390221809026346417049263322367480140381196940608283435667439550362123334945925667589985861939423796364043934814034432019178741594015672946603075685220669490732352576031762108676094060841526770916718807446837021279798621278847229965201170142297963432354135816572213999982305784464906075790631536916939545849215655 0 0 0 0 0 0 0 0 0 0 0 0 0 0 0 0 0 0 0 0 0 0 0 0 0 0 0 0 0 0 0 0 0 0 0 1 0 0 0 0 0 0 0 0 0 0 0 0 0 0 0 0 0 0 0 0 0 0 0 0 0 0 0 0 0 0 0 0 0 0 0 0 0 0 0 0 0 0 0 0 0 0 0 0 0 0 0 0 0 0 0 0 0 0 0 0 0 0 0 0 0 0 0]
[6089124211936386630443944099279575380869448897223262064975951232533811661552529240184822158189402773273844203986229458301342638978104021499694600378385968177115110202369143430370501861543903881412612062426029156957035060859603059687554308559852500945266515611867369000140168620268883067917637568239582510482350417 0 0 0 0 0 0 0 0 0 0 0 0 0 0 0 0 0 0 0 0 0 0 0 0 0 0 0 0 0 0 0 0 0 0 0 0 1 0 0 0 0 0 0 0 0 0 0 0 0 0 0 0 0 0 0 0 0 0 0 0 0 0 0 0 0 0 0 0 0 0 0 0 0 0 0 0 0 0 0 0 0 0 0 0 0 0 0 0 0 0 0 0 0 0 0 0 0 0 0 0 0 0 0]
[1282152281672233586418545876836904901497586991962546510329589202365801499128612859945331996308781727963659179398790683615462030546954843783351286682924698160483936500192344030743485335110832260802725619655439615463649631112505884701234465355298610216932839681223278571457693344189246011990798798495555794344307180 0 0 0 0 0 0 0 0 0 0 0 0 0 0 0 0 0 0 0 0 0 0 0 0 0 0 0 0 0 0 0 0 0 0 0 0 0 1 0 0 0 0 0 0 0 0 0 0 0 0 0 0 0 0 0 0 0 0 0 0 0 0 0 0 0 0 0 0 0 0 0 0 0 0 0 0 0 0 0 0 0 0 0 0 0 0 0 0 0 0 0 0 0 0 0 0 0 0 0 0 0 0 0]
[1127997515132099778233698141954359470213208564352731203903096542928309460818320299607475308878681336190504432533312715949861069149654734928958587825783830993149753006881368543162179537274749204351549536245738372427981758605132656657455836563491399861138207052896746484570831129932351020569160518408141802094644267 0 0 0 0 0 0 0 0 0 0 0 0 0 0 0 0 0 0 0 0 0 0 0 0 0 0 0 0 0 0 0 0 0 0 0 0 0 0 1 0 0 0 0 0 0 0 0 0 0 0 0 0 0 0 0 0 0 0 0 0 0 0 0 0 0 0 0 0 0 0 0 0 0 0 0 0 0 0 0 0 0 0 0 0 0 0 0 0 0 0 0 0 0 0 0 0 0 0 0 0 0 0 0]
[6362521015294812207748830905185272799351365885807863995163960172273339214807237188388595510741042905250311498980880061434437251407463454645529869106316323257242667281692536952482805391036830475079757171654490486233141543814906938174457587577805685117476069457611631824557263380180533009349721791839886665146235993 0 0 0 0 0 0 0 0 0 0 0 0 0 0 0 0 0 0 0 0 0 0 0 0 0 0 0 0 0 0 0 0 0 0 0 0 0 0 0 1 0 0 0 0 0 0 0 0 0 0 0 0 0 0 0 0 0 0 0 0 0 0 0 0 0 0 0 0 0 0 0 0 0 0 0 0 0 0 0 0 0 0 0 0 0 0 0 0 0 0 0 0 0 0 0 0 0 0 0 0 0 0 0]
[7248797073137026938019131631782713502106895126866896470908120271062202523834713719674984933985917830250248310801860498463894428214328732307917122873475679345485654033171275384976682752794543125923902178049490436504506766601841219823335600041119136556317851284397166440936530011590208108737909716637412442188865713 0 0 0 0 0 0 0 0 0 0 0 0 0 0 0 0 0 0 0 0 0 0 0 0 0 0 0 0 0 0 0 0 0 0 0 0 0 0 0 0 1 0 0 0 0 0 0 0 0 0 0 0 0 0 0 0 0 0 0 0 0 0 0 0 0 0 0 0 0 0 0 0 0 0 0 0 0 0 0 0 0 0 0 0 0 0 0 0 0 0 0 0 0 0 0 0 0 0 0 0 0 0 0]
[5911935550704111507016582787251243967602544573635147546359628370964466047362232774937460611113310327925346683602302022413631191838770810815872824555861626054071909343111634981360193972496780060105264632785224805868395576741604457470870161607992563345298066722009697914229021135612504526068438927158679129361477550 0 0 0 0 0 0 0 0 0 0 0 0 0 0 0 0 0 0 0 0 0 0 0 0 0 0 0 0 0 0 0 0 0 0 0 0 0 0 0 0 0 1 0 0 0 0 0 0 0 0 0 0 0 0 0 0 0 0 0 0 0 0 0 0 0 0 0 0 0 0 0 0 0 0 0 0 0 0 0 0 0 0 0 0 0 0 0 0 0 0 0 0 0 0 0 0 0 0 0 0 0 0 0]
[69819274282887726739825777410004045277819599717594386289747128982834535797182059848662754514727986624922703312725931047429972068328095057894694527339531362042416234033460628395602057056251739608125833521682826916056011361511059889739164795796314639757897005323431796744333907513063756719748577157369849108396483 0 0 0 0 0 0 0 0 0 0 0 0 0 0 0 0 0 0 0 0 0 0 0 0 0 0 0 0 0 0 0 0 0 0 0 0 0 0 0 0 0 0 1 0 0 0 0 0 0 0 0 0 0 0 0 0 0 0 0 0 0 0 0 0 0 0 0 0 0 0 0 0 0 0 0 0 0 0 0 0 0 0 0 0 0 0 0 0 0 0 0 0 0 0 0 0 0 0 0 0 0 0 0]
[3374428653185499616908297329828278380780877184474748827467298354274218413441452412083842792269294225467405345745464620189104283451128706028299019254072831246414049079551775021638962962183689156091052768210362372262253590970695051834591726364312060231659887549758701027510077661824650551523013959711450630057693684 0 0 0 0 0 0 0 0 0 0 0 0 0 0 0 0 0 0 0 0 0 0 0 0 0 0 0 0 0 0 0 0 0 0 0 0 0 0 0 0 0 0 0 1 0 0 0 0 0 0 0 0 0 0 0 0 0 0 0 0 0 0 0 0 0 0 0 0 0 0 0 0 0 0 0 0 0 0 0 0 0 0 0 0 0 0 0 0 0 0 0 0 0 0 0 0 0 0 0 0 0 0 0]
[4045410693615662683211361812484728296073083650727842531823845782318439096189139470310252159175977284875382029769166620301320787591796139974848825719325199545147896981637898999045555297786645469162503731350010641080094791486866793614331862476723202306392917894312361879409165020762356552177684459812224523949270665 0 0 0 0 0 0 0 0 0 0 0 0 0 0 0 0 0 0 0 0 0 0 0 0 0 0 0 0 0 0 0 0 0 0 0 0 0 0 0 0 0 0 0 0 1 0 0 0 0 0 0 0 0 0 0 0 0 0 0 0 0 0 0 0 0 0 0 0 0 0 0 0 0 0 0 0 0 0 0 0 0 0 0 0 0 0 0 0 0 0 0 0 0 0 0 0 0 0 0 0 0 0 0]
[6858807004992923589290735868012316616158261344992605676741728271867900380392351676493181039144973778100705116848705383940828726762014717535879799767354149177288877281482165314911207295009777214596741979435832216278418357559891306215399515754412073086389991442440694688607099667573893932180325553080088400426052248 0 0 0 0 0 0 0 0 0 0 0 0 0 0 0 0 0 0 0 0 0 0 0 0 0 0 0 0 0 0 0 0 0 0 0 0 0 0 0 0 0 0 0 0 0 1 0 0 0 0 0 0 0 0 0 0 0 0 0 0 0 0 0 0 0 0 0 0 0 0 0 0 0 0 0 0 0 0 0 0 0 0 0 0 0 0 0 0 0 0 0 0 0 0 0 0 0 0 0 0 0 0 0]
[6546966014772093251282132423669584182119598841189582490426608400749759627637678050106693260052754903318660413715312429142706934359257013764068759759125403209502508910855535428562178790448051901372221027230133176019468055546986753622089036159291045320882755800978817308281612229615563500259364794885650318215455493 0 0 0 0 0 0 0 0 0 0 0 0 0 0 0 0 0 0 0 0 0 0 0 0 0 0 0 0 0 0 0 0 0 0 0 0 0 0 0 0 0 0 0 0 0 0 1 0 0 0 0 0 0 0 0 0 0 0 0 0 0 0 0 0 0 0 0 0 0 0 0 0 0 0 0 0 0 0 0 0 0 0 0 0 0 0 0 0 0 0 0 0 0 0 0 0 0 0 0 0 0 0 0]
[4007776944287230888500486889729360000235529736013841479653561364289829396476065939774631290647199052081440943231546673747126216037614229462466601872485324350864668198269329411854282576230163117987001227772022662624224581420122787289348132550362742916751629465794815701667661543414827301873971177021028083430656499 0 0 0 0 0 0 0 0 0 0 0 0 0 0 0 0 0 0 0 0 0 0 0 0 0 0 0 0 0 0 0 0 0 0 0 0 0 0 0 0 0 0 0 0 0 0 0 1 0 0 0 0 0 0 0 0 0 0 0 0 0 0 0 0 0 0 0 0 0 0 0 0 0 0 0 0 0 0 0 0 0 0 0 0 0 0 0 0 0 0 0 0 0 0 0 0 0 0 0 0 0 0 0]
[3111255163116088686798933447290892398748966279982846183532801012590563045128848884045333005547561604319380341126358607722520487246302349309383561693371319811111323229973511522890387764874098686340940206075462729865553838280138241249810493191834152245054505598336345792053439812719649260225078184774459073095851469 0 0 0 0 0 0 0 0 0 0 0 0 0 0 0 0 0 0 0 0 0 0 0 0 0 0 0 0 0 0 0 0 0 0 0 0 0 0 0 0 0 0 0 0 0 0 0 0 1 0 0 0 0 0 0 0 0 0 0 0 0 0 0 0 0 0 0 0 0 0 0 0 0 0 0 0 0 0 0 0 0 0 0 0 0 0 0 0 0 0 0 0 0 0 0 0 0 0 0 0 0 0 0]
[788345972004891501940493097864610062575393240442769986265241550709505732744725004662545602521684624255389318707133863765991957688194050418973555510218441686183409707926570784329532057658029306759059705004973307991291591599315716019097021046425366376018321219987409978276291058852201555741211115870953113994028763 0 0 0 0 0 0 0 0 0 0 0 0 0 0 0 0 0 0 0 0 0 0 0 0 0 0 0 0 0 0 0 0 0 0 0 0 0 0 0 0 0 0 0 0 0 0 0 0 0 1 0 0 0 0 0 0 0 0 0 0 0 0 0 0 0 0 0 0 0 0 0 0 0 0 0 0 0 0 0 0 0 0 0 0 0 0 0 0 0 0 0 0 0 0 0 0 0 0 0 0 0 0 0]
[1421792406388038978432408800082969902775401036463237955551645327762596514544005032345982156413422847624816740194894252400285346020462986385460145872085730615556449000900424873346067144830414499588132051639506004098403156433006314394913926820861976221094187102807213703622175731271291719987963159886515150071450808 0 0 0 0 0 0 0 0 0 0 0 0 0 0 0 0 0 0 0 0 0 0 0 0 0 0 0 0 0 0 0 0 0 0 0 0 0 0 0 0 0 0 0 0 0 0 0 0 0 0 1 0 0 0 0 0 0 0 0 0 0 0 0 0 0 0 0 0 0 0 0 0 0 0 0 0 0 0 0 0 0 0 0 0 0 0 0 0 0 0 0 0 0 0 0 0 0 0 0 0 0 0 0]
[4809257436181757557173283689006074443873231044691533855470200061163444132749679215505405114969985302225171576767318589736705713452433880141636971214943405106150424663520222938742983922918837823704543433227738541141905125267029312081467423886545051009687472330049397318308745605989267804129382038771143694842401150 0 0 0 0 0 0 0 0 0 0 0 0 0 0 0 0 0 0 0 0 0 0 0 0 0 0 0 0 0 0 0 0 0 0 0 0 0 0 0 0 0 0 0 0 0 0 0 0 0 0 0 1 0 0 0 0 0 0 0 0 0 0 0 0 0 0 0 0 0 0 0 0 0 0 0 0 0 0 0 0 0 0 0 0 0 0 0 0 0 0 0 0 0 0 0 0 0 0 0 0 0 0 0]
[468036627738844091669815540615985007583221607307768792738867661212597889988277071613936285902525409691163730876328520667371168791305137588590075181166027544170781625212058528960926854089988535708393805042400575635454955126175852896700706904980842443380831647525230991668584322949145561424020385991855550704073455 0 0 0 0 0 0 0 0 0 0 0 0 0 0 0 0 0 0 0 0 0 0 0 0 0 0 0 0 0 0 0 0 0 0 0 0 0 0 0 0 0 0 0 0 0 0 0 0 0 0 0 0 1 0 0 0 0 0 0 0 0 0 0 0 0 0 0 0 0 0 0 0 0 0 0 0 0 0 0 0 0 0 0 0 0 0 0 0 0 0 0 0 0 0 0 0 0 0 0 0 0 0 0]
[6244114676962695615431647072050647730921055043753514271344788117998826181431118189453125927834945509800101422197701128550779078939282357753998470644891802058010811786702277789803165025416149241874932857466470632629093324614315844485262785384349682537115609173183461765259211235992222493106595632978671009485580463 0 0 0 0 0 0 0 0 0 0 0 0 0 0 0 0 0 0 0 0 0 0 0 0 0 0 0 0 0 0 0 0 0 0 0 0 0 0 0 0 0 0 0 0 0 0 0 0 0 0 0 0 0 1 0 0 0 0 0 0 0 0 0 0 0 0 0 0 0 0 0 0 0 0 0 0 0 0 0 0 0 0 0 0 0 0 0 0 0 0 0 0 0 0 0 0 0 0 0 0 0 0 0]
[3336033947249763588365228803030863110246316710372604985469774030776939312797022792384242790972388339338508036300638098703600740234264321806036308362569912456676054392049275386606901781381404920163002407840518048263313810637263268876166073284921169985422831191960196506477666245948611250381609782979266815831331929 0 0 0 0 0 0 0 0 0 0 0 0 0 0 0 0 0 0 0 0 0 0 0 0 0 0 0 0 0 0 0 0 0 0 0 0 0 0 0 0 0 0 0 0 0 0 0 0 0 0 0 0 0 0 1 0 0 0 0 0 0 0 0 0 0 0 0 0 0 0 0 0 0 0 0 0 0 0 0 0 0 0 0 0 0 0 0 0 0 0 0 0 0 0 0 0 0 0 0 0 0 0 0]
[5086374335416008739429387914218434293964803346863518789738562403133305268901387102663287810458064272032128392489616032548688875418386278517224062249037618621500461631957526473565307713233723668147901806849478392422770945008979449532136281485387256979610864006899864309858826764080370122249526145186871156457566986 0 0 0 0 0 0 0 0 0 0 0 0 0 0 0 0 0 0 0 0 0 0 0 0 0 0 0 0 0 0 0 0 0 0 0 0 0 0 0 0 0 0 0 0 0 0 0 0 0 0 0 0 0 0 0 1 0 0 0 0 0 0 0 0 0 0 0 0 0 0 0 0 0 0 0 0 0 0 0 0 0 0 0 0 0 0 0 0 0 0 0 0 0 0 0 0 0 0 0 0 0 0 0]
[3786308829460270591419497136982943046120531650852785046901655535010449896150119852378929000312932173544765871825676648951642155919920246439380494775382651967488830546524666549679125448253366640935697570578894311591675849273129223554905274325229746198577953944139894418206103860341917455622156691427055600527541071 0 0 0 0 0 0 0 0 0 0 0 0 0 0 0 0 0 0 0 0 0 0 0 0 0 0 0 0 0 0 0 0 0 0 0 0 0 0 0 0 0 0 0 0 0 0 0 0 0 0 0 0 0 0 0 0 1 0 0 0 0 0 0 0 0 0 0 0 0 0 0 0 0 0 0 0 0 0 0 0 0 0 0 0 0 0 0 0 0 0 0 0 0 0 0 0 0 0 0 0 0 0 0]
[4941254441663315029814437147451109160502122621553001604821192946568065271155448042321351055950293812555384544506607683575329637271970822495584457084431814879340518984761062448651073464971821394746885119782810788477367808640595556981970834365711280585862485447393128695555213840684327992622416077152440931513806420 0 0 0 0 0 0 0 0 0 0 0 0 0 0 0 0 0 0 0 0 0 0 0 0 0 0 0 0 0 0 0 0 0 0 0 0 0 0 0 0 0 0 0 0 0 0 0 0 0 0 0 0 0 0 0 0 0 1 0 0 0 0 0 0 0 0 0 0 0 0 0 0 0 0 0 0 0 0 0 0 0 0 0 0 0 0 0 0 0 0 0 0 0 0 0 0 0 0 0 0 0 0 0]
[3015588145846389532518655000630289243250919692691556377632699890521193664830839747475346508627216803399033638730401951351046574459395484205337365768128864273359559327197874416709994604418080681058253495165231078487484986245337161225778067623049815155846182871636023338941945655521963878526898961868787816088657470 0 0 0 0 0 0 0 0 0 0 0 0 0 0 0 0 0 0 0 0 0 0 0 0 0 0 0 0 0 0 0 0 0 0 0 0 0 0 0 0 0 0 0 0 0 0 0 0 0 0 0 0 0 0 0 0 0 0 1 0 0 0 0 0 0 0 0 0 0 0 0 0 0 0 0 0 0 0 0 0 0 0 0 0 0 0 0 0 0 0 0 0 0 0 0 0 0 0 0 0 0 0 0]
[5024242973043288549633028629703052312081005349186237260280463976629982575834920208213664018116719181228555512874947930717867381803994709995118381346951191052421591051200693257264013739422990702045192070397562589947595015261773132331350273442707445912645892687879840985043028372381148988175495486032403454601838940 0 0 0 0 0 0 0 0 0 0 0 0 0 0 0 0 0 0 0 0 0 0 0 0 0 0 0 0 0 0 0 0 0 0 0 0 0 0 0 0 0 0 0 0 0 0 0 0 0 0 0 0 0 0 0 0 0 0 0 1 0 0 0 0 0 0 0 0 0 0 0 0 0 0 0 0 0 0 0 0 0 0 0 0 0 0 0 0 0 0 0 0 0 0 0 0 0 0 0 0 0 0 0]
[480263816825438842160654365155435044741258442493832801764105054416599462849745521549304553946887462463388920546994273959821938710429289581873207403397398490688747931963184008340881432195323117448220555445909697392817823548215694773936646649415078987368824232948609540890386221096401323676695204853946792630959521 0 0 0 0 0 0 0 0 0 0 0 0 0 0 0 0 0 0 0 0 0 0 0 0 0 0 0 0 0 0 0 0 0 0 0 0 0 0 0 0 0 0 0 0 0 0 0 0 0 0 0 0 0 0 0 0 0 0 0 0 1 0 0 0 0 0 0 0 0 0 0 0 0 0 0 0 0 0 0 0 0 0 0 0 0 0 0 0 0 0 0 0 0 0 0 0 0 0 0 0 0 0 0]
[758018399345757592192723930557168538022312053924280342529659298519003811627015102520797894988520091517498275745150863230210822300468299709628239048507448824278465501890244709709489786390141686306557817328063047633916701039302857568293414115321643828815652521909428741133051496963272454041083277454085186094305111 0 0 0 0 0 0 0 0 0 0 0 0 0 0 0 0 0 0 0 0 0 0 0 0 0 0 0 0 0 0 0 0 0 0 0 0 0 0 0 0 0 0 0 0 0 0 0 0 0 0 0 0 0 0 0 0 0 0 0 0 0 1 0 0 0 0 0 0 0 0 0 0 0 0 0 0 0 0 0 0 0 0 0 0 0 0 0 0 0 0 0 0 0 0 0 0 0 0 0 0 0 0 0]
[4127376044546913060025570180161450327083812878610412865333945538837744499953128728119480944094868694694834556275117625442759896734391528584960875358849794037362032469129515795177899988120510475910767795931549248259464384548069778724490879034632611537780684644502867067150562059158214775310514337868894715050314142 0 0 0 0 0 0 0 0 0 0 0 0 0 0 0 0 0 0 0 0 0 0 0 0 0 0 0 0 0 0 0 0 0 0 0 0 0 0 0 0 0 0 0 0 0 0 0 0 0 0 0 0 0 0 0 0 0 0 0 0 0 0 1 0 0 0 0 0 0 0 0 0 0 0 0 0 0 0 0 0 0 0 0 0 0 0 0 0 0 0 0 0 0 0 0 0 0 0 0 0 0 0 0]
[3698421055568747229828748559029929700851738465693596324799939114279062712597287319906585302842368366587290620696489594235027647177768546695784400159440043899134683573178110325116122152891201320880982603674196986777810037184966872512008679843133227361492386845317207039273553197607299385362364878730191871133465901 0 0 0 0 0 0 0 0 0 0 0 0 0 0 0 0 0 0 0 0 0 0 0 0 0 0 0 0 0 0 0 0 0 0 0 0 0 0 0 0 0 0 0 0 0 0 0 0 0 0 0 0 0 0 0 0 0 0 0 0 0 0 0 1 0 0 0 0 0 0 0 0 0 0 0 0 0 0 0 0 0 0 0 0 0 0 0 0 0 0 0 0 0 0 0 0 0 0 0 0 0 0 0]
[4242840947490683144810679011519434084708304937591132353179009007125672235403586957102299594557326056870204464128130871417706738183091378834913501962511551956724677416661457407169399338823781251480728586035600387163756314077446237224698408594576662849753605490144505021810353847076317936982429345126460189791467371 0 0 0 0 0 0 0 0 0 0 0 0 0 0 0 0 0 0 0 0 0 0 0 0 0 0 0 0 0 0 0 0 0 0 0 0 0 0 0 0 0 0 0 0 0 0 0 0 0 0 0 0 0 0 0 0 0 0 0 0 0 0 0 0 1 0 0 0 0 0 0 0 0 0 0 0 0 0 0 0 0 0 0 0 0 0 0 0 0 0 0 0 0 0 0 0 0 0 0 0 0 0 0]
[1049575466542927203723054439035602970608642502477568837932886769696405102088310145614069363328177617314031579674082799555602891117418739746077575028822523640629396419696913768010221290741454849585040384318661273644627794994708557594115035336255666984808983781573193742329485555711844714052819822896683411121330949 0 0 0 0 0 0 0 0 0 0 0 0 0 0 0 0 0 0 0 0 0 0 0 0 0 0 0 0 0 0 0 0 0 0 0 0 0 0 0 0 0 0 0 0 0 0 0 0 0 0 0 0 0 0 0 0 0 0 0 0 0 0 0 0 0 1 0 0 0 0 0 0 0 0 0 0 0 0 0 0 0 0 0 0 0 0 0 0 0 0 0 0 0 0 0 0 0 0 0 0 0 0 0]
[787246776452411239419861923125071777360062504815826625485610538126563687090449258550693122004419841441311640451397701632157829386719811018391992744117706689572427065671020672614115885412047822555824450110273620722991237812935377840669994755933408317643549880639254966223654392257449101392329316754110891998287140 0 0 0 0 0 0 0 0 0 0 0 0 0 0 0 0 0 0 0 0 0 0 0 0 0 0 0 0 0 0 0 0 0 0 0 0 0 0 0 0 0 0 0 0 0 0 0 0 0 0 0 0 0 0 0 0 0 0 0 0 0 0 0 0 0 0 1 0 0 0 0 0 0 0 0 0 0 0 0 0 0 0 0 0 0 0 0 0 0 0 0 0 0 0 0 0 0 0 0 0 0 0 0]
[6013663557648468914728851977359572004001794015649974957787159171650182328498076927132300967819124699881574597007250540188072809963386330339999599993344495514531441326710507588345857532811217174962695066755430505301412143600451638740496528453282906733099866760275491032206432652851016281583942400834681949213703328 0 0 0 0 0 0 0 0 0 0 0 0 0 0 0 0 0 0 0 0 0 0 0 0 0 0 0 0 0 0 0 0 0 0 0 0 0 0 0 0 0 0 0 0 0 0 0 0 0 0 0 0 0 0 0 0 0 0 0 0 0 0 0 0 0 0 0 1 0 0 0 0 0 0 0 0 0 0 0 0 0 0 0 0 0 0 0 0 0 0 0 0 0 0 0 0 0 0 0 0 0 0 0]
[2789928200103104352855382376145186140140046544623952171807919563029045030417755396866421186524239543839501489706688367724731776759234271572818594214937354458696965096764538315169076993098958915888067463362047855950439658823529674568521135331318822216077772361069494865192353851120816227407837932117443949102267593 0 0 0 0 0 0 0 0 0 0 0 0 0 0 0 0 0 0 0 0 0 0 0 0 0 0 0 0 0 0 0 0 0 0 0 0 0 0 0 0 0 0 0 0 0 0 0 0 0 0 0 0 0 0 0 0 0 0 0 0 0 0 0 0 0 0 0 0 1 0 0 0 0 0 0 0 0 0 0 0 0 0 0 0 0 0 0 0 0 0 0 0 0 0 0 0 0 0 0 0 0 0 0]
[2768156550315596930291857058176735788843378035717072082999033377309526458400024629201511026638068509560066641881446279849255153593857580917277548018425819262672900192765842824758901702095950273253134641817120128804620398258311113677511224787687192433101259651255640184198925440197104764356994527561507984513266979 0 0 0 0 0 0 0 0 0 0 0 0 0 0 0 0 0 0 0 0 0 0 0 0 0 0 0 0 0 0 0 0 0 0 0 0 0 0 0 0 0 0 0 0 0 0 0 0 0 0 0 0 0 0 0 0 0 0 0 0 0 0 0 0 0 0 0 0 0 1 0 0 0 0 0 0 0 0 0 0 0 0 0 0 0 0 0 0 0 0 0 0 0 0 0 0 0 0 0 0 0 0 0]
[6775591745509048810698678369049976107548972658238263059589272131658634298661065771721091184199717038442802075385907849592288359882903845940824548441642568816274599803098564285997129021539964436450425530248890491608540008094423306325356164506367511756596343932053750938657508922564144715892368531404660895830212924 0 0 0 0 0 0 0 0 0 0 0 0 0 0 0 0 0 0 0 0 0 0 0 0 0 0 0 0 0 0 0 0 0 0 0 0 0 0 0 0 0 0 0 0 0 0 0 0 0 0 0 0 0 0 0 0 0 0 0 0 0 0 0 0 0 0 0 0 0 0 1 0 0 0 0 0 0 0 0 0 0 0 0 0 0 0 0 0 0 0 0 0 0 0 0 0 0 0 0 0 0 0 0]
[5463013973096115589573581022241340920663270233822621003315520444849384195639186443384249763616095001493176485347512295445291504594341651141544948333200631200697725848985133667238650420294297058080774820655113882366599811488561695280592116957399344628683458097358104681243592631671361137112830692838486372032704959 0 0 0 0 0 0 0 0 0 0 0 0 0 0 0 0 0 0 0 0 0 0 0 0 0 0 0 0 0 0 0 0 0 0 0 0 0 0 0 0 0 0 0 0 0 0 0 0 0 0 0 0 0 0 0 0 0 0 0 0 0 0 0 0 0 0 0 0 0 0 0 1 0 0 0 0 0 0 0 0 0 0 0 0 0 0 0 0 0 0 0 0 0 0 0 0 0 0 0 0 0 0 0]
[1428024846195752313833270319562272794511891451019155101640167601220360304575030950732657294386653866320183081147159346153584403265763400472540790521027978728802603523905525200806486336844643960301652255959889523530997493293198683587681188448706399946637162198987893843689118869034995036994815125320142958125839686 0 0 0 0 0 0 0 0 0 0 0 0 0 0 0 0 0 0 0 0 0 0 0 0 0 0 0 0 0 0 0 0 0 0 0 0 0 0 0 0 0 0 0 0 0 0 0 0 0 0 0 0 0 0 0 0 0 0 0 0 0 0 0 0 0 0 0 0 0 0 0 0 1 0 0 0 0 0 0 0 0 0 0 0 0 0 0 0 0 0 0 0 0 0 0 0 0 0 0 0 0 0 0]
[998221388137037239988361982250984392594415776998240390659265504933428905165833359961315820410243914589817076643289174377058058597421504891819720422342748267240614298012420931710273221069080539977042526606697330950205957748541983142697645637466373849475091375629700515563063542303186906531617351792122968896081162 0 0 0 0 0 0 0 0 0 0 0 0 0 0 0 0 0 0 0 0 0 0 0 0 0 0 0 0 0 0 0 0 0 0 0 0 0 0 0 0 0 0 0 0 0 0 0 0 0 0 0 0 0 0 0 0 0 0 0 0 0 0 0 0 0 0 0 0 0 0 0 0 0 1 0 0 0 0 0 0 0 0 0 0 0 0 0 0 0 0 0 0 0 0 0 0 0 0 0 0 0 0 0]
[6299219140989792612325580366822453659630872020564505576512850827663198377964331797528704526751978637024290996356501546073947735689166385017084855152816243209684359297276546440996809457529671985075799811131164294768733636524193799863848111034603402981438410597405267577762873867754621913074123394093446708724975180 0 0 0 0 0 0 0 0 0 0 0 0 0 0 0 0 0 0 0 0 0 0 0 0 0 0 0 0 0 0 0 0 0 0 0 0 0 0 0 0 0 0 0 0 0 0 0 0 0 0 0 0 0 0 0 0 0 0 0 0 0 0 0 0 0 0 0 0 0 0 0 0 0 0 1 0 0 0 0 0 0 0 0 0 0 0 0 0 0 0 0 0 0 0 0 0 0 0 0 0 0 0 0]
[2532911661320198998438153673992950846524505146155992617450603685533064181134653255374448232733657944143676049266481430253480267653583240022595555245210034244188997296253684830211409626607581088087127700214161385108444958793064451396120795931839513969171617539376311920442076335908230547208825089064092211997033972 0 0 0 0 0 0 0 0 0 0 0 0 0 0 0 0 0 0 0 0 0 0 0 0 0 0 0 0 0 0 0 0 0 0 0 0 0 0 0 0 0 0 0 0 0 0 0 0 0 0 0 0 0 0 0 0 0 0 0 0 0 0 0 0 0 0 0 0 0 0 0 0 0 0 0 1 0 0 0 0 0 0 0 0 0 0 0 0 0 0 0 0 0 0 0 0 0 0 0 0 0 0 0]
[5355629606257071052243064025490209159536469008656305244413624690029893845201385679636849219858506416970400261203212172263336106244432352345493985665583240742822940334574021677602115648148031968987914172273454526198972452853594706389173956878528031509387575939507503692121283794825473993756997363064236043102603614 0 0 0 0 0 0 0 0 0 0 0 0 0 0 0 0 0 0 0 0 0 0 0 0 0 0 0 0 0 0 0 0 0 0 0 0 0 0 0 0 0 0 0 0 0 0 0 0 0 0 0 0 0 0 0 0 0 0 0 0 0 0 0 0 0 0 0 0 0 0 0 0 0 0 0 0 1 0 0 0 0 0 0 0 0 0 0 0 0 0 0 0 0 0 0 0 0 0 0 0 0 0 0]
[3729753232639407403505240626493011743333951183778350242202307074917298558703378824232734889008636696094818439918557131115514011319328562121433200261381329396649631661479085017778963672836425935331297332344108395879266660259871335622256151525497359989093438159793002302729539324394319244311367551221205640242029190 0 0 0 0 0 0 0 0 0 0 0 0 0 0 0 0 0 0 0 0 0 0 0 0 0 0 0 0 0 0 0 0 0 0 0 0 0 0 0 0 0 0 0 0 0 0 0 0 0 0 0 0 0 0 0 0 0 0 0 0 0 0 0 0 0 0 0 0 0 0 0 0 0 0 0 0 0 1 0 0 0 0 0 0 0 0 0 0 0 0 0 0 0 0 0 0 0 0 0 0 0 0 0]
[2598022487461505917090990987674375413650047056313050279885108805553533145567448039898614508609154029581409897874771341805030561437349972602908528289038952344876157774925064282502234711753954223576263199357626749443167358380611097526950328079022227802127105371897436589587928400516781968620777994950168150628275351 0 0 0 0 0 0 0 0 0 0 0 0 0 0 0 0 0 0 0 0 0 0 0 0 0 0 0 0 0 0 0 0 0 0 0 0 0 0 0 0 0 0 0 0 0 0 0 0 0 0 0 0 0 0 0 0 0 0 0 0 0 0 0 0 0 0 0 0 0 0 0 0 0 0 0 0 0 0 1 0 0 0 0 0 0 0 0 0 0 0 0 0 0 0 0 0 0 0 0 0 0 0 0]
[6390690913426856685659732969834850319574237367127505063175135231436782482485637479356426291254043045943795256721523006383056405402210692258094940605853711316299423314198576726542596572011135435423313370300824834399181420441671776526423058039775192889782833900162196601655394723353870549815832054805748331553728321 0 0 0 0 0 0 0 0 0 0 0 0 0 0 0 0 0 0 0 0 0 0 0 0 0 0 0 0 0 0 0 0 0 0 0 0 0 0 0 0 0 0 0 0 0 0 0 0 0 0 0 0 0 0 0 0 0 0 0 0 0 0 0 0 0 0 0 0 0 0 0 0 0 0 0 0 0 0 0 1 0 0 0 0 0 0 0 0 0 0 0 0 0 0 0 0 0 0 0 0 0 0 0]
[6729713155476644740549481019113737697994014351309563236057682585773735082266319886955489655830303148918442135697531501264256845124567754703756218471054951224956430883308962066166019575596040144294456165561318734509749954344705570395385793800229258101183226124719153269879367593344121181523260780664548545748331588 0 0 0 0 0 0 0 0 0 0 0 0 0 0 0 0 0 0 0 0 0 0 0 0 0 0 0 0 0 0 0 0 0 0 0 0 0 0 0 0 0 0 0 0 0 0 0 0 0 0 0 0 0 0 0 0 0 0 0 0 0 0 0 0 0 0 0 0 0 0 0 0 0 0 0 0 0 0 0 0 1 0 0 0 0 0 0 0 0 0 0 0 0 0 0 0 0 0 0 0 0 0 0]
[4878380667053056082104259727940832316884965115782813113567774146182459854641798790720223051811570720203634182716618011959327059186272338357958894744740705124687908878445595265508485471980192930745904058281776758527781933356816376344119726053145891942773067211092789856204493837816853528048549542246357982598177597 0 0 0 0 0 0 0 0 0 0 0 0 0 0 0 0 0 0 0 0 0 0 0 0 0 0 0 0 0 0 0 0 0 0 0 0 0 0 0 0 0 0 0 0 0 0 0 0 0 0 0 0 0 0 0 0 0 0 0 0 0 0 0 0 0 0 0 0 0 0 0 0 0 0 0 0 0 0 0 0 0 1 0 0 0 0 0 0 0 0 0 0 0 0 0 0 0 0 0 0 0 0 0]
[2900111101029623615422577103786240225693396594485099048077888721063936129029289297874548005316824315870201623443833300049825627154004687059389150155161939537235182962541546620279094518544285476030041684686489978359336972699546727589079150138463663376744006892249528599682585671183346033420787499394386936536394055 0 0 0 0 0 0 0 0 0 0 0 0 0 0 0 0 0 0 0 0 0 0 0 0 0 0 0 0 0 0 0 0 0 0 0 0 0 0 0 0 0 0 0 0 0 0 0 0 0 0 0 0 0 0 0 0 0 0 0 0 0 0 0 0 0 0 0 0 0 0 0 0 0 0 0 0 0 0 0 0 0 0 1 0 0 0 0 0 0 0 0 0 0 0 0 0 0 0 0 0 0 0 0]
[4420431662440268694185392504093108333699303308220755048289616656670853294523768999601941226677581768804823851407110807757741915008079844879254603318364946525577151748387767499411100786255560528258422807976286559911915405103783022660182552630241810294098905841161680813230402379859692222096788764742717302441862255 0 0 0 0 0 0 0 0 0 0 0 0 0 0 0 0 0 0 0 0 0 0 0 0 0 0 0 0 0 0 0 0 0 0 0 0 0 0 0 0 0 0 0 0 0 0 0 0 0 0 0 0 0 0 0 0 0 0 0 0 0 0 0 0 0 0 0 0 0 0 0 0 0 0 0 0 0 0 0 0 0 0 0 1 0 0 0 0 0 0 0 0 0 0 0 0 0 0 0 0 0 0 0]
[6225840004065616817493170953391230562157122514626853658632873972856334341611422477909446068199571913809481538354883572376154414350934570807977512500988173222897956084817088606492872048246875254534788243069445941922193577614933448975800581192894438352780064440800052325455831762011039588829820637399482592887798202 0 0 0 0 0 0 0 0 0 0 0 0 0 0 0 0 0 0 0 0 0 0 0 0 0 0 0 0 0 0 0 0 0 0 0 0 0 0 0 0 0 0 0 0 0 0 0 0 0 0 0 0 0 0 0 0 0 0 0 0 0 0 0 0 0 0 0 0 0 0 0 0 0 0 0 0 0 0 0 0 0 0 0 0 1 0 0 0 0 0 0 0 0 0 0 0 0 0 0 0 0 0 0]
[3103461851882993318264935661332441200535671249672285752896601392753621797269754713025537126009967692481531551099606995178866406297195340674988857623403249533235460094020220610998961532924437929233894754246089577762615877036208556252250599056503204095857588850925433172851494033414228271108383749090116777627496833 0 0 0 0 0 0 0 0 0 0 0 0 0 0 0 0 0 0 0 0 0 0 0 0 0 0 0 0 0 0 0 0 0 0 0 0 0 0 0 0 0 0 0 0 0 0 0 0 0 0 0 0 0 0 0 0 0 0 0 0 0 0 0 0 0 0 0 0 0 0 0 0 0 0 0 0 0 0 0 0 0 0 0 0 0 1 0 0 0 0 0 0 0 0 0 0 0 0 0 0 0 0 0]
[4642352575474930226476963997278303584022174166518593943448201628967252997524913166895526497130343875541033739298238484817170747429127104504138359755868435883994545139319837680039714262399187645860264558696603760534868231704568558446895188491671033646849744074164103673449999050796551185203073495525889284244917683 0 0 0 0 0 0 0 0 0 0 0 0 0 0 0 0 0 0 0 0 0 0 0 0 0 0 0 0 0 0 0 0 0 0 0 0 0 0 0 0 0 0 0 0 0 0 0 0 0 0 0 0 0 0 0 0 0 0 0 0 0 0 0 0 0 0 0 0 0 0 0 0 0 0 0 0 0 0 0 0 0 0 0 0 0 0 1 0 0 0 0 0 0 0 0 0 0 0 0 0 0 0 0]
[4958640045173053340607417899931154840646370468724626894045935556079666354386782534389204256632461358866871495269718527261330426081038464863610968627369586724843893334490740500134562064790270522835852892186328960396386043733765449590030223328118987138816101411313504382031701099481550882913044239080596238008890222 0 0 0 0 0 0 0 0 0 0 0 0 0 0 0 0 0 0 0 0 0 0 0 0 0 0 0 0 0 0 0 0 0 0 0 0 0 0 0 0 0 0 0 0 0 0 0 0 0 0 0 0 0 0 0 0 0 0 0 0 0 0 0 0 0 0 0 0 0 0 0 0 0 0 0 0 0 0 0 0 0 0 0 0 0 0 0 1 0 0 0 0 0 0 0 0 0 0 0 0 0 0 0]
[5584882513577319800687685619630432069822921629234954253919962402073934386764339345271859539941725994677285541954731507840010674472577159317284255856117668507443489758465432455761385794399197525728233025135992965454639154766369198888089814639034269778065284779480929194244166724446811940954548434186644615349344562 0 0 0 0 0 0 0 0 0 0 0 0 0 0 0 0 0 0 0 0 0 0 0 0 0 0 0 0 0 0 0 0 0 0 0 0 0 0 0 0 0 0 0 0 0 0 0 0 0 0 0 0 0 0 0 0 0 0 0 0 0 0 0 0 0 0 0 0 0 0 0 0 0 0 0 0 0 0 0 0 0 0 0 0 0 0 0 0 1 0 0 0 0 0 0 0 0 0 0 0 0 0 0]
[5270501206934518385521706353692490685250277648922353981969270234500084336626466856878087801643117703555851249115646687367212460585793455725107573725367185368020675122209441230864802142904192676272526752144578791917816863648946149252753895007869382087287779784923811072486334188603345764996920065163844080346246021 0 0 0 0 0 0 0 0 0 0 0 0 0 0 0 0 0 0 0 0 0 0 0 0 0 0 0 0 0 0 0 0 0 0 0 0 0 0 0 0 0 0 0 0 0 0 0 0 0 0 0 0 0 0 0 0 0 0 0 0 0 0 0 0 0 0 0 0 0 0 0 0 0 0 0 0 0 0 0 0 0 0 0 0 0 0 0 0 0 1 0 0 0 0 0 0 0 0 0 0 0 0 0]
[4211502816040918164248649328990440733927083391234510012310962610380768136663167953362572626575239251003532031290648416286518435356533079190591595896725795112211752305267413472495009322075010186754581854626158954321628109598412036652118407047580564256785836849764479728505742032080612136873653203739297758745737481 0 0 0 0 0 0 0 0 0 0 0 0 0 0 0 0 0 0 0 0 0 0 0 0 0 0 0 0 0 0 0 0 0 0 0 0 0 0 0 0 0 0 0 0 0 0 0 0 0 0 0 0 0 0 0 0 0 0 0 0 0 0 0 0 0 0 0 0 0 0 0 0 0 0 0 0 0 0 0 0 0 0 0 0 0 0 0 0 0 0 1 0 0 0 0 0 0 0 0 0 0 0 0]
[3496870760062173620245294128155913948183876907983901499356153323285311453609806912393143260991425825774646953591484232952184723195466241633769554164555662757857122924409555505030129320616510756034770740664083626343801602079217269065561588653929039439960556212401720225231206084541034327830312964760651272317514988 0 0 0 0 0 0 0 0 0 0 0 0 0 0 0 0 0 0 0 0 0 0 0 0 0 0 0 0 0 0 0 0 0 0 0 0 0 0 0 0 0 0 0 0 0 0 0 0 0 0 0 0 0 0 0 0 0 0 0 0 0 0 0 0 0 0 0 0 0 0 0 0 0 0 0 0 0 0 0 0 0 0 0 0 0 0 0 0 0 0 0 1 0 0 0 0 0 0 0 0 0 0 0]
[6592139989995358686730841777253445053772286109224284191202861633454165299127589763188262039819029697922447637524435860127813464945304544016790357575787993150767342518324144472731080747905720430340231814602088626010838951545119635524010860521044891573079631131264296184330175913570586015566627180858454971409878587 0 0 0 0 0 0 0 0 0 0 0 0 0 0 0 0 0 0 0 0 0 0 0 0 0 0 0 0 0 0 0 0 0 0 0 0 0 0 0 0 0 0 0 0 0 0 0 0 0 0 0 0 0 0 0 0 0 0 0 0 0 0 0 0 0 0 0 0 0 0 0 0 0 0 0 0 0 0 0 0 0 0 0 0 0 0 0 0 0 0 0 0 1 0 0 0 0 0 0 0 0 0 0]
[4825406513102248173768324547656864836128364693018509093638184558332938214139969596992612383568756308868272075605233456808971684664701253217000143713490663061568326825323203266850089088320885789465070985034462282845376907339136747177391351425336230694075141576597841388665469448992966825911271077188857023807601264 0 0 0 0 0 0 0 0 0 0 0 0 0 0 0 0 0 0 0 0 0 0 0 0 0 0 0 0 0 0 0 0 0 0 0 0 0 0 0 0 0 0 0 0 0 0 0 0 0 0 0 0 0 0 0 0 0 0 0 0 0 0 0 0 0 0 0 0 0 0 0 0 0 0 0 0 0 0 0 0 0 0 0 0 0 0 0 0 0 0 0 0 0 1 0 0 0 0 0 0 0 0 0]
[5740418650264588431390412170896898845311950472096861684656534651794552455277852099787435631039817501482182621007211560904963294416274023890045774086486823595007133367088424419921943697879557858906242446199439682253401655613785931754796081207326560800881795419356247797014078173530872484293851392564056593796898954 0 0 0 0 0 0 0 0 0 0 0 0 0 0 0 0 0 0 0 0 0 0 0 0 0 0 0 0 0 0 0 0 0 0 0 0 0 0 0 0 0 0 0 0 0 0 0 0 0 0 0 0 0 0 0 0 0 0 0 0 0 0 0 0 0 0 0 0 0 0 0 0 0 0 0 0 0 0 0 0 0 0 0 0 0 0 0 0 0 0 0 0 0 0 1 0 0 0 0 0 0 0 0]
[7203893837003836184645458809184111176431201989221581567860855461532515191235746535643047519559313327432814552476059531625145466171777069069564277163358598313991415516815938177714922120181281550777372993281120119068797837153177211026225498619169627075343526535930151254892790718836279665630387712396387461492317197 0 0 0 0 0 0 0 0 0 0 0 0 0 0 0 0 0 0 0 0 0 0 0 0 0 0 0 0 0 0 0 0 0 0 0 0 0 0 0 0 0 0 0 0 0 0 0 0 0 0 0 0 0 0 0 0 0 0 0 0 0 0 0 0 0 0 0 0 0 0 0 0 0 0 0 0 0 0 0 0 0 0 0 0 0 0 0 0 0 0 0 0 0 0 0 1 0 0 0 0 0 0 0]
[3887566228679089591863859300420709133033020902128623648142078326609691024062924510479657653558048150448187447124742140707072403238253810900075390148231393909689349484108272502609758416104162388788419179107872872840575030524947715783604112641783172409242688109548560863153394902472313403203448977522251198586243956 0 0 0 0 0 0 0 0 0 0 0 0 0 0 0 0 0 0 0 0 0 0 0 0 0 0 0 0 0 0 0 0 0 0 0 0 0 0 0 0 0 0 0 0 0 0 0 0 0 0 0 0 0 0 0 0 0 0 0 0 0 0 0 0 0 0 0 0 0 0 0 0 0 0 0 0 0 0 0 0 0 0 0 0 0 0 0 0 0 0 0 0 0 0 0 0 1 0 0 0 0 0 0]
[2603014858361716634893047233350298898621782921830302650777180780945891831285196326960108798695508696014518242600254002566124815687845450697694407829119336627690562334517040852755094056445240034726283685077605746295369264230047609257656198991304850743589643966760543730701827964979428269997461696449118957266214204 0 0 0 0 0 0 0 0 0 0 0 0 0 0 0 0 0 0 0 0 0 0 0 0 0 0 0 0 0 0 0 0 0 0 0 0 0 0 0 0 0 0 0 0 0 0 0 0 0 0 0 0 0 0 0 0 0 0 0 0 0 0 0 0 0 0 0 0 0 0 0 0 0 0 0 0 0 0 0 0 0 0 0 0 0 0 0 0 0 0 0 0 0 0 0 0 0 1 0 0 0 0 0]
[382516361106169887565432618625659403208915116482814519379785358212910978142627424885670140936406249487811274154928140122935389336766548129454310280369609930071981216950900073081827482873005626890532523857131661813998686115452543892758023466398586365016993486732911344868740731263269765439347286888510998304783563 0 0 0 0 0 0 0 0 0 0 0 0 0 0 0 0 0 0 0 0 0 0 0 0 0 0 0 0 0 0 0 0 0 0 0 0 0 0 0 0 0 0 0 0 0 0 0 0 0 0 0 0 0 0 0 0 0 0 0 0 0 0 0 0 0 0 0 0 0 0 0 0 0 0 0 0 0 0 0 0 0 0 0 0 0 0 0 0 0 0 0 0 0 0 0 0 0 0 1 0 0 0 0]
[1504355524688912461535954943129975383602554933201383962671619493037918400125323467744126749783974216474509843218441466623665331020362068111827664106700549194990371025889574746275069324513223485984910209377104215577930339566108900793406935519365123156149905840251042873684899081046000251198366151505275139660929848 0 0 0 0 0 0 0 0 0 0 0 0 0 0 0 0 0 0 0 0 0 0 0 0 0 0 0 0 0 0 0 0 0 0 0 0 0 0 0 0 0 0 0 0 0 0 0 0 0 0 0 0 0 0 0 0 0 0 0 0 0 0 0 0 0 0 0 0 0 0 0 0 0 0 0 0 0 0 0 0 0 0 0 0 0 0 0 0 0 0 0 0 0 0 0 0 0 0 0 1 0 0 0]
[6482495903980171296342371212310327645290580814979522627733165566059115508741286718702412241419331430737401935605163078421084014462776820274522782510803214265804444515886119897020657567342685872987928510677387719731289231922625748669738949689177749206399007780556704659041927583758910406327828316631622392581347128 0 0 0 0 0 0 0 0 0 0 0 0 0 0 0 0 0 0 0 0 0 0 0 0 0 0 0 0 0 0 0 0 0 0 0 0 0 0 0 0 0 0 0 0 0 0 0 0 0 0 0 0 0 0 0 0 0 0 0 0 0 0 0 0 0 0 0 0 0 0 0 0 0 0 0 0 0 0 0 0 0 0 0 0 0 0 0 0 0 0 0 0 0 0 0 0 0 0 0 0 1 0 0]
[5492850247121387329877249956552442169652860308624153582857127624603050555670548418814687421438910733014632415517773830057722688291845970884297833436642566706541149758737681367981984682311459421482476486732605581061379254950492788316591112557127061215952293951582224687683970232084994308692788756512461427578662864 0 0 0 0 0 0 0 0 0 0 0 0 0 0 0 0 0 0 0 0 0 0 0 0 0 0 0 0 0 0 0 0 0 0 0 0 0 0 0 0 0 0 0 0 0 0 0 0 0 0 0 0 0 0 0 0 0 0 0 0 0 0 0 0 0 0 0 0 0 0 0 0 0 0 0 0 0 0 0 0 0 0 0 0 0 0 0 0 0 0 0 0 0 0 0 0 0 0 0 0 0 1 0]
[604492837711503827746029836689009505693401743853615162230799496894210020205511986547697379607999788505897450316380326687171930847011145567012248629013897058701231645262860818428764476237251029098652456678944895408062547754262192259326114197537305294173226114099120161249144588089512380320490842890624819936763530 0 0 0 0 0 0 0 0 0 0 0 0 0 0 0 0 0 0 0 0 0 0 0 0 0 0 0 0 0 0 0 0 0 0 0 0 0 0 0 0 0 0 0 0 0 0 0 0 0 0 0 0 0 0 0 0 0 0 0 0 0 0 0 0 0 0 0 0 0 0 0 0 0 0 0 0 0 0 0 0 0 0 0 0 0 0 0 0 0 0 0 0 0 0 0 0 0 0 0 0 0 0 1]
]
