[[2632739326038405612679202992011476230509425465757014993696748491954623929147972024417926653221664199782964324699330811076995975756234593611365155186585771378984975694849284214923134250192539916857453 0 0 0 0 0 0 0 0 0 0 0 0 0 0 0 0 0 0 0 0 0 0 0 0 0 0 0 0 0 0 0 0 0 0 0 0 0 0 0 0 0 0 0 0 0 0 0 0 0 0 0 0 0 0 0 0 0 0 0 0 0 0 0 0 0]
[2304132882446843123339442732704342051424037257353642500601507122697437084604759379879344297701289465292952996800144622857159906282508870403502434955357839426216283537453179810339475852458670261500182 1 0 0 0 0 0 0 0 0 0 0 0 0 0 0 0 0 0 0 0 0 0 0 0 0 0 0 0 0 0 0 0 0 0 0 0 0 0 0 0 0 0 0 0 0 0 0 0 0 0 0 0 0 0 0 0 0 0 0 0 0 0 0 0 0]
[350743045655619131531878063722656600102448309966965573716918833060153841945786214456661707184191247142251822367506530567941556602625116487492801863233812578778197693475345437149213490719783698070743 0 1 0 0 0 0 0 0 0 0 0 0 0 0 0 0 0 0 0 0 0 0 0 0 0 0 0 0 0 0 0 0 0 0 0 0 0 0 0 0 0 0 0 0 0 0 0 0 0 0 0 0 0 0 0 0 0 0 0 0 0 0 0 0 0]
[2619824358462907681041218137040520051010588433959469243967921579889448236257350706260418600667957962245249076643737296234056824195214518135469994685474221565468595504223893982176559629153229188186304 0 0 1 0 0 0 0 0 0 0 0 0 0 0 0 0 0 0 0 0 0 0 0 0 0 0 0 0 0 0 0 0 0 0 0 0 0 0 0 0 0 0 0 0 0 0 0 0 0 0 0 0 0 0 0 0 0 0 0 0 0 0 0 0 0]
[842075592314850371808577219630660891335010459373716673024935914760318733456004801908505028740714068556691332446841301645947873692253867285605770971820371988351700835840399202156177616482375031169471 0 0 0 1 0 0 0 0 0 0 0 0 0 0 0 0 0 0 0 0 0 0 0 0 0 0 0 0 0 0 0 0 0 0 0 0 0 0 0 0 0 0 0 0 0 0 0 0 0 0 0 0 0 0 0 0 0 0 0 0 0 0 0 0 0]
[1441950824004942043304440044546936754807944367774042159443992938355788567715114693173867672421965219600737106341390457134435528801354789027011226781818691023693572906603556559069402512975666406749603 0 0 0 0 1 0 0 0 0 0 0 0 0 0 0 0 0 0 0 0 0 0 0 0 0 0 0 0 0 0 0 0 0 0 0 0 0 0 0 0 0 0 0 0 0 0 0 0 0 0 0 0 0 0 0 0 0 0 0 0 0 0 0 0 0]
[2602449231990256955119793490083942927490085704649953743669685428796526910917540714026044442616890900108571242598468834530766373427524077672868263954557614858277703027126672952252131236140035951419988 0 0 0 0 0 1 0 0 0 0 0 0 0 0 0 0 0 0 0 0 0 0 0 0 0 0 0 0 0 0 0 0 0 0 0 0 0 0 0 0 0 0 0 0 0 0 0 0 0 0 0 0 0 0 0 0 0 0 0 0 0 0 0 0 0]
[2452175553138692189211330017237259547706964120785574652895843222436837161024880745957075494697747493500114997019503356302792761385702847775475460247325787530782424673503864585677309791675314926243409 0 0 0 0 0 0 1 0 0 0 0 0 0 0 0 0 0 0 0 0 0 0 0 0 0 0 0 0 0 0 0 0 0 0 0 0 0 0 0 0 0 0 0 0 0 0 0 0 0 0 0 0 0 0 0 0 0 0 0 0 0 0 0 0 0]
[125772194155550765554024979149931865592721919122234627616066673595595330880645944974681017082976605561043544984977254720201215294130125910149438064114037134577467159497684725968027901020468377542507 0 0 0 0 0 0 0 1 0 0 0 0 0 0 0 0 0 0 0 0 0 0 0 0 0 0 0 0 0 0 0 0 0 0 0 0 0 0 0 0 0 0 0 0 0 0 0 0 0 0 0 0 0 0 0 0 0 0 0 0 0 0 0 0 0]
[1409251781052002932529263254595810391569616925638127689228455122822500385931788671731934324809051768652932138404294371450769576751072734078669830730265589399336979157111963971416231890534229774126512 0 0 0 0 0 0 0 0 1 0 0 0 0 0 0 0 0 0 0 0 0 0 0 0 0 0 0 0 0 0 0 0 0 0 0 0 0 0 0 0 0 0 0 0 0 0 0 0 0 0 0 0 0 0 0 0 0 0 0 0 0 0 0 0 0]
[1786215450901720065307126470582453945881952028158326846676499603599723158879957265163238743101923637910205550414809735190868877556189587380020426026681632335150426691841590373920451926720168812431520 0 0 0 0 0 0 0 0 0 1 0 0 0 0 0 0 0 0 0 0 0 0 0 0 0 0 0 0 0 0 0 0 0 0 0 0 0 0 0 0 0 0 0 0 0 0 0 0 0 0 0 0 0 0 0 0 0 0 0 0 0 0 0 0 0]
[1071631127444125316239395554919375595968152189024870882648673712302831615276362228496346491156266416613183202285051133544242847874825422367647537702036911691611038817565106887782623765935693638590893 0 0 0 0 0 0 0 0 0 0 1 0 0 0 0 0 0 0 0 0 0 0 0 0 0 0 0 0 0 0 0 0 0 0 0 0 0 0 0 0 0 0 0 0 0 0 0 0 0 0 0 0 0 0 0 0 0 0 0 0 0 0 0 0 0]
[326160353816435173229337158420722114625345807026437831814421763100765051972344855731956346636495211050869279036228310131978001344453207061680389495706626854738410193483488763159424678480374530863219 0 0 0 0 0 0 0 0 0 0 0 1 0 0 0 0 0 0 0 0 0 0 0 0 0 0 0 0 0 0 0 0 0 0 0 0 0 0 0 0 0 0 0 0 0 0 0 0 0 0 0 0 0 0 0 0 0 0 0 0 0 0 0 0 0]
[1983886511166208401795870901646467811825773435892238856814423605842280247399823021575550522351002532811789423838859118467330171048845222522108777288685618649242053261170461310939878667215070000699351 0 0 0 0 0 0 0 0 0 0 0 0 1 0 0 0 0 0 0 0 0 0 0 0 0 0 0 0 0 0 0 0 0 0 0 0 0 0 0 0 0 0 0 0 0 0 0 0 0 0 0 0 0 0 0 0 0 0 0 0 0 0 0 0 0]
[133964979500779314122931389313040370088039441666185556949489736187402350420960579954289378795452392780099557559030912981116737368835380120079634935606632406422703643964719677790948085310517305789431 0 0 0 0 0 0 0 0 0 0 0 0 0 1 0 0 0 0 0 0 0 0 0 0 0 0 0 0 0 0 0 0 0 0 0 0 0 0 0 0 0 0 0 0 0 0 0 0 0 0 0 0 0 0 0 0 0 0 0 0 0 0 0 0 0]
[589928686562621064617136664181260372072091775753681987400205646735566010514320182811531338411479532720874296685769353875072445780294926780848085846347940954368602541284243511373653900519201323074635 0 0 0 0 0 0 0 0 0 0 0 0 0 0 1 0 0 0 0 0 0 0 0 0 0 0 0 0 0 0 0 0 0 0 0 0 0 0 0 0 0 0 0 0 0 0 0 0 0 0 0 0 0 0 0 0 0 0 0 0 0 0 0 0 0]
[32532146147750136655538132848996273885555790221990133469488831331596223891621941935581115612895049233796090929642726148008206656256010808060469458561412709967595235490146431933591596659655352429373 0 0 0 0 0 0 0 0 0 0 0 0 0 0 0 1 0 0 0 0 0 0 0 0 0 0 0 0 0 0 0 0 0 0 0 0 0 0 0 0 0 0 0 0 0 0 0 0 0 0 0 0 0 0 0 0 0 0 0 0 0 0 0 0 0]
[126174260460441456235218392021341340989645975739462682737553645485868880327963590901263478654389870956184076214302839676354514763123626263200070791091938439353774291189857812498351096336518885239909 0 0 0 0 0 0 0 0 0 0 0 0 0 0 0 0 1 0 0 0 0 0 0 0 0 0 0 0 0 0 0 0 0 0 0 0 0 0 0 0 0 0 0 0 0 0 0 0 0 0 0 0 0 0 0 0 0 0 0 0 0 0 0 0 0]
[264563523478529629045248229637746825073561357028139024077901013905542629949978383255038845682337727631798479156612360226418301688158023973936587086956834498971641976214279374188399649947453695154008 0 0 0 0 0 0 0 0 0 0 0 0 0 0 0 0 0 1 0 0 0 0 0 0 0 0 0 0 0 0 0 0 0 0 0 0 0 0 0 0 0 0 0 0 0 0 0 0 0 0 0 0 0 0 0 0 0 0 0 0 0 0 0 0 0]
[19930436731627696550519226194666698803257644027414758063234751940116679654313637362975442831939688592380016565756099373324546879882277479828681025034319041655961349011685819852412031111478026048482 0 0 0 0 0 0 0 0 0 0 0 0 0 0 0 0 0 0 1 0 0 0 0 0 0 0 0 0 0 0 0 0 0 0 0 0 0 0 0 0 0 0 0 0 0 0 0 0 0 0 0 0 0 0 0 0 0 0 0 0 0 0 0 0 0]
[1054340875542205247253200410457162725883729656956192414747038703537221093441260584984212679625138384532171898781554230657412497682887184691950218001265633621792913258506523168726452999739025207519636 0 0 0 0 0 0 0 0 0 0 0 0 0 0 0 0 0 0 0 1 0 0 0 0 0 0 0 0 0 0 0 0 0 0 0 0 0 0 0 0 0 0 0 0 0 0 0 0 0 0 0 0 0 0 0 0 0 0 0 0 0 0 0 0 0]
[2382970679129889139202899851090848335309343556949508956912962923016166488783989636568424867055830230838064681557439946745573050885740562487823358518552363796342049363982161092705881551502558506747393 0 0 0 0 0 0 0 0 0 0 0 0 0 0 0 0 0 0 0 0 1 0 0 0 0 0 0 0 0 0 0 0 0 0 0 0 0 0 0 0 0 0 0 0 0 0 0 0 0 0 0 0 0 0 0 0 0 0 0 0 0 0 0 0 0]
[2607780244925532654373670600516874774734777073818799912470353580853135121229222521959665940624471989881533363780780410972965629351910622936587263626817434058638007121998429708924384532592711151118536 0 0 0 0 0 0 0 0 0 0 0 0 0 0 0 0 0 0 0 0 0 1 0 0 0 0 0 0 0 0 0 0 0 0 0 0 0 0 0 0 0 0 0 0 0 0 0 0 0 0 0 0 0 0 0 0 0 0 0 0 0 0 0 0 0]
[157214939558541537274735785122852175895138284881365856461661978248248360648248792720421816041521175202795541062681983885350312858280792557116699772903361070712026446018932977883330907190242564996626 0 0 0 0 0 0 0 0 0 0 0 0 0 0 0 0 0 0 0 0 0 0 1 0 0 0 0 0 0 0 0 0 0 0 0 0 0 0 0 0 0 0 0 0 0 0 0 0 0 0 0 0 0 0 0 0 0 0 0 0 0 0 0 0 0]
[1749285187713261529415955258667118286615703023741780200457238593005421148078810198811771292268022648823287218766951993948155561098447654720603996940171324490185375476987772185647256509254443230197734 0 0 0 0 0 0 0 0 0 0 0 0 0 0 0 0 0 0 0 0 0 0 0 1 0 0 0 0 0 0 0 0 0 0 0 0 0 0 0 0 0 0 0 0 0 0 0 0 0 0 0 0 0 0 0 0 0 0 0 0 0 0 0 0 0]
[2138993924456195115012921894123056333086437218529504056760838022995061752045102186181961878114887366368635922156050473723256895453703353457019631346044846066121649369796476346632711585968036744404489 0 0 0 0 0 0 0 0 0 0 0 0 0 0 0 0 0 0 0 0 0 0 0 0 1 0 0 0 0 0 0 0 0 0 0 0 0 0 0 0 0 0 0 0 0 0 0 0 0 0 0 0 0 0 0 0 0 0 0 0 0 0 0 0 0]
[28060712683074116499434768435664190637808284622414237101145186895085402902782533629449663268127099534182572128349974544543114634380846195761449313313428746910273016081072859127027811999109755579252 0 0 0 0 0 0 0 0 0 0 0 0 0 0 0 0 0 0 0 0 0 0 0 0 0 1 0 0 0 0 0 0 0 0 0 0 0 0 0 0 0 0 0 0 0 0 0 0 0 0 0 0 0 0 0 0 0 0 0 0 0 0 0 0 0]
[378350221778112209472137351441866671272378730349195436348912868954293196075920842942600558077622776964194762756348909784874451378274225943048003664479541709836930605923210950789984466579105252063602 0 0 0 0 0 0 0 0 0 0 0 0 0 0 0 0 0 0 0 0 0 0 0 0 0 0 1 0 0 0 0 0 0 0 0 0 0 0 0 0 0 0 0 0 0 0 0 0 0 0 0 0 0 0 0 0 0 0 0 0 0 0 0 0 0]
[2210514645290272050215920501241241963755262069322377434550476009962834738955229710470913655402663713544434586952526531863570841554577200083768404031735114921761923531339732888192409216323296856768398 0 0 0 0 0 0 0 0 0 0 0 0 0 0 0 0 0 0 0 0 0 0 0 0 0 0 0 1 0 0 0 0 0 0 0 0 0 0 0 0 0 0 0 0 0 0 0 0 0 0 0 0 0 0 0 0 0 0 0 0 0 0 0 0 0]
[1876996284796690181120476896509973048517955663154811269123755033638614535964741579591242831065601558726563772707235573698852068523518516444720830196397452308674643509154546123252567630858977311932084 0 0 0 0 0 0 0 0 0 0 0 0 0 0 0 0 0 0 0 0 0 0 0 0 0 0 0 0 1 0 0 0 0 0 0 0 0 0 0 0 0 0 0 0 0 0 0 0 0 0 0 0 0 0 0 0 0 0 0 0 0 0 0 0 0]
[1250221075962143526908297749630267633716814270162765863542616666143478394412819860317390715642110395263662828733695078880798735754982928609253075168447761131968503537934340736117203764766957250834912 0 0 0 0 0 0 0 0 0 0 0 0 0 0 0 0 0 0 0 0 0 0 0 0 0 0 0 0 0 1 0 0 0 0 0 0 0 0 0 0 0 0 0 0 0 0 0 0 0 0 0 0 0 0 0 0 0 0 0 0 0 0 0 0 0]
[78643637933214836641801502999298890743932914281233173008382468228116893613797491460174563166587334805752695963012070024565082509848450160897715401327492122167094166888204142259233300443382473846643 0 0 0 0 0 0 0 0 0 0 0 0 0 0 0 0 0 0 0 0 0 0 0 0 0 0 0 0 0 0 1 0 0 0 0 0 0 0 0 0 0 0 0 0 0 0 0 0 0 0 0 0 0 0 0 0 0 0 0 0 0 0 0 0 0]
[764082442072418873992323224205377316745692304037228830001278571766678450517897065774191032035356686722268924053975057033888068285962831443765070846914368550448372680581534834211975397714182999408169 0 0 0 0 0 0 0 0 0 0 0 0 0 0 0 0 0 0 0 0 0 0 0 0 0 0 0 0 0 0 0 1 0 0 0 0 0 0 0 0 0 0 0 0 0 0 0 0 0 0 0 0 0 0 0 0 0 0 0 0 0 0 0 0 0]
[767525972912392306325768526767530942924139385440027494922750803731929096801672705089935768052602553296818764566129741428440815308188167614418601115455566589583766296198889703199739542755684594623063 0 0 0 0 0 0 0 0 0 0 0 0 0 0 0 0 0 0 0 0 0 0 0 0 0 0 0 0 0 0 0 0 1 0 0 0 0 0 0 0 0 0 0 0 0 0 0 0 0 0 0 0 0 0 0 0 0 0 0 0 0 0 0 0 0]
[2241722234580140354101133018030621085379996060411573392215543817551790935755760111535374549083389213588194391817664744288102309836963168857657619697213560155031931120789158453661250655365377040078278 0 0 0 0 0 0 0 0 0 0 0 0 0 0 0 0 0 0 0 0 0 0 0 0 0 0 0 0 0 0 0 0 0 1 0 0 0 0 0 0 0 0 0 0 0 0 0 0 0 0 0 0 0 0 0 0 0 0 0 0 0 0 0 0 0]
[2515578353263263249938987778575712668800884102452234303807829415317306703856244972704975692390491138195483775027381496935533921701374762012457895366243371675718215836897935241268507787876299161451185 0 0 0 0 0 0 0 0 0 0 0 0 0 0 0 0 0 0 0 0 0 0 0 0 0 0 0 0 0 0 0 0 0 0 1 0 0 0 0 0 0 0 0 0 0 0 0 0 0 0 0 0 0 0 0 0 0 0 0 0 0 0 0 0 0]
[1642494939139784123548142154041193914275190144511083868245910548597490578438293281124500840767321705762188257509421514515693247358019125075804017923167456902108295824772773801174662470684347637205498 0 0 0 0 0 0 0 0 0 0 0 0 0 0 0 0 0 0 0 0 0 0 0 0 0 0 0 0 0 0 0 0 0 0 0 1 0 0 0 0 0 0 0 0 0 0 0 0 0 0 0 0 0 0 0 0 0 0 0 0 0 0 0 0 0]
[1035035841656858535570016415894930317764800126242098351531469777559035113408145745352707054684194117616200985841034991659253591649427639345012036043280848612982270445407941225334336429798275112544559 0 0 0 0 0 0 0 0 0 0 0 0 0 0 0 0 0 0 0 0 0 0 0 0 0 0 0 0 0 0 0 0 0 0 0 0 1 0 0 0 0 0 0 0 0 0 0 0 0 0 0 0 0 0 0 0 0 0 0 0 0 0 0 0 0]
[134369832646028964854079493676910281423561000181609496639316750199005016953459650032642239065015247932185933605804973976732203969474642008625088563544369552597110394424429500249978562747805842449535 0 0 0 0 0 0 0 0 0 0 0 0 0 0 0 0 0 0 0 0 0 0 0 0 0 0 0 0 0 0 0 0 0 0 0 0 0 1 0 0 0 0 0 0 0 0 0 0 0 0 0 0 0 0 0 0 0 0 0 0 0 0 0 0 0]
[1386792957936612488010188618761315044163816197354420193184445765093512129508712286123077476323965875517415184992787669770679033458537685075629183698630240495999988111401712441413187528592867056217750 0 0 0 0 0 0 0 0 0 0 0 0 0 0 0 0 0 0 0 0 0 0 0 0 0 0 0 0 0 0 0 0 0 0 0 0 0 0 1 0 0 0 0 0 0 0 0 0 0 0 0 0 0 0 0 0 0 0 0 0 0 0 0 0 0]
[1169949426625925120809704368261573844869038887056158313597970344655292362448211903739545026085959438271961326477994973569636383674260815309483084255261853844672503138835821851872070072708826380448177 0 0 0 0 0 0 0 0 0 0 0 0 0 0 0 0 0 0 0 0 0 0 0 0 0 0 0 0 0 0 0 0 0 0 0 0 0 0 0 1 0 0 0 0 0 0 0 0 0 0 0 0 0 0 0 0 0 0 0 0 0 0 0 0 0]
[1213705215645557768434142325230346514700366693877865360238576528695388548247648990840390970705208386414505386456695023006314627309208429602559554058343708871897339039024072742255958192863134161158672 0 0 0 0 0 0 0 0 0 0 0 0 0 0 0 0 0 0 0 0 0 0 0 0 0 0 0 0 0 0 0 0 0 0 0 0 0 0 0 0 1 0 0 0 0 0 0 0 0 0 0 0 0 0 0 0 0 0 0 0 0 0 0 0 0]
[922540435120609730313133635367608787871452214850524360304186937819540398069863246466800619272401262655592552888385184345029520565590214682676929324940005073296087868928082195727614293297220710677240 0 0 0 0 0 0 0 0 0 0 0 0 0 0 0 0 0 0 0 0 0 0 0 0 0 0 0 0 0 0 0 0 0 0 0 0 0 0 0 0 0 1 0 0 0 0 0 0 0 0 0 0 0 0 0 0 0 0 0 0 0 0 0 0 0]
[2563830453654575700307475258358055954403606378332126403623615223695839512287610302504081449242086929963636912114789268531258593527225951538940402931139667134854222306580986135071843965016846010485909 0 0 0 0 0 0 0 0 0 0 0 0 0 0 0 0 0 0 0 0 0 0 0 0 0 0 0 0 0 0 0 0 0 0 0 0 0 0 0 0 0 0 1 0 0 0 0 0 0 0 0 0 0 0 0 0 0 0 0 0 0 0 0 0 0]
[1117609926155511430483487757358450470314356523425259011517422721691997623830227733855337724733467587678115630016261942039382837168024366454161306994587990960428541318867227831556703308472408077605179 0 0 0 0 0 0 0 0 0 0 0 0 0 0 0 0 0 0 0 0 0 0 0 0 0 0 0 0 0 0 0 0 0 0 0 0 0 0 0 0 0 0 0 1 0 0 0 0 0 0 0 0 0 0 0 0 0 0 0 0 0 0 0 0 0]
[589443806483820811164507876099839161106680779036130449673059669659696298884055241929968347438203926460331047163530381603591178794002720386613453167941485319931478310072794716304649110640018833934752 0 0 0 0 0 0 0 0 0 0 0 0 0 0 0 0 0 0 0 0 0 0 0 0 0 0 0 0 0 0 0 0 0 0 0 0 0 0 0 0 0 0 0 0 1 0 0 0 0 0 0 0 0 0 0 0 0 0 0 0 0 0 0 0 0]
[2051354134281547934198363426501933197426571981744654950724786219041277023552551759237105010997066922450089618987989561726468342295544564433229213912525830865589965064488940122152483545733967104820804 0 0 0 0 0 0 0 0 0 0 0 0 0 0 0 0 0 0 0 0 0 0 0 0 0 0 0 0 0 0 0 0 0 0 0 0 0 0 0 0 0 0 0 0 0 1 0 0 0 0 0 0 0 0 0 0 0 0 0 0 0 0 0 0 0]
[1175953636614800131043025374989314441708223382110697861367992090427003461349101881138949249784929317344666180476306830251456510882527985270887603553265027130590209077864134090410334746265982597308371 0 0 0 0 0 0 0 0 0 0 0 0 0 0 0 0 0 0 0 0 0 0 0 0 0 0 0 0 0 0 0 0 0 0 0 0 0 0 0 0 0 0 0 0 0 0 1 0 0 0 0 0 0 0 0 0 0 0 0 0 0 0 0 0 0]
[1561663913387772967274490602344511968448845568289025200139216508088069237923793358353161139505567800586721420324616260901101197162024037499146377462765532591530449539979033422869863623021719565524426 0 0 0 0 0 0 0 0 0 0 0 0 0 0 0 0 0 0 0 0 0 0 0 0 0 0 0 0 0 0 0 0 0 0 0 0 0 0 0 0 0 0 0 0 0 0 0 1 0 0 0 0 0 0 0 0 0 0 0 0 0 0 0 0 0]
[2292192610885778337776259492981902996242173155002782346769539890013272260467853293176808165398758143735520087797291955095568520952059569729018931984382274877593219054793637469142299664720369579614177 0 0 0 0 0 0 0 0 0 0 0 0 0 0 0 0 0 0 0 0 0 0 0 0 0 0 0 0 0 0 0 0 0 0 0 0 0 0 0 0 0 0 0 0 0 0 0 0 1 0 0 0 0 0 0 0 0 0 0 0 0 0 0 0 0]
[1208310950882888015256332865633636975721994182584591534478002477205593220855777443690068041162431767082254009490978303615527500563020686955522559462584261999556440614045845129524947708373245709489907 0 0 0 0 0 0 0 0 0 0 0 0 0 0 0 0 0 0 0 0 0 0 0 0 0 0 0 0 0 0 0 0 0 0 0 0 0 0 0 0 0 0 0 0 0 0 0 0 0 1 0 0 0 0 0 0 0 0 0 0 0 0 0 0 0]
[1302401406549657109361731753667439319553138991272737900337161117647853299215272474813442937298069421761815401742516473665608286565257151394027454229546308171327800570338470971177242923668241782915384 0 0 0 0 0 0 0 0 0 0 0 0 0 0 0 0 0 0 0 0 0 0 0 0 0 0 0 0 0 0 0 0 0 0 0 0 0 0 0 0 0 0 0 0 0 0 0 0 0 0 1 0 0 0 0 0 0 0 0 0 0 0 0 0 0]
[2045878757693174868493885915512846778892264770751975823513831420696063579832604148183095513518393808324104118171790831380496659040556686726434411619949714640808556233412537948542702204739620936305455 0 0 0 0 0 0 0 0 0 0 0 0 0 0 0 0 0 0 0 0 0 0 0 0 0 0 0 0 0 0 0 0 0 0 0 0 0 0 0 0 0 0 0 0 0 0 0 0 0 0 0 1 0 0 0 0 0 0 0 0 0 0 0 0 0]
[1494032540964425350935826739207172077764101615655683486287153707422383240678383817289782346232847185866408351933079942883856950311259461784309753786967462429274761636218388178644116424582722562242035 0 0 0 0 0 0 0 0 0 0 0 0 0 0 0 0 0 0 0 0 0 0 0 0 0 0 0 0 0 0 0 0 0 0 0 0 0 0 0 0 0 0 0 0 0 0 0 0 0 0 0 0 1 0 0 0 0 0 0 0 0 0 0 0 0]
[2174835592101342931344222211050924867703309251967178833709478089875138804316643709894528306815051534654034724037476836804427895678946759928164054022887313187717177705711801549345605578424070861941680 0 0 0 0 0 0 0 0 0 0 0 0 0 0 0 0 0 0 0 0 0 0 0 0 0 0 0 0 0 0 0 0 0 0 0 0 0 0 0 0 0 0 0 0 0 0 0 0 0 0 0 0 0 1 0 0 0 0 0 0 0 0 0 0 0]
[2007369299480010758183215578605058567193579828362005802411913716836771918345233741044020126950708536882687709953571787077303993973897421703615143524317935743751796772186769197355594771071186753880839 0 0 0 0 0 0 0 0 0 0 0 0 0 0 0 0 0 0 0 0 0 0 0 0 0 0 0 0 0 0 0 0 0 0 0 0 0 0 0 0 0 0 0 0 0 0 0 0 0 0 0 0 0 0 1 0 0 0 0 0 0 0 0 0 0]
[2277508162763052082670607069150833051674751988919043642266503774002927965589580089892532266027700025457989156397807915219182650825056046233944406128053428189286022341853311518510008675082086360891728 0 0 0 0 0 0 0 0 0 0 0 0 0 0 0 0 0 0 0 0 0 0 0 0 0 0 0 0 0 0 0 0 0 0 0 0 0 0 0 0 0 0 0 0 0 0 0 0 0 0 0 0 0 0 0 1 0 0 0 0 0 0 0 0 0]
[2165185786115074920803482459294569643469263584025750955332497163803404190510234268101164366076126816938832913296089395336869606726890608925310600220362107569122673005944484438941293101576242810156690 0 0 0 0 0 0 0 0 0 0 0 0 0 0 0 0 0 0 0 0 0 0 0 0 0 0 0 0 0 0 0 0 0 0 0 0 0 0 0 0 0 0 0 0 0 0 0 0 0 0 0 0 0 0 0 0 1 0 0 0 0 0 0 0 0]
[392004554545326677866002697517435720199311306581115538139774081959938152777752877573257272089183621525011063436173366824798551305826530880774464831063884580727788011005654567847232965512825325630737 0 0 0 0 0 0 0 0 0 0 0 0 0 0 0 0 0 0 0 0 0 0 0 0 0 0 0 0 0 0 0 0 0 0 0 0 0 0 0 0 0 0 0 0 0 0 0 0 0 0 0 0 0 0 0 0 0 1 0 0 0 0 0 0 0]
[1644002483495960305719105043185294138627950264759299353262116179486368158332422753471080415889204514542254905635114799653623877677856776348914144789703209077840406566095181716707821102549856145091027 0 0 0 0 0 0 0 0 0 0 0 0 0 0 0 0 0 0 0 0 0 0 0 0 0 0 0 0 0 0 0 0 0 0 0 0 0 0 0 0 0 0 0 0 0 0 0 0 0 0 0 0 0 0 0 0 0 0 1 0 0 0 0 0 0]
[692477278306547730054687845106436957335149331697150777738968155775806981898563566565406823322061943377742373722758379615011086720612742871604344441679228570587589497766280079049770552587090999289249 0 0 0 0 0 0 0 0 0 0 0 0 0 0 0 0 0 0 0 0 0 0 0 0 0 0 0 0 0 0 0 0 0 0 0 0 0 0 0 0 0 0 0 0 0 0 0 0 0 0 0 0 0 0 0 0 0 0 0 1 0 0 0 0 0]
[314521168202910874256473186608491254957182279131893631712004030635359082151942212639869013128025722929032626921502586153419407944706983531842425335862010773383453086393703183078495294439734496445731 0 0 0 0 0 0 0 0 0 0 0 0 0 0 0 0 0 0 0 0 0 0 0 0 0 0 0 0 0 0 0 0 0 0 0 0 0 0 0 0 0 0 0 0 0 0 0 0 0 0 0 0 0 0 0 0 0 0 0 0 1 0 0 0 0]
[2454581601853396153737369383793563841464404898443543413011432842002327879872023034342298333884317319788077481400355740870193531177671706430300184282923395448961728966466080396256024455129982680130457 0 0 0 0 0 0 0 0 0 0 0 0 0 0 0 0 0 0 0 0 0 0 0 0 0 0 0 0 0 0 0 0 0 0 0 0 0 0 0 0 0 0 0 0 0 0 0 0 0 0 0 0 0 0 0 0 0 0 0 0 0 1 0 0 0]
[53516580351817885422000180590267980630933244110391207833887453691754644497073986948924616697721658016789746595828466813658463430220951635003453395464127839529771840332670865755109387363279052677238 0 0 0 0 0 0 0 0 0 0 0 0 0 0 0 0 0 0 0 0 0 0 0 0 0 0 0 0 0 0 0 0 0 0 0 0 0 0 0 0 0 0 0 0 0 0 0 0 0 0 0 0 0 0 0 0 0 0 0 0 0 0 1 0 0]
[2141436989679895931290890343942337893291421860230644627776465064743101731579012798031522087146086462392093402270921080772436783061405214027874727186843850867127922283781406044581033756670719424467572 0 0 0 0 0 0 0 0 0 0 0 0 0 0 0 0 0 0 0 0 0 0 0 0 0 0 0 0 0 0 0 0 0 0 0 0 0 0 0 0 0 0 0 0 0 0 0 0 0 0 0 0 0 0 0 0 0 0 0 0 0 0 0 1 0]
[2112043382263261047781602071758299688325367679624013600365210054797562210826449633881959089319615068090370502979681268192204260468716858606322715481964678473161817586442371449343409723523532974698699 0 0 0 0 0 0 0 0 0 0 0 0 0 0 0 0 0 0 0 0 0 0 0 0 0 0 0 0 0 0 0 0 0 0 0 0 0 0 0 0 0 0 0 0 0 0 0 0 0 0 0 0 0 0 0 0 0 0 0 0 0 0 0 0 1]
]
