[[3488686386495473787874238875271843428651120569103448242030719268500638415484532829967715021880452921266617519752058342261720654197105931410934685733957737278130303637625895336461972136352895524234246580269702365224640341824091689487528456947123 0 0 0 0 0 0 0 0 0 0 0 0 0 0 0 0 0 0 0 0 0 0 0 0 0 0 0 0 0 0 0 0 0 0 0 0 0 0 0 0 0 0 0 0 0 0 0 0 0 0 0 0 0 0 0 0 0 0 0 0 0 0 0 0 0 0 0 0 0 0 0 0 0 0 0 0 0 0 0 0]
[3040370253999279087581811497300978257107275471832882243712449758748994726409751926290330357556320067016411961627160941080923948685241223272590241302650588433490087117322234177267380618800132360980414023418491805701519931218611091492402116753381 1 0 0 0 0 0 0 0 0 0 0 0 0 0 0 0 0 0 0 0 0 0 0 0 0 0 0 0 0 0 0 0 0 0 0 0 0 0 0 0 0 0 0 0 0 0 0 0 0 0 0 0 0 0 0 0 0 0 0 0 0 0 0 0 0 0 0 0 0 0 0 0 0 0 0 0 0 0 0 0]
[2123136429802976349542957886673441820021147689426093599992046851554025237549718798341702263479990792348454348047136965510336867815476170618731791816470157555359674885787498431069675423382432025576834120207581511712447906156270106048538568121961 0 1 0 0 0 0 0 0 0 0 0 0 0 0 0 0 0 0 0 0 0 0 0 0 0 0 0 0 0 0 0 0 0 0 0 0 0 0 0 0 0 0 0 0 0 0 0 0 0 0 0 0 0 0 0 0 0 0 0 0 0 0 0 0 0 0 0 0 0 0 0 0 0 0 0 0 0 0 0 0]
[983268307925091687505636066089042969170403255806607701113371539450358814703916149899070628744661572762737836403592632470097220764024754736109031348188300890434021360086994526132347088272468784388383656339582747326219509942665563457843632928192 0 0 1 0 0 0 0 0 0 0 0 0 0 0 0 0 0 0 0 0 0 0 0 0 0 0 0 0 0 0 0 0 0 0 0 0 0 0 0 0 0 0 0 0 0 0 0 0 0 0 0 0 0 0 0 0 0 0 0 0 0 0 0 0 0 0 0 0 0 0 0 0 0 0 0 0 0 0 0 0]
[3402586254430269960381129975542100098019859657459537322628612760142984207153295831244882740523595666017296664573588397528408533565822839907485500205657998883175189134730776028108316318860999496018526366212485019884843378031108371996512598672040 0 0 0 1 0 0 0 0 0 0 0 0 0 0 0 0 0 0 0 0 0 0 0 0 0 0 0 0 0 0 0 0 0 0 0 0 0 0 0 0 0 0 0 0 0 0 0 0 0 0 0 0 0 0 0 0 0 0 0 0 0 0 0 0 0 0 0 0 0 0 0 0 0 0 0 0 0 0 0 0]
[1727685717387587577033272788987390049189395461086380523784270042381376704064091293232985926432891555279015824483462714874367656759419391783295818807841904522751677775519948735467041911898702785211132515212868363152604690336987570338695380991426 0 0 0 0 1 0 0 0 0 0 0 0 0 0 0 0 0 0 0 0 0 0 0 0 0 0 0 0 0 0 0 0 0 0 0 0 0 0 0 0 0 0 0 0 0 0 0 0 0 0 0 0 0 0 0 0 0 0 0 0 0 0 0 0 0 0 0 0 0 0 0 0 0 0 0 0 0 0 0 0]
[3011810815273086932388262296237580022233917964035858906651532581706750338816699153163132768505763613851858540838533660349927680052741350209660261080477547833375423862719619858783632893091546771566709422795205017986226791219126452649769792666765 0 0 0 0 0 1 0 0 0 0 0 0 0 0 0 0 0 0 0 0 0 0 0 0 0 0 0 0 0 0 0 0 0 0 0 0 0 0 0 0 0 0 0 0 0 0 0 0 0 0 0 0 0 0 0 0 0 0 0 0 0 0 0 0 0 0 0 0 0 0 0 0 0 0 0 0 0 0 0 0]
[2300315856729124352733773108464718531439169288201043964789274086409013209086879627261225957133698886665540770711096931042075267136814530237371858615948423485603835110132083416955905526425818668632193302052794679825876447922706757055337571726451 0 0 0 0 0 0 1 0 0 0 0 0 0 0 0 0 0 0 0 0 0 0 0 0 0 0 0 0 0 0 0 0 0 0 0 0 0 0 0 0 0 0 0 0 0 0 0 0 0 0 0 0 0 0 0 0 0 0 0 0 0 0 0 0 0 0 0 0 0 0 0 0 0 0 0 0 0 0 0 0]
[1450863982066339135484813893998827526249052987987078546570363978322194471810872251159951162647507218573722948630316664110396633437870573040502803608978565389496600184175348121982600079355963506501029954474966035860864558515849235320854320338179 0 0 0 0 0 0 0 1 0 0 0 0 0 0 0 0 0 0 0 0 0 0 0 0 0 0 0 0 0 0 0 0 0 0 0 0 0 0 0 0 0 0 0 0 0 0 0 0 0 0 0 0 0 0 0 0 0 0 0 0 0 0 0 0 0 0 0 0 0 0 0 0 0 0 0 0 0 0 0 0]
[2739901944865119442643584022790098752686498348656910418423956090175065646197977627783161513446001978535072989634413239340586064082012359400842748939822980190306143242854366147031899988116870339852327253507436706542197480732538345635673919870957 0 0 0 0 0 0 0 0 1 0 0 0 0 0 0 0 0 0 0 0 0 0 0 0 0 0 0 0 0 0 0 0 0 0 0 0 0 0 0 0 0 0 0 0 0 0 0 0 0 0 0 0 0 0 0 0 0 0 0 0 0 0 0 0 0 0 0 0 0 0 0 0 0 0 0 0 0 0 0 0]
[1799459523245307227002668063166008872310987586697024782142966902244537750712720874967131232277596779438897154709030171540930513911871524785134024284904185923163795995891886301617917770111101304509814485396476694213529937779528818451368364886905 0 0 0 0 0 0 0 0 0 1 0 0 0 0 0 0 0 0 0 0 0 0 0 0 0 0 0 0 0 0 0 0 0 0 0 0 0 0 0 0 0 0 0 0 0 0 0 0 0 0 0 0 0 0 0 0 0 0 0 0 0 0 0 0 0 0 0 0 0 0 0 0 0 0 0 0 0 0 0 0]
[1028880078185790424690405415808693587959978850607164448728695716918890218629312038599984057947406009331096594267262060564223912924420859672134209989443002961693846491498198186296586140625556201758319206099068145933571262759060503501026729247078 0 0 0 0 0 0 0 0 0 0 1 0 0 0 0 0 0 0 0 0 0 0 0 0 0 0 0 0 0 0 0 0 0 0 0 0 0 0 0 0 0 0 0 0 0 0 0 0 0 0 0 0 0 0 0 0 0 0 0 0 0 0 0 0 0 0 0 0 0 0 0 0 0 0 0 0 0 0 0 0]
[721645071915883237179380934401281964021995351503774355013965455747151381164615829575557989168712511446837726907499080923160614368407924401913552076647860835789350202465496060346558269177543037802273004310558492448425060445014979224035834335299 0 0 0 0 0 0 0 0 0 0 0 1 0 0 0 0 0 0 0 0 0 0 0 0 0 0 0 0 0 0 0 0 0 0 0 0 0 0 0 0 0 0 0 0 0 0 0 0 0 0 0 0 0 0 0 0 0 0 0 0 0 0 0 0 0 0 0 0 0 0 0 0 0 0 0 0 0 0 0 0]
[2924096027228535502945774628503027716019460004972091813634609870170731966782898170822781145315657864650070923593026969302706086461947646991043914913139773476486259581842249853875155578628924724931478025761710033779838785190734884449350987355274 0 0 0 0 0 0 0 0 0 0 0 0 1 0 0 0 0 0 0 0 0 0 0 0 0 0 0 0 0 0 0 0 0 0 0 0 0 0 0 0 0 0 0 0 0 0 0 0 0 0 0 0 0 0 0 0 0 0 0 0 0 0 0 0 0 0 0 0 0 0 0 0 0 0 0 0 0 0 0 0]
[1619876007922994258929944166482548842726489130871136889468752313741559506394581997732986107713437759121820533612689362485668099218165675436239642157712426504500671032865965605443728944211487047018442219571479185233097144175482668784387204282836 0 0 0 0 0 0 0 0 0 0 0 0 0 1 0 0 0 0 0 0 0 0 0 0 0 0 0 0 0 0 0 0 0 0 0 0 0 0 0 0 0 0 0 0 0 0 0 0 0 0 0 0 0 0 0 0 0 0 0 0 0 0 0 0 0 0 0 0 0 0 0 0 0 0 0 0 0 0 0 0]
[1310194304838075808106760473563267700282904397126897405922705992348755042931651584262534520578374316101049139592747907742099322970774490417896547967219599279569760996118572314821016151272226376690357084578532027652287485748825776491560482724561 0 0 0 0 0 0 0 0 0 0 0 0 0 0 1 0 0 0 0 0 0 0 0 0 0 0 0 0 0 0 0 0 0 0 0 0 0 0 0 0 0 0 0 0 0 0 0 0 0 0 0 0 0 0 0 0 0 0 0 0 0 0 0 0 0 0 0 0 0 0 0 0 0 0 0 0 0 0 0 0]
[3289862937399756188233366171008886313396812397374157167502479741631440931156074429444224414986046031456133931655011539434391004906866587071293849612651539489051902308747378571265788527208949682943956033580222472037957855563810417325608111943287 0 0 0 0 0 0 0 0 0 0 0 0 0 0 0 1 0 0 0 0 0 0 0 0 0 0 0 0 0 0 0 0 0 0 0 0 0 0 0 0 0 0 0 0 0 0 0 0 0 0 0 0 0 0 0 0 0 0 0 0 0 0 0 0 0 0 0 0 0 0 0 0 0 0 0 0 0 0 0 0]
[2404099565077233764976705358527690090749527129532290583375600753544595903989698346088528954455536328519827679953159347392270611316263121671260544487304301792982108320562468581251393373382100341189060185320984777527189348650192406185817275906284 0 0 0 0 0 0 0 0 0 0 0 0 0 0 0 0 1 0 0 0 0 0 0 0 0 0 0 0 0 0 0 0 0 0 0 0 0 0 0 0 0 0 0 0 0 0 0 0 0 0 0 0 0 0 0 0 0 0 0 0 0 0 0 0 0 0 0 0 0 0 0 0 0 0 0 0 0 0 0 0]
[1987630571486931988766431098763117980941166367522209974308493031271803939947709207746164288139055191293131750996434956489784941982603411241191996286403313695289848616523514928085575450767421055973090214279326839567536257804699085269291256884131 0 0 0 0 0 0 0 0 0 0 0 0 0 0 0 0 0 1 0 0 0 0 0 0 0 0 0 0 0 0 0 0 0 0 0 0 0 0 0 0 0 0 0 0 0 0 0 0 0 0 0 0 0 0 0 0 0 0 0 0 0 0 0 0 0 0 0 0 0 0 0 0 0 0 0 0 0 0 0 0]
[1348096277960236557383219319754860455840179026264809239175602411434342841430673926419665778624127667408183069505857486323903912353979887533766639949700954936341883679549281961385399254451042891449962682125876675211033910926631146318747678503255 0 0 0 0 0 0 0 0 0 0 0 0 0 0 0 0 0 0 1 0 0 0 0 0 0 0 0 0 0 0 0 0 0 0 0 0 0 0 0 0 0 0 0 0 0 0 0 0 0 0 0 0 0 0 0 0 0 0 0 0 0 0 0 0 0 0 0 0 0 0 0 0 0 0 0 0 0 0 0 0]
[1084894306024858529763359614384214693488454597202067292994847501525977130790623060687896838921144947892444928041793510958529520606873410130612532116276445663829386800290552216781798814820257670095231728040867500747414789362580694394130795956402 0 0 0 0 0 0 0 0 0 0 0 0 0 0 0 0 0 0 0 1 0 0 0 0 0 0 0 0 0 0 0 0 0 0 0 0 0 0 0 0 0 0 0 0 0 0 0 0 0 0 0 0 0 0 0 0 0 0 0 0 0 0 0 0 0 0 0 0 0 0 0 0 0 0 0 0 0 0 0 0]
[426657745124396544299953771820138588328575673284240804344217861744995834600098119003195941275209304492467839004110464448043498055515201987508311089933020107828782286732589275738262355654939710742686718490352804975572609038493147307748946377529 0 0 0 0 0 0 0 0 0 0 0 0 0 0 0 0 0 0 0 0 1 0 0 0 0 0 0 0 0 0 0 0 0 0 0 0 0 0 0 0 0 0 0 0 0 0 0 0 0 0 0 0 0 0 0 0 0 0 0 0 0 0 0 0 0 0 0 0 0 0 0 0 0 0 0 0 0 0 0 0]
[601698997297970481582682613581662584827786192164911844240174078919085777653503865370381327822678765728778361158447205262332783499465547754135922695244369298635789441694414780669055989235081171928702004025855354881464144835070416695484228350204 0 0 0 0 0 0 0 0 0 0 0 0 0 0 0 0 0 0 0 0 0 1 0 0 0 0 0 0 0 0 0 0 0 0 0 0 0 0 0 0 0 0 0 0 0 0 0 0 0 0 0 0 0 0 0 0 0 0 0 0 0 0 0 0 0 0 0 0 0 0 0 0 0 0 0 0 0 0 0 0]
[800994085853729400687618308144571624957209706365385019372106286453350971966817189566601056123766116518972533023265032758259568992024737528082971992623079406319702209922221287623846596934420035719460814205222679608158820157938007024540953761684 0 0 0 0 0 0 0 0 0 0 0 0 0 0 0 0 0 0 0 0 0 0 1 0 0 0 0 0 0 0 0 0 0 0 0 0 0 0 0 0 0 0 0 0 0 0 0 0 0 0 0 0 0 0 0 0 0 0 0 0 0 0 0 0 0 0 0 0 0 0 0 0 0 0 0 0 0 0 0 0]
[2885303719837948866436079142724765342914495824416403844879962530997058138619312212635170695967466942337430919660906280553827704878152891135764264757375035636427389139830314953185494454854036038514080283877741463259018506470318560478867773884411 0 0 0 0 0 0 0 0 0 0 0 0 0 0 0 0 0 0 0 0 0 0 0 1 0 0 0 0 0 0 0 0 0 0 0 0 0 0 0 0 0 0 0 0 0 0 0 0 0 0 0 0 0 0 0 0 0 0 0 0 0 0 0 0 0 0 0 0 0 0 0 0 0 0 0 0 0 0 0 0]
[2795668766365449239875305061611026180488273389641777590705386033942524509229586284827647791873025757507100423422020322202412572645803063702681136803889783334890622987310022430255333409535215602306526723488760953076620264434008931373899198872131 0 0 0 0 0 0 0 0 0 0 0 0 0 0 0 0 0 0 0 0 0 0 0 0 1 0 0 0 0 0 0 0 0 0 0 0 0 0 0 0 0 0 0 0 0 0 0 0 0 0 0 0 0 0 0 0 0 0 0 0 0 0 0 0 0 0 0 0 0 0 0 0 0 0 0 0 0 0 0 0]
[2850694214345117077546440830775605211451703760009141569438995391780528815194673133380722964638254761985039437139683251339653577381323566684366792315637941837983712087296152844697824577873479287658400787838478453615606527765177784587918104167382 0 0 0 0 0 0 0 0 0 0 0 0 0 0 0 0 0 0 0 0 0 0 0 0 0 1 0 0 0 0 0 0 0 0 0 0 0 0 0 0 0 0 0 0 0 0 0 0 0 0 0 0 0 0 0 0 0 0 0 0 0 0 0 0 0 0 0 0 0 0 0 0 0 0 0 0 0 0 0 0]
[2582587531521811787434691376806034027216816184130894761399224515484786903769618735334112355106343393475458600929713961649072749258059160956476127900167851347642894093641984924605096651319405852272132560949698915581917438385945445693853207487250 0 0 0 0 0 0 0 0 0 0 0 0 0 0 0 0 0 0 0 0 0 0 0 0 0 0 1 0 0 0 0 0 0 0 0 0 0 0 0 0 0 0 0 0 0 0 0 0 0 0 0 0 0 0 0 0 0 0 0 0 0 0 0 0 0 0 0 0 0 0 0 0 0 0 0 0 0 0 0 0]
[3328292455923647819518404179169721990875819645695196066831462852331597954301006987641070650750568282152423357398566531103754111321561466504127689808599789977287220676557890437161456562883255685406709354480577132902423695256665037061414217349712 0 0 0 0 0 0 0 0 0 0 0 0 0 0 0 0 0 0 0 0 0 0 0 0 0 0 0 1 0 0 0 0 0 0 0 0 0 0 0 0 0 0 0 0 0 0 0 0 0 0 0 0 0 0 0 0 0 0 0 0 0 0 0 0 0 0 0 0 0 0 0 0 0 0 0 0 0 0 0 0]
[636996718924038265627435329410550412281318427327187867644730294271258486459028706332423495645236371171252715839207138300493229594340619921316712644811726397439302821584565161161641349950818226368667748202269035776031566175792424046033718503854 0 0 0 0 0 0 0 0 0 0 0 0 0 0 0 0 0 0 0 0 0 0 0 0 0 0 0 0 1 0 0 0 0 0 0 0 0 0 0 0 0 0 0 0 0 0 0 0 0 0 0 0 0 0 0 0 0 0 0 0 0 0 0 0 0 0 0 0 0 0 0 0 0 0 0 0 0 0 0 0]
[2966641394264383938749433719838450148344088473471799744612561350773404610418390760596985073499506712408468898504081433201959259494727492891282212441940207685746080302422879035271894195909066579451960836470426687399612287892257907088531965814493 0 0 0 0 0 0 0 0 0 0 0 0 0 0 0 0 0 0 0 0 0 0 0 0 0 0 0 0 0 1 0 0 0 0 0 0 0 0 0 0 0 0 0 0 0 0 0 0 0 0 0 0 0 0 0 0 0 0 0 0 0 0 0 0 0 0 0 0 0 0 0 0 0 0 0 0 0 0 0 0]
[929119424227681146939728966985707618087962129142705485558259307048111041367532170810911325550564366069884217554016384825595487431253402732693142828276880281803453958343012265272607234777525939575849913872288695613049705635635274095950486320695 0 0 0 0 0 0 0 0 0 0 0 0 0 0 0 0 0 0 0 0 0 0 0 0 0 0 0 0 0 0 1 0 0 0 0 0 0 0 0 0 0 0 0 0 0 0 0 0 0 0 0 0 0 0 0 0 0 0 0 0 0 0 0 0 0 0 0 0 0 0 0 0 0 0 0 0 0 0 0 0]
[3300425891575496752042296274545008391374133041067076176945874190444023733124243011705674881310936387342523316693284671123713439032837789407781749638484279502000270525859386400456683573436344133750613350491645943029413917821576600153406844303943 0 0 0 0 0 0 0 0 0 0 0 0 0 0 0 0 0 0 0 0 0 0 0 0 0 0 0 0 0 0 0 1 0 0 0 0 0 0 0 0 0 0 0 0 0 0 0 0 0 0 0 0 0 0 0 0 0 0 0 0 0 0 0 0 0 0 0 0 0 0 0 0 0 0 0 0 0 0 0 0]
[977174612699661935601290277964035750687325890295512104165572719028481527910247723671630172676304574892792225897080088758380297558354295262037072446507406935737505756934733722378871847869205094831992266026640296236467183796750868878160650096375 0 0 0 0 0 0 0 0 0 0 0 0 0 0 0 0 0 0 0 0 0 0 0 0 0 0 0 0 0 0 0 0 1 0 0 0 0 0 0 0 0 0 0 0 0 0 0 0 0 0 0 0 0 0 0 0 0 0 0 0 0 0 0 0 0 0 0 0 0 0 0 0 0 0 0 0 0 0 0 0]
[467236982275446415351672231743451730875605693523467303156760039516979381286416731164871954567190047371980373259362727198728388831910533297276955039231073251353447407772386572637046488193897126729070599696132162715898390565161292140587967958484 0 0 0 0 0 0 0 0 0 0 0 0 0 0 0 0 0 0 0 0 0 0 0 0 0 0 0 0 0 0 0 0 0 1 0 0 0 0 0 0 0 0 0 0 0 0 0 0 0 0 0 0 0 0 0 0 0 0 0 0 0 0 0 0 0 0 0 0 0 0 0 0 0 0 0 0 0 0 0 0]
[1053007780316844769957518389091182854038062619185579591160978998643928779526627300278732442424658694307883520600762963142536062984130093169275001166602426635784465440085763308678479045559826065243559051295795891659986768300092134900403470058610 0 0 0 0 0 0 0 0 0 0 0 0 0 0 0 0 0 0 0 0 0 0 0 0 0 0 0 0 0 0 0 0 0 0 1 0 0 0 0 0 0 0 0 0 0 0 0 0 0 0 0 0 0 0 0 0 0 0 0 0 0 0 0 0 0 0 0 0 0 0 0 0 0 0 0 0 0 0 0 0]
[1185980557475006314911443254036401267224860489364107970049860757988552347621510910436739304647451375765348704924535454056152992286342655017667557623973898593917019969660638920858298677107361386922021416557902843947753514730863665366147246742667 0 0 0 0 0 0 0 0 0 0 0 0 0 0 0 0 0 0 0 0 0 0 0 0 0 0 0 0 0 0 0 0 0 0 0 1 0 0 0 0 0 0 0 0 0 0 0 0 0 0 0 0 0 0 0 0 0 0 0 0 0 0 0 0 0 0 0 0 0 0 0 0 0 0 0 0 0 0 0 0]
[2600541396624917165083436220078714307909548463711370404312722859095394266765795833323831366982418993877122181137807487220398693508138446547153940609694852401926438676188430539837818117256758571393219165254559039624268865533055762323722953446332 0 0 0 0 0 0 0 0 0 0 0 0 0 0 0 0 0 0 0 0 0 0 0 0 0 0 0 0 0 0 0 0 0 0 0 0 1 0 0 0 0 0 0 0 0 0 0 0 0 0 0 0 0 0 0 0 0 0 0 0 0 0 0 0 0 0 0 0 0 0 0 0 0 0 0 0 0 0 0 0]
[2225580890737550256746799518150558825292922586951471567166257270485069896986609249303472302434115471353869904860948004098421697323233608919275067436779084819509073414643982675535472466986401729876904767465792572244175491794960335285400286735332 0 0 0 0 0 0 0 0 0 0 0 0 0 0 0 0 0 0 0 0 0 0 0 0 0 0 0 0 0 0 0 0 0 0 0 0 0 1 0 0 0 0 0 0 0 0 0 0 0 0 0 0 0 0 0 0 0 0 0 0 0 0 0 0 0 0 0 0 0 0 0 0 0 0 0 0 0 0 0 0]
[1295844480786608073144978446111810794285870481646207618887305183621166092498081247618452534086458840831050419358995078022677340030966215271196100444923558772855703301415867163155667052915245636224703336214498937942236256525844921071581754972836 0 0 0 0 0 0 0 0 0 0 0 0 0 0 0 0 0 0 0 0 0 0 0 0 0 0 0 0 0 0 0 0 0 0 0 0 0 0 1 0 0 0 0 0 0 0 0 0 0 0 0 0 0 0 0 0 0 0 0 0 0 0 0 0 0 0 0 0 0 0 0 0 0 0 0 0 0 0 0 0]
[1615491742543109636302761587788910681225198110886578536411836359755986888771353707025647498850442191709126332049494367229662342131962507110988923887361264368734287730483183365563548135494055236028025066544857894067141795494931065293927983910997 0 0 0 0 0 0 0 0 0 0 0 0 0 0 0 0 0 0 0 0 0 0 0 0 0 0 0 0 0 0 0 0 0 0 0 0 0 0 0 1 0 0 0 0 0 0 0 0 0 0 0 0 0 0 0 0 0 0 0 0 0 0 0 0 0 0 0 0 0 0 0 0 0 0 0 0 0 0 0 0]
[1191440482044247074895485522178738971310239556091412880594699804488767594100085503853213589330073998565656613005975870503971584943865466521390656902224108360264916659636968834967702108945551373804455759536183841631524533920349760256454334668818 0 0 0 0 0 0 0 0 0 0 0 0 0 0 0 0 0 0 0 0 0 0 0 0 0 0 0 0 0 0 0 0 0 0 0 0 0 0 0 0 1 0 0 0 0 0 0 0 0 0 0 0 0 0 0 0 0 0 0 0 0 0 0 0 0 0 0 0 0 0 0 0 0 0 0 0 0 0 0 0]
[51344417377796480457270138508979531938021179778570780680257909748834007099817338226269860235365485070686188253246652094089894613598294899529161234435376857549894878879038299682136812678645721873206250398716557748822548021885410676007823784066 0 0 0 0 0 0 0 0 0 0 0 0 0 0 0 0 0 0 0 0 0 0 0 0 0 0 0 0 0 0 0 0 0 0 0 0 0 0 0 0 0 1 0 0 0 0 0 0 0 0 0 0 0 0 0 0 0 0 0 0 0 0 0 0 0 0 0 0 0 0 0 0 0 0 0 0 0 0 0 0]
[479726650286696778202338003262105520733692181169035517044541857486903172356867059485649300859748119258937209003494177433592745308717707085055346462070123322876750132717547082727354778220217827051172069040292021185364754870315202054510261993441 0 0 0 0 0 0 0 0 0 0 0 0 0 0 0 0 0 0 0 0 0 0 0 0 0 0 0 0 0 0 0 0 0 0 0 0 0 0 0 0 0 0 1 0 0 0 0 0 0 0 0 0 0 0 0 0 0 0 0 0 0 0 0 0 0 0 0 0 0 0 0 0 0 0 0 0 0 0 0 0]
[2594644689785648240947929503825433668504777068235141665006944025408639204594076325881352166029158382601483379780661896265075818150152730072284944027824432002617888566296189155300526349668521143472979586263325106383394723055308618871251170314018 0 0 0 0 0 0 0 0 0 0 0 0 0 0 0 0 0 0 0 0 0 0 0 0 0 0 0 0 0 0 0 0 0 0 0 0 0 0 0 0 0 0 0 1 0 0 0 0 0 0 0 0 0 0 0 0 0 0 0 0 0 0 0 0 0 0 0 0 0 0 0 0 0 0 0 0 0 0 0 0]
[1145048817004299754743812549967851618025666008092392108462068166221128890876596715491503805841691785140023489111679050413156844875919596009898035282726519569411530697977043846183426759839237622101573163191908254511467690928782454460972465393246 0 0 0 0 0 0 0 0 0 0 0 0 0 0 0 0 0 0 0 0 0 0 0 0 0 0 0 0 0 0 0 0 0 0 0 0 0 0 0 0 0 0 0 0 1 0 0 0 0 0 0 0 0 0 0 0 0 0 0 0 0 0 0 0 0 0 0 0 0 0 0 0 0 0 0 0 0 0 0 0]
[2294279918807482422898699021227486601483627284550387936720948241921594861245595128914914516610004513218230976995923954065766991003753793478391192004969819417495722437507652892135134743842400702788400600621445092134749059708996314815942339680184 0 0 0 0 0 0 0 0 0 0 0 0 0 0 0 0 0 0 0 0 0 0 0 0 0 0 0 0 0 0 0 0 0 0 0 0 0 0 0 0 0 0 0 0 0 1 0 0 0 0 0 0 0 0 0 0 0 0 0 0 0 0 0 0 0 0 0 0 0 0 0 0 0 0 0 0 0 0 0 0]
[1351469040561030326987220822797872691097735822552694312676977906347661043816773169525473564029428116959049505736111606576959915941485898813617919227694000055651190513358201444044726018250414704277622627104366878554890782809772623380919272263970 0 0 0 0 0 0 0 0 0 0 0 0 0 0 0 0 0 0 0 0 0 0 0 0 0 0 0 0 0 0 0 0 0 0 0 0 0 0 0 0 0 0 0 0 0 0 1 0 0 0 0 0 0 0 0 0 0 0 0 0 0 0 0 0 0 0 0 0 0 0 0 0 0 0 0 0 0 0 0 0]
[1277290173037374206235105225308313418318554554320398666729051740622134853101128475650613970793735170564128172718448911499347469653973908397539479897713019072164695811782962382857819329174560573038589004729017348188635372139868470269701245154119 0 0 0 0 0 0 0 0 0 0 0 0 0 0 0 0 0 0 0 0 0 0 0 0 0 0 0 0 0 0 0 0 0 0 0 0 0 0 0 0 0 0 0 0 0 0 0 1 0 0 0 0 0 0 0 0 0 0 0 0 0 0 0 0 0 0 0 0 0 0 0 0 0 0 0 0 0 0 0 0]
[2513681879788351960475308060084662740492055574771778937696265623839708828885025716716045198762262947686011117682515017952751691481105740032398103786306370947149796894595020123032728601949749454920385095399147449477079050149032205532507414852205 0 0 0 0 0 0 0 0 0 0 0 0 0 0 0 0 0 0 0 0 0 0 0 0 0 0 0 0 0 0 0 0 0 0 0 0 0 0 0 0 0 0 0 0 0 0 0 0 1 0 0 0 0 0 0 0 0 0 0 0 0 0 0 0 0 0 0 0 0 0 0 0 0 0 0 0 0 0 0 0]
[746669694391311277166856976349794392029814966201295721049056513645897510144762763950091970369070429260660144287368202935398060398836770637844171715651424024343415400895622188408833999862257671380096892954351025283448303109247472812336443702049 0 0 0 0 0 0 0 0 0 0 0 0 0 0 0 0 0 0 0 0 0 0 0 0 0 0 0 0 0 0 0 0 0 0 0 0 0 0 0 0 0 0 0 0 0 0 0 0 0 1 0 0 0 0 0 0 0 0 0 0 0 0 0 0 0 0 0 0 0 0 0 0 0 0 0 0 0 0 0 0]
[1883257312575546498971352391151343225458445393153822175914223639285666627432266827090832248638026827382449194708511451962450410207260922719827691854080172843426030704059705081824765583807113861144554489963186491832475110507082239867487516857214 0 0 0 0 0 0 0 0 0 0 0 0 0 0 0 0 0 0 0 0 0 0 0 0 0 0 0 0 0 0 0 0 0 0 0 0 0 0 0 0 0 0 0 0 0 0 0 0 0 0 1 0 0 0 0 0 0 0 0 0 0 0 0 0 0 0 0 0 0 0 0 0 0 0 0 0 0 0 0 0]
[3350407340166852205934094365809529804366675922252854541655503350817035306566839125222085464463202240294184202062525984484325669417740051125263461319265541945259189320761304495690012925266708316526760097421413704914963429130278322096006801244208 0 0 0 0 0 0 0 0 0 0 0 0 0 0 0 0 0 0 0 0 0 0 0 0 0 0 0 0 0 0 0 0 0 0 0 0 0 0 0 0 0 0 0 0 0 0 0 0 0 0 0 1 0 0 0 0 0 0 0 0 0 0 0 0 0 0 0 0 0 0 0 0 0 0 0 0 0 0 0 0]
[3132612232753488895748444582768434440193580928602419430761509451014063557480271702979717478132016410904515280787592554833611807495768638648275731180275004627793245615839385749818431619755027881245506458941312645870179045844315584597734940283801 0 0 0 0 0 0 0 0 0 0 0 0 0 0 0 0 0 0 0 0 0 0 0 0 0 0 0 0 0 0 0 0 0 0 0 0 0 0 0 0 0 0 0 0 0 0 0 0 0 0 0 0 1 0 0 0 0 0 0 0 0 0 0 0 0 0 0 0 0 0 0 0 0 0 0 0 0 0 0 0]
[213431528560944198271573789369016351757080751922234668769203182259966307389587043506914122850072100219517407933823195511885680298247105680670603839186540420909925481542046979952513661802777239050748988975339150042075366479278643611454392059146 0 0 0 0 0 0 0 0 0 0 0 0 0 0 0 0 0 0 0 0 0 0 0 0 0 0 0 0 0 0 0 0 0 0 0 0 0 0 0 0 0 0 0 0 0 0 0 0 0 0 0 0 0 1 0 0 0 0 0 0 0 0 0 0 0 0 0 0 0 0 0 0 0 0 0 0 0 0 0 0]
[1768315245442938792972266418708981932367854697209257722112490906034661126725155933689360609665334031930603589543705088042829953956918408736622751578444477710071315723847741117339523204799109907428960404291607069565574556256014666402632272412412 0 0 0 0 0 0 0 0 0 0 0 0 0 0 0 0 0 0 0 0 0 0 0 0 0 0 0 0 0 0 0 0 0 0 0 0 0 0 0 0 0 0 0 0 0 0 0 0 0 0 0 0 0 0 1 0 0 0 0 0 0 0 0 0 0 0 0 0 0 0 0 0 0 0 0 0 0 0 0 0]
[2688970497999658363635208520294937342285366718046985548142710418465568990969863993215475731497644153744099336702174832377417803736359547431426065461907627495151693716543194731072743230749216958233478709225379816276438638060306496860245566026467 0 0 0 0 0 0 0 0 0 0 0 0 0 0 0 0 0 0 0 0 0 0 0 0 0 0 0 0 0 0 0 0 0 0 0 0 0 0 0 0 0 0 0 0 0 0 0 0 0 0 0 0 0 0 0 1 0 0 0 0 0 0 0 0 0 0 0 0 0 0 0 0 0 0 0 0 0 0 0 0]
[1882626430579646729312051822429660392967143132466436201654566929999550981998193475545174347301724024795643747017249158800267911672857876257340458266852903016271314032247109221553156334713685894538205795919013236862747062244990836450801844682647 0 0 0 0 0 0 0 0 0 0 0 0 0 0 0 0 0 0 0 0 0 0 0 0 0 0 0 0 0 0 0 0 0 0 0 0 0 0 0 0 0 0 0 0 0 0 0 0 0 0 0 0 0 0 0 0 1 0 0 0 0 0 0 0 0 0 0 0 0 0 0 0 0 0 0 0 0 0 0 0]
[535051451197656282765106252298552246807949446018746421230203532391082408172985387718166629137038127587656056453260892257502604157006257904943773594586825814674136067108327764391552728002252405574472562852344614678947059211726567165231022682165 0 0 0 0 0 0 0 0 0 0 0 0 0 0 0 0 0 0 0 0 0 0 0 0 0 0 0 0 0 0 0 0 0 0 0 0 0 0 0 0 0 0 0 0 0 0 0 0 0 0 0 0 0 0 0 0 0 1 0 0 0 0 0 0 0 0 0 0 0 0 0 0 0 0 0 0 0 0 0 0]
[828515638168590319045744294416824810774620211691799248279860114391656446654729302900528552092208796102912277800810675456479858290597090347067371881633902935586825626612478442701319805762115368981809366775491807818891930868448882685066363283981 0 0 0 0 0 0 0 0 0 0 0 0 0 0 0 0 0 0 0 0 0 0 0 0 0 0 0 0 0 0 0 0 0 0 0 0 0 0 0 0 0 0 0 0 0 0 0 0 0 0 0 0 0 0 0 0 0 0 1 0 0 0 0 0 0 0 0 0 0 0 0 0 0 0 0 0 0 0 0 0]
[930769193074072374624592355323597880406230356796255735544698953617292655902997351097849106007005007461430699693640359999890707680820748287584882306698302823759416346123683343143900305156077242785967959478552355284919818180392496488718984778888 0 0 0 0 0 0 0 0 0 0 0 0 0 0 0 0 0 0 0 0 0 0 0 0 0 0 0 0 0 0 0 0 0 0 0 0 0 0 0 0 0 0 0 0 0 0 0 0 0 0 0 0 0 0 0 0 0 0 0 1 0 0 0 0 0 0 0 0 0 0 0 0 0 0 0 0 0 0 0 0]
[928207523921092525069547072192929059698663283490946195004407929018599227211839365930374621180976320628442802180663004786221279690767641414815120222135089094373418161072364478482556432728468355164121379486263219638880125077528773279496305590698 0 0 0 0 0 0 0 0 0 0 0 0 0 0 0 0 0 0 0 0 0 0 0 0 0 0 0 0 0 0 0 0 0 0 0 0 0 0 0 0 0 0 0 0 0 0 0 0 0 0 0 0 0 0 0 0 0 0 0 0 1 0 0 0 0 0 0 0 0 0 0 0 0 0 0 0 0 0 0 0]
[2890684032294402696883912701351768468947846774594348864107304266523058907235465327855719057448285131496818593400032043168582403037167699780264129527008593459485541380877556980955493088634429377509000601705280559377951503196932511836754295388605 0 0 0 0 0 0 0 0 0 0 0 0 0 0 0 0 0 0 0 0 0 0 0 0 0 0 0 0 0 0 0 0 0 0 0 0 0 0 0 0 0 0 0 0 0 0 0 0 0 0 0 0 0 0 0 0 0 0 0 0 0 1 0 0 0 0 0 0 0 0 0 0 0 0 0 0 0 0 0 0]
[25488497824724820241288153834122190767827837075720987164908392737357868807863786833435921794064713755682401073064571273133709561316432941338230715477049950842869196411380645022460652437279338175882927430599945724259043008050458313276182665633 0 0 0 0 0 0 0 0 0 0 0 0 0 0 0 0 0 0 0 0 0 0 0 0 0 0 0 0 0 0 0 0 0 0 0 0 0 0 0 0 0 0 0 0 0 0 0 0 0 0 0 0 0 0 0 0 0 0 0 0 0 0 1 0 0 0 0 0 0 0 0 0 0 0 0 0 0 0 0 0]
[1579665879377803258736584937879639710208802009565121742638422278293096476559258288661672975189885833924727504117984043963932450737940118543460426799822264180403524934520802212658278658872700516711266992803744649426123965113552789253536772135134 0 0 0 0 0 0 0 0 0 0 0 0 0 0 0 0 0 0 0 0 0 0 0 0 0 0 0 0 0 0 0 0 0 0 0 0 0 0 0 0 0 0 0 0 0 0 0 0 0 0 0 0 0 0 0 0 0 0 0 0 0 0 0 1 0 0 0 0 0 0 0 0 0 0 0 0 0 0 0 0]
[3452652238185557371300644220840561330720745112405922483202078722986725490104865966214211923179969394741673627402640279831559048118470792749420659833509521054335038432112298384305218769829506070126644273266387808696316285538451223763645400043421 0 0 0 0 0 0 0 0 0 0 0 0 0 0 0 0 0 0 0 0 0 0 0 0 0 0 0 0 0 0 0 0 0 0 0 0 0 0 0 0 0 0 0 0 0 0 0 0 0 0 0 0 0 0 0 0 0 0 0 0 0 0 0 0 1 0 0 0 0 0 0 0 0 0 0 0 0 0 0 0]
[2303163166679839906650260640533634308786071388152105318532203195604390617032344089872592008042071374232078890120592988663204311736809727707797024455153836513990153285879079411653753524100228851343700092569984553710373401442179320636033045149143 0 0 0 0 0 0 0 0 0 0 0 0 0 0 0 0 0 0 0 0 0 0 0 0 0 0 0 0 0 0 0 0 0 0 0 0 0 0 0 0 0 0 0 0 0 0 0 0 0 0 0 0 0 0 0 0 0 0 0 0 0 0 0 0 0 1 0 0 0 0 0 0 0 0 0 0 0 0 0 0]
[2768308146756743153905479911723133220842700097477476597196089564802431228680225057079000319692065419621207208251902235634917839787799815566659822426720741179372659744364073556621840350624548963839311569493582928354344563844564938679229378890697 0 0 0 0 0 0 0 0 0 0 0 0 0 0 0 0 0 0 0 0 0 0 0 0 0 0 0 0 0 0 0 0 0 0 0 0 0 0 0 0 0 0 0 0 0 0 0 0 0 0 0 0 0 0 0 0 0 0 0 0 0 0 0 0 0 0 1 0 0 0 0 0 0 0 0 0 0 0 0 0]
[1197483575425727910342122288929193782877694207980528359950034310315308160580465843216396493472952070218259200384157473255690074099310529296865401633686798868051742954523819216951113230635846179880310867509127584682472290126727875442134881763829 0 0 0 0 0 0 0 0 0 0 0 0 0 0 0 0 0 0 0 0 0 0 0 0 0 0 0 0 0 0 0 0 0 0 0 0 0 0 0 0 0 0 0 0 0 0 0 0 0 0 0 0 0 0 0 0 0 0 0 0 0 0 0 0 0 0 0 1 0 0 0 0 0 0 0 0 0 0 0 0]
[1984917191143267851122705638472874574162527085932452946384805496041761292304985696877320919622865457107301320843257310698602384133212087333901085208073392123977874632929955556209573451212447438075713312091131266145851781051284067302579440756855 0 0 0 0 0 0 0 0 0 0 0 0 0 0 0 0 0 0 0 0 0 0 0 0 0 0 0 0 0 0 0 0 0 0 0 0 0 0 0 0 0 0 0 0 0 0 0 0 0 0 0 0 0 0 0 0 0 0 0 0 0 0 0 0 0 0 0 0 1 0 0 0 0 0 0 0 0 0 0 0]
[763099061508448681717558614102329051899971570923922896521996002157087672179985725866295464600931521866075072078055726215066060999643367404892995295580118906790153383542432792917282158188869339725950913571270627722386739875038127721103171630453 0 0 0 0 0 0 0 0 0 0 0 0 0 0 0 0 0 0 0 0 0 0 0 0 0 0 0 0 0 0 0 0 0 0 0 0 0 0 0 0 0 0 0 0 0 0 0 0 0 0 0 0 0 0 0 0 0 0 0 0 0 0 0 0 0 0 0 0 0 1 0 0 0 0 0 0 0 0 0 0]
[2955455571847271336705004439465872012987337602021222025587931095203884585357257132591252645946177420263336277241685499739723096547921941296265635450777543938638902470576340090169351544186162449197252420702370900441568773133031421791758960325059 0 0 0 0 0 0 0 0 0 0 0 0 0 0 0 0 0 0 0 0 0 0 0 0 0 0 0 0 0 0 0 0 0 0 0 0 0 0 0 0 0 0 0 0 0 0 0 0 0 0 0 0 0 0 0 0 0 0 0 0 0 0 0 0 0 0 0 0 0 0 1 0 0 0 0 0 0 0 0 0]
[3429096025245057157622614184167327719107865043639439485213838886685662101633811239598812939314707596838918254073504555302571195103616883127435149013988809504826203553288255135500346167095826769731507304226283464126382590065955902979298305003052 0 0 0 0 0 0 0 0 0 0 0 0 0 0 0 0 0 0 0 0 0 0 0 0 0 0 0 0 0 0 0 0 0 0 0 0 0 0 0 0 0 0 0 0 0 0 0 0 0 0 0 0 0 0 0 0 0 0 0 0 0 0 0 0 0 0 0 0 0 0 0 1 0 0 0 0 0 0 0 0]
[1815945859153650799173168889692030048164323643062065199177206413477328792927677055240790603402289671375907530218369422653470248997527676964965649520029124530038096961401063998414104172570789314578222802916927092761791373785176884489345126855625 0 0 0 0 0 0 0 0 0 0 0 0 0 0 0 0 0 0 0 0 0 0 0 0 0 0 0 0 0 0 0 0 0 0 0 0 0 0 0 0 0 0 0 0 0 0 0 0 0 0 0 0 0 0 0 0 0 0 0 0 0 0 0 0 0 0 0 0 0 0 0 0 1 0 0 0 0 0 0 0]
[1080530447945225770713355835412739066393895405128767305058320724387984310036485873465412276742996523346270953427278424447737491463009565416793216306401719776157760116343135383232344340371253783708572348041921802051040729506525204418348005600175 0 0 0 0 0 0 0 0 0 0 0 0 0 0 0 0 0 0 0 0 0 0 0 0 0 0 0 0 0 0 0 0 0 0 0 0 0 0 0 0 0 0 0 0 0 0 0 0 0 0 0 0 0 0 0 0 0 0 0 0 0 0 0 0 0 0 0 0 0 0 0 0 0 1 0 0 0 0 0 0]
[1085994786214574864086185179581294084234096108549807221250148190108350797606830327726512395423967342016417121626009032036619204542044765878613150334751155140507752508928073053712409311832819779349888626820594774268133688655991020865476649596866 0 0 0 0 0 0 0 0 0 0 0 0 0 0 0 0 0 0 0 0 0 0 0 0 0 0 0 0 0 0 0 0 0 0 0 0 0 0 0 0 0 0 0 0 0 0 0 0 0 0 0 0 0 0 0 0 0 0 0 0 0 0 0 0 0 0 0 0 0 0 0 0 0 0 1 0 0 0 0 0]
[2099740756329093971336371242554725064784104562818868574572260035999010715586723804020035616962835575399193790027761802875544679514408338636183509073023301555303256917659438289904136516652202481213400642770777721822539947435669756218947272070562 0 0 0 0 0 0 0 0 0 0 0 0 0 0 0 0 0 0 0 0 0 0 0 0 0 0 0 0 0 0 0 0 0 0 0 0 0 0 0 0 0 0 0 0 0 0 0 0 0 0 0 0 0 0 0 0 0 0 0 0 0 0 0 0 0 0 0 0 0 0 0 0 0 0 0 1 0 0 0 0]
[1531522822435911463363990472176069005062943840317467931002867188956112672835930020483686209250483585606532091404430173111023580817332611933368032439688767531323060258416424234521378528436947300016725911638605114105981342218084589188554367198071 0 0 0 0 0 0 0 0 0 0 0 0 0 0 0 0 0 0 0 0 0 0 0 0 0 0 0 0 0 0 0 0 0 0 0 0 0 0 0 0 0 0 0 0 0 0 0 0 0 0 0 0 0 0 0 0 0 0 0 0 0 0 0 0 0 0 0 0 0 0 0 0 0 0 0 0 1 0 0 0]
[1394282131016434497938814755872753445025808201098884815175515572788261929011498162419463149578986619793146723895607349945377506636115543442257737568069352963712055543692392242275936930566036355227705731589259068622269597972342396507633145309688 0 0 0 0 0 0 0 0 0 0 0 0 0 0 0 0 0 0 0 0 0 0 0 0 0 0 0 0 0 0 0 0 0 0 0 0 0 0 0 0 0 0 0 0 0 0 0 0 0 0 0 0 0 0 0 0 0 0 0 0 0 0 0 0 0 0 0 0 0 0 0 0 0 0 0 0 0 1 0 0]
[3130027295264415269029451234499034455104465721820964595358570891280036384546910530537795333607896247161022274348164296638147840076541647787231191887220650594678210970437722250148037348043044471140281721828473784488738754234420876478847090937502 0 0 0 0 0 0 0 0 0 0 0 0 0 0 0 0 0 0 0 0 0 0 0 0 0 0 0 0 0 0 0 0 0 0 0 0 0 0 0 0 0 0 0 0 0 0 0 0 0 0 0 0 0 0 0 0 0 0 0 0 0 0 0 0 0 0 0 0 0 0 0 0 0 0 0 0 0 0 1 0]
[372045831053179818009638843701214871083304419403597661653651584662337785397210891474364742842042030804263660403736521297530182549909437517880594051453045115279732122944277197075572277109842806332691592020701132937795020724029802506281218211424 0 0 0 0 0 0 0 0 0 0 0 0 0 0 0 0 0 0 0 0 0 0 0 0 0 0 0 0 0 0 0 0 0 0 0 0 0 0 0 0 0 0 0 0 0 0 0 0 0 0 0 0 0 0 0 0 0 0 0 0 0 0 0 0 0 0 0 0 0 0 0 0 0 0 0 0 0 0 0 1]
]
