[[10673267615458189046182631434794268035349625485399295687013339874364093937739901871894414036793862230968923187673614897840616484471544221850331193452373381405119667870226509052684941102335497731010273167789614221603016704011336606102439476984379043866240758548703079287576464461324107041537128618248523779846224814331071950067 0 0 0 0 0 0 0 0 0 0 0 0 0 0 0 0 0 0 0 0 0 0 0 0 0 0 0 0 0 0 0 0 0 0 0 0 0 0 0 0 0 0 0 0 0 0 0 0 0 0 0 0 0 0 0 0 0 0 0 0 0 0 0 0 0 0 0 0 0 0 0 0 0 0 0 0 0 0 0 0 0 0 0 0 0 0 0 0 0 0 0 0 0 0 0 0 0 0 0 0 0 0 0 0 0 0 0]
[1678473562831876684960943145565280706464710342940466253234943985980176790722972815542617013143604836650056196361486963491217663862580479464738341510462383218890154469243654941317993715096971386418588471997203664081868276018027011805640816037116739860398286006519008630139680190039598698887157604134860428954771678081608034947 1 0 0 0 0 0 0 0 0 0 0 0 0 0 0 0 0 0 0 0 0 0 0 0 0 0 0 0 0 0 0 0 0 0 0 0 0 0 0 0 0 0 0 0 0 0 0 0 0 0 0 0 0 0 0 0 0 0 0 0 0 0 0 0 0 0 0 0 0 0 0 0 0 0 0 0 0 0 0 0 0 0 0 0 0 0 0 0 0 0 0 0 0 0 0 0 0 0 0 0 0 0 0 0 0 0 0]
[5662324624556148299390409902748586615267770100350957353344073686454843773176953094856636079221722500896623190200777983303617232473206247668328745326534394296351283897489027985896874881532559814493932675998857593984486891797148221666848446605840198647647445734068389743148627103466066313942413525327611550637512863044202647978 0 1 0 0 0 0 0 0 0 0 0 0 0 0 0 0 0 0 0 0 0 0 0 0 0 0 0 0 0 0 0 0 0 0 0 0 0 0 0 0 0 0 0 0 0 0 0 0 0 0 0 0 0 0 0 0 0 0 0 0 0 0 0 0 0 0 0 0 0 0 0 0 0 0 0 0 0 0 0 0 0 0 0 0 0 0 0 0 0 0 0 0 0 0 0 0 0 0 0 0 0 0 0 0 0 0 0]
[3963239946203928345184028890350477874040292280695209698341749437409767813798159446428221355662442855420585989529850633490033749280599699438063820547290511532066117915215548419094112230116010230232616545131084534298171257937278018504546634302524076401554344458706742801984173082175784740371403823741660473265777096322893209534 0 0 1 0 0 0 0 0 0 0 0 0 0 0 0 0 0 0 0 0 0 0 0 0 0 0 0 0 0 0 0 0 0 0 0 0 0 0 0 0 0 0 0 0 0 0 0 0 0 0 0 0 0 0 0 0 0 0 0 0 0 0 0 0 0 0 0 0 0 0 0 0 0 0 0 0 0 0 0 0 0 0 0 0 0 0 0 0 0 0 0 0 0 0 0 0 0 0 0 0 0 0 0 0 0 0 0]
[3397814866237567872121604140260663598856189587723711963551531818738446847862235703366267419734312970126850286151812032112770069872238075958840107389630518621029194398669809562423631546234299522176793508841871850301983766297171115593698195691289965017562745636611892704512983148966070656393319212226414532873593587126484401534 0 0 0 1 0 0 0 0 0 0 0 0 0 0 0 0 0 0 0 0 0 0 0 0 0 0 0 0 0 0 0 0 0 0 0 0 0 0 0 0 0 0 0 0 0 0 0 0 0 0 0 0 0 0 0 0 0 0 0 0 0 0 0 0 0 0 0 0 0 0 0 0 0 0 0 0 0 0 0 0 0 0 0 0 0 0 0 0 0 0 0 0 0 0 0 0 0 0 0 0 0 0 0 0 0 0 0]
[10432015878651337396805207374304937273883787108830424227246030800469878775944353467762028107666676342414870209138876435219672729559971670210610870082628506970201810812989112928853329077645940581357839613622558273120594418963357710151488317609528950197589521477481283839731075785585495812406032114320372610188771362647274869195 0 0 0 0 1 0 0 0 0 0 0 0 0 0 0 0 0 0 0 0 0 0 0 0 0 0 0 0 0 0 0 0 0 0 0 0 0 0 0 0 0 0 0 0 0 0 0 0 0 0 0 0 0 0 0 0 0 0 0 0 0 0 0 0 0 0 0 0 0 0 0 0 0 0 0 0 0 0 0 0 0 0 0 0 0 0 0 0 0 0 0 0 0 0 0 0 0 0 0 0 0 0 0 0 0 0 0]
[7205791227072539411118620496524409012668232908633025687997492131650948965528110221555100795546110221902260300724912768433898911899147450919241789075892687092120140116427722962350508956996484024279880250616661332582744647471274973371071410786942294731742022173020781815772391499631467855768490993492574185552240246925444699044 0 0 0 0 0 1 0 0 0 0 0 0 0 0 0 0 0 0 0 0 0 0 0 0 0 0 0 0 0 0 0 0 0 0 0 0 0 0 0 0 0 0 0 0 0 0 0 0 0 0 0 0 0 0 0 0 0 0 0 0 0 0 0 0 0 0 0 0 0 0 0 0 0 0 0 0 0 0 0 0 0 0 0 0 0 0 0 0 0 0 0 0 0 0 0 0 0 0 0 0 0 0 0 0 0 0 0]
[1004805787027884188601119662134486981690179356911723645636643912346840332283601552025979731722126070010134728897909076826787041231639643796044963263324807675512777736474116924173591550092854605162281871727104584180237943867949748577706889227633822119770358617976777066751807993170157049181052451075072848718381879683426541444 0 0 0 0 0 0 1 0 0 0 0 0 0 0 0 0 0 0 0 0 0 0 0 0 0 0 0 0 0 0 0 0 0 0 0 0 0 0 0 0 0 0 0 0 0 0 0 0 0 0 0 0 0 0 0 0 0 0 0 0 0 0 0 0 0 0 0 0 0 0 0 0 0 0 0 0 0 0 0 0 0 0 0 0 0 0 0 0 0 0 0 0 0 0 0 0 0 0 0 0 0 0 0 0 0 0 0]
[4229369797613181787696029766390709259055505229252395674284634092578435491341502158722835093121146319343401365196398910825992381813751001075340516703469298886679259077894972794836906486270851659863422137132129529184593722960044222495517365493003974071876472905906790725411388775381309476998827874519950898690399697098796989255 0 0 0 0 0 0 0 1 0 0 0 0 0 0 0 0 0 0 0 0 0 0 0 0 0 0 0 0 0 0 0 0 0 0 0 0 0 0 0 0 0 0 0 0 0 0 0 0 0 0 0 0 0 0 0 0 0 0 0 0 0 0 0 0 0 0 0 0 0 0 0 0 0 0 0 0 0 0 0 0 0 0 0 0 0 0 0 0 0 0 0 0 0 0 0 0 0 0 0 0 0 0 0 0 0 0 0]
[6915537395077720281851251205833773170261964149610600875894148022834725981828554242497918284077573798034534335178932648559170836505577561036907895665595253771403232981323924366362863677174987253729922978759924260129244500864440898440157217772962295197414983313801363658887705177931883131940238230726018159682618798317610682851 0 0 0 0 0 0 0 0 1 0 0 0 0 0 0 0 0 0 0 0 0 0 0 0 0 0 0 0 0 0 0 0 0 0 0 0 0 0 0 0 0 0 0 0 0 0 0 0 0 0 0 0 0 0 0 0 0 0 0 0 0 0 0 0 0 0 0 0 0 0 0 0 0 0 0 0 0 0 0 0 0 0 0 0 0 0 0 0 0 0 0 0 0 0 0 0 0 0 0 0 0 0 0 0 0 0 0]
[10246707483801323618266172788989032433619210902910008845891531312424677485803303500913322787952688566401848859660348350957745455608151145340867687890899911242280229830051962451108532738341279735926946005590776624471710191372800200168271317384513915117541543162833825583398029994348261904070049313627978416392279952621807795890 0 0 0 0 0 0 0 0 0 1 0 0 0 0 0 0 0 0 0 0 0 0 0 0 0 0 0 0 0 0 0 0 0 0 0 0 0 0 0 0 0 0 0 0 0 0 0 0 0 0 0 0 0 0 0 0 0 0 0 0 0 0 0 0 0 0 0 0 0 0 0 0 0 0 0 0 0 0 0 0 0 0 0 0 0 0 0 0 0 0 0 0 0 0 0 0 0 0 0 0 0 0 0 0 0 0 0]
[10286515088957040124982777424590627204175968832066286441855740784220994592625643984068559644919902466657338467721099654966644235730207503104822886730768109096876229400879404953926985300099414703096311218732443409251911208501196116974997192428680596069390524796965818991066824643896264678136912647364346392280653737821379821179 0 0 0 0 0 0 0 0 0 0 1 0 0 0 0 0 0 0 0 0 0 0 0 0 0 0 0 0 0 0 0 0 0 0 0 0 0 0 0 0 0 0 0 0 0 0 0 0 0 0 0 0 0 0 0 0 0 0 0 0 0 0 0 0 0 0 0 0 0 0 0 0 0 0 0 0 0 0 0 0 0 0 0 0 0 0 0 0 0 0 0 0 0 0 0 0 0 0 0 0 0 0 0 0 0 0 0]
[10337481275400651250130850315908874745920623368110513434851703093653532536856709270246218345546581701857626303327969533524026605121252341706286537970602905526704269190336916828975060814795172474738006380282443703066512773011234151851616319651716621549726323433000165575828727336721728896926558922556759315482231601636495417109 0 0 0 0 0 0 0 0 0 0 0 1 0 0 0 0 0 0 0 0 0 0 0 0 0 0 0 0 0 0 0 0 0 0 0 0 0 0 0 0 0 0 0 0 0 0 0 0 0 0 0 0 0 0 0 0 0 0 0 0 0 0 0 0 0 0 0 0 0 0 0 0 0 0 0 0 0 0 0 0 0 0 0 0 0 0 0 0 0 0 0 0 0 0 0 0 0 0 0 0 0 0 0 0 0 0 0]
[9194526198842690031685472481711166604017490860807792800547745913430705284382150142798877453120541698853998934904555059078545933297945137345270953415621904262182181173552813737660417282156451563970489361432728226396489711640454044471018716753136372690896789190953761680802700816463270049038404117931950322598882056744995425513 0 0 0 0 0 0 0 0 0 0 0 0 1 0 0 0 0 0 0 0 0 0 0 0 0 0 0 0 0 0 0 0 0 0 0 0 0 0 0 0 0 0 0 0 0 0 0 0 0 0 0 0 0 0 0 0 0 0 0 0 0 0 0 0 0 0 0 0 0 0 0 0 0 0 0 0 0 0 0 0 0 0 0 0 0 0 0 0 0 0 0 0 0 0 0 0 0 0 0 0 0 0 0 0 0 0 0]
[2996587270214110415844719343512403768023894034789112842688517176892147573530181070580710910377878974508620664237263315157763427396290168281091122510768399951477031649783374690187619472403363456363753859665358300442224694466088736815486363801127779650424021259116460130866572243959892234159968141074389329180440601722652554262 0 0 0 0 0 0 0 0 0 0 0 0 0 1 0 0 0 0 0 0 0 0 0 0 0 0 0 0 0 0 0 0 0 0 0 0 0 0 0 0 0 0 0 0 0 0 0 0 0 0 0 0 0 0 0 0 0 0 0 0 0 0 0 0 0 0 0 0 0 0 0 0 0 0 0 0 0 0 0 0 0 0 0 0 0 0 0 0 0 0 0 0 0 0 0 0 0 0 0 0 0 0 0 0 0 0 0]
[8575675474453613687506925152064979514825990517200269344252439580611108386751593314692332235285371263577939551558064009838053771165133639092076321847196589608227432761689383723955595849262919638133842571165634460253886871723492742860992298135517148537193313859308085908827655931563032456790318709567037922148868323627045475238 0 0 0 0 0 0 0 0 0 0 0 0 0 0 1 0 0 0 0 0 0 0 0 0 0 0 0 0 0 0 0 0 0 0 0 0 0 0 0 0 0 0 0 0 0 0 0 0 0 0 0 0 0 0 0 0 0 0 0 0 0 0 0 0 0 0 0 0 0 0 0 0 0 0 0 0 0 0 0 0 0 0 0 0 0 0 0 0 0 0 0 0 0 0 0 0 0 0 0 0 0 0 0 0 0 0 0]
[19465012327929078833692882654955751291235725545598943527054667766294828869108296705107882423317645887235498599757021344066816791414933280772286540696246309614307280901847646805659360667871421975449740836174384952792546877249519876288804917615279403752927695033073905460832723417670485832746709076434836485119061377277154939 0 0 0 0 0 0 0 0 0 0 0 0 0 0 0 1 0 0 0 0 0 0 0 0 0 0 0 0 0 0 0 0 0 0 0 0 0 0 0 0 0 0 0 0 0 0 0 0 0 0 0 0 0 0 0 0 0 0 0 0 0 0 0 0 0 0 0 0 0 0 0 0 0 0 0 0 0 0 0 0 0 0 0 0 0 0 0 0 0 0 0 0 0 0 0 0 0 0 0 0 0 0 0 0 0 0 0]
[8508049160753522776452248654766901164157846713454621303358314142291168563095675769691671424430673796725814964113884163617893007497262187253287938604287621632941032282081599874405818561571274812118238782533726925360912994301060006739219756930077487947714012570589688986407086838085801394073694894798738366291332163499708808600 0 0 0 0 0 0 0 0 0 0 0 0 0 0 0 0 1 0 0 0 0 0 0 0 0 0 0 0 0 0 0 0 0 0 0 0 0 0 0 0 0 0 0 0 0 0 0 0 0 0 0 0 0 0 0 0 0 0 0 0 0 0 0 0 0 0 0 0 0 0 0 0 0 0 0 0 0 0 0 0 0 0 0 0 0 0 0 0 0 0 0 0 0 0 0 0 0 0 0 0 0 0 0 0 0 0 0]
[1095788730657830458544165862695468493172139884379068881291676444164058886061248516387629896120511905291499293903039662811422058306768735380763588132415902754621842233880433357983356775053792994697237347742758843121161281235566048018996748018815932619944497269550568564291107830079907204622314025194165313914905625884719788587 0 0 0 0 0 0 0 0 0 0 0 0 0 0 0 0 0 1 0 0 0 0 0 0 0 0 0 0 0 0 0 0 0 0 0 0 0 0 0 0 0 0 0 0 0 0 0 0 0 0 0 0 0 0 0 0 0 0 0 0 0 0 0 0 0 0 0 0 0 0 0 0 0 0 0 0 0 0 0 0 0 0 0 0 0 0 0 0 0 0 0 0 0 0 0 0 0 0 0 0 0 0 0 0 0 0 0]
[8211958756333171065951785833043979675438605491551076236499643482210119907063301765087571312546754092781437800379737538859562992340400650931837137920615444362621914367541998983266692239891983678532940794168128719740332352398807198973765649275530337519113998957943858567425146832050373005915557543610066487760116053139605478640 0 0 0 0 0 0 0 0 0 0 0 0 0 0 0 0 0 0 1 0 0 0 0 0 0 0 0 0 0 0 0 0 0 0 0 0 0 0 0 0 0 0 0 0 0 0 0 0 0 0 0 0 0 0 0 0 0 0 0 0 0 0 0 0 0 0 0 0 0 0 0 0 0 0 0 0 0 0 0 0 0 0 0 0 0 0 0 0 0 0 0 0 0 0 0 0 0 0 0 0 0 0 0 0 0 0 0]
[7132772092983134748548119416906397891774233140743579865772781704655487146379209823685286783593401302664080297417004386711740039643693237823443943738571415432229390892189400706650192324546290567619228948961625391095296705569446655425642599029929559336801413641317806768987589546459800438525355142734916023999873724218245555700 0 0 0 0 0 0 0 0 0 0 0 0 0 0 0 0 0 0 0 1 0 0 0 0 0 0 0 0 0 0 0 0 0 0 0 0 0 0 0 0 0 0 0 0 0 0 0 0 0 0 0 0 0 0 0 0 0 0 0 0 0 0 0 0 0 0 0 0 0 0 0 0 0 0 0 0 0 0 0 0 0 0 0 0 0 0 0 0 0 0 0 0 0 0 0 0 0 0 0 0 0 0 0 0 0 0 0]
[10563719239537317902171822456713665468353606889399378778242412683584983532265545416464481891036328913092010139141632441002594458060772587359944857225383473617514953827114220808689796856308982808068382065208454585528505985379061687840028536039776008203130768114013008227018951025566938055373914765387600221561812434785746884633 0 0 0 0 0 0 0 0 0 0 0 0 0 0 0 0 0 0 0 0 1 0 0 0 0 0 0 0 0 0 0 0 0 0 0 0 0 0 0 0 0 0 0 0 0 0 0 0 0 0 0 0 0 0 0 0 0 0 0 0 0 0 0 0 0 0 0 0 0 0 0 0 0 0 0 0 0 0 0 0 0 0 0 0 0 0 0 0 0 0 0 0 0 0 0 0 0 0 0 0 0 0 0 0 0 0 0]
[6792232529001984294404044760061666681033937530576594216974059001080336187109811471537826787565251233033099727870737606691008782483252548049805042205666411076117511979045093761301715284109816121106290174372344021625526147119569355865580296312972987755371103992386599138498842021116590698338465210173030455227140787950862396138 0 0 0 0 0 0 0 0 0 0 0 0 0 0 0 0 0 0 0 0 0 1 0 0 0 0 0 0 0 0 0 0 0 0 0 0 0 0 0 0 0 0 0 0 0 0 0 0 0 0 0 0 0 0 0 0 0 0 0 0 0 0 0 0 0 0 0 0 0 0 0 0 0 0 0 0 0 0 0 0 0 0 0 0 0 0 0 0 0 0 0 0 0 0 0 0 0 0 0 0 0 0 0 0 0 0 0]
[3010893617054093538998988384693245357784667647279338713707034032928747700222249932906371871482573365708279773885271627869601655069819298360461555423622828461589290924933056610220606398560091156874640678681902934255370379232590514509883283946457552902090897640533160975245106257468934677606204344487821314285725972364751245368 0 0 0 0 0 0 0 0 0 0 0 0 0 0 0 0 0 0 0 0 0 0 1 0 0 0 0 0 0 0 0 0 0 0 0 0 0 0 0 0 0 0 0 0 0 0 0 0 0 0 0 0 0 0 0 0 0 0 0 0 0 0 0 0 0 0 0 0 0 0 0 0 0 0 0 0 0 0 0 0 0 0 0 0 0 0 0 0 0 0 0 0 0 0 0 0 0 0 0 0 0 0 0 0 0 0 0]
[1385424432163575026097688341302949579086471479630688288975545860081114289958750666880538679381176846353160386054840016979783011621110489916388518397530265558669603330527925756114265720468195427524410148157258401743827545458312615293436306908065137050691428538371120572108288434194912934882051516403152597187329872983878167603 0 0 0 0 0 0 0 0 0 0 0 0 0 0 0 0 0 0 0 0 0 0 0 1 0 0 0 0 0 0 0 0 0 0 0 0 0 0 0 0 0 0 0 0 0 0 0 0 0 0 0 0 0 0 0 0 0 0 0 0 0 0 0 0 0 0 0 0 0 0 0 0 0 0 0 0 0 0 0 0 0 0 0 0 0 0 0 0 0 0 0 0 0 0 0 0 0 0 0 0 0 0 0 0 0 0 0]
[1583493787992589950314421586833455575121375218628655949631440098039285690434626537499767691904321656995629335424273780422187062612280483646344172053957764267068879246117493106161545871345743371231207330387143751046869715526757704040811257115502410283013413144600303382141609935074395119861538775692842481198109731771712117772 0 0 0 0 0 0 0 0 0 0 0 0 0 0 0 0 0 0 0 0 0 0 0 0 1 0 0 0 0 0 0 0 0 0 0 0 0 0 0 0 0 0 0 0 0 0 0 0 0 0 0 0 0 0 0 0 0 0 0 0 0 0 0 0 0 0 0 0 0 0 0 0 0 0 0 0 0 0 0 0 0 0 0 0 0 0 0 0 0 0 0 0 0 0 0 0 0 0 0 0 0 0 0 0 0 0 0]
[7800269723718018060479787091360981057711637005805598643364609384975810179635839063411815311038436175208833039996882921449604146699909479995421834567119924793547065225842384728200060671624074394111637943281351675653966012991837782408843134788242496862252088835860136155261358068549903177269299714697918417656131417474765039649 0 0 0 0 0 0 0 0 0 0 0 0 0 0 0 0 0 0 0 0 0 0 0 0 0 1 0 0 0 0 0 0 0 0 0 0 0 0 0 0 0 0 0 0 0 0 0 0 0 0 0 0 0 0 0 0 0 0 0 0 0 0 0 0 0 0 0 0 0 0 0 0 0 0 0 0 0 0 0 0 0 0 0 0 0 0 0 0 0 0 0 0 0 0 0 0 0 0 0 0 0 0 0 0 0 0 0]
[4529020131746570075524961372962717887598665623397871820185278470168319051679335622027478328750916867865731989071004382540145051167256035427612421165649215445450110690355026174991242630926128277582057658293755487943950113577405363346793024467382832290689689102421393001161529626831524319397750141043705903508583770517891140067 0 0 0 0 0 0 0 0 0 0 0 0 0 0 0 0 0 0 0 0 0 0 0 0 0 0 1 0 0 0 0 0 0 0 0 0 0 0 0 0 0 0 0 0 0 0 0 0 0 0 0 0 0 0 0 0 0 0 0 0 0 0 0 0 0 0 0 0 0 0 0 0 0 0 0 0 0 0 0 0 0 0 0 0 0 0 0 0 0 0 0 0 0 0 0 0 0 0 0 0 0 0 0 0 0 0 0]
[8604298978486375873421606800621414796049791625692677065983815075019221593220862443526511545505173572504934633768707659820805190357950000667174442774465733189709994197566073989780787506218275137021996753904591924952996034905316153879793035396499741409909929699106453011937282682525234569723803961662152131392580523408840955222 0 0 0 0 0 0 0 0 0 0 0 0 0 0 0 0 0 0 0 0 0 0 0 0 0 0 0 1 0 0 0 0 0 0 0 0 0 0 0 0 0 0 0 0 0 0 0 0 0 0 0 0 0 0 0 0 0 0 0 0 0 0 0 0 0 0 0 0 0 0 0 0 0 0 0 0 0 0 0 0 0 0 0 0 0 0 0 0 0 0 0 0 0 0 0 0 0 0 0 0 0 0 0 0 0 0 0]
[8323287959757820892441911475894437813728236817440235223218303183696001833669025681758371744675301378756689535506713282433176067043209437026914025488433188462144315931628377882409600167756453611328733251664006638731153298711576814943678351673383757799405099885294296162237692142068233010589115274894843310945025459240562280901 0 0 0 0 0 0 0 0 0 0 0 0 0 0 0 0 0 0 0 0 0 0 0 0 0 0 0 0 1 0 0 0 0 0 0 0 0 0 0 0 0 0 0 0 0 0 0 0 0 0 0 0 0 0 0 0 0 0 0 0 0 0 0 0 0 0 0 0 0 0 0 0 0 0 0 0 0 0 0 0 0 0 0 0 0 0 0 0 0 0 0 0 0 0 0 0 0 0 0 0 0 0 0 0 0 0 0]
[4424851798999069335183153293167624890974346177773765277986034652823521713644156827311968102731539337665328142239014572985887630120411931932509433108459662946154370759881987887053792439123809284221213528782141160669400318002617737135800508535375889173899782062188761944726884005367808730961751117312560553776151050349108892228 0 0 0 0 0 0 0 0 0 0 0 0 0 0 0 0 0 0 0 0 0 0 0 0 0 0 0 0 0 1 0 0 0 0 0 0 0 0 0 0 0 0 0 0 0 0 0 0 0 0 0 0 0 0 0 0 0 0 0 0 0 0 0 0 0 0 0 0 0 0 0 0 0 0 0 0 0 0 0 0 0 0 0 0 0 0 0 0 0 0 0 0 0 0 0 0 0 0 0 0 0 0 0 0 0 0 0]
[9786513801563690822050500563129880832023348449550290745518594815234471550149893428242078579274018615217645080469169049324680642938381863734795265480203697293993974191651139212143065633914024315182908217045886281383937708658907154230295508752997289049121385097107182109685278976796512940059740830599197077038169248000688404069 0 0 0 0 0 0 0 0 0 0 0 0 0 0 0 0 0 0 0 0 0 0 0 0 0 0 0 0 0 0 1 0 0 0 0 0 0 0 0 0 0 0 0 0 0 0 0 0 0 0 0 0 0 0 0 0 0 0 0 0 0 0 0 0 0 0 0 0 0 0 0 0 0 0 0 0 0 0 0 0 0 0 0 0 0 0 0 0 0 0 0 0 0 0 0 0 0 0 0 0 0 0 0 0 0 0 0]
[5264654135215486160495188167078585678438421686635022225136433777101384124648817346321574074148601443091188931029738755824078875018958793688556905800646097064059749939346144147712340766948870784806914432104511689846975533422113186885307188132041571575919497781890192334074054343777670862952104486387735337127248415063229353233 0 0 0 0 0 0 0 0 0 0 0 0 0 0 0 0 0 0 0 0 0 0 0 0 0 0 0 0 0 0 0 1 0 0 0 0 0 0 0 0 0 0 0 0 0 0 0 0 0 0 0 0 0 0 0 0 0 0 0 0 0 0 0 0 0 0 0 0 0 0 0 0 0 0 0 0 0 0 0 0 0 0 0 0 0 0 0 0 0 0 0 0 0 0 0 0 0 0 0 0 0 0 0 0 0 0 0]
[1728853553009422125363161622676746373495862780286024269855998207999920189956193215021424396195224517474675940148231941249029061170176076750310732178043996189820282635974014772031275966137106321395011230435293729703233080007405322769056991063158953471868985520688093108702697760662146806017310448115762408096698530991350575293 0 0 0 0 0 0 0 0 0 0 0 0 0 0 0 0 0 0 0 0 0 0 0 0 0 0 0 0 0 0 0 0 1 0 0 0 0 0 0 0 0 0 0 0 0 0 0 0 0 0 0 0 0 0 0 0 0 0 0 0 0 0 0 0 0 0 0 0 0 0 0 0 0 0 0 0 0 0 0 0 0 0 0 0 0 0 0 0 0 0 0 0 0 0 0 0 0 0 0 0 0 0 0 0 0 0 0]
[3717777597069103447740200725803977499641459996731070675101186130837417577448301246690856561553200481108591947197606126150712825757492915346291756091176438382070451122338358800703267286134609834738267797864253060345430888597850703295452714152383231946275125947404554872186954152802041209924328418999225938597507397546586154646 0 0 0 0 0 0 0 0 0 0 0 0 0 0 0 0 0 0 0 0 0 0 0 0 0 0 0 0 0 0 0 0 0 1 0 0 0 0 0 0 0 0 0 0 0 0 0 0 0 0 0 0 0 0 0 0 0 0 0 0 0 0 0 0 0 0 0 0 0 0 0 0 0 0 0 0 0 0 0 0 0 0 0 0 0 0 0 0 0 0 0 0 0 0 0 0 0 0 0 0 0 0 0 0 0 0 0]
[9597964189725112077520154081630189604679697062988605067813488846326058896466106026688313572425315535713865534824754843080201317183039985603280016329786363781373344739694746384031472053827684294101535542913706454703761127963006476702626854536823529887921680218559197645026903249176161281394102112585565876186829709493801976107 0 0 0 0 0 0 0 0 0 0 0 0 0 0 0 0 0 0 0 0 0 0 0 0 0 0 0 0 0 0 0 0 0 0 1 0 0 0 0 0 0 0 0 0 0 0 0 0 0 0 0 0 0 0 0 0 0 0 0 0 0 0 0 0 0 0 0 0 0 0 0 0 0 0 0 0 0 0 0 0 0 0 0 0 0 0 0 0 0 0 0 0 0 0 0 0 0 0 0 0 0 0 0 0 0 0 0]
[395408222288204526167307349543984380691873429701792068405839625915864370557260940677717187283619392518500683139289813931722412626375579057657636307042073412121500409179765023900629146778027226185158644381269944246212328659395008107484401231327511908071127028718797770838182627431856182774099841963985988393134513725421857681 0 0 0 0 0 0 0 0 0 0 0 0 0 0 0 0 0 0 0 0 0 0 0 0 0 0 0 0 0 0 0 0 0 0 0 1 0 0 0 0 0 0 0 0 0 0 0 0 0 0 0 0 0 0 0 0 0 0 0 0 0 0 0 0 0 0 0 0 0 0 0 0 0 0 0 0 0 0 0 0 0 0 0 0 0 0 0 0 0 0 0 0 0 0 0 0 0 0 0 0 0 0 0 0 0 0 0]
[8441644964594177085203159784310192191403854004194424793713874554705469463170701833349013825242861548951182433456676341519816993670370209148093879397426218589385012060001273956661966202270300071174477377352053456946669059423086507633580205701385244419440627110277553891605203347181986074520976902953892494832354647861502361395 0 0 0 0 0 0 0 0 0 0 0 0 0 0 0 0 0 0 0 0 0 0 0 0 0 0 0 0 0 0 0 0 0 0 0 0 1 0 0 0 0 0 0 0 0 0 0 0 0 0 0 0 0 0 0 0 0 0 0 0 0 0 0 0 0 0 0 0 0 0 0 0 0 0 0 0 0 0 0 0 0 0 0 0 0 0 0 0 0 0 0 0 0 0 0 0 0 0 0 0 0 0 0 0 0 0 0]
[1617946428725267336496957460034830182267637479956590967672567628163775677169498202358190673236952578892767752016000594783900287781873537506187459427114124398772615308221322225056773761498256583579076595622318492935548071322016278434355565826775804173520326541025578364652774761483017110407236694444802434452811912046901369404 0 0 0 0 0 0 0 0 0 0 0 0 0 0 0 0 0 0 0 0 0 0 0 0 0 0 0 0 0 0 0 0 0 0 0 0 0 1 0 0 0 0 0 0 0 0 0 0 0 0 0 0 0 0 0 0 0 0 0 0 0 0 0 0 0 0 0 0 0 0 0 0 0 0 0 0 0 0 0 0 0 0 0 0 0 0 0 0 0 0 0 0 0 0 0 0 0 0 0 0 0 0 0 0 0 0 0]
[5330487210106165578000643700597695393047074446495743816819523998183782031664794918263740185503713519743901221019708744507335310506977263865857398186295513681704743446381485422659132843142642366706831909491479656164966812323436161900691529962708019235530299702398209076472851419394446347291458020722731127559361124209760535237 0 0 0 0 0 0 0 0 0 0 0 0 0 0 0 0 0 0 0 0 0 0 0 0 0 0 0 0 0 0 0 0 0 0 0 0 0 0 1 0 0 0 0 0 0 0 0 0 0 0 0 0 0 0 0 0 0 0 0 0 0 0 0 0 0 0 0 0 0 0 0 0 0 0 0 0 0 0 0 0 0 0 0 0 0 0 0 0 0 0 0 0 0 0 0 0 0 0 0 0 0 0 0 0 0 0 0]
[8210900104025184016829554272391739722075917345959054863754826982821394391056198063232401094248698282946189638508692267282106024762450236592676033283154602907986206180412425972724913614088743012217022211431708957568818445503139901997128693202258811994866642293171505658346975431968910820216878488527049319878992423015989836476 0 0 0 0 0 0 0 0 0 0 0 0 0 0 0 0 0 0 0 0 0 0 0 0 0 0 0 0 0 0 0 0 0 0 0 0 0 0 0 1 0 0 0 0 0 0 0 0 0 0 0 0 0 0 0 0 0 0 0 0 0 0 0 0 0 0 0 0 0 0 0 0 0 0 0 0 0 0 0 0 0 0 0 0 0 0 0 0 0 0 0 0 0 0 0 0 0 0 0 0 0 0 0 0 0 0 0]
[217424848087701782264784203246163816857343777691252894818669588219037337102142091756697468525904402293728828126042690373250535323398821734972023633921808595659301727558065308366328944249772904727310033556487982377030728440066717567320586013224158257587120169059129194829801778098690942576849812717218461500326902013305745758 0 0 0 0 0 0 0 0 0 0 0 0 0 0 0 0 0 0 0 0 0 0 0 0 0 0 0 0 0 0 0 0 0 0 0 0 0 0 0 0 1 0 0 0 0 0 0 0 0 0 0 0 0 0 0 0 0 0 0 0 0 0 0 0 0 0 0 0 0 0 0 0 0 0 0 0 0 0 0 0 0 0 0 0 0 0 0 0 0 0 0 0 0 0 0 0 0 0 0 0 0 0 0 0 0 0 0]
[301367231866006291945700393469961858704057490327691020729994798607096538186032463707230623868386707296609603839652860822928512345061520194838956299362403397558061299380217310211960812372779416536892588817436565403100418619954460045420458192354000204964724408803117540495304730667290842200461240772096415364475828891827137510 0 0 0 0 0 0 0 0 0 0 0 0 0 0 0 0 0 0 0 0 0 0 0 0 0 0 0 0 0 0 0 0 0 0 0 0 0 0 0 0 0 1 0 0 0 0 0 0 0 0 0 0 0 0 0 0 0 0 0 0 0 0 0 0 0 0 0 0 0 0 0 0 0 0 0 0 0 0 0 0 0 0 0 0 0 0 0 0 0 0 0 0 0 0 0 0 0 0 0 0 0 0 0 0 0 0 0]
[10142072296920555451240305789658257846992844280431778685621766633431489687121524978021415616538464943607848634233179113094486525781595197879908437907136855197950802565664947369925107303238077079763517210296459259322137483590119177014571959345278890331079341910636311303543788635765807519747421519604656137218148006193797802459 0 0 0 0 0 0 0 0 0 0 0 0 0 0 0 0 0 0 0 0 0 0 0 0 0 0 0 0 0 0 0 0 0 0 0 0 0 0 0 0 0 0 1 0 0 0 0 0 0 0 0 0 0 0 0 0 0 0 0 0 0 0 0 0 0 0 0 0 0 0 0 0 0 0 0 0 0 0 0 0 0 0 0 0 0 0 0 0 0 0 0 0 0 0 0 0 0 0 0 0 0 0 0 0 0 0 0]
[2469687332489785953256591054214376368281038347219786456064899268809839578662215119660640222204013980284127076241937588281575294818259449672755292872524636684951392685775414754106009681048538495960941527913244742315254827510849188375248322928231821733677210648016341370081248270721022144895431537956109353588148554045122671767 0 0 0 0 0 0 0 0 0 0 0 0 0 0 0 0 0 0 0 0 0 0 0 0 0 0 0 0 0 0 0 0 0 0 0 0 0 0 0 0 0 0 0 1 0 0 0 0 0 0 0 0 0 0 0 0 0 0 0 0 0 0 0 0 0 0 0 0 0 0 0 0 0 0 0 0 0 0 0 0 0 0 0 0 0 0 0 0 0 0 0 0 0 0 0 0 0 0 0 0 0 0 0 0 0 0 0]
[3243556296781742407687684320603481424487682722065800930393625477350029808962720017668368550100867666591569244853832838371583580096431187710745802576682535275733359433628448938094285947780735503116778814809457695375526713999195937734679278383189305187635915058967841868066701379461751634705013035254195378572521980426851032734 0 0 0 0 0 0 0 0 0 0 0 0 0 0 0 0 0 0 0 0 0 0 0 0 0 0 0 0 0 0 0 0 0 0 0 0 0 0 0 0 0 0 0 0 1 0 0 0 0 0 0 0 0 0 0 0 0 0 0 0 0 0 0 0 0 0 0 0 0 0 0 0 0 0 0 0 0 0 0 0 0 0 0 0 0 0 0 0 0 0 0 0 0 0 0 0 0 0 0 0 0 0 0 0 0 0 0]
[10523187701372842941394902415604756308275688801449545126109081392885018465216364791100350413046802556706723049583579051571944700871769869212774622552637555435610689493729640782420109746226947063588770332213268235540944261391358910542919968685760192687634306062927115253737608731308238705591048141888422231981930446727013005928 0 0 0 0 0 0 0 0 0 0 0 0 0 0 0 0 0 0 0 0 0 0 0 0 0 0 0 0 0 0 0 0 0 0 0 0 0 0 0 0 0 0 0 0 0 1 0 0 0 0 0 0 0 0 0 0 0 0 0 0 0 0 0 0 0 0 0 0 0 0 0 0 0 0 0 0 0 0 0 0 0 0 0 0 0 0 0 0 0 0 0 0 0 0 0 0 0 0 0 0 0 0 0 0 0 0 0]
[685218748450675851704119953155715206712340985021542881637622845093829114735903118276191085722738090417582601041211437447276882531820699179922221693953431260123045579987457452530781097047123778589770652840783261742016225946546784457129530352372902492491569739110653786980701940889177061281324722607341101666551064552121644064 0 0 0 0 0 0 0 0 0 0 0 0 0 0 0 0 0 0 0 0 0 0 0 0 0 0 0 0 0 0 0 0 0 0 0 0 0 0 0 0 0 0 0 0 0 0 1 0 0 0 0 0 0 0 0 0 0 0 0 0 0 0 0 0 0 0 0 0 0 0 0 0 0 0 0 0 0 0 0 0 0 0 0 0 0 0 0 0 0 0 0 0 0 0 0 0 0 0 0 0 0 0 0 0 0 0 0]
[741674360840096998524940185113358089374304189971037017346211030328899713164827007268986061031481930129783062936474725549402152443151352657834155964276220137412207722634712486701719259224528841095410128801021037169910072084273368255891959015546265995422773561100039681345822492219171053523381381815466560938211999175732209722 0 0 0 0 0 0 0 0 0 0 0 0 0 0 0 0 0 0 0 0 0 0 0 0 0 0 0 0 0 0 0 0 0 0 0 0 0 0 0 0 0 0 0 0 0 0 0 1 0 0 0 0 0 0 0 0 0 0 0 0 0 0 0 0 0 0 0 0 0 0 0 0 0 0 0 0 0 0 0 0 0 0 0 0 0 0 0 0 0 0 0 0 0 0 0 0 0 0 0 0 0 0 0 0 0 0 0]
[9034216398154838656445546056603442788171385889060751148849708644514000447018985632229652307425962590209126022682445028958988178433679622848633365412594457426302455269292421693461712152344705468963565287698892577967804403350659998255067395868529331282484929103660493111424462211457719713409843243737607311581258202036565091989 0 0 0 0 0 0 0 0 0 0 0 0 0 0 0 0 0 0 0 0 0 0 0 0 0 0 0 0 0 0 0 0 0 0 0 0 0 0 0 0 0 0 0 0 0 0 0 0 1 0 0 0 0 0 0 0 0 0 0 0 0 0 0 0 0 0 0 0 0 0 0 0 0 0 0 0 0 0 0 0 0 0 0 0 0 0 0 0 0 0 0 0 0 0 0 0 0 0 0 0 0 0 0 0 0 0 0]
[5638298234938386709103858660122632181189078852279750543391574531114257143755154755356752840540536428633348460799881585307446292731109286109185770834320417067805674994668194930565511742738032952797556364427881537066442597111985080694516202975866348708622704645660578422661868631601754230134405148210265576524800309697309453145 0 0 0 0 0 0 0 0 0 0 0 0 0 0 0 0 0 0 0 0 0 0 0 0 0 0 0 0 0 0 0 0 0 0 0 0 0 0 0 0 0 0 0 0 0 0 0 0 0 1 0 0 0 0 0 0 0 0 0 0 0 0 0 0 0 0 0 0 0 0 0 0 0 0 0 0 0 0 0 0 0 0 0 0 0 0 0 0 0 0 0 0 0 0 0 0 0 0 0 0 0 0 0 0 0 0 0]
[8238462063047122336706383046934442357537373738530816843843996353977057233263029324471049138786815414075932233246039415945398920133145806097241505507051441582339203280882037731081438450413469507643605781678432895178732742299569826790550141218832095186488255980173860317031404125833247670133195743963398319131821184203956728331 0 0 0 0 0 0 0 0 0 0 0 0 0 0 0 0 0 0 0 0 0 0 0 0 0 0 0 0 0 0 0 0 0 0 0 0 0 0 0 0 0 0 0 0 0 0 0 0 0 0 1 0 0 0 0 0 0 0 0 0 0 0 0 0 0 0 0 0 0 0 0 0 0 0 0 0 0 0 0 0 0 0 0 0 0 0 0 0 0 0 0 0 0 0 0 0 0 0 0 0 0 0 0 0 0 0 0]
[1180084108211404527873297553158814364172131409845385978987780707965835235638302547271249727962563456903863399232805476757965976224144841909587069750787540849134020186341201069797544767035232540078901386962454593850845445070680637923503150760594161978280211760270314661942545268997433939485155052090836857678191360591356061764 0 0 0 0 0 0 0 0 0 0 0 0 0 0 0 0 0 0 0 0 0 0 0 0 0 0 0 0 0 0 0 0 0 0 0 0 0 0 0 0 0 0 0 0 0 0 0 0 0 0 0 1 0 0 0 0 0 0 0 0 0 0 0 0 0 0 0 0 0 0 0 0 0 0 0 0 0 0 0 0 0 0 0 0 0 0 0 0 0 0 0 0 0 0 0 0 0 0 0 0 0 0 0 0 0 0 0]
[10413287627660503691681617142362348422337666694727200944925390213897238563041864086904640498782154699787721833777791527817371789433362984792208792881951042769432692790465992731426310970607538993281563941944568701155038765375729052326551005939821696296355098042244082886696006317839486865317580485122069114959765017129616087296 0 0 0 0 0 0 0 0 0 0 0 0 0 0 0 0 0 0 0 0 0 0 0 0 0 0 0 0 0 0 0 0 0 0 0 0 0 0 0 0 0 0 0 0 0 0 0 0 0 0 0 0 1 0 0 0 0 0 0 0 0 0 0 0 0 0 0 0 0 0 0 0 0 0 0 0 0 0 0 0 0 0 0 0 0 0 0 0 0 0 0 0 0 0 0 0 0 0 0 0 0 0 0 0 0 0 0]
[3400368297736451153959529191835522313138515888896673753161607665664081485266010543092693541095498071493024451638188522235715733824260006486663055306553997218131147330997282414925316583575807151618977349598102697243832616722035748753137812134145306266161170928180606529726331879368022072495693666703163002667563020815066629841 0 0 0 0 0 0 0 0 0 0 0 0 0 0 0 0 0 0 0 0 0 0 0 0 0 0 0 0 0 0 0 0 0 0 0 0 0 0 0 0 0 0 0 0 0 0 0 0 0 0 0 0 0 1 0 0 0 0 0 0 0 0 0 0 0 0 0 0 0 0 0 0 0 0 0 0 0 0 0 0 0 0 0 0 0 0 0 0 0 0 0 0 0 0 0 0 0 0 0 0 0 0 0 0 0 0 0]
[8607621989725727087912658588010020838307464066666315121163136752620852702047249327304523073122566507138654263296668717375828892737530626459858486650075444868430548361799477615010405948438119644650856979427076268974729732118583077224491162049070411433828074014309795435663612879598433851854981392000150304074808103187639907454 0 0 0 0 0 0 0 0 0 0 0 0 0 0 0 0 0 0 0 0 0 0 0 0 0 0 0 0 0 0 0 0 0 0 0 0 0 0 0 0 0 0 0 0 0 0 0 0 0 0 0 0 0 0 1 0 0 0 0 0 0 0 0 0 0 0 0 0 0 0 0 0 0 0 0 0 0 0 0 0 0 0 0 0 0 0 0 0 0 0 0 0 0 0 0 0 0 0 0 0 0 0 0 0 0 0 0]
[9259528127028182481501733596583145389584568512636268761561573895123680181028899963999935101864859690515701395869155981643572033737764220668772466971704719035100093381168927216345600503353836997747483096664332826361816794239609560140447596583847514518659171730381633543204003498406628179255234825138936747615805775656035223056 0 0 0 0 0 0 0 0 0 0 0 0 0 0 0 0 0 0 0 0 0 0 0 0 0 0 0 0 0 0 0 0 0 0 0 0 0 0 0 0 0 0 0 0 0 0 0 0 0 0 0 0 0 0 0 1 0 0 0 0 0 0 0 0 0 0 0 0 0 0 0 0 0 0 0 0 0 0 0 0 0 0 0 0 0 0 0 0 0 0 0 0 0 0 0 0 0 0 0 0 0 0 0 0 0 0 0]
[2183753471298543558978298294176923434258702569464610503092705956050368441541082344670849950326330751078387562674392211421923312211473089200492809514829067612690265130820060490220224401192900571144573915473986339962452269311844006562383328904753034566859139901487203558805879739043989013924333149222521515682669038919165020810 0 0 0 0 0 0 0 0 0 0 0 0 0 0 0 0 0 0 0 0 0 0 0 0 0 0 0 0 0 0 0 0 0 0 0 0 0 0 0 0 0 0 0 0 0 0 0 0 0 0 0 0 0 0 0 0 1 0 0 0 0 0 0 0 0 0 0 0 0 0 0 0 0 0 0 0 0 0 0 0 0 0 0 0 0 0 0 0 0 0 0 0 0 0 0 0 0 0 0 0 0 0 0 0 0 0 0]
[8958005019464268964718594331884095064330083837819454465520165509921856827251925166174905107321302702394069897211148601165697224868728615467783600452217720087954152681919844034341043206658805867482531665037745402366385694093254772145008805799895425308573456944728110232798324372985008999551115049276261411777230085978439301940 0 0 0 0 0 0 0 0 0 0 0 0 0 0 0 0 0 0 0 0 0 0 0 0 0 0 0 0 0 0 0 0 0 0 0 0 0 0 0 0 0 0 0 0 0 0 0 0 0 0 0 0 0 0 0 0 0 1 0 0 0 0 0 0 0 0 0 0 0 0 0 0 0 0 0 0 0 0 0 0 0 0 0 0 0 0 0 0 0 0 0 0 0 0 0 0 0 0 0 0 0 0 0 0 0 0 0]
[9654015867858263249280499713820095400065532701083336614153841489808140478420408608604003857482192879569390011388654165992319567339313728125340242344799109654720515674730174174259821997903571999475358636926649756476360797556809648730058657213473079742665928825213145391076410893612508469770340633342330231467079001482037434067 0 0 0 0 0 0 0 0 0 0 0 0 0 0 0 0 0 0 0 0 0 0 0 0 0 0 0 0 0 0 0 0 0 0 0 0 0 0 0 0 0 0 0 0 0 0 0 0 0 0 0 0 0 0 0 0 0 0 1 0 0 0 0 0 0 0 0 0 0 0 0 0 0 0 0 0 0 0 0 0 0 0 0 0 0 0 0 0 0 0 0 0 0 0 0 0 0 0 0 0 0 0 0 0 0 0 0]
[9533619216097750203728428451175997526814937029787005171912303713114315739369906018077429319923191799546395386057989005566629470284162611671760018974244373055532240690948936046209943235216293356404444036113043916186039961982234794650562134701757585118965052545591145822700966947677195523276374060632455724032078162650702161818 0 0 0 0 0 0 0 0 0 0 0 0 0 0 0 0 0 0 0 0 0 0 0 0 0 0 0 0 0 0 0 0 0 0 0 0 0 0 0 0 0 0 0 0 0 0 0 0 0 0 0 0 0 0 0 0 0 0 0 1 0 0 0 0 0 0 0 0 0 0 0 0 0 0 0 0 0 0 0 0 0 0 0 0 0 0 0 0 0 0 0 0 0 0 0 0 0 0 0 0 0 0 0 0 0 0 0]
[3790467429009220278625627042973713331327762030251648302455596868857271302485905300853478740171514654906427161109173521506869023721529343599555406916747772413116696549796060080468572448322672175415334173364659550170871596687783611098301334530788507331427505508827128643942978876482826264192900716310232036577802889033915515164 0 0 0 0 0 0 0 0 0 0 0 0 0 0 0 0 0 0 0 0 0 0 0 0 0 0 0 0 0 0 0 0 0 0 0 0 0 0 0 0 0 0 0 0 0 0 0 0 0 0 0 0 0 0 0 0 0 0 0 0 1 0 0 0 0 0 0 0 0 0 0 0 0 0 0 0 0 0 0 0 0 0 0 0 0 0 0 0 0 0 0 0 0 0 0 0 0 0 0 0 0 0 0 0 0 0 0]
[3696099944623653735925126987060832693596832574831693333369684517413146066877356485141926175858514565456579095773899688266759999447488434291162844305395656543747221581930954313350231144363266521712764191268082938240666749574254395116046259170111024243011951935280989589716138969567100762574191569931310972818040233868069219897 0 0 0 0 0 0 0 0 0 0 0 0 0 0 0 0 0 0 0 0 0 0 0 0 0 0 0 0 0 0 0 0 0 0 0 0 0 0 0 0 0 0 0 0 0 0 0 0 0 0 0 0 0 0 0 0 0 0 0 0 0 1 0 0 0 0 0 0 0 0 0 0 0 0 0 0 0 0 0 0 0 0 0 0 0 0 0 0 0 0 0 0 0 0 0 0 0 0 0 0 0 0 0 0 0 0 0]
[6761969698054953308006989992126593058572574512483663897602746296233201331444090437931373033619715499020583397443371933938804648477275870390537724643382745807568447148909449920106663809677507322764357807072749764268630741924378687027969947732643167758676176683555003836480793672523178563168880708777271341303882271601831845755 0 0 0 0 0 0 0 0 0 0 0 0 0 0 0 0 0 0 0 0 0 0 0 0 0 0 0 0 0 0 0 0 0 0 0 0 0 0 0 0 0 0 0 0 0 0 0 0 0 0 0 0 0 0 0 0 0 0 0 0 0 0 1 0 0 0 0 0 0 0 0 0 0 0 0 0 0 0 0 0 0 0 0 0 0 0 0 0 0 0 0 0 0 0 0 0 0 0 0 0 0 0 0 0 0 0 0]
[2670518902029690866708638789308234704766481390045258404706605010444603194279400084372994884105333126726609949511103813127678447096353523504506563316986440922909842235723483669383673021054726329925502268374784360381595584035936073975778850341149091701464076724983509064211817451748656384013736487064759854464066214866332495821 0 0 0 0 0 0 0 0 0 0 0 0 0 0 0 0 0 0 0 0 0 0 0 0 0 0 0 0 0 0 0 0 0 0 0 0 0 0 0 0 0 0 0 0 0 0 0 0 0 0 0 0 0 0 0 0 0 0 0 0 0 0 0 1 0 0 0 0 0 0 0 0 0 0 0 0 0 0 0 0 0 0 0 0 0 0 0 0 0 0 0 0 0 0 0 0 0 0 0 0 0 0 0 0 0 0 0]
[4362093970045102487718756745306944422273002238128373729377628081603395665373417410658132943938439799160877587159014389958729862573499825422092866531881573474830143217640824652740207919547682235705652668182525479204906603501408378061353000127165798151874760104962494193108309789438740432405736489048166207286420521809563544307 0 0 0 0 0 0 0 0 0 0 0 0 0 0 0 0 0 0 0 0 0 0 0 0 0 0 0 0 0 0 0 0 0 0 0 0 0 0 0 0 0 0 0 0 0 0 0 0 0 0 0 0 0 0 0 0 0 0 0 0 0 0 0 0 1 0 0 0 0 0 0 0 0 0 0 0 0 0 0 0 0 0 0 0 0 0 0 0 0 0 0 0 0 0 0 0 0 0 0 0 0 0 0 0 0 0 0]
[4373160396631608772772930096064266153071167766389273264462052835058773985749330694890743159493809774065640173608261177649753089516221351191936188663451251720652026153751518330729036954938837549805735976312939262244722503404839275979110743275607046151345665840241207653006109641371104302151154026728818403149846962655392493414 0 0 0 0 0 0 0 0 0 0 0 0 0 0 0 0 0 0 0 0 0 0 0 0 0 0 0 0 0 0 0 0 0 0 0 0 0 0 0 0 0 0 0 0 0 0 0 0 0 0 0 0 0 0 0 0 0 0 0 0 0 0 0 0 0 1 0 0 0 0 0 0 0 0 0 0 0 0 0 0 0 0 0 0 0 0 0 0 0 0 0 0 0 0 0 0 0 0 0 0 0 0 0 0 0 0 0]
[7344375661689147299647812951318106911675103525729756991397232816286193053240020064029915089190550394675327804545728465951397244953046759496685578758338640403013867209796813732395221832823545927294907783243489850317247326586137904721114277778412898156908071150723294948324488837990289937398221143398225531644594096770149096759 0 0 0 0 0 0 0 0 0 0 0 0 0 0 0 0 0 0 0 0 0 0 0 0 0 0 0 0 0 0 0 0 0 0 0 0 0 0 0 0 0 0 0 0 0 0 0 0 0 0 0 0 0 0 0 0 0 0 0 0 0 0 0 0 0 0 1 0 0 0 0 0 0 0 0 0 0 0 0 0 0 0 0 0 0 0 0 0 0 0 0 0 0 0 0 0 0 0 0 0 0 0 0 0 0 0 0]
[7005721495276920884260778829327696577238178924444647422448573756509246416104344887354826202191858205210903300720695448346835053294399934299225591149620349074619246644941957660563852064019853892837628542919156425348146383645375805092510978688054256728601151208489587725812842224124705292746789664255628952684642248034162660672 0 0 0 0 0 0 0 0 0 0 0 0 0 0 0 0 0 0 0 0 0 0 0 0 0 0 0 0 0 0 0 0 0 0 0 0 0 0 0 0 0 0 0 0 0 0 0 0 0 0 0 0 0 0 0 0 0 0 0 0 0 0 0 0 0 0 0 1 0 0 0 0 0 0 0 0 0 0 0 0 0 0 0 0 0 0 0 0 0 0 0 0 0 0 0 0 0 0 0 0 0 0 0 0 0 0 0]
[4240401759705211085598056675445567126967646758045311689776512302937413382562396135178343508173948722622386263079976560892605604976644098103925051162388576477940117990916412773964615151395247821583060013842655994658054987933128102998414891431415327717065252704273326632145858127009238729357393971713383600378311939195683928681 0 0 0 0 0 0 0 0 0 0 0 0 0 0 0 0 0 0 0 0 0 0 0 0 0 0 0 0 0 0 0 0 0 0 0 0 0 0 0 0 0 0 0 0 0 0 0 0 0 0 0 0 0 0 0 0 0 0 0 0 0 0 0 0 0 0 0 0 1 0 0 0 0 0 0 0 0 0 0 0 0 0 0 0 0 0 0 0 0 0 0 0 0 0 0 0 0 0 0 0 0 0 0 0 0 0 0]
[5485947571885043920984084736893835608558608057564561876310249096321325205679953062448190834993479122237268596786233147780442937090077385406616972540628483197429908523810483591915561336608754836401240605169714532366875385575786514608753174547771647832549701258794303267531105691811055496220745317801992807477292737855305003320 0 0 0 0 0 0 0 0 0 0 0 0 0 0 0 0 0 0 0 0 0 0 0 0 0 0 0 0 0 0 0 0 0 0 0 0 0 0 0 0 0 0 0 0 0 0 0 0 0 0 0 0 0 0 0 0 0 0 0 0 0 0 0 0 0 0 0 0 0 1 0 0 0 0 0 0 0 0 0 0 0 0 0 0 0 0 0 0 0 0 0 0 0 0 0 0 0 0 0 0 0 0 0 0 0 0 0]
[2977427355592330954722471445552905891770515988815733726318620346602086344118656483403983558023432889958712219714355692270830973738425183298667261277418190666060630239663692728277712832721086790553240484631443405306430394631943301937275263171191393278205594054396317441061245333645274113626129458661032986348855112263032872283 0 0 0 0 0 0 0 0 0 0 0 0 0 0 0 0 0 0 0 0 0 0 0 0 0 0 0 0 0 0 0 0 0 0 0 0 0 0 0 0 0 0 0 0 0 0 0 0 0 0 0 0 0 0 0 0 0 0 0 0 0 0 0 0 0 0 0 0 0 0 1 0 0 0 0 0 0 0 0 0 0 0 0 0 0 0 0 0 0 0 0 0 0 0 0 0 0 0 0 0 0 0 0 0 0 0 0]
[7609521226560455582916028735455658148189643571973639443172926174400327664537802680409307575517038997256539579447970968543702094848390552103234247630923621078857876882261050594065599541019590911265104139797271212917192545497621558506096580108139087878298183602347335024477777655482095072087002395827322569306979673568785212318 0 0 0 0 0 0 0 0 0 0 0 0 0 0 0 0 0 0 0 0 0 0 0 0 0 0 0 0 0 0 0 0 0 0 0 0 0 0 0 0 0 0 0 0 0 0 0 0 0 0 0 0 0 0 0 0 0 0 0 0 0 0 0 0 0 0 0 0 0 0 0 1 0 0 0 0 0 0 0 0 0 0 0 0 0 0 0 0 0 0 0 0 0 0 0 0 0 0 0 0 0 0 0 0 0 0 0]
[8013948825761903569041687327627610558959824039241993656536429020585080251244194853159645361230223818902784368305738704536323669563902858850810390305158748298885632264362842120181540137380207213051018836092106403008740868420409865973350823329798061144285985782835912980351507748376799603550297039904102501556988673901554798605 0 0 0 0 0 0 0 0 0 0 0 0 0 0 0 0 0 0 0 0 0 0 0 0 0 0 0 0 0 0 0 0 0 0 0 0 0 0 0 0 0 0 0 0 0 0 0 0 0 0 0 0 0 0 0 0 0 0 0 0 0 0 0 0 0 0 0 0 0 0 0 0 1 0 0 0 0 0 0 0 0 0 0 0 0 0 0 0 0 0 0 0 0 0 0 0 0 0 0 0 0 0 0 0 0 0 0]
[9218405253269203845156034771303382612630993494143862925799827040121707391854111350825362620205063204476673474726730555345284604657882876916685794699014184245787750429658072359129420477471860565783265932071291086690187891934575125605853522733489048806439811002972223212219441962818848076160208607161413329571584529338716303444 0 0 0 0 0 0 0 0 0 0 0 0 0 0 0 0 0 0 0 0 0 0 0 0 0 0 0 0 0 0 0 0 0 0 0 0 0 0 0 0 0 0 0 0 0 0 0 0 0 0 0 0 0 0 0 0 0 0 0 0 0 0 0 0 0 0 0 0 0 0 0 0 0 1 0 0 0 0 0 0 0 0 0 0 0 0 0 0 0 0 0 0 0 0 0 0 0 0 0 0 0 0 0 0 0 0 0]
[10210516274752147892198105733211678666468362298421189217913420100261977705769284936240793459427035574924384411973988674822038183293642221640554768614614090486550813291448057114568929825628518462927716485317205539921884905553651360919263476859786005040558622003006783828999769535602833981739209310651924793937572353254588004230 0 0 0 0 0 0 0 0 0 0 0 0 0 0 0 0 0 0 0 0 0 0 0 0 0 0 0 0 0 0 0 0 0 0 0 0 0 0 0 0 0 0 0 0 0 0 0 0 0 0 0 0 0 0 0 0 0 0 0 0 0 0 0 0 0 0 0 0 0 0 0 0 0 0 1 0 0 0 0 0 0 0 0 0 0 0 0 0 0 0 0 0 0 0 0 0 0 0 0 0 0 0 0 0 0 0 0]
[7832241952737590066301459004647570093024242779795510533713292543806325721197618736545923634600300795114592823506975050111965679308644729118938862508467073538944698416593740084523010967563553627135939203077124651074537828343919506279156027197370889176018010289028394189608277034358070510715788706180726300122566047313871007223 0 0 0 0 0 0 0 0 0 0 0 0 0 0 0 0 0 0 0 0 0 0 0 0 0 0 0 0 0 0 0 0 0 0 0 0 0 0 0 0 0 0 0 0 0 0 0 0 0 0 0 0 0 0 0 0 0 0 0 0 0 0 0 0 0 0 0 0 0 0 0 0 0 0 0 1 0 0 0 0 0 0 0 0 0 0 0 0 0 0 0 0 0 0 0 0 0 0 0 0 0 0 0 0 0 0 0]
[9090771654105203909568927076247792857586838322660214138696417843347919557421972875548696193224277614802368710923867427206814330669359805514585024749934630813647091254277374044425754495328778706768100678578200714125605360148035719589001544585791929484167554692583541999023566956729349370116926897119865081688545638719933027761 0 0 0 0 0 0 0 0 0 0 0 0 0 0 0 0 0 0 0 0 0 0 0 0 0 0 0 0 0 0 0 0 0 0 0 0 0 0 0 0 0 0 0 0 0 0 0 0 0 0 0 0 0 0 0 0 0 0 0 0 0 0 0 0 0 0 0 0 0 0 0 0 0 0 0 0 1 0 0 0 0 0 0 0 0 0 0 0 0 0 0 0 0 0 0 0 0 0 0 0 0 0 0 0 0 0 0]
[2112775776482241238081244621767912774875554474740516032669992949158247808062827349454867987867007266760206248000285382837436906495717551899326396893534056796302022754842151845110268986755065622258724497060922158007615359812399132156179223176304455001687368360528442878745800465392164567956735785448808981089596691762898761259 0 0 0 0 0 0 0 0 0 0 0 0 0 0 0 0 0 0 0 0 0 0 0 0 0 0 0 0 0 0 0 0 0 0 0 0 0 0 0 0 0 0 0 0 0 0 0 0 0 0 0 0 0 0 0 0 0 0 0 0 0 0 0 0 0 0 0 0 0 0 0 0 0 0 0 0 0 1 0 0 0 0 0 0 0 0 0 0 0 0 0 0 0 0 0 0 0 0 0 0 0 0 0 0 0 0 0]
[3671383205368354752794523850858961095498923826845097462613533523707765237158884425191437261012139626570691415650467568671408584320627269394137342858625214588196549180905843703047517807527569553085283144825623105140721290243753568849612408452579497498830482797140190221588092414334201050506704197709975304301032672963411741220 0 0 0 0 0 0 0 0 0 0 0 0 0 0 0 0 0 0 0 0 0 0 0 0 0 0 0 0 0 0 0 0 0 0 0 0 0 0 0 0 0 0 0 0 0 0 0 0 0 0 0 0 0 0 0 0 0 0 0 0 0 0 0 0 0 0 0 0 0 0 0 0 0 0 0 0 0 0 1 0 0 0 0 0 0 0 0 0 0 0 0 0 0 0 0 0 0 0 0 0 0 0 0 0 0 0 0]
[3256988898653471337345621092019291208175162230282377331223234519768950097387627093694275218912272870628935889157307970759916291116916006080118408417215979691738501638775255791277229449240787465250548236069074789601129073984182971356839837365912820452403152858465792655671883051912429209931744382537266776150615653797696377799 0 0 0 0 0 0 0 0 0 0 0 0 0 0 0 0 0 0 0 0 0 0 0 0 0 0 0 0 0 0 0 0 0 0 0 0 0 0 0 0 0 0 0 0 0 0 0 0 0 0 0 0 0 0 0 0 0 0 0 0 0 0 0 0 0 0 0 0 0 0 0 0 0 0 0 0 0 0 0 1 0 0 0 0 0 0 0 0 0 0 0 0 0 0 0 0 0 0 0 0 0 0 0 0 0 0 0]
[5249809499840561025295589045415347237606039265977682881004846992502569310168848114453951972153780660690781563608642708665152723558776060673774648896193133238202789134104897299955867137893182870484012710099120680082508110385767413267832114217893954518750867172885624567739275493039729495548260223701765477998379199203730526928 0 0 0 0 0 0 0 0 0 0 0 0 0 0 0 0 0 0 0 0 0 0 0 0 0 0 0 0 0 0 0 0 0 0 0 0 0 0 0 0 0 0 0 0 0 0 0 0 0 0 0 0 0 0 0 0 0 0 0 0 0 0 0 0 0 0 0 0 0 0 0 0 0 0 0 0 0 0 0 0 1 0 0 0 0 0 0 0 0 0 0 0 0 0 0 0 0 0 0 0 0 0 0 0 0 0 0]
[7806603402295614294005442548352288693391441438894251169228612366642883541484448479451755264183039801011740189096415701875155532617705375503264235773673557734504731879326417868305366669532899721420335178532716026413881213224933060449341799106978278249447778549715021890051707210894311840304080857162175133978929428727141649354 0 0 0 0 0 0 0 0 0 0 0 0 0 0 0 0 0 0 0 0 0 0 0 0 0 0 0 0 0 0 0 0 0 0 0 0 0 0 0 0 0 0 0 0 0 0 0 0 0 0 0 0 0 0 0 0 0 0 0 0 0 0 0 0 0 0 0 0 0 0 0 0 0 0 0 0 0 0 0 0 0 1 0 0 0 0 0 0 0 0 0 0 0 0 0 0 0 0 0 0 0 0 0 0 0 0 0]
[2433245841197650672472020733724961909756102652953405860231866179087846740436866187265980887093371645795322688444614604350642614815539802867665974530867821304349133042648656935970684209081966277958651941504246757458806496566357250454552300674159327439995278032120910368296533058981593284263453500805138289208970876359584389326 0 0 0 0 0 0 0 0 0 0 0 0 0 0 0 0 0 0 0 0 0 0 0 0 0 0 0 0 0 0 0 0 0 0 0 0 0 0 0 0 0 0 0 0 0 0 0 0 0 0 0 0 0 0 0 0 0 0 0 0 0 0 0 0 0 0 0 0 0 0 0 0 0 0 0 0 0 0 0 0 0 0 1 0 0 0 0 0 0 0 0 0 0 0 0 0 0 0 0 0 0 0 0 0 0 0 0]
[7282839333507865885688712438423565935470243686096915555816390804902751354011455851482922052671164841101201833188225826453846560702400749360244882106915087898558637506880511171524747783176260336388551878817432123872530937067016194774271853301966121182604339584398529622451817300930778862799421122409482623968808123512299049612 0 0 0 0 0 0 0 0 0 0 0 0 0 0 0 0 0 0 0 0 0 0 0 0 0 0 0 0 0 0 0 0 0 0 0 0 0 0 0 0 0 0 0 0 0 0 0 0 0 0 0 0 0 0 0 0 0 0 0 0 0 0 0 0 0 0 0 0 0 0 0 0 0 0 0 0 0 0 0 0 0 0 0 1 0 0 0 0 0 0 0 0 0 0 0 0 0 0 0 0 0 0 0 0 0 0 0]
[391532273252390475886184219915655227347961104105964900257673280426503836661739565877772482184040289750814963104866848658067414769671435120910435117272532077724798933974923671126163423874304355483776457568139793487594441710864341934817266432416174750123183269161909106403610776867925086655965654331300996270699203903214906373 0 0 0 0 0 0 0 0 0 0 0 0 0 0 0 0 0 0 0 0 0 0 0 0 0 0 0 0 0 0 0 0 0 0 0 0 0 0 0 0 0 0 0 0 0 0 0 0 0 0 0 0 0 0 0 0 0 0 0 0 0 0 0 0 0 0 0 0 0 0 0 0 0 0 0 0 0 0 0 0 0 0 0 0 1 0 0 0 0 0 0 0 0 0 0 0 0 0 0 0 0 0 0 0 0 0 0]
[3592595023378611929180789215599702478256859189794719104488330541215787955702871337934582822567928848112497222813913684011638853906167464867903431247821885223658533893175262480180390889085932564021153908890880767577397761501452096027232034025029416060820349688949558732094220187640157949954580585503416308544378513799349869717 0 0 0 0 0 0 0 0 0 0 0 0 0 0 0 0 0 0 0 0 0 0 0 0 0 0 0 0 0 0 0 0 0 0 0 0 0 0 0 0 0 0 0 0 0 0 0 0 0 0 0 0 0 0 0 0 0 0 0 0 0 0 0 0 0 0 0 0 0 0 0 0 0 0 0 0 0 0 0 0 0 0 0 0 0 1 0 0 0 0 0 0 0 0 0 0 0 0 0 0 0 0 0 0 0 0 0]
[3632973325249534620919982968327342196083263692825300054129416385766765183440375373866931530125288180055109063599517601192305664798450257167492225714819127250526351817663761143915075891955032833330751463100727154931775625364405229921137787301765182396227041089453582316079819029409277320733620018459789160446817097010489491386 0 0 0 0 0 0 0 0 0 0 0 0 0 0 0 0 0 0 0 0 0 0 0 0 0 0 0 0 0 0 0 0 0 0 0 0 0 0 0 0 0 0 0 0 0 0 0 0 0 0 0 0 0 0 0 0 0 0 0 0 0 0 0 0 0 0 0 0 0 0 0 0 0 0 0 0 0 0 0 0 0 0 0 0 0 0 1 0 0 0 0 0 0 0 0 0 0 0 0 0 0 0 0 0 0 0 0]
[8268667789233843677571826539101511341057299848650821733118189389704415215495398409831562353189511108752143212426887977614734127936821158695621460814997452577560010128125393727612208359372370668924140542560290096507068966544013158406427173616049593640306259982173454248168099712304616682042364385367583584936443783414896653800 0 0 0 0 0 0 0 0 0 0 0 0 0 0 0 0 0 0 0 0 0 0 0 0 0 0 0 0 0 0 0 0 0 0 0 0 0 0 0 0 0 0 0 0 0 0 0 0 0 0 0 0 0 0 0 0 0 0 0 0 0 0 0 0 0 0 0 0 0 0 0 0 0 0 0 0 0 0 0 0 0 0 0 0 0 0 0 1 0 0 0 0 0 0 0 0 0 0 0 0 0 0 0 0 0 0 0]
[3571047226165457596250767852442809232646170399213202319280613506797307308958950103194178960002881389011191672113370747961126991232836664296609439446671833472689528726602169376197690303556479375737551480279263909198008018872565945887180791652501245086013078268033411607742210980710151730567690516054043714072520284111947139471 0 0 0 0 0 0 0 0 0 0 0 0 0 0 0 0 0 0 0 0 0 0 0 0 0 0 0 0 0 0 0 0 0 0 0 0 0 0 0 0 0 0 0 0 0 0 0 0 0 0 0 0 0 0 0 0 0 0 0 0 0 0 0 0 0 0 0 0 0 0 0 0 0 0 0 0 0 0 0 0 0 0 0 0 0 0 0 0 1 0 0 0 0 0 0 0 0 0 0 0 0 0 0 0 0 0 0]
[660854919314057106189786977447298251682434383515165323107959693926804561422510152392290408452704686447873157207028577308767609684187660699696304769868451039772659008967698608994460634044678961154244336798416313364188795541458624948711766520576515908221921861404021977814675731088758393868711707949032775630445382992432517888 0 0 0 0 0 0 0 0 0 0 0 0 0 0 0 0 0 0 0 0 0 0 0 0 0 0 0 0 0 0 0 0 0 0 0 0 0 0 0 0 0 0 0 0 0 0 0 0 0 0 0 0 0 0 0 0 0 0 0 0 0 0 0 0 0 0 0 0 0 0 0 0 0 0 0 0 0 0 0 0 0 0 0 0 0 0 0 0 0 1 0 0 0 0 0 0 0 0 0 0 0 0 0 0 0 0 0]
[6113962044358181449616072873875047352694322899361803940758173587936260170822220277498928360514339918043740689928379156245630465620054593225205899539410010894610044716525902169751044925235632513429900450845358535487535164424708517464850195897609917512633281267073682898837374125157873415798874266238743354407459479566508408471 0 0 0 0 0 0 0 0 0 0 0 0 0 0 0 0 0 0 0 0 0 0 0 0 0 0 0 0 0 0 0 0 0 0 0 0 0 0 0 0 0 0 0 0 0 0 0 0 0 0 0 0 0 0 0 0 0 0 0 0 0 0 0 0 0 0 0 0 0 0 0 0 0 0 0 0 0 0 0 0 0 0 0 0 0 0 0 0 0 0 1 0 0 0 0 0 0 0 0 0 0 0 0 0 0 0 0]
[3101852300553892477541074558108394743019025490944633003502997517320227083795524474093198626363018778368654668956937678958395178611089788027749464568684887411396028643542075052264895240300830431119372048163960175239560509065077096368096640472861565396149870580818299096722293495201109139712493281794521656713267885025508019604 0 0 0 0 0 0 0 0 0 0 0 0 0 0 0 0 0 0 0 0 0 0 0 0 0 0 0 0 0 0 0 0 0 0 0 0 0 0 0 0 0 0 0 0 0 0 0 0 0 0 0 0 0 0 0 0 0 0 0 0 0 0 0 0 0 0 0 0 0 0 0 0 0 0 0 0 0 0 0 0 0 0 0 0 0 0 0 0 0 0 0 1 0 0 0 0 0 0 0 0 0 0 0 0 0 0 0]
[9395402568860259890517452165822371513397746102772235853885315922851577287344265406388023582185232127135188644953136330808317923189096014552212793325280606933143824538536460896660493054484892020041590892082387310565713606299981348666774304644085109353282141587599504648969540016711108095239339195647671571566723242184489839478 0 0 0 0 0 0 0 0 0 0 0 0 0 0 0 0 0 0 0 0 0 0 0 0 0 0 0 0 0 0 0 0 0 0 0 0 0 0 0 0 0 0 0 0 0 0 0 0 0 0 0 0 0 0 0 0 0 0 0 0 0 0 0 0 0 0 0 0 0 0 0 0 0 0 0 0 0 0 0 0 0 0 0 0 0 0 0 0 0 0 0 0 1 0 0 0 0 0 0 0 0 0 0 0 0 0 0]
[728810005106391858469323654894646104952353400881146281251754536262900891132571772358164899123177711283225771886278539721770232559981768004805286210920375142772013608140464585994652704876751812456929957553793030799847611877219789008078075046444929478299716546871742141694710792359067151038318396020000876251440594407892414655 0 0 0 0 0 0 0 0 0 0 0 0 0 0 0 0 0 0 0 0 0 0 0 0 0 0 0 0 0 0 0 0 0 0 0 0 0 0 0 0 0 0 0 0 0 0 0 0 0 0 0 0 0 0 0 0 0 0 0 0 0 0 0 0 0 0 0 0 0 0 0 0 0 0 0 0 0 0 0 0 0 0 0 0 0 0 0 0 0 0 0 0 0 1 0 0 0 0 0 0 0 0 0 0 0 0 0]
[9417631705954056226050755266589500358231159241891341333067962088885117602963260852362693237472049083829827239804709163284816078021141346637373113788816303399007088739187915740191540301047026477360122357342148987918361877135377073952827036047844948034161904780841407093402113580663941051180248614503927305984493964137561781157 0 0 0 0 0 0 0 0 0 0 0 0 0 0 0 0 0 0 0 0 0 0 0 0 0 0 0 0 0 0 0 0 0 0 0 0 0 0 0 0 0 0 0 0 0 0 0 0 0 0 0 0 0 0 0 0 0 0 0 0 0 0 0 0 0 0 0 0 0 0 0 0 0 0 0 0 0 0 0 0 0 0 0 0 0 0 0 0 0 0 0 0 0 0 1 0 0 0 0 0 0 0 0 0 0 0 0]
[7226101642839334430110714312792502715396175710339259535748501054401393849032364479652031592224670769970351133353460155180713779561956733519750435095961750527366541378700023674585216624151061909366126314714199055128239737369476132364619752823414319986433715225836374800664948281395824696841873233995500805632687098680896866818 0 0 0 0 0 0 0 0 0 0 0 0 0 0 0 0 0 0 0 0 0 0 0 0 0 0 0 0 0 0 0 0 0 0 0 0 0 0 0 0 0 0 0 0 0 0 0 0 0 0 0 0 0 0 0 0 0 0 0 0 0 0 0 0 0 0 0 0 0 0 0 0 0 0 0 0 0 0 0 0 0 0 0 0 0 0 0 0 0 0 0 0 0 0 0 1 0 0 0 0 0 0 0 0 0 0 0]
[9316915652358834940187554706651734780370272432739937744927372526344126575811078088703381163199227516464689669796637087569397351179944361708288921734306027232372139264334980650034848484768972988130521389200735177434083805907353029298359752772208067670505820588437903183278067083685885472967154226623956013169944286771195927286 0 0 0 0 0 0 0 0 0 0 0 0 0 0 0 0 0 0 0 0 0 0 0 0 0 0 0 0 0 0 0 0 0 0 0 0 0 0 0 0 0 0 0 0 0 0 0 0 0 0 0 0 0 0 0 0 0 0 0 0 0 0 0 0 0 0 0 0 0 0 0 0 0 0 0 0 0 0 0 0 0 0 0 0 0 0 0 0 0 0 0 0 0 0 0 0 1 0 0 0 0 0 0 0 0 0 0]
[5952168919697009153591820703734848899501337579625251979121688035890814587135457550757280065769904889128019692125689287673919396580078949672836675283788832548633139193878025504181585629832949983723527978768380066125517993725616656415726991407541349295233228911801177963399745417205850993322233075125522918988189159012515861365 0 0 0 0 0 0 0 0 0 0 0 0 0 0 0 0 0 0 0 0 0 0 0 0 0 0 0 0 0 0 0 0 0 0 0 0 0 0 0 0 0 0 0 0 0 0 0 0 0 0 0 0 0 0 0 0 0 0 0 0 0 0 0 0 0 0 0 0 0 0 0 0 0 0 0 0 0 0 0 0 0 0 0 0 0 0 0 0 0 0 0 0 0 0 0 0 0 1 0 0 0 0 0 0 0 0 0]
[4346767147331900905228159165925783315942974735703276173181642564698277971677062458638446201015796579800300474411954469866046867453495741108408837695698048621778880336984244588714917046622935363497156457929806708102321174448846760897635680746583024241061627555737670313315395575537264115439065416585239520648515805947848794366 0 0 0 0 0 0 0 0 0 0 0 0 0 0 0 0 0 0 0 0 0 0 0 0 0 0 0 0 0 0 0 0 0 0 0 0 0 0 0 0 0 0 0 0 0 0 0 0 0 0 0 0 0 0 0 0 0 0 0 0 0 0 0 0 0 0 0 0 0 0 0 0 0 0 0 0 0 0 0 0 0 0 0 0 0 0 0 0 0 0 0 0 0 0 0 0 0 0 1 0 0 0 0 0 0 0 0]
[5422577657193844412511853970274810521057273198875459341238295771222518259325953153929036930535521081701945131592433463645095957295728992784372642425066047740707469895348393772157316452719957671012522025782991324393557799156165483783383182565616297671123851247163909927889203188019874695363581429343414450563013829532366923372 0 0 0 0 0 0 0 0 0 0 0 0 0 0 0 0 0 0 0 0 0 0 0 0 0 0 0 0 0 0 0 0 0 0 0 0 0 0 0 0 0 0 0 0 0 0 0 0 0 0 0 0 0 0 0 0 0 0 0 0 0 0 0 0 0 0 0 0 0 0 0 0 0 0 0 0 0 0 0 0 0 0 0 0 0 0 0 0 0 0 0 0 0 0 0 0 0 0 0 1 0 0 0 0 0 0 0]
[931238426260268522925798359413408611423438481104617850080331172453615721113274219417664947759205527147449614643614176912094860204182728481911552363830257121450943539356104333813225695918862565538774111892037679186052499951467924059670608975492235722522291837980781993692084259935977985580621974214869323823828493668379855750 0 0 0 0 0 0 0 0 0 0 0 0 0 0 0 0 0 0 0 0 0 0 0 0 0 0 0 0 0 0 0 0 0 0 0 0 0 0 0 0 0 0 0 0 0 0 0 0 0 0 0 0 0 0 0 0 0 0 0 0 0 0 0 0 0 0 0 0 0 0 0 0 0 0 0 0 0 0 0 0 0 0 0 0 0 0 0 0 0 0 0 0 0 0 0 0 0 0 0 0 1 0 0 0 0 0 0]
[4141806277299288988875266738599322882136515668034460104628356489610568858746937340329700617004670505272454332661363432398002282816791344578106866008934231758371412982496333007361952942566471431539701005332032916255672804806507190804706030510242927646673828799352681529826706571951663446366938469925158094406994965344887109282 0 0 0 0 0 0 0 0 0 0 0 0 0 0 0 0 0 0 0 0 0 0 0 0 0 0 0 0 0 0 0 0 0 0 0 0 0 0 0 0 0 0 0 0 0 0 0 0 0 0 0 0 0 0 0 0 0 0 0 0 0 0 0 0 0 0 0 0 0 0 0 0 0 0 0 0 0 0 0 0 0 0 0 0 0 0 0 0 0 0 0 0 0 0 0 0 0 0 0 0 0 1 0 0 0 0 0]
[6501755152881330808295499455453025105769197589442328652805103743949891073120236063281338231438533844216897646454479349701276041680538798815184801474782155230109701379644903704905699185600115933160988777730239871341820453963118891724349229925926933636380804413184493372069099531413236297483876546601176575735816932346403707889 0 0 0 0 0 0 0 0 0 0 0 0 0 0 0 0 0 0 0 0 0 0 0 0 0 0 0 0 0 0 0 0 0 0 0 0 0 0 0 0 0 0 0 0 0 0 0 0 0 0 0 0 0 0 0 0 0 0 0 0 0 0 0 0 0 0 0 0 0 0 0 0 0 0 0 0 0 0 0 0 0 0 0 0 0 0 0 0 0 0 0 0 0 0 0 0 0 0 0 0 0 0 1 0 0 0 0]
[1545465284511414139525792765502621858750921972568777700556476693225850821458564145463444020495232720489641436743617351750908391597669876350185300132238612140421337850821259237102859153777860633835678328286254733804182948390991107054459701621317585164073791643195668888970944610147798277928685479974200292410340565578150568404 0 0 0 0 0 0 0 0 0 0 0 0 0 0 0 0 0 0 0 0 0 0 0 0 0 0 0 0 0 0 0 0 0 0 0 0 0 0 0 0 0 0 0 0 0 0 0 0 0 0 0 0 0 0 0 0 0 0 0 0 0 0 0 0 0 0 0 0 0 0 0 0 0 0 0 0 0 0 0 0 0 0 0 0 0 0 0 0 0 0 0 0 0 0 0 0 0 0 0 0 0 0 0 1 0 0 0]
[6734400782185166916275277014478902544367172012564366766877307960196863931083555138919996909759108040658042003466767669512490620159158962172241580295340236716154324171511524393617489859057526019890548719834498404272393633532189731144752052211397577273231819164638947758169562470663143743224448043157646353191849951844343464031 0 0 0 0 0 0 0 0 0 0 0 0 0 0 0 0 0 0 0 0 0 0 0 0 0 0 0 0 0 0 0 0 0 0 0 0 0 0 0 0 0 0 0 0 0 0 0 0 0 0 0 0 0 0 0 0 0 0 0 0 0 0 0 0 0 0 0 0 0 0 0 0 0 0 0 0 0 0 0 0 0 0 0 0 0 0 0 0 0 0 0 0 0 0 0 0 0 0 0 0 0 0 0 0 1 0 0]
[5727650920704311124581067724890256836139623509630618260522972726115010315514531620201474086322501658153633265850045543913802225765701279021090043201427931748062363275619001594174882790552979096772643340743058970762257621805562051999831684352968173718184342175451918677644869636327740712248682378242496619663946592939670539923 0 0 0 0 0 0 0 0 0 0 0 0 0 0 0 0 0 0 0 0 0 0 0 0 0 0 0 0 0 0 0 0 0 0 0 0 0 0 0 0 0 0 0 0 0 0 0 0 0 0 0 0 0 0 0 0 0 0 0 0 0 0 0 0 0 0 0 0 0 0 0 0 0 0 0 0 0 0 0 0 0 0 0 0 0 0 0 0 0 0 0 0 0 0 0 0 0 0 0 0 0 0 0 0 0 1 0]
[1640813555177161384322777535659841738617708185185482003971173058100939542988508536726917074184248989162510220306441575339032731997387301755749670734723600689184443848758931854815896955040285882596501155306863366456522378539835966769524394241185867184634971695347428462416977735018511425652735280901832321866064816085078023481 0 0 0 0 0 0 0 0 0 0 0 0 0 0 0 0 0 0 0 0 0 0 0 0 0 0 0 0 0 0 0 0 0 0 0 0 0 0 0 0 0 0 0 0 0 0 0 0 0 0 0 0 0 0 0 0 0 0 0 0 0 0 0 0 0 0 0 0 0 0 0 0 0 0 0 0 0 0 0 0 0 0 0 0 0 0 0 0 0 0 0 0 0 0 0 0 0 0 0 0 0 0 0 0 0 0 1]
]
