[[9453618584934921505959869088945598085868052803051821692710937922701707402390745067286903373797750779219455766891519060223277119688487199721556393845517490898246141959105139347917150181237995491594012442476142951225658127466172414749220582565731804731683158667331647174433382072188527741004280381469861225719799026682313650780441 0 0 0 0 0 0 0 0 0 0 0 0 0 0 0 0 0 0 0 0 0 0 0 0 0 0 0 0 0 0 0 0 0 0 0 0 0 0 0 0 0 0 0 0 0 0 0 0 0 0 0 0 0 0 0 0 0 0 0 0 0 0 0 0 0 0 0 0 0 0 0 0 0 0 0 0 0 0 0 0 0 0 0 0 0 0 0 0 0 0 0 0 0 0 0 0 0 0 0 0 0 0 0 0 0 0 0 0]
[8031786029286763856413096590967758563483765719672540345810526187136017721511031552496293315511159844793307019188769341398002293425249258130992536303902514917150791501948788821547415006603588184479951004109936848669013164233164549694958361218716372207465254417472589078525831173957091451163148499859723352655340205586481856466415 1 0 0 0 0 0 0 0 0 0 0 0 0 0 0 0 0 0 0 0 0 0 0 0 0 0 0 0 0 0 0 0 0 0 0 0 0 0 0 0 0 0 0 0 0 0 0 0 0 0 0 0 0 0 0 0 0 0 0 0 0 0 0 0 0 0 0 0 0 0 0 0 0 0 0 0 0 0 0 0 0 0 0 0 0 0 0 0 0 0 0 0 0 0 0 0 0 0 0 0 0 0 0 0 0 0 0 0]
[3400430831436200377608134725542543714737367450636760187405366119892841403443161196559931087509495081515663457269815327399198394687765753329841287646750282572042641217476849092582499300592047284985527797522622058340006960075463114638916915215486043181157097050749780000752181026409627883334727027798334889299606491823042141050131 0 1 0 0 0 0 0 0 0 0 0 0 0 0 0 0 0 0 0 0 0 0 0 0 0 0 0 0 0 0 0 0 0 0 0 0 0 0 0 0 0 0 0 0 0 0 0 0 0 0 0 0 0 0 0 0 0 0 0 0 0 0 0 0 0 0 0 0 0 0 0 0 0 0 0 0 0 0 0 0 0 0 0 0 0 0 0 0 0 0 0 0 0 0 0 0 0 0 0 0 0 0 0 0 0 0 0 0]
[3695097054056688428275415966665073161511696751186943138495121346150257036871555664648025133207381893444964494322645316202802451365104658824183147559824876055733339877161757149488216326071922556132063026390357264761629622504934249627298880879550477678525053084522260749309135251248330159924939803865260926822904789962771684707324 0 0 1 0 0 0 0 0 0 0 0 0 0 0 0 0 0 0 0 0 0 0 0 0 0 0 0 0 0 0 0 0 0 0 0 0 0 0 0 0 0 0 0 0 0 0 0 0 0 0 0 0 0 0 0 0 0 0 0 0 0 0 0 0 0 0 0 0 0 0 0 0 0 0 0 0 0 0 0 0 0 0 0 0 0 0 0 0 0 0 0 0 0 0 0 0 0 0 0 0 0 0 0 0 0 0 0 0]
[8403409490557636884483378953514059276588741019861712948816129048994243267982449534543287354096564098967997813425135852261132853158251919838094410696940915901517221669451120678922063600267601154232336286082854582540278887608659722264423215597916964118683847262380678021817460903553438634063773793989776405979549454271203432031460 0 0 0 1 0 0 0 0 0 0 0 0 0 0 0 0 0 0 0 0 0 0 0 0 0 0 0 0 0 0 0 0 0 0 0 0 0 0 0 0 0 0 0 0 0 0 0 0 0 0 0 0 0 0 0 0 0 0 0 0 0 0 0 0 0 0 0 0 0 0 0 0 0 0 0 0 0 0 0 0 0 0 0 0 0 0 0 0 0 0 0 0 0 0 0 0 0 0 0 0 0 0 0 0 0 0 0 0]
[2170149102778419857950772230445491456351386829478769561173176218723042935011181683737269122109011620383618052008955916344007982493863251189081939603487759152273514527620943182827404055519105478156162635732938560008658061002023270768048989835861739914331443522290135306304706891940712179888344701000382195867064425367821224452619 0 0 0 0 1 0 0 0 0 0 0 0 0 0 0 0 0 0 0 0 0 0 0 0 0 0 0 0 0 0 0 0 0 0 0 0 0 0 0 0 0 0 0 0 0 0 0 0 0 0 0 0 0 0 0 0 0 0 0 0 0 0 0 0 0 0 0 0 0 0 0 0 0 0 0 0 0 0 0 0 0 0 0 0 0 0 0 0 0 0 0 0 0 0 0 0 0 0 0 0 0 0 0 0 0 0 0 0]
[5001528976446093981426710937131176203518125603290407129814110361548945116231272471076299886927498921743512170452597606157587699530676623794477819899257621424882032479221311045045880781005618082189543176384546709452726714386192436413985167952429492155590670171429954735290737866593596874605979227959925165587434813778425967162192 0 0 0 0 0 1 0 0 0 0 0 0 0 0 0 0 0 0 0 0 0 0 0 0 0 0 0 0 0 0 0 0 0 0 0 0 0 0 0 0 0 0 0 0 0 0 0 0 0 0 0 0 0 0 0 0 0 0 0 0 0 0 0 0 0 0 0 0 0 0 0 0 0 0 0 0 0 0 0 0 0 0 0 0 0 0 0 0 0 0 0 0 0 0 0 0 0 0 0 0 0 0 0 0 0 0 0 0]
[6587713223197222513338014859447368368339755332248947115153654022161763943512970136210751023164358431232396636418956443290704576763078257475330401703908812372866834278505742263991637633941026766630978959200674898810588531522040648047370528036836629268980727277142785494754820130244491096861229956164824387460659699149175994196254 0 0 0 0 0 0 1 0 0 0 0 0 0 0 0 0 0 0 0 0 0 0 0 0 0 0 0 0 0 0 0 0 0 0 0 0 0 0 0 0 0 0 0 0 0 0 0 0 0 0 0 0 0 0 0 0 0 0 0 0 0 0 0 0 0 0 0 0 0 0 0 0 0 0 0 0 0 0 0 0 0 0 0 0 0 0 0 0 0 0 0 0 0 0 0 0 0 0 0 0 0 0 0 0 0 0 0 0]
[5048439013818655407909942339355029984314958089730485297244274258508758158526663601159529671552144001853331761939813173893401970016923778645111299389808073812822699346313792105520058663915787219200867472945558266384960617158830873627146341245948434821470282265675470232134159680768085459922448451594195371123946685143797119138868 0 0 0 0 0 0 0 1 0 0 0 0 0 0 0 0 0 0 0 0 0 0 0 0 0 0 0 0 0 0 0 0 0 0 0 0 0 0 0 0 0 0 0 0 0 0 0 0 0 0 0 0 0 0 0 0 0 0 0 0 0 0 0 0 0 0 0 0 0 0 0 0 0 0 0 0 0 0 0 0 0 0 0 0 0 0 0 0 0 0 0 0 0 0 0 0 0 0 0 0 0 0 0 0 0 0 0 0]
[5390219201282859895489012920049021235650297207586511033940552418875658706999906617545020964624877974613316885550486408078526761351212860043240536030818551234023197903518424059840977689190896196325794516798213307769717853980324396634137284068806159283335518727210043298137970996973152934724552591159256469275086306666255834725403 0 0 0 0 0 0 0 0 1 0 0 0 0 0 0 0 0 0 0 0 0 0 0 0 0 0 0 0 0 0 0 0 0 0 0 0 0 0 0 0 0 0 0 0 0 0 0 0 0 0 0 0 0 0 0 0 0 0 0 0 0 0 0 0 0 0 0 0 0 0 0 0 0 0 0 0 0 0 0 0 0 0 0 0 0 0 0 0 0 0 0 0 0 0 0 0 0 0 0 0 0 0 0 0 0 0 0 0]
[3830128335225845506986981615618024079661125233080377890518925177563267610046485684662667751583464118687106457588068096830260232400847720554848057522817389210640549360762992418200008035065736215848116885490100842904079801277322832842829148869751864595538293781222879932994269215488480435737077487179128427288291856537574669763149 0 0 0 0 0 0 0 0 0 1 0 0 0 0 0 0 0 0 0 0 0 0 0 0 0 0 0 0 0 0 0 0 0 0 0 0 0 0 0 0 0 0 0 0 0 0 0 0 0 0 0 0 0 0 0 0 0 0 0 0 0 0 0 0 0 0 0 0 0 0 0 0 0 0 0 0 0 0 0 0 0 0 0 0 0 0 0 0 0 0 0 0 0 0 0 0 0 0 0 0 0 0 0 0 0 0 0 0]
[2648708322656242152324907915088599118792695290681833128675953628754350935027186490759913981409965219880460598484981715185158841350130824077151792443178337615505719348044159631587577893676239759943071383946470169673393358449455089410078676152422546899923383011438938204644679169690642010684765417784940636784601640620244335011124 0 0 0 0 0 0 0 0 0 0 1 0 0 0 0 0 0 0 0 0 0 0 0 0 0 0 0 0 0 0 0 0 0 0 0 0 0 0 0 0 0 0 0 0 0 0 0 0 0 0 0 0 0 0 0 0 0 0 0 0 0 0 0 0 0 0 0 0 0 0 0 0 0 0 0 0 0 0 0 0 0 0 0 0 0 0 0 0 0 0 0 0 0 0 0 0 0 0 0 0 0 0 0 0 0 0 0 0]
[1319361232469286117084039703266348774186377329880925320987131224727098804945809687899965715468752417679683829835782799191844921177548452511052475127008427106005581943137874443494094407874979811830807731051625343539812338091659835395397287217863303577851225126235601295742661190398319301504860520540610392595065966453673117362730 0 0 0 0 0 0 0 0 0 0 0 1 0 0 0 0 0 0 0 0 0 0 0 0 0 0 0 0 0 0 0 0 0 0 0 0 0 0 0 0 0 0 0 0 0 0 0 0 0 0 0 0 0 0 0 0 0 0 0 0 0 0 0 0 0 0 0 0 0 0 0 0 0 0 0 0 0 0 0 0 0 0 0 0 0 0 0 0 0 0 0 0 0 0 0 0 0 0 0 0 0 0 0 0 0 0 0 0]
[4342068337030309524868572470884411262350412061321859413435560648344881942632744069705231267099277028782779046985393598732522093037081747680608172817325801374340169029425006891347231987981451899691135789646841633810821754591657602581944405184311987909311676741454480989166539642087479704236013598740768222206448234252462362961652 0 0 0 0 0 0 0 0 0 0 0 0 1 0 0 0 0 0 0 0 0 0 0 0 0 0 0 0 0 0 0 0 0 0 0 0 0 0 0 0 0 0 0 0 0 0 0 0 0 0 0 0 0 0 0 0 0 0 0 0 0 0 0 0 0 0 0 0 0 0 0 0 0 0 0 0 0 0 0 0 0 0 0 0 0 0 0 0 0 0 0 0 0 0 0 0 0 0 0 0 0 0 0 0 0 0 0 0]
[3807242105031347308096177112239532932242842978509283348623625235247031029642094675043101900863892548222229443325675082454202917358886310730243153816184896420792931419046987901377303324345930779597041217512571855299496869559364170699783380905656232924917711421577326872385887766573687446479557846054719537548162278660552120690106 0 0 0 0 0 0 0 0 0 0 0 0 0 1 0 0 0 0 0 0 0 0 0 0 0 0 0 0 0 0 0 0 0 0 0 0 0 0 0 0 0 0 0 0 0 0 0 0 0 0 0 0 0 0 0 0 0 0 0 0 0 0 0 0 0 0 0 0 0 0 0 0 0 0 0 0 0 0 0 0 0 0 0 0 0 0 0 0 0 0 0 0 0 0 0 0 0 0 0 0 0 0 0 0 0 0 0 0]
[6786548786375298733845078373214876168135361394368365204635672088487255059150078705987254566976093652186564038983428686225086549374775872625151271394930035731008245776119628104029822913917084082363053868344993634880541399418512978040224932755747308221842171971852272758518412768927874830089392131712912584516757982545900308279043 0 0 0 0 0 0 0 0 0 0 0 0 0 0 1 0 0 0 0 0 0 0 0 0 0 0 0 0 0 0 0 0 0 0 0 0 0 0 0 0 0 0 0 0 0 0 0 0 0 0 0 0 0 0 0 0 0 0 0 0 0 0 0 0 0 0 0 0 0 0 0 0 0 0 0 0 0 0 0 0 0 0 0 0 0 0 0 0 0 0 0 0 0 0 0 0 0 0 0 0 0 0 0 0 0 0 0 0]
[6898974295286753523121447409945872659600675950899853420454816342204334673463357900806518266773003010485174611523508162362088799644085952925251394311670750536063805284442619882571725040172281533092551215879997451700863579294434334465076666450136965511298717039704199052297415875500792674136437508680716991137715554989258831677380 0 0 0 0 0 0 0 0 0 0 0 0 0 0 0 1 0 0 0 0 0 0 0 0 0 0 0 0 0 0 0 0 0 0 0 0 0 0 0 0 0 0 0 0 0 0 0 0 0 0 0 0 0 0 0 0 0 0 0 0 0 0 0 0 0 0 0 0 0 0 0 0 0 0 0 0 0 0 0 0 0 0 0 0 0 0 0 0 0 0 0 0 0 0 0 0 0 0 0 0 0 0 0 0 0 0 0 0]
[7475726976903861371990899154892300350432856145149107997336780782368009383817803765253137092205128885711937497996262922914335714308063727945400461896497989179177279456639699293287683892976282583255513979556534069337729135180397696086813537164379044977929487987323439906382640860004229063232562324704130571546403557407657448322846 0 0 0 0 0 0 0 0 0 0 0 0 0 0 0 0 1 0 0 0 0 0 0 0 0 0 0 0 0 0 0 0 0 0 0 0 0 0 0 0 0 0 0 0 0 0 0 0 0 0 0 0 0 0 0 0 0 0 0 0 0 0 0 0 0 0 0 0 0 0 0 0 0 0 0 0 0 0 0 0 0 0 0 0 0 0 0 0 0 0 0 0 0 0 0 0 0 0 0 0 0 0 0 0 0 0 0 0]
[4331041676845202225874232564345910675158696663602042489046560852090971018085495795022429729016493314086527974828718808467442690480846856692670670423838838753011004949390876014109750025751290215793036409775140892151516437026918778797777937598785516330111576250486245126660856879297312739887942720521294272425732485057679546435740 0 0 0 0 0 0 0 0 0 0 0 0 0 0 0 0 0 1 0 0 0 0 0 0 0 0 0 0 0 0 0 0 0 0 0 0 0 0 0 0 0 0 0 0 0 0 0 0 0 0 0 0 0 0 0 0 0 0 0 0 0 0 0 0 0 0 0 0 0 0 0 0 0 0 0 0 0 0 0 0 0 0 0 0 0 0 0 0 0 0 0 0 0 0 0 0 0 0 0 0 0 0 0 0 0 0 0 0]
[6064127289237079808355670769035145882122489823356233712930030885863060162243575350079470784091751491832397435443473835358103675062700746653435133387777606980609241091518112088211767443600950596184113100101538020513216404098969749020232361509258785170825487530290104014206350057680882456369727902701161933579636929621227530891069 0 0 0 0 0 0 0 0 0 0 0 0 0 0 0 0 0 0 1 0 0 0 0 0 0 0 0 0 0 0 0 0 0 0 0 0 0 0 0 0 0 0 0 0 0 0 0 0 0 0 0 0 0 0 0 0 0 0 0 0 0 0 0 0 0 0 0 0 0 0 0 0 0 0 0 0 0 0 0 0 0 0 0 0 0 0 0 0 0 0 0 0 0 0 0 0 0 0 0 0 0 0 0 0 0 0 0 0]
[4811231058096782692166235435059954341197515709670449028220143514583857284085384363737283131979967033938904517117117863494031381500698797708874876906764256991860976243496761593422445105210103195173795800930635740902158562649142683765378500518973411302401285684025915566363523616868924777797397716259301935695390760940810017925409 0 0 0 0 0 0 0 0 0 0 0 0 0 0 0 0 0 0 0 1 0 0 0 0 0 0 0 0 0 0 0 0 0 0 0 0 0 0 0 0 0 0 0 0 0 0 0 0 0 0 0 0 0 0 0 0 0 0 0 0 0 0 0 0 0 0 0 0 0 0 0 0 0 0 0 0 0 0 0 0 0 0 0 0 0 0 0 0 0 0 0 0 0 0 0 0 0 0 0 0 0 0 0 0 0 0 0 0]
[2830260884295896991999228754168390617589152814988757148372954580618777269537256505505251604312957344220434507377823820375020536005391217275121090439254836090385168815813063126371702064846201092889214047019625916432253850763881296078402067773124893376402778314006149909760639747830453862957825733591535694527602692853667678464594 0 0 0 0 0 0 0 0 0 0 0 0 0 0 0 0 0 0 0 0 1 0 0 0 0 0 0 0 0 0 0 0 0 0 0 0 0 0 0 0 0 0 0 0 0 0 0 0 0 0 0 0 0 0 0 0 0 0 0 0 0 0 0 0 0 0 0 0 0 0 0 0 0 0 0 0 0 0 0 0 0 0 0 0 0 0 0 0 0 0 0 0 0 0 0 0 0 0 0 0 0 0 0 0 0 0 0 0]
[8714502029411319927129354062161711702183327965087358034894463074659434947131790170440705520471072878095949486196372336156364453360589521390791764077856000415154080040248968742254561034451622100391874380621990563989674853626128509283154920664278028616826333556152454217541421880965849610408991000173032473478222204928126476937878 0 0 0 0 0 0 0 0 0 0 0 0 0 0 0 0 0 0 0 0 0 1 0 0 0 0 0 0 0 0 0 0 0 0 0 0 0 0 0 0 0 0 0 0 0 0 0 0 0 0 0 0 0 0 0 0 0 0 0 0 0 0 0 0 0 0 0 0 0 0 0 0 0 0 0 0 0 0 0 0 0 0 0 0 0 0 0 0 0 0 0 0 0 0 0 0 0 0 0 0 0 0 0 0 0 0 0 0]
[6866676993451140140322823279890575556308682653432101574267572960271020147433214122882918179261117394262860257254054141344562904388332421967423586110564511364554813243983355838002739509349503530527765179834449797213907183559632212183029252364665304738626343061119971775224925952900628465367398393656929036078473453467305380443426 0 0 0 0 0 0 0 0 0 0 0 0 0 0 0 0 0 0 0 0 0 0 1 0 0 0 0 0 0 0 0 0 0 0 0 0 0 0 0 0 0 0 0 0 0 0 0 0 0 0 0 0 0 0 0 0 0 0 0 0 0 0 0 0 0 0 0 0 0 0 0 0 0 0 0 0 0 0 0 0 0 0 0 0 0 0 0 0 0 0 0 0 0 0 0 0 0 0 0 0 0 0 0 0 0 0 0 0]
[8014339210286268648178814690319701969267869766624783642496817202276531188483814187959905482494156782782598941157528474634723191371460184449108247199947606822547867642367360724083520474419196915548431810590835370830484707803190221683809163284632072371785763520440438623862650804985301850177689687786283634707047848148025790062894 0 0 0 0 0 0 0 0 0 0 0 0 0 0 0 0 0 0 0 0 0 0 0 1 0 0 0 0 0 0 0 0 0 0 0 0 0 0 0 0 0 0 0 0 0 0 0 0 0 0 0 0 0 0 0 0 0 0 0 0 0 0 0 0 0 0 0 0 0 0 0 0 0 0 0 0 0 0 0 0 0 0 0 0 0 0 0 0 0 0 0 0 0 0 0 0 0 0 0 0 0 0 0 0 0 0 0 0]
[96590976824135918295321627852155684074972170441054053913658902247717623201709235749944234405680229333633902386311789605581964352768186473347416328525568270169936166617752927781595256678411890398612991913311136021497629166305996299536116251720609590792396877039920061643249592955738296109071641938860798558272011162260711740742 0 0 0 0 0 0 0 0 0 0 0 0 0 0 0 0 0 0 0 0 0 0 0 0 1 0 0 0 0 0 0 0 0 0 0 0 0 0 0 0 0 0 0 0 0 0 0 0 0 0 0 0 0 0 0 0 0 0 0 0 0 0 0 0 0 0 0 0 0 0 0 0 0 0 0 0 0 0 0 0 0 0 0 0 0 0 0 0 0 0 0 0 0 0 0 0 0 0 0 0 0 0 0 0 0 0 0 0]
[8625666483019252246556983882228395426994361770342766316308562372869566944440027416337371317004254557176711457652434329025200180956310674412379284961854487464651036908834512346440849639839119809039016359056487244507110690495747685057442213147313783601057542193393657163669404741895998070070576467728706795210790874915657764671086 0 0 0 0 0 0 0 0 0 0 0 0 0 0 0 0 0 0 0 0 0 0 0 0 0 1 0 0 0 0 0 0 0 0 0 0 0 0 0 0 0 0 0 0 0 0 0 0 0 0 0 0 0 0 0 0 0 0 0 0 0 0 0 0 0 0 0 0 0 0 0 0 0 0 0 0 0 0 0 0 0 0 0 0 0 0 0 0 0 0 0 0 0 0 0 0 0 0 0 0 0 0 0 0 0 0 0 0]
[2000237684313838564021166822149438322044965059436046332209427887995106400467816763179262506331172940681981511201469523765212403573050333563604056567949664663719506630689107126626782945319470757037563276944629918220597170906588392298892909248014093004143856068570476176102199336634099244848398233511198336418125647093900960171063 0 0 0 0 0 0 0 0 0 0 0 0 0 0 0 0 0 0 0 0 0 0 0 0 0 0 1 0 0 0 0 0 0 0 0 0 0 0 0 0 0 0 0 0 0 0 0 0 0 0 0 0 0 0 0 0 0 0 0 0 0 0 0 0 0 0 0 0 0 0 0 0 0 0 0 0 0 0 0 0 0 0 0 0 0 0 0 0 0 0 0 0 0 0 0 0 0 0 0 0 0 0 0 0 0 0 0 0]
[76189694465797272941752808598435619982951921076116649075667793105524297808924638417097173641751849919680508502539337425178042351237605221113258182793769209393389949639536893235422056672242729469464587671432652110165480215695930409685170382135611139935864605531487014323369744036638857240679113304854897151105085391159090611378 0 0 0 0 0 0 0 0 0 0 0 0 0 0 0 0 0 0 0 0 0 0 0 0 0 0 0 1 0 0 0 0 0 0 0 0 0 0 0 0 0 0 0 0 0 0 0 0 0 0 0 0 0 0 0 0 0 0 0 0 0 0 0 0 0 0 0 0 0 0 0 0 0 0 0 0 0 0 0 0 0 0 0 0 0 0 0 0 0 0 0 0 0 0 0 0 0 0 0 0 0 0 0 0 0 0 0 0]
[4351025674534477752336450942406764896354901654790275088590518534723616928086417480269276889826572323503703620251516084806317321021840532212170007563811902877741811494543303630137489362932665981722350991495614891473481391661451330709686483247390487752481365890245690266024241833300943361486303494607323781824435554553511091063536 0 0 0 0 0 0 0 0 0 0 0 0 0 0 0 0 0 0 0 0 0 0 0 0 0 0 0 0 1 0 0 0 0 0 0 0 0 0 0 0 0 0 0 0 0 0 0 0 0 0 0 0 0 0 0 0 0 0 0 0 0 0 0 0 0 0 0 0 0 0 0 0 0 0 0 0 0 0 0 0 0 0 0 0 0 0 0 0 0 0 0 0 0 0 0 0 0 0 0 0 0 0 0 0 0 0 0 0]
[8997498960640079832170513237323064185855027255273000858652191375325943468384805823685234389166400803862398182854885671698794724278592043692107524210986902523416650667153618957979942303335187458007744020464696522536145754783561539713270578002386414225157596221065347939956935354991248886554255827011213971586498593982223314793116 0 0 0 0 0 0 0 0 0 0 0 0 0 0 0 0 0 0 0 0 0 0 0 0 0 0 0 0 0 1 0 0 0 0 0 0 0 0 0 0 0 0 0 0 0 0 0 0 0 0 0 0 0 0 0 0 0 0 0 0 0 0 0 0 0 0 0 0 0 0 0 0 0 0 0 0 0 0 0 0 0 0 0 0 0 0 0 0 0 0 0 0 0 0 0 0 0 0 0 0 0 0 0 0 0 0 0 0]
[6493469563704376238236885120605091488344041936033103936164353320893043331520724228591077210303409317351215604968545484856826578451472641445885655408627759671503939531772423837756945521210532285884894518349343984588689033029777097756500690716038212214401992251399761300743554473300490421486708455130166504600370627973633465883374 0 0 0 0 0 0 0 0 0 0 0 0 0 0 0 0 0 0 0 0 0 0 0 0 0 0 0 0 0 0 1 0 0 0 0 0 0 0 0 0 0 0 0 0 0 0 0 0 0 0 0 0 0 0 0 0 0 0 0 0 0 0 0 0 0 0 0 0 0 0 0 0 0 0 0 0 0 0 0 0 0 0 0 0 0 0 0 0 0 0 0 0 0 0 0 0 0 0 0 0 0 0 0 0 0 0 0 0]
[1068527547965944916792930673657274346352726835633778234495007366244938498495495197096267704991110665131582786504279024979831746257522730214642464105837370811281988669278425735893948677010642480121766207436390271331176255263442635097476508779603756153484461525241406647241557729729343189026560551690405039794433600044730102365107 0 0 0 0 0 0 0 0 0 0 0 0 0 0 0 0 0 0 0 0 0 0 0 0 0 0 0 0 0 0 0 1 0 0 0 0 0 0 0 0 0 0 0 0 0 0 0 0 0 0 0 0 0 0 0 0 0 0 0 0 0 0 0 0 0 0 0 0 0 0 0 0 0 0 0 0 0 0 0 0 0 0 0 0 0 0 0 0 0 0 0 0 0 0 0 0 0 0 0 0 0 0 0 0 0 0 0 0]
[2430845614124281388494246550476047973850126542799432030235500901130252624051318035476611194683610189360308930573563262863114825845333813194894686909083079856987206609846976812390015662743629861137832441662794326578263477457870222735406116673260681972257496954389154180256824908897273034192925972789773335925042522477947195302053 0 0 0 0 0 0 0 0 0 0 0 0 0 0 0 0 0 0 0 0 0 0 0 0 0 0 0 0 0 0 0 0 1 0 0 0 0 0 0 0 0 0 0 0 0 0 0 0 0 0 0 0 0 0 0 0 0 0 0 0 0 0 0 0 0 0 0 0 0 0 0 0 0 0 0 0 0 0 0 0 0 0 0 0 0 0 0 0 0 0 0 0 0 0 0 0 0 0 0 0 0 0 0 0 0 0 0 0]
[5265881507821112099874251713110749758157717668114752327875437903085131455391514491930277218211358355115777246458748974567253631175716775511923147717584873514404398417966703685344313207650982231220208131058376105038164533027515185403237755874653377841311785127435074801270954061052796759662439599343612781021300325794270637732338 0 0 0 0 0 0 0 0 0 0 0 0 0 0 0 0 0 0 0 0 0 0 0 0 0 0 0 0 0 0 0 0 0 1 0 0 0 0 0 0 0 0 0 0 0 0 0 0 0 0 0 0 0 0 0 0 0 0 0 0 0 0 0 0 0 0 0 0 0 0 0 0 0 0 0 0 0 0 0 0 0 0 0 0 0 0 0 0 0 0 0 0 0 0 0 0 0 0 0 0 0 0 0 0 0 0 0 0]
[6981269934422054904831937151157120190634392820558731883187438913927685559133687200430209164862192307904388328755478675309335601286603166207570850415432010974274337026228951074083805101109851937170329325364317039884951291325991410841452222837971917004330032867158254231893896566573113126429217499766237117065901982220467660028963 0 0 0 0 0 0 0 0 0 0 0 0 0 0 0 0 0 0 0 0 0 0 0 0 0 0 0 0 0 0 0 0 0 0 1 0 0 0 0 0 0 0 0 0 0 0 0 0 0 0 0 0 0 0 0 0 0 0 0 0 0 0 0 0 0 0 0 0 0 0 0 0 0 0 0 0 0 0 0 0 0 0 0 0 0 0 0 0 0 0 0 0 0 0 0 0 0 0 0 0 0 0 0 0 0 0 0 0]
[6250525067007548833374209061793616119527942337387342210844569551752980373014486663472034071541929691412669740972500755602758447598178133087927545804744408945013371468413856090020342420351849165610077322345527792731343318096407728123540890675330693526170126755834890058212391615065477319255363242595701815427681439321203391402048 0 0 0 0 0 0 0 0 0 0 0 0 0 0 0 0 0 0 0 0 0 0 0 0 0 0 0 0 0 0 0 0 0 0 0 1 0 0 0 0 0 0 0 0 0 0 0 0 0 0 0 0 0 0 0 0 0 0 0 0 0 0 0 0 0 0 0 0 0 0 0 0 0 0 0 0 0 0 0 0 0 0 0 0 0 0 0 0 0 0 0 0 0 0 0 0 0 0 0 0 0 0 0 0 0 0 0 0]
[3899599270996786542104137663486459893211768927104750910763862933407947758125432368019202822452782579981628807081815256656712278948243941104899281952066228377253368683658652958739485613698918707428899988095313464620059919452950234967805841986170424741661990549481899639135737489167462401999819187841486574257716720729911364458975 0 0 0 0 0 0 0 0 0 0 0 0 0 0 0 0 0 0 0 0 0 0 0 0 0 0 0 0 0 0 0 0 0 0 0 0 1 0 0 0 0 0 0 0 0 0 0 0 0 0 0 0 0 0 0 0 0 0 0 0 0 0 0 0 0 0 0 0 0 0 0 0 0 0 0 0 0 0 0 0 0 0 0 0 0 0 0 0 0 0 0 0 0 0 0 0 0 0 0 0 0 0 0 0 0 0 0 0]
[6870047763294713528609922607881790064423066479490087557757109505874485024872113706650900124051958306419568157604278737009715299026952655422074118537519721336873201684173602079786084526017212047133237761789196776789732153214062783504761890029637897352222352154668587204254728818358128605008451552612845972493095681460035669373952 0 0 0 0 0 0 0 0 0 0 0 0 0 0 0 0 0 0 0 0 0 0 0 0 0 0 0 0 0 0 0 0 0 0 0 0 0 1 0 0 0 0 0 0 0 0 0 0 0 0 0 0 0 0 0 0 0 0 0 0 0 0 0 0 0 0 0 0 0 0 0 0 0 0 0 0 0 0 0 0 0 0 0 0 0 0 0 0 0 0 0 0 0 0 0 0 0 0 0 0 0 0 0 0 0 0 0 0]
[9364917498526162318661674337944338150170955662643305033668589284595316930597823864460245071666551503938081560874742125433700501828333419660331041462890024396722129318398558508226127998220578992012493072648833059508936481864723871231430442834296418512316123365471387475991071181998871319344529509390299458817824129476450587635882 0 0 0 0 0 0 0 0 0 0 0 0 0 0 0 0 0 0 0 0 0 0 0 0 0 0 0 0 0 0 0 0 0 0 0 0 0 0 1 0 0 0 0 0 0 0 0 0 0 0 0 0 0 0 0 0 0 0 0 0 0 0 0 0 0 0 0 0 0 0 0 0 0 0 0 0 0 0 0 0 0 0 0 0 0 0 0 0 0 0 0 0 0 0 0 0 0 0 0 0 0 0 0 0 0 0 0 0]
[5089457563246895091632335194493461946463282404479057755931600132938844682360879288836288545055204675743107141112590608836794147094697465052086963328170904136486275451433729646721091699684200983296036135132561715011976104687923639472627481022215562711318675448901335173074635481674069622216846368561848727645720172448292233674122 0 0 0 0 0 0 0 0 0 0 0 0 0 0 0 0 0 0 0 0 0 0 0 0 0 0 0 0 0 0 0 0 0 0 0 0 0 0 0 1 0 0 0 0 0 0 0 0 0 0 0 0 0 0 0 0 0 0 0 0 0 0 0 0 0 0 0 0 0 0 0 0 0 0 0 0 0 0 0 0 0 0 0 0 0 0 0 0 0 0 0 0 0 0 0 0 0 0 0 0 0 0 0 0 0 0 0 0]
[6749037577824516405878742422416963240107514922072627031980512277358416611907739275516121275271011078280510085717761633877147755006304967887506371039243773205450736609039796044766906332280269610235873911728643862329953077062717044643833512601317041790910175663579384419783563935105766866088571596893565641572728613500842983493334 0 0 0 0 0 0 0 0 0 0 0 0 0 0 0 0 0 0 0 0 0 0 0 0 0 0 0 0 0 0 0 0 0 0 0 0 0 0 0 0 1 0 0 0 0 0 0 0 0 0 0 0 0 0 0 0 0 0 0 0 0 0 0 0 0 0 0 0 0 0 0 0 0 0 0 0 0 0 0 0 0 0 0 0 0 0 0 0 0 0 0 0 0 0 0 0 0 0 0 0 0 0 0 0 0 0 0 0]
[3856122057594755347279103495335111758095319308139042712150701980898245465934913740695378713700488852730399360518534814286228250650204588953453144771898314982519998580566588427147568485801415366104890901020377162240123703232258165517366769511260871276585435103422340059490207972768973386304428741642069656034411472648927939482505 0 0 0 0 0 0 0 0 0 0 0 0 0 0 0 0 0 0 0 0 0 0 0 0 0 0 0 0 0 0 0 0 0 0 0 0 0 0 0 0 0 1 0 0 0 0 0 0 0 0 0 0 0 0 0 0 0 0 0 0 0 0 0 0 0 0 0 0 0 0 0 0 0 0 0 0 0 0 0 0 0 0 0 0 0 0 0 0 0 0 0 0 0 0 0 0 0 0 0 0 0 0 0 0 0 0 0 0]
[3096318480881916831937289051482033530845107639079359742332414699936457937179989079531292427289646199439859754372132774248402827526975693728765951500096792995616487306500256376872421866838141637415376720928039788287068655051490836053925551901442943604722883415686343185456111293438487566618409605269424542801620883514838081587612 0 0 0 0 0 0 0 0 0 0 0 0 0 0 0 0 0 0 0 0 0 0 0 0 0 0 0 0 0 0 0 0 0 0 0 0 0 0 0 0 0 0 1 0 0 0 0 0 0 0 0 0 0 0 0 0 0 0 0 0 0 0 0 0 0 0 0 0 0 0 0 0 0 0 0 0 0 0 0 0 0 0 0 0 0 0 0 0 0 0 0 0 0 0 0 0 0 0 0 0 0 0 0 0 0 0 0 0]
[2818319753770445808670804346510289874651358219604361815226809122614330535998133132580477903238261711463220223919931531072193208241721977721163205046220506182996472441295041296175345491100880742468743513548573783732999758609735862882214124906524210829265518434595147508655623318075601024726193467571223282031304132411887357145686 0 0 0 0 0 0 0 0 0 0 0 0 0 0 0 0 0 0 0 0 0 0 0 0 0 0 0 0 0 0 0 0 0 0 0 0 0 0 0 0 0 0 0 1 0 0 0 0 0 0 0 0 0 0 0 0 0 0 0 0 0 0 0 0 0 0 0 0 0 0 0 0 0 0 0 0 0 0 0 0 0 0 0 0 0 0 0 0 0 0 0 0 0 0 0 0 0 0 0 0 0 0 0 0 0 0 0 0]
[1081250118318606552304212575934809709657476535077016447002371989550154877314389384610468720440436920736798737585160389299147069606298800053027801043445316905890245204713161041790186022070087838439177185057990163379874052919409460785599558444595533731171669414635454803792255723711616397385117572683894045409542207549380288600544 0 0 0 0 0 0 0 0 0 0 0 0 0 0 0 0 0 0 0 0 0 0 0 0 0 0 0 0 0 0 0 0 0 0 0 0 0 0 0 0 0 0 0 0 1 0 0 0 0 0 0 0 0 0 0 0 0 0 0 0 0 0 0 0 0 0 0 0 0 0 0 0 0 0 0 0 0 0 0 0 0 0 0 0 0 0 0 0 0 0 0 0 0 0 0 0 0 0 0 0 0 0 0 0 0 0 0 0]
[2235346578167302436764999099990455306167996467312798303033215094456788099823120944182047775159088327163817442355630359700723868170090376730365250831433009018896047553394130429774136223234100483788382703399519822589605372207096000013873273466166006853792879906438890993093095716529803905963238667057739343644718953515384453363037 0 0 0 0 0 0 0 0 0 0 0 0 0 0 0 0 0 0 0 0 0 0 0 0 0 0 0 0 0 0 0 0 0 0 0 0 0 0 0 0 0 0 0 0 0 1 0 0 0 0 0 0 0 0 0 0 0 0 0 0 0 0 0 0 0 0 0 0 0 0 0 0 0 0 0 0 0 0 0 0 0 0 0 0 0 0 0 0 0 0 0 0 0 0 0 0 0 0 0 0 0 0 0 0 0 0 0 0]
[3828178526369147192822558986872046358179327048318506483957744062558535790301175672031200328483517791526005579297395463084732303010637978815261951258931051733935653565997301074454366644771741925084835521226934152067622835807281798287155273036586394727737843151384467105598860408026683349149751006231828847989857946341530747725437 0 0 0 0 0 0 0 0 0 0 0 0 0 0 0 0 0 0 0 0 0 0 0 0 0 0 0 0 0 0 0 0 0 0 0 0 0 0 0 0 0 0 0 0 0 0 1 0 0 0 0 0 0 0 0 0 0 0 0 0 0 0 0 0 0 0 0 0 0 0 0 0 0 0 0 0 0 0 0 0 0 0 0 0 0 0 0 0 0 0 0 0 0 0 0 0 0 0 0 0 0 0 0 0 0 0 0 0]
[5785845714675857561601218123934261063714538979014941654943136863999237033953128683361684992901085227996807539974255139605044447816980290661324113884286185209334202067326378361024010526276310273710368423894219832425387002488200523731125020315719233476934796721841469549442527732769416655836802520276128648492591572826812755502059 0 0 0 0 0 0 0 0 0 0 0 0 0 0 0 0 0 0 0 0 0 0 0 0 0 0 0 0 0 0 0 0 0 0 0 0 0 0 0 0 0 0 0 0 0 0 0 1 0 0 0 0 0 0 0 0 0 0 0 0 0 0 0 0 0 0 0 0 0 0 0 0 0 0 0 0 0 0 0 0 0 0 0 0 0 0 0 0 0 0 0 0 0 0 0 0 0 0 0 0 0 0 0 0 0 0 0 0]
[1475437139455079483759706159846643518486836159849475598271381391175483568154754966497349168385851691269542649324626652651236473928420472317199910144931062646032209036702036881909121178535843281495028086507180306224635346280874759345065122074040396605979576493661044429172419271877718899822895671888811215657524681087867868919215 0 0 0 0 0 0 0 0 0 0 0 0 0 0 0 0 0 0 0 0 0 0 0 0 0 0 0 0 0 0 0 0 0 0 0 0 0 0 0 0 0 0 0 0 0 0 0 0 1 0 0 0 0 0 0 0 0 0 0 0 0 0 0 0 0 0 0 0 0 0 0 0 0 0 0 0 0 0 0 0 0 0 0 0 0 0 0 0 0 0 0 0 0 0 0 0 0 0 0 0 0 0 0 0 0 0 0 0]
[4568597354178412483488350168206454476992849281700239000585101796532266388750865706466405813566107274090977084706493314003930532106823919693055133837040446100536148638343247717285709103241988336158493492476673225014152232080644423624525399891300750359922968593272506869755261738952853404476014704488996759729831344079058695117045 0 0 0 0 0 0 0 0 0 0 0 0 0 0 0 0 0 0 0 0 0 0 0 0 0 0 0 0 0 0 0 0 0 0 0 0 0 0 0 0 0 0 0 0 0 0 0 0 0 1 0 0 0 0 0 0 0 0 0 0 0 0 0 0 0 0 0 0 0 0 0 0 0 0 0 0 0 0 0 0 0 0 0 0 0 0 0 0 0 0 0 0 0 0 0 0 0 0 0 0 0 0 0 0 0 0 0 0]
[528062722010849095276444237547205238729341198506740932139579143947032797024789573513337342110458134623855849241101648390030650856498968726664326365687755661251840441780472989098208763324234849347760505681937239188437862088360175941801766483850704147354694188991186533681142717404764059701182824588433611696810381183730551796175 0 0 0 0 0 0 0 0 0 0 0 0 0 0 0 0 0 0 0 0 0 0 0 0 0 0 0 0 0 0 0 0 0 0 0 0 0 0 0 0 0 0 0 0 0 0 0 0 0 0 1 0 0 0 0 0 0 0 0 0 0 0 0 0 0 0 0 0 0 0 0 0 0 0 0 0 0 0 0 0 0 0 0 0 0 0 0 0 0 0 0 0 0 0 0 0 0 0 0 0 0 0 0 0 0 0 0 0]
[7765945093392640541699961750088436586500826665055486614609584423621409910506637134097239335592026936308018527561809075330388811113891078613618881072791814621192113623391591712057638355316871674061039166891534646820158808075490505139075954844231463766029820370054934160857699302067665163548518507055286061912881607860764913666240 0 0 0 0 0 0 0 0 0 0 0 0 0 0 0 0 0 0 0 0 0 0 0 0 0 0 0 0 0 0 0 0 0 0 0 0 0 0 0 0 0 0 0 0 0 0 0 0 0 0 0 1 0 0 0 0 0 0 0 0 0 0 0 0 0 0 0 0 0 0 0 0 0 0 0 0 0 0 0 0 0 0 0 0 0 0 0 0 0 0 0 0 0 0 0 0 0 0 0 0 0 0 0 0 0 0 0 0]
[2229672191034273503408828882990091431324995463920699406672719680864894302393161648570460903456420528630181773100533168607479169159843297764963146894731260581224867442391122001517876162432002000607547571838137320982762301623379639699762859672844166664991660723768726007235398416448844058263659335127139238410739838964593301927301 0 0 0 0 0 0 0 0 0 0 0 0 0 0 0 0 0 0 0 0 0 0 0 0 0 0 0 0 0 0 0 0 0 0 0 0 0 0 0 0 0 0 0 0 0 0 0 0 0 0 0 0 1 0 0 0 0 0 0 0 0 0 0 0 0 0 0 0 0 0 0 0 0 0 0 0 0 0 0 0 0 0 0 0 0 0 0 0 0 0 0 0 0 0 0 0 0 0 0 0 0 0 0 0 0 0 0 0]
[6271115464230345884689058462913087079221319140860459837529789073476167445388588963389070606829099106496664834199527933837472459492920647373517001019854832445434619933118335399508113503269109356553715443659246326273502068798618125500204979189809450113580702743349026342026236922006545540437339922824419981605409068885669783696140 0 0 0 0 0 0 0 0 0 0 0 0 0 0 0 0 0 0 0 0 0 0 0 0 0 0 0 0 0 0 0 0 0 0 0 0 0 0 0 0 0 0 0 0 0 0 0 0 0 0 0 0 0 1 0 0 0 0 0 0 0 0 0 0 0 0 0 0 0 0 0 0 0 0 0 0 0 0 0 0 0 0 0 0 0 0 0 0 0 0 0 0 0 0 0 0 0 0 0 0 0 0 0 0 0 0 0 0]
[1225029000572991201103290479538322289242780600465333722799427108056393902921116619226167279068266111337389051332695357277788552413188247651707591660511955341192786705600234337078480122817901096844592143780458627727913287699760823004180973024024233395545248562392350324564678779156268198403532693879916052366443305496600892429618 0 0 0 0 0 0 0 0 0 0 0 0 0 0 0 0 0 0 0 0 0 0 0 0 0 0 0 0 0 0 0 0 0 0 0 0 0 0 0 0 0 0 0 0 0 0 0 0 0 0 0 0 0 0 1 0 0 0 0 0 0 0 0 0 0 0 0 0 0 0 0 0 0 0 0 0 0 0 0 0 0 0 0 0 0 0 0 0 0 0 0 0 0 0 0 0 0 0 0 0 0 0 0 0 0 0 0 0]
[6398360580109343088080713731849652388026429135824424546947694791846188167697026211379202210700889471637284530429587900553099095979041323513140493087943992991291029963306758932416695461883419414022659288350798867613752844432273126897122381779501184157180632950548825638993287086539141413966474727755397877215008594295313989104465 0 0 0 0 0 0 0 0 0 0 0 0 0 0 0 0 0 0 0 0 0 0 0 0 0 0 0 0 0 0 0 0 0 0 0 0 0 0 0 0 0 0 0 0 0 0 0 0 0 0 0 0 0 0 0 1 0 0 0 0 0 0 0 0 0 0 0 0 0 0 0 0 0 0 0 0 0 0 0 0 0 0 0 0 0 0 0 0 0 0 0 0 0 0 0 0 0 0 0 0 0 0 0 0 0 0 0 0]
[2510341232485459458696529556970698497569347448820084219902437373174687736974686690475994043092771462029254587517322651037765576742246907308880714155028683525106197405976879814296660013712289512829127373133124824119208062903848069337944285571881034679618878532469271652724767506093981787523641931949688511316429061976714610587354 0 0 0 0 0 0 0 0 0 0 0 0 0 0 0 0 0 0 0 0 0 0 0 0 0 0 0 0 0 0 0 0 0 0 0 0 0 0 0 0 0 0 0 0 0 0 0 0 0 0 0 0 0 0 0 0 1 0 0 0 0 0 0 0 0 0 0 0 0 0 0 0 0 0 0 0 0 0 0 0 0 0 0 0 0 0 0 0 0 0 0 0 0 0 0 0 0 0 0 0 0 0 0 0 0 0 0 0]
[3902246723520431556540281974281455832169079227389038226603692706869080311509344763039041061481617127418430023769621077597112122722375558421202009442863955140399350225272175114129644344825159632538225873577619773851705146540840815872162655001989042672695084593514389123300892096791219977710858668554942065841487793870396940059464 0 0 0 0 0 0 0 0 0 0 0 0 0 0 0 0 0 0 0 0 0 0 0 0 0 0 0 0 0 0 0 0 0 0 0 0 0 0 0 0 0 0 0 0 0 0 0 0 0 0 0 0 0 0 0 0 0 1 0 0 0 0 0 0 0 0 0 0 0 0 0 0 0 0 0 0 0 0 0 0 0 0 0 0 0 0 0 0 0 0 0 0 0 0 0 0 0 0 0 0 0 0 0 0 0 0 0 0]
[6706858166044149547673138822400040392953448592590636030868966745194655656481628805792029746139999568711784620086063384543727910778113088318333454306101189331505941339694440784990240021844247028593222560852605228509268542316253413079820188244218570436920855122139508330544477357765477225152737318874902040856508522909854878962538 0 0 0 0 0 0 0 0 0 0 0 0 0 0 0 0 0 0 0 0 0 0 0 0 0 0 0 0 0 0 0 0 0 0 0 0 0 0 0 0 0 0 0 0 0 0 0 0 0 0 0 0 0 0 0 0 0 0 1 0 0 0 0 0 0 0 0 0 0 0 0 0 0 0 0 0 0 0 0 0 0 0 0 0 0 0 0 0 0 0 0 0 0 0 0 0 0 0 0 0 0 0 0 0 0 0 0 0]
[3203393540407314457327298401310620413133878763402367119257750807690525125045498954160119935829409334609068144388428755655811792972613347524402303483950365580758031530376393301488785843852956878854356328868090140221140722469325645887942751253138218395046935822956340447267194172505715013795437845351402180187544485303221127103467 0 0 0 0 0 0 0 0 0 0 0 0 0 0 0 0 0 0 0 0 0 0 0 0 0 0 0 0 0 0 0 0 0 0 0 0 0 0 0 0 0 0 0 0 0 0 0 0 0 0 0 0 0 0 0 0 0 0 0 1 0 0 0 0 0 0 0 0 0 0 0 0 0 0 0 0 0 0 0 0 0 0 0 0 0 0 0 0 0 0 0 0 0 0 0 0 0 0 0 0 0 0 0 0 0 0 0 0]
[3416680145400110746470211341015913067661288641386164302319846075396953976610792898442736967157939118501127125449309634547787951007685099116663943543058580718725586483066606287509146065055698325472120306579852697970319348393028412446674644524108862419407924430403207880780645430131894262659697395449126978673554355550244890187261 0 0 0 0 0 0 0 0 0 0 0 0 0 0 0 0 0 0 0 0 0 0 0 0 0 0 0 0 0 0 0 0 0 0 0 0 0 0 0 0 0 0 0 0 0 0 0 0 0 0 0 0 0 0 0 0 0 0 0 0 1 0 0 0 0 0 0 0 0 0 0 0 0 0 0 0 0 0 0 0 0 0 0 0 0 0 0 0 0 0 0 0 0 0 0 0 0 0 0 0 0 0 0 0 0 0 0 0]
[8130736613320932248262556853993556624274509907876478408867533360005746945219699064573994797733497229777695662510757342373593404320194245478391452397176979599734194456588517718380477788566191734922709235201359886922038829706724784640742065771292977089959874917143507011161018787650574517404805582946121107802063492737712025057377 0 0 0 0 0 0 0 0 0 0 0 0 0 0 0 0 0 0 0 0 0 0 0 0 0 0 0 0 0 0 0 0 0 0 0 0 0 0 0 0 0 0 0 0 0 0 0 0 0 0 0 0 0 0 0 0 0 0 0 0 0 1 0 0 0 0 0 0 0 0 0 0 0 0 0 0 0 0 0 0 0 0 0 0 0 0 0 0 0 0 0 0 0 0 0 0 0 0 0 0 0 0 0 0 0 0 0 0]
[9088535858770918821797713588080241137407909572702565371242080290812563730220555470995214629075273820532439332383195304179617990246069943292690263005742571934225510820801504447707395267957842701655410298374532679676376665325611683292765269029040729569245550406848451895658293407044343223465282816357805583975634267938990180777539 0 0 0 0 0 0 0 0 0 0 0 0 0 0 0 0 0 0 0 0 0 0 0 0 0 0 0 0 0 0 0 0 0 0 0 0 0 0 0 0 0 0 0 0 0 0 0 0 0 0 0 0 0 0 0 0 0 0 0 0 0 0 1 0 0 0 0 0 0 0 0 0 0 0 0 0 0 0 0 0 0 0 0 0 0 0 0 0 0 0 0 0 0 0 0 0 0 0 0 0 0 0 0 0 0 0 0 0]
[4958650003876145484530244376297554750119818887771741870521584951171969081550021082057078439341063028319727953760243821736693391152148122620905665838517312107553835706185402581117759528247994191071064146642499150504895180636274051906097762790114070897876309687523509822095796613698809230966386260973995122153178731117141211488383 0 0 0 0 0 0 0 0 0 0 0 0 0 0 0 0 0 0 0 0 0 0 0 0 0 0 0 0 0 0 0 0 0 0 0 0 0 0 0 0 0 0 0 0 0 0 0 0 0 0 0 0 0 0 0 0 0 0 0 0 0 0 0 1 0 0 0 0 0 0 0 0 0 0 0 0 0 0 0 0 0 0 0 0 0 0 0 0 0 0 0 0 0 0 0 0 0 0 0 0 0 0 0 0 0 0 0 0]
[32608828071765678995789284778945046348970658822742223183048054937595011636903471880399807453120802332047374854527485616616870926306868974915134415575572092885629549659188688423435650002924532274100444530284424506778816281956776739432089973746762291397518168425868283227871159028581854946394803764715850405292989273839476517949 0 0 0 0 0 0 0 0 0 0 0 0 0 0 0 0 0 0 0 0 0 0 0 0 0 0 0 0 0 0 0 0 0 0 0 0 0 0 0 0 0 0 0 0 0 0 0 0 0 0 0 0 0 0 0 0 0 0 0 0 0 0 0 0 1 0 0 0 0 0 0 0 0 0 0 0 0 0 0 0 0 0 0 0 0 0 0 0 0 0 0 0 0 0 0 0 0 0 0 0 0 0 0 0 0 0 0 0]
[3286977571016664629007044495600552230377388389753138581494252394281166524874103047734654567359932375580965242752737673062540738995360284046918914428758657025523492629911792910726596839231230127467859673248583738816748465630272855936076147616879415466052876786873100059772686196651156787709568313976967465555932440785214715923838 0 0 0 0 0 0 0 0 0 0 0 0 0 0 0 0 0 0 0 0 0 0 0 0 0 0 0 0 0 0 0 0 0 0 0 0 0 0 0 0 0 0 0 0 0 0 0 0 0 0 0 0 0 0 0 0 0 0 0 0 0 0 0 0 0 1 0 0 0 0 0 0 0 0 0 0 0 0 0 0 0 0 0 0 0 0 0 0 0 0 0 0 0 0 0 0 0 0 0 0 0 0 0 0 0 0 0 0]
[7352632413812406369042150466899998185542356077589227593904621610824233221430250701650702821285946316798290879410068069529370905386861113077778579101774900417139049868192907615584939364387638678299702164663072916347121875894122113501093454517086270259576861519994339837516341034081347544242235980261540544893319819836109112605506 0 0 0 0 0 0 0 0 0 0 0 0 0 0 0 0 0 0 0 0 0 0 0 0 0 0 0 0 0 0 0 0 0 0 0 0 0 0 0 0 0 0 0 0 0 0 0 0 0 0 0 0 0 0 0 0 0 0 0 0 0 0 0 0 0 0 1 0 0 0 0 0 0 0 0 0 0 0 0 0 0 0 0 0 0 0 0 0 0 0 0 0 0 0 0 0 0 0 0 0 0 0 0 0 0 0 0 0]
[4908302860245282617002054009133863047908135690872684591403579398384823998761833534580900535546714061746882240243101202752327798508508784723086161641426472460253832538515976965245653580120532047396660237893905821949755536795805455898449366938832444260410484149713979058807121077846752841671989208321653030665117798935886879919245 0 0 0 0 0 0 0 0 0 0 0 0 0 0 0 0 0 0 0 0 0 0 0 0 0 0 0 0 0 0 0 0 0 0 0 0 0 0 0 0 0 0 0 0 0 0 0 0 0 0 0 0 0 0 0 0 0 0 0 0 0 0 0 0 0 0 0 1 0 0 0 0 0 0 0 0 0 0 0 0 0 0 0 0 0 0 0 0 0 0 0 0 0 0 0 0 0 0 0 0 0 0 0 0 0 0 0 0]
[6684350496132947459461550057905743949929775580216392042166234011614259444897831783477055404618530850522486429319288476917333248600856307140881353853725903176586055303122506545228738390481958353597176738809991636045804055951350170481951848100495757925740228666044617442481230210672896476182652701946845896281543896221352560788026 0 0 0 0 0 0 0 0 0 0 0 0 0 0 0 0 0 0 0 0 0 0 0 0 0 0 0 0 0 0 0 0 0 0 0 0 0 0 0 0 0 0 0 0 0 0 0 0 0 0 0 0 0 0 0 0 0 0 0 0 0 0 0 0 0 0 0 0 1 0 0 0 0 0 0 0 0 0 0 0 0 0 0 0 0 0 0 0 0 0 0 0 0 0 0 0 0 0 0 0 0 0 0 0 0 0 0 0]
[6660915881219074740121250570559091141800383942903444502470515604340512161117279320914967591718329945169746863728590696870051469435579251701461440242007610543541633958075337768604721284426173865446162207214780107938275264397178635131372633511830244656885584168664323034957979216780877436025884172871929243082723777851595377560543 0 0 0 0 0 0 0 0 0 0 0 0 0 0 0 0 0 0 0 0 0 0 0 0 0 0 0 0 0 0 0 0 0 0 0 0 0 0 0 0 0 0 0 0 0 0 0 0 0 0 0 0 0 0 0 0 0 0 0 0 0 0 0 0 0 0 0 0 0 1 0 0 0 0 0 0 0 0 0 0 0 0 0 0 0 0 0 0 0 0 0 0 0 0 0 0 0 0 0 0 0 0 0 0 0 0 0 0]
[3834184894294517671024986705700341841628463588309991617171050313466569572811607481499300269807346371238705439847022438266589117395695116302050011535678827907871138827304126767351225670156418162271938409050131450175062672288389860818116760836859061474610894019449110890770747946529250544508140911718084223637171793504608298167013 0 0 0 0 0 0 0 0 0 0 0 0 0 0 0 0 0 0 0 0 0 0 0 0 0 0 0 0 0 0 0 0 0 0 0 0 0 0 0 0 0 0 0 0 0 0 0 0 0 0 0 0 0 0 0 0 0 0 0 0 0 0 0 0 0 0 0 0 0 0 1 0 0 0 0 0 0 0 0 0 0 0 0 0 0 0 0 0 0 0 0 0 0 0 0 0 0 0 0 0 0 0 0 0 0 0 0 0]
[6753735214047479642202837125229085296678637940900321789007578342723946187660597323994831354334584061839671014136323864939221209367901419371136692461725334206918219276962338781821510380123021723621959391281348169867784845616184868663977907601894665722955742579701531120505003939470231234146541642862504217554839012720187963552108 0 0 0 0 0 0 0 0 0 0 0 0 0 0 0 0 0 0 0 0 0 0 0 0 0 0 0 0 0 0 0 0 0 0 0 0 0 0 0 0 0 0 0 0 0 0 0 0 0 0 0 0 0 0 0 0 0 0 0 0 0 0 0 0 0 0 0 0 0 0 0 1 0 0 0 0 0 0 0 0 0 0 0 0 0 0 0 0 0 0 0 0 0 0 0 0 0 0 0 0 0 0 0 0 0 0 0 0]
[1700325874637808314880745429338060338428298024051886381321072812388576630305409806538726374196599635531118867289659405243951454230092870765344184839523762433893905795911634766294880303210020366339219984678059407714386665066798534538609854583599470673609570887668340920429523203804749423847640601604877251263861390006843401758548 0 0 0 0 0 0 0 0 0 0 0 0 0 0 0 0 0 0 0 0 0 0 0 0 0 0 0 0 0 0 0 0 0 0 0 0 0 0 0 0 0 0 0 0 0 0 0 0 0 0 0 0 0 0 0 0 0 0 0 0 0 0 0 0 0 0 0 0 0 0 0 0 1 0 0 0 0 0 0 0 0 0 0 0 0 0 0 0 0 0 0 0 0 0 0 0 0 0 0 0 0 0 0 0 0 0 0 0]
[5739511146694314347862393818941132428108068343813858818358739577460486514328114871941783999970285964052458446010590704446926127330679651766639692954309652647040671188329023398570335273172571996993243390776123287986152922856221664973148344077340794788640598485516299042667952638191505855005702856954062377644974969763321711168245 0 0 0 0 0 0 0 0 0 0 0 0 0 0 0 0 0 0 0 0 0 0 0 0 0 0 0 0 0 0 0 0 0 0 0 0 0 0 0 0 0 0 0 0 0 0 0 0 0 0 0 0 0 0 0 0 0 0 0 0 0 0 0 0 0 0 0 0 0 0 0 0 0 1 0 0 0 0 0 0 0 0 0 0 0 0 0 0 0 0 0 0 0 0 0 0 0 0 0 0 0 0 0 0 0 0 0 0]
[7296465876852998378591300822227195940841772896679588965358515179292082861109306854116877673993835230789519370587586515886941026346353774614146194690243557908371386957162310968275242918396386893221379538004455481054924273173333100229160327618336538046355307030316664142386305628101103138811343008481872887353949869285540076294132 0 0 0 0 0 0 0 0 0 0 0 0 0 0 0 0 0 0 0 0 0 0 0 0 0 0 0 0 0 0 0 0 0 0 0 0 0 0 0 0 0 0 0 0 0 0 0 0 0 0 0 0 0 0 0 0 0 0 0 0 0 0 0 0 0 0 0 0 0 0 0 0 0 0 1 0 0 0 0 0 0 0 0 0 0 0 0 0 0 0 0 0 0 0 0 0 0 0 0 0 0 0 0 0 0 0 0 0]
[5067029513118772806774831983060728291007200866540513519553889330791147664558573280765059852999834679703965945109692883710893277318610001831112327045550284328557685415952367611519792233625423379213181223325486027168000866664306864823760175526231477807873264534690061720482581568705411407611791031040796054436621420949033179921748 0 0 0 0 0 0 0 0 0 0 0 0 0 0 0 0 0 0 0 0 0 0 0 0 0 0 0 0 0 0 0 0 0 0 0 0 0 0 0 0 0 0 0 0 0 0 0 0 0 0 0 0 0 0 0 0 0 0 0 0 0 0 0 0 0 0 0 0 0 0 0 0 0 0 0 1 0 0 0 0 0 0 0 0 0 0 0 0 0 0 0 0 0 0 0 0 0 0 0 0 0 0 0 0 0 0 0 0]
[2679376370431633354427719957803892246902047997716049339054343983940973533640850083979138004504761999020776275428161555876962357787613702991532654129903881121040891252493244888216245597734628802630971804281945602536771536683655452314652670140083821025915725075081912208477462990104507335981322058726021185502713454777720381121363 0 0 0 0 0 0 0 0 0 0 0 0 0 0 0 0 0 0 0 0 0 0 0 0 0 0 0 0 0 0 0 0 0 0 0 0 0 0 0 0 0 0 0 0 0 0 0 0 0 0 0 0 0 0 0 0 0 0 0 0 0 0 0 0 0 0 0 0 0 0 0 0 0 0 0 0 1 0 0 0 0 0 0 0 0 0 0 0 0 0 0 0 0 0 0 0 0 0 0 0 0 0 0 0 0 0 0 0]
[5270116544326849904303670930876501396661303314636880286300134239298758952721475234178072571603698166427151099548918492042804494016641082612031020552077700272076093059611869283126010913157315857219107776578701242873078837723030026936451132206839839088159583030198011371076374652244850659127171914020284322074262763199616655243396 0 0 0 0 0 0 0 0 0 0 0 0 0 0 0 0 0 0 0 0 0 0 0 0 0 0 0 0 0 0 0 0 0 0 0 0 0 0 0 0 0 0 0 0 0 0 0 0 0 0 0 0 0 0 0 0 0 0 0 0 0 0 0 0 0 0 0 0 0 0 0 0 0 0 0 0 0 1 0 0 0 0 0 0 0 0 0 0 0 0 0 0 0 0 0 0 0 0 0 0 0 0 0 0 0 0 0 0]
[3383476045191744740449684072193896087769480054668010712697984497068626961188628638160257175052920995426268552474509734127273579455021411643018732706893285378832142420776405302097634576913590809835308924077247924219927017373529237145042488876117158298521600736563627623496621205528747160198502663518380500632180986337035519855371 0 0 0 0 0 0 0 0 0 0 0 0 0 0 0 0 0 0 0 0 0 0 0 0 0 0 0 0 0 0 0 0 0 0 0 0 0 0 0 0 0 0 0 0 0 0 0 0 0 0 0 0 0 0 0 0 0 0 0 0 0 0 0 0 0 0 0 0 0 0 0 0 0 0 0 0 0 0 1 0 0 0 0 0 0 0 0 0 0 0 0 0 0 0 0 0 0 0 0 0 0 0 0 0 0 0 0 0]
[1379843283324074153909350190624887480788533823505421631516246493580514650675235881480878127541367616035556623169477159944380364892053328558905650028668549780133326058653829351182530686737052932819428579997599571603713125092586885978979298145679740108150131125364332385474802634489643649632990289783362684718627250604448502720909 0 0 0 0 0 0 0 0 0 0 0 0 0 0 0 0 0 0 0 0 0 0 0 0 0 0 0 0 0 0 0 0 0 0 0 0 0 0 0 0 0 0 0 0 0 0 0 0 0 0 0 0 0 0 0 0 0 0 0 0 0 0 0 0 0 0 0 0 0 0 0 0 0 0 0 0 0 0 0 1 0 0 0 0 0 0 0 0 0 0 0 0 0 0 0 0 0 0 0 0 0 0 0 0 0 0 0 0]
[5385518559095623681363795121970449298447496340253757009622339287673923416962821915536463465117224117134240927430840661724379101506514696718837970445605297521511996271015720506704826361073538137636117883581174625010366142167962068197148096428838127915658612737806555439759952654512084807816384050058305439439926705066583681222738 0 0 0 0 0 0 0 0 0 0 0 0 0 0 0 0 0 0 0 0 0 0 0 0 0 0 0 0 0 0 0 0 0 0 0 0 0 0 0 0 0 0 0 0 0 0 0 0 0 0 0 0 0 0 0 0 0 0 0 0 0 0 0 0 0 0 0 0 0 0 0 0 0 0 0 0 0 0 0 0 1 0 0 0 0 0 0 0 0 0 0 0 0 0 0 0 0 0 0 0 0 0 0 0 0 0 0 0]
[8914276724089057084837215592302863796181421266034342103980907235657369065037323265493999676289980568933978966050695570235282064691700280047470223337748711702807518468773078965824984072543687670159231972970278355988007393770158443575486279837291998095766417969102718047702982357072622769215529866374953451545411192616055122543549 0 0 0 0 0 0 0 0 0 0 0 0 0 0 0 0 0 0 0 0 0 0 0 0 0 0 0 0 0 0 0 0 0 0 0 0 0 0 0 0 0 0 0 0 0 0 0 0 0 0 0 0 0 0 0 0 0 0 0 0 0 0 0 0 0 0 0 0 0 0 0 0 0 0 0 0 0 0 0 0 0 1 0 0 0 0 0 0 0 0 0 0 0 0 0 0 0 0 0 0 0 0 0 0 0 0 0 0]
[6405375402768996408533760838818823551433216627865842964527090812179030027908317420383876684544690994408159515335020555142380255515648409348846911097288438259488188444513276081713386859656397668707455270561647699338696925531632476542477725773579884061115297190876261493496605970741486505084963306436461445454745115256219878171714 0 0 0 0 0 0 0 0 0 0 0 0 0 0 0 0 0 0 0 0 0 0 0 0 0 0 0 0 0 0 0 0 0 0 0 0 0 0 0 0 0 0 0 0 0 0 0 0 0 0 0 0 0 0 0 0 0 0 0 0 0 0 0 0 0 0 0 0 0 0 0 0 0 0 0 0 0 0 0 0 0 0 1 0 0 0 0 0 0 0 0 0 0 0 0 0 0 0 0 0 0 0 0 0 0 0 0 0]
[954622903017406153435980315546775145947350496700896438329488906499829601916049004188104494210718033689912815288377647419082453555487306481231323636659056807881655349367515056209827674256728761146117944441218198077035653204453117508668379589814866490945667029534225419906851587818126147011617095983550295938723543323118349294616 0 0 0 0 0 0 0 0 0 0 0 0 0 0 0 0 0 0 0 0 0 0 0 0 0 0 0 0 0 0 0 0 0 0 0 0 0 0 0 0 0 0 0 0 0 0 0 0 0 0 0 0 0 0 0 0 0 0 0 0 0 0 0 0 0 0 0 0 0 0 0 0 0 0 0 0 0 0 0 0 0 0 0 1 0 0 0 0 0 0 0 0 0 0 0 0 0 0 0 0 0 0 0 0 0 0 0 0]
[4332479986677267093569739912685550201019902394369359992068678926364562996938968397436443836823470023679029494115639666950784025708885639721300249510752801888746638200940884882522785876022356199371431458486945885982146766412910044549118681533644818406999715685515092484081378582565346620323653437910009445617010787959844414781526 0 0 0 0 0 0 0 0 0 0 0 0 0 0 0 0 0 0 0 0 0 0 0 0 0 0 0 0 0 0 0 0 0 0 0 0 0 0 0 0 0 0 0 0 0 0 0 0 0 0 0 0 0 0 0 0 0 0 0 0 0 0 0 0 0 0 0 0 0 0 0 0 0 0 0 0 0 0 0 0 0 0 0 0 1 0 0 0 0 0 0 0 0 0 0 0 0 0 0 0 0 0 0 0 0 0 0 0]
[8014402847509756329930750764438143344549469909916674516128243809578477336247837810222641138485889250186701282736239661153910930043144439473367946155963436502471123349369206028504578886800728876189793147611963172067380500931190437047082714983923566944646257986312650735007176135574011511368738685608207054094209409883600945276688 0 0 0 0 0 0 0 0 0 0 0 0 0 0 0 0 0 0 0 0 0 0 0 0 0 0 0 0 0 0 0 0 0 0 0 0 0 0 0 0 0 0 0 0 0 0 0 0 0 0 0 0 0 0 0 0 0 0 0 0 0 0 0 0 0 0 0 0 0 0 0 0 0 0 0 0 0 0 0 0 0 0 0 0 0 1 0 0 0 0 0 0 0 0 0 0 0 0 0 0 0 0 0 0 0 0 0 0]
[561988356832176381567218230172955151680049360727339246310320008434207796127938849306321261415429314471042179027178076819052643768715329528584806353109695372090351256395214440616323865921919667547246979176416436065052219589691002780707193090593806109619697464498037434331542425906147678923598443733599708470190486197977836411699 0 0 0 0 0 0 0 0 0 0 0 0 0 0 0 0 0 0 0 0 0 0 0 0 0 0 0 0 0 0 0 0 0 0 0 0 0 0 0 0 0 0 0 0 0 0 0 0 0 0 0 0 0 0 0 0 0 0 0 0 0 0 0 0 0 0 0 0 0 0 0 0 0 0 0 0 0 0 0 0 0 0 0 0 0 0 1 0 0 0 0 0 0 0 0 0 0 0 0 0 0 0 0 0 0 0 0 0]
[8241713207479926779619142640670330655232007816635729821804008487871876828070790214706124722729152479139547557816111523536870522346080825912290775098448643157853095089775698643860227169467464470611218602348473076520395298966824383775357280987348259001074876864528868911925559412175458310100879546876891045386632987922705071792410 0 0 0 0 0 0 0 0 0 0 0 0 0 0 0 0 0 0 0 0 0 0 0 0 0 0 0 0 0 0 0 0 0 0 0 0 0 0 0 0 0 0 0 0 0 0 0 0 0 0 0 0 0 0 0 0 0 0 0 0 0 0 0 0 0 0 0 0 0 0 0 0 0 0 0 0 0 0 0 0 0 0 0 0 0 0 0 1 0 0 0 0 0 0 0 0 0 0 0 0 0 0 0 0 0 0 0 0]
[8878381563169826086409142126463994536942062739722633365309328562848711958170169349454741451034669329622167585632860690847960571407791716246615036268672394197619648868705578408335698932237329449312550855234659190813230150203239976528676076338355074444270265686408321003929465274743791061892790278969605294468823602662674766062216 0 0 0 0 0 0 0 0 0 0 0 0 0 0 0 0 0 0 0 0 0 0 0 0 0 0 0 0 0 0 0 0 0 0 0 0 0 0 0 0 0 0 0 0 0 0 0 0 0 0 0 0 0 0 0 0 0 0 0 0 0 0 0 0 0 0 0 0 0 0 0 0 0 0 0 0 0 0 0 0 0 0 0 0 0 0 0 0 1 0 0 0 0 0 0 0 0 0 0 0 0 0 0 0 0 0 0 0]
[37318230597083694075819800913259196533873561756902520711996577211097170213488428606356578232960037291653942390802373129263950680247524386017865948563744105009683563178178790435062912193851669839637240935435790915049158318183326958849333654909171639534805135860346632161748850286647292105814424653822400029925998208783559328627 0 0 0 0 0 0 0 0 0 0 0 0 0 0 0 0 0 0 0 0 0 0 0 0 0 0 0 0 0 0 0 0 0 0 0 0 0 0 0 0 0 0 0 0 0 0 0 0 0 0 0 0 0 0 0 0 0 0 0 0 0 0 0 0 0 0 0 0 0 0 0 0 0 0 0 0 0 0 0 0 0 0 0 0 0 0 0 0 0 1 0 0 0 0 0 0 0 0 0 0 0 0 0 0 0 0 0 0]
[2705906952568241983302565607613518697399532546997992199685368829148408574642830573567572736299445641466268065289919213831671434154583303588336318651354886513238507579236618869312944798029372967832093384307061621037837219823845220684891390734762900939152175451250753764638625718213610736878411162874696711092656806049707846880449 0 0 0 0 0 0 0 0 0 0 0 0 0 0 0 0 0 0 0 0 0 0 0 0 0 0 0 0 0 0 0 0 0 0 0 0 0 0 0 0 0 0 0 0 0 0 0 0 0 0 0 0 0 0 0 0 0 0 0 0 0 0 0 0 0 0 0 0 0 0 0 0 0 0 0 0 0 0 0 0 0 0 0 0 0 0 0 0 0 0 1 0 0 0 0 0 0 0 0 0 0 0 0 0 0 0 0 0]
[6870070024727249259970081266856610510303874245582457232231748826273933427590200755637025798951439188771611956712126622557057191632760505588333512413200344191055317142502159827389070118686049567549969412478696932798873656495829137254587323955709827257613233296393603694657051936804378874015053204841968611885789738590395368828742 0 0 0 0 0 0 0 0 0 0 0 0 0 0 0 0 0 0 0 0 0 0 0 0 0 0 0 0 0 0 0 0 0 0 0 0 0 0 0 0 0 0 0 0 0 0 0 0 0 0 0 0 0 0 0 0 0 0 0 0 0 0 0 0 0 0 0 0 0 0 0 0 0 0 0 0 0 0 0 0 0 0 0 0 0 0 0 0 0 0 0 1 0 0 0 0 0 0 0 0 0 0 0 0 0 0 0 0]
[5893990600515409798691848657368816395248285212185444750011631955576742045680323478220524323910025064674391882872770265703932406716969697545849229915869156465657929561814238670814256898687309844035012588676877816904717951609975198921340522067606486222496748021206908795336981928132914937574501730084968531454422924588691815426313 0 0 0 0 0 0 0 0 0 0 0 0 0 0 0 0 0 0 0 0 0 0 0 0 0 0 0 0 0 0 0 0 0 0 0 0 0 0 0 0 0 0 0 0 0 0 0 0 0 0 0 0 0 0 0 0 0 0 0 0 0 0 0 0 0 0 0 0 0 0 0 0 0 0 0 0 0 0 0 0 0 0 0 0 0 0 0 0 0 0 0 0 1 0 0 0 0 0 0 0 0 0 0 0 0 0 0 0]
[5211601326329552782703848266150204010915530064982425786576779735947864209399668808305421184131565347623319884013818228556433030207257185367331930679389500438877888715295609238852939961193241954074419355645364834371671784785762599558836136898502637538536928736791735414849491142966375404192488430852584840992947874035274573647913 0 0 0 0 0 0 0 0 0 0 0 0 0 0 0 0 0 0 0 0 0 0 0 0 0 0 0 0 0 0 0 0 0 0 0 0 0 0 0 0 0 0 0 0 0 0 0 0 0 0 0 0 0 0 0 0 0 0 0 0 0 0 0 0 0 0 0 0 0 0 0 0 0 0 0 0 0 0 0 0 0 0 0 0 0 0 0 0 0 0 0 0 0 1 0 0 0 0 0 0 0 0 0 0 0 0 0 0]
[7280929832151834724999159090746394769075414047732201447329329169901147508655697234648186987309846301979275523478383836253262332161374549193245630731497496233517127774930958050011548032039022768025553781232633008461179673366435677163706083426809177276658667212665798408066418721815999310226440801718564112445533856317354151932314 0 0 0 0 0 0 0 0 0 0 0 0 0 0 0 0 0 0 0 0 0 0 0 0 0 0 0 0 0 0 0 0 0 0 0 0 0 0 0 0 0 0 0 0 0 0 0 0 0 0 0 0 0 0 0 0 0 0 0 0 0 0 0 0 0 0 0 0 0 0 0 0 0 0 0 0 0 0 0 0 0 0 0 0 0 0 0 0 0 0 0 0 0 0 1 0 0 0 0 0 0 0 0 0 0 0 0 0]
[6458062412604395904989180942974446218998034726211453159078351576201340368326618350874860147208041287442774279605334979577947358937303806307974219456542503665319136633015028207755035890319617025907622211428126542807726367636871054403800710603266970915869569698249187655347502293531503111637910021235329732791766561589528976103105 0 0 0 0 0 0 0 0 0 0 0 0 0 0 0 0 0 0 0 0 0 0 0 0 0 0 0 0 0 0 0 0 0 0 0 0 0 0 0 0 0 0 0 0 0 0 0 0 0 0 0 0 0 0 0 0 0 0 0 0 0 0 0 0 0 0 0 0 0 0 0 0 0 0 0 0 0 0 0 0 0 0 0 0 0 0 0 0 0 0 0 0 0 0 0 1 0 0 0 0 0 0 0 0 0 0 0 0]
[6455928981614970136912292125668247675528180106464183895389805038396895266043648243092298009477979966107157788216177687147241319061287485379775759923710199914333037923979500111337672165516624879338948697595599261609914948354793995865146697561774983042797717761918430529816207638498443612094469144496709199300312602167255132924403 0 0 0 0 0 0 0 0 0 0 0 0 0 0 0 0 0 0 0 0 0 0 0 0 0 0 0 0 0 0 0 0 0 0 0 0 0 0 0 0 0 0 0 0 0 0 0 0 0 0 0 0 0 0 0 0 0 0 0 0 0 0 0 0 0 0 0 0 0 0 0 0 0 0 0 0 0 0 0 0 0 0 0 0 0 0 0 0 0 0 0 0 0 0 0 0 1 0 0 0 0 0 0 0 0 0 0 0]
[2699819309118296557073431605002934549451792898912650668799549137185702844801802158662446322368448263945260721447926344625065042647015329510823963368556542735964726170660787559808715155144473909899867890270766347995652027762178484722033894288719197026932314760397627879288984868277705937470864530280623002283072070435347019268452 0 0 0 0 0 0 0 0 0 0 0 0 0 0 0 0 0 0 0 0 0 0 0 0 0 0 0 0 0 0 0 0 0 0 0 0 0 0 0 0 0 0 0 0 0 0 0 0 0 0 0 0 0 0 0 0 0 0 0 0 0 0 0 0 0 0 0 0 0 0 0 0 0 0 0 0 0 0 0 0 0 0 0 0 0 0 0 0 0 0 0 0 0 0 0 0 0 1 0 0 0 0 0 0 0 0 0 0]
[4978942221280051809867972531949709952721020167179317861300983639082309809232914516107935075444540749911368683925511461764789811303008268502339605783294446179920060822644690549244343547751575256312022201685942295614742079385312900367765780797269100031577861817609917213943273494323692156917192872757491176314926587479844143000601 0 0 0 0 0 0 0 0 0 0 0 0 0 0 0 0 0 0 0 0 0 0 0 0 0 0 0 0 0 0 0 0 0 0 0 0 0 0 0 0 0 0 0 0 0 0 0 0 0 0 0 0 0 0 0 0 0 0 0 0 0 0 0 0 0 0 0 0 0 0 0 0 0 0 0 0 0 0 0 0 0 0 0 0 0 0 0 0 0 0 0 0 0 0 0 0 0 0 1 0 0 0 0 0 0 0 0 0]
[4725894902871803231408346717113515485981503294021785842473108059524407312421236518261084167096403764550003615408454138276073139868382268349219693483577409136487898163240583096025544774499754222785379871650919848278125145816981508900695578632249679699151083086128632642361160840567113171365261551898129508166802917217667610121371 0 0 0 0 0 0 0 0 0 0 0 0 0 0 0 0 0 0 0 0 0 0 0 0 0 0 0 0 0 0 0 0 0 0 0 0 0 0 0 0 0 0 0 0 0 0 0 0 0 0 0 0 0 0 0 0 0 0 0 0 0 0 0 0 0 0 0 0 0 0 0 0 0 0 0 0 0 0 0 0 0 0 0 0 0 0 0 0 0 0 0 0 0 0 0 0 0 0 0 1 0 0 0 0 0 0 0 0]
[1145789746419951350084430534043048492755825993218800272093869041655992078953385522090966785318663514272545115253174227595166069083430196831546894044656314748762241272552366955506111419812676113294650138588686342689644561793948465289214091390499999712007194338316429957365549982278218200615167285992898081774613132673498303817667 0 0 0 0 0 0 0 0 0 0 0 0 0 0 0 0 0 0 0 0 0 0 0 0 0 0 0 0 0 0 0 0 0 0 0 0 0 0 0 0 0 0 0 0 0 0 0 0 0 0 0 0 0 0 0 0 0 0 0 0 0 0 0 0 0 0 0 0 0 0 0 0 0 0 0 0 0 0 0 0 0 0 0 0 0 0 0 0 0 0 0 0 0 0 0 0 0 0 0 0 1 0 0 0 0 0 0 0]
[5360576913126415969703995753750981632623783719964064450205416691328446005882283393108246949751148421513372830199345762277436812554973790141570572437264985982116304885752577904156862127645773211423042530333184017205633250518208392515985356621099534646811506317014913965380708925362001961198305812826133477664071069726403862973512 0 0 0 0 0 0 0 0 0 0 0 0 0 0 0 0 0 0 0 0 0 0 0 0 0 0 0 0 0 0 0 0 0 0 0 0 0 0 0 0 0 0 0 0 0 0 0 0 0 0 0 0 0 0 0 0 0 0 0 0 0 0 0 0 0 0 0 0 0 0 0 0 0 0 0 0 0 0 0 0 0 0 0 0 0 0 0 0 0 0 0 0 0 0 0 0 0 0 0 0 0 1 0 0 0 0 0 0]
[3284793117530695540806282373361810256651603374199748043370031005794260163575463232589888153983512463010153627835710682763872377406116587713240420773315179652226692090208593550627395378197897593931036890349670044909957450234284212578973389420558383514361987077317391985366427891275714673478330051189421972708008156713260316771790 0 0 0 0 0 0 0 0 0 0 0 0 0 0 0 0 0 0 0 0 0 0 0 0 0 0 0 0 0 0 0 0 0 0 0 0 0 0 0 0 0 0 0 0 0 0 0 0 0 0 0 0 0 0 0 0 0 0 0 0 0 0 0 0 0 0 0 0 0 0 0 0 0 0 0 0 0 0 0 0 0 0 0 0 0 0 0 0 0 0 0 0 0 0 0 0 0 0 0 0 0 0 1 0 0 0 0 0]
[7713497147771431483511100886240256837694244394329465217545718810318975259020733795528199582390364582123444805476523795555023860024992014713442287930436660668218487699136068087534037960326485509503500117862094162615537313345934362226889267515808989761696500026146212139332642893078006931493025189269754213751884805943634488350604 0 0 0 0 0 0 0 0 0 0 0 0 0 0 0 0 0 0 0 0 0 0 0 0 0 0 0 0 0 0 0 0 0 0 0 0 0 0 0 0 0 0 0 0 0 0 0 0 0 0 0 0 0 0 0 0 0 0 0 0 0 0 0 0 0 0 0 0 0 0 0 0 0 0 0 0 0 0 0 0 0 0 0 0 0 0 0 0 0 0 0 0 0 0 0 0 0 0 0 0 0 0 0 1 0 0 0 0]
[7577567221883545249131022047936534447721553324088373282829520335211885284787984798511350774899088871903858567710354332875275012889231849287141937230681304321023394029868291644148979178002631975993783387833030313564527564176339958162926730884240672243703305823992235808529069174018577507347362135838362301397219459400590200948634 0 0 0 0 0 0 0 0 0 0 0 0 0 0 0 0 0 0 0 0 0 0 0 0 0 0 0 0 0 0 0 0 0 0 0 0 0 0 0 0 0 0 0 0 0 0 0 0 0 0 0 0 0 0 0 0 0 0 0 0 0 0 0 0 0 0 0 0 0 0 0 0 0 0 0 0 0 0 0 0 0 0 0 0 0 0 0 0 0 0 0 0 0 0 0 0 0 0 0 0 0 0 0 0 1 0 0 0]
[2157197116330722504748912518525531040544220212261700326831301539947171347853139345326483697489754774262554465624462506499390514192267707007259031713329962865586421544624167087743642966065310593892978396117697528875292646080238106005527145014918297811249526971863251178497873547482883081666390081020229503690771972892628719312286 0 0 0 0 0 0 0 0 0 0 0 0 0 0 0 0 0 0 0 0 0 0 0 0 0 0 0 0 0 0 0 0 0 0 0 0 0 0 0 0 0 0 0 0 0 0 0 0 0 0 0 0 0 0 0 0 0 0 0 0 0 0 0 0 0 0 0 0 0 0 0 0 0 0 0 0 0 0 0 0 0 0 0 0 0 0 0 0 0 0 0 0 0 0 0 0 0 0 0 0 0 0 0 0 0 1 0 0]
[2345165752416779261024264213736341485111049929521951466538694996314753536424611830296399034599660323359797547265328443400419578681908977735185895869740498134318936779024299852161513407353223977494261542228947310921582251205049557178783772870553423892830050188812001900421997365872076245855017201524616729756659338779577608390072 0 0 0 0 0 0 0 0 0 0 0 0 0 0 0 0 0 0 0 0 0 0 0 0 0 0 0 0 0 0 0 0 0 0 0 0 0 0 0 0 0 0 0 0 0 0 0 0 0 0 0 0 0 0 0 0 0 0 0 0 0 0 0 0 0 0 0 0 0 0 0 0 0 0 0 0 0 0 0 0 0 0 0 0 0 0 0 0 0 0 0 0 0 0 0 0 0 0 0 0 0 0 0 0 0 0 1 0]
[9173472325188197805614033653328907152478409464572370147257732962088101500014156036684377374543084958153090391955838127750763453882659244478782207826022467747384291144269943970999986057281711152494376615703306843408362533727988380832011489405407544876074676000305535342644548534667956994210198389925087064006453211551524266538513 0 0 0 0 0 0 0 0 0 0 0 0 0 0 0 0 0 0 0 0 0 0 0 0 0 0 0 0 0 0 0 0 0 0 0 0 0 0 0 0 0 0 0 0 0 0 0 0 0 0 0 0 0 0 0 0 0 0 0 0 0 0 0 0 0 0 0 0 0 0 0 0 0 0 0 0 0 0 0 0 0 0 0 0 0 0 0 0 0 0 0 0 0 0 0 0 0 0 0 0 0 0 0 0 0 0 0 1]
]
