[[7665697850210316483300261336893531715202793353920465102864488840885344106867312871409330848598999039645641761039844793876458652085388349162478029513680056600810646970268103921622587510995229459345396924275074586478846494053633905763475110140033698396623607897944813 0 0 0 0 0 0 0 0 0 0 0 0 0 0 0 0 0 0 0 0 0 0 0 0 0 0 0 0 0 0 0 0 0 0 0 0 0 0 0 0 0 0 0 0 0 0 0 0 0 0 0 0 0 0 0 0 0 0 0 0 0 0 0 0 0 0 0 0 0 0 0 0 0 0 0 0 0 0 0 0 0 0 0 0 0 0 0]
[4275759722121525266618307598904408627917861907331653748814186343517021673226424750287835701898273289210637528779911772815607972436792829818729008063602822535192286876080743293255306823046786353109583108290018490739240144634183666876495966808859088005986637973091502 1 0 0 0 0 0 0 0 0 0 0 0 0 0 0 0 0 0 0 0 0 0 0 0 0 0 0 0 0 0 0 0 0 0 0 0 0 0 0 0 0 0 0 0 0 0 0 0 0 0 0 0 0 0 0 0 0 0 0 0 0 0 0 0 0 0 0 0 0 0 0 0 0 0 0 0 0 0 0 0 0 0 0 0 0 0 0]
[5044646484688888582385878497563472213352981740411236360344811410472023539252389697831482264856357029733045533893991150133632513025414001691184707360350676910816894067902372176606430185035608086847681185945031506660244021714950596013861846948009642227157184567277948 0 1 0 0 0 0 0 0 0 0 0 0 0 0 0 0 0 0 0 0 0 0 0 0 0 0 0 0 0 0 0 0 0 0 0 0 0 0 0 0 0 0 0 0 0 0 0 0 0 0 0 0 0 0 0 0 0 0 0 0 0 0 0 0 0 0 0 0 0 0 0 0 0 0 0 0 0 0 0 0 0 0 0 0 0 0 0]
[4590680310162437051572906548163895586954142110631113246636570068542766650488263722998971395601432546085887816558848244545105008038247654237633779995558531870453067152585225618714901171578986805523902590620274033166006628895181359778658898511303676271743779567778333 0 0 1 0 0 0 0 0 0 0 0 0 0 0 0 0 0 0 0 0 0 0 0 0 0 0 0 0 0 0 0 0 0 0 0 0 0 0 0 0 0 0 0 0 0 0 0 0 0 0 0 0 0 0 0 0 0 0 0 0 0 0 0 0 0 0 0 0 0 0 0 0 0 0 0 0 0 0 0 0 0 0 0 0 0 0 0]
[3528429621604170179731912435081923158164158470969622867691076561571847090963640995951360310281662864758481522234112192205404232852761049870364411074280402099449450802430249709687328075262037617412940293531365467769615655410016900150823888312165718188258427086836279 0 0 0 1 0 0 0 0 0 0 0 0 0 0 0 0 0 0 0 0 0 0 0 0 0 0 0 0 0 0 0 0 0 0 0 0 0 0 0 0 0 0 0 0 0 0 0 0 0 0 0 0 0 0 0 0 0 0 0 0 0 0 0 0 0 0 0 0 0 0 0 0 0 0 0 0 0 0 0 0 0 0 0 0 0 0 0]
[6088859024935923694202581318020914594977045289671188578559888473082077639425806687766783303978463456723192097482125697060776553660913397533672115045557684412962467021233182561979795507119766378636400196067313435794814770278819741719203360387040137137657177922255045 0 0 0 0 1 0 0 0 0 0 0 0 0 0 0 0 0 0 0 0 0 0 0 0 0 0 0 0 0 0 0 0 0 0 0 0 0 0 0 0 0 0 0 0 0 0 0 0 0 0 0 0 0 0 0 0 0 0 0 0 0 0 0 0 0 0 0 0 0 0 0 0 0 0 0 0 0 0 0 0 0 0 0 0 0 0 0]
[2152279238447836098807742417043574342006004605857777410861066443865112063983229114242983653996988849778264813727851192968920214668029346228611144696375665919021415147314784011286974941967489784740182439271250978412729636243049653710488369570902534043337881329949256 0 0 0 0 0 1 0 0 0 0 0 0 0 0 0 0 0 0 0 0 0 0 0 0 0 0 0 0 0 0 0 0 0 0 0 0 0 0 0 0 0 0 0 0 0 0 0 0 0 0 0 0 0 0 0 0 0 0 0 0 0 0 0 0 0 0 0 0 0 0 0 0 0 0 0 0 0 0 0 0 0 0 0 0 0 0 0]
[5458732174412193149586094431545223098467996921058146005211890333835511306043934557958379521443489533467099691318411696740315195493042016745052783263456934304995598935823623042603051289023494071352542270094466982327844799918693202803595329806957379410555196909295673 0 0 0 0 0 0 1 0 0 0 0 0 0 0 0 0 0 0 0 0 0 0 0 0 0 0 0 0 0 0 0 0 0 0 0 0 0 0 0 0 0 0 0 0 0 0 0 0 0 0 0 0 0 0 0 0 0 0 0 0 0 0 0 0 0 0 0 0 0 0 0 0 0 0 0 0 0 0 0 0 0 0 0 0 0 0 0]
[5372079964407390429236224391263114827630225748185283234375547828461453193175839783188838419674358030839845522264423694057568848037277372022032156846322609270619020203212904715247900382832918090381073515541834953873258107658198814076836150329995731464121499181939193 0 0 0 0 0 0 0 1 0 0 0 0 0 0 0 0 0 0 0 0 0 0 0 0 0 0 0 0 0 0 0 0 0 0 0 0 0 0 0 0 0 0 0 0 0 0 0 0 0 0 0 0 0 0 0 0 0 0 0 0 0 0 0 0 0 0 0 0 0 0 0 0 0 0 0 0 0 0 0 0 0 0 0 0 0 0 0]
[2766813945317079779062047047108332893458351765235631795185263676963812102127957519447107529789591865708539755341107547938901705539592784245545513379886374736960141165757452381723394744130960933265017377586899743009825751413410404949974849952784802386380193109656773 0 0 0 0 0 0 0 0 1 0 0 0 0 0 0 0 0 0 0 0 0 0 0 0 0 0 0 0 0 0 0 0 0 0 0 0 0 0 0 0 0 0 0 0 0 0 0 0 0 0 0 0 0 0 0 0 0 0 0 0 0 0 0 0 0 0 0 0 0 0 0 0 0 0 0 0 0 0 0 0 0 0 0 0 0 0 0]
[2850924088636184300099531709802119819704775318498157922594029858512120575018897171036412575165060369760570384157069504548239578649098041947380296122947217160461996337339431432593855374402930503956755152734156088192966119145896332305286530812228450965671299184667159 0 0 0 0 0 0 0 0 0 1 0 0 0 0 0 0 0 0 0 0 0 0 0 0 0 0 0 0 0 0 0 0 0 0 0 0 0 0 0 0 0 0 0 0 0 0 0 0 0 0 0 0 0 0 0 0 0 0 0 0 0 0 0 0 0 0 0 0 0 0 0 0 0 0 0 0 0 0 0 0 0 0 0 0 0 0 0]
[4017288697724200440820897507814720997684708340693180500278834167467258410395603242132643559294426631406574092910935355534125647306807551802829396756928476194183785156833844672022754862181946460035095557222516626822899844812871411357349171771950679989716065589794293 0 0 0 0 0 0 0 0 0 0 1 0 0 0 0 0 0 0 0 0 0 0 0 0 0 0 0 0 0 0 0 0 0 0 0 0 0 0 0 0 0 0 0 0 0 0 0 0 0 0 0 0 0 0 0 0 0 0 0 0 0 0 0 0 0 0 0 0 0 0 0 0 0 0 0 0 0 0 0 0 0 0 0 0 0 0 0]
[2902880027342254891706066652975805712576340872953845356355584941503294406634799637297548904235480900763864720351517668688053562188531919237843537677713456638296176203280390187357177834222001148128770470983510576602504884276983648895071058597877994323076293370914870 0 0 0 0 0 0 0 0 0 0 0 1 0 0 0 0 0 0 0 0 0 0 0 0 0 0 0 0 0 0 0 0 0 0 0 0 0 0 0 0 0 0 0 0 0 0 0 0 0 0 0 0 0 0 0 0 0 0 0 0 0 0 0 0 0 0 0 0 0 0 0 0 0 0 0 0 0 0 0 0 0 0 0 0 0 0 0]
[4931678823083851207465521192570481621901662469613487206419649223590273381910103174936203224019935607181155702959081539051374562838222059940941793910826528945716921001231803790845859518961768069360264231937450651064677130163726330542466255234373945094630505019375294 0 0 0 0 0 0 0 0 0 0 0 0 1 0 0 0 0 0 0 0 0 0 0 0 0 0 0 0 0 0 0 0 0 0 0 0 0 0 0 0 0 0 0 0 0 0 0 0 0 0 0 0 0 0 0 0 0 0 0 0 0 0 0 0 0 0 0 0 0 0 0 0 0 0 0 0 0 0 0 0 0 0 0 0 0 0 0]
[5112169788924882114897531902659914656734298528006337562444939987569810057386918290613683982525050174802099172359337185888129791730169499543272351379133874491500817647330286778367487547233708249484689685347927885120639928860329529321169006325996596252726932176284831 0 0 0 0 0 0 0 0 0 0 0 0 0 1 0 0 0 0 0 0 0 0 0 0 0 0 0 0 0 0 0 0 0 0 0 0 0 0 0 0 0 0 0 0 0 0 0 0 0 0 0 0 0 0 0 0 0 0 0 0 0 0 0 0 0 0 0 0 0 0 0 0 0 0 0 0 0 0 0 0 0 0 0 0 0 0 0]
[3010896749429663792301537108925102817191249570088709527017661576330817065800376451039510026705356577038105325922487447220726840235555242500658416034308724853160803074584865788858527597083441064565290510132614623118343870281770641930625853919188491119404227684731558 0 0 0 0 0 0 0 0 0 0 0 0 0 0 1 0 0 0 0 0 0 0 0 0 0 0 0 0 0 0 0 0 0 0 0 0 0 0 0 0 0 0 0 0 0 0 0 0 0 0 0 0 0 0 0 0 0 0 0 0 0 0 0 0 0 0 0 0 0 0 0 0 0 0 0 0 0 0 0 0 0 0 0 0 0 0 0]
[2852587654303985233043737374658598041718688003078675879213909695713752149863794702913076213665979390696929289883145869325576743422252189037827126911298204595330531155452805105341865245160925325423100463815014579676737622228900492749443431114113618751744797078467150 0 0 0 0 0 0 0 0 0 0 0 0 0 0 0 1 0 0 0 0 0 0 0 0 0 0 0 0 0 0 0 0 0 0 0 0 0 0 0 0 0 0 0 0 0 0 0 0 0 0 0 0 0 0 0 0 0 0 0 0 0 0 0 0 0 0 0 0 0 0 0 0 0 0 0 0 0 0 0 0 0 0 0 0 0 0 0]
[2368635055046806210187304013190768036431605888513179279260458807877149836293715733553256928228245770044178803300449217787663389107520412396281086660983542561248458098761260920752261921219641827595995679381341126269537988119995030538748851075771601294317377548994476 0 0 0 0 0 0 0 0 0 0 0 0 0 0 0 0 1 0 0 0 0 0 0 0 0 0 0 0 0 0 0 0 0 0 0 0 0 0 0 0 0 0 0 0 0 0 0 0 0 0 0 0 0 0 0 0 0 0 0 0 0 0 0 0 0 0 0 0 0 0 0 0 0 0 0 0 0 0 0 0 0 0 0 0 0 0 0]
[2128312122051670614927623505586393859316682612692270395618916094896692113511843932112796014710249015457787825879061260088405332238819242225880022875961401064761817861295238692224469759795490555382926242007040134746784109848240232641817276606630848633613066736349182 0 0 0 0 0 0 0 0 0 0 0 0 0 0 0 0 0 1 0 0 0 0 0 0 0 0 0 0 0 0 0 0 0 0 0 0 0 0 0 0 0 0 0 0 0 0 0 0 0 0 0 0 0 0 0 0 0 0 0 0 0 0 0 0 0 0 0 0 0 0 0 0 0 0 0 0 0 0 0 0 0 0 0 0 0 0 0]
[1916733527627982613290099607572687581477811898102939654375313201027118419809913966898747728669772617234495889365719513324756479740094034760745401138002208395745246686606000719053424423013345844460086557730371397574372632932803458011002259822344284877771037711283427 0 0 0 0 0 0 0 0 0 0 0 0 0 0 0 0 0 0 1 0 0 0 0 0 0 0 0 0 0 0 0 0 0 0 0 0 0 0 0 0 0 0 0 0 0 0 0 0 0 0 0 0 0 0 0 0 0 0 0 0 0 0 0 0 0 0 0 0 0 0 0 0 0 0 0 0 0 0 0 0 0 0 0 0 0 0 0]
[549587079630043513852367798203519999224133041422394638376188073013745351032001355459066813175851322310958822498777680331626639118989894589760852711434686803048427196191834818757259124438141297349417938479338067536917655587114962400977178562280443487480298312970835 0 0 0 0 0 0 0 0 0 0 0 0 0 0 0 0 0 0 0 1 0 0 0 0 0 0 0 0 0 0 0 0 0 0 0 0 0 0 0 0 0 0 0 0 0 0 0 0 0 0 0 0 0 0 0 0 0 0 0 0 0 0 0 0 0 0 0 0 0 0 0 0 0 0 0 0 0 0 0 0 0 0 0 0 0 0 0]
[1157441229263936176278603778757017473571042159132720108573747419074698181572094614440104848878625381837596175626860153368849008701147568568123576672884563087338765892899670445240556140114852499717558019824034518412526231047398231064456506443483636498416857844769825 0 0 0 0 0 0 0 0 0 0 0 0 0 0 0 0 0 0 0 0 1 0 0 0 0 0 0 0 0 0 0 0 0 0 0 0 0 0 0 0 0 0 0 0 0 0 0 0 0 0 0 0 0 0 0 0 0 0 0 0 0 0 0 0 0 0 0 0 0 0 0 0 0 0 0 0 0 0 0 0 0 0 0 0 0 0 0]
[4339660647978468971955435216670384724567832086891858029436867662655701078272940184494677187595217710752999033687283465486058979265463289399211554659350094966093383021733918070443505161028372217769589549027195272167758792670060229524810410366440319795492132580105448 0 0 0 0 0 0 0 0 0 0 0 0 0 0 0 0 0 0 0 0 0 1 0 0 0 0 0 0 0 0 0 0 0 0 0 0 0 0 0 0 0 0 0 0 0 0 0 0 0 0 0 0 0 0 0 0 0 0 0 0 0 0 0 0 0 0 0 0 0 0 0 0 0 0 0 0 0 0 0 0 0 0 0 0 0 0 0]
[3754899741823332191395714053063633851649120735315583536696752935100208161965498728546785922205246379313186937173711421448210345922232799390356703469381267373654190266305521364609985162679465424572740175605908218972796822910992111260648843243014232575000935644196724 0 0 0 0 0 0 0 0 0 0 0 0 0 0 0 0 0 0 0 0 0 0 1 0 0 0 0 0 0 0 0 0 0 0 0 0 0 0 0 0 0 0 0 0 0 0 0 0 0 0 0 0 0 0 0 0 0 0 0 0 0 0 0 0 0 0 0 0 0 0 0 0 0 0 0 0 0 0 0 0 0 0 0 0 0 0 0]
[177751531413902396118310927915311172795063934809606090750462406703005633348668284591504213053356831763039062510040998682664291751296657118750086153112797168215391763923848869130070110829379844188893108689385028298769759234490701212316459795275456844526773939343928 0 0 0 0 0 0 0 0 0 0 0 0 0 0 0 0 0 0 0 0 0 0 0 1 0 0 0 0 0 0 0 0 0 0 0 0 0 0 0 0 0 0 0 0 0 0 0 0 0 0 0 0 0 0 0 0 0 0 0 0 0 0 0 0 0 0 0 0 0 0 0 0 0 0 0 0 0 0 0 0 0 0 0 0 0 0 0]
[3800362750834928735520364770688813980343953066829204294244977587846736572145781454609734027520908003180512035443216641697867744857830766931364606795278625769886985695169615026676818241536982018173036049393236669566190706910617286858015170536015057419216628008476152 0 0 0 0 0 0 0 0 0 0 0 0 0 0 0 0 0 0 0 0 0 0 0 0 1 0 0 0 0 0 0 0 0 0 0 0 0 0 0 0 0 0 0 0 0 0 0 0 0 0 0 0 0 0 0 0 0 0 0 0 0 0 0 0 0 0 0 0 0 0 0 0 0 0 0 0 0 0 0 0 0 0 0 0 0 0 0]
[567300765207541835363174362471678060620539513383334398376649479754591391258694316576756075039437371381962086268913739826662897775001292637874079253979106627479032301961183622033290464444321636267918949879396024016369095265836161399887255247910621279829982395304025 0 0 0 0 0 0 0 0 0 0 0 0 0 0 0 0 0 0 0 0 0 0 0 0 0 1 0 0 0 0 0 0 0 0 0 0 0 0 0 0 0 0 0 0 0 0 0 0 0 0 0 0 0 0 0 0 0 0 0 0 0 0 0 0 0 0 0 0 0 0 0 0 0 0 0 0 0 0 0 0 0 0 0 0 0 0 0]
[7339602939199188203820620010098253437349882657207097655313993795182426736801714782278185922069285284915221628076619962547759778115108586806684255152219914852314817520221534575996587077704897327947731514699342088481010697432103464140151805856353728976391132678616970 0 0 0 0 0 0 0 0 0 0 0 0 0 0 0 0 0 0 0 0 0 0 0 0 0 0 1 0 0 0 0 0 0 0 0 0 0 0 0 0 0 0 0 0 0 0 0 0 0 0 0 0 0 0 0 0 0 0 0 0 0 0 0 0 0 0 0 0 0 0 0 0 0 0 0 0 0 0 0 0 0 0 0 0 0 0 0]
[6801138240147535360415702703237303443857648449610426942317765138563911116643368688894707295943834151916031034481851280240810174896579702608519575967023910423788962347537412261879408431565982108028144473929506063092865126069651889971699956285622295997487573912146476 0 0 0 0 0 0 0 0 0 0 0 0 0 0 0 0 0 0 0 0 0 0 0 0 0 0 0 1 0 0 0 0 0 0 0 0 0 0 0 0 0 0 0 0 0 0 0 0 0 0 0 0 0 0 0 0 0 0 0 0 0 0 0 0 0 0 0 0 0 0 0 0 0 0 0 0 0 0 0 0 0 0 0 0 0 0 0]
[430013447971928047992201594333049862508584647041781682972725059358641429769105707637177572014901967507946850218687743732608333459437875079228824352933795297690790460888453639997320123537356830581286077223575541582653428972082810572119725976786948778818301489707948 0 0 0 0 0 0 0 0 0 0 0 0 0 0 0 0 0 0 0 0 0 0 0 0 0 0 0 0 1 0 0 0 0 0 0 0 0 0 0 0 0 0 0 0 0 0 0 0 0 0 0 0 0 0 0 0 0 0 0 0 0 0 0 0 0 0 0 0 0 0 0 0 0 0 0 0 0 0 0 0 0 0 0 0 0 0 0]
[3335076423823279853847887127259549142953198932064405909805732290568391006923340946944602252983491077571951774380873394021655090321141204854122169441563652352180520604603392997331004304825342277092638748089804457517599952945191516356391230790734374604358100359724417 0 0 0 0 0 0 0 0 0 0 0 0 0 0 0 0 0 0 0 0 0 0 0 0 0 0 0 0 0 1 0 0 0 0 0 0 0 0 0 0 0 0 0 0 0 0 0 0 0 0 0 0 0 0 0 0 0 0 0 0 0 0 0 0 0 0 0 0 0 0 0 0 0 0 0 0 0 0 0 0 0 0 0 0 0 0 0]
[1785277149437903930736645618196373014390583303550807754863857114117325059333930926421206825507092581405344835513701029212637668019453305552705661294232482891109252708022441970296136736567612517284275076995632627638535465957546808740289828213966961323569837116280333 0 0 0 0 0 0 0 0 0 0 0 0 0 0 0 0 0 0 0 0 0 0 0 0 0 0 0 0 0 0 1 0 0 0 0 0 0 0 0 0 0 0 0 0 0 0 0 0 0 0 0 0 0 0 0 0 0 0 0 0 0 0 0 0 0 0 0 0 0 0 0 0 0 0 0 0 0 0 0 0 0 0 0 0 0 0 0]
[1278949507249721024096570529743068567065916423741927894393531232085105720248836077615761361644245305761384516755397663898626085364614427242216624877470480534371805886744878467700096383996495337104266450164517530719707396091248572595639452739313770914999687611470108 0 0 0 0 0 0 0 0 0 0 0 0 0 0 0 0 0 0 0 0 0 0 0 0 0 0 0 0 0 0 0 1 0 0 0 0 0 0 0 0 0 0 0 0 0 0 0 0 0 0 0 0 0 0 0 0 0 0 0 0 0 0 0 0 0 0 0 0 0 0 0 0 0 0 0 0 0 0 0 0 0 0 0 0 0 0 0]
[4191901659440783794318084416145947239118781575985331683547727035344145067814340166076280506710930920341347241096324247908767064453891000560685487227170470793690228628582123940307948762471357105161383610693184622985623594998475243141615679247223529809928866651788850 0 0 0 0 0 0 0 0 0 0 0 0 0 0 0 0 0 0 0 0 0 0 0 0 0 0 0 0 0 0 0 0 1 0 0 0 0 0 0 0 0 0 0 0 0 0 0 0 0 0 0 0 0 0 0 0 0 0 0 0 0 0 0 0 0 0 0 0 0 0 0 0 0 0 0 0 0 0 0 0 0 0 0 0 0 0 0]
[7604939169613404288863489438340793932210012359393014339002588074226679733338138306422861016449460553555628315410423157500902694660583727229260542936029155597146181407192465107742533223766792249525707829400273964537750110827042883178925383351257923640241267599752347 0 0 0 0 0 0 0 0 0 0 0 0 0 0 0 0 0 0 0 0 0 0 0 0 0 0 0 0 0 0 0 0 0 1 0 0 0 0 0 0 0 0 0 0 0 0 0 0 0 0 0 0 0 0 0 0 0 0 0 0 0 0 0 0 0 0 0 0 0 0 0 0 0 0 0 0 0 0 0 0 0 0 0 0 0 0 0]
[7056256743945117748594258636071831246783121699835980534859820727493056842403665024338320862796140053647272390634505201821741735826342909923532383287191504717642528862367024717741934732109973206057637065319840030122482682496490122921155653455388269976357941804408822 0 0 0 0 0 0 0 0 0 0 0 0 0 0 0 0 0 0 0 0 0 0 0 0 0 0 0 0 0 0 0 0 0 0 1 0 0 0 0 0 0 0 0 0 0 0 0 0 0 0 0 0 0 0 0 0 0 0 0 0 0 0 0 0 0 0 0 0 0 0 0 0 0 0 0 0 0 0 0 0 0 0 0 0 0 0 0]
[494834761232780274138621892834537100178359170586599300219500169557785939233782147134714077285650897313506645836940293740413115405248228369925575121580516501655714828872674769032297800466291919742707461908923721350189614526676219692303459813828991866614014751529226 0 0 0 0 0 0 0 0 0 0 0 0 0 0 0 0 0 0 0 0 0 0 0 0 0 0 0 0 0 0 0 0 0 0 0 1 0 0 0 0 0 0 0 0 0 0 0 0 0 0 0 0 0 0 0 0 0 0 0 0 0 0 0 0 0 0 0 0 0 0 0 0 0 0 0 0 0 0 0 0 0 0 0 0 0 0 0]
[4315005622636371372652925875848443215291195603269463717776931140680966269305756641741721099829378278811073966099271073563843232904985096008530454539839615468819012274209726639883823284720840267593638963781231644566813420875917897483520641357190471801911219779284682 0 0 0 0 0 0 0 0 0 0 0 0 0 0 0 0 0 0 0 0 0 0 0 0 0 0 0 0 0 0 0 0 0 0 0 0 1 0 0 0 0 0 0 0 0 0 0 0 0 0 0 0 0 0 0 0 0 0 0 0 0 0 0 0 0 0 0 0 0 0 0 0 0 0 0 0 0 0 0 0 0 0 0 0 0 0 0]
[2645887998438146978118708259336148200559778709090340881682286033251522155102489919061461702289635234963158334103876553403585355645275422379360154098228074069364159037609843140045629165366101792928230290817250234316847432299947033278356121266575712662504479030006697 0 0 0 0 0 0 0 0 0 0 0 0 0 0 0 0 0 0 0 0 0 0 0 0 0 0 0 0 0 0 0 0 0 0 0 0 0 1 0 0 0 0 0 0 0 0 0 0 0 0 0 0 0 0 0 0 0 0 0 0 0 0 0 0 0 0 0 0 0 0 0 0 0 0 0 0 0 0 0 0 0 0 0 0 0 0 0]
[5796243011713971352020413249205927687820563763957031465074063230107689301577117462306685985592070736920341019468053523676888092427068395073044562032212380168933063181479519707873742340922726557056672669123964160221636166694602083049245784569139472443775786762728160 0 0 0 0 0 0 0 0 0 0 0 0 0 0 0 0 0 0 0 0 0 0 0 0 0 0 0 0 0 0 0 0 0 0 0 0 0 0 1 0 0 0 0 0 0 0 0 0 0 0 0 0 0 0 0 0 0 0 0 0 0 0 0 0 0 0 0 0 0 0 0 0 0 0 0 0 0 0 0 0 0 0 0 0 0 0 0]
[7324851246908651373957922862794556723738112036546104801107777607890013642724104461674240327328390189709029500841324182265541100779405084586199238972572320202861161126804030409955671062645530124934675322731190129581502164319862531156522580207075316224177928791446566 0 0 0 0 0 0 0 0 0 0 0 0 0 0 0 0 0 0 0 0 0 0 0 0 0 0 0 0 0 0 0 0 0 0 0 0 0 0 0 1 0 0 0 0 0 0 0 0 0 0 0 0 0 0 0 0 0 0 0 0 0 0 0 0 0 0 0 0 0 0 0 0 0 0 0 0 0 0 0 0 0 0 0 0 0 0 0]
[3701679974357413508380427930166387748808942227857773940354717553475433234407353138519205914644679230436556508408433772827248205766899844150584474684258162252302323861810685255800957026227417782667535636431435862657318719622237007029964632410276157939205683020026961 0 0 0 0 0 0 0 0 0 0 0 0 0 0 0 0 0 0 0 0 0 0 0 0 0 0 0 0 0 0 0 0 0 0 0 0 0 0 0 0 1 0 0 0 0 0 0 0 0 0 0 0 0 0 0 0 0 0 0 0 0 0 0 0 0 0 0 0 0 0 0 0 0 0 0 0 0 0 0 0 0 0 0 0 0 0 0]
[4121234986549601805898559213603956702573874515586625243607896118015060216036920428357912012231130813946643763372930339782088621956618462608806006922718798389879113313200106644055926194544763919632097560706643136001735695941148110929152112006741056370041854978715186 0 0 0 0 0 0 0 0 0 0 0 0 0 0 0 0 0 0 0 0 0 0 0 0 0 0 0 0 0 0 0 0 0 0 0 0 0 0 0 0 0 1 0 0 0 0 0 0 0 0 0 0 0 0 0 0 0 0 0 0 0 0 0 0 0 0 0 0 0 0 0 0 0 0 0 0 0 0 0 0 0 0 0 0 0 0 0]
[6019065688374385404122748453304996763288306146328307676001288742650874636028296450076017895033406537663841166229645633592239957541411805108004087876796444428911005344985869904713651901969990332363126462339007291732133669518216909206297175354105210843945204856441538 0 0 0 0 0 0 0 0 0 0 0 0 0 0 0 0 0 0 0 0 0 0 0 0 0 0 0 0 0 0 0 0 0 0 0 0 0 0 0 0 0 0 1 0 0 0 0 0 0 0 0 0 0 0 0 0 0 0 0 0 0 0 0 0 0 0 0 0 0 0 0 0 0 0 0 0 0 0 0 0 0 0 0 0 0 0 0]
[3702971930802348796838946912185468227634630817645088287152270928099509669609026062984509193138495975615555047832871593020837195931125036467108071227976433368512351681178873128144110512013193395857751992478716750134838952563659392260855805612202214502237787695052651 0 0 0 0 0 0 0 0 0 0 0 0 0 0 0 0 0 0 0 0 0 0 0 0 0 0 0 0 0 0 0 0 0 0 0 0 0 0 0 0 0 0 0 1 0 0 0 0 0 0 0 0 0 0 0 0 0 0 0 0 0 0 0 0 0 0 0 0 0 0 0 0 0 0 0 0 0 0 0 0 0 0 0 0 0 0 0]
[6958010174796500870182991121254855869189357505477917467448836789367205176834936441517155823710275398079665690877302522876445270917344778091818478906012139405301802129305070135028419217142456662177344333212866209911369939394890429310247407795277671701225959523535694 0 0 0 0 0 0 0 0 0 0 0 0 0 0 0 0 0 0 0 0 0 0 0 0 0 0 0 0 0 0 0 0 0 0 0 0 0 0 0 0 0 0 0 0 1 0 0 0 0 0 0 0 0 0 0 0 0 0 0 0 0 0 0 0 0 0 0 0 0 0 0 0 0 0 0 0 0 0 0 0 0 0 0 0 0 0 0]
[4876862598048630444982233680689272644980409024349982797064559723955921931546348403780988989110341330423490920280321521489939036309083003671341607202736040630762163881516193260303747182593917557347098016030876013067677102363651104388081186473103736712266148473806278 0 0 0 0 0 0 0 0 0 0 0 0 0 0 0 0 0 0 0 0 0 0 0 0 0 0 0 0 0 0 0 0 0 0 0 0 0 0 0 0 0 0 0 0 0 1 0 0 0 0 0 0 0 0 0 0 0 0 0 0 0 0 0 0 0 0 0 0 0 0 0 0 0 0 0 0 0 0 0 0 0 0 0 0 0 0 0]
[327472800143589741450337289484638520457738460616612252472099191571974718521339577707621725527151577322323066245356458998438306801145514734648026242752567534317710608711519230779139730110771940101413753781764715906242789125706212522547556328689795659126674212252010 0 0 0 0 0 0 0 0 0 0 0 0 0 0 0 0 0 0 0 0 0 0 0 0 0 0 0 0 0 0 0 0 0 0 0 0 0 0 0 0 0 0 0 0 0 0 1 0 0 0 0 0 0 0 0 0 0 0 0 0 0 0 0 0 0 0 0 0 0 0 0 0 0 0 0 0 0 0 0 0 0 0 0 0 0 0 0]
[4390741779279346801362617351514406656370930024379356520997584977430406066949185211219813075863017349023454949015960280134871270194121092945600931914543340518040568428468475167630166772086094674305135893430060949227042879564026557577680204098360704025334172237528035 0 0 0 0 0 0 0 0 0 0 0 0 0 0 0 0 0 0 0 0 0 0 0 0 0 0 0 0 0 0 0 0 0 0 0 0 0 0 0 0 0 0 0 0 0 0 0 1 0 0 0 0 0 0 0 0 0 0 0 0 0 0 0 0 0 0 0 0 0 0 0 0 0 0 0 0 0 0 0 0 0 0 0 0 0 0 0]
[1515737904960581586302264132228046083034318948503971001793116956817027894226069029446041829369000848130035820755422329804901737168578240982939108698342667368946162123765893229486343870729260661843086473467405614152221810580502610974948322724044754533734840163598949 0 0 0 0 0 0 0 0 0 0 0 0 0 0 0 0 0 0 0 0 0 0 0 0 0 0 0 0 0 0 0 0 0 0 0 0 0 0 0 0 0 0 0 0 0 0 0 0 1 0 0 0 0 0 0 0 0 0 0 0 0 0 0 0 0 0 0 0 0 0 0 0 0 0 0 0 0 0 0 0 0 0 0 0 0 0 0]
[2396938931232141882308628184483311778829976893664119087365427525078331625216575542664061875298169600741716884970683144242688777311202266180340788255235597522056852015917666892757162639316850158479771363663376857654015583046239359697407488437763231500821195102696838 0 0 0 0 0 0 0 0 0 0 0 0 0 0 0 0 0 0 0 0 0 0 0 0 0 0 0 0 0 0 0 0 0 0 0 0 0 0 0 0 0 0 0 0 0 0 0 0 0 1 0 0 0 0 0 0 0 0 0 0 0 0 0 0 0 0 0 0 0 0 0 0 0 0 0 0 0 0 0 0 0 0 0 0 0 0 0]
[2413304393436424109399936953551293287235675529356166807040188615532847173437098330702876993138318861141123985912777320994195248000308413525935184580434312303035765339808961941007930426628792741760032083043875010687497783888371576635957556870637010747295561217534534 0 0 0 0 0 0 0 0 0 0 0 0 0 0 0 0 0 0 0 0 0 0 0 0 0 0 0 0 0 0 0 0 0 0 0 0 0 0 0 0 0 0 0 0 0 0 0 0 0 0 1 0 0 0 0 0 0 0 0 0 0 0 0 0 0 0 0 0 0 0 0 0 0 0 0 0 0 0 0 0 0 0 0 0 0 0 0]
[577063642955592795530671551797373143088443876328004807118574886998571034462126538273992898153383545173261969168822589268082438710762980210209754875575674456931282653581849114618351150290917948363230290072836643458591544386206390898065805911417344458333794404859902 0 0 0 0 0 0 0 0 0 0 0 0 0 0 0 0 0 0 0 0 0 0 0 0 0 0 0 0 0 0 0 0 0 0 0 0 0 0 0 0 0 0 0 0 0 0 0 0 0 0 0 1 0 0 0 0 0 0 0 0 0 0 0 0 0 0 0 0 0 0 0 0 0 0 0 0 0 0 0 0 0 0 0 0 0 0 0]
[2189488771582704710961727786207432972266750514344598088517235999193787043709790063192791284455640375026466070366560312003875216969447837079791884504934468455682235109737902787555735146413402635772635311055563785907865871458716482837762280561801079390112028782644094 0 0 0 0 0 0 0 0 0 0 0 0 0 0 0 0 0 0 0 0 0 0 0 0 0 0 0 0 0 0 0 0 0 0 0 0 0 0 0 0 0 0 0 0 0 0 0 0 0 0 0 0 1 0 0 0 0 0 0 0 0 0 0 0 0 0 0 0 0 0 0 0 0 0 0 0 0 0 0 0 0 0 0 0 0 0 0]
[2357128299398031647132893461378595447605455726336961072719913566284585120129364864303598266014990637569057580905167356599158960286855818904318602357699600253483375881383711964906638821987579071170860769535737373826588136254027122974132379063676554344653183982857588 0 0 0 0 0 0 0 0 0 0 0 0 0 0 0 0 0 0 0 0 0 0 0 0 0 0 0 0 0 0 0 0 0 0 0 0 0 0 0 0 0 0 0 0 0 0 0 0 0 0 0 0 0 1 0 0 0 0 0 0 0 0 0 0 0 0 0 0 0 0 0 0 0 0 0 0 0 0 0 0 0 0 0 0 0 0 0]
[1796202915596132952869025112593187679817157235039737540467064205827553149080285218851914305606381156769930910690860817959661891839808581369416111977463723351451537436632826412565906060642236713061979666128234582226686227852733797330026106206504430006141376529233609 0 0 0 0 0 0 0 0 0 0 0 0 0 0 0 0 0 0 0 0 0 0 0 0 0 0 0 0 0 0 0 0 0 0 0 0 0 0 0 0 0 0 0 0 0 0 0 0 0 0 0 0 0 0 1 0 0 0 0 0 0 0 0 0 0 0 0 0 0 0 0 0 0 0 0 0 0 0 0 0 0 0 0 0 0 0 0]
[621969254014130883459374895770021869032936832795299289546054687115030582383411254260943820698406783863776045687849794244755026812498603400612141183328978684294878220069817734417830908356098886074925394873288497276051152894523041693841819954255698064200970977091003 0 0 0 0 0 0 0 0 0 0 0 0 0 0 0 0 0 0 0 0 0 0 0 0 0 0 0 0 0 0 0 0 0 0 0 0 0 0 0 0 0 0 0 0 0 0 0 0 0 0 0 0 0 0 0 1 0 0 0 0 0 0 0 0 0 0 0 0 0 0 0 0 0 0 0 0 0 0 0 0 0 0 0 0 0 0 0]
[2406145466892508288650049182740036145643819291735866976571905737507305203225189933935797750678301902121165465122603368419219588224300217099397374569555098793103618495046750621077216074798571336135818110542472342077443288988313102525080988703463992596185799808892238 0 0 0 0 0 0 0 0 0 0 0 0 0 0 0 0 0 0 0 0 0 0 0 0 0 0 0 0 0 0 0 0 0 0 0 0 0 0 0 0 0 0 0 0 0 0 0 0 0 0 0 0 0 0 0 0 1 0 0 0 0 0 0 0 0 0 0 0 0 0 0 0 0 0 0 0 0 0 0 0 0 0 0 0 0 0 0]
[4684774980333275703909061127791389504409239018543039943445013555787765818711803832272816394692042348657936193580010316462760819076778840948278596252126985069128075245568369032650445961602526616757596432683927692192968472998135220529304315941511457904334956183404536 0 0 0 0 0 0 0 0 0 0 0 0 0 0 0 0 0 0 0 0 0 0 0 0 0 0 0 0 0 0 0 0 0 0 0 0 0 0 0 0 0 0 0 0 0 0 0 0 0 0 0 0 0 0 0 0 0 1 0 0 0 0 0 0 0 0 0 0 0 0 0 0 0 0 0 0 0 0 0 0 0 0 0 0 0 0 0]
[2582516480147008428608059005616585295579454115816291951508199081461680714712560392802274102168508137388041633755888089658031141118908246446054815671502528536433024480637372847476656167556807319932725634808584180949896771217179305994540268461511057802979560417521002 0 0 0 0 0 0 0 0 0 0 0 0 0 0 0 0 0 0 0 0 0 0 0 0 0 0 0 0 0 0 0 0 0 0 0 0 0 0 0 0 0 0 0 0 0 0 0 0 0 0 0 0 0 0 0 0 0 0 1 0 0 0 0 0 0 0 0 0 0 0 0 0 0 0 0 0 0 0 0 0 0 0 0 0 0 0 0]
[6707932126979156324028108157401183789616964696705132071916836864375009527005291370509176227738308501431514218149153085795135161724399180558601846908307689012169798990427979337368182098931437997143578731925623855619772627762385043614697839628687798327643257048286147 0 0 0 0 0 0 0 0 0 0 0 0 0 0 0 0 0 0 0 0 0 0 0 0 0 0 0 0 0 0 0 0 0 0 0 0 0 0 0 0 0 0 0 0 0 0 0 0 0 0 0 0 0 0 0 0 0 0 0 1 0 0 0 0 0 0 0 0 0 0 0 0 0 0 0 0 0 0 0 0 0 0 0 0 0 0 0]
[4304353009225549327043772768146924397335346952655827939379713642393416679837719636190032667955919263860779816669783449659827932013075994285126956874750714684579090166394089277074478460404125955866563317580002891163903295444634272621930705795355020500940100735142297 0 0 0 0 0 0 0 0 0 0 0 0 0 0 0 0 0 0 0 0 0 0 0 0 0 0 0 0 0 0 0 0 0 0 0 0 0 0 0 0 0 0 0 0 0 0 0 0 0 0 0 0 0 0 0 0 0 0 0 0 1 0 0 0 0 0 0 0 0 0 0 0 0 0 0 0 0 0 0 0 0 0 0 0 0 0 0]
[6358833122319953038441442198718245789233930100646302107217734681484518636702432348154837759999646827170436714255941494873300220228988901507431733006577666948464330995583352114576449400532211842343848995400100351992577190034078915365308547433397596822612412445245078 0 0 0 0 0 0 0 0 0 0 0 0 0 0 0 0 0 0 0 0 0 0 0 0 0 0 0 0 0 0 0 0 0 0 0 0 0 0 0 0 0 0 0 0 0 0 0 0 0 0 0 0 0 0 0 0 0 0 0 0 0 1 0 0 0 0 0 0 0 0 0 0 0 0 0 0 0 0 0 0 0 0 0 0 0 0 0]
[6434412821752643717962809955818444507155558303526971723925884689753404772531631537532847369560988159312218741884812548019339541592878482876798215077726383554077844853427109231654060216202401846335244257650075763444904749207297659741990590965658180940101822179948490 0 0 0 0 0 0 0 0 0 0 0 0 0 0 0 0 0 0 0 0 0 0 0 0 0 0 0 0 0 0 0 0 0 0 0 0 0 0 0 0 0 0 0 0 0 0 0 0 0 0 0 0 0 0 0 0 0 0 0 0 0 0 1 0 0 0 0 0 0 0 0 0 0 0 0 0 0 0 0 0 0 0 0 0 0 0 0]
[1184845873223847191062524638357585807646521267621667392356274817299513376941177420767805258148444392273802143901485264016131870212024507913733908287922552605680459031028319494016723568113237654632665914406484194178457130055081306153682554357856897312285805213742566 0 0 0 0 0 0 0 0 0 0 0 0 0 0 0 0 0 0 0 0 0 0 0 0 0 0 0 0 0 0 0 0 0 0 0 0 0 0 0 0 0 0 0 0 0 0 0 0 0 0 0 0 0 0 0 0 0 0 0 0 0 0 0 1 0 0 0 0 0 0 0 0 0 0 0 0 0 0 0 0 0 0 0 0 0 0 0]
[4558956715562874470123019325024870128441252654098838783882881816432303821175589487486620025313087663485360991106683119703410861051896775043517472672903455587680112247215886532725979109685523365962638324532946994488053540025846314007580794490806924740392006505133603 0 0 0 0 0 0 0 0 0 0 0 0 0 0 0 0 0 0 0 0 0 0 0 0 0 0 0 0 0 0 0 0 0 0 0 0 0 0 0 0 0 0 0 0 0 0 0 0 0 0 0 0 0 0 0 0 0 0 0 0 0 0 0 0 1 0 0 0 0 0 0 0 0 0 0 0 0 0 0 0 0 0 0 0 0 0 0]
[469618432659528507276379436689014395363720620380932245542616601774474315126331406186055073060551519960560786073034782860371189152809888547202610926067744746420099915415210101112661207496013172757918672295878377990789162350015714381869012665234468806829180199022619 0 0 0 0 0 0 0 0 0 0 0 0 0 0 0 0 0 0 0 0 0 0 0 0 0 0 0 0 0 0 0 0 0 0 0 0 0 0 0 0 0 0 0 0 0 0 0 0 0 0 0 0 0 0 0 0 0 0 0 0 0 0 0 0 0 1 0 0 0 0 0 0 0 0 0 0 0 0 0 0 0 0 0 0 0 0 0]
[3559246930593452785943917784339848099491247577599003302666840058124001436317974577480952990423469115950745345178980290002336288255474712363227876628315945852066473664338809422264661016835866888056700147128642174294990076297499675046690781294188693071596950398368253 0 0 0 0 0 0 0 0 0 0 0 0 0 0 0 0 0 0 0 0 0 0 0 0 0 0 0 0 0 0 0 0 0 0 0 0 0 0 0 0 0 0 0 0 0 0 0 0 0 0 0 0 0 0 0 0 0 0 0 0 0 0 0 0 0 0 1 0 0 0 0 0 0 0 0 0 0 0 0 0 0 0 0 0 0 0 0]
[7445838756615768405778615262650080287277720564781597686817543701265706017287098669323045388635879834456240418420758081639013752887044022544486682235708434964134060540027235683710217942142300891348249910765273514309041098598515411330046409866796950925510931102860455 0 0 0 0 0 0 0 0 0 0 0 0 0 0 0 0 0 0 0 0 0 0 0 0 0 0 0 0 0 0 0 0 0 0 0 0 0 0 0 0 0 0 0 0 0 0 0 0 0 0 0 0 0 0 0 0 0 0 0 0 0 0 0 0 0 0 0 1 0 0 0 0 0 0 0 0 0 0 0 0 0 0 0 0 0 0 0]
[4218944333338583117858425116235571356676980741341598867849963472772611080347191747243898221006168705439338202089315772434981320028409800242217688143450827369252471762082200673801780134971027933995332033451476034404515928015329228284186472682799138702690033398353462 0 0 0 0 0 0 0 0 0 0 0 0 0 0 0 0 0 0 0 0 0 0 0 0 0 0 0 0 0 0 0 0 0 0 0 0 0 0 0 0 0 0 0 0 0 0 0 0 0 0 0 0 0 0 0 0 0 0 0 0 0 0 0 0 0 0 0 0 1 0 0 0 0 0 0 0 0 0 0 0 0 0 0 0 0 0 0]
[3490166063330309702279229025168702308700343603636486035529492851077982067753634378823490887907883790970396253174471930310533540316410578435885994034817277647958162597200136707859524645161745529293967803058010197931394144876839359324261895157596442232328011504913213 0 0 0 0 0 0 0 0 0 0 0 0 0 0 0 0 0 0 0 0 0 0 0 0 0 0 0 0 0 0 0 0 0 0 0 0 0 0 0 0 0 0 0 0 0 0 0 0 0 0 0 0 0 0 0 0 0 0 0 0 0 0 0 0 0 0 0 0 0 1 0 0 0 0 0 0 0 0 0 0 0 0 0 0 0 0 0]
[640896697067884281495080027922610651813401381101089016047768654984273356311171846942046226483153442902027438085847807146883242084449152474983885434028544846577961953980484996139313485558976281751317935232655350719132045394489812849322339334191453871957817711028437 0 0 0 0 0 0 0 0 0 0 0 0 0 0 0 0 0 0 0 0 0 0 0 0 0 0 0 0 0 0 0 0 0 0 0 0 0 0 0 0 0 0 0 0 0 0 0 0 0 0 0 0 0 0 0 0 0 0 0 0 0 0 0 0 0 0 0 0 0 0 1 0 0 0 0 0 0 0 0 0 0 0 0 0 0 0 0]
[6771239272816011517571605236443932238720503910728155935065476607618128645117992477921819061625598398463917895374301710868199299583692546786444252858424765803474227620839133020231604474232605208996737037285651108318345155154155396629621200341961827903346466588543447 0 0 0 0 0 0 0 0 0 0 0 0 0 0 0 0 0 0 0 0 0 0 0 0 0 0 0 0 0 0 0 0 0 0 0 0 0 0 0 0 0 0 0 0 0 0 0 0 0 0 0 0 0 0 0 0 0 0 0 0 0 0 0 0 0 0 0 0 0 0 0 1 0 0 0 0 0 0 0 0 0 0 0 0 0 0 0]
[1444892084419959914221128412226347868954861796066750531423448110162455621792466407049985673492731121570323719579537679660783700263126676434868585395619250767619630158603023146554622716434982307668826265797315416514093100452093227544383002127264040438104673535744496 0 0 0 0 0 0 0 0 0 0 0 0 0 0 0 0 0 0 0 0 0 0 0 0 0 0 0 0 0 0 0 0 0 0 0 0 0 0 0 0 0 0 0 0 0 0 0 0 0 0 0 0 0 0 0 0 0 0 0 0 0 0 0 0 0 0 0 0 0 0 0 0 1 0 0 0 0 0 0 0 0 0 0 0 0 0 0]
[4201364120249923438059890756892137418671954811929577839068473168629734603499401881336974330414676701225448132953985818890570204101172878725969446248917258951637079194039656079792387474723429032925017866377875181794617709373729071996986805873144601344214730985005711 0 0 0 0 0 0 0 0 0 0 0 0 0 0 0 0 0 0 0 0 0 0 0 0 0 0 0 0 0 0 0 0 0 0 0 0 0 0 0 0 0 0 0 0 0 0 0 0 0 0 0 0 0 0 0 0 0 0 0 0 0 0 0 0 0 0 0 0 0 0 0 0 0 1 0 0 0 0 0 0 0 0 0 0 0 0 0]
[1341618772102029811405872380580926494125258622519826870523996073244378453207351707722549570975854274567663466664939055441807540752400708488863147445942285669586064883354429446470741117547272271567624794746001323723722314325559997273255246485550816983946890717670750 0 0 0 0 0 0 0 0 0 0 0 0 0 0 0 0 0 0 0 0 0 0 0 0 0 0 0 0 0 0 0 0 0 0 0 0 0 0 0 0 0 0 0 0 0 0 0 0 0 0 0 0 0 0 0 0 0 0 0 0 0 0 0 0 0 0 0 0 0 0 0 0 0 0 1 0 0 0 0 0 0 0 0 0 0 0 0]
[2958398334544943343105728640406861381327682015572404731261728090900190994027929151511347360759505063251839972825099375479876402117525453714598168449215339503670355317536636233966736054171432798701000233548401450709945950755718593571896562683153378162243953698712469 0 0 0 0 0 0 0 0 0 0 0 0 0 0 0 0 0 0 0 0 0 0 0 0 0 0 0 0 0 0 0 0 0 0 0 0 0 0 0 0 0 0 0 0 0 0 0 0 0 0 0 0 0 0 0 0 0 0 0 0 0 0 0 0 0 0 0 0 0 0 0 0 0 0 0 1 0 0 0 0 0 0 0 0 0 0 0]
[3450593867975992687994469910517908188523668091819062755212206140686144867498417561650659706808186189383321427151794778877690168965714943162982053713792115812894275301288364055290432004515413739364204072896947753875773286667539709279427699974266458462673784634253569 0 0 0 0 0 0 0 0 0 0 0 0 0 0 0 0 0 0 0 0 0 0 0 0 0 0 0 0 0 0 0 0 0 0 0 0 0 0 0 0 0 0 0 0 0 0 0 0 0 0 0 0 0 0 0 0 0 0 0 0 0 0 0 0 0 0 0 0 0 0 0 0 0 0 0 0 1 0 0 0 0 0 0 0 0 0 0]
[4789788080122303785394684190445405291134354655068631922995114584354040424060810969259076568017690043034364026021944469015141932094022805524858458698358111342499426732358108315071723962103663568849576453901477078293207730168204034220496403994677955892769676097343013 0 0 0 0 0 0 0 0 0 0 0 0 0 0 0 0 0 0 0 0 0 0 0 0 0 0 0 0 0 0 0 0 0 0 0 0 0 0 0 0 0 0 0 0 0 0 0 0 0 0 0 0 0 0 0 0 0 0 0 0 0 0 0 0 0 0 0 0 0 0 0 0 0 0 0 0 0 1 0 0 0 0 0 0 0 0 0]
[917554447245632844867329940109223439844701262962025534012877956977862424117914539827021235482218758537337765134547112065302016752431411230228173707086628284260166985365389579513083507774127463637109703911377396694268253683378722081900194526000806284696086381883717 0 0 0 0 0 0 0 0 0 0 0 0 0 0 0 0 0 0 0 0 0 0 0 0 0 0 0 0 0 0 0 0 0 0 0 0 0 0 0 0 0 0 0 0 0 0 0 0 0 0 0 0 0 0 0 0 0 0 0 0 0 0 0 0 0 0 0 0 0 0 0 0 0 0 0 0 0 0 1 0 0 0 0 0 0 0 0]
[3270163385805516934926378394312881189063302470688346392741446320355990770588404204828683745068531829460101957868389009352313095126118120344813979683366368084735703394168210962220113502056396114804326314844411203998901032267269630581236296641873769580360146406286512 0 0 0 0 0 0 0 0 0 0 0 0 0 0 0 0 0 0 0 0 0 0 0 0 0 0 0 0 0 0 0 0 0 0 0 0 0 0 0 0 0 0 0 0 0 0 0 0 0 0 0 0 0 0 0 0 0 0 0 0 0 0 0 0 0 0 0 0 0 0 0 0 0 0 0 0 0 0 0 1 0 0 0 0 0 0 0]
[1200510220366152579814266446288060066876812797654598632894187597918448471642605842424369576107875982156985763426249062091520937027559905677469997326086206649798271558637172886161135167001799088998459006009959717505692627724079307451081861466685238050543298663288725 0 0 0 0 0 0 0 0 0 0 0 0 0 0 0 0 0 0 0 0 0 0 0 0 0 0 0 0 0 0 0 0 0 0 0 0 0 0 0 0 0 0 0 0 0 0 0 0 0 0 0 0 0 0 0 0 0 0 0 0 0 0 0 0 0 0 0 0 0 0 0 0 0 0 0 0 0 0 0 0 1 0 0 0 0 0 0]
[5562887613122031432480170199298987663392150404521501510100195825440354282911690967220585605435088197249280776605341613048681385621270967593667586738769858972271925952265130301570950876084658339610519341523130069988713042136865942209499795938773361027023224582673169 0 0 0 0 0 0 0 0 0 0 0 0 0 0 0 0 0 0 0 0 0 0 0 0 0 0 0 0 0 0 0 0 0 0 0 0 0 0 0 0 0 0 0 0 0 0 0 0 0 0 0 0 0 0 0 0 0 0 0 0 0 0 0 0 0 0 0 0 0 0 0 0 0 0 0 0 0 0 0 0 0 1 0 0 0 0 0]
[1736616512584490756434756413591972387496590224834189156097901485696388716694653598505366303933347833014650550030088134975665512736709268026698402527452751063694730691128126478960078464257029826148477309018684894317202877916155358706828763137518920730158381768080614 0 0 0 0 0 0 0 0 0 0 0 0 0 0 0 0 0 0 0 0 0 0 0 0 0 0 0 0 0 0 0 0 0 0 0 0 0 0 0 0 0 0 0 0 0 0 0 0 0 0 0 0 0 0 0 0 0 0 0 0 0 0 0 0 0 0 0 0 0 0 0 0 0 0 0 0 0 0 0 0 0 0 1 0 0 0 0]
[3225647773082204735742312143414298805236667374994268439645258590112302447610743259129074351706615617281488402749147410231570842357059512767684596686772817207305142623453502750572244017496176550282194174368798907432246501078125752667036244344614946859819132971079548 0 0 0 0 0 0 0 0 0 0 0 0 0 0 0 0 0 0 0 0 0 0 0 0 0 0 0 0 0 0 0 0 0 0 0 0 0 0 0 0 0 0 0 0 0 0 0 0 0 0 0 0 0 0 0 0 0 0 0 0 0 0 0 0 0 0 0 0 0 0 0 0 0 0 0 0 0 0 0 0 0 0 0 1 0 0 0]
[4090312624389871249036196776354824744942336499371750762826572231163188332955984183299812032654349916952690641934717426986915300637587211127398469317252353701765325045554300775577979149485117214319503272240995834960996153798518212178202531762272649855821583061880103 0 0 0 0 0 0 0 0 0 0 0 0 0 0 0 0 0 0 0 0 0 0 0 0 0 0 0 0 0 0 0 0 0 0 0 0 0 0 0 0 0 0 0 0 0 0 0 0 0 0 0 0 0 0 0 0 0 0 0 0 0 0 0 0 0 0 0 0 0 0 0 0 0 0 0 0 0 0 0 0 0 0 0 0 1 0 0]
[4495941326700312823984126309533821907413237368952391311076823104092652004699584245926535493028295375908277910447846779697867180323218841522649048532178605214067768254019195882924587777362746451227993500727400041094659972051346928351190534730609950669680821109578476 0 0 0 0 0 0 0 0 0 0 0 0 0 0 0 0 0 0 0 0 0 0 0 0 0 0 0 0 0 0 0 0 0 0 0 0 0 0 0 0 0 0 0 0 0 0 0 0 0 0 0 0 0 0 0 0 0 0 0 0 0 0 0 0 0 0 0 0 0 0 0 0 0 0 0 0 0 0 0 0 0 0 0 0 0 1 0]
[6188701525609773728355727985261629720046244307891107939596590594375018694096560577442320901790005202002276287490169259803919655770162664969581711693801411202595608051138558498367244800547647979304664258822225124414602153643833294869043612362720311588676100937882294 0 0 0 0 0 0 0 0 0 0 0 0 0 0 0 0 0 0 0 0 0 0 0 0 0 0 0 0 0 0 0 0 0 0 0 0 0 0 0 0 0 0 0 0 0 0 0 0 0 0 0 0 0 0 0 0 0 0 0 0 0 0 0 0 0 0 0 0 0 0 0 0 0 0 0 0 0 0 0 0 0 0 0 0 0 0 1]
]
