[[10037086983539196858578834904842904373463687159460199990756625888833948449518959474723582096343768755744507319880074796454587742278501994312525788419675799017939440614873165990564897410016815695047121162689723050738717313593439445732693856798611306425248277291078984091415471733487780165806724234821632531533702927577951902081533390853 0 0 0 0 0 0 0 0 0 0 0 0 0 0 0 0 0 0 0 0 0 0 0 0 0 0 0 0 0 0 0 0 0 0 0 0 0 0 0 0 0 0 0 0 0 0 0 0 0 0 0 0 0 0 0 0 0 0 0 0 0 0 0 0 0 0 0 0 0 0 0 0 0 0 0 0 0 0 0 0 0 0 0 0 0 0 0 0 0 0 0 0 0 0 0 0 0 0 0 0 0 0 0 0 0 0 0 0 0 0]
[9977202085781409124284917380670703951719273960147346380661816117868770681901457609834879898077547248495045785772183418870745256775553915294242076506301523595294132336492628066782654119155293107624775874664211792272598087954529731583670228700247618798722852900129206200084787566837120711211496494772197581526221142150292035561175556719 1 0 0 0 0 0 0 0 0 0 0 0 0 0 0 0 0 0 0 0 0 0 0 0 0 0 0 0 0 0 0 0 0 0 0 0 0 0 0 0 0 0 0 0 0 0 0 0 0 0 0 0 0 0 0 0 0 0 0 0 0 0 0 0 0 0 0 0 0 0 0 0 0 0 0 0 0 0 0 0 0 0 0 0 0 0 0 0 0 0 0 0 0 0 0 0 0 0 0 0 0 0 0 0 0 0 0 0 0 0]
[7956384881151660748887279477849591673324237508928557026918414438825587358205361710187688731341333448048075334969731177545706035263156588594089525634255259778313561993985646136964456717978571743809464134273561950169887134903779249161900793280354867346739001095163020764798562415432192906614708629433383562869156501957286480709239108343 0 1 0 0 0 0 0 0 0 0 0 0 0 0 0 0 0 0 0 0 0 0 0 0 0 0 0 0 0 0 0 0 0 0 0 0 0 0 0 0 0 0 0 0 0 0 0 0 0 0 0 0 0 0 0 0 0 0 0 0 0 0 0 0 0 0 0 0 0 0 0 0 0 0 0 0 0 0 0 0 0 0 0 0 0 0 0 0 0 0 0 0 0 0 0 0 0 0 0 0 0 0 0 0 0 0 0 0 0 0]
[1360023594106158385933688024340262135673447034808357552286713587723632930573640609216781029307429263126460907034149163925771571067197808267280272085595849012757587804743656687917203313936852416945824484721785805821576547925296382172168183124276842705236243961875174638312568452245361488537961131402537638146400263106961373269817032141 0 0 1 0 0 0 0 0 0 0 0 0 0 0 0 0 0 0 0 0 0 0 0 0 0 0 0 0 0 0 0 0 0 0 0 0 0 0 0 0 0 0 0 0 0 0 0 0 0 0 0 0 0 0 0 0 0 0 0 0 0 0 0 0 0 0 0 0 0 0 0 0 0 0 0 0 0 0 0 0 0 0 0 0 0 0 0 0 0 0 0 0 0 0 0 0 0 0 0 0 0 0 0 0 0 0 0 0 0 0]
[3111395505674619494766375868914056523665680151508461918267023846068024681042293227818485783221827404887787327269336140115849504614063110236947652760118500998106464552222195494791310071288427941983057730475818779007467078554632941715270816503534922538932586426713706966453983341263768156217744998459826756664741477351453193486058231155 0 0 0 1 0 0 0 0 0 0 0 0 0 0 0 0 0 0 0 0 0 0 0 0 0 0 0 0 0 0 0 0 0 0 0 0 0 0 0 0 0 0 0 0 0 0 0 0 0 0 0 0 0 0 0 0 0 0 0 0 0 0 0 0 0 0 0 0 0 0 0 0 0 0 0 0 0 0 0 0 0 0 0 0 0 0 0 0 0 0 0 0 0 0 0 0 0 0 0 0 0 0 0 0 0 0 0 0 0 0]
[2363513936551538339153526010170706992286441557388295595285307676416347901806116461629864445646488516968056105369012392642479113025107332282875544735764151433931346058055050280228271130878430730140044862711522277718473236761359675041005978816079452495116090425670756923702679553788220233923579574733281098152462830091975733876091325593 0 0 0 0 1 0 0 0 0 0 0 0 0 0 0 0 0 0 0 0 0 0 0 0 0 0 0 0 0 0 0 0 0 0 0 0 0 0 0 0 0 0 0 0 0 0 0 0 0 0 0 0 0 0 0 0 0 0 0 0 0 0 0 0 0 0 0 0 0 0 0 0 0 0 0 0 0 0 0 0 0 0 0 0 0 0 0 0 0 0 0 0 0 0 0 0 0 0 0 0 0 0 0 0 0 0 0 0 0 0]
[2035317142351814481689901970987489570810498137566067998126894331331634808983211862160344471291855411116644336875389096629734747136371581215481518060162337889069863536062789409318799028375224945769610213416846292032134234556186857857455387640184428317162127993608714862740244351380241390460935747863708484381654362234296785944044713721 0 0 0 0 0 1 0 0 0 0 0 0 0 0 0 0 0 0 0 0 0 0 0 0 0 0 0 0 0 0 0 0 0 0 0 0 0 0 0 0 0 0 0 0 0 0 0 0 0 0 0 0 0 0 0 0 0 0 0 0 0 0 0 0 0 0 0 0 0 0 0 0 0 0 0 0 0 0 0 0 0 0 0 0 0 0 0 0 0 0 0 0 0 0 0 0 0 0 0 0 0 0 0 0 0 0 0 0 0 0]
[6335432215125371431706793205758690969399972847174475463111897388857842564718921264720149754910740186889650847853981513242702744686994271119353854254586399205887752684331293375722818133935459634231819149501585394718088111785592525627741096181522948599008300748468312930977903493820068111841742462236374563184434995219673272834948563223 0 0 0 0 0 0 1 0 0 0 0 0 0 0 0 0 0 0 0 0 0 0 0 0 0 0 0 0 0 0 0 0 0 0 0 0 0 0 0 0 0 0 0 0 0 0 0 0 0 0 0 0 0 0 0 0 0 0 0 0 0 0 0 0 0 0 0 0 0 0 0 0 0 0 0 0 0 0 0 0 0 0 0 0 0 0 0 0 0 0 0 0 0 0 0 0 0 0 0 0 0 0 0 0 0 0 0 0 0 0]
[4810350159663734260954310112564757405931406202661188538135767890363551472199007893589055383209680502204180905461838925699252990695188819441205089434064770948766897043264599687032541438929508703032010230357881380263483373681302143592065697328543362678885850932059032339942019327741776740387391910462926236341588374393587600971373433863 0 0 0 0 0 0 0 1 0 0 0 0 0 0 0 0 0 0 0 0 0 0 0 0 0 0 0 0 0 0 0 0 0 0 0 0 0 0 0 0 0 0 0 0 0 0 0 0 0 0 0 0 0 0 0 0 0 0 0 0 0 0 0 0 0 0 0 0 0 0 0 0 0 0 0 0 0 0 0 0 0 0 0 0 0 0 0 0 0 0 0 0 0 0 0 0 0 0 0 0 0 0 0 0 0 0 0 0 0 0]
[954043313700282538407316747503528559043965290563721549005642671536965334056311503255859695183507517516423616744453370212480161620529474990088303717992377336774688335526667821977551825901099724848581225886663513466946439551672125496198430512214905253379267924454119905134572884066015140356275909015882551661663669810660415003586076405 0 0 0 0 0 0 0 0 1 0 0 0 0 0 0 0 0 0 0 0 0 0 0 0 0 0 0 0 0 0 0 0 0 0 0 0 0 0 0 0 0 0 0 0 0 0 0 0 0 0 0 0 0 0 0 0 0 0 0 0 0 0 0 0 0 0 0 0 0 0 0 0 0 0 0 0 0 0 0 0 0 0 0 0 0 0 0 0 0 0 0 0 0 0 0 0 0 0 0 0 0 0 0 0 0 0 0 0 0 0]
[6063776010172061793769426114056931786068785737054443347396284381202106764549684603536825842595358861602768852072937448172522320582664808664390432579887995441893872687275985520933517978132647686164352058782084042964177252223476829982762772395112364596438562230305830825053174236092821819314969690297329202404321792393816806813853866605 0 0 0 0 0 0 0 0 0 1 0 0 0 0 0 0 0 0 0 0 0 0 0 0 0 0 0 0 0 0 0 0 0 0 0 0 0 0 0 0 0 0 0 0 0 0 0 0 0 0 0 0 0 0 0 0 0 0 0 0 0 0 0 0 0 0 0 0 0 0 0 0 0 0 0 0 0 0 0 0 0 0 0 0 0 0 0 0 0 0 0 0 0 0 0 0 0 0 0 0 0 0 0 0 0 0 0 0 0 0]
[867423222882183753234860040176718361910288977208672583383380821594703109820570397783219518290691136824069101027393804905154359008267143315525636636341661503886072465032626338082780137969805999049622568452406194895198601659039832933360701658138035375189115388001845022601770050108457530932447417354494990825604594243659800168088222250 0 0 0 0 0 0 0 0 0 0 1 0 0 0 0 0 0 0 0 0 0 0 0 0 0 0 0 0 0 0 0 0 0 0 0 0 0 0 0 0 0 0 0 0 0 0 0 0 0 0 0 0 0 0 0 0 0 0 0 0 0 0 0 0 0 0 0 0 0 0 0 0 0 0 0 0 0 0 0 0 0 0 0 0 0 0 0 0 0 0 0 0 0 0 0 0 0 0 0 0 0 0 0 0 0 0 0 0 0 0]
[2212151985345146096333884737606517241544322812574333789043890273785485512909061965328235114947513109001477896256506648596158116241502994395124041136080067493947600422397339997248333643682573536082787200019943837260979648496071497533244988990217075213165926095217066097471724238280288258722429553632350080143472259880086102146888230354 0 0 0 0 0 0 0 0 0 0 0 1 0 0 0 0 0 0 0 0 0 0 0 0 0 0 0 0 0 0 0 0 0 0 0 0 0 0 0 0 0 0 0 0 0 0 0 0 0 0 0 0 0 0 0 0 0 0 0 0 0 0 0 0 0 0 0 0 0 0 0 0 0 0 0 0 0 0 0 0 0 0 0 0 0 0 0 0 0 0 0 0 0 0 0 0 0 0 0 0 0 0 0 0 0 0 0 0 0 0]
[4912396729233982953362597073825306178862262575893591243282576131768988979074888127429464333651929454837668932590993005566880107406895362413496337489058967676530495321416228234309014407028992357819481043277494445919442826827528437223124000783594667773431084904889283954445115813555383287800004841637107072604020446086266442077474833938 0 0 0 0 0 0 0 0 0 0 0 0 1 0 0 0 0 0 0 0 0 0 0 0 0 0 0 0 0 0 0 0 0 0 0 0 0 0 0 0 0 0 0 0 0 0 0 0 0 0 0 0 0 0 0 0 0 0 0 0 0 0 0 0 0 0 0 0 0 0 0 0 0 0 0 0 0 0 0 0 0 0 0 0 0 0 0 0 0 0 0 0 0 0 0 0 0 0 0 0 0 0 0 0 0 0 0 0 0 0]
[7294572152214534051839132999852171086603113031114293227234870565188624840322609024654519962324160994395569511249043430372735842991417421449716949032914547859109175135809934429699260880502923614155718029898149319007488213277821352143943122084141627886518498029142402672690449216712204774218718516939994598463539104687243831652421896700 0 0 0 0 0 0 0 0 0 0 0 0 0 1 0 0 0 0 0 0 0 0 0 0 0 0 0 0 0 0 0 0 0 0 0 0 0 0 0 0 0 0 0 0 0 0 0 0 0 0 0 0 0 0 0 0 0 0 0 0 0 0 0 0 0 0 0 0 0 0 0 0 0 0 0 0 0 0 0 0 0 0 0 0 0 0 0 0 0 0 0 0 0 0 0 0 0 0 0 0 0 0 0 0 0 0 0 0 0 0]
[1976033267962446849668057604688636350103626401512419870952679487526607858640274125576807096445372663179973128590850923461342875152026243751784199967749991366230510382681478434884001955321875005816260376547711278208681372276707000352775129631496975300922230716757513379848565262043838065209950320626380031153233787611426760686275606533 0 0 0 0 0 0 0 0 0 0 0 0 0 0 1 0 0 0 0 0 0 0 0 0 0 0 0 0 0 0 0 0 0 0 0 0 0 0 0 0 0 0 0 0 0 0 0 0 0 0 0 0 0 0 0 0 0 0 0 0 0 0 0 0 0 0 0 0 0 0 0 0 0 0 0 0 0 0 0 0 0 0 0 0 0 0 0 0 0 0 0 0 0 0 0 0 0 0 0 0 0 0 0 0 0 0 0 0 0 0]
[2323396378978483838311013436156671428143117700836086976589270908961314728402372878625679895794765256447234284808754872634654358396415800733944345031534099361563300052837352726699528405258754918795101780980910147036124643047538217605234075032787263212001505888799212590096665994864839898745351447063655717943389299337439554511744822718 0 0 0 0 0 0 0 0 0 0 0 0 0 0 0 1 0 0 0 0 0 0 0 0 0 0 0 0 0 0 0 0 0 0 0 0 0 0 0 0 0 0 0 0 0 0 0 0 0 0 0 0 0 0 0 0 0 0 0 0 0 0 0 0 0 0 0 0 0 0 0 0 0 0 0 0 0 0 0 0 0 0 0 0 0 0 0 0 0 0 0 0 0 0 0 0 0 0 0 0 0 0 0 0 0 0 0 0 0 0]
[7371868869390972345846430449817346784675854424396879221870510844210452461312798146432307585751014284973611645645973157088604110250070656446382018761330244107672284889977513494193579855174808405475287163632785758688978880889210799575341176573969250381542071018058485336539006027898809986426070425088334026120674819243208985546934546568 0 0 0 0 0 0 0 0 0 0 0 0 0 0 0 0 1 0 0 0 0 0 0 0 0 0 0 0 0 0 0 0 0 0 0 0 0 0 0 0 0 0 0 0 0 0 0 0 0 0 0 0 0 0 0 0 0 0 0 0 0 0 0 0 0 0 0 0 0 0 0 0 0 0 0 0 0 0 0 0 0 0 0 0 0 0 0 0 0 0 0 0 0 0 0 0 0 0 0 0 0 0 0 0 0 0 0 0 0 0]
[5334704524352254622479152667869289280703462017760336493148028922683239273247407715502205774318228793768632339234822844899767899711762969073986510989852362385850477235915821778180861575984845658597263097656489417376412335742718403220391139430970299922259323967820306728852327949948592961262500112234300057112538495126224698072991614283 0 0 0 0 0 0 0 0 0 0 0 0 0 0 0 0 0 1 0 0 0 0 0 0 0 0 0 0 0 0 0 0 0 0 0 0 0 0 0 0 0 0 0 0 0 0 0 0 0 0 0 0 0 0 0 0 0 0 0 0 0 0 0 0 0 0 0 0 0 0 0 0 0 0 0 0 0 0 0 0 0 0 0 0 0 0 0 0 0 0 0 0 0 0 0 0 0 0 0 0 0 0 0 0 0 0 0 0 0 0]
[5952742456993266475214598105538763391935366085806480715070670194530557641648051527097531898501314510334928875326159461487935263007264445175240767212614209252535436918361902876271919857694033732638941724773994401361385221184570289486040796264618187314758489817422482216488918235977250900790172008856179036701019174109532918644833199581 0 0 0 0 0 0 0 0 0 0 0 0 0 0 0 0 0 0 1 0 0 0 0 0 0 0 0 0 0 0 0 0 0 0 0 0 0 0 0 0 0 0 0 0 0 0 0 0 0 0 0 0 0 0 0 0 0 0 0 0 0 0 0 0 0 0 0 0 0 0 0 0 0 0 0 0 0 0 0 0 0 0 0 0 0 0 0 0 0 0 0 0 0 0 0 0 0 0 0 0 0 0 0 0 0 0 0 0 0 0]
[7172677536835628859297742062132846871701401475261161187034145267652774056022597075905123312260189952051855998874724826898385498117408278336373753197547166904490490663926240156488219152735155827054323808702152857021995872251866053021305858598773675410521485978985643405053020670438900542222500125125512858302721519831831413615229080436 0 0 0 0 0 0 0 0 0 0 0 0 0 0 0 0 0 0 0 1 0 0 0 0 0 0 0 0 0 0 0 0 0 0 0 0 0 0 0 0 0 0 0 0 0 0 0 0 0 0 0 0 0 0 0 0 0 0 0 0 0 0 0 0 0 0 0 0 0 0 0 0 0 0 0 0 0 0 0 0 0 0 0 0 0 0 0 0 0 0 0 0 0 0 0 0 0 0 0 0 0 0 0 0 0 0 0 0 0 0]
[2953212012471684280076755348512650795723928108212142480993716546394477332736433449774198618741702514411666068859373392312476149082206089926464729986351164432126554381583448562870904577797242083290719228962677044982107288360767811634228025020216694365149776322010423227905617619681168445257383617020884460794718598754874616553653862736 0 0 0 0 0 0 0 0 0 0 0 0 0 0 0 0 0 0 0 0 1 0 0 0 0 0 0 0 0 0 0 0 0 0 0 0 0 0 0 0 0 0 0 0 0 0 0 0 0 0 0 0 0 0 0 0 0 0 0 0 0 0 0 0 0 0 0 0 0 0 0 0 0 0 0 0 0 0 0 0 0 0 0 0 0 0 0 0 0 0 0 0 0 0 0 0 0 0 0 0 0 0 0 0 0 0 0 0 0 0]
[5229179783817042447667823229708838700694911711944322887928457553595987272636174416152848086454678218451468310068306642161454035428094674885617692854658888235102217837472653005579111930473524719498168590061801860609093926078083491907578566146986868525468120403705818853710607164707499718227014060748340139587678592143995948455734695898 0 0 0 0 0 0 0 0 0 0 0 0 0 0 0 0 0 0 0 0 0 1 0 0 0 0 0 0 0 0 0 0 0 0 0 0 0 0 0 0 0 0 0 0 0 0 0 0 0 0 0 0 0 0 0 0 0 0 0 0 0 0 0 0 0 0 0 0 0 0 0 0 0 0 0 0 0 0 0 0 0 0 0 0 0 0 0 0 0 0 0 0 0 0 0 0 0 0 0 0 0 0 0 0 0 0 0 0 0 0]
[8997519747442438371575412162433422926375865579783848723275562263614569547341529937790872191298413865282002432637406284509172999120860638720208611095867009823554945668824028184763094177151438461367868929975644766892301864329839081609017548402516600449031318491106569071033286118026087147683411838362727445033138871123645223308530148669 0 0 0 0 0 0 0 0 0 0 0 0 0 0 0 0 0 0 0 0 0 0 1 0 0 0 0 0 0 0 0 0 0 0 0 0 0 0 0 0 0 0 0 0 0 0 0 0 0 0 0 0 0 0 0 0 0 0 0 0 0 0 0 0 0 0 0 0 0 0 0 0 0 0 0 0 0 0 0 0 0 0 0 0 0 0 0 0 0 0 0 0 0 0 0 0 0 0 0 0 0 0 0 0 0 0 0 0 0 0]
[8983644687762691571082364695632013467766102349482457233084431218461901011083175673897141918652959204764421914562731961008046662602713482666599813604590217931523800863004539153124270161247134106894131019460980759385943496930390366360148326748161649181335044611334747258912104184012894584549833803877681456849650598318726725533059625395 0 0 0 0 0 0 0 0 0 0 0 0 0 0 0 0 0 0 0 0 0 0 0 1 0 0 0 0 0 0 0 0 0 0 0 0 0 0 0 0 0 0 0 0 0 0 0 0 0 0 0 0 0 0 0 0 0 0 0 0 0 0 0 0 0 0 0 0 0 0 0 0 0 0 0 0 0 0 0 0 0 0 0 0 0 0 0 0 0 0 0 0 0 0 0 0 0 0 0 0 0 0 0 0 0 0 0 0 0 0]
[7738523276325980194598145008681886501760909675622116641562784193653281588883724383453689114627121640263615123319874953297560741794476240940824052105838721084151056609817110890955449434600696569410241713681381519295662369179468159273250589413253755304234921005615560023224479158819458863133012241924855339608011902493255504843035036458 0 0 0 0 0 0 0 0 0 0 0 0 0 0 0 0 0 0 0 0 0 0 0 0 1 0 0 0 0 0 0 0 0 0 0 0 0 0 0 0 0 0 0 0 0 0 0 0 0 0 0 0 0 0 0 0 0 0 0 0 0 0 0 0 0 0 0 0 0 0 0 0 0 0 0 0 0 0 0 0 0 0 0 0 0 0 0 0 0 0 0 0 0 0 0 0 0 0 0 0 0 0 0 0 0 0 0 0 0 0]
[9506275334422578119357464735751836899779023125775617329035685577491715654806107663923434372689921605782490752103061869286603818600489731272770104231824533598995477708616041732236071272771614532572808389166701720371526790576591421512268509372974740422487229316417260778250670288738997455338856552716918272726552400329591610251452635602 0 0 0 0 0 0 0 0 0 0 0 0 0 0 0 0 0 0 0 0 0 0 0 0 0 1 0 0 0 0 0 0 0 0 0 0 0 0 0 0 0 0 0 0 0 0 0 0 0 0 0 0 0 0 0 0 0 0 0 0 0 0 0 0 0 0 0 0 0 0 0 0 0 0 0 0 0 0 0 0 0 0 0 0 0 0 0 0 0 0 0 0 0 0 0 0 0 0 0 0 0 0 0 0 0 0 0 0 0 0]
[2752735906112410087013006049911242105043019352648319465242957703790747337447599782189133507678742467954217973924135544524268620169587784229164684652408184863394550225085319872404492789415586043785387592761557733876774828705141586944924492993033184709050043619957814992336990502381361226010041236282087550353763234806936064847099590809 0 0 0 0 0 0 0 0 0 0 0 0 0 0 0 0 0 0 0 0 0 0 0 0 0 0 1 0 0 0 0 0 0 0 0 0 0 0 0 0 0 0 0 0 0 0 0 0 0 0 0 0 0 0 0 0 0 0 0 0 0 0 0 0 0 0 0 0 0 0 0 0 0 0 0 0 0 0 0 0 0 0 0 0 0 0 0 0 0 0 0 0 0 0 0 0 0 0 0 0 0 0 0 0 0 0 0 0 0 0]
[8440317160666966900657388233917725297874673692803985537837085538078166436026474657970486610177458729345258528593879776697141046263705835123817019847794907642574527403949402662351381224542258313664172609635045649832102589947004027602826667543966865464467759483212836721187441337813292917386774922319697399387923852418972841201621159820 0 0 0 0 0 0 0 0 0 0 0 0 0 0 0 0 0 0 0 0 0 0 0 0 0 0 0 1 0 0 0 0 0 0 0 0 0 0 0 0 0 0 0 0 0 0 0 0 0 0 0 0 0 0 0 0 0 0 0 0 0 0 0 0 0 0 0 0 0 0 0 0 0 0 0 0 0 0 0 0 0 0 0 0 0 0 0 0 0 0 0 0 0 0 0 0 0 0 0 0 0 0 0 0 0 0 0 0 0 0]
[3669571687795913926271662678998524073642405871736128832616042674531079803787756887720223634258983625393450284924795617190996973217580430253406846754667408690897378655679720751166958533668513344919524086672679077106615855753604693360961448643379605059186301702916018114172978382238966992649832782363523853180724535712894318940629834073 0 0 0 0 0 0 0 0 0 0 0 0 0 0 0 0 0 0 0 0 0 0 0 0 0 0 0 0 1 0 0 0 0 0 0 0 0 0 0 0 0 0 0 0 0 0 0 0 0 0 0 0 0 0 0 0 0 0 0 0 0 0 0 0 0 0 0 0 0 0 0 0 0 0 0 0 0 0 0 0 0 0 0 0 0 0 0 0 0 0 0 0 0 0 0 0 0 0 0 0 0 0 0 0 0 0 0 0 0 0]
[9426051825213578619477756432973390677816107561706744759221748318592265407455909227506742074520027269141090628958094766037264886574508969628671618194369724145540028735343506553578509554126423105298719950401713578225748584461973269884309788680186891358626957791192123052422729001474792238252034420794605759336102202442308456025546498436 0 0 0 0 0 0 0 0 0 0 0 0 0 0 0 0 0 0 0 0 0 0 0 0 0 0 0 0 0 1 0 0 0 0 0 0 0 0 0 0 0 0 0 0 0 0 0 0 0 0 0 0 0 0 0 0 0 0 0 0 0 0 0 0 0 0 0 0 0 0 0 0 0 0 0 0 0 0 0 0 0 0 0 0 0 0 0 0 0 0 0 0 0 0 0 0 0 0 0 0 0 0 0 0 0 0 0 0 0 0]
[4843648749989507000931293202771053847765703794667747664839987567161818489616061277392113098316042351203412516188680119357579678427144949679205206345074605311732199443594482235646502902128568337163867677151255777233466074518408518443864693331432002345487135986743996447013426221091800396459588539343620449857373661959090942396240711592 0 0 0 0 0 0 0 0 0 0 0 0 0 0 0 0 0 0 0 0 0 0 0 0 0 0 0 0 0 0 1 0 0 0 0 0 0 0 0 0 0 0 0 0 0 0 0 0 0 0 0 0 0 0 0 0 0 0 0 0 0 0 0 0 0 0 0 0 0 0 0 0 0 0 0 0 0 0 0 0 0 0 0 0 0 0 0 0 0 0 0 0 0 0 0 0 0 0 0 0 0 0 0 0 0 0 0 0 0 0]
[3069276296856352350986190362207326919903469438674168227392270033340852444482548804935198927120866328801524721603879336262020211945059810874439693700417939343547686881212230240203230222009479077792189737003227522038326009238920070607790076615518568220280204543563732250378090733213561628668087902630856921755172886457372741557781372623 0 0 0 0 0 0 0 0 0 0 0 0 0 0 0 0 0 0 0 0 0 0 0 0 0 0 0 0 0 0 0 1 0 0 0 0 0 0 0 0 0 0 0 0 0 0 0 0 0 0 0 0 0 0 0 0 0 0 0 0 0 0 0 0 0 0 0 0 0 0 0 0 0 0 0 0 0 0 0 0 0 0 0 0 0 0 0 0 0 0 0 0 0 0 0 0 0 0 0 0 0 0 0 0 0 0 0 0 0 0]
[1312741233668834603915812755458008871946846031157401086824574420706258295483608771666682757383129003704809907436976555115004023535838222653646363971691133318746415410430327741022437664428158947515480584684598132484618428300159513785815589401669960894185536730581962646990627731843025183644317109372345740837421902327157592066121943946 0 0 0 0 0 0 0 0 0 0 0 0 0 0 0 0 0 0 0 0 0 0 0 0 0 0 0 0 0 0 0 0 1 0 0 0 0 0 0 0 0 0 0 0 0 0 0 0 0 0 0 0 0 0 0 0 0 0 0 0 0 0 0 0 0 0 0 0 0 0 0 0 0 0 0 0 0 0 0 0 0 0 0 0 0 0 0 0 0 0 0 0 0 0 0 0 0 0 0 0 0 0 0 0 0 0 0 0 0 0]
[2499926826666217054553663878000501386555671060757702373640865069132841467102310444212705714476082824824288733562446354097805804041875339824720636262500732605115460083639966085382613339874685862327467085192115414065578538682149509393625867065930342329599907896860288150903041411570035930029211956877290880946194321750735524358558122468 0 0 0 0 0 0 0 0 0 0 0 0 0 0 0 0 0 0 0 0 0 0 0 0 0 0 0 0 0 0 0 0 0 1 0 0 0 0 0 0 0 0 0 0 0 0 0 0 0 0 0 0 0 0 0 0 0 0 0 0 0 0 0 0 0 0 0 0 0 0 0 0 0 0 0 0 0 0 0 0 0 0 0 0 0 0 0 0 0 0 0 0 0 0 0 0 0 0 0 0 0 0 0 0 0 0 0 0 0 0]
[2096161402187985888608995032161769111671582446872921203396208984608778614025163332495387333810024261305537266628743619057904980824678939633161482944122721301793016956106413784433391213564310448712810322882470073012521994166214329261670687060055902414189844073924594642260761039049247876051256675937255042545148928666069213588607542471 0 0 0 0 0 0 0 0 0 0 0 0 0 0 0 0 0 0 0 0 0 0 0 0 0 0 0 0 0 0 0 0 0 0 1 0 0 0 0 0 0 0 0 0 0 0 0 0 0 0 0 0 0 0 0 0 0 0 0 0 0 0 0 0 0 0 0 0 0 0 0 0 0 0 0 0 0 0 0 0 0 0 0 0 0 0 0 0 0 0 0 0 0 0 0 0 0 0 0 0 0 0 0 0 0 0 0 0 0 0]
[72871428444557698012226061879216614733548862836138356041761107904147533092829248358477798966389934548326421327445549326977168658084273874227648020466183869549440837347684901094851889092201506361763170877410127174439668381631099353395821185456820482798685402343544943768823713684958274706319425243564051806985295824950374874073944206 0 0 0 0 0 0 0 0 0 0 0 0 0 0 0 0 0 0 0 0 0 0 0 0 0 0 0 0 0 0 0 0 0 0 0 1 0 0 0 0 0 0 0 0 0 0 0 0 0 0 0 0 0 0 0 0 0 0 0 0 0 0 0 0 0 0 0 0 0 0 0 0 0 0 0 0 0 0 0 0 0 0 0 0 0 0 0 0 0 0 0 0 0 0 0 0 0 0 0 0 0 0 0 0 0 0 0 0 0 0]
[2334647255749674355908627299116903855777296148721199883998911222826007154083282447550375587095218164003916393346192731798157988875237094236399017197089433012324754417512320663387474769451438871752546723067071934492407763612498645109873063308006614847268308313984088982578999280780350193141383647481327265436616676913690156621104608946 0 0 0 0 0 0 0 0 0 0 0 0 0 0 0 0 0 0 0 0 0 0 0 0 0 0 0 0 0 0 0 0 0 0 0 0 1 0 0 0 0 0 0 0 0 0 0 0 0 0 0 0 0 0 0 0 0 0 0 0 0 0 0 0 0 0 0 0 0 0 0 0 0 0 0 0 0 0 0 0 0 0 0 0 0 0 0 0 0 0 0 0 0 0 0 0 0 0 0 0 0 0 0 0 0 0 0 0 0 0]
[4118891395268191928255829521617888867971541756342042788782511251870269106442098277921856889932135121755623118294478581150767422425361529068799981293793758603415936078789283569368763624810403975192215996767995929266390538372994362489274474344907171559840955830238958761444880176585943727068901822149286215597559140014126027313127747959 0 0 0 0 0 0 0 0 0 0 0 0 0 0 0 0 0 0 0 0 0 0 0 0 0 0 0 0 0 0 0 0 0 0 0 0 0 1 0 0 0 0 0 0 0 0 0 0 0 0 0 0 0 0 0 0 0 0 0 0 0 0 0 0 0 0 0 0 0 0 0 0 0 0 0 0 0 0 0 0 0 0 0 0 0 0 0 0 0 0 0 0 0 0 0 0 0 0 0 0 0 0 0 0 0 0 0 0 0 0]
[4401417623039312243766632294135339002718235668370746213605879633857708646085512094668397372597030056767033315102515117807978278332564438086308471602097527495054270991305022108571647423851343611013414767214198908147930669510804815981002162665261887686012445912754434545922472872721508700395113401744959341989809828478359081984220281122 0 0 0 0 0 0 0 0 0 0 0 0 0 0 0 0 0 0 0 0 0 0 0 0 0 0 0 0 0 0 0 0 0 0 0 0 0 0 1 0 0 0 0 0 0 0 0 0 0 0 0 0 0 0 0 0 0 0 0 0 0 0 0 0 0 0 0 0 0 0 0 0 0 0 0 0 0 0 0 0 0 0 0 0 0 0 0 0 0 0 0 0 0 0 0 0 0 0 0 0 0 0 0 0 0 0 0 0 0 0]
[7972509673650017443484092742022521716529090362488555082011267019244009099675226662976079527850479577119388651127208605444933420713261502581567681027831119219596342291357000613169696977443877098593539116378132043255578664431440358190328475823489152878506551953583491585036411630063367426935770119087733288546288528132981321904244376772 0 0 0 0 0 0 0 0 0 0 0 0 0 0 0 0 0 0 0 0 0 0 0 0 0 0 0 0 0 0 0 0 0 0 0 0 0 0 0 1 0 0 0 0 0 0 0 0 0 0 0 0 0 0 0 0 0 0 0 0 0 0 0 0 0 0 0 0 0 0 0 0 0 0 0 0 0 0 0 0 0 0 0 0 0 0 0 0 0 0 0 0 0 0 0 0 0 0 0 0 0 0 0 0 0 0 0 0 0 0]
[2571790297596703236112991570997035285898866298953476085924245821355752595843461745936420031289447089975859050401534101882864142756392628339821882833149947581232936371631103279803910200263429470483654295735773785039162328571083690980120435065576105504022152137249516201179286476837794966942481513666224904027239661312800004015398256671 0 0 0 0 0 0 0 0 0 0 0 0 0 0 0 0 0 0 0 0 0 0 0 0 0 0 0 0 0 0 0 0 0 0 0 0 0 0 0 0 1 0 0 0 0 0 0 0 0 0 0 0 0 0 0 0 0 0 0 0 0 0 0 0 0 0 0 0 0 0 0 0 0 0 0 0 0 0 0 0 0 0 0 0 0 0 0 0 0 0 0 0 0 0 0 0 0 0 0 0 0 0 0 0 0 0 0 0 0 0]
[9589960007472004455831477624522862192019872041664039653521695305827521654454828083778424577063636675280164839733530791075036217309166368205548634766841702705311051075312092238075167246611280006579039424668446720937477270671363994069558094083267483812645752844842480330657195578720878445167084406011114350662296295433377088299637753340 0 0 0 0 0 0 0 0 0 0 0 0 0 0 0 0 0 0 0 0 0 0 0 0 0 0 0 0 0 0 0 0 0 0 0 0 0 0 0 0 0 1 0 0 0 0 0 0 0 0 0 0 0 0 0 0 0 0 0 0 0 0 0 0 0 0 0 0 0 0 0 0 0 0 0 0 0 0 0 0 0 0 0 0 0 0 0 0 0 0 0 0 0 0 0 0 0 0 0 0 0 0 0 0 0 0 0 0 0 0]
[9330460012442148846244605739876328814110795335088461392440118569065555462710495539515591873807087496438584574695290834155302493779741122309362901948819014795947977960577977780152389916357075575410916516509850496227908273355861224561107411051208004936290526167385753498424540124034315059301007254746524703816919077624024858944248831830 0 0 0 0 0 0 0 0 0 0 0 0 0 0 0 0 0 0 0 0 0 0 0 0 0 0 0 0 0 0 0 0 0 0 0 0 0 0 0 0 0 0 1 0 0 0 0 0 0 0 0 0 0 0 0 0 0 0 0 0 0 0 0 0 0 0 0 0 0 0 0 0 0 0 0 0 0 0 0 0 0 0 0 0 0 0 0 0 0 0 0 0 0 0 0 0 0 0 0 0 0 0 0 0 0 0 0 0 0 0]
[2992714080990828520460736372758290811280966058069197826054880733262344378731914820753092962357432582783738186555517308601049997039858095385047924444061887585088968413075097842831388682473357867437071695833540779220705578122213493401471062564528717914331240002906209205014816415572773777478598040039430713566815818563329707266974387179 0 0 0 0 0 0 0 0 0 0 0 0 0 0 0 0 0 0 0 0 0 0 0 0 0 0 0 0 0 0 0 0 0 0 0 0 0 0 0 0 0 0 0 1 0 0 0 0 0 0 0 0 0 0 0 0 0 0 0 0 0 0 0 0 0 0 0 0 0 0 0 0 0 0 0 0 0 0 0 0 0 0 0 0 0 0 0 0 0 0 0 0 0 0 0 0 0 0 0 0 0 0 0 0 0 0 0 0 0 0]
[7124660436718033828567271959803975091644914305967539583659168388892337436626270812966612475356902018251400107134628913667261371040935999818454828054351439109049766079550178154629036105324797101073594732668365218313065861873337829952134933320297497534459170686593700618831712506350271675015007892138202162251506500326013905492334286569 0 0 0 0 0 0 0 0 0 0 0 0 0 0 0 0 0 0 0 0 0 0 0 0 0 0 0 0 0 0 0 0 0 0 0 0 0 0 0 0 0 0 0 0 1 0 0 0 0 0 0 0 0 0 0 0 0 0 0 0 0 0 0 0 0 0 0 0 0 0 0 0 0 0 0 0 0 0 0 0 0 0 0 0 0 0 0 0 0 0 0 0 0 0 0 0 0 0 0 0 0 0 0 0 0 0 0 0 0 0]
[1174885840951934971495948058965048568526555171645225734863126342137883651442874425836930051237065955860633060649911410047459655877452927554490077478184412236519271018655844528372571011561953627806450024847766623371340205121305378228373531475759839207135119858408252373015278537078982173228333835750288893933482339921802846685943785388 0 0 0 0 0 0 0 0 0 0 0 0 0 0 0 0 0 0 0 0 0 0 0 0 0 0 0 0 0 0 0 0 0 0 0 0 0 0 0 0 0 0 0 0 0 1 0 0 0 0 0 0 0 0 0 0 0 0 0 0 0 0 0 0 0 0 0 0 0 0 0 0 0 0 0 0 0 0 0 0 0 0 0 0 0 0 0 0 0 0 0 0 0 0 0 0 0 0 0 0 0 0 0 0 0 0 0 0 0 0]
[4421067729563578721671702495051465503757997258925536164511537467489304553632697521832613971871385932356351343549084208400998940568318170234841593547619601426243915409014092500953886891282011220887618044586414437840396010418634351601718064683645719586235615100931261369358939195689070378906543179371914781336414364763761163300028597245 0 0 0 0 0 0 0 0 0 0 0 0 0 0 0 0 0 0 0 0 0 0 0 0 0 0 0 0 0 0 0 0 0 0 0 0 0 0 0 0 0 0 0 0 0 0 1 0 0 0 0 0 0 0 0 0 0 0 0 0 0 0 0 0 0 0 0 0 0 0 0 0 0 0 0 0 0 0 0 0 0 0 0 0 0 0 0 0 0 0 0 0 0 0 0 0 0 0 0 0 0 0 0 0 0 0 0 0 0 0]
[8259580624139955934479735880260103312670490261455096303849306106273257805946833408730264859124143143839682641174337883001259233711916772316995849274866937223587847416333189148396342728111424298112097646285128593513332334051836105490279612486334985170517914373126218643327541478743987824409238128165870122153833756046406439475662726076 0 0 0 0 0 0 0 0 0 0 0 0 0 0 0 0 0 0 0 0 0 0 0 0 0 0 0 0 0 0 0 0 0 0 0 0 0 0 0 0 0 0 0 0 0 0 0 1 0 0 0 0 0 0 0 0 0 0 0 0 0 0 0 0 0 0 0 0 0 0 0 0 0 0 0 0 0 0 0 0 0 0 0 0 0 0 0 0 0 0 0 0 0 0 0 0 0 0 0 0 0 0 0 0 0 0 0 0 0 0]
[5362854812075869970995431219521490399997154399001667051015590344132048784613923433412871027917168657952974319263034965385933128953414367344468255649842135268093757933499241380624687135160685785871645457265288767429688897849531231024749099499901001217221646548240049851441482511305278744226832092623141331495645462213042738519756746418 0 0 0 0 0 0 0 0 0 0 0 0 0 0 0 0 0 0 0 0 0 0 0 0 0 0 0 0 0 0 0 0 0 0 0 0 0 0 0 0 0 0 0 0 0 0 0 0 1 0 0 0 0 0 0 0 0 0 0 0 0 0 0 0 0 0 0 0 0 0 0 0 0 0 0 0 0 0 0 0 0 0 0 0 0 0 0 0 0 0 0 0 0 0 0 0 0 0 0 0 0 0 0 0 0 0 0 0 0 0]
[8990098637366628245327717989215964731151861357224807712885158485679335453537182700722434831680296165492687711166971044556334952040905888577148447331033032251953796444805510154596184285528022126588310596707300640880979736705924134831872674842978944557572070521534959566041842096434226236084773706534669729844646707906651012941546029678 0 0 0 0 0 0 0 0 0 0 0 0 0 0 0 0 0 0 0 0 0 0 0 0 0 0 0 0 0 0 0 0 0 0 0 0 0 0 0 0 0 0 0 0 0 0 0 0 0 1 0 0 0 0 0 0 0 0 0 0 0 0 0 0 0 0 0 0 0 0 0 0 0 0 0 0 0 0 0 0 0 0 0 0 0 0 0 0 0 0 0 0 0 0 0 0 0 0 0 0 0 0 0 0 0 0 0 0 0 0]
[6954157303162192260794727802311008784503141986126814851321053365200510920575375888405507105815129356669531507353011355319727798116936134239274323930391316869754813639271804586449798531029446691993289438048289438804754156325506508119641812796900285493291668157414500172528810617623667746263285589308601949701125067453748598252883791064 0 0 0 0 0 0 0 0 0 0 0 0 0 0 0 0 0 0 0 0 0 0 0 0 0 0 0 0 0 0 0 0 0 0 0 0 0 0 0 0 0 0 0 0 0 0 0 0 0 0 1 0 0 0 0 0 0 0 0 0 0 0 0 0 0 0 0 0 0 0 0 0 0 0 0 0 0 0 0 0 0 0 0 0 0 0 0 0 0 0 0 0 0 0 0 0 0 0 0 0 0 0 0 0 0 0 0 0 0 0]
[1467615739197461685377946581189868651999918028634299329506049890364400818226352177134686938853903141134730503078909241219466466842933648870984864073378405519937547638756513765145531004255478091520707513458314131381431105812505136141357620292055935680672329621799459610339876091881724325613399060429221181567822534464247748681522157187 0 0 0 0 0 0 0 0 0 0 0 0 0 0 0 0 0 0 0 0 0 0 0 0 0 0 0 0 0 0 0 0 0 0 0 0 0 0 0 0 0 0 0 0 0 0 0 0 0 0 0 1 0 0 0 0 0 0 0 0 0 0 0 0 0 0 0 0 0 0 0 0 0 0 0 0 0 0 0 0 0 0 0 0 0 0 0 0 0 0 0 0 0 0 0 0 0 0 0 0 0 0 0 0 0 0 0 0 0 0]
[2401588126757741872575142062923947119906275806503936981118508095241749047497130054662505158009571579797236624620813069766841780369519114563766894687548506475307913667604341998719450390070032836155606776374625568439754520545938470025606260072052887890661129879962018803951292791923361346729353790830816708186341723242889328835332703987 0 0 0 0 0 0 0 0 0 0 0 0 0 0 0 0 0 0 0 0 0 0 0 0 0 0 0 0 0 0 0 0 0 0 0 0 0 0 0 0 0 0 0 0 0 0 0 0 0 0 0 0 1 0 0 0 0 0 0 0 0 0 0 0 0 0 0 0 0 0 0 0 0 0 0 0 0 0 0 0 0 0 0 0 0 0 0 0 0 0 0 0 0 0 0 0 0 0 0 0 0 0 0 0 0 0 0 0 0 0]
[3362658828170031405835976308635267927036732690465706426685495983765082670961775237083405195371705020081228593917146934653672543589183981748646242982883700271449891725515456558532446024188200391561542563698527923441045509298393719634735093660370289033002146586355012988180478087225352741496465327035277885181908432743301656566197890113 0 0 0 0 0 0 0 0 0 0 0 0 0 0 0 0 0 0 0 0 0 0 0 0 0 0 0 0 0 0 0 0 0 0 0 0 0 0 0 0 0 0 0 0 0 0 0 0 0 0 0 0 0 1 0 0 0 0 0 0 0 0 0 0 0 0 0 0 0 0 0 0 0 0 0 0 0 0 0 0 0 0 0 0 0 0 0 0 0 0 0 0 0 0 0 0 0 0 0 0 0 0 0 0 0 0 0 0 0 0]
[4930456746438252496643046343066235511345752349391401170963006820103631503563977444263343823471888643680244815247325799750473320359663565164658458687451470836773135082986126637434031232796885802472462708266692815843020549774009064074652729549708895855766811858102517448756881947954195195939970464062171075738094138898213451971647587253 0 0 0 0 0 0 0 0 0 0 0 0 0 0 0 0 0 0 0 0 0 0 0 0 0 0 0 0 0 0 0 0 0 0 0 0 0 0 0 0 0 0 0 0 0 0 0 0 0 0 0 0 0 0 1 0 0 0 0 0 0 0 0 0 0 0 0 0 0 0 0 0 0 0 0 0 0 0 0 0 0 0 0 0 0 0 0 0 0 0 0 0 0 0 0 0 0 0 0 0 0 0 0 0 0 0 0 0 0 0]
[5930943384629175755304287697458172062718415944618165073963074511131807966534459708759541765869997942018551608989751712573833538686678121850136456939128419882586471819116918228350400229844020457096681931769483294246754687264538353387538056194084131554510901403969797673462076586089625330392180856557826207099478056308691440888160358487 0 0 0 0 0 0 0 0 0 0 0 0 0 0 0 0 0 0 0 0 0 0 0 0 0 0 0 0 0 0 0 0 0 0 0 0 0 0 0 0 0 0 0 0 0 0 0 0 0 0 0 0 0 0 0 1 0 0 0 0 0 0 0 0 0 0 0 0 0 0 0 0 0 0 0 0 0 0 0 0 0 0 0 0 0 0 0 0 0 0 0 0 0 0 0 0 0 0 0 0 0 0 0 0 0 0 0 0 0 0]
[1583891640502647260439935055283821834824718876279904612413160283570348739774896432356058404765837895584250288370277337440708002021688890586503312351323095445632905617972026619734851152210597951000606832929932805560084326974784391800813712313775657973991271364280475074418850729570608071894445889030051002610518010587737100138221337174 0 0 0 0 0 0 0 0 0 0 0 0 0 0 0 0 0 0 0 0 0 0 0 0 0 0 0 0 0 0 0 0 0 0 0 0 0 0 0 0 0 0 0 0 0 0 0 0 0 0 0 0 0 0 0 0 1 0 0 0 0 0 0 0 0 0 0 0 0 0 0 0 0 0 0 0 0 0 0 0 0 0 0 0 0 0 0 0 0 0 0 0 0 0 0 0 0 0 0 0 0 0 0 0 0 0 0 0 0 0]
[8599212513152511238582452585621105749496916029572901949315742868624833139054380529256008260850663572646091916612439134472534588539012045787890237960321348710065906534568492729674232206058230801957100241404242194566375177454783360526081103171566583273589614648894995161064000812275976341790492300678569220188664627232049429977666137132 0 0 0 0 0 0 0 0 0 0 0 0 0 0 0 0 0 0 0 0 0 0 0 0 0 0 0 0 0 0 0 0 0 0 0 0 0 0 0 0 0 0 0 0 0 0 0 0 0 0 0 0 0 0 0 0 0 1 0 0 0 0 0 0 0 0 0 0 0 0 0 0 0 0 0 0 0 0 0 0 0 0 0 0 0 0 0 0 0 0 0 0 0 0 0 0 0 0 0 0 0 0 0 0 0 0 0 0 0 0]
[7634221592731760560620183814560373525756036947894443121753258434556079383346486994611676970975631407560657684309179138145227473578825323940463142547164816463197376588044296098054312670044535668309352737156803174803955855787557018966355412527475647178819466140223678829372049427795601460486612878362698644259830115949627185154357222602 0 0 0 0 0 0 0 0 0 0 0 0 0 0 0 0 0 0 0 0 0 0 0 0 0 0 0 0 0 0 0 0 0 0 0 0 0 0 0 0 0 0 0 0 0 0 0 0 0 0 0 0 0 0 0 0 0 0 1 0 0 0 0 0 0 0 0 0 0 0 0 0 0 0 0 0 0 0 0 0 0 0 0 0 0 0 0 0 0 0 0 0 0 0 0 0 0 0 0 0 0 0 0 0 0 0 0 0 0 0]
[2980890812560768085012497127278786648717507935425985743818191868338682581334793071634866601052344104882042535132284435436110615575355568211539442805583118463113151957322285604781835734586546915676939544855307268554758245039073747019046546693924225622535812262109767883441692632021475398205386122165355609994006157399965059959498149283 0 0 0 0 0 0 0 0 0 0 0 0 0 0 0 0 0 0 0 0 0 0 0 0 0 0 0 0 0 0 0 0 0 0 0 0 0 0 0 0 0 0 0 0 0 0 0 0 0 0 0 0 0 0 0 0 0 0 0 1 0 0 0 0 0 0 0 0 0 0 0 0 0 0 0 0 0 0 0 0 0 0 0 0 0 0 0 0 0 0 0 0 0 0 0 0 0 0 0 0 0 0 0 0 0 0 0 0 0 0]
[2947553665709830402596642900725362750863888743752641017569307930043405152220155786236799161289497243403137911596485553818033671554523436008821464928134491075292397291155863496745647842004267287197075589885218274370186832517400457429780226696302044834327475948309571882685800582121726889730853336016445740398362157111191677830502236119 0 0 0 0 0 0 0 0 0 0 0 0 0 0 0 0 0 0 0 0 0 0 0 0 0 0 0 0 0 0 0 0 0 0 0 0 0 0 0 0 0 0 0 0 0 0 0 0 0 0 0 0 0 0 0 0 0 0 0 0 1 0 0 0 0 0 0 0 0 0 0 0 0 0 0 0 0 0 0 0 0 0 0 0 0 0 0 0 0 0 0 0 0 0 0 0 0 0 0 0 0 0 0 0 0 0 0 0 0 0]
[1825595859771393049573692394529695242313820866936862202278151018890941468846474866215203610328134362671134642034324047844377973397677513376659392607164427411550420056836716432762279336323660047155142960452728145890296954096730915334521596951494651719476426118541610129798106741936265248038351309909044100416833302404968778462464144290 0 0 0 0 0 0 0 0 0 0 0 0 0 0 0 0 0 0 0 0 0 0 0 0 0 0 0 0 0 0 0 0 0 0 0 0 0 0 0 0 0 0 0 0 0 0 0 0 0 0 0 0 0 0 0 0 0 0 0 0 0 1 0 0 0 0 0 0 0 0 0 0 0 0 0 0 0 0 0 0 0 0 0 0 0 0 0 0 0 0 0 0 0 0 0 0 0 0 0 0 0 0 0 0 0 0 0 0 0 0]
[4450739360105288065501688281702181496272172120247404783274743705083398443816762225769022020120615643391800916812097465846765865880809478707334766649854220499564688721122332185745909186141034181172560148275176353956193630052433142588334078031351358811506537518767400063548005387301050963429803354893937367118868987978656843986878044547 0 0 0 0 0 0 0 0 0 0 0 0 0 0 0 0 0 0 0 0 0 0 0 0 0 0 0 0 0 0 0 0 0 0 0 0 0 0 0 0 0 0 0 0 0 0 0 0 0 0 0 0 0 0 0 0 0 0 0 0 0 0 1 0 0 0 0 0 0 0 0 0 0 0 0 0 0 0 0 0 0 0 0 0 0 0 0 0 0 0 0 0 0 0 0 0 0 0 0 0 0 0 0 0 0 0 0 0 0 0]
[5822364433104739608324438334116837621257972422003783602924991917657467837176102770933398603382673590393189614507166222606905945839265485313766239441748235606397265167917250396335494734980100549973412457878421784151544032970816616489562204096971654570799253012980188046738981260181730339845692712426674446724215225928767327116888073042 0 0 0 0 0 0 0 0 0 0 0 0 0 0 0 0 0 0 0 0 0 0 0 0 0 0 0 0 0 0 0 0 0 0 0 0 0 0 0 0 0 0 0 0 0 0 0 0 0 0 0 0 0 0 0 0 0 0 0 0 0 0 0 1 0 0 0 0 0 0 0 0 0 0 0 0 0 0 0 0 0 0 0 0 0 0 0 0 0 0 0 0 0 0 0 0 0 0 0 0 0 0 0 0 0 0 0 0 0 0]
[7206421687607971387600300744115025386335670115608736550693929362940646854896715039690345685131099388247998810803689741451587654524286893395671687234227212541846750790007223088243824259700624005760053792382411716590563112493691699149665881743707805406565450649235251177493784388773538403459353829379017844481497400523303276872435657258 0 0 0 0 0 0 0 0 0 0 0 0 0 0 0 0 0 0 0 0 0 0 0 0 0 0 0 0 0 0 0 0 0 0 0 0 0 0 0 0 0 0 0 0 0 0 0 0 0 0 0 0 0 0 0 0 0 0 0 0 0 0 0 0 1 0 0 0 0 0 0 0 0 0 0 0 0 0 0 0 0 0 0 0 0 0 0 0 0 0 0 0 0 0 0 0 0 0 0 0 0 0 0 0 0 0 0 0 0 0]
[2629702944124493957706890754770879790406437520482043474716949005143576356396996261191412552878531862308579090772305139773208804785255452263146000796993177994059236049554824316510784075788328149780033040711361996991877964852377542033555864045168030954592928625563036286023966851036885072979926242147134833559769222605132395170434111454 0 0 0 0 0 0 0 0 0 0 0 0 0 0 0 0 0 0 0 0 0 0 0 0 0 0 0 0 0 0 0 0 0 0 0 0 0 0 0 0 0 0 0 0 0 0 0 0 0 0 0 0 0 0 0 0 0 0 0 0 0 0 0 0 0 1 0 0 0 0 0 0 0 0 0 0 0 0 0 0 0 0 0 0 0 0 0 0 0 0 0 0 0 0 0 0 0 0 0 0 0 0 0 0 0 0 0 0 0 0]
[3613379689028489003870488866179104189138600224235439150229544007384601171154786572268099352247165388522349945810693898162074894684807660242096373836833636242557792184953579839231908449874641658668771307212566729184018860115981684085434375017817787500292353967680811669336101738772538072913490589663291497934782618876180667807119757569 0 0 0 0 0 0 0 0 0 0 0 0 0 0 0 0 0 0 0 0 0 0 0 0 0 0 0 0 0 0 0 0 0 0 0 0 0 0 0 0 0 0 0 0 0 0 0 0 0 0 0 0 0 0 0 0 0 0 0 0 0 0 0 0 0 0 1 0 0 0 0 0 0 0 0 0 0 0 0 0 0 0 0 0 0 0 0 0 0 0 0 0 0 0 0 0 0 0 0 0 0 0 0 0 0 0 0 0 0 0]
[7125324665538485896754201113349563020405793529722885088659584052064458255078132896863147053306559492806348276897361350951257396104193644645288129146649074257544094917498007796072416219978601426351741239010436586513082871479049738593916618880499759716736852609918302682002221127817492105834316570886112741445648203854971354330163044014 0 0 0 0 0 0 0 0 0 0 0 0 0 0 0 0 0 0 0 0 0 0 0 0 0 0 0 0 0 0 0 0 0 0 0 0 0 0 0 0 0 0 0 0 0 0 0 0 0 0 0 0 0 0 0 0 0 0 0 0 0 0 0 0 0 0 0 1 0 0 0 0 0 0 0 0 0 0 0 0 0 0 0 0 0 0 0 0 0 0 0 0 0 0 0 0 0 0 0 0 0 0 0 0 0 0 0 0 0 0]
[8239688733845885076600193717127048765775919743873609507707186052859828758711660744442686579330712728850773805595680006016190818937792378037314179389782551999568635174449179653599372148109229827213845832491453338238669371163557000170810669724149293695917543997349766274827452676968905504238737026356959912037829750700657431307671506437 0 0 0 0 0 0 0 0 0 0 0 0 0 0 0 0 0 0 0 0 0 0 0 0 0 0 0 0 0 0 0 0 0 0 0 0 0 0 0 0 0 0 0 0 0 0 0 0 0 0 0 0 0 0 0 0 0 0 0 0 0 0 0 0 0 0 0 0 1 0 0 0 0 0 0 0 0 0 0 0 0 0 0 0 0 0 0 0 0 0 0 0 0 0 0 0 0 0 0 0 0 0 0 0 0 0 0 0 0 0]
[7073452625059851378167230982538320943567412981196321994073682617337949013834330749963166887467697435949176129132958379778639495698837876505618066283059481197659264580712707655964725736670625071919196966626039029287100213483473405172142627257257959798476896235299040276019814097102257850392783730936300059869926129323096568322130205473 0 0 0 0 0 0 0 0 0 0 0 0 0 0 0 0 0 0 0 0 0 0 0 0 0 0 0 0 0 0 0 0 0 0 0 0 0 0 0 0 0 0 0 0 0 0 0 0 0 0 0 0 0 0 0 0 0 0 0 0 0 0 0 0 0 0 0 0 0 1 0 0 0 0 0 0 0 0 0 0 0 0 0 0 0 0 0 0 0 0 0 0 0 0 0 0 0 0 0 0 0 0 0 0 0 0 0 0 0 0]
[7362286664893041434520602712330779846210797417519149667030859837092407954114483125889537412631146734931236728266167751380560726646207089430707914012784209496834115838774539594208330621247035346303212470902906126003552167771556037969674921430797315695435400964757717088145426467556111236344862136891438169902393131833379364438429272533 0 0 0 0 0 0 0 0 0 0 0 0 0 0 0 0 0 0 0 0 0 0 0 0 0 0 0 0 0 0 0 0 0 0 0 0 0 0 0 0 0 0 0 0 0 0 0 0 0 0 0 0 0 0 0 0 0 0 0 0 0 0 0 0 0 0 0 0 0 0 1 0 0 0 0 0 0 0 0 0 0 0 0 0 0 0 0 0 0 0 0 0 0 0 0 0 0 0 0 0 0 0 0 0 0 0 0 0 0 0]
[1942738040728250068726144465222982941525911728377321218555070679481495118733844887850202276828089014204557267821467146613703599840412275371675936596050510815969280092572147062669304131111364222758257663756229221683825808526659601656122380455965759737779300132857808865831740772623658286149520532919836097911770058241975102280536969980 0 0 0 0 0 0 0 0 0 0 0 0 0 0 0 0 0 0 0 0 0 0 0 0 0 0 0 0 0 0 0 0 0 0 0 0 0 0 0 0 0 0 0 0 0 0 0 0 0 0 0 0 0 0 0 0 0 0 0 0 0 0 0 0 0 0 0 0 0 0 0 1 0 0 0 0 0 0 0 0 0 0 0 0 0 0 0 0 0 0 0 0 0 0 0 0 0 0 0 0 0 0 0 0 0 0 0 0 0 0]
[2374981461822570826080041153664153387492179703189547780179108799233280436363006252006333766566866643963714467628295434964831779269657490911282433964706269180437868197747592594831327709829026682959812652640890621039369202181910620095981111774676381715892512127475027939773396991617869933875634430601545574322896980451533543481014007674 0 0 0 0 0 0 0 0 0 0 0 0 0 0 0 0 0 0 0 0 0 0 0 0 0 0 0 0 0 0 0 0 0 0 0 0 0 0 0 0 0 0 0 0 0 0 0 0 0 0 0 0 0 0 0 0 0 0 0 0 0 0 0 0 0 0 0 0 0 0 0 0 1 0 0 0 0 0 0 0 0 0 0 0 0 0 0 0 0 0 0 0 0 0 0 0 0 0 0 0 0 0 0 0 0 0 0 0 0 0]
[9892432708583856450603744763268134270022294657729881781598582757044078420371405126898226885788410931942130062761301472755443715584939208857826738821761811683711881101653335061809374240742571984128263770433998558115678409473399613587885783480726317512331529709045471989564732617103136435443011087386096311414909040450093045114558046636 0 0 0 0 0 0 0 0 0 0 0 0 0 0 0 0 0 0 0 0 0 0 0 0 0 0 0 0 0 0 0 0 0 0 0 0 0 0 0 0 0 0 0 0 0 0 0 0 0 0 0 0 0 0 0 0 0 0 0 0 0 0 0 0 0 0 0 0 0 0 0 0 0 1 0 0 0 0 0 0 0 0 0 0 0 0 0 0 0 0 0 0 0 0 0 0 0 0 0 0 0 0 0 0 0 0 0 0 0 0]
[1682245987718453470972651017859150391332366443603464628807302153659772210705245693789003193860721222590364591443005712007940792102287517693724429196803264246047769079380448449061744691144120126508262065454613913407710050791880301829166950425359512224843025829252728283708229917655503115027536711851871704363386826658624114971776544717 0 0 0 0 0 0 0 0 0 0 0 0 0 0 0 0 0 0 0 0 0 0 0 0 0 0 0 0 0 0 0 0 0 0 0 0 0 0 0 0 0 0 0 0 0 0 0 0 0 0 0 0 0 0 0 0 0 0 0 0 0 0 0 0 0 0 0 0 0 0 0 0 0 0 1 0 0 0 0 0 0 0 0 0 0 0 0 0 0 0 0 0 0 0 0 0 0 0 0 0 0 0 0 0 0 0 0 0 0 0]
[7052241554069051272710459813229831130630780604977470052217223454161980608828909913155653576342307631928960019335451797531390919336557914982992294208164904106652834798098743738216407556505453432000029087429677480974613499693428739928655365849919860072312993294213407349422549555174357749711810437806192032489990798899830044563898311427 0 0 0 0 0 0 0 0 0 0 0 0 0 0 0 0 0 0 0 0 0 0 0 0 0 0 0 0 0 0 0 0 0 0 0 0 0 0 0 0 0 0 0 0 0 0 0 0 0 0 0 0 0 0 0 0 0 0 0 0 0 0 0 0 0 0 0 0 0 0 0 0 0 0 0 1 0 0 0 0 0 0 0 0 0 0 0 0 0 0 0 0 0 0 0 0 0 0 0 0 0 0 0 0 0 0 0 0 0 0]
[3709810696357826964889507675673448066152192760081952635729752520199838445190213864832282834217515795653147712320485691747459156625434643336246947223151312849512333253762103704968065606748282653432622585606511948476841462495887855889883187222555857766205865911131934286989443466715123872717267526867652785323167814655317562301807319952 0 0 0 0 0 0 0 0 0 0 0 0 0 0 0 0 0 0 0 0 0 0 0 0 0 0 0 0 0 0 0 0 0 0 0 0 0 0 0 0 0 0 0 0 0 0 0 0 0 0 0 0 0 0 0 0 0 0 0 0 0 0 0 0 0 0 0 0 0 0 0 0 0 0 0 0 1 0 0 0 0 0 0 0 0 0 0 0 0 0 0 0 0 0 0 0 0 0 0 0 0 0 0 0 0 0 0 0 0 0]
[2547787985784388175856070604138784826823741499619975556406861647714070959869271907082974132486090138011827577968821049872589765625213412150856067263065238851476875568511167966773777444498484910354292788670060310109508635681247068257110042133813406715892853842979148567898824582472382999850130162340852600363376165967347919736213165755 0 0 0 0 0 0 0 0 0 0 0 0 0 0 0 0 0 0 0 0 0 0 0 0 0 0 0 0 0 0 0 0 0 0 0 0 0 0 0 0 0 0 0 0 0 0 0 0 0 0 0 0 0 0 0 0 0 0 0 0 0 0 0 0 0 0 0 0 0 0 0 0 0 0 0 0 0 1 0 0 0 0 0 0 0 0 0 0 0 0 0 0 0 0 0 0 0 0 0 0 0 0 0 0 0 0 0 0 0 0]
[2240602571716706832774398922657048776107153198704907613665024702844337679762730735455101561282082646804263552472479946937651928468261446192695461713550132106293261951396540946844757915262332283404679723603113680742992438930015463378267511207576052473595443439276097021036973641364206626985359010515259168258318341424916971037049889340 0 0 0 0 0 0 0 0 0 0 0 0 0 0 0 0 0 0 0 0 0 0 0 0 0 0 0 0 0 0 0 0 0 0 0 0 0 0 0 0 0 0 0 0 0 0 0 0 0 0 0 0 0 0 0 0 0 0 0 0 0 0 0 0 0 0 0 0 0 0 0 0 0 0 0 0 0 0 1 0 0 0 0 0 0 0 0 0 0 0 0 0 0 0 0 0 0 0 0 0 0 0 0 0 0 0 0 0 0 0]
[2194923321670990948456624639761877501285052685144348594585365739455937351391786094434438619057186260963776153893706680256359655155176020712354919032106535773176085798336512305321415350490356861733555628703880584997597673852909524477253308744009644396760679711033684805974917964483993755021621962188308083486520245039864910802329561874 0 0 0 0 0 0 0 0 0 0 0 0 0 0 0 0 0 0 0 0 0 0 0 0 0 0 0 0 0 0 0 0 0 0 0 0 0 0 0 0 0 0 0 0 0 0 0 0 0 0 0 0 0 0 0 0 0 0 0 0 0 0 0 0 0 0 0 0 0 0 0 0 0 0 0 0 0 0 0 1 0 0 0 0 0 0 0 0 0 0 0 0 0 0 0 0 0 0 0 0 0 0 0 0 0 0 0 0 0 0]
[6567646871702816325657672416376561418733053351029844279006684846671596672467826858006916074494510176663894230554037377562818464340411336672849554486894532834374027944807779447984666871308465339983042421929218102523029008986030934665647509509356236897042250754995247497738057017932523309380766241194043553902505159863325305317475492207 0 0 0 0 0 0 0 0 0 0 0 0 0 0 0 0 0 0 0 0 0 0 0 0 0 0 0 0 0 0 0 0 0 0 0 0 0 0 0 0 0 0 0 0 0 0 0 0 0 0 0 0 0 0 0 0 0 0 0 0 0 0 0 0 0 0 0 0 0 0 0 0 0 0 0 0 0 0 0 0 1 0 0 0 0 0 0 0 0 0 0 0 0 0 0 0 0 0 0 0 0 0 0 0 0 0 0 0 0 0]
[2896552111543360954581593850145950134953523828636084580375111691184380854197746216534992349969009317890591278027297599786975102840098969260561605720475309342597362853051819728410760196928802280910593057728984842884163979115625770325896305995527394482652587625227220619502534407404265292881391034039814952373658122097108900093389613611 0 0 0 0 0 0 0 0 0 0 0 0 0 0 0 0 0 0 0 0 0 0 0 0 0 0 0 0 0 0 0 0 0 0 0 0 0 0 0 0 0 0 0 0 0 0 0 0 0 0 0 0 0 0 0 0 0 0 0 0 0 0 0 0 0 0 0 0 0 0 0 0 0 0 0 0 0 0 0 0 0 1 0 0 0 0 0 0 0 0 0 0 0 0 0 0 0 0 0 0 0 0 0 0 0 0 0 0 0 0]
[3155634568849903158243427351585206127237691974687781352352958975814747924966759526196638583653049581631898809155980945509473332271262602560455256775617988691993412636697648674719933615851776693719805509493728614183209185441604199198353552919317624125755824100648104560327908931449083100948012122078634365788669922192949194583781337583 0 0 0 0 0 0 0 0 0 0 0 0 0 0 0 0 0 0 0 0 0 0 0 0 0 0 0 0 0 0 0 0 0 0 0 0 0 0 0 0 0 0 0 0 0 0 0 0 0 0 0 0 0 0 0 0 0 0 0 0 0 0 0 0 0 0 0 0 0 0 0 0 0 0 0 0 0 0 0 0 0 0 1 0 0 0 0 0 0 0 0 0 0 0 0 0 0 0 0 0 0 0 0 0 0 0 0 0 0 0]
[5486448471418784935872177948775773617714006798899165268998122913589902359561743342777184594874408571705491399602826089177482109576255337012188495433224517160340600846567418641703795803547755275532101850568173517375623022518935895899564598790692466878915336145001209288025122343382224629473427265290106254525686283142419493815872609171 0 0 0 0 0 0 0 0 0 0 0 0 0 0 0 0 0 0 0 0 0 0 0 0 0 0 0 0 0 0 0 0 0 0 0 0 0 0 0 0 0 0 0 0 0 0 0 0 0 0 0 0 0 0 0 0 0 0 0 0 0 0 0 0 0 0 0 0 0 0 0 0 0 0 0 0 0 0 0 0 0 0 0 1 0 0 0 0 0 0 0 0 0 0 0 0 0 0 0 0 0 0 0 0 0 0 0 0 0 0]
[3310029994717258028097094973447542851684810258230193270835650394498442493147967817941333371247359998569605353347381516748570448400114882168720534884517055045648015936813621711154046786590203939226240947854536641094479849597760648463631889890998460701059968877198754314270005593120976426071244364116748144891420107461874259852450773097 0 0 0 0 0 0 0 0 0 0 0 0 0 0 0 0 0 0 0 0 0 0 0 0 0 0 0 0 0 0 0 0 0 0 0 0 0 0 0 0 0 0 0 0 0 0 0 0 0 0 0 0 0 0 0 0 0 0 0 0 0 0 0 0 0 0 0 0 0 0 0 0 0 0 0 0 0 0 0 0 0 0 0 0 1 0 0 0 0 0 0 0 0 0 0 0 0 0 0 0 0 0 0 0 0 0 0 0 0 0]
[7915313921126379574262660044013840943674131398078606335880067540985863398828517811416788421965657758767461475014611355539243287440963565949780747331950176022691609485300946805114630024775775790129121081797049825078497197918162268623780500413374666003072169873479075251878384643288009710749703369097029252167426185689770243529565252937 0 0 0 0 0 0 0 0 0 0 0 0 0 0 0 0 0 0 0 0 0 0 0 0 0 0 0 0 0 0 0 0 0 0 0 0 0 0 0 0 0 0 0 0 0 0 0 0 0 0 0 0 0 0 0 0 0 0 0 0 0 0 0 0 0 0 0 0 0 0 0 0 0 0 0 0 0 0 0 0 0 0 0 0 0 1 0 0 0 0 0 0 0 0 0 0 0 0 0 0 0 0 0 0 0 0 0 0 0 0]
[6734612636331257723796830090697150612363132425454942463852480276384982977670964709972013984508851035349946934595073504308616805993517662353404645219220523126722974337491480267454188152137876871786305770216662913092407708640651580724283306806878195552929659605611805699132414234669490838952131928801381159327995435073715321633061743253 0 0 0 0 0 0 0 0 0 0 0 0 0 0 0 0 0 0 0 0 0 0 0 0 0 0 0 0 0 0 0 0 0 0 0 0 0 0 0 0 0 0 0 0 0 0 0 0 0 0 0 0 0 0 0 0 0 0 0 0 0 0 0 0 0 0 0 0 0 0 0 0 0 0 0 0 0 0 0 0 0 0 0 0 0 0 1 0 0 0 0 0 0 0 0 0 0 0 0 0 0 0 0 0 0 0 0 0 0 0]
[10016631899109733272475689353844817038372804696855134095058791668239341587748972943126484891620511827838991869896681360217603075191633192256191289792670855312294102551172629403937921671814910275517343248663455217934827328927666145879756431394033411130553023835767060134921043303220047730188793797836955457902643701772283368880788330238 0 0 0 0 0 0 0 0 0 0 0 0 0 0 0 0 0 0 0 0 0 0 0 0 0 0 0 0 0 0 0 0 0 0 0 0 0 0 0 0 0 0 0 0 0 0 0 0 0 0 0 0 0 0 0 0 0 0 0 0 0 0 0 0 0 0 0 0 0 0 0 0 0 0 0 0 0 0 0 0 0 0 0 0 0 0 0 1 0 0 0 0 0 0 0 0 0 0 0 0 0 0 0 0 0 0 0 0 0 0]
[3776007283847165815527822297521720505528581994983537369017655379876106627865206746260223129837980853495681302451537527992338315301980732315913606888148697733259958721665769632739948533618145363176199496375732750133934336831346971974643240821727572321559381414828923185566416417563108304065299287181663575345188889347384978522430308459 0 0 0 0 0 0 0 0 0 0 0 0 0 0 0 0 0 0 0 0 0 0 0 0 0 0 0 0 0 0 0 0 0 0 0 0 0 0 0 0 0 0 0 0 0 0 0 0 0 0 0 0 0 0 0 0 0 0 0 0 0 0 0 0 0 0 0 0 0 0 0 0 0 0 0 0 0 0 0 0 0 0 0 0 0 0 0 0 1 0 0 0 0 0 0 0 0 0 0 0 0 0 0 0 0 0 0 0 0 0]
[2859335545032749840454989388762012287569892618716098934792893483820744704529319570808459415165823695220231824904152501319762361049049677681773704095586763735208000785010844007295491077955313373760980551103785902979617250394929722541065302362688992296828517026868188237728016206068675483162647421067631053711370640575845349981477719756 0 0 0 0 0 0 0 0 0 0 0 0 0 0 0 0 0 0 0 0 0 0 0 0 0 0 0 0 0 0 0 0 0 0 0 0 0 0 0 0 0 0 0 0 0 0 0 0 0 0 0 0 0 0 0 0 0 0 0 0 0 0 0 0 0 0 0 0 0 0 0 0 0 0 0 0 0 0 0 0 0 0 0 0 0 0 0 0 0 1 0 0 0 0 0 0 0 0 0 0 0 0 0 0 0 0 0 0 0 0]
[9991189798004088962178995058891732318811223877279908636496014031576791123027510246695340113003469938719245843956896808670362630964922157565410135443666757668567056605903840315708077836894996916116884005784372962901234852161449710370327965205897264358278792917648828870276823004081308430213209349632463886874896171721535594795096222822 0 0 0 0 0 0 0 0 0 0 0 0 0 0 0 0 0 0 0 0 0 0 0 0 0 0 0 0 0 0 0 0 0 0 0 0 0 0 0 0 0 0 0 0 0 0 0 0 0 0 0 0 0 0 0 0 0 0 0 0 0 0 0 0 0 0 0 0 0 0 0 0 0 0 0 0 0 0 0 0 0 0 0 0 0 0 0 0 0 0 1 0 0 0 0 0 0 0 0 0 0 0 0 0 0 0 0 0 0 0]
[7530389992637354658019389129428988368249429074489737735726219128311139014979589903920028693234855348740943205071725303270115645370032978830553974286270330223842864695118156803951711763667334748309128154445606079895923649950531627668925924007118474621971849281226484341657324542834457759662362016507740809538047332130945264853168965739 0 0 0 0 0 0 0 0 0 0 0 0 0 0 0 0 0 0 0 0 0 0 0 0 0 0 0 0 0 0 0 0 0 0 0 0 0 0 0 0 0 0 0 0 0 0 0 0 0 0 0 0 0 0 0 0 0 0 0 0 0 0 0 0 0 0 0 0 0 0 0 0 0 0 0 0 0 0 0 0 0 0 0 0 0 0 0 0 0 0 0 1 0 0 0 0 0 0 0 0 0 0 0 0 0 0 0 0 0 0]
[4762007801825534875631110957401909702898097573286821889589176427712625472750356925608094636885650480720227316465808632229650088824068996495575300047731276615157458136553953183534822148997912141336727358529833188767201861996150822097833218451133359999111925339755713979514491655070656882892864001745238427011041905350150185748269816643 0 0 0 0 0 0 0 0 0 0 0 0 0 0 0 0 0 0 0 0 0 0 0 0 0 0 0 0 0 0 0 0 0 0 0 0 0 0 0 0 0 0 0 0 0 0 0 0 0 0 0 0 0 0 0 0 0 0 0 0 0 0 0 0 0 0 0 0 0 0 0 0 0 0 0 0 0 0 0 0 0 0 0 0 0 0 0 0 0 0 0 0 1 0 0 0 0 0 0 0 0 0 0 0 0 0 0 0 0 0]
[6327879316102463981218080967780037744499681474463211188857618047589020995930928911512674153804157557215202410714059895655303631064131548140077447653567204576799873835030990981976777452628427052106641865420134038620688982791192626150524104072165755402103978333773368927259761638986553606890624330377580739567901098528407842845106296627 0 0 0 0 0 0 0 0 0 0 0 0 0 0 0 0 0 0 0 0 0 0 0 0 0 0 0 0 0 0 0 0 0 0 0 0 0 0 0 0 0 0 0 0 0 0 0 0 0 0 0 0 0 0 0 0 0 0 0 0 0 0 0 0 0 0 0 0 0 0 0 0 0 0 0 0 0 0 0 0 0 0 0 0 0 0 0 0 0 0 0 0 0 1 0 0 0 0 0 0 0 0 0 0 0 0 0 0 0 0]
[1381408695651952180799216546260283663923158774295712546720800631819406994431871465106079515024829949261280328464445523238998164662490945348039545315827543557993745271419449893537729858478549130839236282540679648500959181950001927392075883462975105768487805535621439815348826268999533591584889447470157227308032072010294138646549408814 0 0 0 0 0 0 0 0 0 0 0 0 0 0 0 0 0 0 0 0 0 0 0 0 0 0 0 0 0 0 0 0 0 0 0 0 0 0 0 0 0 0 0 0 0 0 0 0 0 0 0 0 0 0 0 0 0 0 0 0 0 0 0 0 0 0 0 0 0 0 0 0 0 0 0 0 0 0 0 0 0 0 0 0 0 0 0 0 0 0 0 0 0 0 1 0 0 0 0 0 0 0 0 0 0 0 0 0 0 0]
[10006336548715127545381024270132332519566957709557836507772900709751092677132792697047251029758102844909313677259253026089958741326442761465056924271486392318017872025827044220668358148126797170980496537529469659216191249769720031858366884369243299801900046512274975418813421501253818666006000795241471954677527158524982932738539538326 0 0 0 0 0 0 0 0 0 0 0 0 0 0 0 0 0 0 0 0 0 0 0 0 0 0 0 0 0 0 0 0 0 0 0 0 0 0 0 0 0 0 0 0 0 0 0 0 0 0 0 0 0 0 0 0 0 0 0 0 0 0 0 0 0 0 0 0 0 0 0 0 0 0 0 0 0 0 0 0 0 0 0 0 0 0 0 0 0 0 0 0 0 0 0 1 0 0 0 0 0 0 0 0 0 0 0 0 0 0]
[4301024227612092893367940329119919410647229368377493298770584962570938160349211736904087952422976523179317722675027964268729758629257680789844004649708321894803448249685980841507517604437306515072873584813341572682350499591667851661916355281794395503817806183119422878047031610605520483177618396659011590962171684135743841286089533111 0 0 0 0 0 0 0 0 0 0 0 0 0 0 0 0 0 0 0 0 0 0 0 0 0 0 0 0 0 0 0 0 0 0 0 0 0 0 0 0 0 0 0 0 0 0 0 0 0 0 0 0 0 0 0 0 0 0 0 0 0 0 0 0 0 0 0 0 0 0 0 0 0 0 0 0 0 0 0 0 0 0 0 0 0 0 0 0 0 0 0 0 0 0 0 0 1 0 0 0 0 0 0 0 0 0 0 0 0 0]
[7911332402973802247919190125645683764673397505048998017679640540593912189933923255479443462112976634704123951211274912770925664213251150009867568832818355558050508150849156270771656825949872188925862091618542621773556707265578343164958821117144484215975290256165390838403716067412877051135616769918345508595279196683638900283864699517 0 0 0 0 0 0 0 0 0 0 0 0 0 0 0 0 0 0 0 0 0 0 0 0 0 0 0 0 0 0 0 0 0 0 0 0 0 0 0 0 0 0 0 0 0 0 0 0 0 0 0 0 0 0 0 0 0 0 0 0 0 0 0 0 0 0 0 0 0 0 0 0 0 0 0 0 0 0 0 0 0 0 0 0 0 0 0 0 0 0 0 0 0 0 0 0 0 1 0 0 0 0 0 0 0 0 0 0 0 0]
[4276900748314089482217853638517433581126979764199612846292252206262486832810303117488175113431735513385664563835583370513256918285746927112132958777760767774147827082277312364860146137778748886775371449564261824141045792560510063157920886138385559356107726571025800723149858143012810260869874504374603940856026418541350603659208405826 0 0 0 0 0 0 0 0 0 0 0 0 0 0 0 0 0 0 0 0 0 0 0 0 0 0 0 0 0 0 0 0 0 0 0 0 0 0 0 0 0 0 0 0 0 0 0 0 0 0 0 0 0 0 0 0 0 0 0 0 0 0 0 0 0 0 0 0 0 0 0 0 0 0 0 0 0 0 0 0 0 0 0 0 0 0 0 0 0 0 0 0 0 0 0 0 0 0 1 0 0 0 0 0 0 0 0 0 0 0]
[2978445964651032477327006760192172145042802399554310340322663275846316375247304226012723265127505319188741372161846929446345291271502686204129213102673404435172723130286017734614391556612693633001135768348376479807465347308149962320582997199547228712748250448406957528855706432500580948489377892579947221023441783764776064815255118186 0 0 0 0 0 0 0 0 0 0 0 0 0 0 0 0 0 0 0 0 0 0 0 0 0 0 0 0 0 0 0 0 0 0 0 0 0 0 0 0 0 0 0 0 0 0 0 0 0 0 0 0 0 0 0 0 0 0 0 0 0 0 0 0 0 0 0 0 0 0 0 0 0 0 0 0 0 0 0 0 0 0 0 0 0 0 0 0 0 0 0 0 0 0 0 0 0 0 0 1 0 0 0 0 0 0 0 0 0 0]
[1378177575609371950676119252609031240774774614785998500071939826712455246227803891102983279241028473060750135965301926922036811734311597152792887298111846513444563608635270831822884169619353429832650062715983943372823443896281926053161086485413701297604339543338564249688909404580666546537634966203351223554809388482256469090841821313 0 0 0 0 0 0 0 0 0 0 0 0 0 0 0 0 0 0 0 0 0 0 0 0 0 0 0 0 0 0 0 0 0 0 0 0 0 0 0 0 0 0 0 0 0 0 0 0 0 0 0 0 0 0 0 0 0 0 0 0 0 0 0 0 0 0 0 0 0 0 0 0 0 0 0 0 0 0 0 0 0 0 0 0 0 0 0 0 0 0 0 0 0 0 0 0 0 0 0 0 1 0 0 0 0 0 0 0 0 0]
[9305792638538801842119150262138804571498815015397221493364141245221872730525796141122555684717297446865001965745156032518806994265376387347292646220351141113013046819758964381540394310188652454575026011358716638296367146730786822917472434262360838176615318481457153485774890787876336403000807069516756953729954702124432876711976707688 0 0 0 0 0 0 0 0 0 0 0 0 0 0 0 0 0 0 0 0 0 0 0 0 0 0 0 0 0 0 0 0 0 0 0 0 0 0 0 0 0 0 0 0 0 0 0 0 0 0 0 0 0 0 0 0 0 0 0 0 0 0 0 0 0 0 0 0 0 0 0 0 0 0 0 0 0 0 0 0 0 0 0 0 0 0 0 0 0 0 0 0 0 0 0 0 0 0 0 0 0 1 0 0 0 0 0 0 0 0]
[1454241316755787024079984487595703040803056648742120978252068255669101716654181129309484636332294016026352703040861634593233816825161019980973052450888561638676277639153302979996251712859442828605485256839128236529013806068238534248754226300314234021142108769843611084644204814986232814390833260634228397090118846975834513620171442156 0 0 0 0 0 0 0 0 0 0 0 0 0 0 0 0 0 0 0 0 0 0 0 0 0 0 0 0 0 0 0 0 0 0 0 0 0 0 0 0 0 0 0 0 0 0 0 0 0 0 0 0 0 0 0 0 0 0 0 0 0 0 0 0 0 0 0 0 0 0 0 0 0 0 0 0 0 0 0 0 0 0 0 0 0 0 0 0 0 0 0 0 0 0 0 0 0 0 0 0 0 0 1 0 0 0 0 0 0 0]
[987848228680581758241223541018062115839997103994306949858014391729382094528541695959262797338993542242113432261867813702555083952809828993547495879880954442883706965940868812230419189379655441460500144790370221709530083144307749380860933569317704695485639129683351252124930500569439326606892970320925898827745610904672334624957451325 0 0 0 0 0 0 0 0 0 0 0 0 0 0 0 0 0 0 0 0 0 0 0 0 0 0 0 0 0 0 0 0 0 0 0 0 0 0 0 0 0 0 0 0 0 0 0 0 0 0 0 0 0 0 0 0 0 0 0 0 0 0 0 0 0 0 0 0 0 0 0 0 0 0 0 0 0 0 0 0 0 0 0 0 0 0 0 0 0 0 0 0 0 0 0 0 0 0 0 0 0 0 0 1 0 0 0 0 0 0]
[5842327792398479719921289235199986480506386324239395798065619034156085629629639080950432871386844778974165108166605816217949686417014342036595842963663278577589671437451645405684996589865616796570448536169063196057343601945419235730691422416670270753272755261267896574667669132237026834796774030157588864767724663653044122990803865670 0 0 0 0 0 0 0 0 0 0 0 0 0 0 0 0 0 0 0 0 0 0 0 0 0 0 0 0 0 0 0 0 0 0 0 0 0 0 0 0 0 0 0 0 0 0 0 0 0 0 0 0 0 0 0 0 0 0 0 0 0 0 0 0 0 0 0 0 0 0 0 0 0 0 0 0 0 0 0 0 0 0 0 0 0 0 0 0 0 0 0 0 0 0 0 0 0 0 0 0 0 0 0 0 1 0 0 0 0 0]
[657206221141734234996214813376692128488781821964077968510318375674048574280437003777239074017933800946632919089086345711201962639670123632536415353317647263914211175534920019551395754505922858449999033433780240858017713255037334690259721731342480742728443025099520086393389729936780005754053649738708966453510012923878106311666797843 0 0 0 0 0 0 0 0 0 0 0 0 0 0 0 0 0 0 0 0 0 0 0 0 0 0 0 0 0 0 0 0 0 0 0 0 0 0 0 0 0 0 0 0 0 0 0 0 0 0 0 0 0 0 0 0 0 0 0 0 0 0 0 0 0 0 0 0 0 0 0 0 0 0 0 0 0 0 0 0 0 0 0 0 0 0 0 0 0 0 0 0 0 0 0 0 0 0 0 0 0 0 0 0 0 1 0 0 0 0]
[5060848234722972224401207818511561131787568455897335257646136820000409251441261940351111302525047313186628090117328689450007003364791021419795541278771979719915589468216119668842838125281758548836783718883191452046620471789032383478446380536527460355720988173683267025458990659434961110464834570395877973885653181743792947538484624779 0 0 0 0 0 0 0 0 0 0 0 0 0 0 0 0 0 0 0 0 0 0 0 0 0 0 0 0 0 0 0 0 0 0 0 0 0 0 0 0 0 0 0 0 0 0 0 0 0 0 0 0 0 0 0 0 0 0 0 0 0 0 0 0 0 0 0 0 0 0 0 0 0 0 0 0 0 0 0 0 0 0 0 0 0 0 0 0 0 0 0 0 0 0 0 0 0 0 0 0 0 0 0 0 0 0 1 0 0 0]
[4775651392063867194885259702591202178818653035273207175322701831237456936178516724458076917023106887739125590932519482091516179431249269377869748252310763338587965971509601866900677383708927630508551209445029717096485662449237638001812003760894104579765614898542030239576535277505748665887212140012627039763441510220403197870722112845 0 0 0 0 0 0 0 0 0 0 0 0 0 0 0 0 0 0 0 0 0 0 0 0 0 0 0 0 0 0 0 0 0 0 0 0 0 0 0 0 0 0 0 0 0 0 0 0 0 0 0 0 0 0 0 0 0 0 0 0 0 0 0 0 0 0 0 0 0 0 0 0 0 0 0 0 0 0 0 0 0 0 0 0 0 0 0 0 0 0 0 0 0 0 0 0 0 0 0 0 0 0 0 0 0 0 0 1 0 0]
[7744469475526969896932328583133501624548269485169184138463010103379324434456316219221444776396402551213471089598865452665001762217157460057853843217945865221573516273518807777972366462030976547778234029827894171262473367858692353199683288097185544021715382283157880258531477394575602805567338586611298333361386251498897212840171584589 0 0 0 0 0 0 0 0 0 0 0 0 0 0 0 0 0 0 0 0 0 0 0 0 0 0 0 0 0 0 0 0 0 0 0 0 0 0 0 0 0 0 0 0 0 0 0 0 0 0 0 0 0 0 0 0 0 0 0 0 0 0 0 0 0 0 0 0 0 0 0 0 0 0 0 0 0 0 0 0 0 0 0 0 0 0 0 0 0 0 0 0 0 0 0 0 0 0 0 0 0 0 0 0 0 0 0 0 1 0]
[2133754562488223644816400539467318695623188669769606133366510850371125538615516274973573265810432885261214915305772993821876264113767546887623549681173741969497388353338664504078702793105920324330915751180412198454407542551777202979767730087436664782022489951637008983942692616474780879983392264942180928841676049391162724531097504805 0 0 0 0 0 0 0 0 0 0 0 0 0 0 0 0 0 0 0 0 0 0 0 0 0 0 0 0 0 0 0 0 0 0 0 0 0 0 0 0 0 0 0 0 0 0 0 0 0 0 0 0 0 0 0 0 0 0 0 0 0 0 0 0 0 0 0 0 0 0 0 0 0 0 0 0 0 0 0 0 0 0 0 0 0 0 0 0 0 0 0 0 0 0 0 0 0 0 0 0 0 0 0 0 0 0 0 0 0 1]
]
