[[4601047360107002446178671200520976647243225147798833782443697710918948031716516677853084991395545111049815481853701891104981812760071878569503019585615115999605581332257806600243630987966253062969 0 0 0 0 0 0 0 0 0 0 0 0 0 0 0 0 0 0 0 0 0 0 0 0 0 0 0 0 0 0 0 0 0 0 0 0 0 0 0 0 0 0 0 0 0 0 0 0 0 0 0 0 0 0 0 0 0 0 0 0 0 0 0 0]
[4144609261548396749647799241201184547150120667796568703643451311176089856389199735697712496202236484197478540278684942163998302928188026753941687851459629558473458164153677649373253771120975131355 1 0 0 0 0 0 0 0 0 0 0 0 0 0 0 0 0 0 0 0 0 0 0 0 0 0 0 0 0 0 0 0 0 0 0 0 0 0 0 0 0 0 0 0 0 0 0 0 0 0 0 0 0 0 0 0 0 0 0 0 0 0 0 0]
[4332749550950723083579096826129829658424123846092678085677562555058005047573726440280046065897456320328779526261867369950460262488423902715101324121168286561551463090458748367219462098461507117017 0 1 0 0 0 0 0 0 0 0 0 0 0 0 0 0 0 0 0 0 0 0 0 0 0 0 0 0 0 0 0 0 0 0 0 0 0 0 0 0 0 0 0 0 0 0 0 0 0 0 0 0 0 0 0 0 0 0 0 0 0 0 0 0]
[3129112820066565500274966879488901687570080647095774387250084467124403992258459095370046632248479236816157674036039163671934431681353287535958730500781873580509677138492018661762374848273606318691 0 0 1 0 0 0 0 0 0 0 0 0 0 0 0 0 0 0 0 0 0 0 0 0 0 0 0 0 0 0 0 0 0 0 0 0 0 0 0 0 0 0 0 0 0 0 0 0 0 0 0 0 0 0 0 0 0 0 0 0 0 0 0 0]
[1605662324741951519951259325735366385265591858694284102728787992723620070120777346796936979546494497367897788577191852548864932945774947020403155340936551319071740464789588482741701452452493536627 0 0 0 1 0 0 0 0 0 0 0 0 0 0 0 0 0 0 0 0 0 0 0 0 0 0 0 0 0 0 0 0 0 0 0 0 0 0 0 0 0 0 0 0 0 0 0 0 0 0 0 0 0 0 0 0 0 0 0 0 0 0 0 0]
[4152245203554441826291746159273486353438997512176368018594718907592647182192326756170325341805405525902888749873642014704674021402333780718088371285912775397066887036311479177859259229805110745494 0 0 0 0 1 0 0 0 0 0 0 0 0 0 0 0 0 0 0 0 0 0 0 0 0 0 0 0 0 0 0 0 0 0 0 0 0 0 0 0 0 0 0 0 0 0 0 0 0 0 0 0 0 0 0 0 0 0 0 0 0 0 0 0]
[1115871066770619861749404308100381248148617704251507550272951811121982853453790637596738240532296375716479357956986548733870536058861318109499503667841280407521798332407471608377377409163884132647 0 0 0 0 0 1 0 0 0 0 0 0 0 0 0 0 0 0 0 0 0 0 0 0 0 0 0 0 0 0 0 0 0 0 0 0 0 0 0 0 0 0 0 0 0 0 0 0 0 0 0 0 0 0 0 0 0 0 0 0 0 0 0 0]
[1713310905053439073530255323081243032617099120436354024622214791359757503468994267954962454823882002821862350362106243055991151325726079265594809566585419199839660119509479869391710993478317231851 0 0 0 0 0 0 1 0 0 0 0 0 0 0 0 0 0 0 0 0 0 0 0 0 0 0 0 0 0 0 0 0 0 0 0 0 0 0 0 0 0 0 0 0 0 0 0 0 0 0 0 0 0 0 0 0 0 0 0 0 0 0 0 0]
[2900020274389744738649454059577807857837131473852797196828447278645325546919575193139363652843461903545058689827282609143652633556739311657206945214538540066367375654384817173832049167838852936878 0 0 0 0 0 0 0 1 0 0 0 0 0 0 0 0 0 0 0 0 0 0 0 0 0 0 0 0 0 0 0 0 0 0 0 0 0 0 0 0 0 0 0 0 0 0 0 0 0 0 0 0 0 0 0 0 0 0 0 0 0 0 0 0]
[2353612275152438065051331132566443227823641399566586334272363595499972516564910944332965889833003847232093204509992395540693780047160680331330786357312268714024181782825913058876696555286473471319 0 0 0 0 0 0 0 0 1 0 0 0 0 0 0 0 0 0 0 0 0 0 0 0 0 0 0 0 0 0 0 0 0 0 0 0 0 0 0 0 0 0 0 0 0 0 0 0 0 0 0 0 0 0 0 0 0 0 0 0 0 0 0 0]
[107256372341188709421987840038776643555696194373277157606023035116602566701528324052845789602801238016914931104583507519336842004126663471107351167279904515404732844705824646381363999170768699895 0 0 0 0 0 0 0 0 0 1 0 0 0 0 0 0 0 0 0 0 0 0 0 0 0 0 0 0 0 0 0 0 0 0 0 0 0 0 0 0 0 0 0 0 0 0 0 0 0 0 0 0 0 0 0 0 0 0 0 0 0 0 0 0]
[2387819994147292029597414130952954826951140296413254793923412295584168129543659162575480792069741361395827752293453980412567730034496547959742330136061873313416451689604970873965279951080458798193 0 0 0 0 0 0 0 0 0 0 1 0 0 0 0 0 0 0 0 0 0 0 0 0 0 0 0 0 0 0 0 0 0 0 0 0 0 0 0 0 0 0 0 0 0 0 0 0 0 0 0 0 0 0 0 0 0 0 0 0 0 0 0 0]
[1410446475148784760771431045482444918489091694181740465699825708010994513016061162686855350829225101728161050585206440159782221144255749647098491420903119909927236329960718611805283168212415040423 0 0 0 0 0 0 0 0 0 0 0 1 0 0 0 0 0 0 0 0 0 0 0 0 0 0 0 0 0 0 0 0 0 0 0 0 0 0 0 0 0 0 0 0 0 0 0 0 0 0 0 0 0 0 0 0 0 0 0 0 0 0 0 0]
[1292599808831774553627803425473155220695949124717309984371784624626624283293012684705714616781307227718940470645665473786600905904363866798579587485814841842388198670795579778076669353300993324611 0 0 0 0 0 0 0 0 0 0 0 0 1 0 0 0 0 0 0 0 0 0 0 0 0 0 0 0 0 0 0 0 0 0 0 0 0 0 0 0 0 0 0 0 0 0 0 0 0 0 0 0 0 0 0 0 0 0 0 0 0 0 0 0]
[2249768489878601081564712675006401528108850136553629398958872128150612081891427942240069206062728866452344605213016712383836492381264316810738073568254303171056531294450461757589260048014673495777 0 0 0 0 0 0 0 0 0 0 0 0 0 1 0 0 0 0 0 0 0 0 0 0 0 0 0 0 0 0 0 0 0 0 0 0 0 0 0 0 0 0 0 0 0 0 0 0 0 0 0 0 0 0 0 0 0 0 0 0 0 0 0 0]
[390013749958973475584100183622065565769616170563300524656700496141490101741819475621922241124576094590471455412383582731844113116640436566999584730458691268483295316403609128897174960354171121830 0 0 0 0 0 0 0 0 0 0 0 0 0 0 1 0 0 0 0 0 0 0 0 0 0 0 0 0 0 0 0 0 0 0 0 0 0 0 0 0 0 0 0 0 0 0 0 0 0 0 0 0 0 0 0 0 0 0 0 0 0 0 0 0]
[3874542654305679853229597196257877108783180269628912631206656526739435550053401881801972917542392726949402301727127285749350018054405802591742647607046924819255105698243345014235930673746624163596 0 0 0 0 0 0 0 0 0 0 0 0 0 0 0 1 0 0 0 0 0 0 0 0 0 0 0 0 0 0 0 0 0 0 0 0 0 0 0 0 0 0 0 0 0 0 0 0 0 0 0 0 0 0 0 0 0 0 0 0 0 0 0 0]
[590084641393304094604894117183649256795580759178179519580866443405447556478117833999270645978960089936315981661677540523881233774079911331743616529765997948460279029201740524571747119490254836065 0 0 0 0 0 0 0 0 0 0 0 0 0 0 0 0 1 0 0 0 0 0 0 0 0 0 0 0 0 0 0 0 0 0 0 0 0 0 0 0 0 0 0 0 0 0 0 0 0 0 0 0 0 0 0 0 0 0 0 0 0 0 0 0]
[1577482957364105464905801524925831620558317458025162974892396788342417272307354209257894637610550189761538344290813303795839046245877321268490826830521164430730389149110346606035586298224413901215 0 0 0 0 0 0 0 0 0 0 0 0 0 0 0 0 0 1 0 0 0 0 0 0 0 0 0 0 0 0 0 0 0 0 0 0 0 0 0 0 0 0 0 0 0 0 0 0 0 0 0 0 0 0 0 0 0 0 0 0 0 0 0 0]
[224749977010339728687460019795846554840656653970058823852036887564071367501930791130503312686101706603558527156229230580440308409747485884132207808441445834015267683766007136908828021180359963888 0 0 0 0 0 0 0 0 0 0 0 0 0 0 0 0 0 0 1 0 0 0 0 0 0 0 0 0 0 0 0 0 0 0 0 0 0 0 0 0 0 0 0 0 0 0 0 0 0 0 0 0 0 0 0 0 0 0 0 0 0 0 0 0]
[944461766410588900528679617701739810910934848556523980421032229133819471783007970671424044743592656013131217820836009488892089190378491421591633981152829162757929727024638850993954965894893114351 0 0 0 0 0 0 0 0 0 0 0 0 0 0 0 0 0 0 0 1 0 0 0 0 0 0 0 0 0 0 0 0 0 0 0 0 0 0 0 0 0 0 0 0 0 0 0 0 0 0 0 0 0 0 0 0 0 0 0 0 0 0 0 0]
[365669488804431815858333958332661517319294134857641383934883637147476854889070600424993968486008288828085665057141440495552367839190216729541726114019050360510191421716248592425602341431101495104 0 0 0 0 0 0 0 0 0 0 0 0 0 0 0 0 0 0 0 0 1 0 0 0 0 0 0 0 0 0 0 0 0 0 0 0 0 0 0 0 0 0 0 0 0 0 0 0 0 0 0 0 0 0 0 0 0 0 0 0 0 0 0 0]
[1003255125467793728244485534379567467360680416500706895808591535494163799135460499712196764395250868227984968057735125375487441407519664622064392216051821877779403130672212095673517237722312838424 0 0 0 0 0 0 0 0 0 0 0 0 0 0 0 0 0 0 0 0 0 1 0 0 0 0 0 0 0 0 0 0 0 0 0 0 0 0 0 0 0 0 0 0 0 0 0 0 0 0 0 0 0 0 0 0 0 0 0 0 0 0 0 0]
[2967973213367663936099767805049568825003502907525171066895601434108837369964708819467295594147878292887573643590552882682308791815779562186703007410908106646213350971654709892901732836634802396590 0 0 0 0 0 0 0 0 0 0 0 0 0 0 0 0 0 0 0 0 0 0 1 0 0 0 0 0 0 0 0 0 0 0 0 0 0 0 0 0 0 0 0 0 0 0 0 0 0 0 0 0 0 0 0 0 0 0 0 0 0 0 0 0]
[2030459305589260773030710935231329590959165122285563222630474558941961404037502142197170129070392607079669300607045624530623560241382914171882661066261375122646763359929494253481444355589369428287 0 0 0 0 0 0 0 0 0 0 0 0 0 0 0 0 0 0 0 0 0 0 0 1 0 0 0 0 0 0 0 0 0 0 0 0 0 0 0 0 0 0 0 0 0 0 0 0 0 0 0 0 0 0 0 0 0 0 0 0 0 0 0 0]
[2851029293668506006393846441179905264514368731370946628539137338081873877272676546367300190499347402246714941756427778637572735419396843233792435388549388971022191411561349946037182864116219784785 0 0 0 0 0 0 0 0 0 0 0 0 0 0 0 0 0 0 0 0 0 0 0 0 1 0 0 0 0 0 0 0 0 0 0 0 0 0 0 0 0 0 0 0 0 0 0 0 0 0 0 0 0 0 0 0 0 0 0 0 0 0 0 0]
[1314477861604924601701184123166431143888428927831511422375120334400745743162406100272710830886815715899036753050006591545224600775785805420116223871508647292733414697852937305916847967778797514950 0 0 0 0 0 0 0 0 0 0 0 0 0 0 0 0 0 0 0 0 0 0 0 0 0 1 0 0 0 0 0 0 0 0 0 0 0 0 0 0 0 0 0 0 0 0 0 0 0 0 0 0 0 0 0 0 0 0 0 0 0 0 0 0]
[807563838477205706833714807744025294970360340810954881519610097648883376563773869673704256289997308297721288516562247162802712921534935068161177796495085365265787287096403094487950378563807767740 0 0 0 0 0 0 0 0 0 0 0 0 0 0 0 0 0 0 0 0 0 0 0 0 0 0 1 0 0 0 0 0 0 0 0 0 0 0 0 0 0 0 0 0 0 0 0 0 0 0 0 0 0 0 0 0 0 0 0 0 0 0 0 0]
[4424503944263276578929760998803129423992213094238325665619318452670354929024921212487937689219439814305447016582372580927594065612026194974990538252919323613303611530396659656140697087793439849754 0 0 0 0 0 0 0 0 0 0 0 0 0 0 0 0 0 0 0 0 0 0 0 0 0 0 0 1 0 0 0 0 0 0 0 0 0 0 0 0 0 0 0 0 0 0 0 0 0 0 0 0 0 0 0 0 0 0 0 0 0 0 0 0]
[2585962191071126116814457167578901707570305398131153725346831388975675912240977869276789813966563471506516941919209730745801635859813810679029373379465780561683061421622400046862694536472781618686 0 0 0 0 0 0 0 0 0 0 0 0 0 0 0 0 0 0 0 0 0 0 0 0 0 0 0 0 1 0 0 0 0 0 0 0 0 0 0 0 0 0 0 0 0 0 0 0 0 0 0 0 0 0 0 0 0 0 0 0 0 0 0 0]
[3590785697102138685465788612057902683164161606746656002952016854463468241090689391139835605373581028157675260125288963630741672658487082430057643177681496654564349115052232801062383627870305883625 0 0 0 0 0 0 0 0 0 0 0 0 0 0 0 0 0 0 0 0 0 0 0 0 0 0 0 0 0 1 0 0 0 0 0 0 0 0 0 0 0 0 0 0 0 0 0 0 0 0 0 0 0 0 0 0 0 0 0 0 0 0 0 0]
[2091706840813298984777239474167227131378779055781065090148848592688518706596466295391049589159968003836671105567728985772305226384968708772810215842651472959194817479743729391613565643907338946042 0 0 0 0 0 0 0 0 0 0 0 0 0 0 0 0 0 0 0 0 0 0 0 0 0 0 0 0 0 0 1 0 0 0 0 0 0 0 0 0 0 0 0 0 0 0 0 0 0 0 0 0 0 0 0 0 0 0 0 0 0 0 0 0]
[4448030367259573059781409597940812087529246273022592277494210271257249514966260126628109733897869330170077875056819919159172601277197615698660655907584349197697008787124627502560578338686949602296 0 0 0 0 0 0 0 0 0 0 0 0 0 0 0 0 0 0 0 0 0 0 0 0 0 0 0 0 0 0 0 1 0 0 0 0 0 0 0 0 0 0 0 0 0 0 0 0 0 0 0 0 0 0 0 0 0 0 0 0 0 0 0 0]
[2680864734472043275977953502276131560455091560711214481031642503742008970861787626535482059708680350535382060930504149218473221981986861458913538905995142171666759163382429780479371334603857897309 0 0 0 0 0 0 0 0 0 0 0 0 0 0 0 0 0 0 0 0 0 0 0 0 0 0 0 0 0 0 0 0 1 0 0 0 0 0 0 0 0 0 0 0 0 0 0 0 0 0 0 0 0 0 0 0 0 0 0 0 0 0 0 0]
[2603809305597615704101546461515188339676818077399255960340885379254062163227070189898889721171625384671733996520275833242600298747564237440623643702947854716278448643173565747419840253809815154790 0 0 0 0 0 0 0 0 0 0 0 0 0 0 0 0 0 0 0 0 0 0 0 0 0 0 0 0 0 0 0 0 0 1 0 0 0 0 0 0 0 0 0 0 0 0 0 0 0 0 0 0 0 0 0 0 0 0 0 0 0 0 0 0]
[1256008274986926622098794409365462769494787701609144400945793195141672214197780627180322782521386590233733332699209611814135550624719151751727060582816579000207951424773966036358591843568626559045 0 0 0 0 0 0 0 0 0 0 0 0 0 0 0 0 0 0 0 0 0 0 0 0 0 0 0 0 0 0 0 0 0 0 1 0 0 0 0 0 0 0 0 0 0 0 0 0 0 0 0 0 0 0 0 0 0 0 0 0 0 0 0 0]
[3755292963144638374613429523557391704531275913077965527305688142400728300770848878149446766230386122956345747116553788227425267246091965023040603421514160923264817761748410497636919403081973387998 0 0 0 0 0 0 0 0 0 0 0 0 0 0 0 0 0 0 0 0 0 0 0 0 0 0 0 0 0 0 0 0 0 0 0 1 0 0 0 0 0 0 0 0 0 0 0 0 0 0 0 0 0 0 0 0 0 0 0 0 0 0 0 0]
[1852951114788845166531592910188325256637320128432837895697688778665099373042099281226619496944053196862359319703258749335059279243170934638202265865694056330410941120259971020454079037927819141845 0 0 0 0 0 0 0 0 0 0 0 0 0 0 0 0 0 0 0 0 0 0 0 0 0 0 0 0 0 0 0 0 0 0 0 0 1 0 0 0 0 0 0 0 0 0 0 0 0 0 0 0 0 0 0 0 0 0 0 0 0 0 0 0]
[3669386969490530186451362088895696597644048783684258433019368951126437660159593315970480424024713443667399971911213432997861268951434193678243038547339447034719226002119739375531789586908356075756 0 0 0 0 0 0 0 0 0 0 0 0 0 0 0 0 0 0 0 0 0 0 0 0 0 0 0 0 0 0 0 0 0 0 0 0 0 1 0 0 0 0 0 0 0 0 0 0 0 0 0 0 0 0 0 0 0 0 0 0 0 0 0 0]
[773664157101366523962910588441557626390897534133594235330095230028494936441460306024763342737045768092312207706471403061021888676340876383766389830528499593792588165909824147987833655146684759761 0 0 0 0 0 0 0 0 0 0 0 0 0 0 0 0 0 0 0 0 0 0 0 0 0 0 0 0 0 0 0 0 0 0 0 0 0 0 1 0 0 0 0 0 0 0 0 0 0 0 0 0 0 0 0 0 0 0 0 0 0 0 0 0]
[3816076925925495127643136199732037929971480262495768171594072427250761404666964325528652267802491491586700635773589912610995053429039730299677416970520815856120408227257934415216364860343217081173 0 0 0 0 0 0 0 0 0 0 0 0 0 0 0 0 0 0 0 0 0 0 0 0 0 0 0 0 0 0 0 0 0 0 0 0 0 0 0 1 0 0 0 0 0 0 0 0 0 0 0 0 0 0 0 0 0 0 0 0 0 0 0 0]
[196417747595529282640661694036284891899156810218220064004331476881058989680921128901543555955894551916653044896972519687165654971528389869951272174746723454009172584564688096155689141471629903171 0 0 0 0 0 0 0 0 0 0 0 0 0 0 0 0 0 0 0 0 0 0 0 0 0 0 0 0 0 0 0 0 0 0 0 0 0 0 0 0 1 0 0 0 0 0 0 0 0 0 0 0 0 0 0 0 0 0 0 0 0 0 0 0]
[2358459948810117178336318336050275651400772428302288075024257440465365865909773475243396037224768510598903961271533082516409311907099979766204194934110824818787017214995825806205388779432132803982 0 0 0 0 0 0 0 0 0 0 0 0 0 0 0 0 0 0 0 0 0 0 0 0 0 0 0 0 0 0 0 0 0 0 0 0 0 0 0 0 0 1 0 0 0 0 0 0 0 0 0 0 0 0 0 0 0 0 0 0 0 0 0 0]
[112354665975044783726751352621239803226818654708509440456180498332864758596686420186463581005799926469221330682060621436265600812279654134513894679585382463795554554266264282734483464449122822977 0 0 0 0 0 0 0 0 0 0 0 0 0 0 0 0 0 0 0 0 0 0 0 0 0 0 0 0 0 0 0 0 0 0 0 0 0 0 0 0 0 0 1 0 0 0 0 0 0 0 0 0 0 0 0 0 0 0 0 0 0 0 0 0]
[3674867424140673250112374842132956154823141348502767592536362179585934791711597197393292552786177919567034189431427628042899136919484628108644743707072010733998096032804887340855439864325125983615 0 0 0 0 0 0 0 0 0 0 0 0 0 0 0 0 0 0 0 0 0 0 0 0 0 0 0 0 0 0 0 0 0 0 0 0 0 0 0 0 0 0 0 1 0 0 0 0 0 0 0 0 0 0 0 0 0 0 0 0 0 0 0 0]
[1504843534696089386959238012746815142744267447185917524389916968388974233664511829391136377407788732236274583640015379748321218628010753297125734185985062653890786240203105343987961808804876672160 0 0 0 0 0 0 0 0 0 0 0 0 0 0 0 0 0 0 0 0 0 0 0 0 0 0 0 0 0 0 0 0 0 0 0 0 0 0 0 0 0 0 0 0 1 0 0 0 0 0 0 0 0 0 0 0 0 0 0 0 0 0 0 0]
[3859086026315551311413421384400728892840317779394469737483647845643927416899117492894419927522050850236752264544018497535573703120083968705919658756403198819158638748518584247121024980765006099165 0 0 0 0 0 0 0 0 0 0 0 0 0 0 0 0 0 0 0 0 0 0 0 0 0 0 0 0 0 0 0 0 0 0 0 0 0 0 0 0 0 0 0 0 0 1 0 0 0 0 0 0 0 0 0 0 0 0 0 0 0 0 0 0]
[2209823739856907020929826279704499582891416432447713796429148232196452857871090094555225721053711265597047445992543245435214412674264892451867619749762620545804481608201881351969736205807244601588 0 0 0 0 0 0 0 0 0 0 0 0 0 0 0 0 0 0 0 0 0 0 0 0 0 0 0 0 0 0 0 0 0 0 0 0 0 0 0 0 0 0 0 0 0 0 1 0 0 0 0 0 0 0 0 0 0 0 0 0 0 0 0 0]
[3487098404942420123258097776240476009483534689721389413366633224761418476302504779147208433202363904552539971389283733774451481734639698255035558022321557571140692416139668839507635705039649302144 0 0 0 0 0 0 0 0 0 0 0 0 0 0 0 0 0 0 0 0 0 0 0 0 0 0 0 0 0 0 0 0 0 0 0 0 0 0 0 0 0 0 0 0 0 0 0 1 0 0 0 0 0 0 0 0 0 0 0 0 0 0 0 0]
[1480280013991732559567160998573097190790803089414429463977760642921673553298397985026864877094158992066719832160892237104187606384196721229346680847249455785998874798454494519516215736114480169907 0 0 0 0 0 0 0 0 0 0 0 0 0 0 0 0 0 0 0 0 0 0 0 0 0 0 0 0 0 0 0 0 0 0 0 0 0 0 0 0 0 0 0 0 0 0 0 0 1 0 0 0 0 0 0 0 0 0 0 0 0 0 0 0]
[1989505748162969401021653970946688163162536427029360081448706889731458055025260387994016694042491148813554615224685285696945831686542121975669571022206617673888599996735771757798091638094819330716 0 0 0 0 0 0 0 0 0 0 0 0 0 0 0 0 0 0 0 0 0 0 0 0 0 0 0 0 0 0 0 0 0 0 0 0 0 0 0 0 0 0 0 0 0 0 0 0 0 1 0 0 0 0 0 0 0 0 0 0 0 0 0 0]
[3225814900621283941932727891407351408612537059890037495027666983682850472202674492490855740811745834108039832662729569932384799951630757941437999761867340816570178262403908939007403091205506468124 0 0 0 0 0 0 0 0 0 0 0 0 0 0 0 0 0 0 0 0 0 0 0 0 0 0 0 0 0 0 0 0 0 0 0 0 0 0 0 0 0 0 0 0 0 0 0 0 0 0 1 0 0 0 0 0 0 0 0 0 0 0 0 0]
[2820997737280659808218589734832608639340024899003117437562485817320825551875012582164695956609125394261853488864865507247917074373387742853751941869914349255918354235023533230634400289115117964856 0 0 0 0 0 0 0 0 0 0 0 0 0 0 0 0 0 0 0 0 0 0 0 0 0 0 0 0 0 0 0 0 0 0 0 0 0 0 0 0 0 0 0 0 0 0 0 0 0 0 0 1 0 0 0 0 0 0 0 0 0 0 0 0]
[3507826491763881614364854582658255041050507353474353753451733336844736694700343704278363487082602940604068423036258148381875798577620541983121895271668591426046243707272011150921001144036097745881 0 0 0 0 0 0 0 0 0 0 0 0 0 0 0 0 0 0 0 0 0 0 0 0 0 0 0 0 0 0 0 0 0 0 0 0 0 0 0 0 0 0 0 0 0 0 0 0 0 0 0 0 1 0 0 0 0 0 0 0 0 0 0 0]
[4325254599642349577455139457257103147123253050829525719338169442403186951674040827864976384370348924506608733050832055075270663716126617308374973104665953062401135659783137657884625029555469176123 0 0 0 0 0 0 0 0 0 0 0 0 0 0 0 0 0 0 0 0 0 0 0 0 0 0 0 0 0 0 0 0 0 0 0 0 0 0 0 0 0 0 0 0 0 0 0 0 0 0 0 0 0 1 0 0 0 0 0 0 0 0 0 0]
[3169639297103681031411692476701904173222036100563237952941083867987275491052732283031600462084177611594572015851407874980530401112347101807334756701236836103916990625900608703266516773678249920705 0 0 0 0 0 0 0 0 0 0 0 0 0 0 0 0 0 0 0 0 0 0 0 0 0 0 0 0 0 0 0 0 0 0 0 0 0 0 0 0 0 0 0 0 0 0 0 0 0 0 0 0 0 0 1 0 0 0 0 0 0 0 0 0]
[2098833575410145449831845338435512435724925923453616882345610214414116497261462140416072702230735208881602992407204660614602526316367789075024347292774397917371767750620542764750975630976860092153 0 0 0 0 0 0 0 0 0 0 0 0 0 0 0 0 0 0 0 0 0 0 0 0 0 0 0 0 0 0 0 0 0 0 0 0 0 0 0 0 0 0 0 0 0 0 0 0 0 0 0 0 0 0 0 1 0 0 0 0 0 0 0 0]
[3102820193577104652136940842266004102901259097470398223202842858963575231061499474599871494027563225439603186333812889764461464329974364374662292188255902917623741588593086183706465270210735195768 0 0 0 0 0 0 0 0 0 0 0 0 0 0 0 0 0 0 0 0 0 0 0 0 0 0 0 0 0 0 0 0 0 0 0 0 0 0 0 0 0 0 0 0 0 0 0 0 0 0 0 0 0 0 0 0 1 0 0 0 0 0 0 0]
[3423010309887222968312205581041346097471784536500455794444703189704181069812457798250009423463537179236550103299167349295773288207452326357239291654207841260862564766173176096741654805613201059995 0 0 0 0 0 0 0 0 0 0 0 0 0 0 0 0 0 0 0 0 0 0 0 0 0 0 0 0 0 0 0 0 0 0 0 0 0 0 0 0 0 0 0 0 0 0 0 0 0 0 0 0 0 0 0 0 0 1 0 0 0 0 0 0]
[1282626219892465366363360286734032980428144133341758665627820586395863048568881422679907010600990123536020559971582800191843474138723157835220250936380241599537933942148922822003286516568832674537 0 0 0 0 0 0 0 0 0 0 0 0 0 0 0 0 0 0 0 0 0 0 0 0 0 0 0 0 0 0 0 0 0 0 0 0 0 0 0 0 0 0 0 0 0 0 0 0 0 0 0 0 0 0 0 0 0 0 1 0 0 0 0 0]
[413241138403948356865777343708858600101415106587035119265651527860538147513384970100252468498765589110447595550179031841943233710928326121098716347801683406339337972107784460695324748135318258907 0 0 0 0 0 0 0 0 0 0 0 0 0 0 0 0 0 0 0 0 0 0 0 0 0 0 0 0 0 0 0 0 0 0 0 0 0 0 0 0 0 0 0 0 0 0 0 0 0 0 0 0 0 0 0 0 0 0 0 1 0 0 0 0]
[2321987804381190986306809596865428149577622274192228439129762706982292864056970544813435116990937627002174226533580210690321736689477586135912466510810267926202773941895014537109042072942605034698 0 0 0 0 0 0 0 0 0 0 0 0 0 0 0 0 0 0 0 0 0 0 0 0 0 0 0 0 0 0 0 0 0 0 0 0 0 0 0 0 0 0 0 0 0 0 0 0 0 0 0 0 0 0 0 0 0 0 0 0 1 0 0 0]
[1004136027758833361579255734431173673529594025330122790514236057799587856147422777944220025732623832683872174696446951572640567881196898375880427983668755135154558368446489445758289089696601192068 0 0 0 0 0 0 0 0 0 0 0 0 0 0 0 0 0 0 0 0 0 0 0 0 0 0 0 0 0 0 0 0 0 0 0 0 0 0 0 0 0 0 0 0 0 0 0 0 0 0 0 0 0 0 0 0 0 0 0 0 0 1 0 0]
[3866264745161415765836711286559329722038161065163546853301364097243978228926347365824043099937639892476488137250789212506297998802586025389249580808652859095242842265972676216050754422970262135435 0 0 0 0 0 0 0 0 0 0 0 0 0 0 0 0 0 0 0 0 0 0 0 0 0 0 0 0 0 0 0 0 0 0 0 0 0 0 0 0 0 0 0 0 0 0 0 0 0 0 0 0 0 0 0 0 0 0 0 0 0 0 1 0]
[282979112556857565410763662867777360700297382693641266610716616589313959375872979241846544166893028750145960279331940407248887089452418788932950278591977368829920807800759759020867858424325621400 0 0 0 0 0 0 0 0 0 0 0 0 0 0 0 0 0 0 0 0 0 0 0 0 0 0 0 0 0 0 0 0 0 0 0 0 0 0 0 0 0 0 0 0 0 0 0 0 0 0 0 0 0 0 0 0 0 0 0 0 0 0 0 1]
]
