[[7640899338193605072450765548756876175046047117851224673191658296133114736926217139283163538129887488861671440102379636058729933353273603653752074513942381991067711460880391652413814381423337179644734815003396059386181607173053612645820218284215423522323574996977240054388833 0 0 0 0 0 0 0 0 0 0 0 0 0 0 0 0 0 0 0 0 0 0 0 0 0 0 0 0 0 0 0 0 0 0 0 0 0 0 0 0 0 0 0 0 0 0 0 0 0 0 0 0 0 0 0 0 0 0 0 0 0 0 0 0 0 0 0 0 0 0 0 0 0 0 0 0 0 0 0 0 0 0 0 0 0 0 0 0 0 0]
[3375121453117704539337391061187001037648934871845992415539334265213662770587429977837540627257462167564933849257575123063741408258878519690811350267929653697953669698050226621475795207862865671263045967683239743149181828473895286286183062637033582442599352234616674930201145 1 0 0 0 0 0 0 0 0 0 0 0 0 0 0 0 0 0 0 0 0 0 0 0 0 0 0 0 0 0 0 0 0 0 0 0 0 0 0 0 0 0 0 0 0 0 0 0 0 0 0 0 0 0 0 0 0 0 0 0 0 0 0 0 0 0 0 0 0 0 0 0 0 0 0 0 0 0 0 0 0 0 0 0 0 0 0 0 0 0]
[5062946721755981781008299652666132791035355079384944255702397429076425298434760133070677697937773618437215065327977903285376940091253529851777356925464319670188981504477770474638148968273488427536519134829961802241436783339890612411524313259984582627566478225934605467919737 0 1 0 0 0 0 0 0 0 0 0 0 0 0 0 0 0 0 0 0 0 0 0 0 0 0 0 0 0 0 0 0 0 0 0 0 0 0 0 0 0 0 0 0 0 0 0 0 0 0 0 0 0 0 0 0 0 0 0 0 0 0 0 0 0 0 0 0 0 0 0 0 0 0 0 0 0 0 0 0 0 0 0 0 0 0 0 0 0 0]
[5295965778445065291709511847056365873636622568648233440754126657757526584594066477319051963043085869495825677995610847524592740643750058780518102213096833747901147709232804983690187097382825607784917573958107180271552686698533983561059500828561034751634425448532407933545114 0 0 1 0 0 0 0 0 0 0 0 0 0 0 0 0 0 0 0 0 0 0 0 0 0 0 0 0 0 0 0 0 0 0 0 0 0 0 0 0 0 0 0 0 0 0 0 0 0 0 0 0 0 0 0 0 0 0 0 0 0 0 0 0 0 0 0 0 0 0 0 0 0 0 0 0 0 0 0 0 0 0 0 0 0 0 0 0 0 0]
[5078668468258121997722250794644729545821489168992905688291740600880539362838086032313178675095114835494388552777870803654250633950041058163224509988901476681505941434496881148292463612899132879832175485106765006618155347182186165364202022145285209375153076956174541003191394 0 0 0 1 0 0 0 0 0 0 0 0 0 0 0 0 0 0 0 0 0 0 0 0 0 0 0 0 0 0 0 0 0 0 0 0 0 0 0 0 0 0 0 0 0 0 0 0 0 0 0 0 0 0 0 0 0 0 0 0 0 0 0 0 0 0 0 0 0 0 0 0 0 0 0 0 0 0 0 0 0 0 0 0 0 0 0 0 0 0]
[2829932753468516488520075553064724062836856471870667630877614823997366636506706653507305565717430444117660523483537642062788586799723976744083108266774121460686439488247368657565517471274927746884536193054144359929907725737748969771690719572469594917878086973028865286159313 0 0 0 0 1 0 0 0 0 0 0 0 0 0 0 0 0 0 0 0 0 0 0 0 0 0 0 0 0 0 0 0 0 0 0 0 0 0 0 0 0 0 0 0 0 0 0 0 0 0 0 0 0 0 0 0 0 0 0 0 0 0 0 0 0 0 0 0 0 0 0 0 0 0 0 0 0 0 0 0 0 0 0 0 0 0 0 0 0 0]
[1522001334751653436059269693152030384977386920356838143722905100764266315724331828097585326537760868956953119206247335740325013151864579743615204429950337158860752342092746879519487835992308781974427626724056633224927866115365546849043065442571935119298164918240005528928646 0 0 0 0 0 1 0 0 0 0 0 0 0 0 0 0 0 0 0 0 0 0 0 0 0 0 0 0 0 0 0 0 0 0 0 0 0 0 0 0 0 0 0 0 0 0 0 0 0 0 0 0 0 0 0 0 0 0 0 0 0 0 0 0 0 0 0 0 0 0 0 0 0 0 0 0 0 0 0 0 0 0 0 0 0 0 0 0 0 0]
[407873836369524558957330341174685447985345824915141086819258547388070824914191327028659272002861548366394550411363976059054388482227319609473558162347694203025408787840179302772779009972667039328592235289442308282413585064524383908195293415197282076135843900882003458772953 0 0 0 0 0 0 1 0 0 0 0 0 0 0 0 0 0 0 0 0 0 0 0 0 0 0 0 0 0 0 0 0 0 0 0 0 0 0 0 0 0 0 0 0 0 0 0 0 0 0 0 0 0 0 0 0 0 0 0 0 0 0 0 0 0 0 0 0 0 0 0 0 0 0 0 0 0 0 0 0 0 0 0 0 0 0 0 0 0 0]
[2040213216975868109852901051445932285151942235895524989382055980431366168542657231412554388506579754157086228314694160080544427643405183458748323408242027224133100700977344420239564764533258129393461037372442530214727952685749090785305655416054625139162636861089510260984999 0 0 0 0 0 0 0 1 0 0 0 0 0 0 0 0 0 0 0 0 0 0 0 0 0 0 0 0 0 0 0 0 0 0 0 0 0 0 0 0 0 0 0 0 0 0 0 0 0 0 0 0 0 0 0 0 0 0 0 0 0 0 0 0 0 0 0 0 0 0 0 0 0 0 0 0 0 0 0 0 0 0 0 0 0 0 0 0 0 0]
[4419098494942520704373078766827140376247799813160629686542971044101091390932994369849809922402984270564416392159589540457418367134348445400127702127166934967685940362897791989116760601408971862433355958984862877738679952172614769808433350591207365720715138694797610645850764 0 0 0 0 0 0 0 0 1 0 0 0 0 0 0 0 0 0 0 0 0 0 0 0 0 0 0 0 0 0 0 0 0 0 0 0 0 0 0 0 0 0 0 0 0 0 0 0 0 0 0 0 0 0 0 0 0 0 0 0 0 0 0 0 0 0 0 0 0 0 0 0 0 0 0 0 0 0 0 0 0 0 0 0 0 0 0 0 0 0]
[4854720709026781694212561073364234412168566448786425062640535631893753108288251832141012075672578146682570073324289588300300036263085266157443343729352594417299900437267051758016738834131655842403607644391524757880071879389323084891544708570594156248461073179932036176113834 0 0 0 0 0 0 0 0 0 1 0 0 0 0 0 0 0 0 0 0 0 0 0 0 0 0 0 0 0 0 0 0 0 0 0 0 0 0 0 0 0 0 0 0 0 0 0 0 0 0 0 0 0 0 0 0 0 0 0 0 0 0 0 0 0 0 0 0 0 0 0 0 0 0 0 0 0 0 0 0 0 0 0 0 0 0 0 0 0 0]
[3419777108868147374271448099548944896592982371498833415800326451801146040424996198603874715770381308209742196727756331399271353038500109173255198121332777389332612289012841812378629276119859217484262174288596021822056410660419480486298956966131974842380678405946448854608299 0 0 0 0 0 0 0 0 0 0 1 0 0 0 0 0 0 0 0 0 0 0 0 0 0 0 0 0 0 0 0 0 0 0 0 0 0 0 0 0 0 0 0 0 0 0 0 0 0 0 0 0 0 0 0 0 0 0 0 0 0 0 0 0 0 0 0 0 0 0 0 0 0 0 0 0 0 0 0 0 0 0 0 0 0 0 0 0 0 0]
[4182349325033251266346967337866033903287873232445300282117619901740108911019980068764788207644729273106809772313132053896926253091642606024001214560666204587226898710379497886320939077112216213355360999193140430181273552417788188937690539477666361465075825183535773641986168 0 0 0 0 0 0 0 0 0 0 0 1 0 0 0 0 0 0 0 0 0 0 0 0 0 0 0 0 0 0 0 0 0 0 0 0 0 0 0 0 0 0 0 0 0 0 0 0 0 0 0 0 0 0 0 0 0 0 0 0 0 0 0 0 0 0 0 0 0 0 0 0 0 0 0 0 0 0 0 0 0 0 0 0 0 0 0 0 0 0]
[1344294778534839193561327447141194330561171166087326543986776236063409076693909057993251276050779121297640201584388893419790006650680769544740672595856894162525862443550829433733051618128602818627459971967950707591804934450262012911207155716458165945899982288638939128740912 0 0 0 0 0 0 0 0 0 0 0 0 1 0 0 0 0 0 0 0 0 0 0 0 0 0 0 0 0 0 0 0 0 0 0 0 0 0 0 0 0 0 0 0 0 0 0 0 0 0 0 0 0 0 0 0 0 0 0 0 0 0 0 0 0 0 0 0 0 0 0 0 0 0 0 0 0 0 0 0 0 0 0 0 0 0 0 0 0 0]
[1396133189056211028554710941416801696014014006750086685173829066565056760212542037236503831277859608990108595650879149913539900986818407217959546725697168459901742392833038014082948960765658414037263274202946716988510639523269909067453518866761812995517861377731461205553516 0 0 0 0 0 0 0 0 0 0 0 0 0 1 0 0 0 0 0 0 0 0 0 0 0 0 0 0 0 0 0 0 0 0 0 0 0 0 0 0 0 0 0 0 0 0 0 0 0 0 0 0 0 0 0 0 0 0 0 0 0 0 0 0 0 0 0 0 0 0 0 0 0 0 0 0 0 0 0 0 0 0 0 0 0 0 0 0 0 0]
[7041110600956949187948147193444047145531895005839206974658424541309007184407218330548743313817344058546220039170755183298937104936297230799926278834652307626072199963573964409892632684804236323403528528039919402587248318610918018183509075225135760654266452737068889324499374 0 0 0 0 0 0 0 0 0 0 0 0 0 0 1 0 0 0 0 0 0 0 0 0 0 0 0 0 0 0 0 0 0 0 0 0 0 0 0 0 0 0 0 0 0 0 0 0 0 0 0 0 0 0 0 0 0 0 0 0 0 0 0 0 0 0 0 0 0 0 0 0 0 0 0 0 0 0 0 0 0 0 0 0 0 0 0 0 0 0]
[4127213139390429063640761416823361652196411758933085504405784985506398003118600573072409094620738453587416841359714241004230624549920124254421113309736617811406457929061559960736791156539390263517147871865737786529346665497485152310564179741825537091915766908319153727747811 0 0 0 0 0 0 0 0 0 0 0 0 0 0 0 1 0 0 0 0 0 0 0 0 0 0 0 0 0 0 0 0 0 0 0 0 0 0 0 0 0 0 0 0 0 0 0 0 0 0 0 0 0 0 0 0 0 0 0 0 0 0 0 0 0 0 0 0 0 0 0 0 0 0 0 0 0 0 0 0 0 0 0 0 0 0 0 0 0 0]
[6605298694588577325516863411529861937623051217818529965242247102491015342721397535683694831710923817585622889861248220317963515563733793257118544618204675006360024550265942278119386991817328056274551276532209666924262668908140880709233638845239832923667317704493950923771276 0 0 0 0 0 0 0 0 0 0 0 0 0 0 0 0 1 0 0 0 0 0 0 0 0 0 0 0 0 0 0 0 0 0 0 0 0 0 0 0 0 0 0 0 0 0 0 0 0 0 0 0 0 0 0 0 0 0 0 0 0 0 0 0 0 0 0 0 0 0 0 0 0 0 0 0 0 0 0 0 0 0 0 0 0 0 0 0 0 0]
[4975197105408815939547863849613500677084057217049702510351874349265102817389970335237403312604935603428422286588469913670369531626683838763937940267142943162378139453292744434184750312786837701501635273530076933903879345512999469035477924864569449959707861479319801838167076 0 0 0 0 0 0 0 0 0 0 0 0 0 0 0 0 0 1 0 0 0 0 0 0 0 0 0 0 0 0 0 0 0 0 0 0 0 0 0 0 0 0 0 0 0 0 0 0 0 0 0 0 0 0 0 0 0 0 0 0 0 0 0 0 0 0 0 0 0 0 0 0 0 0 0 0 0 0 0 0 0 0 0 0 0 0 0 0 0 0]
[7519712310790249674970128583790940307062301173466223002319164220596451369445336242709661026497656021803831327587347905715771229911168601440876889956931737055319276889212030994434877869258010250759901214162442567360232531401055431764294607033472966402437396307041888263756006 0 0 0 0 0 0 0 0 0 0 0 0 0 0 0 0 0 0 1 0 0 0 0 0 0 0 0 0 0 0 0 0 0 0 0 0 0 0 0 0 0 0 0 0 0 0 0 0 0 0 0 0 0 0 0 0 0 0 0 0 0 0 0 0 0 0 0 0 0 0 0 0 0 0 0 0 0 0 0 0 0 0 0 0 0 0 0 0 0 0]
[2151443023259847925027556576533068556871482764561600385866595500108349171831484562618598114339506339126001497218025679452326070453034752851360686183378507158480047525021244343974070437913736295459305284839400707232213875422094105276833668151447896050201153776680665702513438 0 0 0 0 0 0 0 0 0 0 0 0 0 0 0 0 0 0 0 1 0 0 0 0 0 0 0 0 0 0 0 0 0 0 0 0 0 0 0 0 0 0 0 0 0 0 0 0 0 0 0 0 0 0 0 0 0 0 0 0 0 0 0 0 0 0 0 0 0 0 0 0 0 0 0 0 0 0 0 0 0 0 0 0 0 0 0 0 0 0]
[5839821300407496869685999216171490729936387554905157502174635590907429425230538909586109778843301871701112312730171046239235980573812301081546676332049495028096071419252977509464072557237762052982986347350016354449220311297023455882119373500874006322109536467368090703112435 0 0 0 0 0 0 0 0 0 0 0 0 0 0 0 0 0 0 0 0 1 0 0 0 0 0 0 0 0 0 0 0 0 0 0 0 0 0 0 0 0 0 0 0 0 0 0 0 0 0 0 0 0 0 0 0 0 0 0 0 0 0 0 0 0 0 0 0 0 0 0 0 0 0 0 0 0 0 0 0 0 0 0 0 0 0 0 0 0 0]
[5495466151762911565338525274953123974551459394235119485171511572924101974828688533897483524274369541133438805246860171651583306782598131364497768275118746571976440383688736472715214431979458526725399380025579144175620745856934406698121411902299764091317962119451314124540931 0 0 0 0 0 0 0 0 0 0 0 0 0 0 0 0 0 0 0 0 0 1 0 0 0 0 0 0 0 0 0 0 0 0 0 0 0 0 0 0 0 0 0 0 0 0 0 0 0 0 0 0 0 0 0 0 0 0 0 0 0 0 0 0 0 0 0 0 0 0 0 0 0 0 0 0 0 0 0 0 0 0 0 0 0 0 0 0 0 0]
[4760695088467392341282273584651071724578904249939812610549650842949917401694627733624584026979408746397419102778948882448240173091678647259402164598707863769267675620475540949293674598472851409842370808092131415155461138666959506442669935371548010154264238352871331374594764 0 0 0 0 0 0 0 0 0 0 0 0 0 0 0 0 0 0 0 0 0 0 1 0 0 0 0 0 0 0 0 0 0 0 0 0 0 0 0 0 0 0 0 0 0 0 0 0 0 0 0 0 0 0 0 0 0 0 0 0 0 0 0 0 0 0 0 0 0 0 0 0 0 0 0 0 0 0 0 0 0 0 0 0 0 0 0 0 0 0]
[1166802822193971799852858438559267421385248821574306360099087968897256890086874312277584854643166682188501682850906713107052579101641317895012201099528125356670667403412870379375231310270533340424849317655860836921139778955201240998905862112617979733052600027548933355656665 0 0 0 0 0 0 0 0 0 0 0 0 0 0 0 0 0 0 0 0 0 0 0 1 0 0 0 0 0 0 0 0 0 0 0 0 0 0 0 0 0 0 0 0 0 0 0 0 0 0 0 0 0 0 0 0 0 0 0 0 0 0 0 0 0 0 0 0 0 0 0 0 0 0 0 0 0 0 0 0 0 0 0 0 0 0 0 0 0 0]
[6868699351018495540304074912093228078537462780159400337528795928401665308484609990689939506552432942095389883636241869784661133683578662229883356909621953483034250293485793203188677871609794425961917891254737522228706486227983341412945381583496939725065464972901843093301399 0 0 0 0 0 0 0 0 0 0 0 0 0 0 0 0 0 0 0 0 0 0 0 0 1 0 0 0 0 0 0 0 0 0 0 0 0 0 0 0 0 0 0 0 0 0 0 0 0 0 0 0 0 0 0 0 0 0 0 0 0 0 0 0 0 0 0 0 0 0 0 0 0 0 0 0 0 0 0 0 0 0 0 0 0 0 0 0 0 0]
[3257054959914542109320561548700385561265452212083640375709050117074831698077511748064439230287445750661147491759655033212246646832772965233585363321189216512185011266378206225538340492992024344441749083589282222767484108786062919833713587159216769305225394360159170821882679 0 0 0 0 0 0 0 0 0 0 0 0 0 0 0 0 0 0 0 0 0 0 0 0 0 1 0 0 0 0 0 0 0 0 0 0 0 0 0 0 0 0 0 0 0 0 0 0 0 0 0 0 0 0 0 0 0 0 0 0 0 0 0 0 0 0 0 0 0 0 0 0 0 0 0 0 0 0 0 0 0 0 0 0 0 0 0 0 0 0]
[62096294264409506665417511830488134369855678233225272002552863521659376682267628489892177766017650476917345417599591832010385343257939660429201300150729937859283960946144327302285858129104950964047967286999121983262260553896055130125605574916378148226801883353995517051023 0 0 0 0 0 0 0 0 0 0 0 0 0 0 0 0 0 0 0 0 0 0 0 0 0 0 1 0 0 0 0 0 0 0 0 0 0 0 0 0 0 0 0 0 0 0 0 0 0 0 0 0 0 0 0 0 0 0 0 0 0 0 0 0 0 0 0 0 0 0 0 0 0 0 0 0 0 0 0 0 0 0 0 0 0 0 0 0 0 0]
[3074676902196484257123707102476829810724449685617802751019061938872205112050234350221728099288052789934446534492647862260146626174147611203681077332914000049696274452188545923599922464065314662184695919069257475121444130643760050652007110127847359491447116018186753377785919 0 0 0 0 0 0 0 0 0 0 0 0 0 0 0 0 0 0 0 0 0 0 0 0 0 0 0 1 0 0 0 0 0 0 0 0 0 0 0 0 0 0 0 0 0 0 0 0 0 0 0 0 0 0 0 0 0 0 0 0 0 0 0 0 0 0 0 0 0 0 0 0 0 0 0 0 0 0 0 0 0 0 0 0 0 0 0 0 0 0]
[683119578294550128009635414636101952537372002505599575762042774112569959397689253264428718600245158039903176736309553572165802488610550868335934151705751316680615403603312203854625703211046551118565415295651118153687689327781159719599656479556940339987157453879559509253184 0 0 0 0 0 0 0 0 0 0 0 0 0 0 0 0 0 0 0 0 0 0 0 0 0 0 0 0 1 0 0 0 0 0 0 0 0 0 0 0 0 0 0 0 0 0 0 0 0 0 0 0 0 0 0 0 0 0 0 0 0 0 0 0 0 0 0 0 0 0 0 0 0 0 0 0 0 0 0 0 0 0 0 0 0 0 0 0 0 0]
[3147208551767527699299486128897706521036775785547621598633269483947279955036219418495352014806773662107410486993239619257077306694094274562894500790406338731127814888163807036016495583954002568557452156085194730495328474245111558916933773358399302726172609602341728371899772 0 0 0 0 0 0 0 0 0 0 0 0 0 0 0 0 0 0 0 0 0 0 0 0 0 0 0 0 0 1 0 0 0 0 0 0 0 0 0 0 0 0 0 0 0 0 0 0 0 0 0 0 0 0 0 0 0 0 0 0 0 0 0 0 0 0 0 0 0 0 0 0 0 0 0 0 0 0 0 0 0 0 0 0 0 0 0 0 0 0]
[7608970086317249735240965015392520017393893640372872371796829463199555077109735466476811659033352007037868755099934757518093566222588189942628378459354433679629725701738329575381959506469243725246929037060747560892377753825911820940495496554481396535787367084249564779769408 0 0 0 0 0 0 0 0 0 0 0 0 0 0 0 0 0 0 0 0 0 0 0 0 0 0 0 0 0 0 1 0 0 0 0 0 0 0 0 0 0 0 0 0 0 0 0 0 0 0 0 0 0 0 0 0 0 0 0 0 0 0 0 0 0 0 0 0 0 0 0 0 0 0 0 0 0 0 0 0 0 0 0 0 0 0 0 0 0 0]
[4644601067950783401714039557189070276559294417830969309440029883462790770771082807768331453065289856625004295251394272789603381643244247872499441950977114713255135372982826801231430595833198833330069635864762851132077904292548228217651284568979622920258729042496830353278286 0 0 0 0 0 0 0 0 0 0 0 0 0 0 0 0 0 0 0 0 0 0 0 0 0 0 0 0 0 0 0 1 0 0 0 0 0 0 0 0 0 0 0 0 0 0 0 0 0 0 0 0 0 0 0 0 0 0 0 0 0 0 0 0 0 0 0 0 0 0 0 0 0 0 0 0 0 0 0 0 0 0 0 0 0 0 0 0 0 0]
[6668837223104021313055814504843239143105986479327116769877339339311370771896609608467775984367032265253648971608557245476790353905906793772599142516984061702338841209386134215255189928797211440065436794720459231408320295874587780492250027051607482305808282671391889259860947 0 0 0 0 0 0 0 0 0 0 0 0 0 0 0 0 0 0 0 0 0 0 0 0 0 0 0 0 0 0 0 0 1 0 0 0 0 0 0 0 0 0 0 0 0 0 0 0 0 0 0 0 0 0 0 0 0 0 0 0 0 0 0 0 0 0 0 0 0 0 0 0 0 0 0 0 0 0 0 0 0 0 0 0 0 0 0 0 0 0]
[5121427596160863014136897047521844949578909906170186663561597230142683040863940095556510118364201547587731123062135347623979944607148134221902477789203087012855349840605528177013170726337095630580522074846641833861294777653133552529780140828773967471694716164841861861506074 0 0 0 0 0 0 0 0 0 0 0 0 0 0 0 0 0 0 0 0 0 0 0 0 0 0 0 0 0 0 0 0 0 1 0 0 0 0 0 0 0 0 0 0 0 0 0 0 0 0 0 0 0 0 0 0 0 0 0 0 0 0 0 0 0 0 0 0 0 0 0 0 0 0 0 0 0 0 0 0 0 0 0 0 0 0 0 0 0 0]
[7246216280925973436645019452376393762166335613470012660776582107521142732632703240423597793528136224550950966515683997323052424996338383082879770693280495856226485148050512702286792095144867740711205149558254181717095465585041672679562694580182537595058993833245929443779831 0 0 0 0 0 0 0 0 0 0 0 0 0 0 0 0 0 0 0 0 0 0 0 0 0 0 0 0 0 0 0 0 0 0 1 0 0 0 0 0 0 0 0 0 0 0 0 0 0 0 0 0 0 0 0 0 0 0 0 0 0 0 0 0 0 0 0 0 0 0 0 0 0 0 0 0 0 0 0 0 0 0 0 0 0 0 0 0 0 0]
[5910736717819457385054916356385597219643493859021467364656102805265202986067101558021500524829876624109467543578014407168025381714507686755853188085558056597643175471904654851514857092285167111696725321838433820243447452930386557200805903890141451242248119603783854936123214 0 0 0 0 0 0 0 0 0 0 0 0 0 0 0 0 0 0 0 0 0 0 0 0 0 0 0 0 0 0 0 0 0 0 0 1 0 0 0 0 0 0 0 0 0 0 0 0 0 0 0 0 0 0 0 0 0 0 0 0 0 0 0 0 0 0 0 0 0 0 0 0 0 0 0 0 0 0 0 0 0 0 0 0 0 0 0 0 0 0]
[768602034862831188232839989751662063303944262816707851676484811846705386307518860681931580407836002324053579582152051173937328555259678305277360615606456813945884312645529189695296995942333270534373908873261469431618145931646344956582152517600990668391074973949211140577903 0 0 0 0 0 0 0 0 0 0 0 0 0 0 0 0 0 0 0 0 0 0 0 0 0 0 0 0 0 0 0 0 0 0 0 0 1 0 0 0 0 0 0 0 0 0 0 0 0 0 0 0 0 0 0 0 0 0 0 0 0 0 0 0 0 0 0 0 0 0 0 0 0 0 0 0 0 0 0 0 0 0 0 0 0 0 0 0 0 0]
[2870614698770383837729021104213646816100471297316411846352223067966397497266059363959897435311918580113137777215777659129771080817434091628821057657439676047153735664837729022983216473952916970793703136562355200616859714410842374444494662296861404414951844549192162460585628 0 0 0 0 0 0 0 0 0 0 0 0 0 0 0 0 0 0 0 0 0 0 0 0 0 0 0 0 0 0 0 0 0 0 0 0 0 1 0 0 0 0 0 0 0 0 0 0 0 0 0 0 0 0 0 0 0 0 0 0 0 0 0 0 0 0 0 0 0 0 0 0 0 0 0 0 0 0 0 0 0 0 0 0 0 0 0 0 0 0]
[150129736737498634651070431135965091707997097609669714325683752774559074268979033111263119006196809993034861441905029329666094042240689031684011061387050032093477607665873085177881614974208346022086143315473085396302046263823125587229046259136777698115692427578724417788007 0 0 0 0 0 0 0 0 0 0 0 0 0 0 0 0 0 0 0 0 0 0 0 0 0 0 0 0 0 0 0 0 0 0 0 0 0 0 1 0 0 0 0 0 0 0 0 0 0 0 0 0 0 0 0 0 0 0 0 0 0 0 0 0 0 0 0 0 0 0 0 0 0 0 0 0 0 0 0 0 0 0 0 0 0 0 0 0 0 0]
[2686602500137534033898694026641896635610500880871770195913010794695638808659841090958234283057435798568550116896237672538437790182658702651302658208257154177472166765842256178064738921208503622736252177831670413581930370003219573981078156478596527547978628467463208453722662 0 0 0 0 0 0 0 0 0 0 0 0 0 0 0 0 0 0 0 0 0 0 0 0 0 0 0 0 0 0 0 0 0 0 0 0 0 0 0 1 0 0 0 0 0 0 0 0 0 0 0 0 0 0 0 0 0 0 0 0 0 0 0 0 0 0 0 0 0 0 0 0 0 0 0 0 0 0 0 0 0 0 0 0 0 0 0 0 0 0]
[4873584557759547690898595877213661703382163845181713478086080974885470671071671011398862706706749458519548798877677234728784515884248522773890195183052565463729225114769466230868126039515469481794359719602582351333751111931769680653512360719371231205704508895446735270527155 0 0 0 0 0 0 0 0 0 0 0 0 0 0 0 0 0 0 0 0 0 0 0 0 0 0 0 0 0 0 0 0 0 0 0 0 0 0 0 0 1 0 0 0 0 0 0 0 0 0 0 0 0 0 0 0 0 0 0 0 0 0 0 0 0 0 0 0 0 0 0 0 0 0 0 0 0 0 0 0 0 0 0 0 0 0 0 0 0 0]
[1360400054757350354447545726635886078745067085306798736972503124111318425751467701383518023748243044245929087631851807807410840792839711094211112804960048107736369830099887490251314527144317058314982992427671175939833570526805818577561093622714334892176740265091753119574500 0 0 0 0 0 0 0 0 0 0 0 0 0 0 0 0 0 0 0 0 0 0 0 0 0 0 0 0 0 0 0 0 0 0 0 0 0 0 0 0 0 1 0 0 0 0 0 0 0 0 0 0 0 0 0 0 0 0 0 0 0 0 0 0 0 0 0 0 0 0 0 0 0 0 0 0 0 0 0 0 0 0 0 0 0 0 0 0 0 0]
[1945117586350942040762520818718942755657971575279412028580697614482093654400255949070261433177880327272739755778011361486922418002686272060167727705336299045710942710642793896749845296470006719630223194997510066562938385385357966171780931213249883782017095521630373100419788 0 0 0 0 0 0 0 0 0 0 0 0 0 0 0 0 0 0 0 0 0 0 0 0 0 0 0 0 0 0 0 0 0 0 0 0 0 0 0 0 0 0 1 0 0 0 0 0 0 0 0 0 0 0 0 0 0 0 0 0 0 0 0 0 0 0 0 0 0 0 0 0 0 0 0 0 0 0 0 0 0 0 0 0 0 0 0 0 0 0]
[6351291905146273864222566181536570457717092471036894391963103455466981281991611989022857803555619959401832915723096736459154822318575161774931831008290907716793750110520789198129449399827274658223352890811492277788467211940056590513837712816988924273574355891906260893510354 0 0 0 0 0 0 0 0 0 0 0 0 0 0 0 0 0 0 0 0 0 0 0 0 0 0 0 0 0 0 0 0 0 0 0 0 0 0 0 0 0 0 0 1 0 0 0 0 0 0 0 0 0 0 0 0 0 0 0 0 0 0 0 0 0 0 0 0 0 0 0 0 0 0 0 0 0 0 0 0 0 0 0 0 0 0 0 0 0 0]
[3710371000186781206411857662406741957687411370051623415211100594977232153786126395893819411926269227541686142147004820281211250619559331557860312935495626437344306752864026763929068900105296093150762323403511683573029219289298319300949960667705621068451462603021991357076547 0 0 0 0 0 0 0 0 0 0 0 0 0 0 0 0 0 0 0 0 0 0 0 0 0 0 0 0 0 0 0 0 0 0 0 0 0 0 0 0 0 0 0 0 1 0 0 0 0 0 0 0 0 0 0 0 0 0 0 0 0 0 0 0 0 0 0 0 0 0 0 0 0 0 0 0 0 0 0 0 0 0 0 0 0 0 0 0 0 0]
[3593495361720879167314077267724953348447131134659697190230379670946185495326884945762501123811947958487141642053191434142294704844103059267883450169721874054644550922660895290373940876419918407281233640418107199130633116153672970934572508371984964881016143541854341916550005 0 0 0 0 0 0 0 0 0 0 0 0 0 0 0 0 0 0 0 0 0 0 0 0 0 0 0 0 0 0 0 0 0 0 0 0 0 0 0 0 0 0 0 0 0 1 0 0 0 0 0 0 0 0 0 0 0 0 0 0 0 0 0 0 0 0 0 0 0 0 0 0 0 0 0 0 0 0 0 0 0 0 0 0 0 0 0 0 0 0]
[6794633483058523407341037434814035719553839363902068344435079235538438535563473969843259464853422037756876124542398143923491191835762263977512702878672676506670392069635741005054491436879088516141073210333053372304292785330943279353906153555556796045111659121353273194570206 0 0 0 0 0 0 0 0 0 0 0 0 0 0 0 0 0 0 0 0 0 0 0 0 0 0 0 0 0 0 0 0 0 0 0 0 0 0 0 0 0 0 0 0 0 0 1 0 0 0 0 0 0 0 0 0 0 0 0 0 0 0 0 0 0 0 0 0 0 0 0 0 0 0 0 0 0 0 0 0 0 0 0 0 0 0 0 0 0 0]
[323662482816531728448376499830172320847831383430646855541926692219641362299167779610617308861855276577537874000567603405310617045367996164175350104755339920731549472118979758140151453488679785088046757421489504429179675281888651335118339879867994392193912191112930660730846 0 0 0 0 0 0 0 0 0 0 0 0 0 0 0 0 0 0 0 0 0 0 0 0 0 0 0 0 0 0 0 0 0 0 0 0 0 0 0 0 0 0 0 0 0 0 0 1 0 0 0 0 0 0 0 0 0 0 0 0 0 0 0 0 0 0 0 0 0 0 0 0 0 0 0 0 0 0 0 0 0 0 0 0 0 0 0 0 0 0]
[6328883694456023627404953611703557118909102241476176960244182967017199905308334255932931095480820670397254278021127475373867175675128034103255776151217160471684637820259957296314425839506073889587470523291451334169957077294703953354981860370536821474761361932181269544486060 0 0 0 0 0 0 0 0 0 0 0 0 0 0 0 0 0 0 0 0 0 0 0 0 0 0 0 0 0 0 0 0 0 0 0 0 0 0 0 0 0 0 0 0 0 0 0 0 1 0 0 0 0 0 0 0 0 0 0 0 0 0 0 0 0 0 0 0 0 0 0 0 0 0 0 0 0 0 0 0 0 0 0 0 0 0 0 0 0 0]
[2200126548983724407040465299285285487513721106542163234157807721779997140790000544717108892661911217777734998117091656479510884845144374086297527590265341277169683546560188447762065304262366285366211370848885587692419817355726470327797209180115769197454670566788777367403697 0 0 0 0 0 0 0 0 0 0 0 0 0 0 0 0 0 0 0 0 0 0 0 0 0 0 0 0 0 0 0 0 0 0 0 0 0 0 0 0 0 0 0 0 0 0 0 0 0 1 0 0 0 0 0 0 0 0 0 0 0 0 0 0 0 0 0 0 0 0 0 0 0 0 0 0 0 0 0 0 0 0 0 0 0 0 0 0 0 0]
[940903210109925272397691662904508017206915114580581750081908020957382909455584441699252509240435174211758614480813272873284162272900834959326731422919087178431526805877235988784695433314989570035445228930468602747314369640255812470560425910153706125377271131777909404662861 0 0 0 0 0 0 0 0 0 0 0 0 0 0 0 0 0 0 0 0 0 0 0 0 0 0 0 0 0 0 0 0 0 0 0 0 0 0 0 0 0 0 0 0 0 0 0 0 0 0 1 0 0 0 0 0 0 0 0 0 0 0 0 0 0 0 0 0 0 0 0 0 0 0 0 0 0 0 0 0 0 0 0 0 0 0 0 0 0 0]
[6173085905246215535271611984089592554729946536530244527593792739591721393021299194431359152955762889171443235880650798077986284349268790499786686108102654938636168185310021753641703678835392993038245708930902101448659258604575144030834442358549745407095136776171412949519680 0 0 0 0 0 0 0 0 0 0 0 0 0 0 0 0 0 0 0 0 0 0 0 0 0 0 0 0 0 0 0 0 0 0 0 0 0 0 0 0 0 0 0 0 0 0 0 0 0 0 0 1 0 0 0 0 0 0 0 0 0 0 0 0 0 0 0 0 0 0 0 0 0 0 0 0 0 0 0 0 0 0 0 0 0 0 0 0 0 0]
[4973311136750939990516938359719684516466253221716367578190640167924143516716993574888626451882302341698896362426264504062133576120491629676674809598716854721470037609727138938628271780046639523820904846049626480964803092037488628323011018016164012528418200809274144761973115 0 0 0 0 0 0 0 0 0 0 0 0 0 0 0 0 0 0 0 0 0 0 0 0 0 0 0 0 0 0 0 0 0 0 0 0 0 0 0 0 0 0 0 0 0 0 0 0 0 0 0 0 1 0 0 0 0 0 0 0 0 0 0 0 0 0 0 0 0 0 0 0 0 0 0 0 0 0 0 0 0 0 0 0 0 0 0 0 0 0]
[3268530992667857331996622060181632267155301827731520188975607506668826007655499889056319506955533777743410958553439985373888932290768917220778947225928781712096447993303350157365123883531098309671376504691058457064466576343961822859850668261951079907967043487896477791597549 0 0 0 0 0 0 0 0 0 0 0 0 0 0 0 0 0 0 0 0 0 0 0 0 0 0 0 0 0 0 0 0 0 0 0 0 0 0 0 0 0 0 0 0 0 0 0 0 0 0 0 0 0 1 0 0 0 0 0 0 0 0 0 0 0 0 0 0 0 0 0 0 0 0 0 0 0 0 0 0 0 0 0 0 0 0 0 0 0 0]
[4040056732923802789231480291014759987483625120530885178053084048488952481917073281280384525072229747226294993698750009118702678838343645621944771213824987248211366571928392856185837185937108760499549565014081923743939282474365609349756681975666974327299628516892419838851753 0 0 0 0 0 0 0 0 0 0 0 0 0 0 0 0 0 0 0 0 0 0 0 0 0 0 0 0 0 0 0 0 0 0 0 0 0 0 0 0 0 0 0 0 0 0 0 0 0 0 0 0 0 0 1 0 0 0 0 0 0 0 0 0 0 0 0 0 0 0 0 0 0 0 0 0 0 0 0 0 0 0 0 0 0 0 0 0 0 0]
[2427086777109548123027085011613500406084886464827529344299453923618275318673368183070935293051502748933314666844192244639887933519688907045649813428109209703388716392722362759469296548645584143160665686237192599017424222478385784762225179065137755119868346556180328386016317 0 0 0 0 0 0 0 0 0 0 0 0 0 0 0 0 0 0 0 0 0 0 0 0 0 0 0 0 0 0 0 0 0 0 0 0 0 0 0 0 0 0 0 0 0 0 0 0 0 0 0 0 0 0 0 1 0 0 0 0 0 0 0 0 0 0 0 0 0 0 0 0 0 0 0 0 0 0 0 0 0 0 0 0 0 0 0 0 0 0]
[7503379577454908117617884271255444671263947556201722633493431705152618958072646328286738540623086511496625803875769796670082868166815017042812212523847763315915595862761381011603627317045993883572652407787124727618793334429003289984637481455728899081433420581154107804281445 0 0 0 0 0 0 0 0 0 0 0 0 0 0 0 0 0 0 0 0 0 0 0 0 0 0 0 0 0 0 0 0 0 0 0 0 0 0 0 0 0 0 0 0 0 0 0 0 0 0 0 0 0 0 0 0 1 0 0 0 0 0 0 0 0 0 0 0 0 0 0 0 0 0 0 0 0 0 0 0 0 0 0 0 0 0 0 0 0 0]
[2306209890785457867914367728950479009178525696247295787025078692561319396819134775823470854555838791761103012641286885708311091736791071332704017233687685043461061963827676323050904352403983634207957102003859930561401404601080465968761129405288487826385904179751153868994082 0 0 0 0 0 0 0 0 0 0 0 0 0 0 0 0 0 0 0 0 0 0 0 0 0 0 0 0 0 0 0 0 0 0 0 0 0 0 0 0 0 0 0 0 0 0 0 0 0 0 0 0 0 0 0 0 0 1 0 0 0 0 0 0 0 0 0 0 0 0 0 0 0 0 0 0 0 0 0 0 0 0 0 0 0 0 0 0 0 0]
[6820754001766002153354753992742760245766195158703141921520749098884057982839587713280112348353605883715523355032322438870041131866555177908436602845038577704601971160973786384349677757642676220444563737813444859518397258438885036928244538545411676559764076582388593140861671 0 0 0 0 0 0 0 0 0 0 0 0 0 0 0 0 0 0 0 0 0 0 0 0 0 0 0 0 0 0 0 0 0 0 0 0 0 0 0 0 0 0 0 0 0 0 0 0 0 0 0 0 0 0 0 0 0 0 1 0 0 0 0 0 0 0 0 0 0 0 0 0 0 0 0 0 0 0 0 0 0 0 0 0 0 0 0 0 0 0]
[3997492998879476546129440494294548013513461699111850984654062301638060288279095426289532997599802671573579494227982907209856042605304133061442498970542580142261249796713842654354657803268168775614781467085074188213381481278737933237307490514909257730318086179986060475722882 0 0 0 0 0 0 0 0 0 0 0 0 0 0 0 0 0 0 0 0 0 0 0 0 0 0 0 0 0 0 0 0 0 0 0 0 0 0 0 0 0 0 0 0 0 0 0 0 0 0 0 0 0 0 0 0 0 0 0 1 0 0 0 0 0 0 0 0 0 0 0 0 0 0 0 0 0 0 0 0 0 0 0 0 0 0 0 0 0 0]
[6215716680027076450346744284739255427733761728849912440546194842310998488211164097886247199236900507400095391575044727703002946813237848603444915350412957116950236124225776911896808526116963736329007424641287274071678502963639461056821509371908665545405970271241626856053577 0 0 0 0 0 0 0 0 0 0 0 0 0 0 0 0 0 0 0 0 0 0 0 0 0 0 0 0 0 0 0 0 0 0 0 0 0 0 0 0 0 0 0 0 0 0 0 0 0 0 0 0 0 0 0 0 0 0 0 0 1 0 0 0 0 0 0 0 0 0 0 0 0 0 0 0 0 0 0 0 0 0 0 0 0 0 0 0 0 0]
[2173031978668090228793913420454690518771856893920409395237098933929887969440413729182840718917404282524352892639196377837820352187351626680587033048279612344179291085519414748601409220753854595859865614680890870058526368587296663315662730278720664358534767575455276368429205 0 0 0 0 0 0 0 0 0 0 0 0 0 0 0 0 0 0 0 0 0 0 0 0 0 0 0 0 0 0 0 0 0 0 0 0 0 0 0 0 0 0 0 0 0 0 0 0 0 0 0 0 0 0 0 0 0 0 0 0 0 1 0 0 0 0 0 0 0 0 0 0 0 0 0 0 0 0 0 0 0 0 0 0 0 0 0 0 0 0]
[6252255093256552364011485541523885568208478982365359639343774473004574777657674633778553419558269579619763389997673167020821465882298741963787963878720237683041125712463567605105504042249329521402146212857578316509941203529850809523452552930041285014790180139042978648582869 0 0 0 0 0 0 0 0 0 0 0 0 0 0 0 0 0 0 0 0 0 0 0 0 0 0 0 0 0 0 0 0 0 0 0 0 0 0 0 0 0 0 0 0 0 0 0 0 0 0 0 0 0 0 0 0 0 0 0 0 0 0 1 0 0 0 0 0 0 0 0 0 0 0 0 0 0 0 0 0 0 0 0 0 0 0 0 0 0 0]
[5695317671472597938207767723568376798246091980507879803192171276712814799188665342752435254494534442648630206916392797485257940284100453793568506991805752338709633177361960319633085329787902293309754335090688904748418284152734784301700963783106654167450950618891654115674722 0 0 0 0 0 0 0 0 0 0 0 0 0 0 0 0 0 0 0 0 0 0 0 0 0 0 0 0 0 0 0 0 0 0 0 0 0 0 0 0 0 0 0 0 0 0 0 0 0 0 0 0 0 0 0 0 0 0 0 0 0 0 0 1 0 0 0 0 0 0 0 0 0 0 0 0 0 0 0 0 0 0 0 0 0 0 0 0 0 0]
[655559609736058793679588521293760290374880976476020410936067354003213746955571474279212413220248224356326891078406461509825636057069346064062020609369988803019302022211839410172420252652712690365130225819789578233699562958372707459790676874359634778758277648532358660900641 0 0 0 0 0 0 0 0 0 0 0 0 0 0 0 0 0 0 0 0 0 0 0 0 0 0 0 0 0 0 0 0 0 0 0 0 0 0 0 0 0 0 0 0 0 0 0 0 0 0 0 0 0 0 0 0 0 0 0 0 0 0 0 0 1 0 0 0 0 0 0 0 0 0 0 0 0 0 0 0 0 0 0 0 0 0 0 0 0 0]
[3151700674109698839309343373830455718267177831716230153451616014424151929004589005964165825656500291861949301137359602510008032282994118407754353129691480155205131221876461293698966410165159975292696729872408747003520949889831026300729451128581663343640178904363147264546617 0 0 0 0 0 0 0 0 0 0 0 0 0 0 0 0 0 0 0 0 0 0 0 0 0 0 0 0 0 0 0 0 0 0 0 0 0 0 0 0 0 0 0 0 0 0 0 0 0 0 0 0 0 0 0 0 0 0 0 0 0 0 0 0 0 1 0 0 0 0 0 0 0 0 0 0 0 0 0 0 0 0 0 0 0 0 0 0 0 0]
[2521992070784180425922300235455184767500656143272938837375669045393396700887156229333465354504243240713776390839047361395519754016299456197128183237376276032501863392280194094102499960240634502378483454389162784160044737817203267382876368730047310109320831689331056180750634 0 0 0 0 0 0 0 0 0 0 0 0 0 0 0 0 0 0 0 0 0 0 0 0 0 0 0 0 0 0 0 0 0 0 0 0 0 0 0 0 0 0 0 0 0 0 0 0 0 0 0 0 0 0 0 0 0 0 0 0 0 0 0 0 0 0 1 0 0 0 0 0 0 0 0 0 0 0 0 0 0 0 0 0 0 0 0 0 0 0]
[894410293091617060462185898990462954718699971634665130095017830549244884123697741881570819898599117244054131014521792668832452547947329622830556837167896016564273021835157881056781057089675252319906934555405498771647225438917794721731742232374521187696510694202110548149413 0 0 0 0 0 0 0 0 0 0 0 0 0 0 0 0 0 0 0 0 0 0 0 0 0 0 0 0 0 0 0 0 0 0 0 0 0 0 0 0 0 0 0 0 0 0 0 0 0 0 0 0 0 0 0 0 0 0 0 0 0 0 0 0 0 0 0 1 0 0 0 0 0 0 0 0 0 0 0 0 0 0 0 0 0 0 0 0 0 0]
[1528226289659326837483224292357697061447845709002787279375933185196401299179545746204846315196467154121415363670140896278129281970833297308780405220922713589778187756580660657602312630099895811380900035699570842724288387638534279380803314870429445491820020284305784121628364 0 0 0 0 0 0 0 0 0 0 0 0 0 0 0 0 0 0 0 0 0 0 0 0 0 0 0 0 0 0 0 0 0 0 0 0 0 0 0 0 0 0 0 0 0 0 0 0 0 0 0 0 0 0 0 0 0 0 0 0 0 0 0 0 0 0 0 0 1 0 0 0 0 0 0 0 0 0 0 0 0 0 0 0 0 0 0 0 0 0]
[3932334764808381963889790805253151436039845693344712181008333121442394615459407068925597885422955337490157683922031031877266086714191746282165672518966773893333295597582513838998007599108011990890667138500859900158735429256461716661205715386176785362460460076675923582464728 0 0 0 0 0 0 0 0 0 0 0 0 0 0 0 0 0 0 0 0 0 0 0 0 0 0 0 0 0 0 0 0 0 0 0 0 0 0 0 0 0 0 0 0 0 0 0 0 0 0 0 0 0 0 0 0 0 0 0 0 0 0 0 0 0 0 0 0 0 1 0 0 0 0 0 0 0 0 0 0 0 0 0 0 0 0 0 0 0 0]
[2634865546304267518085875187491792832975114047119904375576057504334079731283349225457142440775358032827849224136192149548401294387903845555080944456631843001538371543564497052033649194138081297092587021216037228244300830768442655462692866110936250792258808961229227520130605 0 0 0 0 0 0 0 0 0 0 0 0 0 0 0 0 0 0 0 0 0 0 0 0 0 0 0 0 0 0 0 0 0 0 0 0 0 0 0 0 0 0 0 0 0 0 0 0 0 0 0 0 0 0 0 0 0 0 0 0 0 0 0 0 0 0 0 0 0 0 1 0 0 0 0 0 0 0 0 0 0 0 0 0 0 0 0 0 0 0]
[5152694653000258917042345365255373387020536318088377743499394466391287308725740687601738529456553216227339569081126450589122464392547769115474479746750134766397223001678931323965164700643685622179902526794252457754651650953321212954107018059138903572015455546093538850506438 0 0 0 0 0 0 0 0 0 0 0 0 0 0 0 0 0 0 0 0 0 0 0 0 0 0 0 0 0 0 0 0 0 0 0 0 0 0 0 0 0 0 0 0 0 0 0 0 0 0 0 0 0 0 0 0 0 0 0 0 0 0 0 0 0 0 0 0 0 0 0 1 0 0 0 0 0 0 0 0 0 0 0 0 0 0 0 0 0 0]
[4470872944515113419549677997083206653414496542907328982124063254566298365577962970402829797297036878710649327617056959428753474824790701664395301423146166191214530580866405672933522672499755280158837720110540741142349012721084683642516752221968642683139379619409693237377031 0 0 0 0 0 0 0 0 0 0 0 0 0 0 0 0 0 0 0 0 0 0 0 0 0 0 0 0 0 0 0 0 0 0 0 0 0 0 0 0 0 0 0 0 0 0 0 0 0 0 0 0 0 0 0 0 0 0 0 0 0 0 0 0 0 0 0 0 0 0 0 0 1 0 0 0 0 0 0 0 0 0 0 0 0 0 0 0 0 0]
[1045512085617531518191417001521495632596612498388372238680929344960135693575334812286691914176965982001826649765206921244000872931484417467385482117342556866149389512044140721992160090099340141291902147023538257605240822141365518923121538467168792573390700479883998493248836 0 0 0 0 0 0 0 0 0 0 0 0 0 0 0 0 0 0 0 0 0 0 0 0 0 0 0 0 0 0 0 0 0 0 0 0 0 0 0 0 0 0 0 0 0 0 0 0 0 0 0 0 0 0 0 0 0 0 0 0 0 0 0 0 0 0 0 0 0 0 0 0 0 1 0 0 0 0 0 0 0 0 0 0 0 0 0 0 0 0]
[2635842396907194091883382096818229487708187333911314982911550725751452136082210227810030492431125255409631110295273880222042345355367797966582726961876142282169911349811474965785857519821820040427053399923504175172331488058363304065329197875629358977164598100576465390338891 0 0 0 0 0 0 0 0 0 0 0 0 0 0 0 0 0 0 0 0 0 0 0 0 0 0 0 0 0 0 0 0 0 0 0 0 0 0 0 0 0 0 0 0 0 0 0 0 0 0 0 0 0 0 0 0 0 0 0 0 0 0 0 0 0 0 0 0 0 0 0 0 0 0 1 0 0 0 0 0 0 0 0 0 0 0 0 0 0 0]
[3556456322904335103410163189401802537389778066764331613287993469268859339399582633704868196484948747743869513507064102879237329523216046815734253352301140598186568472026343486449570682354892809345705851853884211595685651551692461162664566576477311937560970380472039787575508 0 0 0 0 0 0 0 0 0 0 0 0 0 0 0 0 0 0 0 0 0 0 0 0 0 0 0 0 0 0 0 0 0 0 0 0 0 0 0 0 0 0 0 0 0 0 0 0 0 0 0 0 0 0 0 0 0 0 0 0 0 0 0 0 0 0 0 0 0 0 0 0 0 0 0 1 0 0 0 0 0 0 0 0 0 0 0 0 0 0]
[2775587671544388912035958349405176328857513679629848060838758927908603158326917511075903738738161991541716107257129717722627563459904996567279091139668726175538433578407529661847642730335921347559655569405998299417116088149513030906432067185289477603624208367011027840021889 0 0 0 0 0 0 0 0 0 0 0 0 0 0 0 0 0 0 0 0 0 0 0 0 0 0 0 0 0 0 0 0 0 0 0 0 0 0 0 0 0 0 0 0 0 0 0 0 0 0 0 0 0 0 0 0 0 0 0 0 0 0 0 0 0 0 0 0 0 0 0 0 0 0 0 0 1 0 0 0 0 0 0 0 0 0 0 0 0 0]
[6599959067275534130406978032027197701211688696189997829037012616725644319035453460809638466434031942628530839485384376983298588383517603799844094917090385249989339581409089828244705674496196016999499045058309777697876733838532030568316405464596120732920202075320058457577354 0 0 0 0 0 0 0 0 0 0 0 0 0 0 0 0 0 0 0 0 0 0 0 0 0 0 0 0 0 0 0 0 0 0 0 0 0 0 0 0 0 0 0 0 0 0 0 0 0 0 0 0 0 0 0 0 0 0 0 0 0 0 0 0 0 0 0 0 0 0 0 0 0 0 0 0 0 1 0 0 0 0 0 0 0 0 0 0 0 0]
[7477512693375453545928067843661653219303869057823029223305815374981333745747531969568199207403275532641632042200350029706780744925221354814281945035278320158586684770137283829242227902630275054217448522576878151691887493375705756160915269046823606048089656733937312004696906 0 0 0 0 0 0 0 0 0 0 0 0 0 0 0 0 0 0 0 0 0 0 0 0 0 0 0 0 0 0 0 0 0 0 0 0 0 0 0 0 0 0 0 0 0 0 0 0 0 0 0 0 0 0 0 0 0 0 0 0 0 0 0 0 0 0 0 0 0 0 0 0 0 0 0 0 0 0 1 0 0 0 0 0 0 0 0 0 0 0]
[1968073942236873789850210570030723254934940580540436316217177220995678297164398140183754648921176829445510499349143349213197685505833849071413888704930677933718611051037562805519305353120041291884236660963001336910881517129644984725506263504560456541566489779236584730928172 0 0 0 0 0 0 0 0 0 0 0 0 0 0 0 0 0 0 0 0 0 0 0 0 0 0 0 0 0 0 0 0 0 0 0 0 0 0 0 0 0 0 0 0 0 0 0 0 0 0 0 0 0 0 0 0 0 0 0 0 0 0 0 0 0 0 0 0 0 0 0 0 0 0 0 0 0 0 0 1 0 0 0 0 0 0 0 0 0 0]
[542082791814494953888122025717035206811273231712975798833003025798928443253144584398288256068189410968636620564283495732076374855030748358021359349369908450999777694086576419482998142072549494512846608818597661649171320763863525554882254723778810296445189738359053630442721 0 0 0 0 0 0 0 0 0 0 0 0 0 0 0 0 0 0 0 0 0 0 0 0 0 0 0 0 0 0 0 0 0 0 0 0 0 0 0 0 0 0 0 0 0 0 0 0 0 0 0 0 0 0 0 0 0 0 0 0 0 0 0 0 0 0 0 0 0 0 0 0 0 0 0 0 0 0 0 0 1 0 0 0 0 0 0 0 0 0]
[3448238122610664822267938207803495218333194220891318485909200664935344944495093878995001469971993082131934959661389291232013993350288763043437744390378694288628267013491906282418207074238303679576181266505421321229678844567315369970340945986034236588158758057047370406515930 0 0 0 0 0 0 0 0 0 0 0 0 0 0 0 0 0 0 0 0 0 0 0 0 0 0 0 0 0 0 0 0 0 0 0 0 0 0 0 0 0 0 0 0 0 0 0 0 0 0 0 0 0 0 0 0 0 0 0 0 0 0 0 0 0 0 0 0 0 0 0 0 0 0 0 0 0 0 0 0 0 1 0 0 0 0 0 0 0 0]
[3216529479004866439724480220720193042200715866096098372324076835211183473697402554882451310732211152314491457025586270259811365240866182449271539542746918487876096847554696496303185200315310062353615082776579803999794901142845663308017904485829584642368531776327327289684328 0 0 0 0 0 0 0 0 0 0 0 0 0 0 0 0 0 0 0 0 0 0 0 0 0 0 0 0 0 0 0 0 0 0 0 0 0 0 0 0 0 0 0 0 0 0 0 0 0 0 0 0 0 0 0 0 0 0 0 0 0 0 0 0 0 0 0 0 0 0 0 0 0 0 0 0 0 0 0 0 0 0 1 0 0 0 0 0 0 0]
[502684900567111636953690103481235853564439108873392051985710959903234710869994124347506308447969571293540812002841989267125433852238168503649685951485614210989106500874056991543066838299633054214177925346867320578489842681925124756822763221365334945933009165814806962213030 0 0 0 0 0 0 0 0 0 0 0 0 0 0 0 0 0 0 0 0 0 0 0 0 0 0 0 0 0 0 0 0 0 0 0 0 0 0 0 0 0 0 0 0 0 0 0 0 0 0 0 0 0 0 0 0 0 0 0 0 0 0 0 0 0 0 0 0 0 0 0 0 0 0 0 0 0 0 0 0 0 0 0 1 0 0 0 0 0 0]
[6708578682351517880222792062436421624780902126896100364132923006705581383945303143827623849569407655500571517487573153216841700562561442644736025993899089928761392159739918178591796404866570319530436409516086079903373352523404669217066494310660662998978620670640833135703301 0 0 0 0 0 0 0 0 0 0 0 0 0 0 0 0 0 0 0 0 0 0 0 0 0 0 0 0 0 0 0 0 0 0 0 0 0 0 0 0 0 0 0 0 0 0 0 0 0 0 0 0 0 0 0 0 0 0 0 0 0 0 0 0 0 0 0 0 0 0 0 0 0 0 0 0 0 0 0 0 0 0 0 0 1 0 0 0 0 0]
[4125015438919117862941847382341129517101665666942763700656205172317969340203395325283270469646953446920090624976868017576803379405387649462757000468285433254974509313743722614056136598526616287042139412944752618125467266673189277714725334351844543227056472775642006934168507 0 0 0 0 0 0 0 0 0 0 0 0 0 0 0 0 0 0 0 0 0 0 0 0 0 0 0 0 0 0 0 0 0 0 0 0 0 0 0 0 0 0 0 0 0 0 0 0 0 0 0 0 0 0 0 0 0 0 0 0 0 0 0 0 0 0 0 0 0 0 0 0 0 0 0 0 0 0 0 0 0 0 0 0 0 1 0 0 0 0]
[2507533133022683758933229978853905265085260833521303089900490601380296290766513718931512987457654266461137703859474764355036290732595463840587216315269601318801493871657133223517632417397732244255990529220413122525895332698191787843924975819242213767186581149726352144376296 0 0 0 0 0 0 0 0 0 0 0 0 0 0 0 0 0 0 0 0 0 0 0 0 0 0 0 0 0 0 0 0 0 0 0 0 0 0 0 0 0 0 0 0 0 0 0 0 0 0 0 0 0 0 0 0 0 0 0 0 0 0 0 0 0 0 0 0 0 0 0 0 0 0 0 0 0 0 0 0 0 0 0 0 0 0 1 0 0 0]
[5476913145269463617884288262716263392417525584849955024288037337408901941062238399601964819746642645060383080026097151762786710773162025356340519694118789897387368552026275931524154578313694572599643032351764994369588271741950746553658109498458965823471706555138190152103519 0 0 0 0 0 0 0 0 0 0 0 0 0 0 0 0 0 0 0 0 0 0 0 0 0 0 0 0 0 0 0 0 0 0 0 0 0 0 0 0 0 0 0 0 0 0 0 0 0 0 0 0 0 0 0 0 0 0 0 0 0 0 0 0 0 0 0 0 0 0 0 0 0 0 0 0 0 0 0 0 0 0 0 0 0 0 0 1 0 0]
[6944468877508742550498788164166025135835616343340919608744536453688055079875903432898388966647268423290646039030156045848447984308040172003797640643372674640692242697304335434409208239473687465375678110519841800490213173984162375663842374255865313870420883608332886726545649 0 0 0 0 0 0 0 0 0 0 0 0 0 0 0 0 0 0 0 0 0 0 0 0 0 0 0 0 0 0 0 0 0 0 0 0 0 0 0 0 0 0 0 0 0 0 0 0 0 0 0 0 0 0 0 0 0 0 0 0 0 0 0 0 0 0 0 0 0 0 0 0 0 0 0 0 0 0 0 0 0 0 0 0 0 0 0 0 1 0]
[4224065502391541906788143897438931193314652457389048015378529336645888457253054689722446059298054284719329955769512851873571395896521557232291996978873634755038447354802920643237632363359614260368238203198674945816416508787655728260256574327327301454839787606237928840770948 0 0 0 0 0 0 0 0 0 0 0 0 0 0 0 0 0 0 0 0 0 0 0 0 0 0 0 0 0 0 0 0 0 0 0 0 0 0 0 0 0 0 0 0 0 0 0 0 0 0 0 0 0 0 0 0 0 0 0 0 0 0 0 0 0 0 0 0 0 0 0 0 0 0 0 0 0 0 0 0 0 0 0 0 0 0 0 0 0 1]
]
