[[2876801999617392874035714793621134422579533920353153064477026715972354822493340780275728180404647116683441813763244631555109997825126613232116429857908321921699503525250220207858983165421312685221498320833 0 0 0 0 0 0 0 0 0 0 0 0 0 0 0 0 0 0 0 0 0 0 0 0 0 0 0 0 0 0 0 0 0 0 0 0 0 0 0 0 0 0 0 0 0 0 0 0 0 0 0 0 0 0 0 0 0 0 0 0 0 0 0 0 0 0 0]
[146518580244490959170518421218663803750147017211241129679777038764698309099101010054115275687268988585292624650986774686638987809106975704470667052073585166837355036034257516874049660080655034173781584878 1 0 0 0 0 0 0 0 0 0 0 0 0 0 0 0 0 0 0 0 0 0 0 0 0 0 0 0 0 0 0 0 0 0 0 0 0 0 0 0 0 0 0 0 0 0 0 0 0 0 0 0 0 0 0 0 0 0 0 0 0 0 0 0 0 0 0]
[2672247175324807136434733109452868512687968708165808850137668202351537148236163537622120244819188866727910312522006133720520608490936135627568680198259677270821011418386285225803215001522716846640987304515 0 1 0 0 0 0 0 0 0 0 0 0 0 0 0 0 0 0 0 0 0 0 0 0 0 0 0 0 0 0 0 0 0 0 0 0 0 0 0 0 0 0 0 0 0 0 0 0 0 0 0 0 0 0 0 0 0 0 0 0 0 0 0 0 0 0 0]
[198438894136051186383209356815295369131593182801872307282656988987379417401105709586026547187652397922285688010639062069179277375907136438022807573056135392926889769013216011456177885022973550348161958024 0 0 1 0 0 0 0 0 0 0 0 0 0 0 0 0 0 0 0 0 0 0 0 0 0 0 0 0 0 0 0 0 0 0 0 0 0 0 0 0 0 0 0 0 0 0 0 0 0 0 0 0 0 0 0 0 0 0 0 0 0 0 0 0 0 0 0]
[1782785892962103495474637120289594285563039789730249750609090549949856474762324007748264429633328846307333892564036598375856928548705752492211881910537760221422472567368914607722800454550969643787430845684 0 0 0 1 0 0 0 0 0 0 0 0 0 0 0 0 0 0 0 0 0 0 0 0 0 0 0 0 0 0 0 0 0 0 0 0 0 0 0 0 0 0 0 0 0 0 0 0 0 0 0 0 0 0 0 0 0 0 0 0 0 0 0 0 0 0 0]
[2567717251835053909149755697064067160662685398516915526059595359019773023349315350283488211289689277392368775374760802807195912412836898007680775951770872824434783164241636237431535894753627113600246777476 0 0 0 0 1 0 0 0 0 0 0 0 0 0 0 0 0 0 0 0 0 0 0 0 0 0 0 0 0 0 0 0 0 0 0 0 0 0 0 0 0 0 0 0 0 0 0 0 0 0 0 0 0 0 0 0 0 0 0 0 0 0 0 0 0 0 0]
[477991422914061528650837643225862913062095152342182551540855150609583934997033136456048577907386354574760770385013894889262095837091013240209431155310091506272687239953562177768742653888290318353205352542 0 0 0 0 0 1 0 0 0 0 0 0 0 0 0 0 0 0 0 0 0 0 0 0 0 0 0 0 0 0 0 0 0 0 0 0 0 0 0 0 0 0 0 0 0 0 0 0 0 0 0 0 0 0 0 0 0 0 0 0 0 0 0 0 0 0 0]
[475763457461849168131960349568969455291914331153411374331531262960973597643709729748366863685649132425962443115271088211615026223774120412858352062469653878925570484051591753689774368407904303377137918584 0 0 0 0 0 0 1 0 0 0 0 0 0 0 0 0 0 0 0 0 0 0 0 0 0 0 0 0 0 0 0 0 0 0 0 0 0 0 0 0 0 0 0 0 0 0 0 0 0 0 0 0 0 0 0 0 0 0 0 0 0 0 0 0 0 0 0]
[1966655229768921968511918318597552848469924209814050220947078756048992416840141851567624160031103257750932398060532056886501810703493423699960943894023725076449223881400737163936727373633652688234598205256 0 0 0 0 0 0 0 1 0 0 0 0 0 0 0 0 0 0 0 0 0 0 0 0 0 0 0 0 0 0 0 0 0 0 0 0 0 0 0 0 0 0 0 0 0 0 0 0 0 0 0 0 0 0 0 0 0 0 0 0 0 0 0 0 0 0 0]
[1980415633414127659292047584655419530857642197324511746086917682791310369455258326710627624719463047890285715544437545596348864677855626420715410027199388466228953484247941391040697159902684654417083080278 0 0 0 0 0 0 0 0 1 0 0 0 0 0 0 0 0 0 0 0 0 0 0 0 0 0 0 0 0 0 0 0 0 0 0 0 0 0 0 0 0 0 0 0 0 0 0 0 0 0 0 0 0 0 0 0 0 0 0 0 0 0 0 0 0 0 0]
[2328501770880883531747170606137730345687669030314877119017051003172987672781838227454731992955780213615853780272479211267527700209098384708470990809989728373674370725297879296423096305214052002785292505018 0 0 0 0 0 0 0 0 0 1 0 0 0 0 0 0 0 0 0 0 0 0 0 0 0 0 0 0 0 0 0 0 0 0 0 0 0 0 0 0 0 0 0 0 0 0 0 0 0 0 0 0 0 0 0 0 0 0 0 0 0 0 0 0 0 0 0]
[1286913526896100856380512868480872188646625991210588266004545596730161957909733837991471980593297759703286889238833844226950601525183916963471456345802375223392084143574692236806975651147951210020110804594 0 0 0 0 0 0 0 0 0 0 1 0 0 0 0 0 0 0 0 0 0 0 0 0 0 0 0 0 0 0 0 0 0 0 0 0 0 0 0 0 0 0 0 0 0 0 0 0 0 0 0 0 0 0 0 0 0 0 0 0 0 0 0 0 0 0 0]
[2413371498258612004922447360255737286062363907444579895361468336627738388294493987340438494174333031831433723422986025079617858168987655318131282031139391671577385941013281370333501583026043617481582629358 0 0 0 0 0 0 0 0 0 0 0 1 0 0 0 0 0 0 0 0 0 0 0 0 0 0 0 0 0 0 0 0 0 0 0 0 0 0 0 0 0 0 0 0 0 0 0 0 0 0 0 0 0 0 0 0 0 0 0 0 0 0 0 0 0 0 0]
[18179295725489119397666835516038881188330566781659818976968150448952095150894698412001214561392694401634028537097102653086989414094618711697022654481023989787743512757325935063443122085985705649141231708 0 0 0 0 0 0 0 0 0 0 0 0 1 0 0 0 0 0 0 0 0 0 0 0 0 0 0 0 0 0 0 0 0 0 0 0 0 0 0 0 0 0 0 0 0 0 0 0 0 0 0 0 0 0 0 0 0 0 0 0 0 0 0 0 0 0 0]
[1415487614824422366879084746515778570142777770171573514039223415724892549503368208800868423972763452903885238505605018254181829302334678514467996157449469088124777309602097176611348375114251001686946997992 0 0 0 0 0 0 0 0 0 0 0 0 0 1 0 0 0 0 0 0 0 0 0 0 0 0 0 0 0 0 0 0 0 0 0 0 0 0 0 0 0 0 0 0 0 0 0 0 0 0 0 0 0 0 0 0 0 0 0 0 0 0 0 0 0 0 0]
[1464225416485255770239197481465725588671522881693792210148647585065939567109104509305411151353477346838225500902359429181760359992297578088275986334127893268386396363043045113918772316346140414322803775748 0 0 0 0 0 0 0 0 0 0 0 0 0 0 1 0 0 0 0 0 0 0 0 0 0 0 0 0 0 0 0 0 0 0 0 0 0 0 0 0 0 0 0 0 0 0 0 0 0 0 0 0 0 0 0 0 0 0 0 0 0 0 0 0 0 0 0]
[983215556692328247367048815285834168885437419126836806495021697354280616831517943258145249138906917687323917374214287088098777523556372942163630336944375043018942216169187581994588976307544666577300600359 0 0 0 0 0 0 0 0 0 0 0 0 0 0 0 1 0 0 0 0 0 0 0 0 0 0 0 0 0 0 0 0 0 0 0 0 0 0 0 0 0 0 0 0 0 0 0 0 0 0 0 0 0 0 0 0 0 0 0 0 0 0 0 0 0 0 0]
[2688616337561700035473199653829648202632214711647557430884974150555039878367898965486989303897009236717837809691157721231691060904542898507401655513646403920191100279671420482737996219664270427462030981033 0 0 0 0 0 0 0 0 0 0 0 0 0 0 0 0 1 0 0 0 0 0 0 0 0 0 0 0 0 0 0 0 0 0 0 0 0 0 0 0 0 0 0 0 0 0 0 0 0 0 0 0 0 0 0 0 0 0 0 0 0 0 0 0 0 0 0]
[268811683189548161474140601579147418086611712203956734268470933364778762384891660507603253104404569716044817766718667570136007237812111973643839505574165576461809196024429663076677590550286090277346942546 0 0 0 0 0 0 0 0 0 0 0 0 0 0 0 0 0 1 0 0 0 0 0 0 0 0 0 0 0 0 0 0 0 0 0 0 0 0 0 0 0 0 0 0 0 0 0 0 0 0 0 0 0 0 0 0 0 0 0 0 0 0 0 0 0 0 0]
[253543083963885951842569270699756007167185230327840436945279889751458880816510659907973281482601826294078841648447520014551149836884331311846850786744804540758495048373351982095922406811154322410139123953 0 0 0 0 0 0 0 0 0 0 0 0 0 0 0 0 0 0 1 0 0 0 0 0 0 0 0 0 0 0 0 0 0 0 0 0 0 0 0 0 0 0 0 0 0 0 0 0 0 0 0 0 0 0 0 0 0 0 0 0 0 0 0 0 0 0 0]
[1188995883310042131468321235730898781892399441929266898612524404978673932102572676439506158241729538721659247945204799820066681765069564516681418226647343966008303215216123428201351242956770958495687010380 0 0 0 0 0 0 0 0 0 0 0 0 0 0 0 0 0 0 0 1 0 0 0 0 0 0 0 0 0 0 0 0 0 0 0 0 0 0 0 0 0 0 0 0 0 0 0 0 0 0 0 0 0 0 0 0 0 0 0 0 0 0 0 0 0 0 0]
[379328743817786413446507364527383642943464898810604124886304834396358529923266741558261053126957732581439062203057975964339509409955424523145744318330339471056960864706244053495711390259165439265491837168 0 0 0 0 0 0 0 0 0 0 0 0 0 0 0 0 0 0 0 0 1 0 0 0 0 0 0 0 0 0 0 0 0 0 0 0 0 0 0 0 0 0 0 0 0 0 0 0 0 0 0 0 0 0 0 0 0 0 0 0 0 0 0 0 0 0 0]
[218707045380400135914190028044660456640265575095866363211670387767860441091331897704326406956279224634700257135609216030984562782677290793381292619456071981415954957263997005103672671544544581263090382293 0 0 0 0 0 0 0 0 0 0 0 0 0 0 0 0 0 0 0 0 0 1 0 0 0 0 0 0 0 0 0 0 0 0 0 0 0 0 0 0 0 0 0 0 0 0 0 0 0 0 0 0 0 0 0 0 0 0 0 0 0 0 0 0 0 0 0]
[863249025962518145870036700076824602213008234834090020806726528174955428227677291821881969419263616780731690526212523744672006182564416858196703273354381005928722473065678909128243864713794200535246581114 0 0 0 0 0 0 0 0 0 0 0 0 0 0 0 0 0 0 0 0 0 0 1 0 0 0 0 0 0 0 0 0 0 0 0 0 0 0 0 0 0 0 0 0 0 0 0 0 0 0 0 0 0 0 0 0 0 0 0 0 0 0 0 0 0 0 0]
[2646568463999969244338341864687761851816552090498213179447334344096814186703384719220488538743584126439014981027461131106356325633711745493256201846305102314504045124746320010200585669516038054659414353509 0 0 0 0 0 0 0 0 0 0 0 0 0 0 0 0 0 0 0 0 0 0 0 1 0 0 0 0 0 0 0 0 0 0 0 0 0 0 0 0 0 0 0 0 0 0 0 0 0 0 0 0 0 0 0 0 0 0 0 0 0 0 0 0 0 0 0]
[2696450658927762510206706447979397771189252417650709658311922596089492331825313296468868274324620067514517067181733663835529172968827426261205679110419002976048621297484146449213432443021592533244002609386 0 0 0 0 0 0 0 0 0 0 0 0 0 0 0 0 0 0 0 0 0 0 0 0 1 0 0 0 0 0 0 0 0 0 0 0 0 0 0 0 0 0 0 0 0 0 0 0 0 0 0 0 0 0 0 0 0 0 0 0 0 0 0 0 0 0 0]
[2636726519792271079559109990542916301489708846605505750185187325166031632646961108768027486259007694064244692464498925116169438540081195964218396409732641846379024203430176544290801467777659233778507189470 0 0 0 0 0 0 0 0 0 0 0 0 0 0 0 0 0 0 0 0 0 0 0 0 0 1 0 0 0 0 0 0 0 0 0 0 0 0 0 0 0 0 0 0 0 0 0 0 0 0 0 0 0 0 0 0 0 0 0 0 0 0 0 0 0 0 0]
[1953521224385300316653592139268719285262111515906304274788474684275125883790313714424232038686928534292756561333756624925659251737469477331169129027644531982701851105166748230040531108194763124953613720415 0 0 0 0 0 0 0 0 0 0 0 0 0 0 0 0 0 0 0 0 0 0 0 0 0 0 1 0 0 0 0 0 0 0 0 0 0 0 0 0 0 0 0 0 0 0 0 0 0 0 0 0 0 0 0 0 0 0 0 0 0 0 0 0 0 0 0]
[378583745738909041114951607119089551432991142880814665835956442150018519299082366023651675899248421747618441680855970238346955172748122366674587073389367181954491134769604057943460591016648089964028859669 0 0 0 0 0 0 0 0 0 0 0 0 0 0 0 0 0 0 0 0 0 0 0 0 0 0 0 1 0 0 0 0 0 0 0 0 0 0 0 0 0 0 0 0 0 0 0 0 0 0 0 0 0 0 0 0 0 0 0 0 0 0 0 0 0 0 0]
[1646184056697481584459520156971634664489502259941122099044882886358021257805215731517205685122359504223287515678618129529923799285566471880641548343909002949388183225278413693827004846087864023998378149912 0 0 0 0 0 0 0 0 0 0 0 0 0 0 0 0 0 0 0 0 0 0 0 0 0 0 0 0 1 0 0 0 0 0 0 0 0 0 0 0 0 0 0 0 0 0 0 0 0 0 0 0 0 0 0 0 0 0 0 0 0 0 0 0 0 0 0]
[2673381899210864813580310332916820357952441392756420401040426997779129979983384243633289877342045752420979092198278674945034190828472649919314765838048065365693868872702290326515497954401402809735835485031 0 0 0 0 0 0 0 0 0 0 0 0 0 0 0 0 0 0 0 0 0 0 0 0 0 0 0 0 0 1 0 0 0 0 0 0 0 0 0 0 0 0 0 0 0 0 0 0 0 0 0 0 0 0 0 0 0 0 0 0 0 0 0 0 0 0 0]
[101305305093070340593646639322801625509016668387661265486863724774722053989222384849063097220320221705652321853973930943563090695077914917611901598884591768291831354152705678027548203365634944230195134483 0 0 0 0 0 0 0 0 0 0 0 0 0 0 0 0 0 0 0 0 0 0 0 0 0 0 0 0 0 0 1 0 0 0 0 0 0 0 0 0 0 0 0 0 0 0 0 0 0 0 0 0 0 0 0 0 0 0 0 0 0 0 0 0 0 0 0]
[2336768088932377348837356116745891894490192336267646251149708651498808185010646303727015683709070425969533349228347949462564676814507635562150931973415798813021016092063886838824209639333338531730656355881 0 0 0 0 0 0 0 0 0 0 0 0 0 0 0 0 0 0 0 0 0 0 0 0 0 0 0 0 0 0 0 1 0 0 0 0 0 0 0 0 0 0 0 0 0 0 0 0 0 0 0 0 0 0 0 0 0 0 0 0 0 0 0 0 0 0 0]
[1869418844558121309565537058608492854439683325696360900139964660207680776357135046906715736068806048663423378420515628967776363499691614401643665746593125290580578339920444347269774950392346225169536298043 0 0 0 0 0 0 0 0 0 0 0 0 0 0 0 0 0 0 0 0 0 0 0 0 0 0 0 0 0 0 0 0 1 0 0 0 0 0 0 0 0 0 0 0 0 0 0 0 0 0 0 0 0 0 0 0 0 0 0 0 0 0 0 0 0 0 0]
[1119429184284216292840866612235384285840516219742734849496764303964576226559964721753022114683562649299133257612621078894500375057217721061155941108836665353982480925474361048344486806825864120456774233788 0 0 0 0 0 0 0 0 0 0 0 0 0 0 0 0 0 0 0 0 0 0 0 0 0 0 0 0 0 0 0 0 0 1 0 0 0 0 0 0 0 0 0 0 0 0 0 0 0 0 0 0 0 0 0 0 0 0 0 0 0 0 0 0 0 0 0]
[1140533634947887876120118726256004890789642679938150954867198089150888554520549139703591187405576077598082730247869913035779395575753085933901549170422738531586569587127177542597053703464172922983656579011 0 0 0 0 0 0 0 0 0 0 0 0 0 0 0 0 0 0 0 0 0 0 0 0 0 0 0 0 0 0 0 0 0 0 1 0 0 0 0 0 0 0 0 0 0 0 0 0 0 0 0 0 0 0 0 0 0 0 0 0 0 0 0 0 0 0 0]
[466443106043367822211408671861049012454186051331204836535392329520271284339619965309443019598745259357985392858532987913520884964046022223527065010651638011521080999786192830377685600031426571935358424823 0 0 0 0 0 0 0 0 0 0 0 0 0 0 0 0 0 0 0 0 0 0 0 0 0 0 0 0 0 0 0 0 0 0 0 1 0 0 0 0 0 0 0 0 0 0 0 0 0 0 0 0 0 0 0 0 0 0 0 0 0 0 0 0 0 0 0]
[638587105917912032719162964998351917225114095999560421190650911736915869434592925060455506638104985721091266905289895371007961056354262524235313356376168010655667493228112712146708295945862930002652986853 0 0 0 0 0 0 0 0 0 0 0 0 0 0 0 0 0 0 0 0 0 0 0 0 0 0 0 0 0 0 0 0 0 0 0 0 1 0 0 0 0 0 0 0 0 0 0 0 0 0 0 0 0 0 0 0 0 0 0 0 0 0 0 0 0 0 0]
[12217021015118569994265102932566912792477872219448638459845863104752531755043074043623607297658655396713887988349410248541822141122955574056851825975788708853821812175896713142814097837982680560356052776 0 0 0 0 0 0 0 0 0 0 0 0 0 0 0 0 0 0 0 0 0 0 0 0 0 0 0 0 0 0 0 0 0 0 0 0 0 1 0 0 0 0 0 0 0 0 0 0 0 0 0 0 0 0 0 0 0 0 0 0 0 0 0 0 0 0 0]
[2617669644468345697568231886077101410614921981367002302381790413950082033723171037284788903217345923118542629477506019350239426878679697589573941233294394477565481659953166754145252385065964726181342977660 0 0 0 0 0 0 0 0 0 0 0 0 0 0 0 0 0 0 0 0 0 0 0 0 0 0 0 0 0 0 0 0 0 0 0 0 0 0 1 0 0 0 0 0 0 0 0 0 0 0 0 0 0 0 0 0 0 0 0 0 0 0 0 0 0 0 0]
[411589832102731048399447317791846652170071651944536917464470263046925700636550826242332959257304022583652640560074623315132203660062938484506538114750428586894673951057682978804408780412936648873412145016 0 0 0 0 0 0 0 0 0 0 0 0 0 0 0 0 0 0 0 0 0 0 0 0 0 0 0 0 0 0 0 0 0 0 0 0 0 0 0 1 0 0 0 0 0 0 0 0 0 0 0 0 0 0 0 0 0 0 0 0 0 0 0 0 0 0 0]
[2808420625462546280555959283275906924147152130601712806577116209060880344986961267812756714825946565711802336634913321742171997322340288311421442882539939537105739049513634272582887275583468866891219999091 0 0 0 0 0 0 0 0 0 0 0 0 0 0 0 0 0 0 0 0 0 0 0 0 0 0 0 0 0 0 0 0 0 0 0 0 0 0 0 0 1 0 0 0 0 0 0 0 0 0 0 0 0 0 0 0 0 0 0 0 0 0 0 0 0 0 0]
[264432963796281126009842920494022426135667975253955943708562474549773966410726753387618282571979210959190019613195128557609488073895992974480603723458339824970444638972812990872671063974681561667669366594 0 0 0 0 0 0 0 0 0 0 0 0 0 0 0 0 0 0 0 0 0 0 0 0 0 0 0 0 0 0 0 0 0 0 0 0 0 0 0 0 0 1 0 0 0 0 0 0 0 0 0 0 0 0 0 0 0 0 0 0 0 0 0 0 0 0 0]
[2238307805145156904087045711904090180871860662319463702442335577942263516036323251218564944427694628899053040312757911736034965106491863844458535797310386062757142483153037473596539416399215993175222239806 0 0 0 0 0 0 0 0 0 0 0 0 0 0 0 0 0 0 0 0 0 0 0 0 0 0 0 0 0 0 0 0 0 0 0 0 0 0 0 0 0 0 1 0 0 0 0 0 0 0 0 0 0 0 0 0 0 0 0 0 0 0 0 0 0 0 0]
[1626898429675066644683045952570267069702646092320751193948393558141788607455313712968066336320990149458102229167233571771320052417958727001383778559240948991424509145860379529936869606003477506953391985739 0 0 0 0 0 0 0 0 0 0 0 0 0 0 0 0 0 0 0 0 0 0 0 0 0 0 0 0 0 0 0 0 0 0 0 0 0 0 0 0 0 0 0 1 0 0 0 0 0 0 0 0 0 0 0 0 0 0 0 0 0 0 0 0 0 0 0]
[2527850049825528815700233669928365491849196118605743496206534089022377604468448221964687857782782942042076527499368225475844582256077017010123220169461354987925935519436567826767552286630029378478710336595 0 0 0 0 0 0 0 0 0 0 0 0 0 0 0 0 0 0 0 0 0 0 0 0 0 0 0 0 0 0 0 0 0 0 0 0 0 0 0 0 0 0 0 0 1 0 0 0 0 0 0 0 0 0 0 0 0 0 0 0 0 0 0 0 0 0 0]
[1855414732599411607833549230297253508688311626863200310587711141798196530004355588419056606237393747156218232965860118977125850385239595355543775151396840851496614389064541947110116136083782343951628457602 0 0 0 0 0 0 0 0 0 0 0 0 0 0 0 0 0 0 0 0 0 0 0 0 0 0 0 0 0 0 0 0 0 0 0 0 0 0 0 0 0 0 0 0 0 1 0 0 0 0 0 0 0 0 0 0 0 0 0 0 0 0 0 0 0 0 0]
[1489269618191573438092339954929613472059683531712254402957026743829408021702499033867559316270541454386840149853079987066327153951367859087871084425177365457551245463167120687908762060209556085886721258261 0 0 0 0 0 0 0 0 0 0 0 0 0 0 0 0 0 0 0 0 0 0 0 0 0 0 0 0 0 0 0 0 0 0 0 0 0 0 0 0 0 0 0 0 0 0 1 0 0 0 0 0 0 0 0 0 0 0 0 0 0 0 0 0 0 0 0]
[1182785897161963933769658476172710942065908905511947186794182681537386869113706328721752921588931566842802216161771982986192533986207481053892590788817779180566463807088151459029609392775911159216325431955 0 0 0 0 0 0 0 0 0 0 0 0 0 0 0 0 0 0 0 0 0 0 0 0 0 0 0 0 0 0 0 0 0 0 0 0 0 0 0 0 0 0 0 0 0 0 0 1 0 0 0 0 0 0 0 0 0 0 0 0 0 0 0 0 0 0 0]
[826461038514752760247202388596582749086302953112803656127794870686874362786450342148906381104541375302356628100936091055507406087376302412288704022628598876459038069808199800857018069379056310194249600190 0 0 0 0 0 0 0 0 0 0 0 0 0 0 0 0 0 0 0 0 0 0 0 0 0 0 0 0 0 0 0 0 0 0 0 0 0 0 0 0 0 0 0 0 0 0 0 0 1 0 0 0 0 0 0 0 0 0 0 0 0 0 0 0 0 0 0]
[398455897430786060786177673429286817905980808876234029313446057945796406695845965678940642016074508168613411397195732087645980296192684560797005964634297441905846130988803084090241872378123518755972371847 0 0 0 0 0 0 0 0 0 0 0 0 0 0 0 0 0 0 0 0 0 0 0 0 0 0 0 0 0 0 0 0 0 0 0 0 0 0 0 0 0 0 0 0 0 0 0 0 0 1 0 0 0 0 0 0 0 0 0 0 0 0 0 0 0 0 0]
[1822163362967874813565490435759823484060634601878359600212401091277100103202508459189993781014098979974039712819242894071074165853536838953105506339727249134955074063109335704001854294869624590001482760305 0 0 0 0 0 0 0 0 0 0 0 0 0 0 0 0 0 0 0 0 0 0 0 0 0 0 0 0 0 0 0 0 0 0 0 0 0 0 0 0 0 0 0 0 0 0 0 0 0 0 1 0 0 0 0 0 0 0 0 0 0 0 0 0 0 0 0]
[547559612320660550280636184181164817998919007496577343028692116989452099126917656888047317655090288631308143221536061164782143736305833238629998442554437064940100721813856385191542285344542558060302162097 0 0 0 0 0 0 0 0 0 0 0 0 0 0 0 0 0 0 0 0 0 0 0 0 0 0 0 0 0 0 0 0 0 0 0 0 0 0 0 0 0 0 0 0 0 0 0 0 0 0 0 1 0 0 0 0 0 0 0 0 0 0 0 0 0 0 0]
[163582043497139980292655794287268397621287252159456184750770038881008580659232114174260358293189891330694623518237059486229789884178201939241210688759438712067258105290831974132069392274818103234013310976 0 0 0 0 0 0 0 0 0 0 0 0 0 0 0 0 0 0 0 0 0 0 0 0 0 0 0 0 0 0 0 0 0 0 0 0 0 0 0 0 0 0 0 0 0 0 0 0 0 0 0 0 1 0 0 0 0 0 0 0 0 0 0 0 0 0 0]
[982962521791936837941238620893259645599411809939935564780886348318973259876614066102633000996162831251641106827586222546995862644349176251409998815258502063673958459741895659870766227897899248277690176529 0 0 0 0 0 0 0 0 0 0 0 0 0 0 0 0 0 0 0 0 0 0 0 0 0 0 0 0 0 0 0 0 0 0 0 0 0 0 0 0 0 0 0 0 0 0 0 0 0 0 0 0 0 1 0 0 0 0 0 0 0 0 0 0 0 0 0]
[250270635517727836802211741882366114232117443572010182491574323946792210901142382111534278008279014065591027412525615690445732695528621071798554335213298677723935227544924697668925469174617423619661277099 0 0 0 0 0 0 0 0 0 0 0 0 0 0 0 0 0 0 0 0 0 0 0 0 0 0 0 0 0 0 0 0 0 0 0 0 0 0 0 0 0 0 0 0 0 0 0 0 0 0 0 0 0 0 1 0 0 0 0 0 0 0 0 0 0 0 0]
[646111529124807410866428966394770708909967912561907935925494130014908037226729911064518249320079561461764768984289104210479402459211708319382619341589213979486222496678213602238040520698586391772807840508 0 0 0 0 0 0 0 0 0 0 0 0 0 0 0 0 0 0 0 0 0 0 0 0 0 0 0 0 0 0 0 0 0 0 0 0 0 0 0 0 0 0 0 0 0 0 0 0 0 0 0 0 0 0 0 1 0 0 0 0 0 0 0 0 0 0 0]
[2360530814626381400581672106292594856332075126143042937074559647588115644020508327353598052929953465656704766196428390087513461048791552292045153059538665170383769539965510046314260438037767222872731327372 0 0 0 0 0 0 0 0 0 0 0 0 0 0 0 0 0 0 0 0 0 0 0 0 0 0 0 0 0 0 0 0 0 0 0 0 0 0 0 0 0 0 0 0 0 0 0 0 0 0 0 0 0 0 0 0 1 0 0 0 0 0 0 0 0 0 0]
[1383539228910069725055184283352775699531817958609825925977573396857790298051062381352791374946476527897718028143332580627051253646254794007500830776222215600288394851477325668955037736469770099764560731322 0 0 0 0 0 0 0 0 0 0 0 0 0 0 0 0 0 0 0 0 0 0 0 0 0 0 0 0 0 0 0 0 0 0 0 0 0 0 0 0 0 0 0 0 0 0 0 0 0 0 0 0 0 0 0 0 0 1 0 0 0 0 0 0 0 0 0]
[2509332530047680894281161440395059267724117031706489535876472935264057861612840841219499202825312350810957030685931298732340385215460343876071640451536931124650418332441966046080228537203932641317889949826 0 0 0 0 0 0 0 0 0 0 0 0 0 0 0 0 0 0 0 0 0 0 0 0 0 0 0 0 0 0 0 0 0 0 0 0 0 0 0 0 0 0 0 0 0 0 0 0 0 0 0 0 0 0 0 0 0 0 1 0 0 0 0 0 0 0 0]
[2689650433293553092659242705262319189095324641542315437743447973545457546185627503324598011807297648142096349617800614035035582898743224887273294231714512723454576804215276859823515754822950682466245476006 0 0 0 0 0 0 0 0 0 0 0 0 0 0 0 0 0 0 0 0 0 0 0 0 0 0 0 0 0 0 0 0 0 0 0 0 0 0 0 0 0 0 0 0 0 0 0 0 0 0 0 0 0 0 0 0 0 0 0 1 0 0 0 0 0 0 0]
[2558184966572405977420830114167694700355949391349581964128064725951064362421305276890018182697199806144589625812034832563648661498870742655458271499268095293957280465622544031597121971167578486007798509036 0 0 0 0 0 0 0 0 0 0 0 0 0 0 0 0 0 0 0 0 0 0 0 0 0 0 0 0 0 0 0 0 0 0 0 0 0 0 0 0 0 0 0 0 0 0 0 0 0 0 0 0 0 0 0 0 0 0 0 0 1 0 0 0 0 0 0]
[2698006668022693527382652052883535549425909185482790673900385983394703607232609237535778366401925995632422778973902123167262320054911262403355249402954317224074181012298957297746555785699789797255761389714 0 0 0 0 0 0 0 0 0 0 0 0 0 0 0 0 0 0 0 0 0 0 0 0 0 0 0 0 0 0 0 0 0 0 0 0 0 0 0 0 0 0 0 0 0 0 0 0 0 0 0 0 0 0 0 0 0 0 0 0 0 1 0 0 0 0 0]
[2451291234627475126131503342681614839773677355132543906002676771794723263623335181175415040779960888881705840556191160377727370886488182960827723825679088400889584841568748284771246675372480504305774355449 0 0 0 0 0 0 0 0 0 0 0 0 0 0 0 0 0 0 0 0 0 0 0 0 0 0 0 0 0 0 0 0 0 0 0 0 0 0 0 0 0 0 0 0 0 0 0 0 0 0 0 0 0 0 0 0 0 0 0 0 0 0 1 0 0 0 0]
[1122040769912346397520625312614518943777597263129482570603047818173834819994505999043129819657217294345698951022659377338815186537736667236471026837998623361995049846353524148482377824996454707174368790187 0 0 0 0 0 0 0 0 0 0 0 0 0 0 0 0 0 0 0 0 0 0 0 0 0 0 0 0 0 0 0 0 0 0 0 0 0 0 0 0 0 0 0 0 0 0 0 0 0 0 0 0 0 0 0 0 0 0 0 0 0 0 0 1 0 0 0]
[894207462426390585546021519613276637278191470631521888970460233816489056341155268749415144345594489328661143555035873914152627918501227244992130630314254869037720179292810541899079635544854726251670803109 0 0 0 0 0 0 0 0 0 0 0 0 0 0 0 0 0 0 0 0 0 0 0 0 0 0 0 0 0 0 0 0 0 0 0 0 0 0 0 0 0 0 0 0 0 0 0 0 0 0 0 0 0 0 0 0 0 0 0 0 0 0 0 0 1 0 0]
[1592140866474183900788528903831214975687904470018397595239689052935078432699282398743782345483194159277463265192729983482203852093220739056368971527490948452860398535774394097299155056389194364916118866005 0 0 0 0 0 0 0 0 0 0 0 0 0 0 0 0 0 0 0 0 0 0 0 0 0 0 0 0 0 0 0 0 0 0 0 0 0 0 0 0 0 0 0 0 0 0 0 0 0 0 0 0 0 0 0 0 0 0 0 0 0 0 0 0 0 1 0]
[2704246978164003817354965397892623188577418350546058464122951901625428031202963238912462379246499454989888345515522878156439208582647487994198887284707393342929788526676685594686292814355289265624170890785 0 0 0 0 0 0 0 0 0 0 0 0 0 0 0 0 0 0 0 0 0 0 0 0 0 0 0 0 0 0 0 0 0 0 0 0 0 0 0 0 0 0 0 0 0 0 0 0 0 0 0 0 0 0 0 0 0 0 0 0 0 0 0 0 0 0 1]
]
