[[6761404542945424741862942802922373529034461318921590022042630277684344907092697671565704686846177113249231609953738026199646673969463862701459995890993641292866160537050428052414959960784540197792356312812454126529047271961452372120287283006905071141215617 0 0 0 0 0 0 0 0 0 0 0 0 0 0 0 0 0 0 0 0 0 0 0 0 0 0 0 0 0 0 0 0 0 0 0 0 0 0 0 0 0 0 0 0 0 0 0 0 0 0 0 0 0 0 0 0 0 0 0 0 0 0 0 0 0 0 0 0 0 0 0 0 0 0 0 0 0 0 0 0 0 0 0 0]
[5469111255438103909391821930985177284344777994631345886206181563695062634537585047865596139405744158776284585246028498001155355959156685859301505551589140739126739923438686456071799661132172356249059143312698014569010494076813989810846994281394836346703745 1 0 0 0 0 0 0 0 0 0 0 0 0 0 0 0 0 0 0 0 0 0 0 0 0 0 0 0 0 0 0 0 0 0 0 0 0 0 0 0 0 0 0 0 0 0 0 0 0 0 0 0 0 0 0 0 0 0 0 0 0 0 0 0 0 0 0 0 0 0 0 0 0 0 0 0 0 0 0 0 0 0 0 0]
[5138621392377330673064175200624771495455634309088448127540410044429332392785300079738557957082851549417587985102122767647657349178387709765996299030808324537962369585663139162557116920614703386015413645096385699200377376600656941178733863768314212454539873 0 1 0 0 0 0 0 0 0 0 0 0 0 0 0 0 0 0 0 0 0 0 0 0 0 0 0 0 0 0 0 0 0 0 0 0 0 0 0 0 0 0 0 0 0 0 0 0 0 0 0 0 0 0 0 0 0 0 0 0 0 0 0 0 0 0 0 0 0 0 0 0 0 0 0 0 0 0 0 0 0 0 0 0]
[5405029852147151203320794353167991404414058001254528757746667218164205327121364027150537983719444671729802245700314988014027203495325572492591835648510586410136540660741495575196422623306254916552325142030966218541209249080505405227902173565860556770781497 0 0 1 0 0 0 0 0 0 0 0 0 0 0 0 0 0 0 0 0 0 0 0 0 0 0 0 0 0 0 0 0 0 0 0 0 0 0 0 0 0 0 0 0 0 0 0 0 0 0 0 0 0 0 0 0 0 0 0 0 0 0 0 0 0 0 0 0 0 0 0 0 0 0 0 0 0 0 0 0 0 0 0 0]
[4020181543540771934094834287299107945648345731398836871648735841612078899796043343295682973153576793516465850249437204498102188105660839644485651227085108657894352110072586376087068172981698427963912642012255591703491690885270887481636884208387364775114079 0 0 0 1 0 0 0 0 0 0 0 0 0 0 0 0 0 0 0 0 0 0 0 0 0 0 0 0 0 0 0 0 0 0 0 0 0 0 0 0 0 0 0 0 0 0 0 0 0 0 0 0 0 0 0 0 0 0 0 0 0 0 0 0 0 0 0 0 0 0 0 0 0 0 0 0 0 0 0 0 0 0 0 0]
[1604284190087634941714200396145090868207875773482827676643470705272298813466498190043935546143929343871280700172476645134526442035751700475932501896720636715939869394495640391823375325382386460861590006851222250198230148444623689061851154066243613061177746 0 0 0 0 1 0 0 0 0 0 0 0 0 0 0 0 0 0 0 0 0 0 0 0 0 0 0 0 0 0 0 0 0 0 0 0 0 0 0 0 0 0 0 0 0 0 0 0 0 0 0 0 0 0 0 0 0 0 0 0 0 0 0 0 0 0 0 0 0 0 0 0 0 0 0 0 0 0 0 0 0 0 0 0]
[1788200607320457372081285244605268481826984212356354435686489629943230385744973679287194637808621701731356950921909532305005093252219571578102262375171257253469114675219614125254325362355309525134242857382141050808881046678195916432747838885580961320490637 0 0 0 0 0 1 0 0 0 0 0 0 0 0 0 0 0 0 0 0 0 0 0 0 0 0 0 0 0 0 0 0 0 0 0 0 0 0 0 0 0 0 0 0 0 0 0 0 0 0 0 0 0 0 0 0 0 0 0 0 0 0 0 0 0 0 0 0 0 0 0 0 0 0 0 0 0 0 0 0 0 0 0 0]
[5636471856283012204841362589169241535997258425420255973225191352588125292815281875675063411046211670945991069913458536470615934071115417330758492097470998350077896057101080622925558775526184159849987685705305531958128540545142452510178868701336613432819787 0 0 0 0 0 0 1 0 0 0 0 0 0 0 0 0 0 0 0 0 0 0 0 0 0 0 0 0 0 0 0 0 0 0 0 0 0 0 0 0 0 0 0 0 0 0 0 0 0 0 0 0 0 0 0 0 0 0 0 0 0 0 0 0 0 0 0 0 0 0 0 0 0 0 0 0 0 0 0 0 0 0 0 0]
[6238821140337199980303794537962659604884981977773416836215013237694829023779665260505706358374836744464638082763958394489394806071614468087743777238553078541943370595101841006474449044713993743388828769857810564031997898954737008922303817380626243049285592 0 0 0 0 0 0 0 1 0 0 0 0 0 0 0 0 0 0 0 0 0 0 0 0 0 0 0 0 0 0 0 0 0 0 0 0 0 0 0 0 0 0 0 0 0 0 0 0 0 0 0 0 0 0 0 0 0 0 0 0 0 0 0 0 0 0 0 0 0 0 0 0 0 0 0 0 0 0 0 0 0 0 0 0]
[310739044751669562468166308599858108665990873057201731655551068529764815503473475675393945650743144453965579081943896556989115053895020312143055651895466096420204152870606831632435855906137979128970081942514337565926989032886387827961657922002263314582973 0 0 0 0 0 0 0 0 1 0 0 0 0 0 0 0 0 0 0 0 0 0 0 0 0 0 0 0 0 0 0 0 0 0 0 0 0 0 0 0 0 0 0 0 0 0 0 0 0 0 0 0 0 0 0 0 0 0 0 0 0 0 0 0 0 0 0 0 0 0 0 0 0 0 0 0 0 0 0 0 0 0 0 0]
[4107986912120839268118358041345780096114445256951438264252219767395049797666986793049011142593435212732106887757957613306720180071941951910154144321390576549752864735625777151107307739732578535890121172958968819477366601353227909557564929214932756271293439 0 0 0 0 0 0 0 0 0 1 0 0 0 0 0 0 0 0 0 0 0 0 0 0 0 0 0 0 0 0 0 0 0 0 0 0 0 0 0 0 0 0 0 0 0 0 0 0 0 0 0 0 0 0 0 0 0 0 0 0 0 0 0 0 0 0 0 0 0 0 0 0 0 0 0 0 0 0 0 0 0 0 0 0]
[4568307969884652412986594898965837649082042423167784961187534091699482425430382421564937538337270553856184534134624883962966614391999831452430212395624656174021512473098120458011763611774667863853486908693548758309659982214550204705716368928326838772482246 0 0 0 0 0 0 0 0 0 0 1 0 0 0 0 0 0 0 0 0 0 0 0 0 0 0 0 0 0 0 0 0 0 0 0 0 0 0 0 0 0 0 0 0 0 0 0 0 0 0 0 0 0 0 0 0 0 0 0 0 0 0 0 0 0 0 0 0 0 0 0 0 0 0 0 0 0 0 0 0 0 0 0 0]
[4580888407536640748349979904569073286612357511682521673533723402260033913556868930057361249593895170442776783125628379161859486240654405721152289722814426637224585842319299976526845073968671768706376922805700581354064486090359519301044292668515140151979938 0 0 0 0 0 0 0 0 0 0 0 1 0 0 0 0 0 0 0 0 0 0 0 0 0 0 0 0 0 0 0 0 0 0 0 0 0 0 0 0 0 0 0 0 0 0 0 0 0 0 0 0 0 0 0 0 0 0 0 0 0 0 0 0 0 0 0 0 0 0 0 0 0 0 0 0 0 0 0 0 0 0 0 0]
[375447981320979689950885810269724119742540465507103490865046716808800583207521336270744645440044414804862981769067832192243754591375820177439016196845697052434385400727698311647805458779315822247557094703514992912073828945355035311549502474883506627705752 0 0 0 0 0 0 0 0 0 0 0 0 1 0 0 0 0 0 0 0 0 0 0 0 0 0 0 0 0 0 0 0 0 0 0 0 0 0 0 0 0 0 0 0 0 0 0 0 0 0 0 0 0 0 0 0 0 0 0 0 0 0 0 0 0 0 0 0 0 0 0 0 0 0 0 0 0 0 0 0 0 0 0 0]
[6138873302686369404472390353698623306831708341487379576582747620227919378244726088375622179362929254049190893512054292587683704740962011035896309169431236778144735269975901129437237525133395321132638724532977239235749584911484260711169909200614947161829105 0 0 0 0 0 0 0 0 0 0 0 0 0 1 0 0 0 0 0 0 0 0 0 0 0 0 0 0 0 0 0 0 0 0 0 0 0 0 0 0 0 0 0 0 0 0 0 0 0 0 0 0 0 0 0 0 0 0 0 0 0 0 0 0 0 0 0 0 0 0 0 0 0 0 0 0 0 0 0 0 0 0 0 0]
[6155090855933723862803130760630563096692792274241917449441102700071757568811114261813878819128471774930898421042474989831478600385057750922006133642831293886131353783480240058042179352763045679219593422253704427440074779074839934180265002232907625679640371 0 0 0 0 0 0 0 0 0 0 0 0 0 0 1 0 0 0 0 0 0 0 0 0 0 0 0 0 0 0 0 0 0 0 0 0 0 0 0 0 0 0 0 0 0 0 0 0 0 0 0 0 0 0 0 0 0 0 0 0 0 0 0 0 0 0 0 0 0 0 0 0 0 0 0 0 0 0 0 0 0 0 0 0]
[3166749772251806532271655385602162397153024089225227535465598710022640415289281228477263318497468878982757442183917535060633737135351027361681620356704118893392814765896503605034702854190983850298394469338967259570740834255978374772833184465709299826065525 0 0 0 0 0 0 0 0 0 0 0 0 0 0 0 1 0 0 0 0 0 0 0 0 0 0 0 0 0 0 0 0 0 0 0 0 0 0 0 0 0 0 0 0 0 0 0 0 0 0 0 0 0 0 0 0 0 0 0 0 0 0 0 0 0 0 0 0 0 0 0 0 0 0 0 0 0 0 0 0 0 0 0 0]
[881366148221566403897699652318418470852103165391904882428343222042375814142953490606167219026173418895654220676177620837744937621772052644268461469319567738425427103277746895633658050699107722746833463667922545715432122520111836727119696593590407783705289 0 0 0 0 0 0 0 0 0 0 0 0 0 0 0 0 1 0 0 0 0 0 0 0 0 0 0 0 0 0 0 0 0 0 0 0 0 0 0 0 0 0 0 0 0 0 0 0 0 0 0 0 0 0 0 0 0 0 0 0 0 0 0 0 0 0 0 0 0 0 0 0 0 0 0 0 0 0 0 0 0 0 0 0]
[6599712785569070062224433828894634621238189608976416509057767096177148324531353953005407313757286952525562180986287013019318801656459683150383841606873075820607262882015407331642018416909400231363457385553672178207096150717227371149659060529662650401004271 0 0 0 0 0 0 0 0 0 0 0 0 0 0 0 0 0 1 0 0 0 0 0 0 0 0 0 0 0 0 0 0 0 0 0 0 0 0 0 0 0 0 0 0 0 0 0 0 0 0 0 0 0 0 0 0 0 0 0 0 0 0 0 0 0 0 0 0 0 0 0 0 0 0 0 0 0 0 0 0 0 0 0 0]
[5358209413634518062861528154171685328033341459955737926010789320476422001569681347323152057161420265127956423294219723238896833597784294888159540765148249770532366926894558907145031118439941220297408093357730028142954339361495979985366034747727889473583789 0 0 0 0 0 0 0 0 0 0 0 0 0 0 0 0 0 0 1 0 0 0 0 0 0 0 0 0 0 0 0 0 0 0 0 0 0 0 0 0 0 0 0 0 0 0 0 0 0 0 0 0 0 0 0 0 0 0 0 0 0 0 0 0 0 0 0 0 0 0 0 0 0 0 0 0 0 0 0 0 0 0 0 0]
[747607395132853690977427652759946807044783611372072331724907105040018262224241295391565935314561777680436000770201323636429650716005645396558290071171808669073636930628421353933420620982580855718053964943715178028483358503018541239515883820744741842109794 0 0 0 0 0 0 0 0 0 0 0 0 0 0 0 0 0 0 0 1 0 0 0 0 0 0 0 0 0 0 0 0 0 0 0 0 0 0 0 0 0 0 0 0 0 0 0 0 0 0 0 0 0 0 0 0 0 0 0 0 0 0 0 0 0 0 0 0 0 0 0 0 0 0 0 0 0 0 0 0 0 0 0 0]
[3224535565361689415955284828639268750966928533668885677976553895442894779958732504683103775234513336294951568618364878128396227391796062741759487544909154376222100098801674240261303203676103859084613356803976171493764023234094362094512961540153587846134775 0 0 0 0 0 0 0 0 0 0 0 0 0 0 0 0 0 0 0 0 1 0 0 0 0 0 0 0 0 0 0 0 0 0 0 0 0 0 0 0 0 0 0 0 0 0 0 0 0 0 0 0 0 0 0 0 0 0 0 0 0 0 0 0 0 0 0 0 0 0 0 0 0 0 0 0 0 0 0 0 0 0 0 0]
[1362590716466184573566991685847848159586817944085353130781527381291470510773604185024689929609525730454982319818202946419426406794955357395244455546587537528421990207892913328269013359374940084849149267817602765852325627834922216231195516561652013640361276 0 0 0 0 0 0 0 0 0 0 0 0 0 0 0 0 0 0 0 0 0 1 0 0 0 0 0 0 0 0 0 0 0 0 0 0 0 0 0 0 0 0 0 0 0 0 0 0 0 0 0 0 0 0 0 0 0 0 0 0 0 0 0 0 0 0 0 0 0 0 0 0 0 0 0 0 0 0 0 0 0 0 0 0]
[3685762673016145423247197997908125552951218667281541136056095392115765546417584224197510699219269747325354245715579331731764199105922752613234115450611997695228308160083788364627151657765107882041152408470125940058323264152290103588700793530117226366386133 0 0 0 0 0 0 0 0 0 0 0 0 0 0 0 0 0 0 0 0 0 0 1 0 0 0 0 0 0 0 0 0 0 0 0 0 0 0 0 0 0 0 0 0 0 0 0 0 0 0 0 0 0 0 0 0 0 0 0 0 0 0 0 0 0 0 0 0 0 0 0 0 0 0 0 0 0 0 0 0 0 0 0 0]
[4572576233171435284316216915723428709718229684555238260954854701636808775810706803410983224179345374401350008894270723669832015066520374063795485845233975268830631747919694019909904543887270578936102520337474141154672807073759826425019646302061125211163951 0 0 0 0 0 0 0 0 0 0 0 0 0 0 0 0 0 0 0 0 0 0 0 1 0 0 0 0 0 0 0 0 0 0 0 0 0 0 0 0 0 0 0 0 0 0 0 0 0 0 0 0 0 0 0 0 0 0 0 0 0 0 0 0 0 0 0 0 0 0 0 0 0 0 0 0 0 0 0 0 0 0 0 0]
[2328062661790244033422499803098940683418323357579610738400027818973281361932065479190826487079664050466606744514883675557771117530817073336445699475162922502784297043948821251100453588282949581272471546000895002964896676476567592522220234549739813447743987 0 0 0 0 0 0 0 0 0 0 0 0 0 0 0 0 0 0 0 0 0 0 0 0 1 0 0 0 0 0 0 0 0 0 0 0 0 0 0 0 0 0 0 0 0 0 0 0 0 0 0 0 0 0 0 0 0 0 0 0 0 0 0 0 0 0 0 0 0 0 0 0 0 0 0 0 0 0 0 0 0 0 0 0]
[5199494503486937331111352287141324722340191690460481580188813389981324139376582868272556115674175400231916362809685248818354512455861493640611553197113909129252988615619020719529953677240939625465716286648545285390522364134377296529012706012683047262773462 0 0 0 0 0 0 0 0 0 0 0 0 0 0 0 0 0 0 0 0 0 0 0 0 0 1 0 0 0 0 0 0 0 0 0 0 0 0 0 0 0 0 0 0 0 0 0 0 0 0 0 0 0 0 0 0 0 0 0 0 0 0 0 0 0 0 0 0 0 0 0 0 0 0 0 0 0 0 0 0 0 0 0 0]
[1860069513947144999843597800768885850027006546689955327399624465078302763601205532191405963697941182595135275077754618342542386676583908480484463351930876558131490740842169567875904160863136392217103017638988935394566030777940904868431918711436407448792102 0 0 0 0 0 0 0 0 0 0 0 0 0 0 0 0 0 0 0 0 0 0 0 0 0 0 1 0 0 0 0 0 0 0 0 0 0 0 0 0 0 0 0 0 0 0 0 0 0 0 0 0 0 0 0 0 0 0 0 0 0 0 0 0 0 0 0 0 0 0 0 0 0 0 0 0 0 0 0 0 0 0 0 0]
[1854503407473353331438490352899122619414071078219604252591879105639168860133795273400610216117285159054857937198011556864407621648258132049959775021538808976454986298486671713963840795332805967057065698232081753437123208329638915815683390765283185184922631 0 0 0 0 0 0 0 0 0 0 0 0 0 0 0 0 0 0 0 0 0 0 0 0 0 0 0 1 0 0 0 0 0 0 0 0 0 0 0 0 0 0 0 0 0 0 0 0 0 0 0 0 0 0 0 0 0 0 0 0 0 0 0 0 0 0 0 0 0 0 0 0 0 0 0 0 0 0 0 0 0 0 0 0]
[6596704035626737227195425567931795379553741786401682186474852484417363343680463622986930006974906311580715016311609827959776252725817137364047313931129762847063600367265207045535010122338180424217192253503461381319202404638131870289421527779764594844539514 0 0 0 0 0 0 0 0 0 0 0 0 0 0 0 0 0 0 0 0 0 0 0 0 0 0 0 0 1 0 0 0 0 0 0 0 0 0 0 0 0 0 0 0 0 0 0 0 0 0 0 0 0 0 0 0 0 0 0 0 0 0 0 0 0 0 0 0 0 0 0 0 0 0 0 0 0 0 0 0 0 0 0 0]
[2127566023641566946798041824683957242247288062416571915688785074784695622712317360099995216614924308364027968125612454425370251193637045668697190128811990058025904827147536505438590096660259548051248669206873864188076077084326301310510860347950652653906962 0 0 0 0 0 0 0 0 0 0 0 0 0 0 0 0 0 0 0 0 0 0 0 0 0 0 0 0 0 1 0 0 0 0 0 0 0 0 0 0 0 0 0 0 0 0 0 0 0 0 0 0 0 0 0 0 0 0 0 0 0 0 0 0 0 0 0 0 0 0 0 0 0 0 0 0 0 0 0 0 0 0 0 0]
[4122827238054694188413709312064495257774374672840354456930881856137430859651669055811534128035712243051454422348975710173581607511719539550700115063420918277818891387699248831675284872096787396767129450231788776450781639860001380427622418362552311960043766 0 0 0 0 0 0 0 0 0 0 0 0 0 0 0 0 0 0 0 0 0 0 0 0 0 0 0 0 0 0 1 0 0 0 0 0 0 0 0 0 0 0 0 0 0 0 0 0 0 0 0 0 0 0 0 0 0 0 0 0 0 0 0 0 0 0 0 0 0 0 0 0 0 0 0 0 0 0 0 0 0 0 0 0]
[3625995634671429888374851824532405050894207847212954579183856598452421819845572023323505919167254411129136338808821369622151160899260817919026736421823349886746308840459615360414140742596236684556053043997217933883983427033703317876395441251732839399029319 0 0 0 0 0 0 0 0 0 0 0 0 0 0 0 0 0 0 0 0 0 0 0 0 0 0 0 0 0 0 0 1 0 0 0 0 0 0 0 0 0 0 0 0 0 0 0 0 0 0 0 0 0 0 0 0 0 0 0 0 0 0 0 0 0 0 0 0 0 0 0 0 0 0 0 0 0 0 0 0 0 0 0 0]
[6545645779242813055300453738826708913666918136891471795085548778084132072763149858285012642089942028451496805320614526633084291519010271846447410274151613731450222390786690643422341649835441470534086909682103797026955657569465306195484276299998391474461902 0 0 0 0 0 0 0 0 0 0 0 0 0 0 0 0 0 0 0 0 0 0 0 0 0 0 0 0 0 0 0 0 1 0 0 0 0 0 0 0 0 0 0 0 0 0 0 0 0 0 0 0 0 0 0 0 0 0 0 0 0 0 0 0 0 0 0 0 0 0 0 0 0 0 0 0 0 0 0 0 0 0 0 0]
[2471598302441139969721866129449118911787729173420705151746267870758996585218733022528277507605402710608510117777158003310639153311185192436827081830641368254982219431649859146768306504520698063891155790797698858500539453796677877383813217134132612255833727 0 0 0 0 0 0 0 0 0 0 0 0 0 0 0 0 0 0 0 0 0 0 0 0 0 0 0 0 0 0 0 0 0 1 0 0 0 0 0 0 0 0 0 0 0 0 0 0 0 0 0 0 0 0 0 0 0 0 0 0 0 0 0 0 0 0 0 0 0 0 0 0 0 0 0 0 0 0 0 0 0 0 0 0]
[3761876521344792902368556921644439664743244295210641634588268276361336471250669583304376317118293060686897902008724932402186147554717905194400851715294474463767704995163236812343840507296646502110719857119391361423307910613745199730435576916700494935967670 0 0 0 0 0 0 0 0 0 0 0 0 0 0 0 0 0 0 0 0 0 0 0 0 0 0 0 0 0 0 0 0 0 0 1 0 0 0 0 0 0 0 0 0 0 0 0 0 0 0 0 0 0 0 0 0 0 0 0 0 0 0 0 0 0 0 0 0 0 0 0 0 0 0 0 0 0 0 0 0 0 0 0 0]
[3079785300344459269647618790998533804387057535923657006349471184564417330516726638224729054055196858749561744308807513940853104227070067884368080422358657168045262212761362443839347956169946376457780129533715515660115540096593080123702060220110944989818373 0 0 0 0 0 0 0 0 0 0 0 0 0 0 0 0 0 0 0 0 0 0 0 0 0 0 0 0 0 0 0 0 0 0 0 1 0 0 0 0 0 0 0 0 0 0 0 0 0 0 0 0 0 0 0 0 0 0 0 0 0 0 0 0 0 0 0 0 0 0 0 0 0 0 0 0 0 0 0 0 0 0 0 0]
[3432383089855136480109775277421829465689072672143257992900797893946402012227404757774553370089215833811145497952476883507235071400166480931684397808926360087755505134747555844807889731761346785923210574728243355368724944910306309806969519582637407340855450 0 0 0 0 0 0 0 0 0 0 0 0 0 0 0 0 0 0 0 0 0 0 0 0 0 0 0 0 0 0 0 0 0 0 0 0 1 0 0 0 0 0 0 0 0 0 0 0 0 0 0 0 0 0 0 0 0 0 0 0 0 0 0 0 0 0 0 0 0 0 0 0 0 0 0 0 0 0 0 0 0 0 0 0]
[6159775414713750421391950973402115478864643778476629026509767322758982107824404350271624854914480370099445670237722044136620797555513756490109230024937102778196995710448141630721583903236167655518815334096713795205140694439736838461721373758838118071196487 0 0 0 0 0 0 0 0 0 0 0 0 0 0 0 0 0 0 0 0 0 0 0 0 0 0 0 0 0 0 0 0 0 0 0 0 0 1 0 0 0 0 0 0 0 0 0 0 0 0 0 0 0 0 0 0 0 0 0 0 0 0 0 0 0 0 0 0 0 0 0 0 0 0 0 0 0 0 0 0 0 0 0 0]
[5103942589047848909026108946170946407142162038740289698366798629739618938529672471987570308925841852444410536420843011235718750694183175077921235338493645174097865993728340515302901287715208129268369852387820570160418866823078092028119289233082309885554656 0 0 0 0 0 0 0 0 0 0 0 0 0 0 0 0 0 0 0 0 0 0 0 0 0 0 0 0 0 0 0 0 0 0 0 0 0 0 1 0 0 0 0 0 0 0 0 0 0 0 0 0 0 0 0 0 0 0 0 0 0 0 0 0 0 0 0 0 0 0 0 0 0 0 0 0 0 0 0 0 0 0 0 0]
[4451141193426282932826232355758784537126566027071746339156079159216393439661178777439290284052447621665936084276051109314588570832357127691397989425209811273246105509312365784584985796609737785325553853814959873721089605349522178358268172323938734996394406 0 0 0 0 0 0 0 0 0 0 0 0 0 0 0 0 0 0 0 0 0 0 0 0 0 0 0 0 0 0 0 0 0 0 0 0 0 0 0 1 0 0 0 0 0 0 0 0 0 0 0 0 0 0 0 0 0 0 0 0 0 0 0 0 0 0 0 0 0 0 0 0 0 0 0 0 0 0 0 0 0 0 0 0]
[2645545097149988169165468325113383152025630897243040330886983948085701283343082648367622194670263268565793804801805582047317717355537482795160071776113107398364764271570854853574596898702520049338069657918347751973797448452250463443040292832246155879510915 0 0 0 0 0 0 0 0 0 0 0 0 0 0 0 0 0 0 0 0 0 0 0 0 0 0 0 0 0 0 0 0 0 0 0 0 0 0 0 0 1 0 0 0 0 0 0 0 0 0 0 0 0 0 0 0 0 0 0 0 0 0 0 0 0 0 0 0 0 0 0 0 0 0 0 0 0 0 0 0 0 0 0 0]
[2339310440749766251620737740998174458129164214932093657856153844142783248544954132729904285762413383917557751591804545810897290198342738877992826030289654169568481466905736753824369272227180351559702130201498231084841845916896122411139841757624591057029513 0 0 0 0 0 0 0 0 0 0 0 0 0 0 0 0 0 0 0 0 0 0 0 0 0 0 0 0 0 0 0 0 0 0 0 0 0 0 0 0 0 1 0 0 0 0 0 0 0 0 0 0 0 0 0 0 0 0 0 0 0 0 0 0 0 0 0 0 0 0 0 0 0 0 0 0 0 0 0 0 0 0 0 0]
[4164120816370020784600468822578967022992358466610441456708931935535699860868880240220592984211091625047582442525907766950381466613438110057534857839736329532099354396426549312351783821740736380301034475406300422793450949846421069137999853663403821413622330 0 0 0 0 0 0 0 0 0 0 0 0 0 0 0 0 0 0 0 0 0 0 0 0 0 0 0 0 0 0 0 0 0 0 0 0 0 0 0 0 0 0 1 0 0 0 0 0 0 0 0 0 0 0 0 0 0 0 0 0 0 0 0 0 0 0 0 0 0 0 0 0 0 0 0 0 0 0 0 0 0 0 0 0]
[2808021977074282864479004579608166388462124203646181657546290387004073983532774556633836488027895976093282198857135474728705123055604622777146757597201288213074401192379574228461817794008884906850421528206660411291438454326719519410719477052202359212901050 0 0 0 0 0 0 0 0 0 0 0 0 0 0 0 0 0 0 0 0 0 0 0 0 0 0 0 0 0 0 0 0 0 0 0 0 0 0 0 0 0 0 0 1 0 0 0 0 0 0 0 0 0 0 0 0 0 0 0 0 0 0 0 0 0 0 0 0 0 0 0 0 0 0 0 0 0 0 0 0 0 0 0 0]
[2276495969410185017095458840755988991778368100021495884632320681416266588222988219131135284934660315549942096223285431838590165268663003182325907443447062435465435116771077041025755751127390080276923422525798266593061171267636689802574461709060895595154072 0 0 0 0 0 0 0 0 0 0 0 0 0 0 0 0 0 0 0 0 0 0 0 0 0 0 0 0 0 0 0 0 0 0 0 0 0 0 0 0 0 0 0 0 1 0 0 0 0 0 0 0 0 0 0 0 0 0 0 0 0 0 0 0 0 0 0 0 0 0 0 0 0 0 0 0 0 0 0 0 0 0 0 0]
[1427593726578491123158115539943350109494355132949147419991115150012063789085436428051579946377120770743374861705524672482836979403206818354534482586272021319867335273204370577521248274862203185487408883091668375248164434489232472833888178647629875779921280 0 0 0 0 0 0 0 0 0 0 0 0 0 0 0 0 0 0 0 0 0 0 0 0 0 0 0 0 0 0 0 0 0 0 0 0 0 0 0 0 0 0 0 0 0 1 0 0 0 0 0 0 0 0 0 0 0 0 0 0 0 0 0 0 0 0 0 0 0 0 0 0 0 0 0 0 0 0 0 0 0 0 0 0]
[2121502210506735025006574085194192726343541328647746145486399388911890782401128909583415452271231248594468363239626721195112183927685899269218772063843284817779585125521634178455303830487551488842722697833659088041590776793420136902848780514348255277719687 0 0 0 0 0 0 0 0 0 0 0 0 0 0 0 0 0 0 0 0 0 0 0 0 0 0 0 0 0 0 0 0 0 0 0 0 0 0 0 0 0 0 0 0 0 0 1 0 0 0 0 0 0 0 0 0 0 0 0 0 0 0 0 0 0 0 0 0 0 0 0 0 0 0 0 0 0 0 0 0 0 0 0 0]
[5413464096380191315339133107290242969001707831204795445910459722790739514453809377321358135324403359898599223051434227578706659321950311006425199486189463215427030977300097274416423244246280177119044703316751339926237720284412897436286078680494976661219867 0 0 0 0 0 0 0 0 0 0 0 0 0 0 0 0 0 0 0 0 0 0 0 0 0 0 0 0 0 0 0 0 0 0 0 0 0 0 0 0 0 0 0 0 0 0 0 1 0 0 0 0 0 0 0 0 0 0 0 0 0 0 0 0 0 0 0 0 0 0 0 0 0 0 0 0 0 0 0 0 0 0 0 0]
[4124844537646528428256075161721896672726205247435800931342139129239174950070560936343265221211258637379881690077932762514023995602947019367544959995351508412881588254876185936192836807284423392859687123377662656324826966023215555221463016113565442686062149 0 0 0 0 0 0 0 0 0 0 0 0 0 0 0 0 0 0 0 0 0 0 0 0 0 0 0 0 0 0 0 0 0 0 0 0 0 0 0 0 0 0 0 0 0 0 0 0 1 0 0 0 0 0 0 0 0 0 0 0 0 0 0 0 0 0 0 0 0 0 0 0 0 0 0 0 0 0 0 0 0 0 0 0]
[3236414944536863157193234306098318145258052165855886304973601972879288244107804960228486873327176270386297795960792864565245397644241621422516710713024790853121684484958822055825660210215899804954512967657465014481438340035912296788675326515809967396340885 0 0 0 0 0 0 0 0 0 0 0 0 0 0 0 0 0 0 0 0 0 0 0 0 0 0 0 0 0 0 0 0 0 0 0 0 0 0 0 0 0 0 0 0 0 0 0 0 0 1 0 0 0 0 0 0 0 0 0 0 0 0 0 0 0 0 0 0 0 0 0 0 0 0 0 0 0 0 0 0 0 0 0 0]
[6214656286390144759045677870858927806259275043486647704141058294038531972892002713695109117769131633700796771859472650811173348644320135495901469483483213558920629629160854537111407666833258134425792888883026832227057192335654847932866368155031485938031279 0 0 0 0 0 0 0 0 0 0 0 0 0 0 0 0 0 0 0 0 0 0 0 0 0 0 0 0 0 0 0 0 0 0 0 0 0 0 0 0 0 0 0 0 0 0 0 0 0 0 1 0 0 0 0 0 0 0 0 0 0 0 0 0 0 0 0 0 0 0 0 0 0 0 0 0 0 0 0 0 0 0 0 0]
[515512520255255032367026583431122078093744419580009022931636842789330644750908695547956678830854215562262750662155639405931674765836248155947654036976998525439680336206804737652642806981196092836017388597755984962019256454048958789465892397117737248805078 0 0 0 0 0 0 0 0 0 0 0 0 0 0 0 0 0 0 0 0 0 0 0 0 0 0 0 0 0 0 0 0 0 0 0 0 0 0 0 0 0 0 0 0 0 0 0 0 0 0 0 1 0 0 0 0 0 0 0 0 0 0 0 0 0 0 0 0 0 0 0 0 0 0 0 0 0 0 0 0 0 0 0 0]
[2806913359550810647741763292727632741056207990657191863938358198195248349455988578992248599002028350164336589898072208643720152177035381231790913935203087349233912235426933068737613107909800338591780531347615140065602981541775524906714422030538758680634881 0 0 0 0 0 0 0 0 0 0 0 0 0 0 0 0 0 0 0 0 0 0 0 0 0 0 0 0 0 0 0 0 0 0 0 0 0 0 0 0 0 0 0 0 0 0 0 0 0 0 0 0 1 0 0 0 0 0 0 0 0 0 0 0 0 0 0 0 0 0 0 0 0 0 0 0 0 0 0 0 0 0 0 0]
[4964913921342286898061344627884244512837584645947716205480974856504107526158621648072847985058133472952670161820695243010949974858901271392104455040178501501608837916566668791189265404109629622870240920103634682613165921395044280940915954197290042456611969 0 0 0 0 0 0 0 0 0 0 0 0 0 0 0 0 0 0 0 0 0 0 0 0 0 0 0 0 0 0 0 0 0 0 0 0 0 0 0 0 0 0 0 0 0 0 0 0 0 0 0 0 0 1 0 0 0 0 0 0 0 0 0 0 0 0 0 0 0 0 0 0 0 0 0 0 0 0 0 0 0 0 0 0]
[5851398592627878414526760653513219610457056933740152716265139861026036199849827518586590872964757407041835266228691539963951838349337093193027325112168256932845235956029007295805102337253506185889666833058162309883909638604221074690783630549089284790731244 0 0 0 0 0 0 0 0 0 0 0 0 0 0 0 0 0 0 0 0 0 0 0 0 0 0 0 0 0 0 0 0 0 0 0 0 0 0 0 0 0 0 0 0 0 0 0 0 0 0 0 0 0 0 1 0 0 0 0 0 0 0 0 0 0 0 0 0 0 0 0 0 0 0 0 0 0 0 0 0 0 0 0 0]
[6296229020042133330547307438504826847690305331894301155497265397610227242326822986300512406980686688264881574822861890939951575139398221269972496610307294774953182437575568099915171221781054049771467895670073745241138301991347595058676407276217731794087280 0 0 0 0 0 0 0 0 0 0 0 0 0 0 0 0 0 0 0 0 0 0 0 0 0 0 0 0 0 0 0 0 0 0 0 0 0 0 0 0 0 0 0 0 0 0 0 0 0 0 0 0 0 0 0 1 0 0 0 0 0 0 0 0 0 0 0 0 0 0 0 0 0 0 0 0 0 0 0 0 0 0 0 0]
[2012605075562453833758527104909370197417687250842128393798567809850038701946629818325036711273851991788291106251892092918618761518191257797730880882652928749582023901106549114949806966611184421106584276201893499384795969733684087559401895583236676606301213 0 0 0 0 0 0 0 0 0 0 0 0 0 0 0 0 0 0 0 0 0 0 0 0 0 0 0 0 0 0 0 0 0 0 0 0 0 0 0 0 0 0 0 0 0 0 0 0 0 0 0 0 0 0 0 0 1 0 0 0 0 0 0 0 0 0 0 0 0 0 0 0 0 0 0 0 0 0 0 0 0 0 0 0]
[4279257685876117328584554275841712681208044706164222857842632732681881404563045049863366643619996882171340572231374259210432034318181930692782573630981178478195956391221714094138082382068780466916528065271640815618962398124852042922633985249690341062169634 0 0 0 0 0 0 0 0 0 0 0 0 0 0 0 0 0 0 0 0 0 0 0 0 0 0 0 0 0 0 0 0 0 0 0 0 0 0 0 0 0 0 0 0 0 0 0 0 0 0 0 0 0 0 0 0 0 1 0 0 0 0 0 0 0 0 0 0 0 0 0 0 0 0 0 0 0 0 0 0 0 0 0 0]
[2387502638554892722134550710233848917690638251645815967968773220132180544225711092974473019198998223921407122367969028726188906116287124429731062172257284335193824647643167597510708162848146851931540825471110842448307136372080752003237012186977108873393264 0 0 0 0 0 0 0 0 0 0 0 0 0 0 0 0 0 0 0 0 0 0 0 0 0 0 0 0 0 0 0 0 0 0 0 0 0 0 0 0 0 0 0 0 0 0 0 0 0 0 0 0 0 0 0 0 0 0 1 0 0 0 0 0 0 0 0 0 0 0 0 0 0 0 0 0 0 0 0 0 0 0 0 0]
[1581843267883490477685251042160883104736297910782167660632593162420834308163096771059043772379386352061235740303586998641952869549050713377395845249543148733983728885190400889659909911734131734764567051060179626820085583125700539898533993602561333169146939 0 0 0 0 0 0 0 0 0 0 0 0 0 0 0 0 0 0 0 0 0 0 0 0 0 0 0 0 0 0 0 0 0 0 0 0 0 0 0 0 0 0 0 0 0 0 0 0 0 0 0 0 0 0 0 0 0 0 0 1 0 0 0 0 0 0 0 0 0 0 0 0 0 0 0 0 0 0 0 0 0 0 0 0]
[6595736321380300534751278976952842218136265580124696583701755901426533339164250447363571574685676756972660574256847633822052304633518072214764931791703167491599179536919702262688516943478872875838631852127295693501299833719801022675704364466584995193157358 0 0 0 0 0 0 0 0 0 0 0 0 0 0 0 0 0 0 0 0 0 0 0 0 0 0 0 0 0 0 0 0 0 0 0 0 0 0 0 0 0 0 0 0 0 0 0 0 0 0 0 0 0 0 0 0 0 0 0 0 1 0 0 0 0 0 0 0 0 0 0 0 0 0 0 0 0 0 0 0 0 0 0 0]
[24002183422704337348214263923717327616453690380645557740297155739838305051083771302443147368355594579523426594122662815253606394496117952595447362204078011980174118970520622239723415601205051525598090020140734766669718856917684689241156176177163931654561 0 0 0 0 0 0 0 0 0 0 0 0 0 0 0 0 0 0 0 0 0 0 0 0 0 0 0 0 0 0 0 0 0 0 0 0 0 0 0 0 0 0 0 0 0 0 0 0 0 0 0 0 0 0 0 0 0 0 0 0 0 1 0 0 0 0 0 0 0 0 0 0 0 0 0 0 0 0 0 0 0 0 0 0]
[1955453241758910722788827867493808027399279977707312000769960940142013125938354694381709741988618967111422433852236385345609223864336005335982865479570966410971491992581808680364859111440823859255465247490024717116343174339341598355637688200138138764122316 0 0 0 0 0 0 0 0 0 0 0 0 0 0 0 0 0 0 0 0 0 0 0 0 0 0 0 0 0 0 0 0 0 0 0 0 0 0 0 0 0 0 0 0 0 0 0 0 0 0 0 0 0 0 0 0 0 0 0 0 0 0 1 0 0 0 0 0 0 0 0 0 0 0 0 0 0 0 0 0 0 0 0 0]
[547501925404213718132583104267027441832189380496783148911293866523514020482367373977285063313678449810398373874260476313837986615733691760661869089780860255254859098409037582889861427772362623091264980633971445817580045668115563586530895765293385225694206 0 0 0 0 0 0 0 0 0 0 0 0 0 0 0 0 0 0 0 0 0 0 0 0 0 0 0 0 0 0 0 0 0 0 0 0 0 0 0 0 0 0 0 0 0 0 0 0 0 0 0 0 0 0 0 0 0 0 0 0 0 0 0 1 0 0 0 0 0 0 0 0 0 0 0 0 0 0 0 0 0 0 0 0]
[3662205047834566488867942576154147849016844435433223408837287420160526320897925931512116978214968971811164965135056518078940412170406880641447833095263333384116658017042533182663866207395188144625066814022714241515551111172606557934572559688090664344290269 0 0 0 0 0 0 0 0 0 0 0 0 0 0 0 0 0 0 0 0 0 0 0 0 0 0 0 0 0 0 0 0 0 0 0 0 0 0 0 0 0 0 0 0 0 0 0 0 0 0 0 0 0 0 0 0 0 0 0 0 0 0 0 0 1 0 0 0 0 0 0 0 0 0 0 0 0 0 0 0 0 0 0 0]
[4133573507708738653982179714100163088658722300832797150339885743633585568069244006681916694704008697623756662670916528542901455050003545601119415377243245144708030778738926069874398798305590834570173751541771818970898585095400273713829831339812495152023924 0 0 0 0 0 0 0 0 0 0 0 0 0 0 0 0 0 0 0 0 0 0 0 0 0 0 0 0 0 0 0 0 0 0 0 0 0 0 0 0 0 0 0 0 0 0 0 0 0 0 0 0 0 0 0 0 0 0 0 0 0 0 0 0 0 1 0 0 0 0 0 0 0 0 0 0 0 0 0 0 0 0 0 0]
[728568046369055732244820703337961321823416940858700589894051235732255276541895664920526478667155868077565307512833814906088514528287826338419034299076259440300233023184763923537507458511896179154354007336762422862265188881950696670831846242896207005281349 0 0 0 0 0 0 0 0 0 0 0 0 0 0 0 0 0 0 0 0 0 0 0 0 0 0 0 0 0 0 0 0 0 0 0 0 0 0 0 0 0 0 0 0 0 0 0 0 0 0 0 0 0 0 0 0 0 0 0 0 0 0 0 0 0 0 1 0 0 0 0 0 0 0 0 0 0 0 0 0 0 0 0 0]
[1432813712378392344299015978395118112409061023699568873997621603880161832165382139719236824237872480400683620668877001174142557553745522447955193829217448312497255915885539821069044493068904139163094011836118888987489044812492690044508096865804393955001574 0 0 0 0 0 0 0 0 0 0 0 0 0 0 0 0 0 0 0 0 0 0 0 0 0 0 0 0 0 0 0 0 0 0 0 0 0 0 0 0 0 0 0 0 0 0 0 0 0 0 0 0 0 0 0 0 0 0 0 0 0 0 0 0 0 0 0 1 0 0 0 0 0 0 0 0 0 0 0 0 0 0 0 0]
[566451190715218016738544720290027060593158632956214393447036620365319929133650464967491335633777719242923047761032171065097136809124325822727616964020561434297009196862597961544312462990163712336270564849488542060527266541161737588485448282589501975794181 0 0 0 0 0 0 0 0 0 0 0 0 0 0 0 0 0 0 0 0 0 0 0 0 0 0 0 0 0 0 0 0 0 0 0 0 0 0 0 0 0 0 0 0 0 0 0 0 0 0 0 0 0 0 0 0 0 0 0 0 0 0 0 0 0 0 0 0 1 0 0 0 0 0 0 0 0 0 0 0 0 0 0 0]
[3506064112855688650261914390350460691593081171401269258533305030501915102524260184546162733556058612018861558970985916516750995770412544684264648730269561367740805237265666747731411691211943928666193239626647890805590605038468562056849942256410063876814295 0 0 0 0 0 0 0 0 0 0 0 0 0 0 0 0 0 0 0 0 0 0 0 0 0 0 0 0 0 0 0 0 0 0 0 0 0 0 0 0 0 0 0 0 0 0 0 0 0 0 0 0 0 0 0 0 0 0 0 0 0 0 0 0 0 0 0 0 0 1 0 0 0 0 0 0 0 0 0 0 0 0 0 0]
[3505777232290640884517321767695324740064614980451292517376537931288256665594187837137122058961633023536587282778485214654924077831778337903632957842485778583110554864969583121229567868434522363771025813992485990694339282022403334637243105031744871156554656 0 0 0 0 0 0 0 0 0 0 0 0 0 0 0 0 0 0 0 0 0 0 0 0 0 0 0 0 0 0 0 0 0 0 0 0 0 0 0 0 0 0 0 0 0 0 0 0 0 0 0 0 0 0 0 0 0 0 0 0 0 0 0 0 0 0 0 0 0 0 1 0 0 0 0 0 0 0 0 0 0 0 0 0]
[5667398371035172167954782045712171634058861125983791748813614849211559193466907365289038488318977288213859056760888516153892457844261655909931036751934359990954559170044425939695450427510023202151916665968303593017016153825694834517808311134848193354038328 0 0 0 0 0 0 0 0 0 0 0 0 0 0 0 0 0 0 0 0 0 0 0 0 0 0 0 0 0 0 0 0 0 0 0 0 0 0 0 0 0 0 0 0 0 0 0 0 0 0 0 0 0 0 0 0 0 0 0 0 0 0 0 0 0 0 0 0 0 0 0 1 0 0 0 0 0 0 0 0 0 0 0 0]
[4270993345418431676424914956368919538715444201895497978506692267777799771029329885213845869502562761307010711216509739240607921807645979152302717949971494032415559920951372286380519373018857591604837652025944875790339829328670348429988359568083937573834053 0 0 0 0 0 0 0 0 0 0 0 0 0 0 0 0 0 0 0 0 0 0 0 0 0 0 0 0 0 0 0 0 0 0 0 0 0 0 0 0 0 0 0 0 0 0 0 0 0 0 0 0 0 0 0 0 0 0 0 0 0 0 0 0 0 0 0 0 0 0 0 0 1 0 0 0 0 0 0 0 0 0 0 0]
[1084721562330658975932518724451615152084762105468687529022638758759408608782846878351190255959417261003709262704848037078789691560569167341552075292189626580552930572351687698094720676444104412072183413713264433622437670589043060327943915378032766404997250 0 0 0 0 0 0 0 0 0 0 0 0 0 0 0 0 0 0 0 0 0 0 0 0 0 0 0 0 0 0 0 0 0 0 0 0 0 0 0 0 0 0 0 0 0 0 0 0 0 0 0 0 0 0 0 0 0 0 0 0 0 0 0 0 0 0 0 0 0 0 0 0 0 1 0 0 0 0 0 0 0 0 0 0]
[1395301012031831693484796248983015639543504325413020351664553942872504273641957346793245058003522323184567454564303278531836035571964371125615372657405548979158581505687914131881980643299486510904036251080095930274174822228827545082370394131233710429481233 0 0 0 0 0 0 0 0 0 0 0 0 0 0 0 0 0 0 0 0 0 0 0 0 0 0 0 0 0 0 0 0 0 0 0 0 0 0 0 0 0 0 0 0 0 0 0 0 0 0 0 0 0 0 0 0 0 0 0 0 0 0 0 0 0 0 0 0 0 0 0 0 0 0 1 0 0 0 0 0 0 0 0 0]
[3744306981709934672011825499313387899763535238878187774994352674031056237176329355693397888790881512586794318742170122196520064328871676083885991630986015967377703816735499217992233573543839993529284694526198345786334863618253739803670108283152796461489143 0 0 0 0 0 0 0 0 0 0 0 0 0 0 0 0 0 0 0 0 0 0 0 0 0 0 0 0 0 0 0 0 0 0 0 0 0 0 0 0 0 0 0 0 0 0 0 0 0 0 0 0 0 0 0 0 0 0 0 0 0 0 0 0 0 0 0 0 0 0 0 0 0 0 0 1 0 0 0 0 0 0 0 0]
[789000724212534266964769820888893941204639024520608667193840018844439755901419348368891485272459634906659706957901101168819414273995249716110964503359029155876123192592185907183210154000061123270283175859570016897027621223765318338577780610223554909201854 0 0 0 0 0 0 0 0 0 0 0 0 0 0 0 0 0 0 0 0 0 0 0 0 0 0 0 0 0 0 0 0 0 0 0 0 0 0 0 0 0 0 0 0 0 0 0 0 0 0 0 0 0 0 0 0 0 0 0 0 0 0 0 0 0 0 0 0 0 0 0 0 0 0 0 0 1 0 0 0 0 0 0 0]
[4310243510267742058801891751440168423258678605343136160473247486769128349895240052856572822025722237897843560029047702671392878867937220062500936216623833054040547891382353589452958494096352161667374294527584456001478383189621701024908742133276177051684537 0 0 0 0 0 0 0 0 0 0 0 0 0 0 0 0 0 0 0 0 0 0 0 0 0 0 0 0 0 0 0 0 0 0 0 0 0 0 0 0 0 0 0 0 0 0 0 0 0 0 0 0 0 0 0 0 0 0 0 0 0 0 0 0 0 0 0 0 0 0 0 0 0 0 0 0 0 1 0 0 0 0 0 0]
[1840351547122611591802674045151126603449965734770379084538170909087547301253692677699970259091306315252561847633948792506411761691684978818622919150088240231686888233260296750306717198452888917214783849425137452654666443770361238494306081391096966230865077 0 0 0 0 0 0 0 0 0 0 0 0 0 0 0 0 0 0 0 0 0 0 0 0 0 0 0 0 0 0 0 0 0 0 0 0 0 0 0 0 0 0 0 0 0 0 0 0 0 0 0 0 0 0 0 0 0 0 0 0 0 0 0 0 0 0 0 0 0 0 0 0 0 0 0 0 0 0 1 0 0 0 0 0]
[5089510067420737789823909077819761581487649381447222188776977611833477866914902228679580466124405628837858276737016200023920605749344175122209481604820846450539105318799505569738183194063340461937959155813063076998509509434622759650602553430781973702020738 0 0 0 0 0 0 0 0 0 0 0 0 0 0 0 0 0 0 0 0 0 0 0 0 0 0 0 0 0 0 0 0 0 0 0 0 0 0 0 0 0 0 0 0 0 0 0 0 0 0 0 0 0 0 0 0 0 0 0 0 0 0 0 0 0 0 0 0 0 0 0 0 0 0 0 0 0 0 0 1 0 0 0 0]
[6593281316702416822020955056405913377333440536614412996875198018373282689580740039617459876172668030267503588891827639349653048666291986173321510399451324893904214761661680629434788191394400466540630352188700432340246554889945331251533410298091999331291171 0 0 0 0 0 0 0 0 0 0 0 0 0 0 0 0 0 0 0 0 0 0 0 0 0 0 0 0 0 0 0 0 0 0 0 0 0 0 0 0 0 0 0 0 0 0 0 0 0 0 0 0 0 0 0 0 0 0 0 0 0 0 0 0 0 0 0 0 0 0 0 0 0 0 0 0 0 0 0 0 1 0 0 0]
[105622587299501478913177221584030019127622094574623867297598006200289979924140950016063913028800534585724069463896008646804121043193423200669233071646847783124875129445072364477500697711689716031663241528291162170290824517813265892839096254584318391951337 0 0 0 0 0 0 0 0 0 0 0 0 0 0 0 0 0 0 0 0 0 0 0 0 0 0 0 0 0 0 0 0 0 0 0 0 0 0 0 0 0 0 0 0 0 0 0 0 0 0 0 0 0 0 0 0 0 0 0 0 0 0 0 0 0 0 0 0 0 0 0 0 0 0 0 0 0 0 0 0 0 1 0 0]
[5407738073831931473224326811579702203251687134556831747783792239063622986992117817374377418523384061470080353528211919581327192075227768112037533169994111806657911743779788234014113751473350342625485242894812807400897409141918510458302856873905628938341787 0 0 0 0 0 0 0 0 0 0 0 0 0 0 0 0 0 0 0 0 0 0 0 0 0 0 0 0 0 0 0 0 0 0 0 0 0 0 0 0 0 0 0 0 0 0 0 0 0 0 0 0 0 0 0 0 0 0 0 0 0 0 0 0 0 0 0 0 0 0 0 0 0 0 0 0 0 0 0 0 0 0 1 0]
[6550222044616946341067390187177767762874495753513651332771177696992518290071811178891081902992310102239117652309770035789698495114337963073512460616260268741460008428942530042341312878484119011351455232809144092944339429614197239305942396677028095293925020 0 0 0 0 0 0 0 0 0 0 0 0 0 0 0 0 0 0 0 0 0 0 0 0 0 0 0 0 0 0 0 0 0 0 0 0 0 0 0 0 0 0 0 0 0 0 0 0 0 0 0 0 0 0 0 0 0 0 0 0 0 0 0 0 0 0 0 0 0 0 0 0 0 0 0 0 0 0 0 0 0 0 0 1]
]
