[[7957238587201977919822184992697612061872238771714932930589093422856785189962307116824679391042330159933362131210427285372411569743711278329320965369392123881638147832254199490940757128492467550478606884489033256016560927221609481052578409440446670138865555600715487200058891844939291438443 0 0 0 0 0 0 0 0 0 0 0 0 0 0 0 0 0 0 0 0 0 0 0 0 0 0 0 0 0 0 0 0 0 0 0 0 0 0 0 0 0 0 0 0 0 0 0 0 0 0 0 0 0 0 0 0 0 0 0 0 0 0 0 0 0 0 0 0 0 0 0 0 0 0 0 0 0 0 0 0 0 0 0 0 0 0 0 0 0 0 0 0 0 0 0]
[168180066783885475066363725575518318848668001524961166282245709740527715933174392748971612174056388147470641286228732936835411192078993525897304763636499987951572639622727203670612150396831281456164627062476852250713584685859962535625117071990522257374880069712307527901932492794133816672 1 0 0 0 0 0 0 0 0 0 0 0 0 0 0 0 0 0 0 0 0 0 0 0 0 0 0 0 0 0 0 0 0 0 0 0 0 0 0 0 0 0 0 0 0 0 0 0 0 0 0 0 0 0 0 0 0 0 0 0 0 0 0 0 0 0 0 0 0 0 0 0 0 0 0 0 0 0 0 0 0 0 0 0 0 0 0 0 0 0 0 0 0 0 0]
[6815907594738816504193105096248221406615349403277956591580773262640926386864592110597566526763562083669955401182145836796652911066801376603918929689473584300872461837294086221320713231825799337605767080190753985809080680982034205680395985111754480755914699189179213391810507923013578195029 0 1 0 0 0 0 0 0 0 0 0 0 0 0 0 0 0 0 0 0 0 0 0 0 0 0 0 0 0 0 0 0 0 0 0 0 0 0 0 0 0 0 0 0 0 0 0 0 0 0 0 0 0 0 0 0 0 0 0 0 0 0 0 0 0 0 0 0 0 0 0 0 0 0 0 0 0 0 0 0 0 0 0 0 0 0 0 0 0 0 0 0 0 0 0]
[1056325950822700600108107762023320330382099826892542382172319627980078631363352364592181025095129228244672056133214890220045060431214301770492393788862404133799042080509182864221929508443954404036516358192715732623849059799467171802602661179925264900104116187000292700770895620519627779696 0 0 1 0 0 0 0 0 0 0 0 0 0 0 0 0 0 0 0 0 0 0 0 0 0 0 0 0 0 0 0 0 0 0 0 0 0 0 0 0 0 0 0 0 0 0 0 0 0 0 0 0 0 0 0 0 0 0 0 0 0 0 0 0 0 0 0 0 0 0 0 0 0 0 0 0 0 0 0 0 0 0 0 0 0 0 0 0 0 0 0 0 0 0 0]
[2055488478948372136007174604176134840983064010309803544522208739379223637348356958982191781999376285473104521355862917314287499687784188128356864396911656024516881639489177072982339282768960307155819489977421940246496447364559365460373123592907756379248022594252150266744816393273528700798 0 0 0 1 0 0 0 0 0 0 0 0 0 0 0 0 0 0 0 0 0 0 0 0 0 0 0 0 0 0 0 0 0 0 0 0 0 0 0 0 0 0 0 0 0 0 0 0 0 0 0 0 0 0 0 0 0 0 0 0 0 0 0 0 0 0 0 0 0 0 0 0 0 0 0 0 0 0 0 0 0 0 0 0 0 0 0 0 0 0 0 0 0 0 0]
[4938972145206357400355065620095132566082460109708919499506889047228712852773742813234586364696238180806428709676399128066663351173475674579717588171054257496510847829948846299176830617615292626448735211636251265332739186451172501523618902512545366363735331906960602910735842574060970059063 0 0 0 0 1 0 0 0 0 0 0 0 0 0 0 0 0 0 0 0 0 0 0 0 0 0 0 0 0 0 0 0 0 0 0 0 0 0 0 0 0 0 0 0 0 0 0 0 0 0 0 0 0 0 0 0 0 0 0 0 0 0 0 0 0 0 0 0 0 0 0 0 0 0 0 0 0 0 0 0 0 0 0 0 0 0 0 0 0 0 0 0 0 0 0]
[4213634792371121032796227769055180292735430329606051047834742048591793865167056518304415756454296022693412524403708198178094557414332385715696494990180313217626422202640614574626482049457329678483761547410793186141086351407692333419540735793600694029064699865994543321049535899855287100755 0 0 0 0 0 1 0 0 0 0 0 0 0 0 0 0 0 0 0 0 0 0 0 0 0 0 0 0 0 0 0 0 0 0 0 0 0 0 0 0 0 0 0 0 0 0 0 0 0 0 0 0 0 0 0 0 0 0 0 0 0 0 0 0 0 0 0 0 0 0 0 0 0 0 0 0 0 0 0 0 0 0 0 0 0 0 0 0 0 0 0 0 0 0 0]
[521123722341440833015025614270801578205899731243346665762671067295185166544998370129064831155781534881766257249814991342188757476516555713245066307544638055011895379548739050150054965134852011035722727906267414845360744157812133110558472435015777794576613905849900053210818521124987771302 0 0 0 0 0 0 1 0 0 0 0 0 0 0 0 0 0 0 0 0 0 0 0 0 0 0 0 0 0 0 0 0 0 0 0 0 0 0 0 0 0 0 0 0 0 0 0 0 0 0 0 0 0 0 0 0 0 0 0 0 0 0 0 0 0 0 0 0 0 0 0 0 0 0 0 0 0 0 0 0 0 0 0 0 0 0 0 0 0 0 0 0 0 0 0]
[3265070267666894590452483109625094825038357260167144794877095025496467075323531821928072853663951531712989464569729840238533942623541408758202832899969903621694215018607040997937581626618108747954365782095797108399130499667550397728867403821221552531299902860919920954685792750685755120097 0 0 0 0 0 0 0 1 0 0 0 0 0 0 0 0 0 0 0 0 0 0 0 0 0 0 0 0 0 0 0 0 0 0 0 0 0 0 0 0 0 0 0 0 0 0 0 0 0 0 0 0 0 0 0 0 0 0 0 0 0 0 0 0 0 0 0 0 0 0 0 0 0 0 0 0 0 0 0 0 0 0 0 0 0 0 0 0 0 0 0 0 0 0 0]
[4948858277204671586412773693775146812188644728671376864135844269155197747886442891493747988790100317295010165363164105156439310228265112464249186740225959905560909526246083118707639616841979614535548774103341737373239103958889280211574080323973329235523903684685019167191876374901461518354 0 0 0 0 0 0 0 0 1 0 0 0 0 0 0 0 0 0 0 0 0 0 0 0 0 0 0 0 0 0 0 0 0 0 0 0 0 0 0 0 0 0 0 0 0 0 0 0 0 0 0 0 0 0 0 0 0 0 0 0 0 0 0 0 0 0 0 0 0 0 0 0 0 0 0 0 0 0 0 0 0 0 0 0 0 0 0 0 0 0 0 0 0 0 0]
[4525287218564379208789810432004925744054845930497315357530640762336826385292906552806235887128719524294418650346339750382529528217497070953685859186195865612569500899101002409943290023440101841732688257142033728210287701323959943335841764291650988322942617135721052428569736250042560429970 0 0 0 0 0 0 0 0 0 1 0 0 0 0 0 0 0 0 0 0 0 0 0 0 0 0 0 0 0 0 0 0 0 0 0 0 0 0 0 0 0 0 0 0 0 0 0 0 0 0 0 0 0 0 0 0 0 0 0 0 0 0 0 0 0 0 0 0 0 0 0 0 0 0 0 0 0 0 0 0 0 0 0 0 0 0 0 0 0 0 0 0 0 0 0]
[7801541283429349746564343895361735264547967397019875584904015617018994570764780254254368671610165023899982426517426831147474194054319845306992246329299542515933893962662902485056978728342431353852328316927278104482049226106315704727449546502589608984613537383190350057568529703366069470374 0 0 0 0 0 0 0 0 0 0 1 0 0 0 0 0 0 0 0 0 0 0 0 0 0 0 0 0 0 0 0 0 0 0 0 0 0 0 0 0 0 0 0 0 0 0 0 0 0 0 0 0 0 0 0 0 0 0 0 0 0 0 0 0 0 0 0 0 0 0 0 0 0 0 0 0 0 0 0 0 0 0 0 0 0 0 0 0 0 0 0 0 0 0 0]
[160980021303300748046741272914414038035361229160939996896081812541265270765225615185623577011327397211683057147103349404588511218884583740812402087303488759369664183689359869668313304446713057105976279361310416945611944050775065507074591835342587379188372321217719951977403283243221923228 0 0 0 0 0 0 0 0 0 0 0 1 0 0 0 0 0 0 0 0 0 0 0 0 0 0 0 0 0 0 0 0 0 0 0 0 0 0 0 0 0 0 0 0 0 0 0 0 0 0 0 0 0 0 0 0 0 0 0 0 0 0 0 0 0 0 0 0 0 0 0 0 0 0 0 0 0 0 0 0 0 0 0 0 0 0 0 0 0 0 0 0 0 0 0]
[4917217016274185276929459851258712911976249635153864270975316480485507117212168720148081899727705465930848371896744183909721592128247216082681065367880307034939870825211288863249373393884077619416792787465258867299029755147290795391154717690747155968006979566727946103151056001917797376680 0 0 0 0 0 0 0 0 0 0 0 0 1 0 0 0 0 0 0 0 0 0 0 0 0 0 0 0 0 0 0 0 0 0 0 0 0 0 0 0 0 0 0 0 0 0 0 0 0 0 0 0 0 0 0 0 0 0 0 0 0 0 0 0 0 0 0 0 0 0 0 0 0 0 0 0 0 0 0 0 0 0 0 0 0 0 0 0 0 0 0 0 0 0 0]
[5001524536886700343629127866567582236451833735404642206966950766415241507698174019164479421208701447056395414893499309464663445479169410972161188530781135771575765441023770775417702491573276826087226893119255451470577244005333957054876993908682050226248230430468388897974676879704484370279 0 0 0 0 0 0 0 0 0 0 0 0 0 1 0 0 0 0 0 0 0 0 0 0 0 0 0 0 0 0 0 0 0 0 0 0 0 0 0 0 0 0 0 0 0 0 0 0 0 0 0 0 0 0 0 0 0 0 0 0 0 0 0 0 0 0 0 0 0 0 0 0 0 0 0 0 0 0 0 0 0 0 0 0 0 0 0 0 0 0 0 0 0 0 0]
[665478508913048610692410253785452888483437153568908142000779388297372868550532935821107708326060347621823775892087767864116710644551019912553483187569030217165387036055045115630388805508556006103537374745961691799324484733238741086769816720115390405197274372707478891440711312376598503084 0 0 0 0 0 0 0 0 0 0 0 0 0 0 1 0 0 0 0 0 0 0 0 0 0 0 0 0 0 0 0 0 0 0 0 0 0 0 0 0 0 0 0 0 0 0 0 0 0 0 0 0 0 0 0 0 0 0 0 0 0 0 0 0 0 0 0 0 0 0 0 0 0 0 0 0 0 0 0 0 0 0 0 0 0 0 0 0 0 0 0 0 0 0 0]
[5917278370298176437393590055489575413591505426098927931191485397386614954152144511167365261818682215685067149283170351361130910718642138913501442489398405795717039997220966461695066756748884856911330708032825810633520229697282751248539599581365939237442046488608836521595693588410294803674 0 0 0 0 0 0 0 0 0 0 0 0 0 0 0 1 0 0 0 0 0 0 0 0 0 0 0 0 0 0 0 0 0 0 0 0 0 0 0 0 0 0 0 0 0 0 0 0 0 0 0 0 0 0 0 0 0 0 0 0 0 0 0 0 0 0 0 0 0 0 0 0 0 0 0 0 0 0 0 0 0 0 0 0 0 0 0 0 0 0 0 0 0 0 0]
[7007041356424503140220542389374344031895881851199925303536878168076280302522224379669531994413822889561824712318932176982354955964441624528622005628792005874976608249321611237665620748417004572479987337372500732341979673115047293896238071928008312179244659450365268391812911915295456837374 0 0 0 0 0 0 0 0 0 0 0 0 0 0 0 0 1 0 0 0 0 0 0 0 0 0 0 0 0 0 0 0 0 0 0 0 0 0 0 0 0 0 0 0 0 0 0 0 0 0 0 0 0 0 0 0 0 0 0 0 0 0 0 0 0 0 0 0 0 0 0 0 0 0 0 0 0 0 0 0 0 0 0 0 0 0 0 0 0 0 0 0 0 0 0]
[7755487984268253275889344060455950104395691865197401210116241095518950930924201526874678714928038999944207749459849887483451355628276976294641071735254075952400640852650836641332445935463407182309716724466058835354020736748877323824274069655921003507542467947602437763319547951955268490800 0 0 0 0 0 0 0 0 0 0 0 0 0 0 0 0 0 1 0 0 0 0 0 0 0 0 0 0 0 0 0 0 0 0 0 0 0 0 0 0 0 0 0 0 0 0 0 0 0 0 0 0 0 0 0 0 0 0 0 0 0 0 0 0 0 0 0 0 0 0 0 0 0 0 0 0 0 0 0 0 0 0 0 0 0 0 0 0 0 0 0 0 0 0 0]
[7357297740169627722980193733809777874350546211111521638035264781262304844430004019687008805537864014094140536815502772402962743091019699894483098599752714867824013447036507036002693053641864541197732077705817208709040297312742296704197816986831772178149269147518933549159838577540715871 0 0 0 0 0 0 0 0 0 0 0 0 0 0 0 0 0 0 1 0 0 0 0 0 0 0 0 0 0 0 0 0 0 0 0 0 0 0 0 0 0 0 0 0 0 0 0 0 0 0 0 0 0 0 0 0 0 0 0 0 0 0 0 0 0 0 0 0 0 0 0 0 0 0 0 0 0 0 0 0 0 0 0 0 0 0 0 0 0 0 0 0 0 0 0]
[1845727021826725523293108108952812896120048239243174194242343003192803774147349118114485208763790445940969581049705772755987354111459960568032692108967061792500176077614061895982767096408329986438569522667556010351720080023749831385045781604928153046160109052709528471617737954596983793218 0 0 0 0 0 0 0 0 0 0 0 0 0 0 0 0 0 0 0 1 0 0 0 0 0 0 0 0 0 0 0 0 0 0 0 0 0 0 0 0 0 0 0 0 0 0 0 0 0 0 0 0 0 0 0 0 0 0 0 0 0 0 0 0 0 0 0 0 0 0 0 0 0 0 0 0 0 0 0 0 0 0 0 0 0 0 0 0 0 0 0 0 0 0 0]
[3739129455856218522845634965766410402795220185804122858115739239523197699700829542243872964016813930487347020718462554862976299253667924859913385881196307307356970931494450122315575752465126824191667104755903694708997430891393229572384050403654290431932977349106091214744987187320181783672 0 0 0 0 0 0 0 0 0 0 0 0 0 0 0 0 0 0 0 0 1 0 0 0 0 0 0 0 0 0 0 0 0 0 0 0 0 0 0 0 0 0 0 0 0 0 0 0 0 0 0 0 0 0 0 0 0 0 0 0 0 0 0 0 0 0 0 0 0 0 0 0 0 0 0 0 0 0 0 0 0 0 0 0 0 0 0 0 0 0 0 0 0 0 0]
[4274254919974294978770712725922517980377325880784326795423576705929755724364012693606573489592494734325082269466206147340854744622595503472475963870811235227822366872458808422242226423041195142398063040595771770924896438717551758057648032594270695279648163440818453282855966592854189706918 0 0 0 0 0 0 0 0 0 0 0 0 0 0 0 0 0 0 0 0 0 1 0 0 0 0 0 0 0 0 0 0 0 0 0 0 0 0 0 0 0 0 0 0 0 0 0 0 0 0 0 0 0 0 0 0 0 0 0 0 0 0 0 0 0 0 0 0 0 0 0 0 0 0 0 0 0 0 0 0 0 0 0 0 0 0 0 0 0 0 0 0 0 0 0]
[475250459029430598201176082863559248379784813673129089654807590331699030481107240179584078308237491935948779443089152332899215773695613649207379816414109010367807404316498404029745490243954876965129376436164333272778910852254658931008421670365166703439273020182167862087874188074285634970 0 0 0 0 0 0 0 0 0 0 0 0 0 0 0 0 0 0 0 0 0 0 1 0 0 0 0 0 0 0 0 0 0 0 0 0 0 0 0 0 0 0 0 0 0 0 0 0 0 0 0 0 0 0 0 0 0 0 0 0 0 0 0 0 0 0 0 0 0 0 0 0 0 0 0 0 0 0 0 0 0 0 0 0 0 0 0 0 0 0 0 0 0 0 0]
[1658994507487040575787319937318278524823771105587742355298657357099903125001703192904558897629022966648522505368174537546753592219590455061790802196197308420186495293772685466705176211901494387738758583000416855935042963824376175755026764154668139192612929563287294019431834707218585641442 0 0 0 0 0 0 0 0 0 0 0 0 0 0 0 0 0 0 0 0 0 0 0 1 0 0 0 0 0 0 0 0 0 0 0 0 0 0 0 0 0 0 0 0 0 0 0 0 0 0 0 0 0 0 0 0 0 0 0 0 0 0 0 0 0 0 0 0 0 0 0 0 0 0 0 0 0 0 0 0 0 0 0 0 0 0 0 0 0 0 0 0 0 0 0]
[7411886388232136166201935214047963674681547098848600229280871646786209486094452296857806520825255214352177583975800424890675850166968624855250228663760278051373690424042632526105290244728883676173621195344472481338495596008640905204236243919844955810203599508054095887282090779926026308733 0 0 0 0 0 0 0 0 0 0 0 0 0 0 0 0 0 0 0 0 0 0 0 0 1 0 0 0 0 0 0 0 0 0 0 0 0 0 0 0 0 0 0 0 0 0 0 0 0 0 0 0 0 0 0 0 0 0 0 0 0 0 0 0 0 0 0 0 0 0 0 0 0 0 0 0 0 0 0 0 0 0 0 0 0 0 0 0 0 0 0 0 0 0 0]
[996424518157079848554683281930049840838511549250796205226888001269809697496156025243857568536636939363956679408709331355814074204610552589919447146191760803661471036252216778832919612057812505580730604887450723692402975871117142899377833221647259752131383912279337756134643688964616728479 0 0 0 0 0 0 0 0 0 0 0 0 0 0 0 0 0 0 0 0 0 0 0 0 0 1 0 0 0 0 0 0 0 0 0 0 0 0 0 0 0 0 0 0 0 0 0 0 0 0 0 0 0 0 0 0 0 0 0 0 0 0 0 0 0 0 0 0 0 0 0 0 0 0 0 0 0 0 0 0 0 0 0 0 0 0 0 0 0 0 0 0 0 0 0]
[1213837916842030085313151582174630568964750795610008287181307844833386302717694392224055675258650279401067709469383584210830342194396404366997730458181746765722439888463325915086031870549769375424125290375201739411081321521296225823561900928594293634055631198282051033598160293884187292597 0 0 0 0 0 0 0 0 0 0 0 0 0 0 0 0 0 0 0 0 0 0 0 0 0 0 1 0 0 0 0 0 0 0 0 0 0 0 0 0 0 0 0 0 0 0 0 0 0 0 0 0 0 0 0 0 0 0 0 0 0 0 0 0 0 0 0 0 0 0 0 0 0 0 0 0 0 0 0 0 0 0 0 0 0 0 0 0 0 0 0 0 0 0 0]
[5030516726349931071907145640785112474766077715785218015973423914555596416066346297772890714555869557554439544958885282483038449494373676003822938497795461174396388400994111419508265546516170768634560326127077608240657074714667189264459150172461220889255974858242943457202738893592565005519 0 0 0 0 0 0 0 0 0 0 0 0 0 0 0 0 0 0 0 0 0 0 0 0 0 0 0 1 0 0 0 0 0 0 0 0 0 0 0 0 0 0 0 0 0 0 0 0 0 0 0 0 0 0 0 0 0 0 0 0 0 0 0 0 0 0 0 0 0 0 0 0 0 0 0 0 0 0 0 0 0 0 0 0 0 0 0 0 0 0 0 0 0 0 0]
[5669011638379124875878068158758378267180586923065593797962937163590868435974934665952344587839976731063655999156404649501063062102250001793668942602053332633388798018927930858732643258547241144752542630978553062016464059381184939243744580894040946805809524411064091442959018041988235172298 0 0 0 0 0 0 0 0 0 0 0 0 0 0 0 0 0 0 0 0 0 0 0 0 0 0 0 0 1 0 0 0 0 0 0 0 0 0 0 0 0 0 0 0 0 0 0 0 0 0 0 0 0 0 0 0 0 0 0 0 0 0 0 0 0 0 0 0 0 0 0 0 0 0 0 0 0 0 0 0 0 0 0 0 0 0 0 0 0 0 0 0 0 0 0]
[1337391917630783002839087885149092286037575198667268320745456271598671800609468916072327173428742275892486529830037358171378672938989241514059051862505745339707811856845967064761513214605613864528558200869650540284324848934716420921264156942294705481172498163344628400001126074196884149847 0 0 0 0 0 0 0 0 0 0 0 0 0 0 0 0 0 0 0 0 0 0 0 0 0 0 0 0 0 1 0 0 0 0 0 0 0 0 0 0 0 0 0 0 0 0 0 0 0 0 0 0 0 0 0 0 0 0 0 0 0 0 0 0 0 0 0 0 0 0 0 0 0 0 0 0 0 0 0 0 0 0 0 0 0 0 0 0 0 0 0 0 0 0 0]
[7947219248693084955431380965137940768650113219360418917831418423809633372170890605443729433138413473323640110640558317547636823140634790373727572773381470488531227067443281269978052334436417507646642364089831709440895509787632485488928241994357724849810937770914253405029185696234809267091 0 0 0 0 0 0 0 0 0 0 0 0 0 0 0 0 0 0 0 0 0 0 0 0 0 0 0 0 0 0 1 0 0 0 0 0 0 0 0 0 0 0 0 0 0 0 0 0 0 0 0 0 0 0 0 0 0 0 0 0 0 0 0 0 0 0 0 0 0 0 0 0 0 0 0 0 0 0 0 0 0 0 0 0 0 0 0 0 0 0 0 0 0 0 0]
[162850059439571807305755973888945174472184170017439030554026982097255447747936689710539757521574095849667651552616491376992080411481343540065731042022043895592368198262448515054490673732081543401084992755133113823081328357832391185096324238833978134521634839632845203783954018365916549992 0 0 0 0 0 0 0 0 0 0 0 0 0 0 0 0 0 0 0 0 0 0 0 0 0 0 0 0 0 0 0 1 0 0 0 0 0 0 0 0 0 0 0 0 0 0 0 0 0 0 0 0 0 0 0 0 0 0 0 0 0 0 0 0 0 0 0 0 0 0 0 0 0 0 0 0 0 0 0 0 0 0 0 0 0 0 0 0 0 0 0 0 0 0 0]
[7795668052822636140009967029910720342642774525060996886928879854370660319857201945041384875445921228771238846236733211961974006020743721762482083867491369444348671598517954767687148136874486209226559082258193024436568267354872823859107030801733309121887521722774887446526774854941363336619 0 0 0 0 0 0 0 0 0 0 0 0 0 0 0 0 0 0 0 0 0 0 0 0 0 0 0 0 0 0 0 0 1 0 0 0 0 0 0 0 0 0 0 0 0 0 0 0 0 0 0 0 0 0 0 0 0 0 0 0 0 0 0 0 0 0 0 0 0 0 0 0 0 0 0 0 0 0 0 0 0 0 0 0 0 0 0 0 0 0 0 0 0 0 0]
[2647458901851461534331937742732316597879555474802084096146259285832465655586799521714148994306237649547537426718461925140867456349774904139683491189035801267895005893541897508213667448770187489305602477767797020407522031055832056575621021606025130375162853430954690950253141538728532498981 0 0 0 0 0 0 0 0 0 0 0 0 0 0 0 0 0 0 0 0 0 0 0 0 0 0 0 0 0 0 0 0 0 1 0 0 0 0 0 0 0 0 0 0 0 0 0 0 0 0 0 0 0 0 0 0 0 0 0 0 0 0 0 0 0 0 0 0 0 0 0 0 0 0 0 0 0 0 0 0 0 0 0 0 0 0 0 0 0 0 0 0 0 0 0]
[2733462318654105758381240420414269556596189555964530122130395740543459588397345622046597611939498902478950568170035421380527856197194358841966202396659538341574841851734342429313169151225534916859853253841278203024556495904048920079589589546711253360461482036854567784564444272391661708563 0 0 0 0 0 0 0 0 0 0 0 0 0 0 0 0 0 0 0 0 0 0 0 0 0 0 0 0 0 0 0 0 0 0 1 0 0 0 0 0 0 0 0 0 0 0 0 0 0 0 0 0 0 0 0 0 0 0 0 0 0 0 0 0 0 0 0 0 0 0 0 0 0 0 0 0 0 0 0 0 0 0 0 0 0 0 0 0 0 0 0 0 0 0 0]
[6517178111270439540068441929795851617950212821834835483255111963322887505152650724424500254153385713700060281552335633780703021955044810566179021880459609199789515854600857267170949342459473178851785094689523147089065352028942401126793225321806719737714696964436675720008712557639897270593 0 0 0 0 0 0 0 0 0 0 0 0 0 0 0 0 0 0 0 0 0 0 0 0 0 0 0 0 0 0 0 0 0 0 0 1 0 0 0 0 0 0 0 0 0 0 0 0 0 0 0 0 0 0 0 0 0 0 0 0 0 0 0 0 0 0 0 0 0 0 0 0 0 0 0 0 0 0 0 0 0 0 0 0 0 0 0 0 0 0 0 0 0 0 0]
[7536827553824067623523863849560654669167594230436983527950389629920032647187929973101625953318713647272895543815535141664331062929524672910028817912427006449263175354284239173589992492965443572638899164707909630895791778967932067678162044769878748892578297380071991654949979933803941949748 0 0 0 0 0 0 0 0 0 0 0 0 0 0 0 0 0 0 0 0 0 0 0 0 0 0 0 0 0 0 0 0 0 0 0 0 1 0 0 0 0 0 0 0 0 0 0 0 0 0 0 0 0 0 0 0 0 0 0 0 0 0 0 0 0 0 0 0 0 0 0 0 0 0 0 0 0 0 0 0 0 0 0 0 0 0 0 0 0 0 0 0 0 0 0]
[5513124066127560358030174335421537043715784453610117198695582440680641187701787118025334668736078587188765501223103629682693286879172316557768776937919783613558828175849719571545847559831350169534749440735375842299923453200713713064028362560465996517349208670951323038154279229227988626140 0 0 0 0 0 0 0 0 0 0 0 0 0 0 0 0 0 0 0 0 0 0 0 0 0 0 0 0 0 0 0 0 0 0 0 0 0 1 0 0 0 0 0 0 0 0 0 0 0 0 0 0 0 0 0 0 0 0 0 0 0 0 0 0 0 0 0 0 0 0 0 0 0 0 0 0 0 0 0 0 0 0 0 0 0 0 0 0 0 0 0 0 0 0 0]
[7879831897382377425187909927031328640068435875092854748812559184432621900196789878188455528071167062516345187472030601304377424898928834471667656342518189040407676164826067810978644703506789446213186994421955694178773723576819607890428420131916539116635889909377132858112333825447648746131 0 0 0 0 0 0 0 0 0 0 0 0 0 0 0 0 0 0 0 0 0 0 0 0 0 0 0 0 0 0 0 0 0 0 0 0 0 0 1 0 0 0 0 0 0 0 0 0 0 0 0 0 0 0 0 0 0 0 0 0 0 0 0 0 0 0 0 0 0 0 0 0 0 0 0 0 0 0 0 0 0 0 0 0 0 0 0 0 0 0 0 0 0 0 0]
[186805353980185052634707923709107281177595366583357581335455880232182100602115651421472789636947140820217199165079671071322456401326216324568015476977280375638489530811324408136837581969771928498294632689110846200893148509210496359514356111098111538026900001261696920282111607354021758434 0 0 0 0 0 0 0 0 0 0 0 0 0 0 0 0 0 0 0 0 0 0 0 0 0 0 0 0 0 0 0 0 0 0 0 0 0 0 0 1 0 0 0 0 0 0 0 0 0 0 0 0 0 0 0 0 0 0 0 0 0 0 0 0 0 0 0 0 0 0 0 0 0 0 0 0 0 0 0 0 0 0 0 0 0 0 0 0 0 0 0 0 0 0 0]
[1249558912067129909839400460263076107706083856593286190471796986994807463029522028229668484870937564555229916891766795778990697206098672533833886375271369333227133939671179999542712189061388259390124271102101547776158460803774198064139996027993740613027036076769283295231254670368894610438 0 0 0 0 0 0 0 0 0 0 0 0 0 0 0 0 0 0 0 0 0 0 0 0 0 0 0 0 0 0 0 0 0 0 0 0 0 0 0 0 1 0 0 0 0 0 0 0 0 0 0 0 0 0 0 0 0 0 0 0 0 0 0 0 0 0 0 0 0 0 0 0 0 0 0 0 0 0 0 0 0 0 0 0 0 0 0 0 0 0 0 0 0 0 0]
[7839463425227284376192387545830404723264386996852692176963307549264694998252782416251446769835520025150882398969196452933956270059743468769749068713547718726690693608486180842176676049159897479043921940542788465350987166323143744750641896503297516805893988623479840730703407301886633426153 0 0 0 0 0 0 0 0 0 0 0 0 0 0 0 0 0 0 0 0 0 0 0 0 0 0 0 0 0 0 0 0 0 0 0 0 0 0 0 0 0 1 0 0 0 0 0 0 0 0 0 0 0 0 0 0 0 0 0 0 0 0 0 0 0 0 0 0 0 0 0 0 0 0 0 0 0 0 0 0 0 0 0 0 0 0 0 0 0 0 0 0 0 0 0]
[3309813841206646730178808041148080713721623151426244701826617547950514328483496777509827105772308668435789520479026640397816081398010667461322673605282081091215773146270565309082034030206046565167722942199991173161021435616418251633521803063016779138849101171054761888394535026678229497569 0 0 0 0 0 0 0 0 0 0 0 0 0 0 0 0 0 0 0 0 0 0 0 0 0 0 0 0 0 0 0 0 0 0 0 0 0 0 0 0 0 0 1 0 0 0 0 0 0 0 0 0 0 0 0 0 0 0 0 0 0 0 0 0 0 0 0 0 0 0 0 0 0 0 0 0 0 0 0 0 0 0 0 0 0 0 0 0 0 0 0 0 0 0 0]
[3247492876615653482571740453778253999098636448312473750164004866160514276607358497880763033625011148499089580991065763252691884188416747241389742327418512495164688008880667585367383025270233829933881682921854163084865232808101893238142379707833833540529708561917596353654491684584598477427 0 0 0 0 0 0 0 0 0 0 0 0 0 0 0 0 0 0 0 0 0 0 0 0 0 0 0 0 0 0 0 0 0 0 0 0 0 0 0 0 0 0 0 1 0 0 0 0 0 0 0 0 0 0 0 0 0 0 0 0 0 0 0 0 0 0 0 0 0 0 0 0 0 0 0 0 0 0 0 0 0 0 0 0 0 0 0 0 0 0 0 0 0 0 0]
[3875446840217578534404527198670665912948387090665636510999618990267586128367502966277494928812147805749601569105324143969483159954528677968387387766562552379484981621760344828717852089528779437757309100974541359100512209741866404915887626194762365463008901379129862356236904596502618245698 0 0 0 0 0 0 0 0 0 0 0 0 0 0 0 0 0 0 0 0 0 0 0 0 0 0 0 0 0 0 0 0 0 0 0 0 0 0 0 0 0 0 0 0 1 0 0 0 0 0 0 0 0 0 0 0 0 0 0 0 0 0 0 0 0 0 0 0 0 0 0 0 0 0 0 0 0 0 0 0 0 0 0 0 0 0 0 0 0 0 0 0 0 0 0]
[6066511961464062370543075188377139391671377991930518503702207074027653658435851801975479749984206155718454889422728273760744166727959081228318137500731368185973768345654473436775966636133008183496869886428691722840303365573645665521568880062837102948958446138330218610154238774299102218601 0 0 0 0 0 0 0 0 0 0 0 0 0 0 0 0 0 0 0 0 0 0 0 0 0 0 0 0 0 0 0 0 0 0 0 0 0 0 0 0 0 0 0 0 0 1 0 0 0 0 0 0 0 0 0 0 0 0 0 0 0 0 0 0 0 0 0 0 0 0 0 0 0 0 0 0 0 0 0 0 0 0 0 0 0 0 0 0 0 0 0 0 0 0 0]
[788301839482808228705633574270498705530662356885953689582203010171195128609754458245568366588821435723685052540021206984035743846260018011974699019580251410376331447317370414129109805135872094320417391567294723293095373901149839451316653731713501750981149010472290562110489046273967766742 0 0 0 0 0 0 0 0 0 0 0 0 0 0 0 0 0 0 0 0 0 0 0 0 0 0 0 0 0 0 0 0 0 0 0 0 0 0 0 0 0 0 0 0 0 0 1 0 0 0 0 0 0 0 0 0 0 0 0 0 0 0 0 0 0 0 0 0 0 0 0 0 0 0 0 0 0 0 0 0 0 0 0 0 0 0 0 0 0 0 0 0 0 0 0]
[548838242853644184277709604405828290917342517414032863369720132187628422184121216247111882739703072139924769901428799495653059489421435133590048909423202943997049942404259155791136690168474017471832192665074317101254472336174045914742179950516618006419058414681489734007895352074358728626 0 0 0 0 0 0 0 0 0 0 0 0 0 0 0 0 0 0 0 0 0 0 0 0 0 0 0 0 0 0 0 0 0 0 0 0 0 0 0 0 0 0 0 0 0 0 0 1 0 0 0 0 0 0 0 0 0 0 0 0 0 0 0 0 0 0 0 0 0 0 0 0 0 0 0 0 0 0 0 0 0 0 0 0 0 0 0 0 0 0 0 0 0 0 0]
[7160962776201411946321037222244962443845245082580031812996851096437497874022535039820980457869880976240906748489517389196602763882776072438778076886852058823985190810304379019312996583626786106280380946507939958518637739884227974212532015658359660845516288249628746722180752157296762168516 0 0 0 0 0 0 0 0 0 0 0 0 0 0 0 0 0 0 0 0 0 0 0 0 0 0 0 0 0 0 0 0 0 0 0 0 0 0 0 0 0 0 0 0 0 0 0 0 1 0 0 0 0 0 0 0 0 0 0 0 0 0 0 0 0 0 0 0 0 0 0 0 0 0 0 0 0 0 0 0 0 0 0 0 0 0 0 0 0 0 0 0 0 0 0]
[6877601709192306868261322759893681680150327163896512261039740841273462352295151376712952924406979978735252492616998414891618642185473364103053264254334129972199991611748473203918222598133181966603425237714169175612350485040093390040423153594007382476661502167326824514476611748250996723574 0 0 0 0 0 0 0 0 0 0 0 0 0 0 0 0 0 0 0 0 0 0 0 0 0 0 0 0 0 0 0 0 0 0 0 0 0 0 0 0 0 0 0 0 0 0 0 0 0 1 0 0 0 0 0 0 0 0 0 0 0 0 0 0 0 0 0 0 0 0 0 0 0 0 0 0 0 0 0 0 0 0 0 0 0 0 0 0 0 0 0 0 0 0 0]
[3017269788378732512553332182035364746053799649124233568889027139949224165947898544904833436521490241331940570660106218909341515023928641768977245464748482813094891211755583552530146180189912515053624916977805271881143252414704325021550195034195613350299097386461567926653509604670762832899 0 0 0 0 0 0 0 0 0 0 0 0 0 0 0 0 0 0 0 0 0 0 0 0 0 0 0 0 0 0 0 0 0 0 0 0 0 0 0 0 0 0 0 0 0 0 0 0 0 0 1 0 0 0 0 0 0 0 0 0 0 0 0 0 0 0 0 0 0 0 0 0 0 0 0 0 0 0 0 0 0 0 0 0 0 0 0 0 0 0 0 0 0 0 0]
[4251517492966158151677363006104858052246300824048096807751387021356585820067512504955552668809597713543147221901365510295485703264641155535669748263012345482922951080593523487762737647762832361348875203400167390706714052863247448107073819381126960813988122744082812183309144354326465058023 0 0 0 0 0 0 0 0 0 0 0 0 0 0 0 0 0 0 0 0 0 0 0 0 0 0 0 0 0 0 0 0 0 0 0 0 0 0 0 0 0 0 0 0 0 0 0 0 0 0 0 1 0 0 0 0 0 0 0 0 0 0 0 0 0 0 0 0 0 0 0 0 0 0 0 0 0 0 0 0 0 0 0 0 0 0 0 0 0 0 0 0 0 0 0]
[5475000108546201943970521429988288253631096951354828385062497922795869072612595697572219496540243141789051253255622350586669715781052170480763229765360949256016573664867430418663702987533041543814872510988696950834788739022071134815049567482805195396135728203083851103841198516232105446239 0 0 0 0 0 0 0 0 0 0 0 0 0 0 0 0 0 0 0 0 0 0 0 0 0 0 0 0 0 0 0 0 0 0 0 0 0 0 0 0 0 0 0 0 0 0 0 0 0 0 0 0 1 0 0 0 0 0 0 0 0 0 0 0 0 0 0 0 0 0 0 0 0 0 0 0 0 0 0 0 0 0 0 0 0 0 0 0 0 0 0 0 0 0 0]
[2530502983064945886602265281592114245608904158265634445830484879021101605625560544054263629502160540183494890502853255338820191649642329818714323761472483280047145546761705904794579511104163280731215086945234068116903304686601228059507553774804780764788996199794131536644002768610482242920 0 0 0 0 0 0 0 0 0 0 0 0 0 0 0 0 0 0 0 0 0 0 0 0 0 0 0 0 0 0 0 0 0 0 0 0 0 0 0 0 0 0 0 0 0 0 0 0 0 0 0 0 0 1 0 0 0 0 0 0 0 0 0 0 0 0 0 0 0 0 0 0 0 0 0 0 0 0 0 0 0 0 0 0 0 0 0 0 0 0 0 0 0 0 0]
[5732689928736009636074493696084325577838617657584563773755672475676278026908083223601598486646790377853654657895862526746885970872980393564171663572112076993752192573122297199235296690576044821324045313987269226034307151659585618936779225500374011509556679789467099318622107648546675226623 0 0 0 0 0 0 0 0 0 0 0 0 0 0 0 0 0 0 0 0 0 0 0 0 0 0 0 0 0 0 0 0 0 0 0 0 0 0 0 0 0 0 0 0 0 0 0 0 0 0 0 0 0 0 1 0 0 0 0 0 0 0 0 0 0 0 0 0 0 0 0 0 0 0 0 0 0 0 0 0 0 0 0 0 0 0 0 0 0 0 0 0 0 0 0]
[1872677234740642644225777857079015808469257356563562813696363286852927825523045417715190483181123324002008318674772307595916518735841000967215651386638722364749515512211446378505546487159904692680566337246758840253232979699072085934432282385897800432619032554806817553786071284713894268034 0 0 0 0 0 0 0 0 0 0 0 0 0 0 0 0 0 0 0 0 0 0 0 0 0 0 0 0 0 0 0 0 0 0 0 0 0 0 0 0 0 0 0 0 0 0 0 0 0 0 0 0 0 0 0 1 0 0 0 0 0 0 0 0 0 0 0 0 0 0 0 0 0 0 0 0 0 0 0 0 0 0 0 0 0 0 0 0 0 0 0 0 0 0 0]
[5863588311966913095374324310069054916309407836945958296795496371543528905004382226948048984612059990252976597493294209451893879038660306239362596928112912957069557453044613083457241110933066909888211648729575105414449080474449552951007519369426523101581791509671982266493968679831678671888 0 0 0 0 0 0 0 0 0 0 0 0 0 0 0 0 0 0 0 0 0 0 0 0 0 0 0 0 0 0 0 0 0 0 0 0 0 0 0 0 0 0 0 0 0 0 0 0 0 0 0 0 0 0 0 0 1 0 0 0 0 0 0 0 0 0 0 0 0 0 0 0 0 0 0 0 0 0 0 0 0 0 0 0 0 0 0 0 0 0 0 0 0 0 0]
[1971513720462788532985223454750520775588984911734089422582285226321547538004977422609403537880741969508887596099347684380569826727850207003647837224352643461884555416985962711275206274715404273472886517883891106508432445497850210365258189278395521800510535985286425480266937394997585839786 0 0 0 0 0 0 0 0 0 0 0 0 0 0 0 0 0 0 0 0 0 0 0 0 0 0 0 0 0 0 0 0 0 0 0 0 0 0 0 0 0 0 0 0 0 0 0 0 0 0 0 0 0 0 0 0 0 1 0 0 0 0 0 0 0 0 0 0 0 0 0 0 0 0 0 0 0 0 0 0 0 0 0 0 0 0 0 0 0 0 0 0 0 0 0]
[1469329838487159166925616694790447432227012959205706394365185193539286653271562605058736786601228644031398645114483244911955503635612312992125630423925205421907914902452620041488943450789395363129056601153258273132277341358499546217015108469903458468594465282847570988495335894502974076942 0 0 0 0 0 0 0 0 0 0 0 0 0 0 0 0 0 0 0 0 0 0 0 0 0 0 0 0 0 0 0 0 0 0 0 0 0 0 0 0 0 0 0 0 0 0 0 0 0 0 0 0 0 0 0 0 0 0 1 0 0 0 0 0 0 0 0 0 0 0 0 0 0 0 0 0 0 0 0 0 0 0 0 0 0 0 0 0 0 0 0 0 0 0 0]
[2981478476052931933187763081102423406296556022309357492617186715252579824689651754678984867130832447047130627960685975990208658273740605130048944344405428244351150359617471961871669515508006145242946849160942209370512267000241396243250085433434501994299539328654359062153842535051627508395 0 0 0 0 0 0 0 0 0 0 0 0 0 0 0 0 0 0 0 0 0 0 0 0 0 0 0 0 0 0 0 0 0 0 0 0 0 0 0 0 0 0 0 0 0 0 0 0 0 0 0 0 0 0 0 0 0 0 0 1 0 0 0 0 0 0 0 0 0 0 0 0 0 0 0 0 0 0 0 0 0 0 0 0 0 0 0 0 0 0 0 0 0 0 0]
[7301930454859943876804029728072825523955163619058253615719321383667375393277032303903447796406268598441780973085837611365948325292041431347393779527484850908413072747217859205223920903433683553838077788883185771494287618430275393769237675342356291202795094837288506066795487186677206260074 0 0 0 0 0 0 0 0 0 0 0 0 0 0 0 0 0 0 0 0 0 0 0 0 0 0 0 0 0 0 0 0 0 0 0 0 0 0 0 0 0 0 0 0 0 0 0 0 0 0 0 0 0 0 0 0 0 0 0 0 1 0 0 0 0 0 0 0 0 0 0 0 0 0 0 0 0 0 0 0 0 0 0 0 0 0 0 0 0 0 0 0 0 0 0]
[2621662796155752165986607206603563535628742331105181601973235849012756391188789641528830949868082629864826559608094777448628059584258449162831199052463508784404391200030327975574061389290956051468054365385641602999950366240087264184266874490458073896966622528668748394041485069998581130418 0 0 0 0 0 0 0 0 0 0 0 0 0 0 0 0 0 0 0 0 0 0 0 0 0 0 0 0 0 0 0 0 0 0 0 0 0 0 0 0 0 0 0 0 0 0 0 0 0 0 0 0 0 0 0 0 0 0 0 0 0 1 0 0 0 0 0 0 0 0 0 0 0 0 0 0 0 0 0 0 0 0 0 0 0 0 0 0 0 0 0 0 0 0 0]
[3427922782094270373584367710883491017151205329405057652010538294728890092220268136502320667328063535552927257100196594859906489875883001394822591233677799911003666463390721777635102587618494137102565368299842401493988473528067767820630919404406133831842293819965961315489532918274076495627 0 0 0 0 0 0 0 0 0 0 0 0 0 0 0 0 0 0 0 0 0 0 0 0 0 0 0 0 0 0 0 0 0 0 0 0 0 0 0 0 0 0 0 0 0 0 0 0 0 0 0 0 0 0 0 0 0 0 0 0 0 0 1 0 0 0 0 0 0 0 0 0 0 0 0 0 0 0 0 0 0 0 0 0 0 0 0 0 0 0 0 0 0 0 0]
[204794041933345814513896008919257754235148685166226917029869319386568206755925258234284264669262980597715114594109590028656866011066300619700442430168043977908213704698164878355103570064951849568654820399046381712235006061402341459867664341501568616257276182663017515177758807405917985355 0 0 0 0 0 0 0 0 0 0 0 0 0 0 0 0 0 0 0 0 0 0 0 0 0 0 0 0 0 0 0 0 0 0 0 0 0 0 0 0 0 0 0 0 0 0 0 0 0 0 0 0 0 0 0 0 0 0 0 0 0 0 0 1 0 0 0 0 0 0 0 0 0 0 0 0 0 0 0 0 0 0 0 0 0 0 0 0 0 0 0 0 0 0 0]
[5608981445253383653194356656458365219009200624368278164495766574059849166568500710446619936275279610273589470970583782444092847998673211301937166945812804892176021805271664959353969389644705337079785100420558935987392414927799330464706732769130687480321233456212247908244872644562317842942 0 0 0 0 0 0 0 0 0 0 0 0 0 0 0 0 0 0 0 0 0 0 0 0 0 0 0 0 0 0 0 0 0 0 0 0 0 0 0 0 0 0 0 0 0 0 0 0 0 0 0 0 0 0 0 0 0 0 0 0 0 0 0 0 1 0 0 0 0 0 0 0 0 0 0 0 0 0 0 0 0 0 0 0 0 0 0 0 0 0 0 0 0 0 0]
[1923541866187719762706241648914849105274267624420844302391219767243670240714614589133379028416544643354174303776799621266647938347864467434652174820274555485373785594515919895490747373579994346570961269395877926616091562875238656808403622675834654700199687418147840052287717561770921083729 0 0 0 0 0 0 0 0 0 0 0 0 0 0 0 0 0 0 0 0 0 0 0 0 0 0 0 0 0 0 0 0 0 0 0 0 0 0 0 0 0 0 0 0 0 0 0 0 0 0 0 0 0 0 0 0 0 0 0 0 0 0 0 0 0 1 0 0 0 0 0 0 0 0 0 0 0 0 0 0 0 0 0 0 0 0 0 0 0 0 0 0 0 0 0]
[3091322928245271705206945204894716435916659289767166733057138822211040599178505102237291555673734216118629146198291363271936320292290199923982742904748538911840001202477445334709425101420014419603592327884252958781390448372192532740930809472506750955467139439768352648666317771237958568333 0 0 0 0 0 0 0 0 0 0 0 0 0 0 0 0 0 0 0 0 0 0 0 0 0 0 0 0 0 0 0 0 0 0 0 0 0 0 0 0 0 0 0 0 0 0 0 0 0 0 0 0 0 0 0 0 0 0 0 0 0 0 0 0 0 0 1 0 0 0 0 0 0 0 0 0 0 0 0 0 0 0 0 0 0 0 0 0 0 0 0 0 0 0 0]
[521311795172727051181361663554335742494500524054633506402341653718544243895120526552041247712077231191720895018225673853995278796878629502296174151396410897684639553039071354318604933412958566927591674417614938161083800740097909029155337224777666231403825099609145503953488462290934780182 0 0 0 0 0 0 0 0 0 0 0 0 0 0 0 0 0 0 0 0 0 0 0 0 0 0 0 0 0 0 0 0 0 0 0 0 0 0 0 0 0 0 0 0 0 0 0 0 0 0 0 0 0 0 0 0 0 0 0 0 0 0 0 0 0 0 0 1 0 0 0 0 0 0 0 0 0 0 0 0 0 0 0 0 0 0 0 0 0 0 0 0 0 0 0]
[3638267363965495824731571067637073844150993330132760734032766806089563078398845191831479091668087033751074288267747745100235708878058732948882461279629042024173547769361102714189106723146319011311887538069940434572544500691155315261179448821217604295753903955449409371466948583734795857156 0 0 0 0 0 0 0 0 0 0 0 0 0 0 0 0 0 0 0 0 0 0 0 0 0 0 0 0 0 0 0 0 0 0 0 0 0 0 0 0 0 0 0 0 0 0 0 0 0 0 0 0 0 0 0 0 0 0 0 0 0 0 0 0 0 0 0 0 1 0 0 0 0 0 0 0 0 0 0 0 0 0 0 0 0 0 0 0 0 0 0 0 0 0 0]
[7781977665467195201418236078498387328650270896877422416730505508518025333794357298779024063077898541496202709740955834756598158008402436368431165141785260604172739377929970808555887784047008717635323113607368398132821584104241712492221011085600419531140928576828532183803745483406813302665 0 0 0 0 0 0 0 0 0 0 0 0 0 0 0 0 0 0 0 0 0 0 0 0 0 0 0 0 0 0 0 0 0 0 0 0 0 0 0 0 0 0 0 0 0 0 0 0 0 0 0 0 0 0 0 0 0 0 0 0 0 0 0 0 0 0 0 0 0 1 0 0 0 0 0 0 0 0 0 0 0 0 0 0 0 0 0 0 0 0 0 0 0 0 0]
[1432723260922642375345719466921908333705648859067084598784546397308774975497932471031156713996184688073870711766707665966817159132184065996952380110341308322062009934592340888318618758965330104466344225655259634594937085250113375090699310127729849578069940317425585860165169172871868253437 0 0 0 0 0 0 0 0 0 0 0 0 0 0 0 0 0 0 0 0 0 0 0 0 0 0 0 0 0 0 0 0 0 0 0 0 0 0 0 0 0 0 0 0 0 0 0 0 0 0 0 0 0 0 0 0 0 0 0 0 0 0 0 0 0 0 0 0 0 0 1 0 0 0 0 0 0 0 0 0 0 0 0 0 0 0 0 0 0 0 0 0 0 0 0]
[7243696870385153830810889608975947533059497147293975333405539260275003273772470091452736098127294368470590214989831709190812181635289870774229456288488558895124096427676681002453516906394633622559904223872244924925798637537217439050524339151202020858171307887201039862894750533171816940582 0 0 0 0 0 0 0 0 0 0 0 0 0 0 0 0 0 0 0 0 0 0 0 0 0 0 0 0 0 0 0 0 0 0 0 0 0 0 0 0 0 0 0 0 0 0 0 0 0 0 0 0 0 0 0 0 0 0 0 0 0 0 0 0 0 0 0 0 0 0 0 1 0 0 0 0 0 0 0 0 0 0 0 0 0 0 0 0 0 0 0 0 0 0 0]
[6713742378032711349484523308713272532163563481942829365858117619286300304924640842892428853824170528854510571487815865848469759921536275457251611286301013078896385392505146913958296717133148218407095116044100718104409077278083792324817526587935436468234227579244879437931584094851190819530 0 0 0 0 0 0 0 0 0 0 0 0 0 0 0 0 0 0 0 0 0 0 0 0 0 0 0 0 0 0 0 0 0 0 0 0 0 0 0 0 0 0 0 0 0 0 0 0 0 0 0 0 0 0 0 0 0 0 0 0 0 0 0 0 0 0 0 0 0 0 0 0 1 0 0 0 0 0 0 0 0 0 0 0 0 0 0 0 0 0 0 0 0 0 0]
[3762089301997438149197763970140857060837061315729926861590581555350297030244135709003840597927077636771390705234439371036624183477662417449342915483591776375902932472205776683191347876296290902685885077982105390268956535454514718797465583848942163311605209381920907853686679727329337704420 0 0 0 0 0 0 0 0 0 0 0 0 0 0 0 0 0 0 0 0 0 0 0 0 0 0 0 0 0 0 0 0 0 0 0 0 0 0 0 0 0 0 0 0 0 0 0 0 0 0 0 0 0 0 0 0 0 0 0 0 0 0 0 0 0 0 0 0 0 0 0 0 0 1 0 0 0 0 0 0 0 0 0 0 0 0 0 0 0 0 0 0 0 0 0]
[1648323610253377607640169389297254484076071972258173684266949713332907880631502678153378649766741499612607430715503804095738578321754968177166635220893800264991354351880291391643816620239050265860057636363918139720023148468319822213926909715884569027402883264409548742125821111309015259127 0 0 0 0 0 0 0 0 0 0 0 0 0 0 0 0 0 0 0 0 0 0 0 0 0 0 0 0 0 0 0 0 0 0 0 0 0 0 0 0 0 0 0 0 0 0 0 0 0 0 0 0 0 0 0 0 0 0 0 0 0 0 0 0 0 0 0 0 0 0 0 0 0 0 1 0 0 0 0 0 0 0 0 0 0 0 0 0 0 0 0 0 0 0 0]
[2033050494572148098482391549979794496341872412804126434926554800331702526938045978359262334005027958608477525107174377846201392027283300591527149111277868484296603367997238086030324767377584395855054669930954662629446587128061707298626660441106392999911958950552543248618431858065882336202 0 0 0 0 0 0 0 0 0 0 0 0 0 0 0 0 0 0 0 0 0 0 0 0 0 0 0 0 0 0 0 0 0 0 0 0 0 0 0 0 0 0 0 0 0 0 0 0 0 0 0 0 0 0 0 0 0 0 0 0 0 0 0 0 0 0 0 0 0 0 0 0 0 0 0 1 0 0 0 0 0 0 0 0 0 0 0 0 0 0 0 0 0 0 0]
[3745691776928736666042553129991958409823383128826828110067542829739145071384432142492574351091496327168377162448241482956663831105895829755915925268800640581040223260333369977730199416980218573732278585926200646685176777726425427187631112949577262861703684636024646542170987161501253283416 0 0 0 0 0 0 0 0 0 0 0 0 0 0 0 0 0 0 0 0 0 0 0 0 0 0 0 0 0 0 0 0 0 0 0 0 0 0 0 0 0 0 0 0 0 0 0 0 0 0 0 0 0 0 0 0 0 0 0 0 0 0 0 0 0 0 0 0 0 0 0 0 0 0 0 0 1 0 0 0 0 0 0 0 0 0 0 0 0 0 0 0 0 0 0]
[1615516812902149039995753135606613789423668041149908327614673155405788287106021651014183070470648696969837021425362240605938020107041479095235271412392805174993428281233578673700220238091084769546221350334302388366427577113120177720653059837195635399801679327147310975344759965677851853844 0 0 0 0 0 0 0 0 0 0 0 0 0 0 0 0 0 0 0 0 0 0 0 0 0 0 0 0 0 0 0 0 0 0 0 0 0 0 0 0 0 0 0 0 0 0 0 0 0 0 0 0 0 0 0 0 0 0 0 0 0 0 0 0 0 0 0 0 0 0 0 0 0 0 0 0 0 1 0 0 0 0 0 0 0 0 0 0 0 0 0 0 0 0 0]
[1091403381271449496079394218789685935474458564480099861922331227095212873331423516944526137823382758211755970534337402969687538155328383857062516409821703093597707925562051422289632094121061089766181822743218881959297343134041018434565501165975149684254204331415833516529416477467938940773 0 0 0 0 0 0 0 0 0 0 0 0 0 0 0 0 0 0 0 0 0 0 0 0 0 0 0 0 0 0 0 0 0 0 0 0 0 0 0 0 0 0 0 0 0 0 0 0 0 0 0 0 0 0 0 0 0 0 0 0 0 0 0 0 0 0 0 0 0 0 0 0 0 0 0 0 0 0 1 0 0 0 0 0 0 0 0 0 0 0 0 0 0 0 0]
[3479391584169103293210752739698702571619110610151115428140950890584434158150899614055014793959881384889622667783525706984167341620850836284679337088526798789630035031227082324413411702921663808811738984523735468731998301764144046080799279398982601105918230175610221471896161437068100931389 0 0 0 0 0 0 0 0 0 0 0 0 0 0 0 0 0 0 0 0 0 0 0 0 0 0 0 0 0 0 0 0 0 0 0 0 0 0 0 0 0 0 0 0 0 0 0 0 0 0 0 0 0 0 0 0 0 0 0 0 0 0 0 0 0 0 0 0 0 0 0 0 0 0 0 0 0 0 0 1 0 0 0 0 0 0 0 0 0 0 0 0 0 0 0]
[5009767363508758426633934497609767233197848778723415602131998307211760808346190516575012958453946141373722202248188690793686120940595410645030892285462709278026815439445736475548696237141017202293867243311061459886477566464986155353203871224370352497189253265330053977399564882074160520810 0 0 0 0 0 0 0 0 0 0 0 0 0 0 0 0 0 0 0 0 0 0 0 0 0 0 0 0 0 0 0 0 0 0 0 0 0 0 0 0 0 0 0 0 0 0 0 0 0 0 0 0 0 0 0 0 0 0 0 0 0 0 0 0 0 0 0 0 0 0 0 0 0 0 0 0 0 0 0 0 1 0 0 0 0 0 0 0 0 0 0 0 0 0 0]
[7164255704367264769331063225846008088059301194263440550154153142084018882688586085878414166653852982533346661223897619769756762824315705853054914001199943219950124429668200794513191484062863817066506915998796573506849607831288817316327085441264261373185433691412398051644368410043769599356 0 0 0 0 0 0 0 0 0 0 0 0 0 0 0 0 0 0 0 0 0 0 0 0 0 0 0 0 0 0 0 0 0 0 0 0 0 0 0 0 0 0 0 0 0 0 0 0 0 0 0 0 0 0 0 0 0 0 0 0 0 0 0 0 0 0 0 0 0 0 0 0 0 0 0 0 0 0 0 0 0 1 0 0 0 0 0 0 0 0 0 0 0 0 0]
[3983818848764417590075754811132257638146252524299919122764339741073973001682298355417499610290921622732274884265436768573191204348545201330832933153222155784637853878143113719118697921384367707721733517600929834180573549752701650120770690161274116621484431170159698605892377909476509640793 0 0 0 0 0 0 0 0 0 0 0 0 0 0 0 0 0 0 0 0 0 0 0 0 0 0 0 0 0 0 0 0 0 0 0 0 0 0 0 0 0 0 0 0 0 0 0 0 0 0 0 0 0 0 0 0 0 0 0 0 0 0 0 0 0 0 0 0 0 0 0 0 0 0 0 0 0 0 0 0 0 0 1 0 0 0 0 0 0 0 0 0 0 0 0]
[7924170342628377747441790340067703267527926843291653061936222674077296940564986621189757943424657588634274211941157301721038201696593112530102172531440987131865682663806116692396253131720332646703160635904950943793712474387683214240259567693463175925242718970217158504979045966764033679634 0 0 0 0 0 0 0 0 0 0 0 0 0 0 0 0 0 0 0 0 0 0 0 0 0 0 0 0 0 0 0 0 0 0 0 0 0 0 0 0 0 0 0 0 0 0 0 0 0 0 0 0 0 0 0 0 0 0 0 0 0 0 0 0 0 0 0 0 0 0 0 0 0 0 0 0 0 0 0 0 0 0 0 1 0 0 0 0 0 0 0 0 0 0 0]
[3729837936563472083120479922335564956434563123577601257269529534622762248450278477203438445803563585448598399665036311358879745983396079792013125773997894769298574597212954747014749341300738786844283158172736800804526368308409100513422231009325827644343681445448068843385225473917303072389 0 0 0 0 0 0 0 0 0 0 0 0 0 0 0 0 0 0 0 0 0 0 0 0 0 0 0 0 0 0 0 0 0 0 0 0 0 0 0 0 0 0 0 0 0 0 0 0 0 0 0 0 0 0 0 0 0 0 0 0 0 0 0 0 0 0 0 0 0 0 0 0 0 0 0 0 0 0 0 0 0 0 0 0 1 0 0 0 0 0 0 0 0 0 0]
[1733278770194530803458521903892338717706277261631167790154615710733955676563879419463102976372686264869372636984701115301087887925273702659486242961679564318843012726047993024544390744227359032744879312652853287086240244185765392623144825793540852999741245223245924143807593653189959576374 0 0 0 0 0 0 0 0 0 0 0 0 0 0 0 0 0 0 0 0 0 0 0 0 0 0 0 0 0 0 0 0 0 0 0 0 0 0 0 0 0 0 0 0 0 0 0 0 0 0 0 0 0 0 0 0 0 0 0 0 0 0 0 0 0 0 0 0 0 0 0 0 0 0 0 0 0 0 0 0 0 0 0 0 0 1 0 0 0 0 0 0 0 0 0]
[2116806319826289858297154620658707859311738479598125507493612122890565639497564129284669133563357986194663783973840829896096992352090869017498700278028765695712509973433757656370426530275651348224516538049202415432135268052627470537552235478596374052875313147586651332793762848722784746149 0 0 0 0 0 0 0 0 0 0 0 0 0 0 0 0 0 0 0 0 0 0 0 0 0 0 0 0 0 0 0 0 0 0 0 0 0 0 0 0 0 0 0 0 0 0 0 0 0 0 0 0 0 0 0 0 0 0 0 0 0 0 0 0 0 0 0 0 0 0 0 0 0 0 0 0 0 0 0 0 0 0 0 0 0 0 1 0 0 0 0 0 0 0 0]
[1996087596844153974026912874835775364857446326550625210712321824874727881613898498351478578526476889143294405399124286043687993495224284572858088103600844054516002864123947927416672538248431592739200251740802102002427175447587084196479618020649436707123579642249623507161015330699906345377 0 0 0 0 0 0 0 0 0 0 0 0 0 0 0 0 0 0 0 0 0 0 0 0 0 0 0 0 0 0 0 0 0 0 0 0 0 0 0 0 0 0 0 0 0 0 0 0 0 0 0 0 0 0 0 0 0 0 0 0 0 0 0 0 0 0 0 0 0 0 0 0 0 0 0 0 0 0 0 0 0 0 0 0 0 0 0 1 0 0 0 0 0 0 0]
[7043990450699760679191455391245033096537573739411335070847890674080154629532156317238353318840941453573682642269631775701368576960416496156557625207035796195003129993566290437416476342183888190546764004928968542560822354697825861696859677236909259775776060456897280193233834824584915874472 0 0 0 0 0 0 0 0 0 0 0 0 0 0 0 0 0 0 0 0 0 0 0 0 0 0 0 0 0 0 0 0 0 0 0 0 0 0 0 0 0 0 0 0 0 0 0 0 0 0 0 0 0 0 0 0 0 0 0 0 0 0 0 0 0 0 0 0 0 0 0 0 0 0 0 0 0 0 0 0 0 0 0 0 0 0 0 0 1 0 0 0 0 0 0]
[1236971995464265123061447792644556132000175438933144942820315522725642288534712093102805431638171235506269535506812658791675959792743450027698069395916811942934899039970148606793312993712306859106750340607289817078222265207468091023454724694106420451844262894977659264632432759275846786514 0 0 0 0 0 0 0 0 0 0 0 0 0 0 0 0 0 0 0 0 0 0 0 0 0 0 0 0 0 0 0 0 0 0 0 0 0 0 0 0 0 0 0 0 0 0 0 0 0 0 0 0 0 0 0 0 0 0 0 0 0 0 0 0 0 0 0 0 0 0 0 0 0 0 0 0 0 0 0 0 0 0 0 0 0 0 0 0 0 1 0 0 0 0 0]
[5255472269169802980881376842451611063137718623279558853612230387292835026014851279699528592499100265464360071798070628949446612353766351498970619067224613912544697257284696426617946713809711103501760521292971566364547057425862038879097616444254928932581683255289225883220641319994120355257 0 0 0 0 0 0 0 0 0 0 0 0 0 0 0 0 0 0 0 0 0 0 0 0 0 0 0 0 0 0 0 0 0 0 0 0 0 0 0 0 0 0 0 0 0 0 0 0 0 0 0 0 0 0 0 0 0 0 0 0 0 0 0 0 0 0 0 0 0 0 0 0 0 0 0 0 0 0 0 0 0 0 0 0 0 0 0 0 0 0 1 0 0 0 0]
[4564518206919781443548027565647934987562889614738989231437973115013980824261258090187056258569615173905062769781306174682720077260169598466901415985147017826633342874473266161902415045576395306378314059254818067010943861735826376641085528036496852809453237388172847979206587504669007623566 0 0 0 0 0 0 0 0 0 0 0 0 0 0 0 0 0 0 0 0 0 0 0 0 0 0 0 0 0 0 0 0 0 0 0 0 0 0 0 0 0 0 0 0 0 0 0 0 0 0 0 0 0 0 0 0 0 0 0 0 0 0 0 0 0 0 0 0 0 0 0 0 0 0 0 0 0 0 0 0 0 0 0 0 0 0 0 0 0 0 0 1 0 0 0]
[3184499881339102819732785040903840860658338605696763736943609311923732650822814124058658584152187943143428212848380177729448822240116870569949197523944309624143560003390447321164491963967808474129077514061931059626110940848955991433963094599527897163445601114044737217609186842285245985332 0 0 0 0 0 0 0 0 0 0 0 0 0 0 0 0 0 0 0 0 0 0 0 0 0 0 0 0 0 0 0 0 0 0 0 0 0 0 0 0 0 0 0 0 0 0 0 0 0 0 0 0 0 0 0 0 0 0 0 0 0 0 0 0 0 0 0 0 0 0 0 0 0 0 0 0 0 0 0 0 0 0 0 0 0 0 0 0 0 0 0 0 1 0 0]
[2369860348076488867647929548196138213093318923850582683343282254341621324232703525227772946698900640700703224853952827832473351836455633996428106979971495952394803499494515402665400919614009147117573778648046150017429365097951211924129738481014096914727698690841871338279185334994814654636 0 0 0 0 0 0 0 0 0 0 0 0 0 0 0 0 0 0 0 0 0 0 0 0 0 0 0 0 0 0 0 0 0 0 0 0 0 0 0 0 0 0 0 0 0 0 0 0 0 0 0 0 0 0 0 0 0 0 0 0 0 0 0 0 0 0 0 0 0 0 0 0 0 0 0 0 0 0 0 0 0 0 0 0 0 0 0 0 0 0 0 0 0 1 0]
[7081064572244335062228257284276310033664994668618709774826512677021304640624829700303945550477642706231936500117481299510503570774186258411792104599775293072540430430060845455055805482182023935073488071662574683237267812031119553090639930250038625971397982491500846854775860507825659177991 0 0 0 0 0 0 0 0 0 0 0 0 0 0 0 0 0 0 0 0 0 0 0 0 0 0 0 0 0 0 0 0 0 0 0 0 0 0 0 0 0 0 0 0 0 0 0 0 0 0 0 0 0 0 0 0 0 0 0 0 0 0 0 0 0 0 0 0 0 0 0 0 0 0 0 0 0 0 0 0 0 0 0 0 0 0 0 0 0 0 0 0 0 0 1]
]
