[[3013316871343948276807536942560704648253601667551694434469816352453281807545435945459003273238564356030011474138521670168225187362762156227131285938089288378174228211178037 0 0 0 0 0 0 0 0 0 0 0 0 0 0 0 0 0 0 0 0 0 0 0 0 0 0 0 0 0 0 0 0 0 0 0 0 0 0 0 0 0 0 0 0 0 0 0 0 0 0 0 0 0 0 0 0]
[612631255416173112275760056315998707217271706203337293482919536194191986444591952996866746192702820600973377745841110869559082638433072233189579791341158933129728371281528 1 0 0 0 0 0 0 0 0 0 0 0 0 0 0 0 0 0 0 0 0 0 0 0 0 0 0 0 0 0 0 0 0 0 0 0 0 0 0 0 0 0 0 0 0 0 0 0 0 0 0 0 0 0 0 0]
[1942253669395786581250170418979770886527105637073562653913796152333885036799037114916566085038682785352998501243834593108405241047042562159971751731109138873705119591915420 0 1 0 0 0 0 0 0 0 0 0 0 0 0 0 0 0 0 0 0 0 0 0 0 0 0 0 0 0 0 0 0 0 0 0 0 0 0 0 0 0 0 0 0 0 0 0 0 0 0 0 0 0 0 0 0]
[545542899975882075781286297122840691754676853502454567812578585184649586497074169619305983416157559117666578844306939797741027949515904514009147102812809288721686964994203 0 0 1 0 0 0 0 0 0 0 0 0 0 0 0 0 0 0 0 0 0 0 0 0 0 0 0 0 0 0 0 0 0 0 0 0 0 0 0 0 0 0 0 0 0 0 0 0 0 0 0 0 0 0 0 0]
[1337710039777067220961752643922932918843594683543502830300144731849617584850272496473137993151071113480898195452866121533415229338090297924345239783784548466461149250697758 0 0 0 1 0 0 0 0 0 0 0 0 0 0 0 0 0 0 0 0 0 0 0 0 0 0 0 0 0 0 0 0 0 0 0 0 0 0 0 0 0 0 0 0 0 0 0 0 0 0 0 0 0 0 0 0]
[176634369945029327079275260487517585980079509195539996671912178148818269406552839383158064369375013268205068914843336886227247221326367176257331160870560385029526903864549 0 0 0 0 1 0 0 0 0 0 0 0 0 0 0 0 0 0 0 0 0 0 0 0 0 0 0 0 0 0 0 0 0 0 0 0 0 0 0 0 0 0 0 0 0 0 0 0 0 0 0 0 0 0 0 0]
[1943352393316236915158003380450855502253699495053000424339349745425130111634136846956539390442500124815952502202825094036171167318845761658746397012316118064642035243271801 0 0 0 0 0 1 0 0 0 0 0 0 0 0 0 0 0 0 0 0 0 0 0 0 0 0 0 0 0 0 0 0 0 0 0 0 0 0 0 0 0 0 0 0 0 0 0 0 0 0 0 0 0 0 0 0]
[1572065197031832711967039356885972582459619944333286151375204331832838107561659211599327072528099091392926313419040182988628878635424192553621800862763212959599808677316065 0 0 0 0 0 0 1 0 0 0 0 0 0 0 0 0 0 0 0 0 0 0 0 0 0 0 0 0 0 0 0 0 0 0 0 0 0 0 0 0 0 0 0 0 0 0 0 0 0 0 0 0 0 0 0 0]
[202417340117266364500378976990535137725366747522665151538244335858010153529160493016426118890287204983461650418353110135629097400249974471909019220701275723568262916664461 0 0 0 0 0 0 0 1 0 0 0 0 0 0 0 0 0 0 0 0 0 0 0 0 0 0 0 0 0 0 0 0 0 0 0 0 0 0 0 0 0 0 0 0 0 0 0 0 0 0 0 0 0 0 0 0]
[2456587966229628742443854353683292796731232730465317867523528632065083047734515152068382384392785788750489630199130276685997620285263641948583751584912543094847222809126423 0 0 0 0 0 0 0 0 1 0 0 0 0 0 0 0 0 0 0 0 0 0 0 0 0 0 0 0 0 0 0 0 0 0 0 0 0 0 0 0 0 0 0 0 0 0 0 0 0 0 0 0 0 0 0 0]
[1217123714808447120726754956492291638626958781768073441515299171693958755090735557984228298783590768436036406337114503538182109063081430753892302500388173175668335804547533 0 0 0 0 0 0 0 0 0 1 0 0 0 0 0 0 0 0 0 0 0 0 0 0 0 0 0 0 0 0 0 0 0 0 0 0 0 0 0 0 0 0 0 0 0 0 0 0 0 0 0 0 0 0 0 0]
[1316380964994655685159702099654887891688218446873217150734098564228144612810930741380039140126287161190836833973110517467298036008292189591558640006643183793143148830119988 0 0 0 0 0 0 0 0 0 0 1 0 0 0 0 0 0 0 0 0 0 0 0 0 0 0 0 0 0 0 0 0 0 0 0 0 0 0 0 0 0 0 0 0 0 0 0 0 0 0 0 0 0 0 0 0]
[144863288086902410093716685492792810502226268733797680000003712285180968108831737461100534563995151356113494634929257298605068501837808740703144401205441369530566208313864 0 0 0 0 0 0 0 0 0 0 0 1 0 0 0 0 0 0 0 0 0 0 0 0 0 0 0 0 0 0 0 0 0 0 0 0 0 0 0 0 0 0 0 0 0 0 0 0 0 0 0 0 0 0 0 0]
[285529564951816597551017521268194039315379879501994642823221166529343975650008649851428611744338772625022337908431286536114813920208684854235562684469442867152441306092560 0 0 0 0 0 0 0 0 0 0 0 0 1 0 0 0 0 0 0 0 0 0 0 0 0 0 0 0 0 0 0 0 0 0 0 0 0 0 0 0 0 0 0 0 0 0 0 0 0 0 0 0 0 0 0 0]
[2441835725534968298944440832398072608265952341964709323972973250993164241375682801943896309968599313779099980902806390134744551571544892251695330614792634730963169835382109 0 0 0 0 0 0 0 0 0 0 0 0 0 1 0 0 0 0 0 0 0 0 0 0 0 0 0 0 0 0 0 0 0 0 0 0 0 0 0 0 0 0 0 0 0 0 0 0 0 0 0 0 0 0 0 0]
[2560675163168742989963359639673271089088874332445944745468456434663606916597866543446154351084368293535903400571285533581057503213323328109558887902031871840140808191587089 0 0 0 0 0 0 0 0 0 0 0 0 0 0 1 0 0 0 0 0 0 0 0 0 0 0 0 0 0 0 0 0 0 0 0 0 0 0 0 0 0 0 0 0 0 0 0 0 0 0 0 0 0 0 0 0]
[1611575403958680933908334714615562389216426171384442158409298071247903096136782080039819479312030288144724209187036456880599917319396852760406112594372026167026158528884975 0 0 0 0 0 0 0 0 0 0 0 0 0 0 0 1 0 0 0 0 0 0 0 0 0 0 0 0 0 0 0 0 0 0 0 0 0 0 0 0 0 0 0 0 0 0 0 0 0 0 0 0 0 0 0 0]
[651966957014618839241821340139484786919176851437384046768075177984547151288992925569372914635408991608467154094506115579786214081033540311084355459799775073295693352145139 0 0 0 0 0 0 0 0 0 0 0 0 0 0 0 0 1 0 0 0 0 0 0 0 0 0 0 0 0 0 0 0 0 0 0 0 0 0 0 0 0 0 0 0 0 0 0 0 0 0 0 0 0 0 0 0]
[141741039883560786856440486047695121266948256587096824585206735200725922313206555478218048504591431620956840909044879213297183267455841741895464094819978491107373085489330 0 0 0 0 0 0 0 0 0 0 0 0 0 0 0 0 0 1 0 0 0 0 0 0 0 0 0 0 0 0 0 0 0 0 0 0 0 0 0 0 0 0 0 0 0 0 0 0 0 0 0 0 0 0 0 0]
[830182096620377319471856155765770945331716419847431112858489728929840643409594404034206324225010444471285679900766886781177204607417001868635388136809906285313765030361442 0 0 0 0 0 0 0 0 0 0 0 0 0 0 0 0 0 0 1 0 0 0 0 0 0 0 0 0 0 0 0 0 0 0 0 0 0 0 0 0 0 0 0 0 0 0 0 0 0 0 0 0 0 0 0 0]
[236692414156965128835273203289422181517441506066769452297273074859859290002739596904418409091288498398606454574889975276536824441023263085290713516119724996985621413577030 0 0 0 0 0 0 0 0 0 0 0 0 0 0 0 0 0 0 0 1 0 0 0 0 0 0 0 0 0 0 0 0 0 0 0 0 0 0 0 0 0 0 0 0 0 0 0 0 0 0 0 0 0 0 0 0]
[2300633822112813825374605082008081385785046956922655222108867339321119524697133857604305057016654299491745311456531790811161605505347444065733348984860372191335130733714574 0 0 0 0 0 0 0 0 0 0 0 0 0 0 0 0 0 0 0 0 1 0 0 0 0 0 0 0 0 0 0 0 0 0 0 0 0 0 0 0 0 0 0 0 0 0 0 0 0 0 0 0 0 0 0 0]
[1227833735406457932197323577816411607178283366508874978433084690296324031706251694664242472593267986112579372563435036984244200471723668149681796727825314600293214278014271 0 0 0 0 0 0 0 0 0 0 0 0 0 0 0 0 0 0 0 0 0 1 0 0 0 0 0 0 0 0 0 0 0 0 0 0 0 0 0 0 0 0 0 0 0 0 0 0 0 0 0 0 0 0 0 0]
[468991602798653499614281297931273241379174488954317792928094750584201902095370482717690581743168964582497648432913684061546703980197301687521556241689317049648788545505980 0 0 0 0 0 0 0 0 0 0 0 0 0 0 0 0 0 0 0 0 0 0 1 0 0 0 0 0 0 0 0 0 0 0 0 0 0 0 0 0 0 0 0 0 0 0 0 0 0 0 0 0 0 0 0 0]
[632700019617288091583344113880419612039253525005629044666384517049610522276531230853634605556386011615051705284481723133116348894743816077255061185626181794504314419475535 0 0 0 0 0 0 0 0 0 0 0 0 0 0 0 0 0 0 0 0 0 0 0 1 0 0 0 0 0 0 0 0 0 0 0 0 0 0 0 0 0 0 0 0 0 0 0 0 0 0 0 0 0 0 0 0]
[921496017221424102709541011919700950880886484563314121381074260872852141430752404149424396693573367155257745254700632148168659898954146718601709248349318615445051084585489 0 0 0 0 0 0 0 0 0 0 0 0 0 0 0 0 0 0 0 0 0 0 0 0 1 0 0 0 0 0 0 0 0 0 0 0 0 0 0 0 0 0 0 0 0 0 0 0 0 0 0 0 0 0 0 0]
[1710219812766489969453641603705356947920563218648128918903272212156455232383318741870730557820440878245712105709012402402480022283295795173752236484062114753821420587787085 0 0 0 0 0 0 0 0 0 0 0 0 0 0 0 0 0 0 0 0 0 0 0 0 0 1 0 0 0 0 0 0 0 0 0 0 0 0 0 0 0 0 0 0 0 0 0 0 0 0 0 0 0 0 0 0]
[704125313103725690536020627457754199386858409583629556838791626776970163839241900114919059473364953988880235283812210552948015553255304443758930744477955790887305728353463 0 0 0 0 0 0 0 0 0 0 0 0 0 0 0 0 0 0 0 0 0 0 0 0 0 0 1 0 0 0 0 0 0 0 0 0 0 0 0 0 0 0 0 0 0 0 0 0 0 0 0 0 0 0 0 0]
[2853159190661628698493505807821438146145717929487187831274234379717148809879343313030746174013269761371441089199072061458987062523679874311328354633162231855699558513345563 0 0 0 0 0 0 0 0 0 0 0 0 0 0 0 0 0 0 0 0 0 0 0 0 0 0 0 1 0 0 0 0 0 0 0 0 0 0 0 0 0 0 0 0 0 0 0 0 0 0 0 0 0 0 0 0]
[2504349591144129114386465721056227659150219325435506006978103165949529573502147326500505519263377499934236455906817299063002332457017137000635961385964702275813117819206642 0 0 0 0 0 0 0 0 0 0 0 0 0 0 0 0 0 0 0 0 0 0 0 0 0 0 0 0 1 0 0 0 0 0 0 0 0 0 0 0 0 0 0 0 0 0 0 0 0 0 0 0 0 0 0 0]
[852111874164310408102258161776353852929872021996092781269277466524598581805365126393544643466232605986194330581324397959135448090454057460381845607095935368260519999631198 0 0 0 0 0 0 0 0 0 0 0 0 0 0 0 0 0 0 0 0 0 0 0 0 0 0 0 0 0 1 0 0 0 0 0 0 0 0 0 0 0 0 0 0 0 0 0 0 0 0 0 0 0 0 0 0]
[273945274874993534850006529090549457597487311009246644425349113067539791257812329962600453050257365461354663201128754116346612312896173089565984885611376826253519596850080 0 0 0 0 0 0 0 0 0 0 0 0 0 0 0 0 0 0 0 0 0 0 0 0 0 0 0 0 0 0 1 0 0 0 0 0 0 0 0 0 0 0 0 0 0 0 0 0 0 0 0 0 0 0 0 0]
[2047797735786972264030763700156485310495545680844001646824746203546679560571962796478731388407343953211026595114533543898863333512835588622633234708735981928457724239703699 0 0 0 0 0 0 0 0 0 0 0 0 0 0 0 0 0 0 0 0 0 0 0 0 0 0 0 0 0 0 0 1 0 0 0 0 0 0 0 0 0 0 0 0 0 0 0 0 0 0 0 0 0 0 0 0]
[1236147679594414963353430962066614380476411238357741784938770873333703314019679982463286745958095336633244119690977234181489933616875926517357702022630333756565683361999862 0 0 0 0 0 0 0 0 0 0 0 0 0 0 0 0 0 0 0 0 0 0 0 0 0 0 0 0 0 0 0 0 1 0 0 0 0 0 0 0 0 0 0 0 0 0 0 0 0 0 0 0 0 0 0 0]
[1518557046661243994499211045819104719589217482153148190539839369465667701427704133139559677629758646803624137115808736649111352004840418545090168523477560645074756900418168 0 0 0 0 0 0 0 0 0 0 0 0 0 0 0 0 0 0 0 0 0 0 0 0 0 0 0 0 0 0 0 0 0 1 0 0 0 0 0 0 0 0 0 0 0 0 0 0 0 0 0 0 0 0 0 0]
[523603918850392513019033335173008500212661037910313259758217674537272361559700217067601005773184363667545895731383094392484526233305751088870698856139189166290192906875494 0 0 0 0 0 0 0 0 0 0 0 0 0 0 0 0 0 0 0 0 0 0 0 0 0 0 0 0 0 0 0 0 0 0 1 0 0 0 0 0 0 0 0 0 0 0 0 0 0 0 0 0 0 0 0 0]
[2642020790754692716733394984804540847464886615949686034721729528591344565028175172947755986957179479513939350289477099726045716787159813294862487130482641153164608745448367 0 0 0 0 0 0 0 0 0 0 0 0 0 0 0 0 0 0 0 0 0 0 0 0 0 0 0 0 0 0 0 0 0 0 0 1 0 0 0 0 0 0 0 0 0 0 0 0 0 0 0 0 0 0 0 0]
[462888069944132073429113534694229298837656444271160616484361950509624638233923995096458939861159461915573429397937657379353464321352045871093634505891285960575570870090681 0 0 0 0 0 0 0 0 0 0 0 0 0 0 0 0 0 0 0 0 0 0 0 0 0 0 0 0 0 0 0 0 0 0 0 0 1 0 0 0 0 0 0 0 0 0 0 0 0 0 0 0 0 0 0 0]
[88705433000506132148878334347555179550880557472104266540393010706232099561175052174627980815190981808918606702038962919429811424699742173153032955186467147900461472480930 0 0 0 0 0 0 0 0 0 0 0 0 0 0 0 0 0 0 0 0 0 0 0 0 0 0 0 0 0 0 0 0 0 0 0 0 0 1 0 0 0 0 0 0 0 0 0 0 0 0 0 0 0 0 0 0]
[1968059316045744445919237131766213947167783774955952489271063921469268583164279516763315954955030029775846143771023045813081627878888912364371703251008971641610281759243734 0 0 0 0 0 0 0 0 0 0 0 0 0 0 0 0 0 0 0 0 0 0 0 0 0 0 0 0 0 0 0 0 0 0 0 0 0 0 1 0 0 0 0 0 0 0 0 0 0 0 0 0 0 0 0 0]
[2769393278519568366187953479883391352590139895366721827352621520232280787625247829528998283509557733766883061697692909201210170119118048313380790535875723300560758371738150 0 0 0 0 0 0 0 0 0 0 0 0 0 0 0 0 0 0 0 0 0 0 0 0 0 0 0 0 0 0 0 0 0 0 0 0 0 0 0 1 0 0 0 0 0 0 0 0 0 0 0 0 0 0 0 0]
[2426090623428814636989130496782636495453256355607046112794171644754166959709997304020084324897037229336465412523412120526110710939669813273897814034846093478633693500409119 0 0 0 0 0 0 0 0 0 0 0 0 0 0 0 0 0 0 0 0 0 0 0 0 0 0 0 0 0 0 0 0 0 0 0 0 0 0 0 0 1 0 0 0 0 0 0 0 0 0 0 0 0 0 0 0]
[632766092406436631709181012853324303371211652639149882881734490863831245899258129434904433352561516584801582669747485307011780018179233442650714887560048963376802328907203 0 0 0 0 0 0 0 0 0 0 0 0 0 0 0 0 0 0 0 0 0 0 0 0 0 0 0 0 0 0 0 0 0 0 0 0 0 0 0 0 0 1 0 0 0 0 0 0 0 0 0 0 0 0 0 0]
[1320582533734275182619026922237555285554607993461431633108788895692026030646922302796389324910856447189684936264691547897072214910894624807081745385598984163387128869040931 0 0 0 0 0 0 0 0 0 0 0 0 0 0 0 0 0 0 0 0 0 0 0 0 0 0 0 0 0 0 0 0 0 0 0 0 0 0 0 0 0 0 1 0 0 0 0 0 0 0 0 0 0 0 0 0]
[1781126778834140973042576082524234077693003879957618196673973214173421935393249552685908738925405092267473775410088639939345785569948952197644329934231621881500208263167954 0 0 0 0 0 0 0 0 0 0 0 0 0 0 0 0 0 0 0 0 0 0 0 0 0 0 0 0 0 0 0 0 0 0 0 0 0 0 0 0 0 0 0 1 0 0 0 0 0 0 0 0 0 0 0 0]
[2439270864330831450107228817974200647232406340057640288269380555687182939507570951400009202172397951284670996625971124094686830431626414758851360835736224268291605985580140 0 0 0 0 0 0 0 0 0 0 0 0 0 0 0 0 0 0 0 0 0 0 0 0 0 0 0 0 0 0 0 0 0 0 0 0 0 0 0 0 0 0 0 0 1 0 0 0 0 0 0 0 0 0 0 0]
[2398332993696660290572111445121043691164731963943387942681725684310180990547700315094677027607374013741428903300294950208790113425373999212270810381961685235296805021053566 0 0 0 0 0 0 0 0 0 0 0 0 0 0 0 0 0 0 0 0 0 0 0 0 0 0 0 0 0 0 0 0 0 0 0 0 0 0 0 0 0 0 0 0 0 1 0 0 0 0 0 0 0 0 0 0]
[2033542830352890776596476821723693924101920858647268733767956784953518782005619831302178424271464859801442515107366718455498712898409184980135546153550394022356089171972100 0 0 0 0 0 0 0 0 0 0 0 0 0 0 0 0 0 0 0 0 0 0 0 0 0 0 0 0 0 0 0 0 0 0 0 0 0 0 0 0 0 0 0 0 0 0 1 0 0 0 0 0 0 0 0 0]
[1495044993034450597281970086953220491933832129503286687415803430189502228773635011863876506089007476483542866513342122458872095575297166224125838311373557329049504075599564 0 0 0 0 0 0 0 0 0 0 0 0 0 0 0 0 0 0 0 0 0 0 0 0 0 0 0 0 0 0 0 0 0 0 0 0 0 0 0 0 0 0 0 0 0 0 0 1 0 0 0 0 0 0 0 0]
[1447138738183497116622877691359769776827748220023011701467361202409395851324039816589407989227270798090679512882174775545144726843380895676759326915314564556380177094602853 0 0 0 0 0 0 0 0 0 0 0 0 0 0 0 0 0 0 0 0 0 0 0 0 0 0 0 0 0 0 0 0 0 0 0 0 0 0 0 0 0 0 0 0 0 0 0 0 1 0 0 0 0 0 0 0]
[2814056228287694905875863709420361969247196221771820967750060093438425056177142668487484622805900563916460681647296622691873482553315324258314134846133277709383046946918936 0 0 0 0 0 0 0 0 0 0 0 0 0 0 0 0 0 0 0 0 0 0 0 0 0 0 0 0 0 0 0 0 0 0 0 0 0 0 0 0 0 0 0 0 0 0 0 0 0 1 0 0 0 0 0 0]
[836763647887837804040225117279451804790076621137096425610376568751562033902575786105301447249912608945500542865557561066381142902162749677650229953479981178333139333612401 0 0 0 0 0 0 0 0 0 0 0 0 0 0 0 0 0 0 0 0 0 0 0 0 0 0 0 0 0 0 0 0 0 0 0 0 0 0 0 0 0 0 0 0 0 0 0 0 0 0 1 0 0 0 0 0]
[1391461684468446325507950585814385095400559989894256073926932099600706588588625842499996212968697214095908702642042051373503889592338761384299937778075711460608272665141313 0 0 0 0 0 0 0 0 0 0 0 0 0 0 0 0 0 0 0 0 0 0 0 0 0 0 0 0 0 0 0 0 0 0 0 0 0 0 0 0 0 0 0 0 0 0 0 0 0 0 0 1 0 0 0 0]
[2140957427701511703929935636871648586004847926586273975527540245526620139950428415083544407371715521339899039231560086618076280085885942527063993986215263772033415114753459 0 0 0 0 0 0 0 0 0 0 0 0 0 0 0 0 0 0 0 0 0 0 0 0 0 0 0 0 0 0 0 0 0 0 0 0 0 0 0 0 0 0 0 0 0 0 0 0 0 0 0 0 1 0 0 0]
[2947385935467508515989655867138010177596414613745141884132200207107070443314901632109262728321146844709866061747012161716740288695093031584117297777166746662292765312208589 0 0 0 0 0 0 0 0 0 0 0 0 0 0 0 0 0 0 0 0 0 0 0 0 0 0 0 0 0 0 0 0 0 0 0 0 0 0 0 0 0 0 0 0 0 0 0 0 0 0 0 0 0 1 0 0]
[969949381181066289636669435666489730470851883400820272966630868834209282305708347008688740676851273512278546432429042047439278370262553764735216788226822504448754268793842 0 0 0 0 0 0 0 0 0 0 0 0 0 0 0 0 0 0 0 0 0 0 0 0 0 0 0 0 0 0 0 0 0 0 0 0 0 0 0 0 0 0 0 0 0 0 0 0 0 0 0 0 0 0 1 0]
[1526746617890191781447475892666721000969864084859389033489069293983279070733861865555454423153675716598347712935441759141037835301840188704320685954353468052078622985726362 0 0 0 0 0 0 0 0 0 0 0 0 0 0 0 0 0 0 0 0 0 0 0 0 0 0 0 0 0 0 0 0 0 0 0 0 0 0 0 0 0 0 0 0 0 0 0 0 0 0 0 0 0 0 0 1]
]
