============================================================
 Lattice Reduction Results | Dim=50 | Seed=8
 File: svpchallengedim50seed8.txt
============================================================

--- Initial State ---
  Ratio (‖b₁‖/GH):  1.34046929
  Orthog. Defect:    49.83677371
  Max Cosine:        0.65664351
  Min Cosine:        0.00014602
  b₁ = [-318, -98, 192, -289, -88, -242, -271, -28, 95, -528, 281, 52, 296, -136, -207, -554, -501, -296, 33, -312, 32, -89, 223, 429, -299, -1054, 204, -283, -241, -462, -238, 135, -603, -499, 227, 354, -131, -38, -354, -88, -474, -183, 405, -344, -234, -244, 231, -344, -416, 29]

--- New Best Found (Episode 1) ---
  Ratio (‖b₁‖/GH):  1.10094090
  Orthog. Defect:    42.98225899
  Max Cosine:        0.55161530
  Min Cosine:        0.00011565
  b₁ = [327, 471, 192, 160, 338, -305, -405, 166, 202, 103, -665, 8, 12, -35, -519, -102, -3, -253, 131, 51, 137, 35, 508, -46, 81, 46, 308, 340, -174, 185, 280, -113, 183, 74, 64, -21, 255, -354, -199, 485, 60, -435, 113, 268, -392, -587, 97, 104, 303, 32]

--- New Best Found (Episode 1) ---
  Ratio (‖b₁‖/GH):  1.09593884
  Orthog. Defect:    41.88699051
  Max Cosine:        0.57438862
  Min Cosine:        0.00058939
  b₁ = [-322, 226, -153, -369, 222, 109, 155, 360, -313, 74, 24, -27, -583, 342, -257, -425, 216, -336, 61, -176, -363, 86, -409, 84, 114, -25, 340, 103, 241, 449, 323, -147, 260, 283, -312, -139, -182, -169, -132, 1, -81, 240, -15, -22, -95, 223, -740, -307, -22, 433]

--- New Best Found (Episode 1) ---
  Ratio (‖b₁‖/GH):  1.05728934
  Orthog. Defect:    41.29196680
  Max Cosine:        0.54338521
  Min Cosine:        0.00034356
  b₁ = [-64, -471, -442, -294, 170, 89, 435, 338, 559, 384, 263, 153, 134, -311, -82, -669, 142, 121, -54, -476, -414, -150, 11, 324, 9, -113, -159, -363, 237, -105, 137, 151, 264, -40, 58, -89, -140, 410, -35, -60, 174, 65, 316, 111, 220, -166, -54, 198, 107, -225]
