============================================================
 Lattice Reduction Results | Dim=50 | Seed=6
 File: svpchallengedim50seed6.txt
============================================================

--- Initial State ---
  Ratio (‖b₁‖/GH):  1.70566262
  Orthog. Defect:    54.14629285
  Max Cosine:        0.61226642
  Min Cosine:        0.00007353
  b₁ = [656, -144, -355, 395, 382, 530, 956, -229, -670, -81, 276, -280, -49, -76, -256, 684, -80, -188, 306, 553, 156, -155, -377, -80, 550, 46, -351, 328, -510, 424, 194, -461, -319, 137, -346, -256, -514, -641, 930, -200, 956, -233, -340, 236, 520, 203, -430, 344, 7, 0]

--- New Best Found (Episode 1) ---
  Ratio (‖b₁‖/GH):  1.09670260
  Orthog. Defect:    44.89700109
  Max Cosine:        0.64536583
  Min Cosine:        0.00005727
  b₁ = [-185, -127, 205, 13, -303, 123, 24, -153, -122, 31, -22, -386, -377, -375, 134, -225, -508, -131, 168, 254, -86, -39, -193, 242, -306, 99, 20, -189, 400, 699, -612, 381, 199, -257, -386, 442, -258, 30, -471, -255, 46, 272, 195, -191, -238, -125, 193, 13, -193, -89]

--- New Best Found (Episode 1) ---
  Ratio (‖b₁‖/GH):  1.07990885
  Orthog. Defect:    41.12898634
  Max Cosine:        0.55819613
  Min Cosine:        0.00122567
  b₁ = [-178, 287, -96, 641, 238, -79, -205, 55, -69, 232, -15, 65, 29, 105, 237, 171, 129, 365, -129, -278, -361, 307, -261, 612, 92, 222, 620, -9, -303, -211, 135, -169, -27, -408, -40, -204, -127, -249, 226, 336, -169, -118, 20, 608, 195, 24, 54, -291, 436, 6]

--- New Best Found (Episode 1) ---
  Ratio (‖b₁‖/GH):  1.05061332
  Orthog. Defect:    43.59935698
  Max Cosine:        0.54963833
  Min Cosine:        0.00142247
  b₁ = [179, -330, -106, -160, 176, 214, -251, 25, -177, 60, 192, -57, 102, 144, -144, 250, -515, 244, 222, -147, 100, -409, -61, -445, -131, 161, -351, 410, -68, 92, 167, -363, -402, -131, -172, -135, -161, 249, 267, -355, -311, -32, -193, 507, 278, -30, -361, -335, 376, 420]
