============================================================
 Lattice Reduction Results | Dim=57 | Seed=13
 File: svpchallengedim57seed13.txt
============================================================

--- Initial State ---
  Ratio (‖b₁‖/GH):  1.47037869
  Orthog. Defect:    66.04840208
  Max Cosine:        0.56304479
  Min Cosine:        0.00017727
  b₁ = [42, 394, -200, -496, 128, -174, 213, 350, -169, 871, -71, 27, 165, -3, 29, -190, -162, 155, 441, 12, -153, -361, -69, 351, -578, 696, -431, -190, -650, 461, 141, -919, -598, 204, -334, 198, 32, 345, 227, -457, -361, 556, 287, 416, 299, 4, 314, -350, -524, -524, 200, -554, 183, 177, -50, -191, -4]

--- New Best Found (Episode 1) ---
  Ratio (‖b₁‖/GH):  1.10054672
  Orthog. Defect:    53.61297478
  Max Cosine:        0.54657471
  Min Cosine:        0.00007418
  b₁ = [211, 42, -199, -48, -209, 341, -158, 524, 241, -462, -198, 147, -28, 57, -3, 73, -85, 155, -1, 139, -128, -53, -176, 253, 711, 220, -322, -650, 285, 15, -428, 77, -238, 187, -110, 77, -276, -294, 620, 209, 483, 161, -320, -85, -141, 43, 341, -470, -127, -14, 344, 195, -147, 400, -128, 43, 75]

--- New Best Found (Episode 3) ---
  Ratio (‖b₁‖/GH):  1.09727957
  Orthog. Defect:    54.01484843
  Max Cosine:        0.64479798
  Min Cosine:        0.00002449
  b₁ = [269, -438, 252, -184, -392, -457, -240, -280, -262, 54, -139, -97, -366, -104, -233, 405, 65, 174, 512, 143, -75, -90, -439, 521, 53, 43, 190, -279, 300, -543, 276, 96, 221, -185, -361, 64, 83, 74, -157, -152, -431, 187, -158, 283, -352, 148, -325, 32, -506, -310, 95, 287, -217, -100, 65, 341, 43]

--- New Best Found (Episode 3) ---
  Ratio (‖b₁‖/GH):  1.04515742
  Orthog. Defect:    53.36874404
  Max Cosine:        0.53767723
  Min Cosine:        0.00004881
  b₁ = [383, -355, -197, -589, -365, -14, 40, 581, 37, -487, -414, 172, -4, -95, -225, 5, -32, -155, 488, 123, -180, -356, -107, 468, -85, 129, 162, 165, 48, 172, -147, 220, -134, 72, 70, -191, -311, -180, 29, -169, -337, 335, -217, -276, -132, 207, 78, 48, 331, -405, 10, -64, -173, -346, -357, -14, 353]
