============================================================
 Lattice Reduction Results | Dim=57 | Seed=2
 File: svpchallengedim57seed2.txt
============================================================

--- Initial State ---
  Ratio (‖b₁‖/GH):  1.63644397
  Orthog. Defect:    64.49108360
  Max Cosine:        0.60029322
  Min Cosine:        0.00006841
  b₁ = [-162, -168, -338, -126, 190, -380, 181, 55, -515, 687, 683, 165, 102, 342, -793, -192, 205, 555, 315, 315, -192, 1154, -181, -310, 610, 483, -765, -494, -478, -360, 405, 443, -36, 399, 202, 100, -297, 89, 51, 539, -260, -522, 199, -60, 629, -446, 244, -162, -128, -349, -623, 641, -105, 249, 150, -137, 0]

--- New Best Found (Episode 1) ---
  Ratio (‖b₁‖/GH):  1.11763104
  Orthog. Defect:    55.16847427
  Max Cosine:        0.62281209
  Min Cosine:        0.00001825
  b₁ = [41, 292, 96, -78, 206, -293, 99, 140, -22, 60, -345, -120, -170, -255, -249, 200, 509, -73, 289, -101, 41, -424, 118, 71, -35, 145, 257, 369, 148, -434, 168, 148, 358, 504, 116, 35, 95, -564, 229, -110, -274, 340, -118, -158, 339, 204, 632, 59, -428, 436, 280, -239, -445, -454, -452, -10, 157]

--- New Best Found (Episode 1) ---
  Ratio (‖b₁‖/GH):  1.11563966
  Orthog. Defect:    53.69156411
  Max Cosine:        0.62611645
  Min Cosine:        0.00003883
  b₁ = [-421, 154, 197, 534, 271, -292, -167, -94, 215, -79, 357, 341, 61, 57, 436, -328, -1, 138, 301, -193, -199, 392, -158, -386, 704, 82, -106, 312, 316, 184, -569, 125, -60, -42, 78, -404, -19, 104, -69, -547, 3, 236, -155, 382, -62, -419, -256, 227, -377, 333, 150, -103, -212, -171, -4, -204, 87]

--- New Best Found (Episode 2) ---
  Ratio (‖b₁‖/GH):  1.07604189
  Orthog. Defect:    53.50580288
  Max Cosine:        0.52944356
  Min Cosine:        0.00020628
  b₁ = [143, -78, 257, -46, 80, -286, -213, 41, 359, 68, -48, 200, 194, -87, 107, 224, -488, -305, -324, 180, -212, -101, 212, -42, 116, -294, -22, -149, -133, 25, -32, -92, 138, 126, -12, -413, -177, -513, 306, -495, 107, 525, 225, -351, 333, -431, 72, -367, 1, -39, -594, -407, 261, -144, 63, -104, 667]

--- New Best Found (Episode 2) ---
  Ratio (‖b₁‖/GH):  1.07469073
  Orthog. Defect:    54.23516585
  Max Cosine:        0.59099990
  Min Cosine:        0.00003927
  b₁ = [14, 75, -309, 204, -232, -534, 283, -45, 105, 528, 496, 204, -232, 113, -54, 4, -298, -69, 281, -582, 177, 64, -298, 31, 366, -162, 631, -141, 212, 228, -35, -65, 260, 226, 237, -83, -186, -664, -255, -236, 32, -429, 48, 174, -285, -311, 311, -205, -16, 151, 91, 279, -133, -13, 189, -150, -49]

--- New Best Found (Episode 3) ---
  Ratio (‖b₁‖/GH):  1.07205688
  Orthog. Defect:    53.96047714
  Max Cosine:        0.54214370
  Min Cosine:        0.00011565
  b₁ = [86, -105, -514, 130, -388, 357, -116, -125, -106, -45, 703, -26, -259, 305, -231, 39, -251, 209, -94, -183, -244, 125, -175, 39, 139, 112, 464, -194, -288, -553, 362, 190, -336, -380, -72, -13, -307, 131, -27, 252, -116, 437, 14, 194, -96, 194, 80, -174, -579, -241, 13, 324, -126, -245, 278, 406, 31]
