============================================================
 Lattice Reduction Results | Dim=57 | Seed=0
 File: svpchallengedim57seed0.txt
============================================================

--- Initial State ---
  Ratio (‖b₁‖/GH):  1.44440260
  Orthog. Defect:    66.70113527
  Max Cosine:        0.66029376
  Min Cosine:        0.00004328
  b₁ = [-148, -229, 246, -164, 785, -225, 94, 320, -807, 205, -237, -130, -50, -411, -635, -482, 343, 309, -11, 59, 271, -44, 55, 93, 476, 97, -155, 246, 449, -47, 194, -33, 353, -91, 427, -376, 249, 118, 781, 205, -441, 718, -317, -172, 168, -445, -71, -296, -365, -384, 20, -557, 863, -246, -99, -199, -1]

--- New Best Found (Episode 1) ---
  Ratio (‖b₁‖/GH):  1.07042639
  Orthog. Defect:    53.51720538
  Max Cosine:        0.56276888
  Min Cosine:        0.00003320
  b₁ = [-155, -143, -84, 376, -678, 149, -150, 222, -173, -19, 299, 28, 150, -252, 225, 59, 326, -671, -222, -121, -129, 189, -138, 267, 40, 46, 41, 1, -799, -392, -83, 34, -131, -162, 256, 465, -163, -438, -6, 419, 171, 133, 152, -224, 169, 230, 180, 218, -124, -108, -294, -228, -182, 263, -173, -249, 36]

--- New Best Found (Episode 3) ---
  Ratio (‖b₁‖/GH):  1.05377318
  Orthog. Defect:    58.35425783
  Max Cosine:        0.60441971
  Min Cosine:        0.00032991
  b₁ = [-240, -299, 6, 362, -264, -211, 246, 447, 30, 227, 43, 201, 157, -145, 616, -312, -132, 63, 227, 409, -160, -217, -422, 194, -164, 105, -92, 60, 170, 38, -4, -125, 175, 34, 91, 182, -83, 512, 203, -37, 114, -119, 527, 475, 191, -247, -653, 260, 302, 146, 123, 17, -388, -193, -47, 279, 138]
