============================================================
 Lattice Reduction Results | Dim=56 | Seed=13
 File: svpchallengedim56seed13.txt
============================================================

--- Initial State ---
  Ratio (‖b₁‖/GH):  1.59578722
  Orthog. Defect:    64.02810669
  Max Cosine:        0.58064216
  Min Cosine:        0.00001062
  b₁ = [361, -1091, -477, -530, 308, 176, -3, -460, -402, 326, -35, 197, 186, 160, -309, -310, 765, -210, -482, -607, 299, -121, 237, -28, 374, 352, -314, 9, 397, -473, 57, -74, -42, -70, 122, 178, -254, -296, 403, -426, 29, 205, -826, -110, 76, -861, -354, 70, 774, -249, -848, -201, -103, -29, 330, 0]

--- New Best Found (Episode 1) ---
  Ratio (‖b₁‖/GH):  1.12713710
  Orthog. Defect:    53.18161011
  Max Cosine:        0.53589571
  Min Cosine:        0.00006986
  b₁ = [143, -275, 219, -351, 516, -209, -499, -174, -302, 9, 49, -532, -221, -133, 38, 98, 205, -723, -298, -41, 13, -117, 179, 217, -326, 283, -526, 302, 121, -297, -94, 127, 14, 30, 73, 127, 113, -127, -356, 123, -438, -2, -793, -314, 8, 307, -72, 17, 192, -341, 68, 152, -139, 180, 129, 274]

--- New Best Found (Episode 1) ---
  Ratio (‖b₁‖/GH):  1.07564637
  Orthog. Defect:    52.23712158
  Max Cosine:        0.59593189
  Min Cosine:        0.00001110
  b₁ = [-260, 270, 100, 187, -83, -153, 241, 430, 800, -88, 147, -205, 105, 20, 109, 62, 144, -5, 22, -107, -322, -107, -111, -96, 8, -50, 20, 366, -236, 169, 104, -60, -148, 195, -183, -229, -45, -576, 403, -82, 119, -493, -149, -94, -382, -100, 326, 205, 22, 248, 396, 379, 440, 653, 262, -35]

--- New Best Found (Episode 3) ---
  Ratio (‖b₁‖/GH):  1.03717379
  Orthog. Defect:    50.42803955
  Max Cosine:        0.52124494
  Min Cosine:        0.00008744
  b₁ = [-162, 368, -445, -134, -18, -239, 68, -52, -6, 83, -330, -79, -86, -206, 224, 187, 91, -659, 354, -397, 142, 6, 172, -88, -102, -16, -212, 204, 260, -236, 39, -240, 175, 169, -40, -347, -128, -224, 117, -760, -253, -122, -390, -104, 194, -251, -54, -99, -529, 293, 191, 227, -267, 186, -273, -178]
