============================================================
 Lattice Reduction Results | Dim=56 | Seed=7
 File: svpchallengedim56seed7.txt
============================================================

--- Initial State ---
  Ratio (‖b₁‖/GH):  1.41897877
  Orthog. Defect:    63.57589722
  Max Cosine:        0.62658775
  Min Cosine:        0.00001887
  b₁ = [-27, 267, 283, 36, 380, -452, -782, 142, 266, 199, 1136, 28, -137, -789, -212, -175, -107, 493, -306, -383, -776, 52, -36, -397, -29, 337, 149, 376, 111, 7, 217, -119, -416, 386, 179, 512, 90, 272, 49, 455, -37, 143, -188, -479, 61, -412, 163, -531, -510, 26, -59, -163, 203, -177, -44, -31]

--- New Best Found (Episode 1) ---
  Ratio (‖b₁‖/GH):  1.11202966
  Orthog. Defect:    51.96441650
  Max Cosine:        0.54221612
  Min Cosine:        0.00030842
  b₁ = [-530, 198, -401, 47, 156, 286, 13, -6, 87, -35, -691, -120, -401, -150, 9, -108, 392, 375, 145, 328, -512, -448, 215, -234, 76, -330, 264, 316, 21, -22, 223, 365, -401, 604, -182, -61, -204, -111, 418, -264, 11, 243, -89, -283, 32, 109, 405, 257, 315, 53, -94, -147, 66, -127, 267, -160]

--- New Best Found (Episode 2) ---
  Ratio (‖b₁‖/GH):  1.07553200
  Orthog. Defect:    54.36444092
  Max Cosine:        0.50555986
  Min Cosine:        0.00052098
  b₁ = [-64, -71, 295, -149, 125, -128, -162, 327, 12, 429, 510, 337, -250, 344, -179, -14, 375, 109, 507, 77, 145, 214, -75, -63, 174, 154, -206, 570, -625, 236, -137, 36, -96, -72, -535, -297, 91, -593, 36, 81, 79, 332, 161, 179, -98, -85, -57, -495, 175, 371, -106, -157, 22, 182, -153, -275]
