============================================================
 Lattice Reduction Results | Dim=56 | Seed=1
 File: svpchallengedim56seed1.txt
============================================================

--- Initial State ---
  Ratio (‖b₁‖/GH):  1.44685040
  Orthog. Defect:    63.64447021
  Max Cosine:        0.64397460
  Min Cosine:        0.00024155
  b₁ = [-459, -262, 795, 625, 213, 101, 115, 50, 356, 185, 653, 142, 165, -63, 147, 689, 343, 175, -479, -420, -351, 30, 91, -481, -476, 5, 178, -447, 310, 5, 433, 146, -211, -136, -94, -806, 353, -28, 127, -162, -54, -442, 116, 614, -563, -434, 499, 434, -273, -180, 450, 82, 14, 357, -366, -6]

--- New Best Found (Episode 1) ---
  Ratio (‖b₁‖/GH):  1.15947779
  Orthog. Defect:    52.77713013
  Max Cosine:        0.58532834
  Min Cosine:        0.00016099
  b₁ = [-560, 358, -608, -161, -98, 84, 376, -217, -425, -176, -291, 191, 309, 167, -32, 355, 145, -306, -351, -285, 243, -72, 328, 293, -36, 1, 10, -324, 236, -407, -171, 423, 286, 242, -78, 427, -49, -237, 299, 404, -57, -326, 124, 10, 73, 31, 429, 80, -293, 619, -64, -350, 382, -20, -331, 254]

--- New Best Found (Episode 1) ---
  Ratio (‖b₁‖/GH):  1.08912575
  Orthog. Defect:    54.37384033
  Max Cosine:        0.60741264
  Min Cosine:        0.00071118
  b₁ = [-118, -306, -197, -403, 187, -190, 433, 214, -45, -183, 123, 22, -27, -176, -395, 485, 393, 244, 96, -299, -259, 318, -121, 197, 300, 189, -330, 72, 412, 14, -435, 87, -269, 86, 611, 211, -55, -216, -128, -111, 46, 14, -60, 87, -150, -430, -142, 53, 151, 788, -47, -591, 3, 157, -61, -37]

--- New Best Found (Episode 4) ---
  Ratio (‖b₁‖/GH):  1.08581742
  Orthog. Defect:    52.20889282
  Max Cosine:        0.50157696
  Min Cosine:        0.00002626
  b₁ = [492, 123, 31, 230, 127, -277, -46, -332, -267, 597, 404, -92, -55, 59, 23, -148, 80, 44, -298, 234, -77, 41, 271, 52, -367, 1, 491, -220, -102, -30, 186, -72, 279, -365, -213, 86, 57, 345, 314, -245, -23, 624, 278, -261, 265, 182, 107, -309, 713, -31, 234, 284, -449, 35, -221, 77]
