============================================================
 Lattice Reduction Results | Dim=58 | Seed=11
 File: svpchallengedim58seed11.txt
============================================================

--- Initial State ---
  Ratio (‖b₁‖/GH):  1.47144971
  Orthog. Defect:    65.46481323
  Max Cosine:        0.61641431
  Min Cosine:        0.00001542
  b₁ = [62, -258, 33, 301, -524, 131, 252, -76, 517, 307, 167, 546, -132, 778, -309, 166, -300, 311, -547, 108, 160, 434, 63, -120, -278, -533, 401, -662, 415, -17, -343, -334, -442, 372, -56, -115, -24, 428, 255, 677, 720, -388, 853, -21, 189, -466, -271, -232, -151, -334, -397, -316, 488, 153, -379, -111, 92, 4]

--- New Best Found (Episode 1) ---
  Ratio (‖b₁‖/GH):  1.11901324
  Orthog. Defect:    56.50384521
  Max Cosine:        0.56623918
  Min Cosine:        0.00015064
  b₁ = [704, 193, 133, 44, 377, -9, 15, 214, 147, -209, -182, -3, 111, -245, -454, -485, 65, -497, 3, 291, 174, 218, 444, 52, -70, -53, -477, 650, 336, 162, -528, -19, 163, -156, -532, 20, -7, 27, -251, -57, -247, -210, 208, -54, -188, -5, 273, 297, -164, 146, -81, -606, 423, 39, -181, 74, 9, -140]

--- New Best Found (Episode 2) ---
  Ratio (‖b₁‖/GH):  1.09297406
  Orthog. Defect:    55.36123657
  Max Cosine:        0.55205858
  Min Cosine:        0.00003270
  b₁ = [564, -280, -116, 520, 176, -151, 200, -168, 437, 316, -21, -53, -312, -365, 251, -719, 152, 87, -236, -330, -61, -558, -55, -388, -33, 17, -52, -162, 323, -77, 309, -332, -483, -153, 47, 81, -83, 282, -106, 262, 139, -88, 4, 361, -593, -126, 57, 75, 157, -20, 196, 76, -14, -224, 176, 231, 377, 141]

--- New Best Found (Episode 6) ---
  Ratio (‖b₁‖/GH):  1.08523303
  Orthog. Defect:    54.16229248
  Max Cosine:        0.56045568
  Min Cosine:        0.00002143
  b₁ = [-514, -99, 298, -312, 146, -96, 169, 430, -610, 385, -71, 103, -76, 165, 205, -27, -307, 21, 267, 39, 321, 77, -63, -208, -563, -151, 14, -196, -53, -268, 0, -151, -110, 414, -682, 6, 406, 324, 271, 193, -257, 232, 166, 143, -70, 653, 7, -271, -263, -53, 236, 145, -97, -150, -246, 231, 29, 276]

--- New Best Found (Episode 10) ---
  Ratio (‖b₁‖/GH):  1.06227252
  Orthog. Defect:    56.36297607
  Max Cosine:        0.56279337
  Min Cosine:        0.00002198
  b₁ = [-55, -211, 152, 10, -290, -526, 77, 290, 542, 315, -81, -269, 425, -78, 129, -131, -127, -126, 112, 156, -310, -327, 310, -222, -247, 175, -88, 178, -149, 245, -4, -302, 181, -8, 42, -657, -416, 166, -56, 282, 575, -173, -426, 159, 299, 502, -336, -235, -206, -141, -327, -82, 143, -75, -7, -47, -119, 181]
