============================================================
 Lattice Reduction Results | Dim=57 | Seed=5
 File: svpchallengedim57seed5.txt
============================================================

--- Initial State ---
  Ratio (‖b₁‖/GH):  1.29409800
  Orthog. Defect:    64.53768921
  Max Cosine:        0.64540076
  Min Cosine:        0.00001104
  b₁ = [-27, 74, 525, -515, 121, -453, -361, -162, -348, 549, -300, -275, 183, 43, 770, -278, 657, 88, -194, -371, 268, -427, 280, -146, -128, 49, -256, -42, 155, 289, -71, 267, 454, -60, -146, 434, 678, 159, -218, -486, 216, 33, 422, -78, 670, -140, 285, 362, 181, 97, -170, 220, -122, 50, -18, -311, 0]

--- New Best Found (Episode 1) ---
  Ratio (‖b₁‖/GH):  1.20107507
  Orthog. Defect:    55.72552490
  Max Cosine:        0.50545955
  Min Cosine:        0.00012274
  b₁ = [279, 378, 265, -1, -371, -188, 114, -348, 347, 427, 458, -207, 215, 256, 254, -64, 458, 38, -207, 55, 297, 59, 75, -379, -912, -124, 95, 47, 251, 554, -430, 633, 210, 337, -339, 188, -89, 66, -9, -149, -85, -114, -57, -409, -109, 132, -200, -158, -63, -573, 29, 351, 143, -61, -33, -133, -464]

--- New Best Found (Episode 1) ---
  Ratio (‖b₁‖/GH):  1.10515026
  Orthog. Defect:    54.44421387
  Max Cosine:        0.54402608
  Min Cosine:        0.00000344
  b₁ = [56, 323, 354, 349, 267, 523, -394, 242, -187, -379, -128, 275, -159, 99, -201, 273, 128, 312, -37, 98, 150, -126, 224, 170, 132, 97, -126, 410, -377, -605, 19, -221, -370, 185, 438, -421, -344, 345, -68, -16, 249, -68, 23, 62, 116, 361, 352, -218, 55, 84, -388, 117, 163, -149, 584, 0, -382]

--- New Best Found (Episode 5) ---
  Ratio (‖b₁‖/GH):  1.09770137
  Orthog. Defect:    58.21572876
  Max Cosine:        0.58973330
  Min Cosine:        0.00006732
  b₁ = [65, -138, -340, 2, 102, -216, 429, -364, 307, -498, 113, -38, 107, -20, -452, 365, 174, 410, -498, -27, -161, -412, 73, 24, 324, 388, 313, 283, 8, -414, -152, -202, 452, -199, 61, 173, 373, -379, -185, -127, 13, 38, 110, 340, 219, 213, -61, 156, 125, -173, 48, 302, -60, -363, -661, 168, 171]

--- New Best Found (Episode 7) ---
  Ratio (‖b₁‖/GH):  1.06188408
  Orthog. Defect:    55.13061523
  Max Cosine:        0.57352090
  Min Cosine:        0.00002805
  b₁ = [392, -17, -289, 138, 166, 118, 306, -201, 291, 223, -21, -382, 94, 222, -603, -252, 73, 127, 564, -53, -177, -130, 124, 431, -195, -113, -89, 132, 17, 209, -147, -345, 129, 276, 168, 285, -387, -249, 477, 503, -248, 50, -227, -233, -261, 385, -89, -182, -57, 224, -337, -98, -95, 27, 496, 280, 125]

--- New Best Found (Episode 9) ---
  Ratio (‖b₁‖/GH):  1.03468911
  Orthog. Defect:    52.05654907
  Max Cosine:        0.51595491
  Min Cosine:        0.00010582
  b₁ = [55, 291, 189, 292, 373, -254, -284, -218, -138, -12, -45, -300, -13, -73, 727, -96, -101, 276, -165, -254, 190, -212, 151, -670, -209, -222, -157, -167, -476, -107, -243, -18, -332, 403, 214, -280, -209, -191, 35, -72, -27, -241, 373, 207, -200, 220, -380, 107, -136, 117, -79, 276, 101, -169, -221, 159, 370]

--- New Best Found (Episode 11) ---
  Ratio (‖b₁‖/GH):  1.03172078
  Orthog. Defect:    53.19528198
  Max Cosine:        0.54837793
  Min Cosine:        0.00014421
  b₁ = [-261, -466, 32, -250, 16, -19, 250, 418, 399, -159, 32, -517, -191, 49, -28, -213, 263, -406, -31, 29, 280, 352, -97, 226, 208, 525, 151, -44, -399, -275, -273, 282, 42, -263, 314, -145, 52, -204, -477, 17, 219, 136, -218, -392, -117, 88, 103, -288, -16, 86, -48, 288, -27, 349, 80, -24, -507]
