=== Lattice Reduction Results (Dim 67) ===
--- Initial LLL State ---
Best norm(b_1)/GH Ratio: 1.83221215
Global Orthogonality Defect: 92.68231201
Max Cosine (Min Angle): 0.73371387
Min Cosine (Max Angle): 0.00033293
Best Vector (b_1):
139 -486 31 75 -420 169 -107 465 565 205 -64 701 190 -62 -327 927 216 -44 141 -434 130 519 865 -222 8 -359 -214 414 817 221 -409 150 178 -422 -53 403 -374 -240 828 228 421 -742 -133 -248 562 -517 -773 -670 -546 -1129 -222 683 168 -625 -160 1093 -132 -332 -82 -360 -332 -578 -328 -340 -337 -212 0

--- New Best State Found ---
Best norm(b_1)/GH Ratio: 1.10551077
Global Orthogonality Defect: 74.75610352
Max Cosine (Min Angle): 0.58374864
Min Cosine (Max Angle): 0.00000229
Best Vector (b_1):
298 -314 -313 100 135 20 -300 -3 117 246 265 -193 -129 -184 -344 -350 336 131 -60 -44 -166 -6 5 110 -178 -80 -139 -20 -131 -114 -398 92 210 20 513 455 -94 156 -242 -137 -107 -72 155 -547 -276 136 199 297 -814 -83 -277 596 215 175 345 -131 -234 -20 336 717 391 285 359 188 -285 58 -137
