============================================================
 Lattice Reduction Results | Dim=50 | Seed=38
 File: svpchallengedim50seed38.txt
============================================================

--- Initial State ---
  Ratio (‖b₁‖/GH):  1.60711642
  Orthog. Defect:    50.50675867
  Max Cosine:        0.61279440
  Min Cosine:        0.00005355
  b₁ = [-276, -231, -160, -474, 293, 174, 634, 261, 1043, 647, -454, 79, -294, 55, -206, -158, -535, -609, 446, -768, -105, -416, 18, 31, 430, 737, -329, -313, 775, -442, 413, 298, 158, 407, -512, 99, 70, 404, -19, 56, 33, -555, -70, -411, -178, -305, -3, -151, -164, -75]

--- New Best Found (Episode 1) ---
  Ratio (‖b₁‖/GH):  1.08431283
  Orthog. Defect:    41.81344525
  Max Cosine:        0.53569645
  Min Cosine:        0.00005990
  b₁ = [103, -136, -135, 157, -560, -406, -130, -109, -489, 414, 11, 186, 360, -28, 361, 43, -224, -25, 53, -460, -185, -393, 35, -168, 356, 448, -196, -544, -75, -44, -67, -98, -95, -334, -203, -62, -103, 250, -145, 283, -276, -270, 192, 50, 107, -186, -196, 290, -231, 573]

--- New Best Found (Episode 2) ---
  Ratio (‖b₁‖/GH):  1.04057998
  Orthog. Defect:    42.34681622
  Max Cosine:        0.56763566
  Min Cosine:        0.00059809
  b₁ = [288, -361, 406, -13, 91, -461, 157, -33, -155, -55, -328, -356, 139, 79, -36, 145, 45, 264, 350, 39, 373, 25, 391, -42, 86, -126, 539, -38, 484, 265, 334, 124, 297, -459, 207, -233, 123, 309, 484, -114, -160, -72, -43, -64, -52, 77, 353, 19, -201, -343]
